1407, 1425, 1447, 1473, 1499, 1498, 1528, 1539, 1, 0
1407, 1425, 1447, 1473, 1499, 1498, 1528, 1539, 1
1407, 1425, 1447, 1473, 1499, 1529, 1537, 2
1407, 1425, 1447, 1473, 1499, 1529, 1536, 3
1407, 1425, 1448, 1475, 1501, 1531, 1534, 4
1407, 1425, 1448, 1475, 1501, 1531, 1534, 5
1407, 1425, 1448, 1475, 1502, 1532, 1553, 6
1407, 1406, 1426, 1449, 1476, 1503, 1504, 1513, 1552, 7
1407, 1406, 1405, 1427, 1450, 1477, 1505, 1514, 1551, 8
1407, 1406, 1405, 1427, 1450, 1477, 1505, 1514, 1551, 9
1407, 1406, 1405, 1427, 1450, 1477, 1505, 1514, 1551, 9, 10
1407, 1406, 1405, 1427, 1428, 1429, 1452, 1453, 1479, 1508, 1516, 1549, 11
1407, 1406, 1405, 1427, 1428, 1429, 1452, 1453, 1479, 1508, 1516, 1549, 11, 12
1407, 1406, 1405, 1427, 1428, 1429, 1452, 1453, 1479, 1508, 1516, 1549, 11, 12, 13
1407, 1406, 1405, 1427, 1428, 1429, 1452, 1453, 1479, 1508, 1516, 1549, 11, 12, 13, 14
1407, 1406, 1405, 1427, 1428, 1429, 1452, 1453, 1479, 1508, 1516, 1549, 11, 12, 13, 14, 15
1407, 1406, 1405, 1427, 1428, 1429, 1452, 1453, 1479, 1508, 1516, 1549, 11, 12, 13, 14, 15, 16
1407, 1408, 1409, 1410, 1411, 1441, 1463, 1462, 1466, 1493, 1523, 1543, 17
1407, 1408, 1409, 1410, 1411, 1441, 1463, 1462, 1466, 1493, 1524, 1542, 18
1407, 1425, 1447, 1473, 1499, 1498, 1497, 1496, 1495, 1494, 1525, 1541, 19
1407, 1425, 1447, 1473, 1499, 1498, 1528, 1539, 1, 0, 20
1407, 1425, 1447, 1473, 1499, 1498, 1497, 1496, 1495, 1494, 1525, 1541, 19, 21
1407, 1425, 1447, 1473, 1499, 1498, 1528, 1539, 1, 0, 23, 22
1407, 1425, 1447, 1473, 1499, 1498, 1528, 1539, 1, 0, 23
1407, 1425, 1447, 1473, 1499, 1498, 1528, 1539, 1, 0, 24
1407, 1425, 1447, 1473, 1499, 1529, 1537, 2, 26, 25
1407, 1425, 1447, 1473, 1499, 1529, 1537, 2, 26
1407, 1425, 1447, 1473, 1499, 1529, 1536, 3, 27
1407, 1425, 1448, 1475, 1501, 1531, 1534, 5, 28
1407, 1425, 1448, 1475, 1501, 1531, 1534, 5, 29
1407, 1425, 1448, 1475, 1502, 1532, 1553, 6, 30
1407, 1425, 1448, 1475, 1502, 1532, 1553, 6, 31
1407, 1406, 1426, 1449, 1476, 1503, 1504, 1513, 1552, 7, 32
1407, 1406, 1405, 1427, 1450, 1477, 1505, 1514, 1551, 9, 33
1407, 1406, 1405, 1427, 1450, 1477, 1505, 1514, 1551, 9, 33, 34
1407, 1406, 1405, 1427, 1428, 1429, 1452, 1453, 1479, 1508, 1516, 1549, 11, 35
1407, 1406, 1405, 1427, 1428, 1429, 1452, 1453, 1479, 1508, 1516, 1549, 11, 35, 36
1407, 1406, 1405, 1427, 1428, 1429, 1452, 1453, 1479, 1508, 1516, 1549, 11, 35, 36, 37
1407, 1406, 1405, 1427, 1428, 1429, 1452, 1453, 1479, 1508, 1516, 1549, 11, 35, 36, 37, 38
1407, 1406, 1405, 1427, 1428, 1429, 1452, 1453, 1479, 1508, 1516, 1549, 11, 35, 36, 37, 38, 39
1407, 1425, 1447, 1473, 1499, 1498, 1497, 1496, 1495, 1494, 1525, 1541, 19, 21, 41, 40
1407, 1425, 1447, 1473, 1499, 1498, 1497, 1496, 1495, 1494, 1525, 1541, 19, 21, 41
1407, 1425, 1447, 1473, 1499, 1529, 1537, 2, 26, 42
1407, 1425, 1447, 1473, 1499, 1529, 1537, 2, 26, 43
1407, 1425, 1447, 1473, 1499, 1529, 1537, 2, 26, 44
1407, 1425, 1447, 1473, 1499, 1529, 1536, 3, 27, 45
1407, 1425, 1447, 1473, 1499, 1529, 1536, 3, 27, 46
1407, 1425, 1448, 1475, 1501, 1531, 1534, 5, 28, 47
1407, 1425, 1448, 1475, 1501, 1531, 1534, 5, 29, 48
1407, 1425, 1448, 1475, 1501, 1531, 1534, 5, 29, 49
1407, 1425, 1448, 1475, 1502, 1532, 1553, 6, 31, 50
1407, 1425, 1448, 1475, 1502, 1532, 1553, 6, 31, 51
1407, 1406, 1426, 1449, 1476, 1503, 1504, 1513, 1552, 7, 32, 52
1407, 1406, 1405, 1427, 1450, 1477, 1505, 1514, 1551, 9, 33, 53
1407, 1406, 1405, 1427, 1450, 1477, 1505, 1514, 1551, 9, 33, 53, 54
1407, 1406, 1405, 1427, 1450, 1477, 1505, 1514, 1551, 9, 33, 53, 54, 55
1407, 1406, 1405, 1427, 1450, 1477, 1505, 1514, 1551, 9, 33, 53, 54, 55, 56
1407, 1406, 1405, 1427, 1450, 1477, 1505, 1514, 1551, 9, 33, 53, 54, 55, 56, 57
1407, 1406, 1405, 1427, 1450, 1477, 1505, 1514, 1551, 9, 33, 53, 54, 55, 56, 57, 58
1407, 1406, 1405, 1427, 1450, 1477, 1505, 1514, 1551, 9, 33, 53, 54, 55, 56, 57, 58, 59
1407, 1425, 1447, 1473, 1499, 1498, 1497, 1496, 1495, 1494, 1525, 1541, 19, 21, 63, 62, 61, 60
1407, 1425, 1447, 1473, 1499, 1498, 1497, 1496, 1495, 1494, 1525, 1541, 19, 21, 63, 62, 61
1407, 1425, 1447, 1473, 1499, 1498, 1497, 1496, 1495, 1494, 1525, 1541, 19, 21, 63, 62
1407, 1425, 1447, 1473, 1499, 1498, 1497, 1496, 1495, 1494, 1525, 1541, 19, 21, 63
1407, 1425, 1447, 1473, 1499, 1529, 1537, 2, 26, 42, 66, 65, 64
1407, 1425, 1447, 1473, 1499, 1529, 1537, 2, 26, 42, 66, 65
1407, 1425, 1447, 1473, 1499, 1529, 1537, 2, 26, 42, 66
1407, 1425, 1447, 1473, 1499, 1498, 1497, 1496, 1495, 1494, 1525, 1541, 19, 21, 63, 62, 67
1407, 1425, 1447, 1473, 1499, 1498, 1497, 1496, 1495, 1494, 1525, 1541, 19, 21, 63, 62, 61, 68
1407, 1425, 1447, 1473, 1499, 1498, 1497, 1496, 1495, 1494, 1525, 1541, 19, 21, 63, 62, 61, 69
1407, 1406, 1405, 1427, 1450, 1477, 1505, 1514, 1551, 9, 33, 53, 76, 75, 74, 73, 72, 71, 70
1407, 1406, 1405, 1427, 1450, 1477, 1505, 1514, 1551, 9, 33, 53, 76, 75, 74, 73, 72, 71
1407, 1406, 1405, 1427, 1450, 1477, 1505, 1514, 1551, 9, 33, 53, 76, 75, 74, 73, 72
1407, 1406, 1405, 1427, 1450, 1477, 1505, 1514, 1551, 9, 33, 53, 76, 75, 74, 73
1407, 1406, 1405, 1427, 1450, 1477, 1505, 1514, 1551, 9, 33, 53, 76, 75, 74
1407, 1406, 1405, 1427, 1450, 1477, 1505, 1514, 1551, 9, 33, 53, 76, 75
1407, 1406, 1405, 1427, 1450, 1477, 1505, 1514, 1551, 9, 33, 53, 76
1407, 1406, 1426, 1449, 1476, 1503, 1504, 1513, 1552, 7, 32, 52, 77
1407, 1425, 1448, 1475, 1502, 1532, 1553, 6, 31, 50, 80, 79, 78
1407, 1425, 1448, 1475, 1502, 1532, 1553, 6, 31, 50, 80, 79
1407, 1425, 1448, 1475, 1502, 1532, 1553, 6, 31, 50, 80
1407, 1425, 1448, 1475, 1501, 1531, 1534, 5, 29, 48, 81
1407, 1425, 1448, 1475, 1501, 1531, 1534, 5, 29, 48, 81, 82
1407, 1425, 1447, 1473, 1499, 1529, 1536, 3, 27, 45, 83
1407, 1425, 1447, 1473, 1499, 1529, 1537, 2, 26, 43, 84
1407, 1425, 1447, 1473, 1499, 1529, 1537, 2, 26, 44, 85
1407, 1425, 1447, 1473, 1499, 1529, 1537, 2, 26, 44, 85, 86
1407, 1425, 1447, 1473, 1499, 1529, 1537, 2, 26, 44, 85, 86, 87
1407, 1425, 1447, 1473, 1499, 1529, 1537, 2, 26, 42, 66, 65, 64, 88
1407, 1425, 1448, 1475, 1501, 1531, 1534, 5, 29, 48, 81, 89
1407, 1425, 1448, 1475, 1501, 1531, 1534, 5, 29, 48, 81, 82, 90
1407, 1425, 1447, 1473, 1499, 1529, 1536, 3, 27, 45, 83, 91
1407, 1425, 1447, 1473, 1499, 1529, 1536, 3, 27, 45, 83, 92
1407, 1425, 1447, 1473, 1499, 1529, 1537, 2, 26, 43, 84, 93
1407, 1425, 1447, 1473, 1499, 1529, 1537, 2, 26, 44, 85, 86, 94
1407, 1425, 1447, 1473, 1499, 1529, 1537, 2, 26, 44, 85, 86, 95
1407, 1425, 1447, 1473, 1499, 1529, 1537, 2, 26, 42, 66, 65, 64, 88, 96
1407, 1425, 1447, 1473, 1499, 1529, 1537, 2, 26, 42, 66, 65, 64, 88, 97
1407, 1425, 1447, 1473, 1499, 1529, 1537, 2, 26, 42, 66, 65, 64, 88, 97, 98
1407, 1425, 1447, 1473, 1499, 1529, 1537, 2, 26, 42, 66, 65, 64, 88, 97, 98, 99
