1161, 1196, 1216, 1239, 1244, 1279, 1294, 1295, 1311, 1310, 1338, 1355, 1369, 1398, 1411, 1441, 1463, 1469, 1495, 1526, 1540, 0
1161, 1196, 1216, 1239, 1244, 1279, 1294, 1313, 1341, 1352, 1366, 1396, 1409, 1444, 1445, 1471, 1498, 1528, 1539, 1
1161, 1196, 1216, 1239, 1244, 1279, 1294, 1313, 1341, 1352, 1366, 1396, 1409, 1444, 1446, 1472, 1499, 1529, 1537, 2
1161, 1196, 1216, 1239, 1244, 1279, 1294, 1313, 1341, 1352, 1366, 1396, 1409, 1444, 1446, 1472, 1499, 1529, 1536, 3
1161, 1196, 1216, 1239, 1244, 1279, 1294, 1313, 1341, 1352, 1366, 1396, 1409, 1444, 1446, 1472, 1499, 1530, 1535, 1534, 4
1161, 1196, 1216, 1239, 1244, 1279, 1294, 1313, 1341, 1352, 1366, 1396, 1409, 1444, 1446, 1472, 1499, 1530, 1535, 1534, 5
1161, 1196, 1216, 1239, 1244, 1279, 1294, 1313, 1341, 1352, 1366, 1396, 1409, 1444, 1446, 1472, 1499, 1530, 1535, 1534, 5, 6
1161, 1196, 1216, 1239, 1244, 1279, 1294, 1313, 1341, 1352, 1366, 1365, 1364, 1363, 1393, 1406, 1426, 1449, 1476, 1503, 1504, 1513, 1552, 7
1161, 1196, 1216, 1215, 1214, 1236, 1247, 1275, 1291, 1317, 1323, 1349, 1362, 1392, 1405, 1427, 1450, 1477, 1505, 1514, 1551, 8
1161, 1196, 1216, 1215, 1214, 1236, 1247, 1275, 1291, 1317, 1323, 1349, 1362, 1392, 1405, 1427, 1450, 1477, 1505, 1514, 1551, 9
1161, 1196, 1216, 1215, 1214, 1236, 1247, 1275, 1291, 1317, 1323, 1349, 1362, 1392, 1405, 1427, 1450, 1477, 1505, 1514, 1551, 9, 10
1161, 1196, 1216, 1215, 1214, 1236, 1247, 1275, 1291, 1290, 1318, 1319, 1326, 1346, 1381, 1390, 1389, 1422, 1430, 1453, 1479, 1508, 1516, 1549, 11
1161, 1196, 1216, 1215, 1214, 1236, 1247, 1275, 1291, 1290, 1318, 1319, 1326, 1346, 1381, 1390, 1389, 1422, 1430, 1453, 1479, 1508, 1516, 1549, 11, 12
1161, 1196, 1197, 1217, 1240, 1242, 1243, 1261, 1262, 1299, 1308, 1307, 1335, 1358, 1372, 1403, 1414, 1438, 1460, 1459, 1485, 1489, 1520, 1545, 15, 14, 13
1161, 1196, 1197, 1217, 1240, 1242, 1243, 1261, 1262, 1299, 1308, 1307, 1335, 1358, 1372, 1403, 1414, 1438, 1460, 1459, 1485, 1489, 1520, 1545, 15, 14
1161, 1196, 1197, 1217, 1240, 1242, 1243, 1261, 1262, 1299, 1308, 1307, 1335, 1358, 1372, 1403, 1414, 1438, 1460, 1459, 1485, 1489, 1520, 1545, 15
1161, 1196, 1216, 1239, 1244, 1279, 1294, 1295, 1311, 1310, 1338, 1355, 1369, 1399, 1412, 1440, 1462, 1466, 1493, 1523, 1543, 17, 16
1161, 1196, 1216, 1239, 1244, 1279, 1294, 1295, 1311, 1310, 1338, 1355, 1369, 1399, 1412, 1440, 1462, 1466, 1493, 1523, 1543, 17
1161, 1196, 1216, 1239, 1244, 1279, 1294, 1295, 1311, 1310, 1338, 1355, 1369, 1399, 1412, 1440, 1462, 1466, 1493, 1524, 1542, 18
1161, 1196, 1216, 1239, 1244, 1279, 1294, 1295, 1311, 1310, 1338, 1355, 1369, 1399, 1412, 1440, 1462, 1468, 1494, 1525, 1541, 19
1161, 1196, 1216, 1239, 1244, 1279, 1294, 1295, 1311, 1310, 1338, 1355, 1369, 1399, 1412, 1440, 1462, 1468, 1494, 1525, 1541, 20
1161, 1196, 1216, 1239, 1244, 1279, 1294, 1295, 1311, 1310, 1338, 1355, 1369, 1399, 1412, 1440, 1462, 1468, 1494, 1525, 1541, 19, 21
1161, 1196, 1216, 1239, 1244, 1279, 1294, 1295, 1311, 1310, 1338, 1355, 1369, 1399, 1412, 1440, 1462, 1468, 1494, 1525, 1541, 20, 22
1161, 1196, 1216, 1239, 1244, 1279, 1294, 1295, 1311, 1310, 1338, 1355, 1369, 1398, 1411, 1441, 1463, 1469, 1495, 1526, 1540, 0, 23
1161, 1196, 1216, 1239, 1244, 1279, 1294, 1295, 1311, 1310, 1338, 1355, 1369, 1398, 1411, 1441, 1463, 1469, 1495, 1526, 1540, 0, 24
1161, 1196, 1216, 1239, 1244, 1279, 1294, 1313, 1341, 1352, 1366, 1396, 1409, 1444, 1445, 1471, 1498, 1528, 1539, 1, 25
1161, 1196, 1216, 1239, 1244, 1279, 1294, 1313, 1341, 1352, 1366, 1396, 1409, 1444, 1446, 1472, 1499, 1529, 1537, 2, 26
1161, 1196, 1216, 1239, 1244, 1279, 1294, 1313, 1341, 1352, 1366, 1396, 1409, 1444, 1446, 1472, 1499, 1529, 1536, 3, 27
1161, 1196, 1216, 1239, 1244, 1279, 1294, 1313, 1341, 1352, 1366, 1396, 1409, 1444, 1446, 1472, 1499, 1530, 1535, 1534, 5, 28
1161, 1196, 1216, 1239, 1244, 1279, 1294, 1313, 1341, 1352, 1366, 1396, 1409, 1444, 1446, 1472, 1499, 1530, 1535, 1534, 5, 29
1161, 1196, 1216, 1239, 1244, 1279, 1294, 1313, 1341, 1352, 1366, 1396, 1409, 1444, 1446, 1472, 1499, 1530, 1535, 1534, 5, 29, 30
1161, 1196, 1216, 1239, 1244, 1279, 1294, 1313, 1341, 1352, 1366, 1396, 1409, 1444, 1446, 1472, 1499, 1530, 1535, 1534, 5, 6, 31
1161, 1196, 1216, 1239, 1244, 1279, 1294, 1313, 1341, 1352, 1366, 1365, 1364, 1363, 1393, 1406, 1426, 1449, 1476, 1503, 1504, 1513, 1552, 7, 32
1161, 1196, 1216, 1215, 1214, 1236, 1247, 1275, 1291, 1317, 1323, 1349, 1362, 1392, 1405, 1427, 1450, 1477, 1505, 1514, 1551, 9, 33
1161, 1196, 1216, 1215, 1214, 1236, 1247, 1275, 1291, 1317, 1323, 1349, 1362, 1392, 1405, 1427, 1450, 1477, 1505, 1514, 1551, 9, 33, 34
1161, 1196, 1216, 1215, 1214, 1236, 1247, 1275, 1291, 1290, 1318, 1319, 1326, 1346, 1381, 1390, 1389, 1422, 1430, 1453, 1479, 1508, 1516, 1549, 11, 35
1161, 1196, 1216, 1215, 1214, 1236, 1247, 1275, 1291, 1290, 1318, 1319, 1326, 1346, 1381, 1390, 1389, 1422, 1430, 1453, 1479, 1508, 1516, 1549, 11, 35, 36
1161, 1196, 1216, 1239, 1244, 1279, 1294, 1295, 1311, 1310, 1338, 1355, 1369, 1399, 1412, 1440, 1462, 1466, 1493, 1523, 1543, 17, 16, 38, 37
1161, 1196, 1216, 1239, 1244, 1279, 1294, 1295, 1311, 1310, 1338, 1355, 1369, 1399, 1412, 1440, 1462, 1466, 1493, 1523, 1543, 17, 16, 38
1161, 1196, 1216, 1239, 1244, 1279, 1294, 1295, 1311, 1310, 1338, 1355, 1369, 1399, 1412, 1440, 1462, 1466, 1493, 1523, 1543, 17, 16, 39
1161, 1196, 1216, 1239, 1244, 1279, 1294, 1295, 1311, 1310, 1338, 1355, 1369, 1399, 1412, 1440, 1462, 1466, 1493, 1523, 1543, 17, 16, 40
1161, 1196, 1216, 1239, 1244, 1279, 1294, 1295, 1311, 1310, 1338, 1355, 1369, 1399, 1412, 1440, 1462, 1466, 1493, 1523, 1543, 17, 41
1161, 1196, 1216, 1239, 1244, 1279, 1294, 1313, 1341, 1352, 1366, 1396, 1409, 1444, 1446, 1472, 1499, 1529, 1537, 2, 26, 42
1161, 1196, 1216, 1239, 1244, 1279, 1294, 1313, 1341, 1352, 1366, 1396, 1409, 1444, 1446, 1472, 1499, 1529, 1537, 2, 26, 43
1161, 1196, 1216, 1239, 1244, 1279, 1294, 1313, 1341, 1352, 1366, 1396, 1409, 1444, 1446, 1472, 1499, 1529, 1537, 2, 26, 44
1161, 1196, 1216, 1239, 1244, 1279, 1294, 1313, 1341, 1352, 1366, 1396, 1409, 1444, 1446, 1472, 1499, 1529, 1536, 3, 27, 45
1161, 1196, 1216, 1239, 1244, 1279, 1294, 1313, 1341, 1352, 1366, 1396, 1409, 1444, 1446, 1472, 1499, 1529, 1536, 3, 27, 46
1161, 1196, 1216, 1239, 1244, 1279, 1294, 1313, 1341, 1352, 1366, 1396, 1409, 1444, 1446, 1472, 1499, 1529, 1536, 3, 27, 46, 47
1161, 1196, 1216, 1239, 1244, 1279, 1294, 1313, 1341, 1352, 1366, 1396, 1409, 1444, 1446, 1472, 1499, 1530, 1535, 1534, 5, 29, 48
1161, 1196, 1216, 1239, 1244, 1279, 1294, 1313, 1341, 1352, 1366, 1396, 1409, 1444, 1446, 1472, 1499, 1530, 1535, 1534, 5, 29, 49
1161, 1196, 1216, 1239, 1244, 1279, 1294, 1313, 1341, 1352, 1366, 1396, 1409, 1444, 1446, 1472, 1499, 1530, 1535, 1534, 5, 6, 31, 50
1161, 1196, 1216, 1239, 1244, 1279, 1294, 1313, 1341, 1352, 1366, 1396, 1409, 1444, 1446, 1472, 1499, 1530, 1535, 1534, 5, 6, 31, 51
1161, 1196, 1216, 1239, 1244, 1279, 1294, 1313, 1341, 1352, 1366, 1365, 1364, 1363, 1393, 1406, 1426, 1449, 1476, 1503, 1504, 1513, 1552, 7, 32, 52
1161, 1196, 1216, 1215, 1214, 1236, 1247, 1275, 1291, 1317, 1323, 1349, 1362, 1392, 1405, 1427, 1450, 1477, 1505, 1514, 1551, 9, 33, 53
1161, 1196, 1216, 1215, 1214, 1236, 1247, 1275, 1291, 1317, 1323, 1349, 1362, 1392, 1405, 1427, 1450, 1477, 1505, 1514, 1551, 9, 33, 53, 54
1161, 1196, 1216, 1215, 1214, 1236, 1247, 1275, 1291, 1290, 1318, 1319, 1326, 1346, 1381, 1390, 1389, 1422, 1430, 1453, 1479, 1508, 1516, 1549, 11, 35, 55
1161, 1196, 1216, 1215, 1214, 1236, 1247, 1275, 1291, 1290, 1318, 1319, 1326, 1346, 1381, 1390, 1389, 1422, 1430, 1453, 1479, 1508, 1516, 1549, 11, 35, 55, 56
1161, 1196, 1216, 1215, 1214, 1236, 1247, 1275, 1291, 1290, 1318, 1319, 1326, 1346, 1381, 1390, 1389, 1422, 1430, 1453, 1479, 1508, 1516, 1549, 11, 35, 55, 56, 57
1161, 1196, 1216, 1239, 1244, 1279, 1294, 1295, 1311, 1310, 1338, 1355, 1369, 1399, 1412, 1440, 1462, 1466, 1493, 1523, 1543, 17, 16, 38, 59, 58
1161, 1196, 1216, 1239, 1244, 1279, 1294, 1295, 1311, 1310, 1338, 1355, 1369, 1399, 1412, 1440, 1462, 1466, 1493, 1523, 1543, 17, 16, 38, 59
1161, 1196, 1216, 1239, 1244, 1279, 1294, 1295, 1311, 1310, 1338, 1355, 1369, 1399, 1412, 1440, 1462, 1466, 1493, 1523, 1543, 17, 16, 39, 60
1161, 1196, 1216, 1239, 1244, 1279, 1294, 1295, 1311, 1310, 1338, 1355, 1369, 1399, 1412, 1440, 1462, 1466, 1493, 1523, 1543, 17, 16, 40, 61
1161, 1196, 1216, 1239, 1244, 1279, 1294, 1295, 1311, 1310, 1338, 1355, 1369, 1399, 1412, 1440, 1462, 1468, 1494, 1525, 1541, 19, 21, 63, 62
1161, 1196, 1216, 1239, 1244, 1279, 1294, 1295, 1311, 1310, 1338, 1355, 1369, 1399, 1412, 1440, 1462, 1468, 1494, 1525, 1541, 19, 21, 63
1161, 1196, 1216, 1239, 1244, 1279, 1294, 1295, 1311, 1310, 1338, 1355, 1369, 1399, 1412, 1440, 1462, 1468, 1494, 1525, 1541, 20, 22, 64
1161, 1196, 1216, 1239, 1244, 1279, 1294, 1295, 1311, 1310, 1338, 1355, 1369, 1399, 1412, 1440, 1462, 1468, 1494, 1525, 1541, 20, 22, 65
1161, 1196, 1216, 1239, 1244, 1279, 1294, 1313, 1341, 1352, 1366, 1396, 1409, 1444, 1445, 1471, 1498, 1528, 1539, 1, 25, 66
1161, 1196, 1216, 1239, 1244, 1279, 1294, 1295, 1311, 1310, 1338, 1355, 1369, 1399, 1412, 1440, 1462, 1468, 1494, 1525, 1541, 19, 21, 63, 62, 67
1161, 1196, 1216, 1239, 1244, 1279, 1294, 1295, 1311, 1310, 1338, 1355, 1369, 1399, 1412, 1440, 1462, 1466, 1493, 1523, 1543, 17, 16, 40, 61, 68
1161, 1196, 1216, 1239, 1244, 1279, 1294, 1295, 1311, 1310, 1338, 1355, 1369, 1399, 1412, 1440, 1462, 1466, 1493, 1523, 1543, 17, 16, 39, 60, 69
1161, 1196, 1216, 1239, 1244, 1279, 1294, 1295, 1311, 1310, 1338, 1355, 1369, 1399, 1412, 1440, 1462, 1466, 1493, 1523, 1543, 17, 16, 39, 60, 70
1161, 1196, 1216, 1239, 1244, 1279, 1294, 1295, 1311, 1310, 1338, 1355, 1369, 1399, 1412, 1440, 1462, 1466, 1493, 1523, 1543, 17, 16, 38, 59, 58, 71
1161, 1196, 1216, 1215, 1214, 1236, 1247, 1275, 1291, 1290, 1318, 1319, 1326, 1346, 1381, 1390, 1389, 1422, 1430, 1453, 1479, 1508, 1516, 1549, 11, 35, 55, 56, 57, 72
1161, 1196, 1216, 1215, 1214, 1236, 1247, 1275, 1291, 1317, 1323, 1349, 1362, 1392, 1405, 1427, 1450, 1477, 1505, 1514, 1551, 9, 33, 53, 76, 75, 74, 73
1161, 1196, 1216, 1215, 1214, 1236, 1247, 1275, 1291, 1317, 1323, 1349, 1362, 1392, 1405, 1427, 1450, 1477, 1505, 1514, 1551, 9, 33, 53, 76, 75, 74
1161, 1196, 1216, 1215, 1214, 1236, 1247, 1275, 1291, 1317, 1323, 1349, 1362, 1392, 1405, 1427, 1450, 1477, 1505, 1514, 1551, 9, 33, 53, 76, 75
1161, 1196, 1216, 1215, 1214, 1236, 1247, 1275, 1291, 1317, 1323, 1349, 1362, 1392, 1405, 1427, 1450, 1477, 1505, 1514, 1551, 9, 33, 53, 76
1161, 1196, 1216, 1239, 1244, 1279, 1294, 1313, 1341, 1352, 1366, 1365, 1364, 1363, 1393, 1406, 1426, 1449, 1476, 1503, 1504, 1513, 1552, 7, 32, 52, 77
1161, 1196, 1216, 1239, 1244, 1279, 1294, 1313, 1341, 1352, 1366, 1396, 1409, 1444, 1446, 1472, 1499, 1530, 1535, 1534, 5, 6, 31, 50, 80, 79, 78
1161, 1196, 1216, 1239, 1244, 1279, 1294, 1313, 1341, 1352, 1366, 1396, 1409, 1444, 1446, 1472, 1499, 1530, 1535, 1534, 5, 6, 31, 50, 80, 79
1161, 1196, 1216, 1239, 1244, 1279, 1294, 1313, 1341, 1352, 1366, 1396, 1409, 1444, 1446, 1472, 1499, 1530, 1535, 1534, 5, 6, 31, 50, 80
1161, 1196, 1216, 1239, 1244, 1279, 1294, 1313, 1341, 1352, 1366, 1396, 1409, 1444, 1446, 1472, 1499, 1530, 1535, 1534, 5, 29, 48, 81
1161, 1196, 1216, 1239, 1244, 1279, 1294, 1313, 1341, 1352, 1366, 1396, 1409, 1444, 1446, 1472, 1499, 1530, 1535, 1534, 5, 29, 48, 81, 82
1161, 1196, 1216, 1239, 1244, 1279, 1294, 1313, 1341, 1352, 1366, 1396, 1409, 1444, 1446, 1472, 1499, 1529, 1536, 3, 27, 45, 83
1161, 1196, 1216, 1239, 1244, 1279, 1294, 1313, 1341, 1352, 1366, 1396, 1409, 1444, 1446, 1472, 1499, 1529, 1537, 2, 26, 43, 84
1161, 1196, 1216, 1239, 1244, 1279, 1294, 1313, 1341, 1352, 1366, 1396, 1409, 1444, 1446, 1472, 1499, 1529, 1537, 2, 26, 44, 85
1161, 1196, 1216, 1239, 1244, 1279, 1294, 1313, 1341, 1352, 1366, 1396, 1409, 1444, 1445, 1471, 1498, 1528, 1539, 1, 25, 66, 86
1161, 1196, 1216, 1239, 1244, 1279, 1294, 1295, 1311, 1310, 1338, 1355, 1369, 1399, 1412, 1440, 1462, 1468, 1494, 1525, 1541, 20, 22, 64, 87
1161, 1196, 1216, 1239, 1244, 1279, 1294, 1295, 1311, 1310, 1338, 1355, 1369, 1399, 1412, 1440, 1462, 1468, 1494, 1525, 1541, 20, 22, 64, 88
1161, 1196, 1216, 1239, 1244, 1279, 1294, 1313, 1341, 1352, 1366, 1396, 1409, 1444, 1446, 1472, 1499, 1530, 1535, 1534, 5, 29, 48, 81, 89
1161, 1196, 1216, 1239, 1244, 1279, 1294, 1313, 1341, 1352, 1366, 1396, 1409, 1444, 1446, 1472, 1499, 1530, 1535, 1534, 5, 29, 48, 81, 82, 90
1161, 1196, 1216, 1239, 1244, 1279, 1294, 1313, 1341, 1352, 1366, 1396, 1409, 1444, 1446, 1472, 1499, 1529, 1536, 3, 27, 45, 83, 91
1161, 1196, 1216, 1239, 1244, 1279, 1294, 1313, 1341, 1352, 1366, 1396, 1409, 1444, 1446, 1472, 1499, 1529, 1536, 3, 27, 45, 83, 92
1161, 1196, 1216, 1239, 1244, 1279, 1294, 1313, 1341, 1352, 1366, 1396, 1409, 1444, 1446, 1472, 1499, 1529, 1537, 2, 26, 43, 84, 93
1161, 1196, 1216, 1239, 1244, 1279, 1294, 1313, 1341, 1352, 1366, 1396, 1409, 1444, 1445, 1471, 1498, 1528, 1539, 1, 25, 66, 86, 94
1161, 1196, 1216, 1239, 1244, 1279, 1294, 1313, 1341, 1352, 1366, 1396, 1409, 1444, 1445, 1471, 1498, 1528, 1539, 1, 25, 66, 86, 95
1161, 1196, 1216, 1239, 1244, 1279, 1294, 1295, 1311, 1310, 1338, 1355, 1369, 1399, 1412, 1440, 1462, 1468, 1494, 1525, 1541, 20, 22, 64, 88, 96
1161, 1196, 1216, 1239, 1244, 1279, 1294, 1295, 1311, 1310, 1338, 1355, 1369, 1399, 1412, 1440, 1462, 1468, 1494, 1525, 1541, 20, 22, 64, 88, 97
1161, 1196, 1216, 1239, 1244, 1279, 1294, 1295, 1311, 1310, 1338, 1355, 1369, 1399, 1412, 1440, 1462, 1468, 1494, 1525, 1541, 19, 21, 63, 62, 67, 98
1161, 1196, 1216, 1239, 1244, 1279, 1294, 1295, 1311, 1310, 1338, 1355, 1369, 1399, 1412, 1440, 1462, 1468, 1494, 1525, 1541, 19, 21, 63, 62, 67, 99
