592, 585, 562, 529, 514, 480, 469, 451, 426, 409, 373, 357, 337, 318, 287, 264, 252, 236, 204, 188, 172, 141, 119, 95, 86, 66, 24, 0
592, 585, 562, 529, 514, 480, 469, 451, 426, 409, 373, 357, 337, 318, 287, 264, 252, 236, 204, 188, 172, 141, 119, 95, 86, 66, 25, 1
592, 585, 562, 529, 514, 480, 469, 451, 426, 409, 373, 357, 337, 318, 287, 264, 252, 236, 204, 188, 172, 141, 119, 95, 86, 85, 44, 26, 2
592, 585, 562, 529, 514, 480, 469, 451, 426, 409, 373, 357, 337, 318, 287, 264, 252, 236, 204, 188, 172, 141, 119, 95, 86, 85, 44, 26, 27, 3
592, 585, 562, 529, 514, 480, 469, 451, 426, 409, 373, 357, 337, 318, 287, 264, 252, 236, 204, 188, 172, 141, 119, 95, 86, 85, 44, 26, 27, 3, 4
592, 585, 562, 529, 514, 480, 469, 451, 426, 409, 373, 357, 337, 318, 287, 264, 252, 236, 204, 188, 172, 141, 119, 95, 86, 85, 44, 26, 27, 3, 4, 5
592, 591, 582, 560, 559, 524, 517, 498, 464, 455, 419, 403, 378, 363, 331, 312, 301, 300, 277, 243, 228, 212, 177, 161, 152, 130, 108, 77, 52, 51, 31, 6
592, 591, 582, 560, 559, 524, 517, 498, 464, 455, 419, 403, 378, 363, 331, 312, 301, 300, 277, 243, 228, 212, 177, 161, 152, 130, 108, 77, 52, 32, 7
592, 585, 562, 529, 514, 480, 500, 467, 452, 424, 407, 376, 359, 335, 315, 304, 282, 246, 231, 209, 194, 157, 148, 112, 105, 106, 76, 53, 33, 8
592, 585, 562, 529, 514, 480, 500, 467, 452, 424, 407, 376, 359, 335, 315, 304, 282, 246, 231, 209, 194, 157, 148, 112, 105, 106, 76, 53, 33, 9
592, 585, 562, 529, 514, 480, 500, 467, 452, 424, 407, 376, 359, 335, 315, 304, 282, 246, 231, 209, 194, 157, 148, 112, 105, 74, 75, 54, 34, 10
592, 585, 562, 529, 514, 480, 500, 467, 452, 424, 407, 376, 359, 335, 315, 304, 282, 246, 231, 209, 194, 157, 148, 112, 105, 74, 55, 35, 11
592, 585, 562, 529, 514, 480, 500, 467, 452, 424, 407, 376, 359, 335, 315, 304, 282, 246, 231, 209, 194, 157, 148, 112, 105, 73, 56, 36, 12
592, 585, 562, 529, 514, 480, 500, 467, 452, 424, 407, 376, 359, 335, 315, 304, 282, 246, 231, 209, 194, 156, 147, 113, 103, 71, 58, 37, 13
592, 585, 562, 529, 514, 480, 500, 467, 452, 424, 407, 376, 359, 335, 315, 304, 282, 246, 231, 209, 194, 156, 147, 113, 103, 71, 58, 37, 14
592, 585, 562, 529, 514, 480, 469, 451, 426, 409, 373, 357, 337, 318, 287, 264, 252, 236, 204, 189, 173, 143, 117, 98, 67, 62, 41, 17, 16, 15
592, 585, 562, 529, 514, 480, 469, 451, 426, 409, 373, 357, 337, 318, 287, 264, 252, 236, 204, 189, 173, 143, 117, 98, 67, 62, 41, 17, 16
592, 585, 562, 529, 514, 480, 469, 451, 426, 409, 373, 357, 337, 318, 287, 264, 252, 236, 204, 189, 173, 143, 117, 98, 67, 62, 41, 17
592, 585, 562, 529, 514, 480, 469, 451, 426, 409, 373, 357, 337, 318, 287, 264, 252, 236, 204, 189, 173, 143, 117, 98, 67, 62, 41, 17, 18
592, 585, 562, 529, 514, 480, 469, 451, 426, 409, 373, 357, 337, 318, 287, 264, 252, 236, 204, 189, 173, 143, 117, 98, 67, 62, 63, 21, 19
592, 585, 562, 529, 514, 480, 469, 451, 426, 409, 373, 357, 337, 318, 287, 264, 252, 236, 204, 188, 172, 141, 118, 96, 88, 64, 22, 20
592, 585, 562, 529, 514, 480, 469, 451, 426, 409, 373, 357, 337, 318, 287, 264, 252, 236, 204, 189, 173, 143, 117, 98, 67, 62, 63, 21
592, 585, 562, 529, 514, 480, 469, 451, 426, 409, 373, 357, 337, 318, 287, 264, 252, 236, 204, 188, 172, 141, 118, 96, 88, 64, 22
592, 585, 562, 529, 514, 480, 469, 451, 426, 409, 373, 357, 337, 318, 287, 264, 252, 236, 204, 188, 172, 141, 119, 95, 86, 66, 23
592, 585, 562, 529, 514, 480, 469, 451, 426, 409, 373, 357, 337, 318, 287, 264, 252, 236, 204, 188, 172, 141, 119, 95, 86, 66, 24
592, 585, 562, 529, 514, 480, 469, 451, 426, 409, 373, 357, 337, 318, 287, 264, 252, 236, 204, 188, 172, 141, 119, 95, 86, 66, 25
592, 585, 562, 529, 514, 480, 469, 451, 426, 409, 373, 357, 337, 318, 287, 264, 252, 236, 204, 188, 172, 141, 119, 95, 86, 85, 44, 26
592, 585, 562, 529, 514, 480, 469, 451, 426, 409, 373, 357, 337, 318, 287, 264, 252, 236, 204, 188, 172, 141, 119, 95, 86, 85, 44, 26, 27
592, 585, 562, 529, 514, 480, 469, 451, 426, 409, 373, 357, 337, 318, 287, 264, 252, 236, 204, 188, 172, 141, 119, 95, 86, 85, 44, 26, 27, 28
592, 585, 562, 529, 514, 480, 469, 451, 426, 409, 373, 357, 337, 318, 287, 264, 252, 236, 204, 188, 172, 141, 119, 95, 86, 85, 44, 26, 27, 28, 29
592, 591, 582, 560, 559, 524, 517, 498, 464, 455, 419, 403, 378, 363, 331, 312, 301, 300, 277, 243, 228, 212, 177, 161, 152, 130, 108, 77, 52, 51, 31, 30
592, 591, 582, 560, 559, 524, 517, 498, 464, 455, 419, 403, 378, 363, 331, 312, 301, 300, 277, 243, 228, 212, 177, 161, 152, 130, 108, 77, 52, 51, 31
592, 591, 582, 560, 559, 524, 517, 498, 464, 455, 419, 403, 378, 363, 331, 312, 301, 300, 277, 243, 228, 212, 177, 161, 152, 130, 108, 77, 52, 32
592, 585, 562, 529, 514, 480, 500, 467, 452, 424, 407, 376, 359, 335, 315, 304, 282, 246, 231, 209, 194, 157, 148, 112, 105, 106, 76, 53, 33
592, 585, 562, 529, 514, 480, 500, 467, 452, 424, 407, 376, 359, 335, 315, 304, 282, 246, 231, 209, 194, 157, 148, 112, 105, 74, 75, 54, 34
592, 585, 562, 529, 514, 480, 500, 467, 452, 424, 407, 376, 359, 335, 315, 304, 282, 246, 231, 209, 194, 157, 148, 112, 105, 74, 55, 35
592, 585, 562, 529, 514, 480, 500, 467, 452, 424, 407, 376, 359, 335, 315, 304, 282, 246, 231, 209, 194, 157, 148, 112, 105, 73, 56, 36
592, 585, 562, 529, 514, 480, 500, 467, 452, 424, 407, 376, 359, 335, 315, 304, 282, 246, 231, 209, 194, 156, 147, 113, 103, 71, 58, 37
592, 585, 562, 529, 514, 480, 469, 451, 426, 409, 373, 357, 337, 318, 287, 264, 252, 236, 204, 189, 173, 143, 117, 98, 67, 62, 41, 40, 39, 38
592, 585, 562, 529, 514, 480, 469, 451, 426, 409, 373, 357, 337, 318, 287, 264, 252, 236, 204, 189, 173, 143, 117, 98, 67, 62, 41, 40, 39
592, 585, 562, 529, 514, 480, 469, 451, 426, 409, 373, 357, 337, 318, 287, 264, 252, 236, 204, 189, 173, 143, 117, 98, 67, 62, 41, 40
592, 585, 562, 529, 514, 480, 469, 451, 426, 409, 373, 357, 337, 318, 287, 264, 252, 236, 204, 189, 173, 143, 117, 98, 67, 62, 41
592, 585, 562, 529, 514, 480, 469, 451, 426, 409, 373, 357, 337, 318, 287, 264, 252, 236, 204, 188, 172, 141, 119, 95, 86, 85, 44, 43, 42
592, 585, 562, 529, 514, 480, 469, 451, 426, 409, 373, 357, 337, 318, 287, 264, 252, 236, 204, 188, 172, 141, 119, 95, 86, 85, 44, 43
592, 585, 562, 529, 514, 480, 469, 451, 426, 409, 373, 357, 337, 318, 287, 264, 252, 236, 204, 188, 172, 141, 119, 95, 86, 85, 44
592, 585, 562, 529, 514, 480, 469, 451, 426, 409, 373, 357, 337, 318, 287, 264, 252, 236, 204, 188, 172, 141, 119, 95, 86, 85, 44, 45
592, 585, 562, 529, 514, 480, 469, 451, 426, 409, 373, 357, 337, 318, 287, 264, 252, 236, 204, 188, 172, 141, 119, 95, 86, 85, 44, 45, 46
592, 585, 562, 529, 514, 480, 469, 451, 426, 409, 373, 357, 337, 318, 287, 264, 252, 236, 204, 188, 172, 141, 119, 95, 86, 85, 44, 45, 46, 47
592, 585, 562, 529, 514, 480, 469, 451, 426, 409, 373, 357, 337, 318, 287, 264, 252, 236, 204, 188, 172, 141, 119, 95, 86, 85, 84, 83, 82, 81, 48
592, 585, 562, 529, 514, 480, 469, 451, 426, 409, 373, 357, 337, 318, 287, 264, 252, 236, 204, 188, 172, 141, 119, 95, 86, 85, 84, 83, 82, 81, 49
592, 591, 582, 560, 559, 524, 517, 498, 464, 455, 419, 403, 378, 363, 331, 312, 301, 300, 277, 243, 228, 212, 177, 161, 152, 130, 108, 77, 52, 51, 50
592, 591, 582, 560, 559, 524, 517, 498, 464, 455, 419, 403, 378, 363, 331, 312, 301, 300, 277, 243, 228, 212, 177, 161, 152, 130, 108, 77, 52, 51
592, 591, 582, 560, 559, 524, 517, 498, 464, 455, 419, 403, 378, 363, 331, 312, 301, 300, 277, 243, 228, 212, 177, 161, 152, 130, 108, 77, 52
592, 585, 562, 529, 514, 480, 500, 467, 452, 424, 407, 376, 359, 335, 315, 304, 282, 246, 231, 209, 194, 157, 148, 112, 105, 106, 76, 53
592, 585, 562, 529, 514, 480, 500, 467, 452, 424, 407, 376, 359, 335, 315, 304, 282, 246, 231, 209, 194, 157, 148, 112, 105, 74, 75, 54
592, 585, 562, 529, 514, 480, 500, 467, 452, 424, 407, 376, 359, 335, 315, 304, 282, 246, 231, 209, 194, 157, 148, 112, 105, 74, 55
592, 585, 562, 529, 514, 480, 500, 467, 452, 424, 407, 376, 359, 335, 315, 304, 282, 246, 231, 209, 194, 157, 148, 112, 105, 73, 56
592, 585, 562, 529, 514, 480, 500, 467, 452, 424, 407, 376, 359, 335, 315, 304, 282, 246, 231, 209, 194, 156, 147, 113, 104, 72, 57
592, 585, 562, 529, 514, 480, 500, 467, 452, 424, 407, 376, 359, 335, 315, 304, 282, 246, 231, 209, 194, 156, 147, 113, 103, 71, 58
592, 585, 562, 529, 514, 480, 469, 451, 426, 409, 373, 357, 337, 318, 287, 264, 252, 236, 204, 189, 173, 143, 117, 98, 67, 62, 61, 60, 59
592, 585, 562, 529, 514, 480, 469, 451, 426, 409, 373, 357, 337, 318, 287, 264, 252, 236, 204, 189, 173, 143, 117, 98, 67, 62, 61, 60
592, 585, 562, 529, 514, 480, 469, 451, 426, 409, 373, 357, 337, 318, 287, 264, 252, 236, 204, 189, 173, 143, 117, 98, 67, 62, 61
592, 585, 562, 529, 514, 480, 469, 451, 426, 409, 373, 357, 337, 318, 287, 264, 252, 236, 204, 189, 173, 143, 117, 98, 67, 62
592, 585, 562, 529, 514, 480, 469, 451, 426, 409, 373, 357, 337, 318, 287, 264, 252, 236, 204, 189, 173, 143, 117, 98, 67, 62, 63
592, 585, 562, 529, 514, 480, 469, 451, 426, 409, 373, 357, 337, 318, 287, 264, 252, 236, 204, 188, 172, 141, 118, 96, 88, 64
592, 585, 562, 529, 514, 480, 469, 451, 426, 409, 373, 357, 337, 318, 287, 264, 252, 236, 204, 188, 172, 141, 118, 96, 88, 64, 65
592, 585, 562, 529, 514, 480, 469, 451, 426, 409, 373, 357, 337, 318, 287, 264, 252, 236, 204, 188, 172, 141, 119, 95, 86, 66
592, 585, 562, 529, 514, 480, 469, 451, 426, 409, 373, 357, 337, 318, 287, 264, 252, 236, 204, 189, 173, 143, 117, 98, 67
592, 585, 562, 529, 514, 480, 469, 451, 426, 409, 373, 357, 337, 318, 287, 264, 252, 236, 204, 189, 173, 143, 117, 98, 67, 68
592, 585, 562, 529, 514, 480, 469, 451, 426, 409, 373, 357, 337, 318, 287, 264, 252, 236, 204, 189, 173, 143, 117, 98, 67, 68, 69
592, 585, 562, 529, 514, 480, 469, 451, 426, 409, 373, 357, 337, 318, 287, 264, 252, 236, 204, 189, 173, 143, 117, 98, 67, 68, 69, 70
592, 585, 562, 529, 514, 480, 500, 467, 452, 424, 407, 376, 359, 335, 315, 304, 282, 246, 231, 209, 194, 156, 147, 113, 103, 71
592, 585, 562, 529, 514, 480, 500, 467, 452, 424, 407, 376, 359, 335, 315, 304, 282, 246, 231, 209, 194, 156, 147, 113, 104, 72
592, 585, 562, 529, 514, 480, 500, 467, 452, 424, 407, 376, 359, 335, 315, 304, 282, 246, 231, 209, 194, 157, 148, 112, 105, 73
592, 585, 562, 529, 514, 480, 500, 467, 452, 424, 407, 376, 359, 335, 315, 304, 282, 246, 231, 209, 194, 157, 148, 112, 105, 74
592, 585, 562, 529, 514, 480, 500, 467, 452, 424, 407, 376, 359, 335, 315, 304, 282, 246, 231, 209, 194, 157, 148, 112, 105, 74, 75
592, 585, 562, 529, 514, 480, 500, 467, 452, 424, 407, 376, 359, 335, 315, 304, 282, 246, 231, 209, 194, 157, 148, 112, 105, 106, 76
592, 591, 582, 560, 559, 524, 517, 498, 464, 455, 419, 403, 378, 363, 331, 312, 301, 300, 277, 243, 228, 212, 177, 161, 152, 130, 108, 77
592, 591, 582, 560, 559, 524, 517, 498, 464, 455, 419, 403, 378, 363, 331, 312, 301, 300, 277, 243, 228, 212, 177, 161, 152, 130, 108, 77, 78
592, 591, 582, 560, 559, 524, 517, 498, 464, 455, 419, 403, 378, 363, 331, 312, 301, 300, 277, 243, 228, 212, 177, 161, 152, 130, 108, 77, 78, 79
592, 591, 582, 560, 559, 524, 517, 498, 464, 455, 419, 403, 378, 363, 331, 312, 301, 300, 277, 243, 228, 212, 177, 161, 152, 130, 108, 77, 78, 79, 80
592, 585, 562, 529, 514, 480, 469, 451, 426, 409, 373, 357, 337, 318, 287, 264, 252, 236, 204, 188, 172, 141, 119, 95, 86, 85, 84, 83, 82, 81
592, 585, 562, 529, 514, 480, 469, 451, 426, 409, 373, 357, 337, 318, 287, 264, 252, 236, 204, 188, 172, 141, 119, 95, 86, 85, 84, 83, 82
592, 585, 562, 529, 514, 480, 469, 451, 426, 409, 373, 357, 337, 318, 287, 264, 252, 236, 204, 188, 172, 141, 119, 95, 86, 85, 84, 83
592, 585, 562, 529, 514, 480, 469, 451, 426, 409, 373, 357, 337, 318, 287, 264, 252, 236, 204, 188, 172, 141, 119, 95, 86, 85, 84
592, 585, 562, 529, 514, 480, 469, 451, 426, 409, 373, 357, 337, 318, 287, 264, 252, 236, 204, 188, 172, 141, 119, 95, 86, 85
592, 585, 562, 529, 514, 480, 469, 451, 426, 409, 373, 357, 337, 318, 287, 264, 252, 236, 204, 188, 172, 141, 119, 95, 86
592, 585, 562, 529, 514, 480, 469, 451, 426, 409, 373, 357, 337, 318, 287, 264, 252, 236, 204, 188, 172, 141, 118, 96, 88, 87
592, 585, 562, 529, 514, 480, 469, 451, 426, 409, 373, 357, 337, 318, 287, 264, 252, 236, 204, 188, 172, 141, 118, 96, 88
592, 585, 562, 529, 514, 480, 469, 470, 448, 428, 412, 391, 390, 389, 352, 351, 344, 324, 294, 272, 259, 221, 216, 182, 165, 136, 127, 89
592, 585, 562, 529, 514, 480, 469, 451, 426, 409, 373, 357, 337, 318, 287, 264, 252, 236, 204, 188, 172, 141, 119, 95, 94, 93, 92, 91, 90
592, 585, 562, 529, 514, 480, 469, 451, 426, 409, 373, 357, 337, 318, 287, 264, 252, 236, 204, 188, 172, 141, 119, 95, 94, 93, 92, 91
592, 585, 562, 529, 514, 480, 469, 451, 426, 409, 373, 357, 337, 318, 287, 264, 252, 236, 204, 188, 172, 141, 119, 95, 94, 93, 92
592, 585, 562, 529, 514, 480, 469, 451, 426, 409, 373, 357, 337, 318, 287, 264, 252, 236, 204, 188, 172, 141, 119, 95, 94, 93
592, 585, 562, 529, 514, 480, 469, 451, 426, 409, 373, 357, 337, 318, 287, 264, 252, 236, 204, 188, 172, 141, 119, 95, 94
592, 585, 562, 529, 514, 480, 469, 451, 426, 409, 373, 357, 337, 318, 287, 264, 252, 236, 204, 188, 172, 141, 119, 95
592, 585, 562, 529, 514, 480, 469, 451, 426, 409, 373, 357, 337, 318, 287, 264, 252, 236, 204, 188, 172, 141, 118, 96
592, 585, 562, 529, 514, 480, 469, 451, 426, 409, 373, 357, 337, 318, 287, 264, 252, 236, 204, 189, 173, 143, 117, 98, 97
592, 585, 562, 529, 514, 480, 469, 451, 426, 409, 373, 357, 337, 318, 287, 264, 252, 236, 204, 189, 173, 143, 117, 98
592, 585, 562, 529, 514, 480, 469, 451, 426, 409, 373, 357, 337, 318, 287, 264, 252, 236, 204, 189, 173, 143, 117, 99
