668, 631, 615, 591, 583, 561, 527, 515, 500, 467, 452, 425, 408, 374, 358, 336, 316, 283, 263, 251, 235, 204, 188, 172, 141, 119, 95, 86, 66, 24, 0
668, 631, 615, 591, 583, 561, 527, 515, 500, 467, 452, 425, 408, 374, 358, 336, 316, 283, 263, 251, 235, 204, 188, 172, 141, 119, 95, 86, 66, 25, 1
668, 631, 615, 591, 583, 561, 527, 515, 500, 467, 452, 425, 408, 374, 358, 336, 316, 283, 263, 251, 235, 204, 188, 172, 141, 119, 95, 86, 85, 44, 26, 2
668, 631, 615, 591, 583, 561, 527, 515, 500, 467, 452, 425, 408, 374, 358, 336, 316, 283, 263, 251, 235, 204, 188, 172, 141, 119, 95, 86, 85, 44, 26, 27, 3
668, 667, 647, 617, 589, 580, 558, 545, 518, 497, 463, 456, 419, 403, 378, 363, 331, 312, 301, 300, 277, 243, 228, 212, 177, 161, 152, 130, 108, 77, 52, 51, 31, 6, 5, 4
668, 667, 647, 617, 589, 580, 558, 545, 518, 497, 463, 456, 419, 403, 378, 363, 331, 312, 301, 300, 277, 243, 228, 212, 177, 161, 152, 130, 108, 77, 52, 51, 31, 6, 5
668, 667, 647, 617, 589, 580, 558, 545, 518, 497, 463, 456, 419, 403, 378, 363, 331, 312, 301, 300, 277, 243, 228, 212, 177, 161, 152, 130, 108, 77, 52, 51, 31, 6
668, 667, 647, 617, 589, 580, 558, 545, 518, 497, 463, 456, 419, 403, 378, 363, 331, 312, 301, 300, 277, 243, 228, 212, 177, 161, 152, 130, 108, 77, 52, 32, 7
668, 667, 647, 617, 589, 580, 558, 545, 518, 497, 463, 456, 419, 403, 378, 363, 331, 312, 301, 300, 277, 243, 228, 212, 177, 161, 152, 130, 108, 77, 52, 32, 7, 8
668, 667, 647, 617, 589, 580, 558, 545, 518, 497, 463, 456, 419, 403, 378, 363, 331, 312, 301, 278, 244, 229, 211, 176, 160, 150, 132, 107, 76, 53, 33, 9
668, 667, 647, 617, 589, 580, 558, 545, 518, 497, 463, 456, 419, 403, 378, 363, 331, 312, 301, 278, 244, 229, 211, 176, 160, 150, 132, 106, 75, 54, 34, 10
668, 667, 647, 617, 589, 580, 558, 545, 518, 497, 463, 456, 419, 403, 378, 362, 332, 313, 303, 281, 245, 230, 210, 195, 158, 149, 112, 105, 74, 55, 35, 11
668, 667, 647, 617, 589, 580, 558, 545, 518, 497, 463, 456, 419, 403, 378, 362, 332, 313, 303, 281, 245, 230, 210, 195, 158, 149, 112, 105, 73, 56, 36, 12
668, 667, 647, 617, 589, 580, 558, 545, 518, 497, 463, 456, 419, 403, 378, 362, 333, 314, 304, 282, 246, 231, 209, 194, 156, 147, 113, 103, 71, 58, 37, 13
668, 667, 647, 617, 589, 580, 558, 545, 518, 497, 463, 456, 419, 403, 378, 362, 333, 314, 304, 282, 246, 231, 209, 194, 156, 147, 113, 103, 71, 58, 37, 14
668, 631, 615, 591, 583, 561, 527, 515, 500, 467, 452, 425, 408, 374, 358, 336, 316, 283, 263, 251, 235, 204, 189, 173, 143, 117, 98, 67, 62, 41, 17, 16, 15
668, 631, 615, 591, 583, 561, 527, 515, 500, 467, 452, 425, 408, 374, 358, 336, 316, 283, 263, 251, 235, 204, 189, 173, 143, 117, 98, 67, 62, 41, 17, 16
668, 631, 615, 591, 583, 561, 527, 515, 500, 467, 452, 425, 408, 374, 358, 336, 316, 283, 263, 251, 235, 204, 189, 173, 143, 117, 98, 67, 62, 41, 17
668, 631, 615, 591, 583, 561, 527, 515, 500, 467, 452, 425, 408, 374, 358, 336, 316, 283, 263, 251, 235, 204, 189, 173, 143, 117, 98, 67, 62, 41, 17, 18
668, 631, 615, 591, 583, 561, 527, 515, 500, 467, 452, 425, 408, 374, 358, 336, 316, 283, 263, 251, 235, 204, 189, 173, 143, 117, 98, 67, 62, 63, 21, 19
668, 631, 615, 591, 583, 561, 527, 515, 500, 467, 452, 425, 408, 374, 358, 336, 316, 283, 263, 251, 235, 204, 188, 172, 141, 118, 96, 88, 64, 22, 20
668, 631, 615, 591, 583, 561, 527, 515, 500, 467, 452, 425, 408, 374, 358, 336, 316, 283, 263, 251, 235, 204, 189, 173, 143, 117, 98, 67, 62, 63, 21
668, 631, 615, 591, 583, 561, 527, 515, 500, 467, 452, 425, 408, 374, 358, 336, 316, 283, 263, 251, 235, 204, 188, 172, 141, 118, 96, 88, 64, 22
668, 631, 615, 591, 583, 561, 527, 515, 500, 467, 452, 425, 408, 374, 358, 336, 316, 283, 263, 251, 235, 204, 188, 172, 141, 119, 95, 86, 66, 23
668, 631, 615, 591, 583, 561, 527, 515, 500, 467, 452, 425, 408, 374, 358, 336, 316, 283, 263, 251, 235, 204, 188, 172, 141, 119, 95, 86, 66, 24
668, 631, 615, 591, 583, 561, 527, 515, 500, 467, 452, 425, 408, 374, 358, 336, 316, 283, 263, 251, 235, 204, 188, 172, 141, 119, 95, 86, 66, 25
668, 631, 615, 591, 583, 561, 527, 515, 500, 467, 452, 425, 408, 374, 358, 336, 316, 283, 263, 251, 235, 204, 188, 172, 141, 119, 95, 86, 85, 44, 26
668, 631, 615, 591, 583, 561, 527, 515, 500, 467, 452, 425, 408, 374, 358, 336, 316, 283, 263, 251, 235, 204, 188, 172, 141, 119, 95, 86, 85, 44, 26, 27
668, 667, 647, 617, 589, 580, 558, 545, 518, 497, 463, 456, 419, 403, 378, 363, 331, 312, 301, 300, 277, 243, 228, 212, 177, 161, 152, 130, 108, 77, 52, 51, 31, 30, 29, 28
668, 667, 647, 617, 589, 580, 558, 545, 518, 497, 463, 456, 419, 403, 378, 363, 331, 312, 301, 300, 277, 243, 228, 212, 177, 161, 152, 130, 108, 77, 52, 51, 31, 30, 29
668, 667, 647, 617, 589, 580, 558, 545, 518, 497, 463, 456, 419, 403, 378, 363, 331, 312, 301, 300, 277, 243, 228, 212, 177, 161, 152, 130, 108, 77, 52, 51, 31, 30
668, 667, 647, 617, 589, 580, 558, 545, 518, 497, 463, 456, 419, 403, 378, 363, 331, 312, 301, 300, 277, 243, 228, 212, 177, 161, 152, 130, 108, 77, 52, 51, 31
668, 667, 647, 617, 589, 580, 558, 545, 518, 497, 463, 456, 419, 403, 378, 363, 331, 312, 301, 300, 277, 243, 228, 212, 177, 161, 152, 130, 108, 77, 52, 32
668, 667, 647, 617, 589, 580, 558, 545, 518, 497, 463, 456, 419, 403, 378, 363, 331, 312, 301, 278, 244, 229, 211, 176, 160, 150, 132, 107, 76, 53, 33
668, 667, 647, 617, 589, 580, 558, 545, 518, 497, 463, 456, 419, 403, 378, 363, 331, 312, 301, 278, 244, 229, 211, 176, 160, 150, 132, 106, 75, 54, 34
668, 667, 647, 617, 589, 580, 558, 545, 518, 497, 463, 456, 419, 403, 378, 362, 332, 313, 303, 281, 245, 230, 210, 195, 158, 149, 112, 105, 74, 55, 35
668, 667, 647, 617, 589, 580, 558, 545, 518, 497, 463, 456, 419, 403, 378, 362, 332, 313, 303, 281, 245, 230, 210, 195, 158, 149, 112, 105, 73, 56, 36
668, 667, 647, 617, 589, 580, 558, 545, 518, 497, 463, 456, 419, 403, 378, 362, 333, 314, 304, 282, 246, 231, 209, 194, 156, 147, 113, 103, 71, 58, 37
668, 631, 615, 591, 583, 561, 527, 515, 500, 467, 452, 425, 408, 374, 358, 336, 316, 283, 263, 251, 235, 204, 189, 173, 143, 117, 98, 67, 62, 41, 40, 39, 38
668, 631, 615, 591, 583, 561, 527, 515, 500, 467, 452, 425, 408, 374, 358, 336, 316, 283, 263, 251, 235, 204, 189, 173, 143, 117, 98, 67, 62, 41, 40, 39
668, 631, 615, 591, 583, 561, 527, 515, 500, 467, 452, 425, 408, 374, 358, 336, 316, 283, 263, 251, 235, 204, 189, 173, 143, 117, 98, 67, 62, 41, 40
668, 631, 615, 591, 583, 561, 527, 515, 500, 467, 452, 425, 408, 374, 358, 336, 316, 283, 263, 251, 235, 204, 189, 173, 143, 117, 98, 67, 62, 41
668, 631, 615, 591, 583, 561, 527, 515, 500, 467, 452, 425, 408, 374, 358, 336, 316, 283, 263, 251, 235, 204, 188, 172, 141, 119, 95, 86, 85, 44, 43, 42
668, 631, 615, 591, 583, 561, 527, 515, 500, 467, 452, 425, 408, 374, 358, 336, 316, 283, 263, 251, 235, 204, 188, 172, 141, 119, 95, 86, 85, 44, 43
668, 631, 615, 591, 583, 561, 527, 515, 500, 467, 452, 425, 408, 374, 358, 336, 316, 283, 263, 251, 235, 204, 188, 172, 141, 119, 95, 86, 85, 44
668, 631, 615, 591, 583, 561, 527, 515, 500, 467, 452, 425, 408, 374, 358, 336, 316, 283, 263, 251, 235, 204, 188, 172, 141, 119, 95, 86, 85, 44, 45
668, 631, 615, 591, 583, 561, 527, 515, 500, 467, 452, 425, 408, 374, 358, 336, 316, 283, 263, 251, 235, 204, 188, 172, 141, 119, 95, 86, 85, 44, 45, 46
668, 631, 615, 591, 583, 561, 527, 515, 500, 467, 452, 425, 408, 374, 358, 336, 316, 283, 263, 251, 235, 204, 188, 172, 141, 119, 95, 86, 85, 44, 45, 46, 47
668, 667, 647, 617, 589, 580, 558, 545, 518, 497, 463, 456, 419, 403, 378, 363, 331, 312, 301, 300, 277, 243, 228, 212, 177, 161, 152, 130, 108, 77, 52, 51, 50, 49, 48
668, 667, 647, 617, 589, 580, 558, 545, 518, 497, 463, 456, 419, 403, 378, 363, 331, 312, 301, 300, 277, 243, 228, 212, 177, 161, 152, 130, 108, 77, 52, 51, 50, 49
668, 667, 647, 617, 589, 580, 558, 545, 518, 497, 463, 456, 419, 403, 378, 363, 331, 312, 301, 300, 277, 243, 228, 212, 177, 161, 152, 130, 108, 77, 52, 51, 50
668, 667, 647, 617, 589, 580, 558, 545, 518, 497, 463, 456, 419, 403, 378, 363, 331, 312, 301, 300, 277, 243, 228, 212, 177, 161, 152, 130, 108, 77, 52, 51
668, 667, 647, 617, 589, 580, 558, 545, 518, 497, 463, 456, 419, 403, 378, 363, 331, 312, 301, 300, 277, 243, 228, 212, 177, 161, 152, 130, 108, 77, 52
668, 667, 647, 617, 589, 580, 558, 545, 518, 497, 463, 456, 419, 403, 378, 363, 331, 312, 301, 278, 244, 229, 211, 176, 160, 150, 132, 107, 76, 53
668, 667, 647, 617, 589, 580, 558, 545, 518, 497, 463, 456, 419, 403, 378, 363, 331, 312, 301, 278, 244, 229, 211, 176, 160, 150, 132, 106, 75, 54
668, 667, 647, 617, 589, 580, 558, 545, 518, 497, 463, 456, 419, 403, 378, 362, 332, 313, 303, 281, 245, 230, 210, 195, 158, 149, 112, 105, 74, 55
668, 667, 647, 617, 589, 580, 558, 545, 518, 497, 463, 456, 419, 403, 378, 362, 332, 313, 303, 281, 245, 230, 210, 195, 158, 149, 112, 105, 73, 56
668, 667, 647, 617, 589, 580, 558, 545, 518, 497, 463, 456, 419, 403, 378, 362, 332, 313, 303, 281, 245, 230, 210, 195, 158, 149, 112, 105, 73, 56, 57
668, 667, 647, 617, 589, 580, 558, 545, 518, 497, 463, 456, 419, 403, 378, 362, 333, 314, 304, 282, 246, 231, 209, 194, 156, 147, 113, 103, 71, 58
668, 631, 615, 591, 583, 561, 527, 515, 500, 467, 452, 425, 408, 374, 358, 336, 316, 283, 263, 251, 235, 204, 189, 173, 143, 117, 98, 67, 62, 61, 60, 59
668, 631, 615, 591, 583, 561, 527, 515, 500, 467, 452, 425, 408, 374, 358, 336, 316, 283, 263, 251, 235, 204, 189, 173, 143, 117, 98, 67, 62, 61, 60
668, 631, 615, 591, 583, 561, 527, 515, 500, 467, 452, 425, 408, 374, 358, 336, 316, 283, 263, 251, 235, 204, 189, 173, 143, 117, 98, 67, 62, 61
668, 631, 615, 591, 583, 561, 527, 515, 500, 467, 452, 425, 408, 374, 358, 336, 316, 283, 263, 251, 235, 204, 189, 173, 143, 117, 98, 67, 62
668, 631, 615, 591, 583, 561, 527, 515, 500, 467, 452, 425, 408, 374, 358, 336, 316, 283, 263, 251, 235, 204, 189, 173, 143, 117, 98, 67, 62, 63
668, 631, 615, 591, 583, 561, 527, 515, 500, 467, 452, 425, 408, 374, 358, 336, 316, 283, 263, 251, 235, 204, 188, 172, 141, 118, 96, 88, 64
668, 631, 615, 591, 583, 561, 527, 515, 500, 467, 452, 425, 408, 374, 358, 336, 316, 283, 263, 251, 235, 204, 188, 172, 141, 118, 96, 88, 64, 65
668, 631, 615, 591, 583, 561, 527, 515, 500, 467, 452, 425, 408, 374, 358, 336, 316, 283, 263, 251, 235, 204, 188, 172, 141, 119, 95, 86, 66
668, 631, 615, 591, 583, 561, 527, 515, 500, 467, 452, 425, 408, 374, 358, 336, 316, 283, 263, 251, 235, 204, 189, 173, 143, 117, 98, 67
668, 631, 615, 591, 583, 561, 527, 515, 500, 467, 452, 425, 408, 374, 358, 336, 316, 283, 263, 251, 235, 204, 189, 173, 143, 117, 98, 67, 68
668, 631, 615, 591, 583, 561, 527, 515, 500, 467, 452, 425, 408, 374, 358, 336, 316, 283, 263, 251, 235, 204, 189, 173, 143, 117, 98, 67, 68, 69
668, 631, 615, 591, 583, 561, 527, 515, 500, 467, 452, 425, 408, 374, 358, 336, 316, 283, 263, 251, 235, 204, 189, 173, 143, 117, 98, 67, 68, 69, 70
668, 667, 647, 617, 589, 580, 558, 545, 518, 497, 463, 456, 419, 403, 378, 362, 333, 314, 304, 282, 246, 231, 209, 194, 156, 147, 113, 103, 71
668, 667, 647, 617, 589, 580, 558, 545, 518, 497, 463, 456, 419, 403, 378, 362, 333, 314, 304, 282, 246, 231, 209, 194, 156, 147, 113, 104, 72
668, 667, 647, 617, 589, 580, 558, 545, 518, 497, 463, 456, 419, 403, 378, 362, 332, 313, 303, 281, 245, 230, 210, 195, 158, 149, 112, 105, 73
668, 667, 647, 617, 589, 580, 558, 545, 518, 497, 463, 456, 419, 403, 378, 362, 332, 313, 303, 281, 245, 230, 210, 195, 158, 149, 112, 105, 74
668, 667, 647, 617, 589, 580, 558, 545, 518, 497, 463, 456, 419, 403, 378, 363, 331, 312, 301, 278, 244, 229, 211, 176, 160, 150, 132, 106, 75
668, 667, 647, 617, 589, 580, 558, 545, 518, 497, 463, 456, 419, 403, 378, 363, 331, 312, 301, 278, 244, 229, 211, 176, 160, 150, 132, 107, 76
668, 667, 647, 617, 589, 580, 558, 545, 518, 497, 463, 456, 419, 403, 378, 363, 331, 312, 301, 300, 277, 243, 228, 212, 177, 161, 152, 130, 108, 77
668, 667, 647, 617, 589, 580, 558, 545, 518, 497, 463, 456, 419, 403, 378, 363, 331, 312, 301, 300, 277, 243, 228, 212, 177, 161, 152, 130, 108, 77, 78
668, 667, 647, 617, 589, 580, 558, 545, 518, 497, 463, 456, 419, 403, 378, 363, 331, 312, 301, 300, 277, 243, 228, 212, 177, 161, 152, 130, 108, 77, 78, 79
668, 667, 647, 617, 589, 580, 558, 545, 518, 497, 463, 456, 419, 403, 378, 363, 331, 312, 301, 300, 277, 243, 228, 212, 177, 161, 152, 130, 108, 77, 78, 79, 80
668, 667, 647, 617, 589, 580, 558, 545, 518, 497, 463, 458, 459, 418, 417, 399, 382, 383, 366, 349, 309, 298, 275, 241, 224, 215, 180, 181, 164, 135, 127, 89, 81
668, 667, 647, 617, 589, 580, 558, 545, 518, 497, 463, 458, 459, 418, 417, 399, 382, 383, 366, 349, 309, 298, 275, 241, 224, 215, 180, 181, 164, 135, 127, 89, 81, 82
668, 631, 615, 591, 583, 561, 527, 515, 500, 467, 452, 425, 408, 374, 358, 336, 316, 283, 263, 251, 235, 204, 188, 172, 141, 119, 95, 86, 85, 84, 83
668, 631, 615, 591, 583, 561, 527, 515, 500, 467, 452, 425, 408, 374, 358, 336, 316, 283, 263, 251, 235, 204, 188, 172, 141, 119, 95, 86, 85, 84
668, 631, 615, 591, 583, 561, 527, 515, 500, 467, 452, 425, 408, 374, 358, 336, 316, 283, 263, 251, 235, 204, 188, 172, 141, 119, 95, 86, 85
668, 631, 615, 591, 583, 561, 527, 515, 500, 467, 452, 425, 408, 374, 358, 336, 316, 283, 263, 251, 235, 204, 188, 172, 141, 119, 95, 86
668, 631, 615, 591, 583, 561, 527, 515, 500, 467, 452, 425, 408, 374, 358, 336, 316, 283, 263, 251, 235, 204, 188, 172, 141, 118, 96, 88, 87
668, 631, 615, 591, 583, 561, 527, 515, 500, 467, 452, 425, 408, 374, 358, 336, 316, 283, 263, 251, 235, 204, 188, 172, 141, 118, 96, 88
668, 667, 647, 617, 589, 580, 558, 545, 518, 497, 463, 458, 459, 418, 417, 399, 382, 383, 366, 349, 309, 298, 275, 241, 224, 215, 180, 181, 164, 135, 127, 89
668, 667, 647, 617, 589, 580, 558, 545, 518, 497, 463, 458, 459, 418, 417, 399, 382, 383, 366, 349, 309, 298, 275, 241, 224, 215, 180, 181, 164, 135, 127, 89, 90
668, 631, 615, 591, 583, 561, 527, 515, 500, 467, 452, 425, 408, 374, 358, 336, 316, 283, 263, 251, 235, 204, 188, 172, 141, 119, 95, 94, 93, 92, 91
668, 631, 615, 591, 583, 561, 527, 515, 500, 467, 452, 425, 408, 374, 358, 336, 316, 283, 263, 251, 235, 204, 188, 172, 141, 119, 95, 94, 93, 92
668, 631, 615, 591, 583, 561, 527, 515, 500, 467, 452, 425, 408, 374, 358, 336, 316, 283, 263, 251, 235, 204, 188, 172, 141, 119, 95, 94, 93
668, 631, 615, 591, 583, 561, 527, 515, 500, 467, 452, 425, 408, 374, 358, 336, 316, 283, 263, 251, 235, 204, 188, 172, 141, 119, 95, 94
668, 631, 615, 591, 583, 561, 527, 515, 500, 467, 452, 425, 408, 374, 358, 336, 316, 283, 263, 251, 235, 204, 188, 172, 141, 119, 95
668, 631, 615, 591, 583, 561, 527, 515, 500, 467, 452, 425, 408, 374, 358, 336, 316, 283, 263, 251, 235, 204, 188, 172, 141, 118, 96
668, 631, 615, 591, 583, 561, 527, 515, 500, 467, 452, 425, 408, 374, 358, 336, 316, 283, 263, 251, 235, 204, 189, 173, 143, 117, 98, 97
668, 631, 615, 591, 583, 561, 527, 515, 500, 467, 452, 425, 408, 374, 358, 336, 316, 283, 263, 251, 235, 204, 189, 173, 143, 117, 98
668, 631, 615, 591, 583, 561, 527, 515, 500, 467, 452, 425, 408, 374, 358, 336, 316, 283, 263, 251, 235, 204, 189, 173, 143, 117, 99
