868, 867, 886, 911, 925, 947, 968, 988, 1011, 1037, 1062, 1081, 1106, 1133, 1137, 1165, 1179, 1220, 1223, 1259, 1262, 1261, 1296, 1310, 1338, 1355, 1369, 1398, 1411, 1441, 1463, 1469, 1495, 1526, 1540, 0
868, 867, 886, 911, 925, 947, 968, 988, 1011, 1037, 1062, 1081, 1106, 1133, 1137, 1165, 1179, 1220, 1223, 1259, 1262, 1261, 1296, 1310, 1338, 1355, 1369, 1398, 1411, 1442, 1464, 1470, 1496, 1528, 1539, 1
868, 867, 886, 911, 925, 947, 968, 988, 1011, 1037, 1062, 1081, 1106, 1133, 1137, 1165, 1179, 1220, 1223, 1259, 1262, 1261, 1296, 1310, 1338, 1355, 1369, 1398, 1411, 1442, 1464, 1470, 1496, 1528, 1538, 2
868, 867, 886, 911, 925, 947, 968, 988, 1011, 1037, 1062, 1081, 1106, 1133, 1137, 1165, 1179, 1220, 1223, 1259, 1262, 1261, 1296, 1310, 1338, 1355, 1369, 1398, 1411, 1442, 1464, 1470, 1496, 1528, 1538, 1537, 1536, 3
868, 848, 837, 801, 788, 745, 721, 694, 686, 654, 636, 637, 630, 598, 569, 548, 534, 507, 488, 474, 444, 433, 394, 387, 371, 345, 326, 294, 272, 259, 221, 216, 182, 165, 136, 127, 89, 81, 48, 28, 4
868, 848, 837, 801, 788, 745, 721, 694, 686, 654, 636, 637, 630, 598, 569, 548, 534, 507, 488, 474, 444, 433, 394, 387, 371, 345, 326, 294, 272, 259, 221, 216, 182, 165, 136, 127, 89, 81, 48, 29, 5
868, 848, 837, 801, 788, 745, 721, 694, 686, 654, 636, 637, 630, 598, 569, 548, 534, 507, 488, 474, 444, 433, 394, 387, 371, 345, 326, 294, 272, 273, 239, 223, 215, 180, 163, 133, 128, 110, 80, 50, 31, 6
868, 867, 886, 911, 926, 945, 971, 992, 1015, 1040, 1059, 1058, 1077, 1112, 1128, 1143, 1171, 1186, 1207, 1229, 1253, 1269, 1285, 1300, 1328, 1344, 1379, 1380, 1389, 1422, 1430, 1453, 1479, 1478, 1507, 1515, 1551, 8, 7
868, 867, 886, 911, 926, 945, 971, 992, 1015, 1040, 1059, 1058, 1077, 1112, 1128, 1143, 1171, 1186, 1207, 1229, 1253, 1269, 1285, 1300, 1328, 1344, 1379, 1380, 1389, 1422, 1430, 1453, 1479, 1478, 1507, 1515, 1551, 8
868, 867, 886, 911, 926, 945, 971, 992, 1015, 1040, 1059, 1058, 1077, 1112, 1128, 1143, 1171, 1186, 1207, 1229, 1253, 1269, 1285, 1300, 1328, 1344, 1379, 1380, 1389, 1422, 1430, 1453, 1479, 1478, 1507, 1515, 1551, 9
868, 867, 886, 911, 926, 945, 971, 992, 1015, 1040, 1059, 1058, 1077, 1112, 1128, 1143, 1171, 1186, 1207, 1229, 1253, 1269, 1285, 1300, 1328, 1344, 1379, 1380, 1389, 1422, 1430, 1453, 1479, 1508, 1516, 1550, 10
868, 867, 886, 911, 926, 945, 971, 992, 1015, 1040, 1059, 1058, 1077, 1112, 1128, 1143, 1171, 1186, 1207, 1229, 1253, 1269, 1285, 1300, 1328, 1344, 1379, 1380, 1389, 1422, 1430, 1453, 1479, 1508, 1516, 1549, 11
868, 867, 886, 911, 926, 945, 971, 992, 1015, 1040, 1059, 1058, 1077, 1112, 1128, 1143, 1171, 1186, 1207, 1229, 1253, 1269, 1285, 1300, 1328, 1344, 1379, 1387, 1420, 1431, 1454, 1480, 1509, 1517, 1548, 12
868, 867, 886, 911, 925, 947, 970, 989, 1012, 1038, 1061, 1080, 1109, 1131, 1140, 1141, 1169, 1185, 1205, 1227, 1255, 1267, 1268, 1284, 1302, 1330, 1343, 1378, 1386, 1419, 1435, 1457, 1482, 1488, 1518, 1546, 13
868, 867, 886, 911, 925, 947, 970, 989, 1012, 1038, 1061, 1080, 1109, 1131, 1140, 1141, 1169, 1185, 1205, 1227, 1255, 1267, 1268, 1284, 1302, 1330, 1343, 1378, 1386, 1419, 1435, 1457, 1482, 1488, 1518, 1546, 14
868, 867, 886, 911, 925, 947, 970, 989, 1012, 1038, 1061, 1080, 1109, 1131, 1140, 1167, 1183, 1201, 1225, 1257, 1264, 1280, 1307, 1335, 1358, 1372, 1403, 1414, 1438, 1460, 1459, 1485, 1489, 1520, 1545, 15
868, 867, 886, 911, 925, 947, 970, 989, 1012, 1038, 1061, 1080, 1109, 1131, 1140, 1167, 1183, 1201, 1225, 1257, 1264, 1280, 1307, 1335, 1358, 1372, 1403, 1414, 1438, 1460, 1459, 1485, 1489, 1521, 1544, 16
868, 848, 813, 802, 786, 743, 723, 697, 689, 651, 633, 612, 593, 586, 563, 530, 512, 482, 469, 451, 426, 409, 373, 357, 337, 318, 287, 264, 252, 236, 204, 189, 173, 143, 117, 98, 67, 62, 41, 17
868, 867, 886, 911, 925, 947, 968, 988, 1011, 1037, 1062, 1081, 1106, 1133, 1137, 1165, 1179, 1220, 1223, 1259, 1262, 1298, 1309, 1336, 1357, 1370, 1401, 1413, 1440, 1462, 1466, 1493, 1524, 1542, 18
868, 867, 886, 911, 925, 947, 968, 988, 1011, 1037, 1062, 1081, 1106, 1133, 1137, 1165, 1179, 1220, 1223, 1259, 1262, 1298, 1309, 1336, 1357, 1370, 1401, 1413, 1440, 1462, 1468, 1494, 1525, 1541, 19
868, 867, 886, 911, 925, 947, 968, 988, 1011, 1037, 1062, 1081, 1106, 1133, 1137, 1165, 1179, 1220, 1223, 1259, 1262, 1298, 1309, 1336, 1357, 1370, 1401, 1413, 1440, 1462, 1468, 1494, 1525, 1541, 20
868, 867, 886, 911, 925, 947, 968, 988, 1011, 1037, 1062, 1081, 1106, 1133, 1137, 1165, 1179, 1220, 1223, 1259, 1262, 1298, 1309, 1336, 1357, 1370, 1401, 1413, 1440, 1462, 1468, 1494, 1525, 1541, 19, 21
868, 867, 886, 911, 925, 947, 968, 988, 1011, 1037, 1062, 1081, 1106, 1133, 1137, 1165, 1179, 1220, 1223, 1259, 1262, 1298, 1309, 1336, 1357, 1370, 1401, 1413, 1440, 1462, 1468, 1494, 1525, 1541, 20, 22
868, 867, 886, 911, 925, 947, 968, 988, 1011, 1037, 1062, 1081, 1106, 1133, 1137, 1165, 1179, 1220, 1223, 1259, 1262, 1261, 1296, 1310, 1338, 1355, 1369, 1398, 1411, 1441, 1463, 1469, 1495, 1526, 1540, 0, 23
868, 867, 886, 911, 925, 947, 968, 988, 1011, 1037, 1062, 1081, 1106, 1133, 1137, 1165, 1179, 1220, 1223, 1259, 1262, 1261, 1296, 1310, 1338, 1355, 1369, 1398, 1411, 1441, 1463, 1469, 1495, 1526, 1540, 0, 24
868, 867, 886, 911, 925, 947, 968, 988, 1011, 1037, 1062, 1081, 1106, 1133, 1137, 1165, 1179, 1220, 1223, 1259, 1262, 1261, 1296, 1310, 1338, 1355, 1369, 1398, 1411, 1442, 1464, 1470, 1496, 1528, 1539, 1, 25
868, 867, 886, 911, 925, 947, 968, 988, 1011, 1037, 1062, 1081, 1106, 1133, 1137, 1165, 1179, 1220, 1223, 1259, 1262, 1261, 1296, 1310, 1338, 1355, 1369, 1398, 1411, 1442, 1464, 1470, 1496, 1528, 1538, 2, 26
868, 867, 886, 911, 925, 947, 968, 988, 1011, 1037, 1062, 1081, 1106, 1133, 1137, 1165, 1179, 1220, 1223, 1259, 1262, 1261, 1296, 1310, 1338, 1355, 1369, 1398, 1411, 1442, 1464, 1470, 1496, 1528, 1538, 2, 26, 27
868, 848, 837, 801, 788, 745, 721, 694, 686, 654, 636, 637, 630, 598, 569, 548, 534, 507, 488, 474, 444, 433, 394, 387, 371, 345, 326, 294, 272, 259, 221, 216, 182, 165, 136, 127, 89, 81, 48, 28
868, 848, 837, 801, 788, 745, 721, 694, 686, 654, 636, 637, 630, 598, 569, 548, 534, 507, 488, 474, 444, 433, 394, 387, 371, 345, 326, 294, 272, 259, 221, 216, 182, 165, 136, 127, 89, 81, 48, 29
868, 848, 837, 801, 788, 745, 721, 694, 686, 654, 636, 637, 630, 598, 569, 548, 534, 507, 488, 474, 444, 433, 394, 387, 371, 345, 326, 294, 272, 273, 239, 223, 215, 180, 163, 133, 128, 110, 80, 50, 30
868, 848, 837, 801, 788, 745, 721, 694, 686, 654, 636, 637, 630, 598, 569, 548, 534, 507, 488, 474, 444, 433, 394, 387, 371, 345, 326, 294, 272, 273, 239, 223, 215, 180, 163, 133, 128, 110, 80, 50, 31
868, 867, 886, 911, 926, 945, 971, 992, 1015, 1040, 1059, 1058, 1077, 1112, 1128, 1143, 1171, 1186, 1207, 1229, 1253, 1269, 1285, 1300, 1328, 1344, 1379, 1380, 1389, 1422, 1430, 1453, 1479, 1478, 1507, 1515, 1551, 8, 7, 32
868, 867, 886, 911, 926, 945, 971, 992, 1015, 1040, 1059, 1058, 1077, 1112, 1128, 1143, 1171, 1186, 1207, 1229, 1253, 1269, 1285, 1300, 1328, 1344, 1379, 1380, 1389, 1422, 1430, 1453, 1479, 1478, 1507, 1515, 1551, 9, 33
868, 867, 886, 911, 926, 945, 971, 992, 1015, 1040, 1059, 1058, 1077, 1112, 1128, 1143, 1171, 1186, 1207, 1229, 1253, 1269, 1285, 1300, 1328, 1344, 1379, 1380, 1389, 1422, 1430, 1453, 1479, 1508, 1516, 1550, 10, 34
868, 867, 886, 911, 926, 945, 971, 992, 1015, 1040, 1059, 1058, 1077, 1112, 1128, 1143, 1171, 1186, 1207, 1229, 1253, 1269, 1285, 1300, 1328, 1344, 1379, 1380, 1389, 1422, 1430, 1453, 1479, 1508, 1516, 1549, 11, 35
868, 867, 886, 911, 926, 945, 971, 992, 1015, 1040, 1059, 1058, 1077, 1112, 1128, 1143, 1171, 1186, 1207, 1229, 1253, 1269, 1285, 1300, 1328, 1344, 1379, 1387, 1420, 1431, 1454, 1480, 1509, 1517, 1548, 12, 36
868, 867, 886, 911, 925, 947, 970, 989, 1012, 1038, 1061, 1080, 1109, 1131, 1140, 1141, 1169, 1185, 1205, 1227, 1255, 1267, 1268, 1284, 1302, 1330, 1343, 1378, 1386, 1419, 1435, 1457, 1482, 1488, 1518, 1546, 14, 37
868, 867, 886, 911, 925, 947, 970, 989, 1012, 1038, 1061, 1080, 1109, 1131, 1140, 1167, 1183, 1201, 1225, 1257, 1264, 1280, 1307, 1335, 1358, 1372, 1403, 1414, 1438, 1460, 1459, 1485, 1489, 1521, 1544, 16, 38
868, 867, 886, 911, 925, 947, 970, 989, 1012, 1038, 1061, 1080, 1109, 1131, 1140, 1167, 1183, 1201, 1225, 1257, 1264, 1280, 1307, 1335, 1358, 1372, 1403, 1414, 1438, 1460, 1459, 1485, 1489, 1521, 1544, 16, 39
868, 867, 886, 911, 925, 947, 970, 989, 1012, 1038, 1061, 1080, 1109, 1131, 1140, 1167, 1183, 1201, 1225, 1257, 1264, 1280, 1307, 1335, 1358, 1372, 1403, 1414, 1438, 1460, 1459, 1485, 1489, 1521, 1544, 16, 40
868, 848, 813, 802, 786, 743, 723, 697, 689, 651, 633, 612, 593, 586, 563, 530, 512, 482, 469, 451, 426, 409, 373, 357, 337, 318, 287, 264, 252, 236, 204, 189, 173, 143, 117, 98, 67, 62, 41
868, 867, 886, 911, 925, 947, 968, 988, 1011, 1037, 1062, 1081, 1106, 1133, 1137, 1165, 1179, 1220, 1223, 1259, 1262, 1261, 1296, 1310, 1338, 1355, 1369, 1398, 1411, 1442, 1464, 1470, 1496, 1528, 1538, 2, 26, 42
868, 867, 886, 911, 925, 947, 968, 988, 1011, 1037, 1062, 1081, 1106, 1133, 1137, 1165, 1179, 1220, 1223, 1259, 1262, 1261, 1296, 1310, 1338, 1355, 1369, 1398, 1411, 1442, 1464, 1470, 1496, 1528, 1538, 2, 26, 43
868, 867, 886, 911, 925, 947, 968, 988, 1011, 1037, 1062, 1081, 1106, 1133, 1137, 1165, 1179, 1220, 1223, 1259, 1262, 1261, 1296, 1310, 1338, 1355, 1369, 1398, 1411, 1442, 1464, 1470, 1496, 1528, 1538, 2, 26, 44
868, 848, 837, 801, 788, 745, 721, 694, 686, 654, 636, 607, 596, 567, 546, 532, 510, 484, 471, 447, 429, 412, 392, 355, 341, 321, 289, 267, 255, 217, 200, 185, 168, 139, 122, 92, 83, 45
868, 867, 886, 911, 925, 947, 968, 988, 1011, 1037, 1062, 1081, 1106, 1133, 1137, 1165, 1179, 1220, 1223, 1259, 1262, 1261, 1296, 1310, 1338, 1355, 1369, 1398, 1411, 1442, 1464, 1470, 1496, 1528, 1538, 2, 26, 27, 46
868, 848, 837, 801, 788, 745, 721, 694, 686, 654, 636, 637, 630, 598, 569, 548, 534, 507, 488, 474, 444, 433, 394, 387, 371, 345, 326, 294, 272, 259, 221, 216, 182, 165, 136, 127, 89, 81, 82, 47
868, 848, 837, 801, 788, 745, 721, 694, 686, 654, 636, 637, 630, 598, 569, 548, 534, 507, 488, 474, 444, 433, 394, 387, 371, 345, 326, 294, 272, 259, 221, 216, 182, 165, 136, 127, 89, 81, 48
868, 848, 837, 801, 788, 745, 721, 694, 686, 654, 636, 637, 630, 598, 569, 548, 534, 507, 488, 474, 444, 433, 394, 387, 371, 345, 326, 294, 272, 259, 221, 216, 182, 165, 136, 127, 89, 81, 49
868, 848, 837, 801, 788, 745, 721, 694, 686, 654, 636, 637, 630, 598, 569, 548, 534, 507, 488, 474, 444, 433, 394, 387, 371, 345, 326, 294, 272, 273, 239, 223, 215, 180, 163, 133, 128, 110, 80, 50
868, 848, 837, 801, 788, 745, 721, 694, 686, 654, 636, 637, 630, 598, 569, 548, 534, 507, 488, 474, 444, 433, 394, 387, 371, 345, 326, 294, 272, 273, 239, 223, 215, 180, 163, 133, 128, 110, 78, 51
868, 867, 886, 911, 926, 945, 971, 992, 1015, 1040, 1059, 1058, 1077, 1112, 1128, 1143, 1171, 1186, 1207, 1229, 1253, 1269, 1285, 1300, 1328, 1344, 1379, 1380, 1389, 1422, 1430, 1453, 1479, 1478, 1507, 1515, 1551, 8, 7, 32, 52
868, 867, 886, 911, 926, 945, 971, 992, 1015, 1040, 1059, 1058, 1077, 1112, 1128, 1143, 1171, 1186, 1207, 1229, 1253, 1269, 1285, 1300, 1328, 1344, 1379, 1380, 1389, 1422, 1430, 1453, 1479, 1508, 1516, 1550, 10, 34, 53
868, 867, 886, 911, 926, 945, 971, 992, 1015, 1040, 1059, 1058, 1077, 1112, 1128, 1143, 1171, 1186, 1207, 1229, 1253, 1269, 1285, 1300, 1328, 1344, 1379, 1380, 1389, 1422, 1430, 1453, 1479, 1508, 1516, 1550, 10, 34, 54
868, 867, 886, 911, 926, 945, 971, 992, 1015, 1040, 1059, 1058, 1077, 1112, 1128, 1143, 1171, 1186, 1207, 1229, 1253, 1269, 1285, 1300, 1328, 1344, 1379, 1380, 1389, 1422, 1430, 1453, 1479, 1508, 1516, 1549, 11, 35, 55
868, 867, 886, 911, 926, 945, 971, 992, 1015, 1040, 1059, 1058, 1077, 1112, 1128, 1143, 1171, 1186, 1207, 1229, 1253, 1269, 1285, 1300, 1328, 1344, 1379, 1387, 1420, 1431, 1454, 1480, 1509, 1517, 1548, 12, 36, 56
868, 867, 886, 911, 926, 945, 971, 992, 1015, 1040, 1059, 1058, 1077, 1112, 1128, 1143, 1171, 1186, 1207, 1229, 1253, 1269, 1285, 1300, 1328, 1344, 1379, 1387, 1420, 1431, 1454, 1480, 1509, 1517, 1548, 12, 36, 57
868, 867, 886, 911, 925, 947, 970, 989, 1012, 1038, 1061, 1080, 1109, 1131, 1140, 1141, 1169, 1185, 1205, 1227, 1255, 1267, 1268, 1284, 1302, 1330, 1343, 1378, 1386, 1419, 1435, 1457, 1482, 1488, 1518, 1546, 14, 37, 58
868, 867, 886, 911, 925, 947, 970, 989, 1012, 1038, 1061, 1080, 1109, 1131, 1140, 1167, 1183, 1201, 1225, 1257, 1264, 1280, 1307, 1335, 1358, 1372, 1403, 1414, 1438, 1460, 1459, 1485, 1489, 1521, 1544, 16, 38, 59
868, 848, 813, 802, 786, 743, 723, 697, 689, 651, 633, 612, 593, 586, 563, 530, 512, 482, 469, 451, 426, 409, 373, 357, 337, 318, 287, 264, 252, 236, 204, 189, 173, 143, 117, 98, 67, 62, 61, 60
868, 848, 813, 802, 786, 743, 723, 697, 689, 651, 633, 612, 593, 586, 563, 530, 512, 482, 469, 451, 426, 409, 373, 357, 337, 318, 287, 264, 252, 236, 204, 189, 173, 143, 117, 98, 67, 62, 61
868, 848, 813, 802, 786, 743, 723, 697, 689, 651, 633, 612, 593, 586, 563, 530, 512, 482, 469, 451, 426, 409, 373, 357, 337, 318, 287, 264, 252, 236, 204, 189, 173, 143, 117, 98, 67, 62
868, 867, 886, 911, 925, 947, 968, 988, 1011, 1037, 1062, 1081, 1106, 1133, 1137, 1165, 1179, 1220, 1223, 1259, 1262, 1298, 1309, 1336, 1357, 1370, 1401, 1413, 1440, 1462, 1468, 1494, 1525, 1541, 19, 21, 63
868, 867, 886, 911, 925, 947, 968, 988, 1011, 1037, 1062, 1081, 1106, 1133, 1137, 1165, 1179, 1220, 1223, 1259, 1262, 1298, 1309, 1336, 1357, 1370, 1401, 1413, 1440, 1462, 1468, 1494, 1525, 1541, 20, 22, 64
868, 867, 886, 911, 925, 947, 968, 988, 1011, 1037, 1062, 1081, 1106, 1133, 1137, 1165, 1179, 1220, 1223, 1259, 1262, 1298, 1309, 1336, 1357, 1370, 1401, 1413, 1440, 1462, 1468, 1494, 1525, 1541, 20, 22, 65
868, 867, 886, 911, 925, 947, 968, 988, 1011, 1037, 1062, 1081, 1106, 1133, 1137, 1165, 1179, 1220, 1223, 1259, 1262, 1261, 1296, 1310, 1338, 1355, 1369, 1398, 1411, 1442, 1464, 1470, 1496, 1528, 1539, 1, 25, 66
868, 848, 813, 802, 786, 743, 723, 697, 689, 651, 633, 612, 593, 586, 563, 530, 512, 482, 469, 451, 426, 409, 373, 357, 337, 318, 287, 264, 252, 236, 204, 189, 173, 143, 117, 98, 67
868, 848, 813, 802, 786, 743, 723, 697, 689, 651, 633, 612, 593, 586, 563, 530, 512, 482, 469, 451, 426, 409, 373, 357, 337, 318, 287, 264, 252, 236, 204, 189, 173, 143, 117, 98, 67, 68
868, 848, 813, 802, 786, 743, 723, 697, 689, 651, 633, 612, 593, 586, 563, 530, 512, 482, 469, 451, 426, 409, 373, 357, 337, 318, 287, 264, 252, 236, 204, 189, 173, 143, 117, 98, 67, 68, 69
868, 848, 813, 802, 786, 743, 723, 697, 689, 651, 633, 612, 593, 586, 563, 530, 512, 482, 469, 451, 426, 409, 373, 357, 337, 318, 287, 264, 252, 236, 204, 189, 173, 143, 117, 98, 67, 68, 69, 70
868, 867, 886, 911, 925, 947, 970, 989, 1012, 1038, 1061, 1080, 1109, 1131, 1140, 1141, 1169, 1185, 1205, 1227, 1255, 1267, 1268, 1284, 1302, 1330, 1343, 1378, 1386, 1419, 1435, 1457, 1482, 1488, 1518, 1546, 14, 37, 58, 71
868, 867, 886, 911, 926, 945, 971, 992, 1015, 1040, 1059, 1058, 1077, 1112, 1128, 1143, 1171, 1186, 1207, 1229, 1253, 1269, 1285, 1300, 1328, 1344, 1379, 1387, 1420, 1431, 1454, 1480, 1509, 1517, 1548, 12, 36, 57, 72
868, 867, 886, 911, 926, 945, 971, 992, 1015, 1040, 1059, 1058, 1077, 1112, 1128, 1143, 1171, 1186, 1207, 1229, 1253, 1269, 1285, 1300, 1328, 1344, 1379, 1387, 1420, 1431, 1454, 1480, 1509, 1517, 1548, 12, 36, 56, 73
868, 867, 886, 911, 926, 945, 971, 992, 1015, 1040, 1059, 1058, 1077, 1112, 1128, 1143, 1171, 1186, 1207, 1229, 1253, 1269, 1285, 1300, 1328, 1344, 1379, 1380, 1389, 1422, 1430, 1453, 1479, 1508, 1516, 1549, 11, 35, 55, 74
868, 867, 886, 911, 926, 945, 971, 992, 1015, 1040, 1059, 1058, 1077, 1112, 1128, 1143, 1171, 1186, 1207, 1229, 1253, 1269, 1285, 1300, 1328, 1344, 1379, 1380, 1389, 1422, 1430, 1453, 1479, 1508, 1516, 1550, 10, 34, 54, 75
868, 867, 886, 911, 926, 945, 971, 992, 1015, 1040, 1059, 1058, 1077, 1112, 1128, 1143, 1171, 1186, 1207, 1229, 1253, 1269, 1285, 1300, 1328, 1344, 1379, 1380, 1389, 1422, 1430, 1453, 1479, 1508, 1516, 1550, 10, 34, 54, 76
868, 848, 837, 801, 788, 745, 721, 694, 686, 654, 636, 637, 630, 598, 569, 548, 534, 507, 488, 474, 444, 433, 394, 395, 386, 369, 347, 305, 296, 274, 241, 224, 214, 178, 162, 152, 130, 108, 77
868, 848, 837, 801, 788, 745, 721, 694, 686, 654, 636, 637, 630, 598, 569, 548, 534, 507, 488, 474, 444, 433, 394, 387, 371, 345, 326, 294, 272, 273, 239, 223, 215, 180, 163, 133, 128, 110, 78
868, 848, 837, 801, 788, 745, 721, 694, 686, 654, 636, 637, 630, 598, 569, 548, 534, 507, 488, 474, 444, 433, 394, 387, 371, 345, 326, 294, 272, 273, 239, 223, 215, 180, 163, 133, 128, 110, 79
868, 848, 837, 801, 788, 745, 721, 694, 686, 654, 636, 637, 630, 598, 569, 548, 534, 507, 488, 474, 444, 433, 394, 387, 371, 345, 326, 294, 272, 273, 239, 223, 215, 180, 163, 133, 128, 110, 80
868, 848, 837, 801, 788, 745, 721, 694, 686, 654, 636, 637, 630, 598, 569, 548, 534, 507, 488, 474, 444, 433, 394, 387, 371, 345, 326, 294, 272, 259, 221, 216, 182, 165, 136, 127, 89, 81
868, 848, 837, 801, 788, 745, 721, 694, 686, 654, 636, 637, 630, 598, 569, 548, 534, 507, 488, 474, 444, 433, 394, 387, 371, 345, 326, 294, 272, 259, 221, 216, 182, 165, 136, 127, 89, 81, 82
868, 848, 837, 801, 788, 745, 721, 694, 686, 654, 636, 607, 596, 567, 546, 532, 510, 484, 471, 447, 429, 412, 392, 355, 341, 321, 289, 267, 255, 217, 200, 185, 168, 139, 122, 92, 83
868, 848, 837, 801, 788, 745, 721, 694, 686, 654, 636, 607, 596, 567, 546, 532, 510, 484, 471, 447, 429, 412, 392, 355, 341, 321, 289, 267, 255, 217, 200, 185, 168, 139, 122, 93, 84
868, 848, 837, 801, 788, 745, 721, 694, 686, 654, 636, 607, 596, 567, 546, 532, 510, 484, 471, 447, 429, 412, 392, 355, 341, 321, 289, 267, 255, 217, 200, 185, 168, 139, 122, 93, 85
868, 848, 837, 801, 788, 745, 721, 694, 686, 654, 636, 607, 596, 567, 546, 532, 510, 484, 471, 447, 429, 412, 392, 355, 341, 321, 289, 266, 254, 238, 202, 186, 170, 140, 120, 95, 86
868, 867, 886, 911, 925, 947, 968, 988, 1011, 1037, 1062, 1081, 1106, 1133, 1137, 1165, 1179, 1220, 1223, 1259, 1262, 1298, 1309, 1336, 1357, 1370, 1401, 1413, 1440, 1462, 1468, 1494, 1525, 1541, 20, 22, 64, 87
868, 848, 813, 802, 786, 743, 723, 697, 689, 651, 633, 612, 593, 586, 563, 530, 512, 482, 469, 451, 426, 409, 373, 357, 337, 318, 287, 264, 252, 236, 204, 188, 172, 141, 118, 96, 88
868, 848, 837, 801, 788, 745, 721, 694, 686, 654, 636, 637, 630, 598, 569, 548, 534, 507, 488, 474, 444, 433, 394, 387, 371, 345, 326, 294, 272, 259, 221, 216, 182, 165, 136, 127, 89
868, 848, 837, 801, 788, 745, 721, 694, 686, 654, 636, 637, 630, 598, 569, 548, 534, 507, 488, 474, 444, 433, 394, 387, 371, 345, 326, 294, 272, 259, 221, 216, 182, 165, 136, 127, 89, 90
868, 848, 837, 801, 788, 745, 721, 694, 686, 654, 636, 607, 596, 567, 546, 532, 510, 484, 471, 447, 429, 412, 392, 355, 341, 321, 289, 267, 255, 217, 200, 185, 168, 139, 122, 91
868, 848, 837, 801, 788, 745, 721, 694, 686, 654, 636, 607, 596, 567, 546, 532, 510, 484, 471, 447, 429, 412, 392, 355, 341, 321, 289, 267, 255, 217, 200, 185, 168, 139, 122, 92
868, 848, 837, 801, 788, 745, 721, 694, 686, 654, 636, 607, 596, 567, 546, 532, 510, 484, 471, 447, 429, 412, 392, 355, 341, 321, 289, 267, 255, 217, 200, 185, 168, 139, 122, 93
868, 848, 837, 801, 788, 745, 721, 694, 686, 654, 636, 607, 596, 567, 546, 532, 510, 484, 471, 447, 429, 412, 392, 355, 341, 321, 289, 266, 254, 238, 202, 186, 170, 140, 120, 94
868, 848, 837, 801, 788, 745, 721, 694, 686, 654, 636, 607, 596, 567, 546, 532, 510, 484, 471, 447, 429, 412, 392, 355, 341, 321, 289, 266, 254, 238, 202, 186, 170, 140, 120, 95
868, 848, 813, 802, 786, 743, 723, 697, 689, 651, 633, 612, 593, 586, 563, 530, 512, 482, 469, 451, 426, 409, 373, 357, 337, 318, 287, 264, 252, 236, 204, 188, 172, 141, 118, 96
868, 848, 813, 802, 786, 743, 723, 697, 689, 651, 633, 612, 593, 586, 563, 530, 512, 482, 469, 451, 426, 409, 373, 357, 337, 318, 287, 264, 252, 236, 204, 189, 173, 143, 117, 98, 97
868, 848, 813, 802, 786, 743, 723, 697, 689, 651, 633, 612, 593, 586, 563, 530, 512, 482, 469, 451, 426, 409, 373, 357, 337, 318, 287, 264, 252, 236, 204, 189, 173, 143, 117, 98
868, 848, 813, 802, 786, 743, 723, 697, 689, 651, 633, 612, 593, 586, 563, 530, 512, 482, 469, 451, 426, 409, 373, 357, 337, 318, 287, 264, 252, 236, 204, 189, 173, 143, 117, 99
