1447, 1473, 1499, 1529, 1530, 1538, 1, 0
1447, 1473, 1499, 1529, 1530, 1538, 1
1447, 1473, 1499, 1529, 1536, 2
1447, 1473, 1499, 1528, 1535, 3
1447, 1474, 1500, 1526, 1553, 4
1447, 1474, 1500, 1526, 1553, 5
1447, 1474, 1500, 1501, 1502, 1525, 1552, 6
1447, 1448, 1475, 1476, 1503, 1523, 1551, 7
1447, 1448, 1475, 1476, 1503, 1523, 1551, 7, 8
1447, 1448, 1475, 1476, 1503, 1523, 1522, 1550, 9
1447, 1448, 1475, 1476, 1503, 1523, 1522, 1550, 9, 10
1447, 1448, 1475, 1476, 1477, 1478, 1479, 1508, 1520, 1548, 11
1447, 1448, 1475, 1476, 1477, 1478, 1479, 1480, 1510, 1519, 1547, 12
1447, 1448, 1475, 1476, 1477, 1478, 1479, 1480, 1510, 1519, 1547, 12, 13
1447, 1448, 1475, 1476, 1477, 1478, 1479, 1480, 1510, 1519, 1547, 12, 13, 14
1447, 1448, 1475, 1476, 1477, 1478, 1479, 1480, 1510, 1519, 1547, 12, 13, 14, 15
1447, 1473, 1499, 1529, 1530, 1538, 1, 0, 20, 19, 18, 17, 16
1447, 1473, 1499, 1529, 1530, 1538, 1, 0, 20, 19, 18, 17
1447, 1473, 1499, 1529, 1530, 1538, 1, 0, 20, 19, 18
1447, 1473, 1499, 1529, 1530, 1538, 1, 0, 20, 19
1447, 1473, 1499, 1529, 1530, 1538, 1, 0, 20
1447, 1473, 1499, 1529, 1530, 1538, 1, 0, 20, 19, 21
1447, 1473, 1499, 1529, 1536, 2, 26, 25, 24, 23, 22
1447, 1473, 1499, 1529, 1536, 2, 26, 25, 24, 23
1447, 1473, 1499, 1529, 1536, 2, 26, 25, 24
1447, 1473, 1499, 1529, 1536, 2, 26, 25
1447, 1473, 1499, 1529, 1536, 2, 26
1447, 1473, 1499, 1528, 1535, 3, 27
1447, 1474, 1500, 1526, 1553, 5, 28
1447, 1474, 1500, 1526, 1553, 5, 29
1447, 1474, 1500, 1501, 1502, 1525, 1552, 6, 30
1447, 1474, 1500, 1501, 1502, 1525, 1552, 6, 31
1447, 1448, 1475, 1476, 1503, 1523, 1551, 7, 32
1447, 1448, 1475, 1476, 1503, 1523, 1522, 1550, 9, 33
1447, 1448, 1475, 1476, 1503, 1523, 1522, 1550, 9, 10, 34
1447, 1448, 1475, 1476, 1477, 1478, 1479, 1508, 1520, 1548, 11, 35
1447, 1448, 1475, 1476, 1477, 1478, 1479, 1480, 1510, 1519, 1547, 12, 36
1447, 1448, 1475, 1476, 1477, 1478, 1479, 1480, 1510, 1519, 1547, 12, 36, 37
1447, 1473, 1499, 1529, 1530, 1538, 1, 0, 20, 19, 18, 17, 16, 38
1447, 1473, 1499, 1529, 1530, 1538, 1, 0, 20, 19, 21, 41, 40, 39
