375, 370, 336, 310, 283, 263, 251, 235, 204, 184, 163, 141, 118, 97, 88, 48, 22, 23, 0
375, 370, 336, 310, 283, 263, 251, 235, 204, 184, 163, 141, 140, 120, 96, 86, 49, 25, 1
375, 374, 369, 368, 339, 306, 305, 289, 267, 255, 217, 200, 187, 159, 139, 122, 93, 83, 52, 26, 2
375, 374, 369, 368, 339, 306, 305, 289, 267, 255, 217, 200, 187, 159, 139, 122, 93, 83, 52, 27, 3
375, 374, 369, 368, 339, 306, 305, 289, 267, 255, 217, 200, 187, 159, 139, 122, 93, 83, 52, 27, 3, 4
375, 374, 369, 368, 339, 306, 305, 289, 267, 255, 217, 200, 187, 159, 139, 122, 93, 83, 52, 27, 3, 4, 5
375, 374, 369, 368, 339, 306, 305, 289, 267, 255, 217, 200, 187, 159, 139, 122, 93, 83, 52, 27, 3, 4, 5, 6
375, 370, 336, 335, 311, 304, 282, 246, 230, 209, 178, 169, 148, 111, 105, 74, 75, 62, 34, 10, 9, 8, 7
375, 370, 336, 335, 311, 304, 282, 246, 230, 209, 178, 169, 148, 111, 105, 74, 75, 62, 34, 10, 9, 8
375, 370, 336, 335, 311, 304, 282, 246, 230, 209, 178, 169, 148, 111, 105, 74, 75, 62, 34, 10, 9
375, 370, 336, 335, 311, 304, 282, 246, 230, 209, 178, 169, 148, 111, 105, 74, 75, 62, 34, 10
375, 370, 336, 335, 311, 304, 282, 246, 230, 209, 178, 169, 148, 111, 105, 74, 63, 35, 11
375, 370, 336, 335, 311, 304, 282, 246, 230, 209, 178, 169, 148, 111, 105, 73, 64, 36, 12
375, 370, 336, 335, 311, 304, 282, 246, 230, 209, 178, 169, 148, 111, 105, 73, 64, 36, 12, 13
375, 370, 336, 310, 285, 262, 250, 234, 205, 181, 166, 144, 115, 103, 70, 71, 66, 37, 14
375, 370, 336, 310, 285, 262, 250, 234, 205, 181, 166, 144, 115, 103, 70, 42, 38, 15
375, 370, 336, 310, 283, 263, 251, 235, 204, 183, 164, 143, 117, 100, 101, 68, 45, 40, 16
375, 370, 336, 310, 283, 263, 251, 235, 204, 183, 164, 143, 117, 99, 67, 46, 41, 17
375, 370, 336, 310, 283, 263, 251, 235, 204, 184, 163, 141, 118, 97, 88, 47, 21, 18
375, 370, 336, 310, 283, 263, 251, 235, 204, 184, 163, 141, 118, 97, 88, 47, 21, 19
375, 370, 336, 310, 283, 263, 251, 235, 204, 184, 163, 141, 118, 97, 88, 48, 22, 20
375, 370, 336, 310, 283, 263, 251, 235, 204, 184, 163, 141, 118, 97, 88, 47, 21
375, 370, 336, 310, 283, 263, 251, 235, 204, 184, 163, 141, 118, 97, 88, 48, 22
375, 370, 336, 310, 283, 263, 251, 235, 204, 184, 163, 141, 118, 97, 88, 48, 22, 23
375, 370, 336, 310, 283, 263, 251, 235, 204, 184, 163, 141, 140, 120, 96, 86, 49, 24
375, 370, 336, 310, 283, 263, 251, 235, 204, 184, 163, 141, 140, 120, 96, 86, 49, 25
375, 374, 369, 368, 339, 306, 305, 289, 267, 255, 217, 200, 187, 159, 139, 122, 93, 83, 52, 26
375, 374, 369, 368, 339, 306, 305, 289, 267, 255, 217, 200, 187, 159, 139, 122, 93, 83, 52, 27
375, 374, 369, 368, 339, 306, 305, 289, 267, 255, 217, 200, 187, 159, 139, 122, 93, 83, 52, 27, 28
375, 374, 369, 368, 339, 306, 305, 289, 267, 255, 217, 200, 187, 159, 139, 122, 93, 83, 52, 27, 28, 29
375, 374, 369, 368, 339, 306, 305, 289, 267, 255, 217, 200, 187, 159, 139, 122, 93, 83, 52, 27, 28, 29, 30
375, 374, 369, 368, 339, 306, 305, 289, 267, 255, 217, 200, 187, 159, 139, 122, 93, 83, 52, 27, 28, 29, 30, 31
375, 370, 336, 335, 334, 333, 332, 331, 314, 301, 278, 244, 228, 211, 176, 172, 150, 132, 107, 108, 77, 60, 32
375, 370, 336, 335, 311, 304, 282, 246, 230, 209, 178, 169, 148, 111, 105, 106, 76, 61, 33
375, 370, 336, 335, 311, 304, 282, 246, 230, 209, 178, 169, 148, 111, 105, 74, 75, 62, 34
375, 370, 336, 335, 311, 304, 282, 246, 230, 209, 178, 169, 148, 111, 105, 74, 63, 35
375, 370, 336, 335, 311, 304, 282, 246, 230, 209, 178, 169, 148, 111, 105, 73, 64, 36
375, 370, 336, 310, 285, 262, 250, 234, 205, 181, 166, 144, 115, 103, 70, 71, 66, 37
375, 370, 336, 310, 285, 262, 250, 234, 205, 181, 166, 144, 115, 103, 70, 42, 38
375, 370, 336, 310, 283, 263, 251, 235, 204, 183, 164, 143, 117, 100, 101, 68, 45, 44, 39
