809, 780, 763, 728, 702, 671, 670, 649, 631, 614, 592, 583, 562, 530, 512, 498, 467, 454, 424, 403, 375, 370, 336, 310, 283, 263, 251, 235, 204, 184, 163, 141, 118, 97, 88, 48, 22, 23, 0
809, 780, 763, 728, 702, 671, 670, 649, 631, 614, 592, 583, 562, 530, 512, 498, 467, 454, 424, 403, 375, 370, 336, 310, 283, 263, 251, 235, 204, 184, 163, 141, 140, 120, 96, 86, 49, 25, 1
809, 780, 763, 728, 702, 671, 670, 649, 631, 614, 592, 583, 562, 529, 513, 497, 469, 453, 425, 402, 374, 369, 368, 339, 306, 305, 289, 267, 255, 217, 200, 187, 159, 139, 122, 93, 83, 52, 26, 2
809, 780, 763, 728, 702, 671, 670, 649, 631, 614, 592, 583, 562, 529, 513, 497, 469, 453, 425, 402, 374, 369, 368, 339, 306, 305, 289, 267, 255, 217, 200, 187, 159, 139, 122, 93, 83, 52, 27, 3
809, 780, 763, 728, 702, 671, 670, 649, 631, 614, 592, 583, 562, 529, 513, 497, 469, 453, 425, 402, 374, 369, 368, 339, 306, 305, 289, 267, 255, 217, 200, 187, 159, 139, 122, 93, 83, 52, 27, 3, 4
809, 780, 763, 729, 703, 672, 667, 647, 616, 589, 580, 558, 534, 509, 481, 463, 458, 419, 407, 379, 353, 331, 314, 301, 278, 244, 228, 211, 176, 172, 150, 132, 107, 108, 77, 60, 59, 31, 6, 5
809, 780, 763, 729, 703, 672, 667, 647, 616, 589, 580, 558, 534, 509, 481, 463, 458, 419, 407, 379, 353, 331, 314, 301, 278, 244, 228, 211, 176, 172, 150, 132, 107, 108, 77, 60, 59, 31, 6
809, 780, 763, 729, 703, 672, 667, 647, 616, 589, 580, 558, 534, 509, 481, 463, 458, 419, 407, 379, 353, 331, 314, 301, 278, 244, 228, 211, 176, 172, 150, 132, 107, 108, 77, 60, 32, 7
809, 780, 763, 729, 703, 672, 667, 647, 616, 589, 580, 558, 534, 509, 481, 463, 458, 419, 407, 379, 353, 331, 314, 301, 278, 244, 228, 211, 176, 172, 150, 132, 107, 76, 61, 33, 8
809, 780, 763, 729, 703, 672, 667, 647, 616, 589, 580, 558, 534, 509, 481, 463, 458, 419, 407, 379, 353, 331, 314, 301, 278, 244, 228, 211, 176, 172, 150, 132, 107, 76, 61, 33, 9
809, 780, 763, 729, 703, 672, 667, 647, 616, 589, 580, 558, 534, 509, 481, 463, 458, 419, 407, 379, 353, 331, 314, 301, 278, 244, 228, 211, 176, 172, 150, 132, 106, 75, 62, 34, 10
809, 780, 763, 729, 703, 672, 667, 647, 616, 589, 580, 558, 534, 509, 481, 463, 458, 419, 407, 379, 353, 331, 314, 302, 281, 245, 229, 210, 177, 170, 149, 112, 105, 74, 63, 35, 11
809, 780, 763, 729, 703, 672, 667, 647, 616, 589, 580, 558, 534, 509, 481, 463, 458, 419, 407, 379, 353, 331, 314, 302, 281, 245, 229, 210, 177, 170, 149, 112, 105, 73, 64, 36, 12
809, 780, 763, 729, 703, 672, 667, 647, 616, 589, 580, 558, 534, 509, 481, 463, 458, 419, 407, 379, 353, 331, 314, 302, 281, 245, 229, 210, 177, 170, 149, 112, 105, 73, 64, 36, 12, 13
809, 780, 763, 729, 703, 672, 667, 647, 616, 589, 580, 558, 534, 509, 481, 463, 458, 419, 407, 379, 353, 331, 314, 302, 281, 245, 229, 210, 177, 170, 149, 112, 105, 73, 64, 36, 12, 13, 14
809, 780, 763, 728, 702, 671, 670, 649, 631, 614, 592, 583, 562, 530, 512, 498, 467, 454, 424, 403, 375, 370, 336, 310, 285, 262, 250, 234, 205, 181, 166, 144, 115, 103, 70, 42, 38, 15
809, 780, 763, 728, 702, 671, 670, 649, 631, 614, 592, 583, 562, 530, 512, 498, 467, 454, 424, 403, 375, 370, 336, 310, 283, 263, 251, 235, 204, 183, 164, 143, 117, 100, 101, 68, 45, 40, 16
809, 780, 763, 728, 702, 671, 670, 649, 631, 614, 592, 583, 562, 530, 512, 498, 467, 454, 424, 403, 375, 370, 336, 310, 283, 263, 251, 235, 204, 183, 164, 143, 117, 99, 67, 46, 41, 17
809, 780, 763, 728, 702, 671, 670, 649, 631, 614, 592, 583, 562, 530, 512, 498, 467, 454, 424, 403, 375, 370, 336, 310, 283, 263, 251, 235, 204, 184, 163, 141, 118, 97, 88, 47, 21, 18
809, 780, 763, 728, 702, 671, 670, 649, 631, 614, 592, 583, 562, 530, 512, 498, 467, 454, 424, 403, 375, 370, 336, 310, 283, 263, 251, 235, 204, 184, 163, 141, 118, 97, 88, 47, 21, 19
809, 780, 763, 728, 702, 671, 670, 649, 631, 614, 592, 583, 562, 530, 512, 498, 467, 454, 424, 403, 375, 370, 336, 310, 283, 263, 251, 235, 204, 184, 163, 141, 118, 97, 88, 48, 22, 20
809, 780, 763, 728, 702, 671, 670, 649, 631, 614, 592, 583, 562, 530, 512, 498, 467, 454, 424, 403, 375, 370, 336, 310, 283, 263, 251, 235, 204, 184, 163, 141, 118, 97, 88, 47, 21
809, 780, 763, 728, 702, 671, 670, 649, 631, 614, 592, 583, 562, 530, 512, 498, 467, 454, 424, 403, 375, 370, 336, 310, 283, 263, 251, 235, 204, 184, 163, 141, 118, 97, 88, 48, 22
809, 780, 763, 728, 702, 671, 670, 649, 631, 614, 592, 583, 562, 530, 512, 498, 467, 454, 424, 403, 375, 370, 336, 310, 283, 263, 251, 235, 204, 184, 163, 141, 118, 97, 88, 48, 22, 23
809, 780, 763, 728, 702, 671, 670, 649, 631, 614, 592, 583, 562, 530, 512, 498, 467, 454, 424, 403, 375, 370, 336, 310, 283, 263, 251, 235, 204, 184, 163, 141, 140, 120, 96, 86, 49, 24
809, 780, 763, 728, 702, 671, 670, 649, 631, 614, 592, 583, 562, 530, 512, 498, 467, 454, 424, 403, 375, 370, 336, 310, 283, 263, 251, 235, 204, 184, 163, 141, 140, 120, 96, 86, 49, 25
809, 780, 763, 728, 702, 671, 670, 649, 631, 614, 592, 583, 562, 529, 513, 497, 469, 453, 425, 402, 374, 369, 368, 339, 306, 305, 289, 267, 255, 217, 200, 187, 159, 139, 122, 93, 83, 52, 26
809, 780, 763, 728, 702, 671, 670, 649, 631, 614, 592, 583, 562, 529, 513, 497, 469, 453, 425, 402, 374, 369, 368, 339, 306, 305, 289, 267, 255, 217, 200, 187, 159, 139, 122, 93, 83, 52, 27
809, 780, 763, 729, 703, 672, 667, 647, 616, 589, 580, 558, 534, 509, 481, 463, 462, 459, 418, 417, 411, 382, 383, 356, 349, 317, 298, 275, 241, 223, 215, 192, 175, 133, 134, 127, 89, 81, 56, 28
809, 780, 763, 729, 703, 672, 667, 647, 616, 589, 580, 558, 534, 509, 481, 463, 458, 419, 407, 379, 353, 331, 314, 301, 278, 244, 228, 211, 176, 172, 150, 132, 107, 108, 77, 60, 59, 31, 30, 29
809, 780, 763, 729, 703, 672, 667, 647, 616, 589, 580, 558, 534, 509, 481, 463, 458, 419, 407, 379, 353, 331, 314, 301, 278, 244, 228, 211, 176, 172, 150, 132, 107, 108, 77, 60, 59, 31, 30
809, 780, 763, 729, 703, 672, 667, 647, 616, 589, 580, 558, 534, 509, 481, 463, 458, 419, 407, 379, 353, 331, 314, 301, 278, 244, 228, 211, 176, 172, 150, 132, 107, 108, 77, 60, 59, 31
809, 780, 763, 729, 703, 672, 667, 647, 616, 589, 580, 558, 534, 509, 481, 463, 458, 419, 407, 379, 353, 331, 314, 301, 278, 244, 228, 211, 176, 172, 150, 132, 107, 108, 77, 60, 32
809, 780, 763, 729, 703, 672, 667, 647, 616, 589, 580, 558, 534, 509, 481, 463, 458, 419, 407, 379, 353, 331, 314, 301, 278, 244, 228, 211, 176, 172, 150, 132, 107, 76, 61, 33
809, 780, 763, 729, 703, 672, 667, 647, 616, 589, 580, 558, 534, 509, 481, 463, 458, 419, 407, 379, 353, 331, 314, 301, 278, 244, 228, 211, 176, 172, 150, 132, 106, 75, 62, 34
809, 780, 763, 729, 703, 672, 667, 647, 616, 589, 580, 558, 534, 509, 481, 463, 458, 419, 407, 379, 353, 331, 314, 302, 281, 245, 229, 210, 177, 170, 149, 112, 105, 74, 63, 35
809, 780, 763, 729, 703, 672, 667, 647, 616, 589, 580, 558, 534, 509, 481, 463, 458, 419, 407, 379, 353, 331, 314, 302, 281, 245, 229, 210, 177, 170, 149, 112, 105, 73, 64, 36
809, 780, 763, 729, 703, 672, 667, 647, 616, 589, 580, 558, 534, 509, 481, 463, 458, 419, 407, 379, 353, 331, 314, 302, 281, 245, 229, 210, 177, 170, 149, 112, 105, 73, 64, 36, 37
809, 780, 763, 728, 702, 671, 670, 649, 631, 614, 592, 583, 562, 530, 512, 498, 467, 454, 424, 403, 375, 370, 336, 310, 285, 262, 250, 234, 205, 181, 166, 144, 115, 103, 70, 42, 38
809, 780, 763, 728, 702, 671, 670, 649, 631, 614, 592, 583, 562, 530, 512, 498, 467, 454, 424, 403, 375, 370, 336, 310, 283, 263, 251, 235, 204, 183, 164, 143, 117, 100, 101, 68, 45, 44, 39
