945, 944, 975, 993, 992, 1016, 1039, 1058, 1076, 1103, 1128, 1143, 1172, 1191, 1218, 1228, 1254, 1268, 1283, 1303, 1331, 1361, 1375, 1384, 1417, 1437, 1458, 1459, 1486, 1492, 1514, 1541, 1540, 1539, 0
945, 944, 975, 993, 992, 1016, 1015, 1040, 1059, 1078, 1099, 1130, 1131, 1140, 1167, 1188, 1202, 1225, 1257, 1264, 1280, 1308, 1335, 1358, 1372, 1402, 1413, 1440, 1462, 1463, 1469, 1495, 1531, 1538, 1
945, 976, 994, 1020, 1036, 1056, 1074, 1105, 1126, 1145, 1174, 1194, 1215, 1232, 1233, 1249, 1273, 1289, 1318, 1324, 1323, 1349, 1350, 1364, 1394, 1407, 1425, 1447, 1473, 1499, 1529, 1536, 2
945, 976, 994, 1020, 1036, 1056, 1074, 1105, 1126, 1145, 1174, 1194, 1215, 1232, 1233, 1249, 1273, 1289, 1318, 1324, 1323, 1349, 1350, 1364, 1394, 1407, 1425, 1447, 1473, 1499, 1528, 1535, 3
945, 976, 994, 1020, 1036, 1056, 1074, 1105, 1126, 1145, 1174, 1194, 1215, 1232, 1233, 1249, 1273, 1289, 1318, 1324, 1323, 1349, 1362, 1392, 1404, 1426, 1449, 1475, 1501, 1526, 1553, 4
945, 976, 994, 1020, 1036, 1056, 1074, 1105, 1126, 1145, 1174, 1194, 1215, 1232, 1233, 1249, 1273, 1289, 1318, 1324, 1323, 1349, 1362, 1392, 1404, 1426, 1449, 1475, 1501, 1526, 1553, 5
945, 976, 994, 1020, 1036, 1056, 1074, 1105, 1126, 1145, 1174, 1194, 1215, 1232, 1233, 1249, 1273, 1289, 1318, 1324, 1323, 1349, 1362, 1392, 1404, 1426, 1449, 1475, 1502, 1525, 1552, 6
945, 976, 994, 1020, 1036, 1056, 1074, 1105, 1126, 1145, 1174, 1194, 1215, 1232, 1233, 1249, 1273, 1289, 1318, 1324, 1348, 1382, 1391, 1423, 1428, 1452, 1478, 1507, 1521, 1550, 8, 7
945, 976, 994, 1020, 1036, 1056, 1074, 1105, 1126, 1145, 1174, 1194, 1215, 1232, 1233, 1249, 1273, 1289, 1318, 1324, 1348, 1382, 1391, 1423, 1428, 1452, 1478, 1507, 1521, 1550, 8
945, 976, 994, 1020, 1036, 1056, 1074, 1105, 1126, 1145, 1174, 1194, 1215, 1232, 1233, 1249, 1273, 1289, 1318, 1324, 1348, 1382, 1391, 1423, 1428, 1452, 1478, 1507, 1521, 1550, 9
945, 976, 994, 1020, 1036, 1056, 1074, 1105, 1126, 1144, 1173, 1193, 1216, 1231, 1252, 1270, 1285, 1300, 1327, 1344, 1379, 1380, 1389, 1422, 1429, 1453, 1479, 1508, 1520, 1549, 10
945, 976, 994, 1020, 1036, 1056, 1074, 1105, 1126, 1144, 1173, 1193, 1216, 1231, 1252, 1270, 1285, 1300, 1327, 1344, 1379, 1380, 1389, 1422, 1429, 1453, 1479, 1508, 1520, 1548, 11
945, 976, 994, 1020, 1036, 1056, 1074, 1105, 1126, 1144, 1173, 1193, 1216, 1231, 1252, 1270, 1285, 1300, 1327, 1344, 1379, 1387, 1420, 1431, 1454, 1480, 1510, 1519, 1547, 12
945, 944, 975, 993, 992, 1016, 1039, 1058, 1076, 1103, 1128, 1143, 1172, 1191, 1218, 1228, 1254, 1268, 1284, 1302, 1329, 1343, 1378, 1386, 1419, 1433, 1456, 1482, 1488, 1518, 1545, 13
945, 944, 975, 993, 992, 1016, 1039, 1058, 1076, 1103, 1128, 1143, 1172, 1191, 1218, 1228, 1254, 1268, 1284, 1302, 1329, 1343, 1378, 1386, 1419, 1433, 1456, 1482, 1488, 1518, 1545, 14
945, 944, 975, 993, 992, 1016, 1039, 1058, 1076, 1103, 1128, 1143, 1172, 1191, 1218, 1228, 1254, 1268, 1284, 1302, 1329, 1343, 1378, 1386, 1419, 1433, 1456, 1482, 1488, 1517, 1544, 15
945, 944, 975, 993, 992, 1016, 1039, 1058, 1076, 1103, 1128, 1143, 1172, 1191, 1218, 1228, 1254, 1268, 1284, 1302, 1330, 1342, 1377, 1385, 1418, 1435, 1457, 1483, 1489, 1516, 1543, 16
945, 944, 975, 993, 992, 1016, 1039, 1058, 1076, 1103, 1128, 1143, 1172, 1191, 1218, 1228, 1254, 1268, 1284, 1302, 1330, 1342, 1377, 1385, 1418, 1435, 1457, 1483, 1489, 1516, 1543, 16, 17
945, 944, 975, 993, 992, 1016, 1039, 1058, 1076, 1103, 1128, 1143, 1172, 1191, 1218, 1228, 1254, 1268, 1283, 1303, 1331, 1361, 1375, 1384, 1417, 1437, 1458, 1459, 1486, 1492, 1514, 1541, 18
945, 944, 975, 993, 992, 1016, 1039, 1058, 1076, 1103, 1128, 1143, 1172, 1191, 1218, 1228, 1254, 1268, 1283, 1303, 1331, 1361, 1375, 1384, 1417, 1437, 1458, 1459, 1486, 1492, 1514, 1541, 1540, 19
945, 944, 975, 993, 992, 1016, 1039, 1058, 1076, 1103, 1128, 1143, 1172, 1191, 1218, 1228, 1254, 1268, 1283, 1303, 1331, 1361, 1375, 1384, 1417, 1437, 1458, 1459, 1486, 1492, 1514, 1541, 1540, 20
945, 944, 975, 993, 992, 1016, 1039, 1058, 1076, 1103, 1128, 1143, 1172, 1191, 1218, 1228, 1254, 1268, 1283, 1303, 1331, 1361, 1375, 1384, 1417, 1437, 1458, 1459, 1486, 1492, 1514, 1541, 18, 21
945, 944, 975, 993, 992, 1016, 1039, 1058, 1076, 1103, 1128, 1143, 1172, 1191, 1218, 1228, 1254, 1268, 1283, 1303, 1331, 1361, 1375, 1384, 1417, 1437, 1458, 1459, 1486, 1492, 1514, 1541, 1540, 20, 22
945, 944, 975, 993, 992, 1016, 1039, 1058, 1076, 1103, 1128, 1143, 1172, 1191, 1218, 1228, 1254, 1268, 1283, 1303, 1331, 1361, 1375, 1384, 1417, 1437, 1458, 1459, 1486, 1492, 1514, 1541, 1540, 1539, 0, 23
945, 944, 975, 993, 992, 1016, 1039, 1058, 1076, 1103, 1128, 1143, 1172, 1191, 1218, 1228, 1254, 1268, 1283, 1303, 1331, 1361, 1375, 1384, 1417, 1437, 1458, 1459, 1486, 1492, 1514, 1541, 1540, 1539, 0, 24
945, 930, 920, 919, 893, 865, 852, 834, 805, 782, 742, 726, 699, 690, 650, 632, 613, 593, 585, 563, 528, 513, 497, 469, 453, 425, 402, 374, 369, 337, 308, 287, 264, 252, 236, 204, 184, 163, 141, 140, 120, 96, 86, 49, 25
945, 976, 994, 1020, 1036, 1056, 1074, 1105, 1126, 1145, 1174, 1194, 1215, 1232, 1233, 1249, 1273, 1289, 1318, 1324, 1323, 1349, 1350, 1364, 1394, 1407, 1425, 1447, 1473, 1499, 1529, 1536, 2, 26
945, 976, 994, 1020, 1036, 1056, 1074, 1105, 1126, 1145, 1174, 1194, 1215, 1232, 1233, 1249, 1273, 1289, 1318, 1324, 1323, 1349, 1350, 1364, 1394, 1407, 1425, 1447, 1473, 1499, 1528, 1535, 3, 27
945, 976, 994, 1020, 1036, 1056, 1074, 1105, 1126, 1145, 1174, 1194, 1215, 1232, 1233, 1249, 1273, 1289, 1318, 1324, 1323, 1349, 1362, 1392, 1404, 1426, 1449, 1475, 1501, 1526, 1553, 5, 28
945, 976, 994, 1020, 1036, 1056, 1074, 1105, 1126, 1145, 1174, 1194, 1215, 1232, 1233, 1249, 1273, 1289, 1318, 1324, 1323, 1349, 1362, 1392, 1404, 1426, 1449, 1475, 1501, 1526, 1553, 5, 29
945, 976, 994, 1020, 1036, 1056, 1074, 1105, 1126, 1145, 1174, 1194, 1215, 1232, 1233, 1249, 1273, 1289, 1318, 1324, 1323, 1349, 1362, 1392, 1404, 1426, 1449, 1475, 1502, 1525, 1552, 6, 30
945, 976, 994, 1020, 1036, 1056, 1074, 1105, 1126, 1145, 1174, 1194, 1215, 1232, 1233, 1249, 1273, 1289, 1318, 1324, 1323, 1349, 1362, 1392, 1404, 1426, 1449, 1475, 1502, 1525, 1552, 6, 31
945, 976, 994, 1020, 1036, 1056, 1074, 1105, 1126, 1145, 1174, 1194, 1215, 1232, 1233, 1249, 1273, 1289, 1318, 1324, 1348, 1382, 1391, 1423, 1428, 1452, 1478, 1507, 1521, 1550, 8, 7, 32
945, 976, 994, 1020, 1036, 1056, 1074, 1105, 1126, 1145, 1174, 1194, 1215, 1232, 1233, 1249, 1273, 1289, 1318, 1324, 1348, 1382, 1391, 1423, 1428, 1452, 1478, 1507, 1521, 1550, 9, 33
945, 976, 994, 1020, 1036, 1056, 1074, 1105, 1126, 1144, 1173, 1193, 1216, 1231, 1252, 1270, 1285, 1300, 1327, 1344, 1379, 1380, 1389, 1422, 1429, 1453, 1479, 1508, 1520, 1549, 10, 34
945, 976, 994, 1020, 1036, 1056, 1074, 1105, 1126, 1144, 1173, 1193, 1216, 1231, 1252, 1270, 1285, 1300, 1327, 1344, 1379, 1380, 1389, 1422, 1429, 1453, 1479, 1508, 1520, 1548, 11, 35
945, 976, 994, 1020, 1036, 1056, 1074, 1105, 1126, 1144, 1173, 1193, 1216, 1231, 1252, 1270, 1285, 1300, 1327, 1344, 1379, 1387, 1420, 1431, 1454, 1480, 1510, 1519, 1547, 12, 36
945, 944, 975, 993, 992, 1016, 1039, 1058, 1076, 1103, 1128, 1143, 1172, 1191, 1218, 1228, 1254, 1268, 1284, 1302, 1329, 1343, 1378, 1386, 1419, 1433, 1456, 1482, 1488, 1518, 1545, 14, 37
945, 944, 975, 993, 992, 1016, 1039, 1058, 1076, 1103, 1128, 1143, 1172, 1191, 1218, 1228, 1254, 1268, 1284, 1302, 1329, 1343, 1378, 1386, 1419, 1433, 1456, 1482, 1488, 1517, 1544, 15, 38
945, 944, 975, 993, 992, 1016, 1039, 1058, 1076, 1103, 1128, 1143, 1172, 1191, 1218, 1228, 1254, 1268, 1284, 1302, 1330, 1342, 1377, 1385, 1418, 1435, 1457, 1483, 1489, 1516, 1543, 16, 39
