136, 120, 97, 75, 67, 39, 0
136, 120, 97, 75, 67, 40, 1
136, 137, 119, 99, 74, 65, 41, 2
136, 137, 119, 99, 74, 65, 41, 3
136, 137, 119, 99, 74, 65, 41, 4
136, 137, 119, 99, 74, 65, 64, 42, 5
136, 137, 138, 139, 118, 101, 71, 62, 44, 6
136, 137, 138, 139, 118, 117, 116, 104, 69, 61, 21, 7
136, 137, 138, 139, 118, 117, 116, 104, 69, 61, 60, 23, 8
136, 137, 138, 139, 118, 117, 116, 104, 69, 61, 60, 23, 8, 9
136, 137, 138, 139, 118, 117, 116, 104, 69, 61, 60, 23, 8, 9, 10
136, 137, 138, 139, 118, 117, 116, 104, 69, 61, 60, 23, 8, 9, 10, 11
136, 137, 138, 139, 118, 117, 116, 104, 69, 61, 60, 23, 8, 9, 10, 11, 12
136, 120, 121, 96, 95, 81, 48, 36, 18, 17, 16, 15, 14, 13
136, 120, 121, 96, 95, 81, 48, 36, 18, 17, 16, 15, 14
136, 120, 121, 96, 95, 81, 48, 36, 18, 17, 16, 15
136, 120, 121, 96, 95, 81, 48, 36, 18, 17, 16
136, 120, 121, 96, 95, 81, 48, 36, 18, 17
136, 120, 121, 96, 95, 81, 48, 36, 18
136, 120, 121, 96, 95, 81, 47, 37, 19
136, 120, 97, 76, 77, 46, 38, 20
136, 137, 138, 139, 118, 117, 116, 104, 69, 61, 21
136, 137, 138, 139, 118, 117, 116, 104, 69, 61, 22
136, 137, 138, 139, 118, 117, 116, 104, 69, 61, 60, 23
136, 137, 138, 139, 118, 117, 116, 104, 69, 61, 60, 24
136, 137, 138, 139, 118, 117, 116, 104, 69, 61, 60, 24, 25
136, 137, 138, 139, 118, 117, 116, 104, 69, 61, 60, 24, 25, 26
136, 137, 138, 139, 118, 117, 116, 104, 69, 61, 60, 24, 25, 26, 27
136, 135, 134, 133, 154, 123, 94, 82, 83, 84, 53, 54, 55, 28
136, 120, 121, 96, 95, 81, 48, 49, 35, 34, 33, 32, 31, 30, 29
136, 120, 121, 96, 95, 81, 48, 49, 35, 34, 33, 32, 31, 30
136, 120, 121, 96, 95, 81, 48, 49, 35, 34, 33, 32, 31
136, 120, 121, 96, 95, 81, 48, 49, 35, 34, 33, 32
136, 120, 121, 96, 95, 81, 48, 49, 35, 34, 33
136, 120, 121, 96, 95, 81, 48, 49, 35, 34
136, 120, 121, 96, 95, 81, 48, 49, 35
136, 120, 121, 96, 95, 81, 48, 36
136, 120, 121, 96, 95, 81, 47, 37
136, 120, 97, 76, 77, 46, 38
136, 120, 97, 75, 67, 39
136, 120, 97, 75, 67, 40
136, 137, 119, 99, 74, 65, 41
136, 137, 119, 99, 74, 65, 64, 42
136, 137, 119, 99, 74, 65, 64, 42, 43
136, 137, 138, 139, 118, 101, 71, 62, 44
136, 137, 138, 139, 118, 101, 71, 62, 45
136, 120, 97, 76, 77, 46
136, 120, 121, 96, 95, 81, 47
136, 120, 121, 96, 95, 81, 48
136, 120, 121, 96, 95, 81, 48, 49
136, 120, 121, 96, 95, 81, 48, 49, 50
136, 120, 121, 96, 95, 81, 48, 49, 50, 51
136, 135, 134, 133, 154, 123, 94, 82, 83, 84, 52
136, 135, 134, 133, 154, 123, 94, 82, 83, 84, 53
136, 135, 134, 133, 154, 123, 94, 82, 83, 84, 53, 54
136, 135, 134, 133, 154, 123, 94, 82, 83, 84, 53, 54, 55
136, 137, 138, 139, 118, 117, 116, 104, 69, 61, 60, 59, 58, 57, 56
136, 137, 138, 139, 118, 117, 116, 104, 69, 61, 60, 59, 58, 57
136, 137, 138, 139, 118, 117, 116, 104, 69, 61, 60, 59, 58
136, 137, 138, 139, 118, 117, 116, 104, 69, 61, 60, 59
136, 137, 138, 139, 118, 117, 116, 104, 69, 61, 60
136, 137, 138, 139, 118, 117, 116, 104, 69, 61
136, 137, 138, 139, 118, 101, 71, 62
136, 137, 119, 99, 74, 65, 64, 63
136, 137, 119, 99, 74, 65, 64
136, 137, 119, 99, 74, 65
136, 120, 97, 75, 67, 66
136, 120, 97, 75, 67
136, 137, 138, 139, 118, 117, 116, 104, 69, 68
136, 137, 138, 139, 118, 117, 116, 104, 69
136, 137, 138, 139, 118, 101, 70
136, 137, 138, 139, 118, 101, 71
136, 137, 119, 99, 73, 72
136, 137, 119, 99, 73
136, 137, 119, 99, 74
136, 120, 97, 75
136, 120, 97, 76
136, 120, 97, 76, 77
136, 120, 121, 96, 78
136, 120, 121, 96, 79
136, 120, 121, 96, 95, 80
136, 120, 121, 96, 95, 81
136, 135, 134, 133, 154, 123, 94, 82
136, 135, 134, 133, 154, 123, 94, 82, 83
136, 135, 134, 133, 154, 123, 94, 82, 83, 84
136, 135, 134, 133, 154, 123, 94, 82, 83, 84, 85
136, 135, 134, 133, 154, 123, 94, 82, 83, 84, 85, 86
136, 137, 138, 139, 118, 117, 116, 104, 69, 68, 89, 88, 87
136, 137, 138, 139, 118, 117, 116, 104, 69, 68, 89, 88
136, 137, 138, 139, 118, 117, 116, 104, 69, 68, 89
136, 135, 134, 133, 154, 153, 125, 93, 92, 91, 90
136, 135, 134, 133, 154, 153, 125, 93, 92, 91
136, 135, 134, 133, 154, 153, 125, 93, 92
136, 135, 134, 133, 154, 153, 125, 93
136, 135, 134, 133, 154, 123, 94
136, 120, 121, 96, 95
136, 120, 121, 96
136, 120, 97
136, 120, 98
136, 137, 119, 99
