1059, 1070, 1110, 1119, 1146, 1165, 1181, 1204, 1236, 1243, 1259, 1286, 1314, 1338, 1357, 1382, 1393, 1416, 1440, 1465, 1471, 1507, 1521, 1520, 1552, 0
1059, 1070, 1110, 1119, 1146, 1165, 1181, 1204, 1236, 1243, 1259, 1286, 1314, 1338, 1357, 1382, 1393, 1416, 1440, 1465, 1471, 1507, 1521, 1520, 1553, 1
1059, 1060, 1074, 1112, 1116, 1144, 1168, 1199, 1202, 1238, 1241, 1277, 1288, 1315, 1337, 1355, 1379, 1391, 1419, 1442, 1448, 1474, 1504, 1519, 1533, 2
1059, 1060, 1074, 1112, 1116, 1144, 1168, 1199, 1202, 1238, 1241, 1277, 1288, 1315, 1337, 1355, 1379, 1391, 1419, 1442, 1448, 1474, 1504, 1519, 1533, 3
1059, 1060, 1074, 1112, 1116, 1144, 1168, 1199, 1202, 1238, 1241, 1277, 1288, 1315, 1337, 1355, 1379, 1391, 1419, 1442, 1448, 1474, 1503, 1518, 1534, 4
1059, 1060, 1074, 1112, 1116, 1144, 1168, 1199, 1202, 1238, 1241, 1277, 1288, 1289, 1317, 1335, 1354, 1377, 1390, 1421, 1443, 1449, 1475, 1502, 1517, 1535, 5
1059, 1060, 1074, 1112, 1116, 1144, 1168, 1199, 1202, 1238, 1241, 1277, 1288, 1289, 1317, 1335, 1354, 1377, 1390, 1421, 1443, 1449, 1475, 1502, 1517, 1535, 5, 6
1059, 1060, 1074, 1112, 1116, 1144, 1168, 1199, 1202, 1238, 1241, 1277, 1288, 1289, 1290, 1318, 1332, 1352, 1376, 1388, 1423, 1425, 1451, 1478, 1500, 1499, 1498, 1513, 1537, 7
1059, 1060, 1074, 1112, 1116, 1144, 1168, 1199, 1202, 1238, 1241, 1277, 1288, 1289, 1290, 1318, 1332, 1352, 1376, 1388, 1423, 1425, 1451, 1478, 1500, 1499, 1498, 1513, 1538, 8
1059, 1060, 1074, 1112, 1116, 1144, 1168, 1199, 1202, 1238, 1241, 1277, 1288, 1289, 1290, 1318, 1332, 1352, 1376, 1388, 1423, 1425, 1451, 1478, 1500, 1499, 1498, 1513, 1538, 8, 9
1059, 1070, 1094, 1093, 1092, 1107, 1106, 1123, 1152, 1158, 1188, 1211, 1212, 1228, 1252, 1268, 1296, 1303, 1302, 1328, 1347, 1371, 1384, 1406, 1430, 1456, 1483, 1495, 1531, 1532, 1539, 10
1059, 1070, 1094, 1093, 1092, 1107, 1106, 1123, 1152, 1158, 1188, 1211, 1212, 1228, 1252, 1268, 1296, 1303, 1302, 1328, 1347, 1371, 1384, 1406, 1430, 1456, 1483, 1495, 1531, 1540, 11
1059, 1070, 1110, 1119, 1147, 1148, 1164, 1184, 1185, 1208, 1232, 1248, 1264, 1279, 1306, 1323, 1344, 1368, 1401, 1408, 1433, 1458, 1457, 1486, 1493, 1530, 1542, 12
1059, 1070, 1110, 1119, 1147, 1148, 1164, 1184, 1185, 1208, 1232, 1248, 1264, 1279, 1306, 1323, 1344, 1368, 1401, 1408, 1433, 1458, 1487, 1492, 1529, 1543, 13
1059, 1070, 1110, 1119, 1147, 1148, 1164, 1184, 1185, 1208, 1232, 1248, 1264, 1279, 1306, 1323, 1344, 1368, 1401, 1408, 1433, 1458, 1487, 1492, 1528, 1544, 14
1059, 1070, 1110, 1119, 1146, 1165, 1181, 1204, 1236, 1243, 1259, 1286, 1314, 1338, 1357, 1382, 1393, 1416, 1439, 1438, 1464, 1468, 1509, 1524, 1548, 1547, 1546, 1545, 15
1059, 1070, 1110, 1119, 1146, 1165, 1181, 1204, 1236, 1243, 1259, 1286, 1314, 1338, 1357, 1382, 1393, 1416, 1439, 1438, 1464, 1468, 1509, 1524, 1548, 1547, 16
1059, 1070, 1110, 1119, 1146, 1165, 1181, 1204, 1236, 1243, 1259, 1286, 1314, 1338, 1357, 1382, 1393, 1416, 1440, 1465, 1469, 1508, 1523, 1549, 17
1059, 1070, 1110, 1119, 1146, 1165, 1181, 1204, 1236, 1243, 1259, 1286, 1314, 1338, 1357, 1382, 1393, 1416, 1440, 1465, 1469, 1508, 1523, 1549, 18
1059, 1070, 1110, 1119, 1146, 1165, 1181, 1204, 1236, 1243, 1259, 1286, 1314, 1338, 1357, 1382, 1393, 1416, 1440, 1465, 1469, 1508, 1523, 1549, 19
1059, 1070, 1110, 1119, 1146, 1165, 1181, 1204, 1236, 1243, 1259, 1286, 1314, 1338, 1357, 1382, 1393, 1416, 1440, 1465, 1471, 1507, 1522, 1550, 20
1059, 1060, 1074, 1112, 1116, 1144, 1168, 1199, 1202, 1238, 1241, 1277, 1288, 1289, 1290, 1318, 1332, 1352, 1376, 1388, 1423, 1425, 1451, 1478, 1500, 1499, 1498, 1513, 1537, 7, 21
1059, 1060, 1074, 1112, 1116, 1144, 1168, 1199, 1202, 1238, 1241, 1277, 1288, 1289, 1290, 1318, 1332, 1352, 1376, 1388, 1423, 1425, 1451, 1478, 1500, 1499, 1498, 1513, 1537, 7, 22
1059, 1060, 1074, 1112, 1116, 1144, 1168, 1199, 1202, 1238, 1241, 1277, 1288, 1289, 1290, 1318, 1332, 1352, 1376, 1388, 1423, 1425, 1451, 1478, 1500, 1499, 1498, 1513, 1537, 7, 23
1059, 1060, 1074, 1112, 1116, 1144, 1168, 1199, 1202, 1238, 1241, 1277, 1288, 1289, 1290, 1318, 1332, 1352, 1376, 1388, 1423, 1425, 1451, 1478, 1500, 1499, 1498, 1513, 1538, 8, 24
1059, 1070, 1094, 1093, 1092, 1107, 1106, 1123, 1152, 1158, 1188, 1211, 1212, 1228, 1252, 1268, 1296, 1303, 1302, 1328, 1347, 1371, 1384, 1406, 1430, 1456, 1483, 1495, 1531, 1532, 1539, 10, 25
1059, 1070, 1094, 1093, 1092, 1107, 1106, 1123, 1152, 1158, 1188, 1211, 1212, 1228, 1252, 1268, 1296, 1303, 1302, 1328, 1347, 1371, 1384, 1406, 1430, 1456, 1483, 1495, 1531, 1540, 11, 26
1059, 1070, 1094, 1093, 1092, 1107, 1106, 1123, 1152, 1158, 1188, 1211, 1212, 1228, 1252, 1268, 1296, 1303, 1302, 1328, 1347, 1371, 1384, 1406, 1430, 1456, 1483, 1495, 1531, 1540, 11, 27
1059, 1070, 1110, 1119, 1147, 1148, 1164, 1184, 1185, 1208, 1232, 1248, 1264, 1279, 1306, 1323, 1344, 1368, 1401, 1408, 1433, 1458, 1487, 1492, 1529, 1543, 13, 28
1059, 1070, 1110, 1119, 1147, 1148, 1164, 1184, 1185, 1208, 1232, 1248, 1264, 1279, 1306, 1323, 1344, 1368, 1401, 1408, 1433, 1458, 1487, 1492, 1529, 1543, 13, 29
1059, 1070, 1110, 1119, 1146, 1165, 1181, 1204, 1236, 1243, 1259, 1286, 1314, 1338, 1357, 1382, 1393, 1416, 1439, 1438, 1464, 1468, 1509, 1524, 1548, 1547, 1546, 1545, 15, 31, 30
1059, 1070, 1110, 1119, 1146, 1165, 1181, 1204, 1236, 1243, 1259, 1286, 1314, 1338, 1357, 1382, 1393, 1416, 1439, 1438, 1464, 1468, 1509, 1524, 1548, 1547, 1546, 1545, 15, 31
1059, 1070, 1110, 1119, 1146, 1165, 1181, 1204, 1236, 1243, 1259, 1286, 1314, 1338, 1357, 1382, 1393, 1416, 1439, 1438, 1464, 1468, 1509, 1524, 1548, 1547, 16, 33, 32
1059, 1070, 1110, 1119, 1146, 1165, 1181, 1204, 1236, 1243, 1259, 1286, 1314, 1338, 1357, 1382, 1393, 1416, 1439, 1438, 1464, 1468, 1509, 1524, 1548, 1547, 16, 33
1059, 1070, 1110, 1119, 1146, 1165, 1181, 1204, 1236, 1243, 1259, 1286, 1314, 1338, 1357, 1382, 1393, 1416, 1440, 1465, 1469, 1508, 1523, 1549, 17, 35, 34
1059, 1070, 1110, 1119, 1146, 1165, 1181, 1204, 1236, 1243, 1259, 1286, 1314, 1338, 1357, 1382, 1393, 1416, 1440, 1465, 1469, 1508, 1523, 1549, 17, 35
1059, 1070, 1110, 1119, 1146, 1165, 1181, 1204, 1236, 1243, 1259, 1286, 1314, 1338, 1357, 1382, 1393, 1416, 1440, 1465, 1469, 1508, 1523, 1549, 18, 36
1059, 1070, 1110, 1119, 1146, 1165, 1181, 1204, 1236, 1243, 1259, 1286, 1314, 1338, 1357, 1382, 1393, 1416, 1440, 1465, 1469, 1508, 1523, 1549, 18, 36, 37
1059, 1070, 1110, 1119, 1146, 1165, 1181, 1204, 1236, 1243, 1259, 1286, 1314, 1338, 1357, 1382, 1393, 1416, 1440, 1465, 1471, 1507, 1522, 1550, 20, 38
1059, 1070, 1110, 1119, 1146, 1165, 1181, 1204, 1236, 1243, 1259, 1286, 1314, 1338, 1357, 1382, 1393, 1416, 1440, 1465, 1471, 1507, 1521, 1520, 1552, 0, 39
1059, 1070, 1110, 1119, 1146, 1165, 1181, 1204, 1236, 1243, 1259, 1286, 1314, 1338, 1357, 1382, 1393, 1416, 1440, 1465, 1471, 1507, 1521, 1520, 1553, 1, 40
1059, 1060, 1074, 1112, 1116, 1144, 1168, 1199, 1202, 1238, 1241, 1277, 1288, 1315, 1337, 1355, 1379, 1391, 1419, 1442, 1448, 1474, 1503, 1518, 1534, 4, 41
1059, 1060, 1074, 1112, 1116, 1144, 1168, 1199, 1202, 1238, 1241, 1277, 1288, 1289, 1317, 1335, 1354, 1377, 1390, 1421, 1443, 1449, 1475, 1502, 1517, 1535, 5, 42
1059, 1060, 1074, 1112, 1116, 1144, 1168, 1199, 1202, 1238, 1241, 1277, 1288, 1289, 1317, 1335, 1354, 1377, 1390, 1421, 1443, 1449, 1475, 1502, 1517, 1535, 5, 43
1059, 1060, 1074, 1112, 1116, 1144, 1168, 1199, 1202, 1238, 1241, 1277, 1288, 1289, 1317, 1335, 1354, 1377, 1390, 1421, 1443, 1449, 1475, 1502, 1517, 1535, 5, 43, 44
1059, 1060, 1074, 1112, 1116, 1144, 1168, 1199, 1202, 1238, 1241, 1277, 1288, 1289, 1317, 1335, 1354, 1377, 1390, 1421, 1443, 1449, 1475, 1502, 1517, 1535, 5, 6, 45
1059, 1070, 1110, 1119, 1146, 1165, 1181, 1204, 1236, 1243, 1259, 1286, 1314, 1338, 1357, 1382, 1393, 1416, 1440, 1465, 1471, 1507, 1522, 1550, 20, 38, 46
1059, 1070, 1110, 1119, 1146, 1165, 1181, 1204, 1236, 1243, 1259, 1286, 1314, 1338, 1357, 1382, 1393, 1416, 1440, 1465, 1469, 1508, 1523, 1549, 18, 36, 37, 47
1059, 1070, 1110, 1119, 1146, 1165, 1181, 1204, 1236, 1243, 1259, 1286, 1314, 1338, 1357, 1382, 1393, 1416, 1440, 1465, 1469, 1508, 1523, 1549, 18, 36, 48
1059, 1070, 1110, 1119, 1146, 1165, 1181, 1204, 1236, 1243, 1259, 1286, 1314, 1338, 1357, 1382, 1393, 1416, 1440, 1465, 1469, 1508, 1523, 1549, 18, 36, 49
1059, 1070, 1110, 1119, 1146, 1165, 1181, 1204, 1236, 1243, 1259, 1286, 1314, 1338, 1357, 1382, 1393, 1416, 1440, 1465, 1469, 1508, 1523, 1549, 18, 36, 49, 50
1059, 1070, 1110, 1119, 1146, 1165, 1181, 1204, 1236, 1243, 1259, 1286, 1314, 1338, 1357, 1382, 1393, 1416, 1439, 1438, 1464, 1468, 1509, 1524, 1548, 1547, 16, 33, 51
1059, 1070, 1110, 1119, 1146, 1165, 1181, 1204, 1236, 1243, 1259, 1286, 1314, 1338, 1357, 1382, 1393, 1416, 1439, 1438, 1464, 1468, 1509, 1524, 1548, 1547, 1546, 1545, 15, 31, 52
1059, 1070, 1110, 1119, 1146, 1165, 1181, 1204, 1236, 1243, 1259, 1286, 1314, 1338, 1357, 1382, 1393, 1416, 1439, 1438, 1464, 1468, 1509, 1524, 1548, 1547, 1546, 1545, 15, 31, 52, 53
1059, 1070, 1110, 1119, 1147, 1148, 1164, 1184, 1185, 1208, 1232, 1248, 1264, 1279, 1306, 1323, 1344, 1368, 1401, 1408, 1433, 1458, 1487, 1492, 1529, 1543, 13, 29, 54
1059, 1070, 1110, 1119, 1147, 1148, 1164, 1184, 1185, 1208, 1232, 1248, 1264, 1279, 1306, 1323, 1344, 1368, 1401, 1408, 1433, 1458, 1487, 1492, 1529, 1543, 13, 29, 55
1059, 1070, 1094, 1093, 1092, 1107, 1106, 1123, 1152, 1158, 1188, 1211, 1212, 1228, 1252, 1268, 1296, 1303, 1302, 1328, 1347, 1371, 1384, 1406, 1430, 1456, 1483, 1495, 1531, 1540, 11, 27, 56
1059, 1070, 1094, 1093, 1092, 1107, 1106, 1123, 1152, 1158, 1188, 1211, 1212, 1228, 1252, 1268, 1296, 1303, 1302, 1328, 1347, 1371, 1384, 1406, 1430, 1456, 1483, 1495, 1531, 1540, 11, 26, 57
1059, 1070, 1094, 1093, 1092, 1107, 1106, 1123, 1152, 1158, 1188, 1211, 1212, 1228, 1252, 1268, 1296, 1303, 1302, 1328, 1347, 1371, 1384, 1406, 1430, 1456, 1483, 1495, 1531, 1540, 11, 26, 58
1059, 1070, 1094, 1093, 1092, 1107, 1106, 1123, 1152, 1158, 1188, 1211, 1212, 1228, 1252, 1268, 1296, 1303, 1302, 1328, 1347, 1371, 1384, 1406, 1430, 1456, 1483, 1495, 1531, 1532, 1539, 10, 25, 59
1059, 1060, 1074, 1112, 1116, 1144, 1168, 1199, 1202, 1238, 1241, 1277, 1288, 1289, 1290, 1318, 1332, 1352, 1376, 1388, 1423, 1425, 1451, 1478, 1500, 1499, 1498, 1513, 1537, 7, 23, 60
1059, 1060, 1074, 1112, 1116, 1144, 1168, 1199, 1202, 1238, 1241, 1277, 1288, 1289, 1290, 1318, 1332, 1352, 1376, 1388, 1423, 1425, 1451, 1478, 1500, 1499, 1498, 1513, 1537, 7, 21, 61
1059, 1060, 1074, 1112, 1116, 1144, 1168, 1199, 1202, 1238, 1241, 1277, 1288, 1289, 1317, 1335, 1354, 1377, 1390, 1421, 1443, 1449, 1475, 1502, 1517, 1535, 5, 43, 62
1059, 1060, 1074, 1112, 1116, 1144, 1168, 1199, 1202, 1238, 1241, 1277, 1288, 1315, 1337, 1355, 1379, 1391, 1419, 1442, 1448, 1474, 1503, 1518, 1534, 4, 41, 65, 64, 63
1059, 1060, 1074, 1112, 1116, 1144, 1168, 1199, 1202, 1238, 1241, 1277, 1288, 1315, 1337, 1355, 1379, 1391, 1419, 1442, 1448, 1474, 1503, 1518, 1534, 4, 41, 65, 64
1059, 1060, 1074, 1112, 1116, 1144, 1168, 1199, 1202, 1238, 1241, 1277, 1288, 1315, 1337, 1355, 1379, 1391, 1419, 1442, 1448, 1474, 1503, 1518, 1534, 4, 41, 65
1059, 1070, 1110, 1119, 1146, 1165, 1181, 1204, 1236, 1243, 1259, 1286, 1314, 1338, 1357, 1382, 1393, 1416, 1440, 1465, 1471, 1507, 1521, 1520, 1553, 1, 40, 66
1059, 1070, 1110, 1119, 1146, 1165, 1181, 1204, 1236, 1243, 1259, 1286, 1314, 1338, 1357, 1382, 1393, 1416, 1440, 1465, 1471, 1507, 1521, 1520, 1553, 1, 40, 67
1059, 1060, 1074, 1112, 1116, 1144, 1168, 1199, 1202, 1238, 1241, 1277, 1288, 1289, 1290, 1318, 1332, 1352, 1376, 1388, 1423, 1425, 1451, 1478, 1500, 1499, 1498, 1513, 1537, 7, 23, 60, 68
1059, 1060, 1074, 1112, 1116, 1144, 1168, 1199, 1202, 1238, 1241, 1277, 1288, 1289, 1290, 1318, 1332, 1352, 1376, 1388, 1423, 1425, 1451, 1478, 1500, 1499, 1498, 1513, 1537, 7, 21, 61, 69
1059, 1060, 1074, 1112, 1116, 1144, 1168, 1199, 1202, 1238, 1241, 1277, 1288, 1289, 1317, 1335, 1354, 1377, 1390, 1421, 1443, 1449, 1475, 1502, 1517, 1535, 5, 43, 62, 70
1059, 1060, 1074, 1112, 1116, 1144, 1168, 1199, 1202, 1238, 1241, 1277, 1288, 1289, 1317, 1335, 1354, 1377, 1390, 1421, 1443, 1449, 1475, 1502, 1517, 1535, 5, 43, 62, 71
1059, 1060, 1074, 1112, 1116, 1144, 1168, 1199, 1202, 1238, 1241, 1277, 1288, 1315, 1337, 1355, 1379, 1391, 1419, 1442, 1448, 1474, 1503, 1518, 1534, 4, 41, 65, 64, 72
1059, 1060, 1074, 1112, 1116, 1144, 1168, 1199, 1202, 1238, 1241, 1277, 1288, 1315, 1337, 1355, 1379, 1391, 1419, 1442, 1448, 1474, 1503, 1518, 1534, 4, 41, 65, 73
1059, 1060, 1074, 1112, 1116, 1144, 1168, 1199, 1202, 1238, 1241, 1277, 1288, 1315, 1337, 1355, 1379, 1391, 1419, 1442, 1448, 1474, 1503, 1518, 1534, 4, 41, 65, 74
1059, 1070, 1110, 1119, 1146, 1165, 1181, 1204, 1236, 1243, 1259, 1286, 1314, 1338, 1357, 1382, 1393, 1416, 1440, 1465, 1471, 1507, 1521, 1520, 1553, 1, 40, 67, 75
1059, 1070, 1110, 1119, 1146, 1165, 1181, 1204, 1236, 1243, 1259, 1286, 1314, 1338, 1357, 1382, 1393, 1416, 1440, 1465, 1471, 1507, 1521, 1520, 1553, 1, 40, 67, 76
1059, 1070, 1110, 1119, 1146, 1165, 1181, 1204, 1236, 1243, 1259, 1286, 1314, 1338, 1357, 1382, 1393, 1416, 1440, 1465, 1471, 1507, 1522, 1550, 20, 38, 46, 77
1059, 1070, 1110, 1119, 1146, 1165, 1181, 1204, 1236, 1243, 1259, 1286, 1314, 1338, 1357, 1382, 1393, 1416, 1440, 1465, 1471, 1507, 1522, 1550, 20, 38, 46, 78
1059, 1070, 1110, 1119, 1146, 1165, 1181, 1204, 1236, 1243, 1259, 1286, 1314, 1338, 1357, 1382, 1393, 1416, 1440, 1465, 1471, 1507, 1522, 1550, 20, 38, 46, 79
1059, 1070, 1110, 1119, 1146, 1165, 1181, 1204, 1236, 1243, 1259, 1286, 1314, 1338, 1357, 1382, 1393, 1416, 1440, 1465, 1469, 1508, 1523, 1549, 18, 36, 48, 81, 80
1059, 1070, 1110, 1119, 1146, 1165, 1181, 1204, 1236, 1243, 1259, 1286, 1314, 1338, 1357, 1382, 1393, 1416, 1440, 1465, 1469, 1508, 1523, 1549, 18, 36, 48, 81
1059, 1070, 1110, 1119, 1146, 1165, 1181, 1204, 1236, 1243, 1259, 1286, 1314, 1338, 1357, 1382, 1393, 1416, 1440, 1465, 1469, 1508, 1523, 1549, 18, 36, 49, 82
1059, 1070, 1110, 1119, 1146, 1165, 1181, 1204, 1236, 1243, 1259, 1286, 1314, 1338, 1357, 1382, 1393, 1416, 1439, 1438, 1464, 1468, 1509, 1524, 1548, 1547, 16, 33, 51, 83
1059, 1070, 1110, 1119, 1146, 1165, 1181, 1204, 1236, 1243, 1259, 1286, 1314, 1338, 1357, 1382, 1393, 1416, 1439, 1438, 1464, 1468, 1509, 1524, 1548, 1547, 16, 33, 51, 83, 84
1059, 1070, 1110, 1119, 1147, 1148, 1164, 1184, 1185, 1208, 1232, 1248, 1264, 1279, 1306, 1323, 1344, 1368, 1401, 1408, 1433, 1458, 1487, 1492, 1529, 1543, 13, 29, 54, 85
1059, 1070, 1110, 1119, 1147, 1148, 1164, 1184, 1185, 1208, 1232, 1248, 1264, 1279, 1306, 1323, 1344, 1368, 1401, 1408, 1433, 1458, 1487, 1492, 1529, 1543, 13, 29, 55, 86
1059, 1070, 1094, 1093, 1092, 1107, 1106, 1123, 1152, 1158, 1188, 1211, 1212, 1228, 1252, 1268, 1296, 1303, 1302, 1328, 1347, 1371, 1384, 1406, 1430, 1456, 1483, 1495, 1531, 1540, 11, 27, 56, 87
1059, 1070, 1094, 1093, 1092, 1107, 1106, 1123, 1152, 1158, 1188, 1211, 1212, 1228, 1252, 1268, 1296, 1303, 1302, 1328, 1347, 1371, 1384, 1406, 1430, 1456, 1483, 1495, 1531, 1540, 11, 27, 56, 88
1059, 1070, 1094, 1093, 1092, 1107, 1106, 1123, 1152, 1158, 1188, 1211, 1212, 1228, 1252, 1268, 1296, 1303, 1302, 1328, 1347, 1371, 1384, 1406, 1430, 1456, 1483, 1495, 1531, 1540, 11, 26, 57, 89
1059, 1070, 1110, 1119, 1146, 1165, 1181, 1204, 1236, 1243, 1259, 1286, 1314, 1338, 1357, 1382, 1393, 1416, 1440, 1465, 1469, 1508, 1523, 1549, 18, 36, 49, 82, 93, 92, 91, 90
1059, 1070, 1110, 1119, 1146, 1165, 1181, 1204, 1236, 1243, 1259, 1286, 1314, 1338, 1357, 1382, 1393, 1416, 1440, 1465, 1469, 1508, 1523, 1549, 18, 36, 49, 82, 93, 92, 91
1059, 1070, 1110, 1119, 1146, 1165, 1181, 1204, 1236, 1243, 1259, 1286, 1314, 1338, 1357, 1382, 1393, 1416, 1440, 1465, 1469, 1508, 1523, 1549, 18, 36, 49, 82, 93, 92
1059, 1070, 1110, 1119, 1146, 1165, 1181, 1204, 1236, 1243, 1259, 1286, 1314, 1338, 1357, 1382, 1393, 1416, 1440, 1465, 1469, 1508, 1523, 1549, 18, 36, 49, 82, 93
1059, 1070, 1110, 1119, 1146, 1165, 1181, 1204, 1236, 1243, 1259, 1286, 1314, 1338, 1357, 1382, 1393, 1416, 1440, 1465, 1469, 1508, 1523, 1549, 18, 36, 49, 82, 94
1059, 1070, 1110, 1119, 1146, 1165, 1181, 1204, 1236, 1243, 1259, 1286, 1314, 1338, 1357, 1382, 1393, 1416, 1440, 1465, 1469, 1508, 1523, 1549, 18, 36, 48, 81, 95
1059, 1070, 1110, 1119, 1146, 1165, 1181, 1204, 1236, 1243, 1259, 1286, 1314, 1338, 1357, 1382, 1393, 1416, 1440, 1465, 1471, 1507, 1522, 1550, 20, 38, 46, 79, 96
1059, 1070, 1110, 1119, 1146, 1165, 1181, 1204, 1236, 1243, 1259, 1286, 1314, 1338, 1357, 1382, 1393, 1416, 1440, 1465, 1471, 1507, 1521, 1520, 1553, 1, 40, 67, 75, 97
1059, 1070, 1110, 1119, 1146, 1165, 1181, 1204, 1236, 1243, 1259, 1286, 1314, 1338, 1357, 1382, 1393, 1416, 1440, 1465, 1471, 1507, 1521, 1520, 1553, 1, 40, 67, 75, 97, 98
1059, 1060, 1074, 1112, 1116, 1144, 1168, 1199, 1202, 1238, 1241, 1277, 1288, 1315, 1337, 1355, 1379, 1391, 1419, 1442, 1448, 1474, 1503, 1518, 1534, 4, 41, 65, 74, 99
