427, 407, 391, 371, 343, 320, 296, 268, 245, 233, 217, 181, 165, 138, 119, 99, 74, 66, 40, 1, 0
427, 407, 391, 371, 343, 320, 296, 268, 245, 233, 217, 181, 165, 138, 119, 99, 74, 66, 40, 1
427, 407, 391, 371, 343, 320, 296, 268, 245, 233, 217, 181, 165, 138, 119, 99, 74, 65, 41, 2
427, 407, 391, 371, 343, 320, 296, 268, 245, 233, 217, 181, 165, 138, 119, 99, 74, 65, 41, 3
427, 407, 391, 371, 343, 320, 296, 268, 245, 233, 217, 181, 165, 138, 119, 99, 74, 65, 41, 4
427, 407, 391, 371, 343, 321, 295, 269, 247, 234, 196, 179, 164, 140, 118, 101, 71, 62, 43, 5
427, 407, 391, 371, 343, 321, 295, 269, 247, 234, 196, 179, 164, 140, 118, 101, 71, 62, 44, 6
427, 407, 391, 371, 343, 321, 322, 294, 272, 249, 236, 198, 175, 162, 143, 115, 105, 68, 60, 23, 7
427, 407, 391, 371, 343, 321, 322, 294, 272, 249, 236, 198, 175, 162, 143, 115, 105, 68, 60, 23, 8
427, 407, 391, 371, 343, 321, 322, 294, 272, 249, 236, 198, 175, 162, 143, 115, 105, 68, 60, 23, 8, 9
427, 407, 391, 371, 343, 321, 322, 294, 272, 249, 236, 198, 175, 162, 143, 115, 105, 68, 60, 23, 8, 9, 10
427, 407, 391, 371, 343, 321, 322, 294, 272, 249, 236, 198, 175, 162, 143, 115, 114, 113, 107, 89, 57, 26, 11
427, 407, 391, 371, 343, 321, 322, 294, 272, 249, 236, 198, 175, 162, 143, 115, 114, 113, 107, 89, 57, 26, 11, 12
427, 407, 391, 371, 343, 321, 322, 294, 272, 249, 236, 198, 175, 162, 143, 115, 114, 113, 107, 89, 57, 26, 11, 12, 13
427, 406, 390, 389, 372, 342, 341, 316, 301, 264, 241, 229, 213, 185, 172, 153, 125, 93, 92, 83, 84, 52, 30, 14
427, 406, 390, 389, 372, 342, 341, 316, 301, 264, 241, 229, 213, 185, 172, 153, 125, 93, 92, 83, 51, 32, 15
427, 406, 390, 389, 372, 342, 317, 298, 266, 243, 231, 215, 183, 168, 134, 122, 96, 95, 81, 48, 36, 18, 17, 16
427, 406, 390, 389, 372, 342, 317, 298, 266, 243, 231, 215, 183, 168, 134, 122, 96, 95, 81, 48, 36, 18, 17
427, 406, 390, 389, 372, 342, 317, 298, 266, 243, 231, 215, 183, 168, 134, 122, 96, 95, 81, 48, 36, 18
427, 406, 390, 389, 372, 342, 317, 298, 266, 243, 231, 215, 183, 168, 134, 122, 96, 95, 81, 47, 37, 19
427, 406, 390, 389, 372, 342, 317, 298, 266, 243, 231, 215, 183, 168, 134, 122, 96, 79, 46, 38, 20
427, 407, 391, 371, 343, 321, 322, 294, 272, 249, 236, 198, 175, 162, 143, 115, 105, 68, 60, 21
427, 407, 391, 371, 343, 321, 322, 294, 272, 249, 236, 198, 175, 162, 143, 115, 105, 68, 60, 61, 22
427, 407, 391, 371, 343, 321, 322, 294, 272, 249, 236, 198, 175, 162, 143, 115, 105, 68, 60, 23
427, 407, 391, 371, 343, 321, 322, 294, 272, 249, 236, 198, 175, 162, 143, 115, 105, 68, 60, 24
427, 407, 391, 371, 343, 321, 322, 294, 272, 249, 236, 198, 175, 162, 143, 115, 105, 68, 60, 24, 25
427, 407, 391, 371, 343, 321, 322, 294, 272, 249, 236, 198, 175, 162, 143, 115, 114, 113, 107, 89, 57, 26
427, 407, 391, 371, 343, 321, 322, 294, 272, 249, 236, 198, 175, 162, 143, 115, 114, 113, 107, 89, 57, 26, 27
427, 407, 391, 371, 343, 321, 322, 294, 272, 249, 236, 198, 175, 162, 143, 115, 114, 113, 107, 89, 57, 26, 27, 28
427, 407, 391, 370, 369, 345, 346, 323, 293, 273, 251, 238, 200, 195, 160, 159, 145, 132, 108, 88, 87, 86, 55, 29
427, 406, 390, 389, 372, 342, 341, 316, 301, 264, 241, 229, 213, 185, 172, 153, 125, 93, 92, 83, 84, 52, 30
427, 406, 390, 389, 372, 342, 341, 316, 301, 264, 241, 229, 213, 185, 172, 153, 125, 93, 92, 83, 51, 32, 31
427, 406, 390, 389, 372, 342, 341, 316, 301, 264, 241, 229, 213, 185, 172, 153, 125, 93, 92, 83, 51, 32
427, 406, 390, 389, 372, 342, 341, 316, 301, 264, 241, 229, 213, 185, 172, 153, 125, 93, 92, 83, 51, 33
427, 406, 390, 389, 372, 342, 317, 298, 266, 243, 231, 215, 183, 168, 134, 122, 96, 95, 81, 48, 49, 35, 34
427, 406, 390, 389, 372, 342, 317, 298, 266, 243, 231, 215, 183, 168, 134, 122, 96, 95, 81, 48, 49, 35
427, 406, 390, 389, 372, 342, 317, 298, 266, 243, 231, 215, 183, 168, 134, 122, 96, 95, 81, 48, 36
427, 406, 390, 389, 372, 342, 317, 298, 266, 243, 231, 215, 183, 168, 134, 122, 96, 95, 81, 47, 37
427, 406, 390, 389, 372, 342, 317, 298, 266, 243, 231, 215, 183, 168, 134, 122, 96, 79, 46, 38
427, 407, 391, 371, 343, 320, 296, 268, 245, 233, 217, 181, 165, 166, 136, 120, 97, 75, 67, 39
427, 407, 391, 371, 343, 320, 296, 268, 245, 233, 217, 181, 165, 138, 119, 99, 74, 66, 40
427, 407, 391, 371, 343, 320, 296, 268, 245, 233, 217, 181, 165, 138, 119, 99, 74, 65, 41
427, 407, 391, 371, 343, 321, 295, 269, 247, 234, 196, 179, 164, 140, 118, 101, 72, 63, 42
427, 407, 391, 371, 343, 321, 295, 269, 247, 234, 196, 179, 164, 140, 118, 101, 71, 62, 43
427, 407, 391, 371, 343, 321, 295, 269, 247, 234, 196, 179, 164, 140, 118, 101, 71, 62, 44
427, 407, 391, 371, 343, 321, 295, 269, 247, 234, 196, 179, 164, 140, 118, 101, 71, 62, 45
427, 406, 390, 389, 372, 342, 317, 298, 266, 243, 231, 215, 183, 168, 134, 122, 96, 79, 46
427, 406, 390, 389, 372, 342, 317, 298, 266, 243, 231, 215, 183, 168, 134, 122, 96, 95, 81, 47
427, 406, 390, 389, 372, 342, 317, 298, 266, 243, 231, 215, 183, 168, 134, 122, 96, 95, 81, 48
427, 406, 390, 389, 372, 342, 317, 298, 266, 243, 231, 215, 183, 168, 134, 122, 96, 95, 81, 48, 49
427, 406, 390, 389, 372, 342, 317, 298, 266, 243, 231, 215, 183, 168, 134, 122, 96, 95, 81, 48, 49, 50
427, 406, 390, 389, 372, 342, 341, 316, 301, 264, 241, 229, 213, 185, 172, 153, 125, 93, 92, 83, 51
427, 406, 390, 389, 372, 342, 341, 316, 301, 264, 241, 229, 213, 185, 172, 153, 125, 93, 92, 83, 84, 52
427, 406, 390, 389, 372, 342, 341, 316, 301, 264, 241, 229, 213, 185, 172, 153, 125, 93, 92, 83, 84, 53
427, 406, 390, 389, 372, 342, 341, 316, 301, 264, 241, 229, 213, 185, 172, 153, 125, 93, 92, 83, 84, 53, 54
427, 407, 391, 370, 369, 345, 346, 323, 293, 273, 251, 238, 200, 195, 160, 159, 145, 132, 108, 88, 87, 86, 55
427, 407, 391, 370, 369, 345, 346, 323, 293, 273, 251, 238, 200, 195, 160, 159, 145, 132, 108, 88, 56
427, 407, 391, 371, 343, 321, 322, 294, 272, 249, 236, 198, 175, 162, 143, 115, 114, 113, 107, 89, 57
427, 407, 391, 371, 343, 321, 322, 294, 272, 249, 236, 198, 175, 162, 143, 115, 114, 113, 107, 89, 58
427, 407, 391, 371, 343, 321, 322, 294, 272, 249, 236, 198, 175, 162, 143, 115, 114, 113, 107, 89, 59
427, 407, 391, 371, 343, 321, 322, 294, 272, 249, 236, 198, 175, 162, 143, 115, 105, 68, 60
427, 407, 391, 371, 343, 321, 322, 294, 272, 249, 236, 198, 175, 162, 143, 115, 105, 68, 60, 61
427, 407, 391, 371, 343, 321, 295, 269, 247, 234, 196, 179, 164, 140, 118, 101, 71, 62
427, 407, 391, 371, 343, 321, 295, 269, 247, 234, 196, 179, 164, 140, 118, 101, 72, 63
427, 407, 391, 371, 343, 321, 295, 269, 247, 234, 196, 179, 164, 140, 118, 101, 72, 64
427, 407, 391, 371, 343, 320, 296, 268, 245, 233, 217, 181, 165, 138, 119, 99, 74, 65
427, 407, 391, 371, 343, 320, 296, 268, 245, 233, 217, 181, 165, 138, 119, 99, 74, 66
427, 407, 391, 371, 343, 320, 296, 268, 245, 233, 217, 181, 165, 166, 136, 120, 97, 75, 67
427, 407, 391, 371, 343, 321, 322, 294, 272, 249, 236, 198, 175, 162, 143, 115, 105, 68
427, 407, 391, 371, 343, 321, 322, 294, 272, 249, 236, 198, 175, 162, 143, 115, 105, 68, 69
427, 407, 391, 371, 343, 321, 295, 269, 247, 234, 196, 179, 164, 140, 118, 101, 70
427, 407, 391, 371, 343, 321, 295, 269, 247, 234, 196, 179, 164, 140, 118, 101, 71
427, 407, 391, 371, 343, 321, 295, 269, 247, 234, 196, 179, 164, 140, 118, 101, 72
427, 407, 391, 371, 343, 320, 296, 268, 245, 233, 217, 181, 165, 138, 119, 99, 73
427, 407, 391, 371, 343, 320, 296, 268, 245, 233, 217, 181, 165, 138, 119, 99, 74
427, 407, 391, 371, 343, 320, 296, 268, 245, 233, 217, 181, 165, 166, 136, 120, 97, 75
427, 406, 390, 389, 372, 342, 317, 298, 266, 243, 231, 215, 183, 168, 134, 122, 96, 77, 76
427, 406, 390, 389, 372, 342, 317, 298, 266, 243, 231, 215, 183, 168, 134, 122, 96, 77
427, 406, 390, 389, 372, 342, 317, 298, 266, 243, 231, 215, 183, 168, 134, 122, 96, 78
427, 406, 390, 389, 372, 342, 317, 298, 266, 243, 231, 215, 183, 168, 134, 122, 96, 79
427, 406, 390, 389, 372, 342, 317, 298, 266, 243, 231, 215, 183, 168, 134, 122, 96, 95, 80
427, 406, 390, 389, 372, 342, 317, 298, 266, 243, 231, 215, 183, 168, 134, 122, 96, 95, 81
427, 406, 390, 389, 372, 342, 317, 298, 266, 243, 231, 215, 183, 184, 170, 154, 123, 94, 82
427, 406, 390, 389, 372, 342, 341, 316, 301, 264, 241, 229, 213, 185, 172, 153, 125, 93, 92, 83
427, 406, 390, 389, 372, 342, 341, 316, 301, 264, 241, 229, 213, 185, 172, 153, 125, 93, 92, 83, 84
427, 407, 391, 370, 369, 345, 346, 323, 293, 273, 251, 252, 218, 201, 194, 193, 157, 146, 131, 130, 111, 85
427, 407, 391, 370, 369, 345, 346, 323, 293, 273, 251, 238, 200, 195, 160, 159, 145, 132, 108, 88, 87, 86
427, 407, 391, 370, 369, 345, 346, 323, 293, 273, 251, 238, 200, 195, 160, 159, 145, 132, 108, 88, 87
427, 407, 391, 370, 369, 345, 346, 323, 293, 273, 251, 238, 200, 195, 160, 159, 145, 132, 108, 88
427, 407, 391, 371, 343, 321, 322, 294, 272, 249, 236, 198, 175, 162, 143, 115, 114, 113, 107, 89
427, 406, 390, 389, 372, 342, 341, 316, 301, 264, 241, 229, 213, 185, 172, 153, 125, 93, 92, 91, 90
427, 406, 390, 389, 372, 342, 341, 316, 301, 264, 241, 229, 213, 185, 172, 153, 125, 93, 92, 91
427, 406, 390, 389, 372, 342, 341, 316, 301, 264, 241, 229, 213, 185, 172, 153, 125, 93, 92
427, 406, 390, 389, 372, 342, 341, 316, 301, 264, 241, 229, 213, 185, 172, 153, 125, 93
427, 406, 390, 389, 372, 342, 317, 298, 266, 243, 231, 215, 183, 184, 170, 154, 123, 94
427, 406, 390, 389, 372, 342, 317, 298, 266, 243, 231, 215, 183, 168, 134, 122, 96, 95
427, 406, 390, 389, 372, 342, 317, 298, 266, 243, 231, 215, 183, 168, 134, 122, 96
427, 407, 391, 371, 343, 320, 296, 268, 245, 233, 217, 181, 165, 166, 136, 120, 97
427, 407, 391, 371, 343, 320, 296, 268, 245, 233, 217, 181, 165, 138, 119, 99, 98
427, 407, 391, 371, 343, 320, 296, 268, 245, 233, 217, 181, 165, 138, 119, 99
