743, 727, 698, 672, 664, 633, 615, 587, 574, 563, 525, 523, 495, 465, 449, 427, 407, 391, 371, 343, 320, 296, 268, 245, 233, 217, 181, 165, 138, 119, 99, 74, 66, 40, 1, 0
743, 727, 698, 672, 664, 633, 615, 587, 574, 563, 525, 523, 495, 465, 449, 427, 407, 391, 371, 343, 320, 296, 268, 245, 233, 217, 181, 165, 138, 119, 99, 74, 66, 40, 1
743, 727, 698, 672, 664, 633, 615, 587, 574, 563, 525, 523, 495, 465, 449, 427, 407, 391, 371, 343, 320, 296, 268, 245, 233, 217, 181, 165, 138, 119, 99, 74, 65, 41, 2
743, 727, 698, 672, 664, 633, 615, 587, 574, 563, 525, 523, 495, 465, 449, 427, 407, 391, 371, 343, 320, 296, 268, 245, 233, 217, 181, 165, 138, 119, 99, 74, 65, 41, 3
743, 727, 698, 672, 664, 633, 615, 587, 574, 563, 525, 523, 495, 465, 449, 427, 407, 391, 371, 343, 320, 296, 268, 245, 233, 217, 181, 165, 138, 119, 99, 74, 65, 41, 4
743, 727, 698, 672, 664, 633, 615, 587, 574, 563, 525, 523, 495, 465, 449, 427, 407, 391, 371, 343, 321, 295, 269, 247, 234, 196, 179, 164, 140, 118, 101, 71, 62, 43, 5
743, 727, 698, 672, 664, 633, 615, 587, 574, 563, 525, 523, 495, 465, 449, 427, 407, 391, 371, 343, 321, 295, 269, 247, 234, 196, 179, 164, 140, 118, 101, 71, 62, 44, 6
743, 727, 698, 672, 664, 633, 615, 587, 574, 563, 525, 523, 495, 465, 449, 427, 407, 391, 371, 343, 321, 322, 294, 272, 249, 236, 198, 175, 162, 143, 115, 105, 68, 60, 23, 7
743, 727, 698, 672, 664, 633, 615, 587, 574, 563, 525, 523, 495, 465, 449, 427, 407, 391, 371, 343, 321, 322, 294, 272, 249, 236, 198, 175, 162, 143, 115, 105, 68, 60, 23, 8
743, 727, 698, 672, 664, 633, 615, 587, 574, 563, 525, 523, 495, 465, 449, 427, 407, 391, 371, 343, 321, 322, 294, 272, 249, 236, 198, 175, 162, 143, 115, 105, 68, 60, 23, 8, 9
743, 727, 698, 672, 664, 633, 615, 587, 574, 563, 525, 523, 495, 465, 449, 427, 407, 391, 371, 343, 321, 322, 294, 272, 249, 236, 198, 175, 162, 143, 115, 105, 68, 60, 23, 8, 9, 10
743, 727, 698, 672, 664, 633, 615, 587, 574, 563, 525, 523, 495, 465, 449, 427, 407, 391, 371, 343, 321, 322, 294, 272, 249, 236, 198, 175, 162, 143, 115, 114, 113, 107, 89, 57, 26, 11
743, 727, 698, 672, 664, 633, 615, 587, 574, 563, 525, 523, 495, 465, 449, 427, 407, 391, 371, 343, 321, 322, 294, 272, 249, 236, 198, 175, 162, 143, 115, 114, 113, 107, 89, 57, 26, 11, 12
743, 783, 745, 725, 699, 700, 674, 667, 631, 613, 589, 573, 565, 541, 521, 497, 467, 451, 432, 404, 386, 385, 356, 337, 314, 302, 283, 261, 226, 210, 188, 173, 151, 127, 90, 84, 52, 30, 29, 13
743, 783, 745, 725, 699, 700, 674, 667, 631, 613, 589, 573, 565, 541, 521, 497, 467, 451, 432, 404, 386, 385, 356, 337, 314, 302, 283, 261, 226, 210, 188, 173, 151, 127, 90, 84, 52, 30, 14
743, 727, 698, 672, 664, 633, 615, 587, 574, 563, 525, 523, 495, 465, 466, 450, 430, 405, 388, 353, 341, 316, 301, 264, 241, 229, 213, 185, 172, 153, 125, 93, 92, 83, 51, 32, 15
743, 727, 698, 672, 664, 633, 615, 587, 574, 563, 525, 523, 495, 465, 466, 450, 430, 405, 388, 353, 341, 316, 301, 264, 241, 229, 213, 185, 172, 153, 125, 93, 92, 83, 51, 33, 16
743, 727, 698, 672, 664, 633, 615, 587, 574, 563, 525, 523, 495, 465, 466, 450, 430, 405, 388, 353, 341, 316, 301, 264, 241, 229, 213, 185, 171, 154, 123, 94, 82, 49, 36, 18, 17
743, 727, 698, 672, 664, 633, 615, 587, 574, 563, 525, 523, 495, 465, 466, 450, 430, 405, 388, 353, 341, 316, 301, 264, 241, 229, 213, 185, 171, 154, 123, 94, 82, 49, 36, 18
743, 727, 698, 672, 664, 633, 615, 587, 574, 563, 525, 523, 495, 465, 449, 427, 406, 390, 389, 372, 342, 317, 298, 266, 243, 231, 215, 183, 168, 134, 122, 96, 95, 81, 47, 37, 19
743, 727, 698, 672, 664, 633, 615, 587, 574, 563, 525, 523, 495, 465, 449, 427, 406, 390, 389, 372, 342, 317, 298, 266, 243, 231, 215, 183, 168, 134, 122, 96, 79, 46, 38, 20
743, 727, 698, 672, 664, 633, 615, 587, 574, 563, 525, 523, 495, 465, 449, 427, 407, 391, 371, 343, 321, 322, 294, 272, 249, 236, 198, 175, 162, 143, 115, 105, 68, 60, 21
743, 727, 698, 672, 664, 633, 615, 587, 574, 563, 525, 523, 495, 465, 449, 427, 407, 391, 371, 343, 321, 322, 294, 272, 249, 236, 198, 175, 162, 143, 115, 105, 68, 60, 61, 22
743, 727, 698, 672, 664, 633, 615, 587, 574, 563, 525, 523, 495, 465, 449, 427, 407, 391, 371, 343, 321, 322, 294, 272, 249, 236, 198, 175, 162, 143, 115, 105, 68, 60, 23
743, 727, 698, 672, 664, 633, 615, 587, 574, 563, 525, 523, 495, 465, 449, 427, 407, 391, 371, 343, 321, 322, 294, 272, 249, 236, 198, 175, 162, 143, 115, 105, 68, 60, 24
743, 727, 698, 672, 664, 633, 615, 587, 574, 563, 525, 523, 495, 465, 449, 427, 407, 391, 371, 343, 321, 322, 294, 272, 249, 236, 198, 175, 162, 143, 115, 105, 68, 60, 24, 25
743, 727, 698, 672, 664, 633, 615, 587, 574, 563, 525, 523, 495, 465, 449, 427, 407, 391, 371, 343, 321, 322, 294, 272, 249, 236, 198, 175, 162, 143, 115, 114, 113, 107, 89, 57, 26
743, 727, 698, 672, 664, 633, 615, 587, 574, 563, 525, 523, 495, 465, 449, 427, 407, 391, 371, 343, 321, 322, 294, 272, 249, 236, 198, 175, 162, 143, 115, 114, 113, 107, 89, 57, 26, 27
743, 783, 745, 725, 699, 700, 674, 667, 631, 613, 589, 573, 565, 541, 521, 497, 467, 451, 432, 404, 386, 385, 356, 337, 314, 302, 283, 261, 226, 210, 188, 173, 151, 127, 90, 84, 53, 54, 55, 28
743, 783, 745, 725, 699, 700, 674, 667, 631, 613, 589, 573, 565, 541, 521, 497, 467, 451, 432, 404, 386, 385, 356, 337, 314, 302, 283, 261, 226, 210, 188, 173, 151, 127, 90, 84, 52, 30, 29
743, 783, 745, 725, 699, 700, 674, 667, 631, 613, 589, 573, 565, 541, 521, 497, 467, 451, 432, 404, 386, 385, 356, 337, 314, 302, 283, 261, 226, 210, 188, 173, 151, 127, 90, 84, 52, 30
743, 727, 698, 672, 664, 633, 615, 587, 574, 563, 525, 523, 495, 465, 466, 450, 430, 405, 388, 353, 341, 316, 301, 264, 241, 229, 213, 185, 172, 153, 125, 93, 92, 83, 51, 32, 31
743, 727, 698, 672, 664, 633, 615, 587, 574, 563, 525, 523, 495, 465, 466, 450, 430, 405, 388, 353, 341, 316, 301, 264, 241, 229, 213, 185, 172, 153, 125, 93, 92, 83, 51, 32
743, 727, 698, 672, 664, 633, 615, 587, 574, 563, 525, 523, 495, 465, 466, 450, 430, 405, 388, 353, 341, 316, 301, 264, 241, 229, 213, 185, 172, 153, 125, 93, 92, 83, 51, 33
743, 727, 698, 672, 664, 633, 615, 587, 574, 563, 525, 523, 495, 465, 466, 450, 430, 405, 388, 353, 341, 316, 301, 264, 241, 229, 213, 185, 172, 153, 125, 93, 92, 83, 51, 33, 34
743, 727, 698, 672, 664, 633, 615, 587, 574, 563, 525, 523, 495, 465, 466, 450, 430, 405, 388, 353, 341, 316, 301, 264, 241, 229, 213, 185, 171, 154, 123, 94, 82, 49, 35
743, 727, 698, 672, 664, 633, 615, 587, 574, 563, 525, 523, 495, 465, 466, 450, 430, 405, 388, 353, 341, 316, 301, 264, 241, 229, 213, 185, 171, 154, 123, 94, 82, 49, 36
743, 727, 698, 672, 664, 633, 615, 587, 574, 563, 525, 523, 495, 465, 449, 427, 406, 390, 389, 372, 342, 317, 298, 266, 243, 231, 215, 183, 168, 134, 122, 96, 95, 81, 47, 37
743, 727, 698, 672, 664, 633, 615, 587, 574, 563, 525, 523, 495, 465, 449, 427, 406, 390, 389, 372, 342, 317, 298, 266, 243, 231, 215, 183, 168, 134, 122, 96, 79, 46, 38
743, 727, 698, 672, 664, 633, 615, 587, 574, 563, 525, 523, 495, 465, 449, 427, 407, 391, 371, 343, 320, 296, 268, 245, 233, 217, 181, 165, 166, 136, 120, 97, 75, 67, 39
743, 727, 698, 672, 664, 633, 615, 587, 574, 563, 525, 523, 495, 465, 449, 427, 407, 391, 371, 343, 320, 296, 268, 245, 233, 217, 181, 165, 138, 119, 99, 74, 66, 40
743, 727, 698, 672, 664, 633, 615, 587, 574, 563, 525, 523, 495, 465, 449, 427, 407, 391, 371, 343, 320, 296, 268, 245, 233, 217, 181, 165, 138, 119, 99, 74, 65, 41
743, 727, 698, 672, 664, 633, 615, 587, 574, 563, 525, 523, 495, 465, 449, 427, 407, 391, 371, 343, 321, 295, 269, 247, 234, 196, 179, 164, 140, 118, 101, 72, 63, 42
743, 727, 698, 672, 664, 633, 615, 587, 574, 563, 525, 523, 495, 465, 449, 427, 407, 391, 371, 343, 321, 295, 269, 247, 234, 196, 179, 164, 140, 118, 101, 71, 62, 43
743, 727, 698, 672, 664, 633, 615, 587, 574, 563, 525, 523, 495, 465, 449, 427, 407, 391, 371, 343, 321, 295, 269, 247, 234, 196, 179, 164, 140, 118, 101, 71, 62, 44
743, 727, 698, 672, 664, 633, 615, 587, 574, 563, 525, 523, 495, 465, 449, 427, 407, 391, 371, 343, 321, 295, 269, 247, 234, 196, 179, 164, 140, 118, 101, 71, 62, 45
743, 727, 698, 672, 664, 633, 615, 587, 574, 563, 525, 523, 495, 465, 449, 427, 406, 390, 389, 372, 342, 317, 298, 266, 243, 231, 215, 183, 168, 134, 122, 96, 79, 46
743, 727, 698, 672, 664, 633, 615, 587, 574, 563, 525, 523, 495, 465, 449, 427, 406, 390, 389, 372, 342, 317, 298, 266, 243, 231, 215, 183, 168, 134, 122, 96, 95, 81, 47
743, 727, 698, 672, 664, 633, 615, 587, 574, 563, 525, 523, 495, 465, 449, 427, 406, 390, 389, 372, 342, 317, 298, 266, 243, 231, 215, 183, 168, 134, 122, 96, 95, 81, 48
743, 727, 698, 672, 664, 633, 615, 587, 574, 563, 525, 523, 495, 465, 466, 450, 430, 405, 388, 353, 341, 316, 301, 264, 241, 229, 213, 185, 171, 154, 123, 94, 82, 49
743, 727, 698, 672, 664, 633, 615, 587, 574, 563, 525, 523, 495, 465, 466, 450, 430, 405, 388, 353, 341, 316, 301, 264, 241, 229, 213, 185, 171, 154, 123, 94, 82, 49, 50
743, 727, 698, 672, 664, 633, 615, 587, 574, 563, 525, 523, 495, 465, 466, 450, 430, 405, 388, 353, 341, 316, 301, 264, 241, 229, 213, 185, 172, 153, 125, 93, 92, 83, 51
743, 783, 745, 725, 699, 700, 674, 667, 631, 613, 589, 573, 565, 541, 521, 497, 467, 451, 432, 404, 386, 385, 356, 337, 314, 302, 283, 261, 226, 210, 188, 173, 151, 127, 90, 84, 52
743, 783, 745, 725, 699, 700, 674, 667, 631, 613, 589, 573, 565, 541, 521, 497, 467, 451, 432, 404, 386, 385, 356, 337, 314, 302, 283, 261, 226, 210, 188, 173, 151, 127, 90, 84, 53
743, 783, 745, 725, 699, 700, 674, 667, 631, 613, 589, 573, 565, 541, 521, 497, 467, 451, 432, 404, 386, 385, 356, 337, 314, 302, 283, 261, 226, 210, 188, 173, 151, 127, 90, 84, 53, 54
743, 783, 745, 725, 699, 700, 674, 667, 631, 613, 589, 573, 565, 541, 521, 497, 467, 451, 432, 404, 386, 385, 356, 337, 314, 302, 283, 261, 226, 210, 188, 173, 151, 127, 90, 84, 53, 54, 55
743, 727, 698, 672, 664, 633, 615, 587, 574, 563, 525, 523, 495, 465, 449, 427, 407, 391, 370, 369, 345, 346, 323, 293, 273, 251, 238, 200, 195, 160, 159, 145, 132, 108, 88, 56
743, 727, 698, 672, 664, 633, 615, 587, 574, 563, 525, 523, 495, 465, 449, 427, 407, 391, 371, 343, 321, 322, 294, 272, 249, 236, 198, 175, 162, 143, 115, 114, 113, 107, 89, 57
743, 727, 698, 672, 664, 633, 615, 587, 574, 563, 525, 523, 495, 465, 449, 427, 407, 391, 371, 343, 321, 322, 294, 272, 249, 236, 198, 175, 162, 143, 115, 114, 113, 107, 89, 58
743, 727, 698, 672, 664, 633, 615, 587, 574, 563, 525, 523, 495, 465, 449, 427, 407, 391, 371, 343, 321, 322, 294, 272, 249, 236, 198, 175, 162, 143, 115, 114, 113, 107, 89, 59
743, 727, 698, 672, 664, 633, 615, 587, 574, 563, 525, 523, 495, 465, 449, 427, 407, 391, 371, 343, 321, 322, 294, 272, 249, 236, 198, 175, 162, 143, 115, 105, 68, 60
743, 727, 698, 672, 664, 633, 615, 587, 574, 563, 525, 523, 495, 465, 449, 427, 407, 391, 371, 343, 321, 322, 294, 272, 249, 236, 198, 175, 162, 143, 115, 105, 68, 60, 61
743, 727, 698, 672, 664, 633, 615, 587, 574, 563, 525, 523, 495, 465, 449, 427, 407, 391, 371, 343, 321, 295, 269, 247, 234, 196, 179, 164, 140, 118, 101, 71, 62
743, 727, 698, 672, 664, 633, 615, 587, 574, 563, 525, 523, 495, 465, 449, 427, 407, 391, 371, 343, 321, 295, 269, 247, 234, 196, 179, 164, 140, 118, 101, 72, 63
743, 727, 698, 672, 664, 633, 615, 587, 574, 563, 525, 523, 495, 465, 449, 427, 407, 391, 371, 343, 321, 295, 269, 247, 234, 196, 179, 164, 140, 118, 101, 72, 64
743, 727, 698, 672, 664, 633, 615, 587, 574, 563, 525, 523, 495, 465, 449, 427, 407, 391, 371, 343, 320, 296, 268, 245, 233, 217, 181, 165, 138, 119, 99, 74, 65
743, 727, 698, 672, 664, 633, 615, 587, 574, 563, 525, 523, 495, 465, 449, 427, 407, 391, 371, 343, 320, 296, 268, 245, 233, 217, 181, 165, 138, 119, 99, 74, 66
743, 727, 698, 672, 664, 633, 615, 587, 574, 563, 525, 523, 495, 465, 449, 427, 407, 391, 371, 343, 320, 296, 268, 245, 233, 217, 181, 165, 166, 136, 120, 97, 75, 67
743, 727, 698, 672, 664, 633, 615, 587, 574, 563, 525, 523, 495, 465, 449, 427, 407, 391, 371, 343, 321, 322, 294, 272, 249, 236, 198, 175, 162, 143, 115, 105, 68
743, 727, 698, 672, 664, 633, 615, 587, 574, 563, 525, 523, 495, 465, 449, 427, 407, 391, 371, 343, 321, 322, 294, 272, 249, 236, 198, 175, 162, 143, 115, 105, 68, 69
743, 727, 698, 672, 664, 633, 615, 587, 574, 563, 525, 523, 495, 465, 449, 427, 407, 391, 371, 343, 321, 295, 269, 247, 234, 196, 179, 164, 140, 118, 101, 70
743, 727, 698, 672, 664, 633, 615, 587, 574, 563, 525, 523, 495, 465, 449, 427, 407, 391, 371, 343, 321, 295, 269, 247, 234, 196, 179, 164, 140, 118, 101, 71
743, 727, 698, 672, 664, 633, 615, 587, 574, 563, 525, 523, 495, 465, 449, 427, 407, 391, 371, 343, 321, 295, 269, 247, 234, 196, 179, 164, 140, 118, 101, 72
743, 727, 698, 672, 664, 633, 615, 587, 574, 563, 525, 523, 495, 465, 449, 427, 407, 391, 371, 343, 320, 296, 268, 245, 233, 217, 181, 165, 138, 119, 99, 73
743, 727, 698, 672, 664, 633, 615, 587, 574, 563, 525, 523, 495, 465, 449, 427, 407, 391, 371, 343, 320, 296, 268, 245, 233, 217, 181, 165, 138, 119, 99, 74
743, 727, 698, 672, 664, 633, 615, 587, 574, 563, 525, 523, 495, 465, 449, 427, 407, 391, 371, 343, 320, 296, 268, 245, 233, 217, 181, 165, 166, 136, 120, 97, 75
743, 727, 698, 672, 664, 633, 615, 587, 574, 563, 525, 523, 495, 465, 449, 427, 406, 390, 389, 372, 342, 317, 298, 266, 243, 231, 215, 183, 168, 134, 122, 96, 77, 76
743, 727, 698, 672, 664, 633, 615, 587, 574, 563, 525, 523, 495, 465, 449, 427, 406, 390, 389, 372, 342, 317, 298, 266, 243, 231, 215, 183, 168, 134, 122, 96, 77
743, 727, 698, 672, 664, 633, 615, 587, 574, 563, 525, 523, 495, 465, 449, 427, 406, 390, 389, 372, 342, 317, 298, 266, 243, 231, 215, 183, 168, 134, 122, 96, 78
743, 727, 698, 672, 664, 633, 615, 587, 574, 563, 525, 523, 495, 465, 449, 427, 406, 390, 389, 372, 342, 317, 298, 266, 243, 231, 215, 183, 168, 134, 122, 96, 79
743, 727, 698, 672, 664, 633, 615, 587, 574, 563, 525, 523, 495, 465, 449, 427, 406, 390, 389, 372, 342, 317, 298, 266, 243, 231, 215, 183, 168, 134, 122, 96, 95, 80
743, 727, 698, 672, 664, 633, 615, 587, 574, 563, 525, 523, 495, 465, 449, 427, 406, 390, 389, 372, 342, 317, 298, 266, 243, 231, 215, 183, 168, 134, 122, 96, 95, 81
743, 727, 698, 672, 664, 633, 615, 587, 574, 563, 525, 523, 495, 465, 466, 450, 430, 405, 388, 353, 341, 316, 301, 264, 241, 229, 213, 185, 171, 154, 123, 94, 82
743, 727, 698, 672, 664, 633, 615, 587, 574, 563, 525, 523, 495, 465, 466, 450, 430, 405, 388, 353, 341, 316, 301, 264, 241, 229, 213, 185, 172, 153, 125, 93, 92, 83
743, 783, 745, 725, 699, 700, 674, 667, 631, 613, 589, 573, 565, 541, 521, 497, 467, 451, 432, 404, 386, 385, 356, 337, 314, 302, 283, 261, 226, 210, 188, 173, 151, 127, 90, 84
743, 783, 745, 725, 699, 700, 674, 667, 631, 613, 589, 573, 565, 541, 521, 497, 467, 451, 432, 404, 386, 385, 356, 337, 314, 302, 283, 261, 226, 210, 188, 173, 151, 127, 90, 84, 85
743, 727, 698, 672, 664, 633, 615, 587, 574, 563, 525, 523, 495, 465, 449, 427, 407, 391, 370, 369, 345, 346, 323, 293, 273, 251, 238, 200, 195, 160, 159, 145, 132, 108, 88, 87, 86
743, 727, 698, 672, 664, 633, 615, 587, 574, 563, 525, 523, 495, 465, 449, 427, 407, 391, 370, 369, 345, 346, 323, 293, 273, 251, 238, 200, 195, 160, 159, 145, 132, 108, 88, 87
743, 727, 698, 672, 664, 633, 615, 587, 574, 563, 525, 523, 495, 465, 449, 427, 407, 391, 370, 369, 345, 346, 323, 293, 273, 251, 238, 200, 195, 160, 159, 145, 132, 108, 88
743, 727, 698, 672, 664, 633, 615, 587, 574, 563, 525, 523, 495, 465, 449, 427, 407, 391, 371, 343, 321, 322, 294, 272, 249, 236, 198, 175, 162, 143, 115, 114, 113, 107, 89
743, 783, 745, 725, 699, 700, 674, 667, 631, 613, 589, 573, 565, 541, 521, 497, 467, 451, 432, 404, 386, 385, 356, 337, 314, 302, 283, 261, 226, 210, 188, 173, 151, 127, 90
743, 783, 745, 725, 699, 700, 674, 667, 631, 613, 589, 573, 565, 541, 521, 497, 467, 451, 432, 404, 386, 385, 356, 337, 314, 302, 283, 261, 226, 210, 188, 173, 151, 127, 91
743, 727, 698, 672, 664, 633, 615, 587, 574, 563, 525, 523, 495, 465, 466, 450, 430, 405, 388, 353, 341, 316, 301, 264, 241, 229, 213, 185, 172, 153, 125, 93, 92
743, 727, 698, 672, 664, 633, 615, 587, 574, 563, 525, 523, 495, 465, 466, 450, 430, 405, 388, 353, 341, 316, 301, 264, 241, 229, 213, 185, 172, 153, 125, 93
743, 727, 698, 672, 664, 633, 615, 587, 574, 563, 525, 523, 495, 465, 466, 450, 430, 405, 388, 353, 341, 316, 301, 264, 241, 229, 213, 185, 171, 154, 123, 94
743, 727, 698, 672, 664, 633, 615, 587, 574, 563, 525, 523, 495, 465, 449, 427, 406, 390, 389, 372, 342, 317, 298, 266, 243, 231, 215, 183, 168, 134, 122, 96, 95
743, 727, 698, 672, 664, 633, 615, 587, 574, 563, 525, 523, 495, 465, 449, 427, 406, 390, 389, 372, 342, 317, 298, 266, 243, 231, 215, 183, 168, 134, 122, 96
743, 727, 698, 672, 664, 633, 615, 587, 574, 563, 525, 523, 495, 465, 449, 427, 407, 391, 371, 343, 320, 296, 268, 245, 233, 217, 181, 165, 166, 136, 120, 97
743, 727, 698, 672, 664, 633, 615, 587, 574, 563, 525, 523, 495, 465, 449, 427, 407, 391, 371, 343, 320, 296, 268, 245, 233, 217, 181, 165, 138, 119, 99, 98
743, 727, 698, 672, 664, 633, 615, 587, 574, 563, 525, 523, 495, 465, 449, 427, 407, 391, 371, 343, 320, 296, 268, 245, 233, 217, 181, 165, 138, 119, 99
