1305, 1334, 1335, 1358, 1372, 1403, 1414, 1438, 1460, 1486, 1492, 1523, 1542, 1541, 20, 0
1305, 1334, 1335, 1358, 1371, 1402, 1413, 1440, 1462, 1468, 1494, 1495, 1527, 1539, 1
1305, 1334, 1335, 1358, 1371, 1402, 1413, 1440, 1441, 1464, 1470, 1496, 1528, 1538, 2
1305, 1334, 1335, 1358, 1371, 1402, 1413, 1440, 1441, 1464, 1470, 1496, 1528, 1538, 1537, 1536, 3
1305, 1334, 1335, 1358, 1371, 1402, 1413, 1440, 1441, 1464, 1470, 1496, 1528, 1538, 1537, 1536, 3, 4
1305, 1334, 1335, 1358, 1371, 1402, 1413, 1440, 1441, 1464, 1445, 1446, 1472, 1499, 1530, 1531, 1534, 5
1305, 1304, 1333, 1332, 1331, 1343, 1378, 1379, 1380, 1389, 1422, 1430, 1429, 1451, 1450, 1477, 1503, 1511, 1553, 6
1305, 1304, 1333, 1332, 1331, 1343, 1378, 1379, 1380, 1389, 1422, 1430, 1453, 1479, 1478, 1507, 1515, 1551, 8, 7
1305, 1304, 1333, 1332, 1331, 1343, 1378, 1379, 1380, 1389, 1422, 1430, 1453, 1479, 1478, 1507, 1515, 1551, 8
1305, 1304, 1333, 1332, 1331, 1343, 1378, 1379, 1380, 1389, 1422, 1430, 1453, 1479, 1478, 1507, 1515, 1551, 9
1305, 1304, 1333, 1332, 1331, 1343, 1378, 1379, 1380, 1389, 1422, 1430, 1453, 1479, 1508, 1516, 1550, 10
1305, 1304, 1333, 1360, 1374, 1384, 1417, 1437, 1436, 1458, 1457, 1482, 1488, 1518, 1546, 13, 12, 11
1305, 1304, 1333, 1360, 1374, 1384, 1417, 1437, 1436, 1458, 1457, 1482, 1488, 1518, 1546, 13, 12
1305, 1304, 1333, 1360, 1374, 1384, 1417, 1437, 1436, 1458, 1457, 1482, 1488, 1518, 1546, 13
1305, 1304, 1333, 1360, 1374, 1384, 1417, 1437, 1436, 1458, 1457, 1482, 1488, 1518, 1546, 14
1305, 1304, 1333, 1360, 1374, 1384, 1417, 1437, 1459, 1485, 1489, 1520, 1545, 15
1305, 1304, 1333, 1360, 1374, 1384, 1417, 1437, 1459, 1485, 1489, 1521, 1544, 16
1305, 1334, 1335, 1358, 1372, 1403, 1414, 1438, 1460, 1486, 1492, 1523, 1543, 17
1305, 1334, 1335, 1358, 1372, 1403, 1414, 1438, 1460, 1486, 1492, 1523, 1542, 18
1305, 1334, 1335, 1358, 1372, 1403, 1414, 1438, 1460, 1486, 1492, 1523, 1542, 1541, 19
1305, 1334, 1335, 1358, 1372, 1403, 1414, 1438, 1460, 1486, 1492, 1523, 1542, 1541, 20
1305, 1334, 1335, 1358, 1372, 1403, 1414, 1438, 1460, 1486, 1492, 1523, 1542, 18, 21
1305, 1334, 1335, 1358, 1372, 1403, 1414, 1438, 1460, 1486, 1492, 1523, 1542, 1541, 20, 22
1305, 1334, 1335, 1358, 1372, 1403, 1414, 1438, 1460, 1486, 1492, 1523, 1542, 1541, 20, 22, 23
1305, 1334, 1335, 1358, 1372, 1403, 1414, 1438, 1460, 1486, 1492, 1523, 1542, 1541, 20, 22, 23, 24
1305, 1334, 1335, 1358, 1371, 1402, 1413, 1440, 1462, 1468, 1494, 1495, 1527, 1539, 1, 25
1305, 1334, 1335, 1358, 1371, 1402, 1413, 1440, 1441, 1464, 1470, 1496, 1528, 1538, 2, 26
1305, 1334, 1335, 1358, 1371, 1402, 1413, 1440, 1441, 1464, 1470, 1496, 1528, 1538, 2, 26, 27
1305, 1334, 1335, 1358, 1371, 1402, 1413, 1440, 1441, 1464, 1445, 1446, 1472, 1499, 1530, 1531, 1534, 5, 28
1305, 1334, 1335, 1358, 1371, 1402, 1413, 1440, 1441, 1464, 1445, 1446, 1472, 1499, 1530, 1531, 1534, 5, 29
1305, 1304, 1333, 1332, 1331, 1343, 1378, 1379, 1380, 1389, 1422, 1430, 1429, 1451, 1450, 1477, 1503, 1511, 1553, 6, 30
1305, 1304, 1333, 1332, 1331, 1343, 1378, 1379, 1380, 1389, 1422, 1430, 1429, 1451, 1450, 1477, 1503, 1511, 1553, 6, 31
1305, 1304, 1333, 1332, 1331, 1343, 1378, 1379, 1380, 1389, 1422, 1430, 1453, 1479, 1478, 1507, 1515, 1551, 8, 7, 32
1305, 1304, 1333, 1332, 1331, 1343, 1378, 1379, 1380, 1389, 1422, 1430, 1453, 1479, 1478, 1507, 1515, 1551, 9, 33
1305, 1304, 1333, 1332, 1331, 1343, 1378, 1379, 1380, 1389, 1422, 1430, 1453, 1479, 1508, 1516, 1550, 10, 34
1305, 1304, 1333, 1360, 1374, 1384, 1417, 1437, 1436, 1458, 1457, 1482, 1488, 1518, 1546, 13, 12, 36, 35
1305, 1304, 1333, 1360, 1374, 1384, 1417, 1437, 1436, 1458, 1457, 1482, 1488, 1518, 1546, 13, 12, 36
1305, 1304, 1333, 1360, 1374, 1384, 1417, 1437, 1459, 1485, 1489, 1521, 1544, 16, 38, 37
1305, 1304, 1333, 1360, 1374, 1384, 1417, 1437, 1459, 1485, 1489, 1521, 1544, 16, 38
1305, 1304, 1333, 1360, 1374, 1384, 1417, 1437, 1459, 1485, 1489, 1521, 1544, 16, 39
1305, 1304, 1333, 1360, 1374, 1384, 1417, 1437, 1459, 1485, 1489, 1521, 1544, 16, 40
1305, 1334, 1335, 1358, 1372, 1403, 1414, 1438, 1460, 1486, 1492, 1523, 1543, 17, 41
1305, 1334, 1335, 1358, 1371, 1402, 1413, 1440, 1462, 1468, 1494, 1495, 1527, 1539, 1, 25, 42
1305, 1334, 1335, 1358, 1371, 1402, 1413, 1440, 1462, 1468, 1494, 1495, 1527, 1539, 1, 25, 42, 43
1305, 1334, 1335, 1358, 1371, 1402, 1413, 1440, 1441, 1464, 1470, 1496, 1528, 1538, 2, 26, 44
1305, 1334, 1335, 1358, 1371, 1402, 1413, 1440, 1441, 1464, 1470, 1496, 1528, 1538, 2, 26, 27, 45
1305, 1334, 1335, 1358, 1371, 1402, 1413, 1440, 1441, 1464, 1470, 1496, 1528, 1538, 2, 26, 27, 46
1305, 1334, 1335, 1358, 1371, 1402, 1413, 1440, 1441, 1464, 1470, 1496, 1528, 1538, 2, 26, 27, 46, 47
1305, 1334, 1335, 1358, 1371, 1402, 1413, 1440, 1441, 1464, 1445, 1446, 1472, 1499, 1530, 1531, 1534, 5, 29, 48
1305, 1334, 1335, 1358, 1371, 1402, 1413, 1440, 1441, 1464, 1445, 1446, 1472, 1499, 1530, 1531, 1534, 5, 29, 49
1305, 1304, 1333, 1332, 1331, 1343, 1378, 1379, 1380, 1389, 1422, 1430, 1429, 1451, 1450, 1477, 1503, 1511, 1553, 6, 31, 50
1305, 1304, 1333, 1332, 1331, 1343, 1378, 1379, 1380, 1389, 1422, 1430, 1453, 1479, 1478, 1507, 1515, 1551, 8, 7, 32, 52, 51
1305, 1304, 1333, 1332, 1331, 1343, 1378, 1379, 1380, 1389, 1422, 1430, 1453, 1479, 1478, 1507, 1515, 1551, 8, 7, 32, 52
1305, 1304, 1333, 1332, 1331, 1343, 1378, 1379, 1380, 1389, 1422, 1430, 1453, 1479, 1508, 1516, 1550, 10, 34, 53
1305, 1304, 1333, 1360, 1374, 1384, 1417, 1437, 1436, 1458, 1457, 1482, 1488, 1518, 1546, 13, 12, 36, 56, 55, 54
1305, 1304, 1333, 1360, 1374, 1384, 1417, 1437, 1436, 1458, 1457, 1482, 1488, 1518, 1546, 13, 12, 36, 56, 55
1305, 1304, 1333, 1360, 1374, 1384, 1417, 1437, 1436, 1458, 1457, 1482, 1488, 1518, 1546, 13, 12, 36, 56
1305, 1304, 1333, 1360, 1374, 1384, 1417, 1437, 1436, 1458, 1457, 1482, 1488, 1518, 1546, 13, 12, 36, 57
1305, 1304, 1333, 1360, 1374, 1384, 1417, 1437, 1459, 1485, 1489, 1521, 1544, 16, 38, 59, 58
1305, 1304, 1333, 1360, 1374, 1384, 1417, 1437, 1459, 1485, 1489, 1521, 1544, 16, 38, 59
1305, 1304, 1333, 1360, 1374, 1384, 1417, 1437, 1459, 1485, 1489, 1521, 1544, 16, 39, 60
1305, 1304, 1333, 1360, 1374, 1384, 1417, 1437, 1459, 1485, 1489, 1521, 1544, 16, 40, 61
1305, 1334, 1335, 1358, 1372, 1403, 1414, 1438, 1460, 1486, 1492, 1523, 1543, 17, 41, 62
1305, 1334, 1335, 1358, 1372, 1403, 1414, 1438, 1460, 1486, 1492, 1523, 1542, 18, 21, 63
1305, 1334, 1335, 1358, 1372, 1403, 1414, 1438, 1460, 1486, 1492, 1523, 1542, 1541, 20, 22, 64
1305, 1334, 1335, 1358, 1372, 1403, 1414, 1438, 1460, 1486, 1492, 1523, 1542, 1541, 20, 22, 65
1305, 1334, 1335, 1358, 1372, 1403, 1414, 1438, 1460, 1486, 1492, 1523, 1542, 1541, 20, 22, 23, 66
1305, 1334, 1335, 1358, 1372, 1403, 1414, 1438, 1460, 1486, 1492, 1523, 1543, 17, 41, 62, 67
1305, 1304, 1333, 1360, 1374, 1384, 1417, 1437, 1459, 1485, 1489, 1521, 1544, 16, 40, 61, 68
1305, 1304, 1333, 1360, 1374, 1384, 1417, 1437, 1459, 1485, 1489, 1521, 1544, 16, 39, 60, 69
1305, 1304, 1333, 1360, 1374, 1384, 1417, 1437, 1459, 1485, 1489, 1521, 1544, 16, 39, 60, 70
1305, 1304, 1333, 1360, 1374, 1384, 1417, 1437, 1459, 1485, 1489, 1521, 1544, 16, 39, 60, 70, 71
1305, 1304, 1333, 1360, 1374, 1384, 1417, 1437, 1459, 1485, 1489, 1521, 1544, 16, 39, 60, 70, 71, 72
1305, 1304, 1333, 1360, 1374, 1384, 1417, 1437, 1436, 1458, 1457, 1482, 1488, 1518, 1546, 13, 12, 36, 56, 73
1305, 1304, 1333, 1360, 1374, 1384, 1417, 1437, 1436, 1458, 1457, 1482, 1488, 1518, 1546, 13, 12, 36, 56, 73, 74
1305, 1304, 1333, 1360, 1374, 1384, 1417, 1437, 1436, 1458, 1457, 1482, 1488, 1518, 1546, 13, 12, 36, 56, 73, 74, 75
1305, 1304, 1333, 1360, 1374, 1384, 1417, 1437, 1436, 1458, 1457, 1482, 1488, 1518, 1546, 13, 12, 36, 56, 73, 74, 75, 76
1305, 1304, 1333, 1332, 1331, 1343, 1378, 1379, 1380, 1389, 1422, 1430, 1453, 1479, 1478, 1507, 1515, 1551, 8, 7, 32, 52, 77
1305, 1304, 1333, 1332, 1331, 1343, 1378, 1379, 1380, 1389, 1422, 1430, 1453, 1479, 1478, 1507, 1515, 1551, 8, 7, 32, 52, 51, 78
1305, 1304, 1333, 1332, 1331, 1343, 1378, 1379, 1380, 1389, 1422, 1430, 1429, 1451, 1450, 1477, 1503, 1511, 1553, 6, 31, 50, 80, 79
1305, 1304, 1333, 1332, 1331, 1343, 1378, 1379, 1380, 1389, 1422, 1430, 1429, 1451, 1450, 1477, 1503, 1511, 1553, 6, 31, 50, 80
1305, 1334, 1335, 1358, 1371, 1402, 1413, 1440, 1441, 1464, 1470, 1496, 1528, 1538, 2, 26, 27, 46, 47, 82, 81
1305, 1334, 1335, 1358, 1371, 1402, 1413, 1440, 1441, 1464, 1470, 1496, 1528, 1538, 2, 26, 27, 46, 47, 82
1305, 1334, 1335, 1358, 1371, 1402, 1413, 1440, 1441, 1464, 1470, 1496, 1528, 1538, 2, 26, 27, 45, 83
1305, 1334, 1335, 1358, 1371, 1402, 1413, 1440, 1462, 1468, 1494, 1495, 1527, 1539, 1, 25, 42, 84
1305, 1334, 1335, 1358, 1372, 1403, 1414, 1438, 1460, 1486, 1492, 1523, 1542, 1541, 20, 22, 64, 87, 86, 85
1305, 1334, 1335, 1358, 1372, 1403, 1414, 1438, 1460, 1486, 1492, 1523, 1542, 1541, 20, 22, 64, 87, 86
1305, 1334, 1335, 1358, 1372, 1403, 1414, 1438, 1460, 1486, 1492, 1523, 1542, 1541, 20, 22, 64, 87
1305, 1334, 1335, 1358, 1372, 1403, 1414, 1438, 1460, 1486, 1492, 1523, 1542, 18, 21, 63, 88
1305, 1334, 1335, 1358, 1371, 1402, 1413, 1440, 1441, 1464, 1470, 1496, 1528, 1538, 2, 26, 27, 46, 47, 82, 81, 89
1305, 1334, 1335, 1358, 1371, 1402, 1413, 1440, 1441, 1464, 1470, 1496, 1528, 1538, 2, 26, 27, 46, 47, 82, 90
1305, 1334, 1335, 1358, 1371, 1402, 1413, 1440, 1441, 1464, 1470, 1496, 1528, 1538, 2, 26, 27, 45, 83, 91
1305, 1334, 1335, 1358, 1371, 1402, 1413, 1440, 1441, 1464, 1470, 1496, 1528, 1538, 2, 26, 27, 45, 83, 92
1305, 1334, 1335, 1358, 1371, 1402, 1413, 1440, 1462, 1468, 1494, 1495, 1527, 1539, 1, 25, 42, 84, 93
1305, 1334, 1335, 1358, 1372, 1403, 1414, 1438, 1460, 1486, 1492, 1523, 1542, 1541, 20, 22, 64, 87, 95, 94
1305, 1334, 1335, 1358, 1372, 1403, 1414, 1438, 1460, 1486, 1492, 1523, 1542, 1541, 20, 22, 64, 87, 95
1305, 1334, 1335, 1358, 1372, 1403, 1414, 1438, 1460, 1486, 1492, 1523, 1542, 18, 21, 63, 88, 96
1305, 1334, 1335, 1358, 1372, 1403, 1414, 1438, 1460, 1486, 1492, 1523, 1542, 18, 21, 63, 88, 97
1305, 1334, 1335, 1358, 1372, 1403, 1414, 1438, 1460, 1486, 1492, 1523, 1543, 17, 41, 62, 67, 98
1305, 1334, 1335, 1358, 1372, 1403, 1414, 1438, 1460, 1486, 1492, 1523, 1543, 17, 41, 62, 67, 99
