1043, 1056, 1074, 1115, 1126, 1144, 1172, 1187, 1186, 1206, 1228, 1254, 1268, 1283, 1303, 1332, 1361, 1375, 1384, 1417, 1437, 1459, 1460, 1486, 1492, 1523, 1542, 1541, 20, 0
1043, 1056, 1073, 1090, 1125, 1146, 1173, 1189, 1210, 1232, 1233, 1249, 1273, 1289, 1318, 1325, 1348, 1382, 1391, 1392, 1393, 1407, 1425, 1447, 1473, 1499, 1498, 1528, 1539, 1
1043, 1056, 1073, 1090, 1125, 1146, 1173, 1189, 1210, 1232, 1233, 1249, 1273, 1289, 1318, 1325, 1348, 1382, 1391, 1392, 1393, 1407, 1425, 1447, 1473, 1499, 1529, 1537, 2
1043, 1056, 1073, 1090, 1125, 1146, 1173, 1189, 1210, 1232, 1233, 1249, 1273, 1289, 1318, 1325, 1348, 1382, 1391, 1392, 1393, 1407, 1425, 1447, 1473, 1499, 1529, 1536, 3
1043, 1056, 1073, 1090, 1125, 1146, 1173, 1189, 1210, 1232, 1233, 1249, 1273, 1289, 1318, 1325, 1348, 1382, 1391, 1392, 1404, 1426, 1449, 1475, 1501, 1531, 1534, 4
1043, 1056, 1073, 1090, 1125, 1146, 1173, 1189, 1210, 1232, 1233, 1249, 1273, 1289, 1318, 1325, 1348, 1382, 1391, 1392, 1404, 1426, 1449, 1475, 1501, 1531, 1534, 5
1043, 1056, 1073, 1090, 1125, 1146, 1173, 1189, 1210, 1232, 1233, 1249, 1273, 1289, 1318, 1325, 1348, 1382, 1391, 1392, 1405, 1427, 1450, 1477, 1503, 1511, 1553, 6
1043, 1056, 1073, 1090, 1125, 1146, 1173, 1189, 1210, 1232, 1233, 1249, 1273, 1289, 1318, 1325, 1348, 1382, 1391, 1392, 1405, 1427, 1450, 1477, 1504, 1513, 1552, 7
1043, 1056, 1073, 1090, 1125, 1146, 1173, 1189, 1210, 1232, 1233, 1249, 1273, 1289, 1318, 1325, 1348, 1382, 1391, 1423, 1429, 1452, 1478, 1507, 1515, 1551, 8
1043, 1056, 1073, 1090, 1125, 1146, 1173, 1189, 1210, 1232, 1233, 1249, 1273, 1289, 1318, 1325, 1348, 1382, 1391, 1423, 1429, 1452, 1478, 1507, 1515, 1551, 9
1043, 1056, 1073, 1090, 1125, 1146, 1173, 1189, 1210, 1232, 1233, 1249, 1273, 1289, 1318, 1325, 1348, 1382, 1391, 1423, 1429, 1452, 1478, 1479, 1508, 1516, 1550, 10
1043, 1056, 1073, 1090, 1125, 1146, 1173, 1189, 1210, 1232, 1233, 1249, 1273, 1289, 1318, 1325, 1348, 1382, 1391, 1423, 1429, 1452, 1478, 1479, 1508, 1516, 1549, 11
1043, 1056, 1073, 1090, 1125, 1146, 1173, 1189, 1208, 1231, 1252, 1270, 1285, 1300, 1328, 1344, 1379, 1387, 1420, 1431, 1454, 1480, 1510, 1517, 1548, 12
1043, 1056, 1073, 1090, 1125, 1146, 1173, 1189, 1208, 1231, 1252, 1270, 1285, 1300, 1328, 1344, 1379, 1387, 1420, 1431, 1454, 1480, 1510, 1517, 1548, 1547, 13
1043, 1056, 1073, 1090, 1125, 1146, 1173, 1189, 1208, 1231, 1252, 1270, 1285, 1300, 1328, 1344, 1379, 1387, 1420, 1431, 1454, 1480, 1510, 1517, 1548, 1547, 13, 14
1043, 1056, 1073, 1090, 1125, 1146, 1173, 1189, 1208, 1231, 1252, 1270, 1285, 1300, 1328, 1344, 1379, 1387, 1420, 1433, 1456, 1481, 1482, 1488, 1519, 1545, 15
1043, 1056, 1073, 1090, 1125, 1146, 1173, 1189, 1208, 1231, 1252, 1270, 1285, 1301, 1329, 1330, 1331, 1342, 1377, 1385, 1418, 1436, 1458, 1483, 1489, 1521, 1544, 16
1043, 1056, 1073, 1090, 1125, 1146, 1173, 1189, 1208, 1231, 1252, 1270, 1285, 1301, 1329, 1330, 1331, 1342, 1377, 1385, 1418, 1436, 1458, 1483, 1489, 1521, 1544, 16, 17
1043, 1056, 1074, 1115, 1126, 1144, 1172, 1187, 1186, 1206, 1228, 1254, 1268, 1283, 1303, 1332, 1361, 1375, 1384, 1417, 1437, 1459, 1460, 1486, 1492, 1523, 1542, 18
1043, 1056, 1074, 1115, 1126, 1144, 1172, 1187, 1186, 1206, 1228, 1254, 1268, 1283, 1303, 1332, 1361, 1375, 1384, 1417, 1437, 1459, 1460, 1486, 1492, 1523, 1542, 1541, 19
1043, 1056, 1074, 1115, 1126, 1144, 1172, 1187, 1186, 1206, 1228, 1254, 1268, 1283, 1303, 1332, 1361, 1375, 1384, 1417, 1437, 1459, 1460, 1486, 1492, 1523, 1542, 1541, 20
1043, 1056, 1074, 1115, 1126, 1144, 1172, 1187, 1186, 1206, 1228, 1254, 1268, 1283, 1303, 1332, 1361, 1375, 1384, 1417, 1437, 1459, 1460, 1486, 1492, 1523, 1542, 18, 21
1043, 1056, 1074, 1115, 1126, 1144, 1172, 1187, 1186, 1206, 1228, 1254, 1268, 1283, 1303, 1332, 1361, 1375, 1384, 1417, 1437, 1459, 1460, 1486, 1492, 1523, 1542, 1541, 20, 22
1043, 1056, 1074, 1115, 1126, 1144, 1172, 1187, 1186, 1206, 1228, 1254, 1268, 1283, 1303, 1332, 1361, 1375, 1384, 1417, 1437, 1459, 1460, 1486, 1492, 1523, 1542, 1541, 20, 22, 23
1043, 1056, 1074, 1115, 1126, 1144, 1172, 1187, 1186, 1206, 1228, 1254, 1268, 1283, 1303, 1332, 1361, 1375, 1384, 1417, 1437, 1459, 1460, 1486, 1492, 1523, 1542, 1541, 20, 22, 23, 24
1043, 1056, 1073, 1090, 1125, 1146, 1173, 1189, 1210, 1232, 1233, 1249, 1273, 1289, 1318, 1325, 1348, 1382, 1391, 1392, 1393, 1407, 1425, 1447, 1473, 1499, 1529, 1537, 2, 26, 25
1043, 1056, 1073, 1090, 1125, 1146, 1173, 1189, 1210, 1232, 1233, 1249, 1273, 1289, 1318, 1325, 1348, 1382, 1391, 1392, 1393, 1407, 1425, 1447, 1473, 1499, 1529, 1537, 2, 26
1043, 1056, 1073, 1090, 1125, 1146, 1173, 1189, 1210, 1232, 1233, 1249, 1273, 1289, 1318, 1325, 1348, 1382, 1391, 1392, 1393, 1407, 1425, 1447, 1473, 1499, 1529, 1536, 3, 27
1043, 1056, 1073, 1090, 1125, 1146, 1173, 1189, 1210, 1232, 1233, 1249, 1273, 1289, 1318, 1325, 1348, 1382, 1391, 1392, 1404, 1426, 1449, 1475, 1501, 1531, 1534, 5, 28
1043, 1056, 1073, 1090, 1125, 1146, 1173, 1189, 1210, 1232, 1233, 1249, 1273, 1289, 1318, 1325, 1348, 1382, 1391, 1392, 1404, 1426, 1449, 1475, 1501, 1531, 1534, 5, 29
1043, 1056, 1073, 1090, 1125, 1146, 1173, 1189, 1210, 1232, 1233, 1249, 1273, 1289, 1318, 1325, 1348, 1382, 1391, 1392, 1405, 1427, 1450, 1477, 1503, 1511, 1553, 6, 30
1043, 1056, 1073, 1090, 1125, 1146, 1173, 1189, 1210, 1232, 1233, 1249, 1273, 1289, 1318, 1325, 1348, 1382, 1391, 1392, 1405, 1427, 1450, 1477, 1503, 1511, 1553, 6, 31
1043, 1056, 1073, 1090, 1125, 1146, 1173, 1189, 1210, 1232, 1233, 1249, 1273, 1289, 1318, 1325, 1348, 1382, 1391, 1392, 1405, 1427, 1450, 1477, 1504, 1513, 1552, 7, 32
1043, 1056, 1073, 1090, 1125, 1146, 1173, 1189, 1210, 1232, 1233, 1249, 1273, 1289, 1318, 1325, 1348, 1382, 1391, 1423, 1429, 1452, 1478, 1507, 1515, 1551, 9, 33
1043, 1056, 1073, 1090, 1125, 1146, 1173, 1189, 1210, 1232, 1233, 1249, 1273, 1289, 1318, 1325, 1348, 1382, 1391, 1423, 1429, 1452, 1478, 1479, 1508, 1516, 1550, 10, 34
1043, 1056, 1073, 1090, 1125, 1146, 1173, 1189, 1210, 1232, 1233, 1249, 1273, 1289, 1318, 1325, 1348, 1382, 1391, 1423, 1429, 1452, 1478, 1479, 1508, 1516, 1549, 11, 35
1043, 1056, 1073, 1090, 1125, 1146, 1173, 1189, 1208, 1231, 1252, 1270, 1285, 1300, 1328, 1344, 1379, 1387, 1420, 1431, 1454, 1480, 1510, 1517, 1548, 12, 36
1043, 1056, 1073, 1090, 1125, 1146, 1173, 1189, 1208, 1231, 1252, 1270, 1285, 1300, 1328, 1344, 1379, 1387, 1420, 1431, 1454, 1480, 1510, 1517, 1548, 1547, 13, 37
1043, 1056, 1073, 1090, 1125, 1146, 1173, 1189, 1208, 1231, 1252, 1270, 1285, 1301, 1329, 1330, 1331, 1342, 1377, 1385, 1418, 1436, 1458, 1483, 1489, 1521, 1544, 16, 38
1043, 1056, 1073, 1090, 1125, 1146, 1173, 1189, 1208, 1231, 1252, 1270, 1285, 1301, 1329, 1330, 1331, 1342, 1377, 1385, 1418, 1436, 1458, 1483, 1489, 1521, 1544, 16, 39
1043, 1056, 1073, 1090, 1125, 1146, 1173, 1189, 1208, 1231, 1252, 1270, 1285, 1301, 1329, 1330, 1331, 1342, 1377, 1385, 1418, 1436, 1458, 1483, 1489, 1521, 1544, 16, 40
1043, 1056, 1073, 1090, 1125, 1146, 1173, 1189, 1208, 1231, 1252, 1270, 1285, 1301, 1329, 1330, 1331, 1342, 1377, 1385, 1418, 1436, 1458, 1483, 1489, 1521, 1544, 16, 40, 41
1043, 1056, 1073, 1090, 1125, 1146, 1173, 1189, 1210, 1232, 1233, 1249, 1273, 1289, 1318, 1325, 1348, 1382, 1391, 1392, 1393, 1407, 1425, 1447, 1473, 1499, 1529, 1537, 2, 26, 43, 42
1043, 1056, 1073, 1090, 1125, 1146, 1173, 1189, 1210, 1232, 1233, 1249, 1273, 1289, 1318, 1325, 1348, 1382, 1391, 1392, 1393, 1407, 1425, 1447, 1473, 1499, 1529, 1537, 2, 26, 43
1043, 1056, 1073, 1090, 1125, 1146, 1173, 1189, 1210, 1232, 1233, 1249, 1273, 1289, 1318, 1325, 1348, 1382, 1391, 1392, 1393, 1407, 1425, 1447, 1473, 1499, 1529, 1537, 2, 26, 44
1043, 1056, 1073, 1090, 1125, 1146, 1173, 1189, 1210, 1232, 1233, 1249, 1273, 1289, 1318, 1325, 1348, 1382, 1391, 1392, 1393, 1407, 1425, 1447, 1473, 1499, 1529, 1536, 3, 27, 45
1043, 1056, 1073, 1090, 1125, 1146, 1173, 1189, 1210, 1232, 1233, 1249, 1273, 1289, 1318, 1325, 1348, 1382, 1391, 1392, 1393, 1407, 1425, 1447, 1473, 1499, 1529, 1536, 3, 27, 46
1043, 1056, 1073, 1090, 1125, 1146, 1173, 1189, 1210, 1232, 1233, 1249, 1273, 1289, 1318, 1325, 1348, 1382, 1391, 1392, 1404, 1426, 1449, 1475, 1501, 1531, 1534, 5, 28, 47
1043, 1056, 1073, 1090, 1125, 1146, 1173, 1189, 1210, 1232, 1233, 1249, 1273, 1289, 1318, 1325, 1348, 1382, 1391, 1392, 1404, 1426, 1449, 1475, 1501, 1531, 1534, 5, 29, 48
1043, 1056, 1073, 1090, 1125, 1146, 1173, 1189, 1210, 1232, 1233, 1249, 1273, 1289, 1318, 1325, 1348, 1382, 1391, 1392, 1404, 1426, 1449, 1475, 1501, 1531, 1534, 5, 29, 49
1043, 1056, 1073, 1090, 1125, 1146, 1173, 1189, 1210, 1232, 1233, 1249, 1273, 1289, 1318, 1325, 1348, 1382, 1391, 1392, 1405, 1427, 1450, 1477, 1503, 1511, 1553, 6, 31, 50
1043, 1056, 1073, 1090, 1125, 1146, 1173, 1189, 1210, 1232, 1233, 1249, 1273, 1289, 1318, 1325, 1348, 1382, 1391, 1392, 1405, 1427, 1450, 1477, 1503, 1511, 1553, 6, 31, 51
1043, 1056, 1073, 1090, 1125, 1146, 1173, 1189, 1210, 1232, 1233, 1249, 1273, 1289, 1318, 1325, 1348, 1382, 1391, 1392, 1405, 1427, 1450, 1477, 1504, 1513, 1552, 7, 32, 52
1043, 1056, 1073, 1090, 1125, 1146, 1173, 1189, 1210, 1232, 1233, 1249, 1273, 1289, 1318, 1325, 1348, 1382, 1391, 1423, 1429, 1452, 1478, 1507, 1515, 1551, 9, 33, 53
1043, 1056, 1073, 1090, 1125, 1146, 1173, 1189, 1210, 1232, 1233, 1249, 1273, 1289, 1318, 1325, 1348, 1382, 1391, 1423, 1429, 1452, 1478, 1479, 1508, 1516, 1550, 10, 34, 54
1043, 1056, 1073, 1090, 1125, 1146, 1173, 1189, 1210, 1232, 1233, 1249, 1273, 1289, 1318, 1325, 1348, 1382, 1391, 1423, 1429, 1452, 1478, 1479, 1508, 1516, 1549, 11, 35, 55
1043, 1056, 1073, 1090, 1125, 1146, 1173, 1189, 1208, 1231, 1252, 1270, 1285, 1300, 1328, 1344, 1379, 1387, 1420, 1431, 1454, 1480, 1510, 1517, 1548, 12, 36, 56
1043, 1056, 1073, 1090, 1125, 1146, 1173, 1189, 1208, 1231, 1252, 1270, 1285, 1300, 1328, 1344, 1379, 1387, 1420, 1431, 1454, 1480, 1510, 1517, 1548, 12, 36, 57
1043, 1056, 1073, 1090, 1125, 1146, 1173, 1189, 1208, 1231, 1252, 1270, 1285, 1300, 1328, 1344, 1379, 1387, 1420, 1431, 1454, 1480, 1510, 1517, 1548, 1547, 13, 37, 58
1043, 1056, 1073, 1090, 1125, 1146, 1173, 1189, 1208, 1231, 1252, 1270, 1285, 1301, 1329, 1330, 1331, 1342, 1377, 1385, 1418, 1436, 1458, 1483, 1489, 1521, 1544, 16, 38, 59
1043, 1056, 1073, 1090, 1125, 1146, 1173, 1189, 1208, 1231, 1252, 1270, 1285, 1301, 1329, 1330, 1331, 1342, 1377, 1385, 1418, 1436, 1458, 1483, 1489, 1521, 1544, 16, 39, 60
1043, 1056, 1073, 1090, 1125, 1146, 1173, 1189, 1208, 1231, 1252, 1270, 1285, 1301, 1329, 1330, 1331, 1342, 1377, 1385, 1418, 1436, 1458, 1483, 1489, 1521, 1544, 16, 40, 61
1043, 1056, 1073, 1090, 1125, 1146, 1173, 1189, 1208, 1231, 1252, 1270, 1285, 1301, 1329, 1330, 1331, 1342, 1377, 1385, 1418, 1436, 1458, 1483, 1489, 1521, 1544, 16, 40, 61, 62
1043, 1056, 1074, 1115, 1126, 1144, 1172, 1187, 1186, 1206, 1228, 1254, 1268, 1283, 1303, 1332, 1361, 1375, 1384, 1417, 1437, 1459, 1460, 1486, 1492, 1523, 1542, 18, 21, 63
1043, 1056, 1074, 1115, 1126, 1144, 1172, 1187, 1186, 1206, 1228, 1254, 1268, 1283, 1303, 1332, 1361, 1375, 1384, 1417, 1437, 1459, 1460, 1486, 1492, 1523, 1542, 1541, 20, 22, 64
1043, 1056, 1074, 1115, 1126, 1144, 1172, 1187, 1186, 1206, 1228, 1254, 1268, 1283, 1303, 1332, 1361, 1375, 1384, 1417, 1437, 1459, 1460, 1486, 1492, 1523, 1542, 1541, 20, 22, 65
1043, 1056, 1073, 1090, 1125, 1146, 1173, 1189, 1210, 1232, 1233, 1249, 1273, 1289, 1318, 1325, 1348, 1382, 1391, 1392, 1393, 1407, 1425, 1447, 1473, 1499, 1529, 1537, 2, 26, 25, 66
1043, 1056, 1073, 1090, 1125, 1146, 1173, 1189, 1208, 1231, 1252, 1270, 1285, 1301, 1329, 1330, 1331, 1342, 1377, 1385, 1418, 1436, 1458, 1483, 1489, 1521, 1544, 16, 40, 61, 68, 67
1043, 1056, 1073, 1090, 1125, 1146, 1173, 1189, 1208, 1231, 1252, 1270, 1285, 1301, 1329, 1330, 1331, 1342, 1377, 1385, 1418, 1436, 1458, 1483, 1489, 1521, 1544, 16, 40, 61, 68
1043, 1056, 1073, 1090, 1125, 1146, 1173, 1189, 1208, 1231, 1252, 1270, 1285, 1301, 1329, 1330, 1331, 1342, 1377, 1385, 1418, 1436, 1458, 1483, 1489, 1521, 1544, 16, 39, 60, 69
1043, 1056, 1073, 1090, 1125, 1146, 1173, 1189, 1208, 1231, 1252, 1270, 1285, 1301, 1329, 1330, 1331, 1342, 1377, 1385, 1418, 1436, 1458, 1483, 1489, 1521, 1544, 16, 39, 60, 70
1043, 1056, 1073, 1090, 1125, 1146, 1173, 1189, 1208, 1231, 1252, 1270, 1285, 1300, 1328, 1344, 1379, 1387, 1420, 1431, 1454, 1480, 1510, 1517, 1548, 1547, 13, 37, 58, 71
1043, 1056, 1073, 1090, 1125, 1146, 1173, 1189, 1208, 1231, 1252, 1270, 1285, 1300, 1328, 1344, 1379, 1387, 1420, 1431, 1454, 1480, 1510, 1517, 1548, 12, 36, 57, 72
1043, 1056, 1073, 1090, 1125, 1146, 1173, 1189, 1208, 1231, 1252, 1270, 1285, 1300, 1328, 1344, 1379, 1387, 1420, 1431, 1454, 1480, 1510, 1517, 1548, 12, 36, 56, 73
1043, 1056, 1073, 1090, 1125, 1146, 1173, 1189, 1210, 1232, 1233, 1249, 1273, 1289, 1318, 1325, 1348, 1382, 1391, 1423, 1429, 1452, 1478, 1479, 1508, 1516, 1549, 11, 35, 55, 74
1043, 1056, 1073, 1090, 1125, 1146, 1173, 1189, 1210, 1232, 1233, 1249, 1273, 1289, 1318, 1325, 1348, 1382, 1391, 1423, 1429, 1452, 1478, 1479, 1508, 1516, 1550, 10, 34, 54, 75
1043, 1056, 1073, 1090, 1125, 1146, 1173, 1189, 1210, 1232, 1233, 1249, 1273, 1289, 1318, 1325, 1348, 1382, 1391, 1423, 1429, 1452, 1478, 1507, 1515, 1551, 9, 33, 53, 76
1043, 1056, 1073, 1090, 1125, 1146, 1173, 1189, 1210, 1232, 1233, 1249, 1273, 1289, 1318, 1325, 1348, 1382, 1391, 1392, 1405, 1427, 1450, 1477, 1504, 1513, 1552, 7, 32, 52, 77
1043, 1056, 1073, 1090, 1125, 1146, 1173, 1189, 1210, 1232, 1233, 1249, 1273, 1289, 1318, 1325, 1348, 1382, 1391, 1392, 1405, 1427, 1450, 1477, 1503, 1511, 1553, 6, 31, 50, 80, 79, 78
1043, 1056, 1073, 1090, 1125, 1146, 1173, 1189, 1210, 1232, 1233, 1249, 1273, 1289, 1318, 1325, 1348, 1382, 1391, 1392, 1405, 1427, 1450, 1477, 1503, 1511, 1553, 6, 31, 50, 80, 79
1043, 1056, 1073, 1090, 1125, 1146, 1173, 1189, 1210, 1232, 1233, 1249, 1273, 1289, 1318, 1325, 1348, 1382, 1391, 1392, 1405, 1427, 1450, 1477, 1503, 1511, 1553, 6, 31, 50, 80
1043, 1056, 1073, 1090, 1125, 1146, 1173, 1189, 1210, 1232, 1233, 1249, 1273, 1289, 1318, 1325, 1348, 1382, 1391, 1392, 1404, 1426, 1449, 1475, 1501, 1531, 1534, 5, 29, 48, 81
1043, 1056, 1073, 1090, 1125, 1146, 1173, 1189, 1210, 1232, 1233, 1249, 1273, 1289, 1318, 1325, 1348, 1382, 1391, 1392, 1404, 1426, 1449, 1475, 1501, 1531, 1534, 5, 29, 48, 81, 82
1043, 1056, 1073, 1090, 1125, 1146, 1173, 1189, 1210, 1232, 1233, 1249, 1273, 1289, 1318, 1325, 1348, 1382, 1391, 1392, 1393, 1407, 1425, 1447, 1473, 1499, 1529, 1536, 3, 27, 45, 83
1043, 1056, 1073, 1090, 1125, 1146, 1173, 1189, 1210, 1232, 1233, 1249, 1273, 1289, 1318, 1325, 1348, 1382, 1391, 1392, 1393, 1407, 1425, 1447, 1473, 1499, 1529, 1537, 2, 26, 44, 84
1043, 1056, 1073, 1090, 1125, 1146, 1173, 1189, 1210, 1232, 1233, 1249, 1273, 1289, 1318, 1325, 1348, 1382, 1391, 1392, 1393, 1407, 1425, 1447, 1473, 1499, 1529, 1537, 2, 26, 44, 84, 85
1043, 1056, 1073, 1090, 1125, 1146, 1173, 1189, 1210, 1232, 1233, 1249, 1273, 1289, 1318, 1325, 1348, 1382, 1391, 1392, 1393, 1407, 1425, 1447, 1473, 1499, 1529, 1537, 2, 26, 44, 84, 85, 86
1043, 1056, 1074, 1115, 1126, 1144, 1172, 1187, 1186, 1206, 1228, 1254, 1268, 1283, 1303, 1332, 1361, 1375, 1384, 1417, 1437, 1459, 1460, 1486, 1492, 1523, 1542, 1541, 20, 22, 64, 87
1043, 1056, 1074, 1115, 1126, 1144, 1172, 1187, 1186, 1206, 1228, 1254, 1268, 1283, 1303, 1332, 1361, 1375, 1384, 1417, 1437, 1459, 1460, 1486, 1492, 1523, 1542, 18, 21, 63, 88
1043, 1056, 1073, 1090, 1125, 1146, 1173, 1189, 1210, 1232, 1233, 1249, 1273, 1289, 1318, 1325, 1348, 1382, 1391, 1392, 1404, 1426, 1449, 1475, 1501, 1531, 1534, 5, 29, 48, 81, 89
1043, 1056, 1073, 1090, 1125, 1146, 1173, 1189, 1210, 1232, 1233, 1249, 1273, 1289, 1318, 1325, 1348, 1382, 1391, 1392, 1404, 1426, 1449, 1475, 1501, 1531, 1534, 5, 29, 48, 81, 82, 90
1043, 1056, 1073, 1090, 1125, 1146, 1173, 1189, 1210, 1232, 1233, 1249, 1273, 1289, 1318, 1325, 1348, 1382, 1391, 1392, 1404, 1426, 1449, 1475, 1501, 1531, 1534, 5, 29, 48, 81, 82, 90, 91
1043, 1056, 1073, 1090, 1125, 1146, 1173, 1189, 1210, 1232, 1233, 1249, 1273, 1289, 1318, 1325, 1348, 1382, 1391, 1392, 1393, 1407, 1425, 1447, 1473, 1499, 1529, 1536, 3, 27, 45, 83, 92
1043, 1056, 1073, 1090, 1125, 1146, 1173, 1189, 1210, 1232, 1233, 1249, 1273, 1289, 1318, 1325, 1348, 1382, 1391, 1392, 1393, 1407, 1425, 1447, 1473, 1499, 1529, 1537, 2, 26, 44, 84, 93
1043, 1056, 1073, 1090, 1125, 1146, 1173, 1189, 1210, 1232, 1233, 1249, 1273, 1289, 1318, 1325, 1348, 1382, 1391, 1392, 1393, 1407, 1425, 1447, 1473, 1499, 1529, 1537, 2, 26, 44, 84, 85, 86, 94
1043, 1056, 1074, 1115, 1126, 1144, 1172, 1187, 1186, 1206, 1228, 1254, 1268, 1283, 1303, 1332, 1361, 1375, 1384, 1417, 1437, 1459, 1460, 1486, 1492, 1523, 1542, 1541, 20, 22, 64, 87, 95
1043, 1056, 1073, 1090, 1125, 1146, 1173, 1189, 1208, 1231, 1252, 1270, 1285, 1301, 1329, 1330, 1331, 1342, 1377, 1385, 1418, 1436, 1458, 1483, 1489, 1521, 1544, 16, 39, 60, 69, 101, 100, 99, 98, 97, 96
1043, 1056, 1073, 1090, 1125, 1146, 1173, 1189, 1208, 1231, 1252, 1270, 1285, 1301, 1329, 1330, 1331, 1342, 1377, 1385, 1418, 1436, 1458, 1483, 1489, 1521, 1544, 16, 39, 60, 69, 101, 100, 99, 98, 97
1043, 1056, 1073, 1090, 1125, 1146, 1173, 1189, 1208, 1231, 1252, 1270, 1285, 1301, 1329, 1330, 1331, 1342, 1377, 1385, 1418, 1436, 1458, 1483, 1489, 1521, 1544, 16, 39, 60, 69, 101, 100, 99, 98
1043, 1056, 1073, 1090, 1125, 1146, 1173, 1189, 1208, 1231, 1252, 1270, 1285, 1301, 1329, 1330, 1331, 1342, 1377, 1385, 1418, 1436, 1458, 1483, 1489, 1521, 1544, 16, 39, 60, 69, 101, 100, 99
