1291, 1316, 1322, 1350, 1363, 1394, 1407, 1425, 1447, 1473, 1499, 1498, 1528, 1539, 1, 0
1291, 1316, 1322, 1350, 1363, 1394, 1407, 1425, 1447, 1473, 1499, 1498, 1528, 1539, 1
1291, 1316, 1322, 1350, 1363, 1394, 1407, 1425, 1447, 1473, 1499, 1529, 1537, 2
1291, 1316, 1322, 1350, 1363, 1394, 1407, 1425, 1447, 1473, 1499, 1529, 1536, 3
1291, 1317, 1323, 1349, 1362, 1392, 1404, 1426, 1449, 1475, 1501, 1531, 1534, 4
1291, 1317, 1323, 1349, 1362, 1392, 1404, 1426, 1449, 1475, 1501, 1531, 1534, 5
1291, 1317, 1323, 1349, 1362, 1392, 1405, 1427, 1450, 1477, 1503, 1511, 1553, 6
1291, 1317, 1323, 1349, 1362, 1392, 1405, 1427, 1450, 1477, 1504, 1513, 1552, 7
1291, 1317, 1323, 1349, 1362, 1392, 1405, 1427, 1450, 1477, 1505, 1514, 1551, 8
1291, 1317, 1323, 1349, 1362, 1392, 1405, 1427, 1450, 1477, 1505, 1514, 1551, 9
1291, 1317, 1323, 1349, 1362, 1392, 1405, 1427, 1450, 1477, 1505, 1514, 1551, 9, 10
1291, 1317, 1323, 1349, 1362, 1392, 1405, 1427, 1450, 1477, 1505, 1514, 1551, 1550, 11
1291, 1317, 1323, 1349, 1362, 1392, 1405, 1427, 1450, 1477, 1505, 1514, 1551, 1550, 11, 12
1291, 1317, 1323, 1349, 1362, 1392, 1405, 1427, 1450, 1477, 1505, 1514, 1551, 1550, 11, 12, 13
1291, 1317, 1323, 1349, 1362, 1392, 1405, 1427, 1450, 1477, 1505, 1514, 1551, 1550, 11, 12, 13, 14
1291, 1317, 1323, 1349, 1362, 1392, 1405, 1427, 1450, 1477, 1505, 1514, 1551, 1550, 11, 12, 13, 14, 15
1291, 1317, 1323, 1349, 1362, 1392, 1405, 1427, 1450, 1477, 1506, 1507, 1508, 1509, 1510, 1487, 1518, 1519, 1520, 1544, 16
1291, 1316, 1315, 1314, 1313, 1340, 1339, 1338, 1355, 1369, 1399, 1412, 1440, 1462, 1466, 1493, 1523, 1543, 17
1291, 1316, 1315, 1314, 1313, 1340, 1339, 1338, 1355, 1369, 1399, 1412, 1440, 1462, 1466, 1493, 1524, 1542, 18
1291, 1316, 1322, 1350, 1363, 1394, 1407, 1425, 1447, 1473, 1499, 1498, 1528, 1539, 1540, 1541, 19
1291, 1316, 1322, 1350, 1363, 1394, 1407, 1425, 1447, 1473, 1499, 1498, 1528, 1539, 1, 0, 20
1291, 1316, 1322, 1350, 1363, 1394, 1407, 1425, 1447, 1473, 1499, 1498, 1528, 1539, 1540, 1541, 19, 21
1291, 1316, 1322, 1350, 1363, 1394, 1407, 1425, 1447, 1473, 1499, 1529, 1537, 2, 26, 25, 24, 23, 22
1291, 1316, 1322, 1350, 1363, 1394, 1407, 1425, 1447, 1473, 1499, 1529, 1537, 2, 26, 25, 24, 23
1291, 1316, 1322, 1350, 1363, 1394, 1407, 1425, 1447, 1473, 1499, 1529, 1537, 2, 26, 25, 24
1291, 1316, 1322, 1350, 1363, 1394, 1407, 1425, 1447, 1473, 1499, 1529, 1537, 2, 26, 25
1291, 1316, 1322, 1350, 1363, 1394, 1407, 1425, 1447, 1473, 1499, 1529, 1537, 2, 26
1291, 1316, 1322, 1350, 1363, 1394, 1407, 1425, 1447, 1473, 1499, 1529, 1536, 3, 27
1291, 1317, 1323, 1349, 1362, 1392, 1404, 1426, 1449, 1475, 1501, 1531, 1534, 5, 28
1291, 1317, 1323, 1349, 1362, 1392, 1404, 1426, 1449, 1475, 1501, 1531, 1534, 5, 29
1291, 1317, 1323, 1349, 1362, 1392, 1405, 1427, 1450, 1477, 1503, 1511, 1553, 6, 30
1291, 1317, 1323, 1349, 1362, 1392, 1405, 1427, 1450, 1477, 1503, 1511, 1553, 6, 31
1291, 1317, 1323, 1349, 1362, 1392, 1405, 1427, 1450, 1477, 1504, 1513, 1552, 7, 32
1291, 1317, 1323, 1349, 1362, 1392, 1405, 1427, 1450, 1477, 1505, 1514, 1551, 9, 33
1291, 1317, 1323, 1349, 1362, 1392, 1405, 1427, 1450, 1477, 1505, 1514, 1551, 9, 33, 34
1291, 1317, 1323, 1349, 1362, 1392, 1405, 1427, 1450, 1477, 1505, 1514, 1551, 1550, 11, 35
1291, 1317, 1323, 1349, 1362, 1392, 1405, 1427, 1450, 1477, 1505, 1514, 1551, 1550, 11, 12, 36
1291, 1317, 1323, 1349, 1362, 1392, 1405, 1427, 1450, 1477, 1505, 1514, 1551, 1550, 11, 12, 13, 37
1291, 1317, 1323, 1349, 1362, 1392, 1405, 1427, 1450, 1477, 1505, 1514, 1551, 1550, 11, 12, 13, 14, 15, 38
1291, 1317, 1323, 1349, 1362, 1392, 1405, 1427, 1450, 1477, 1506, 1507, 1508, 1509, 1510, 1487, 1518, 1519, 1520, 1544, 16, 39
1291, 1317, 1323, 1349, 1362, 1392, 1405, 1427, 1450, 1477, 1506, 1507, 1508, 1509, 1510, 1487, 1518, 1519, 1520, 1544, 16, 40
1291, 1316, 1315, 1314, 1313, 1340, 1339, 1338, 1355, 1369, 1399, 1412, 1440, 1462, 1466, 1493, 1523, 1543, 17, 41
1291, 1316, 1322, 1350, 1363, 1394, 1407, 1425, 1447, 1473, 1499, 1529, 1537, 2, 26, 43, 42
1291, 1316, 1322, 1350, 1363, 1394, 1407, 1425, 1447, 1473, 1499, 1529, 1537, 2, 26, 43
1291, 1316, 1322, 1350, 1363, 1394, 1407, 1425, 1447, 1473, 1499, 1529, 1537, 2, 26, 44
1291, 1316, 1322, 1350, 1363, 1394, 1407, 1425, 1447, 1473, 1499, 1529, 1536, 3, 27, 45
1291, 1316, 1322, 1350, 1363, 1394, 1407, 1425, 1447, 1473, 1499, 1529, 1536, 3, 27, 46
1291, 1317, 1323, 1349, 1362, 1392, 1404, 1426, 1449, 1475, 1501, 1531, 1534, 5, 28, 47
1291, 1317, 1323, 1349, 1362, 1392, 1404, 1426, 1449, 1475, 1501, 1531, 1534, 5, 29, 48
1291, 1317, 1323, 1349, 1362, 1392, 1404, 1426, 1449, 1475, 1501, 1531, 1534, 5, 29, 49
1291, 1317, 1323, 1349, 1362, 1392, 1405, 1427, 1450, 1477, 1503, 1511, 1553, 6, 31, 50
1291, 1317, 1323, 1349, 1362, 1392, 1405, 1427, 1450, 1477, 1503, 1511, 1553, 6, 31, 51
1291, 1317, 1323, 1349, 1362, 1392, 1405, 1427, 1450, 1477, 1504, 1513, 1552, 7, 32, 52
1291, 1317, 1323, 1349, 1362, 1392, 1405, 1427, 1450, 1477, 1505, 1514, 1551, 9, 33, 53
1291, 1317, 1323, 1349, 1362, 1392, 1405, 1427, 1450, 1477, 1505, 1514, 1551, 9, 33, 53, 54
1291, 1317, 1323, 1349, 1362, 1392, 1405, 1427, 1450, 1477, 1505, 1514, 1551, 9, 33, 53, 54, 55
1291, 1317, 1323, 1349, 1362, 1392, 1405, 1427, 1450, 1477, 1505, 1514, 1551, 9, 33, 53, 54, 55, 56
1291, 1317, 1323, 1349, 1362, 1392, 1405, 1427, 1450, 1477, 1505, 1514, 1551, 9, 33, 53, 54, 55, 56, 57
1291, 1317, 1323, 1349, 1362, 1392, 1405, 1427, 1450, 1477, 1505, 1514, 1551, 1550, 11, 12, 13, 37, 58
1291, 1317, 1323, 1349, 1362, 1392, 1405, 1427, 1450, 1477, 1505, 1514, 1551, 1550, 11, 12, 13, 37, 58, 59
1291, 1317, 1323, 1349, 1362, 1392, 1405, 1427, 1450, 1477, 1506, 1507, 1508, 1509, 1510, 1487, 1518, 1519, 1520, 1544, 16, 39, 60
1291, 1317, 1323, 1349, 1362, 1392, 1405, 1427, 1450, 1477, 1506, 1507, 1508, 1509, 1510, 1487, 1518, 1519, 1520, 1544, 16, 40, 61
1291, 1316, 1315, 1314, 1313, 1340, 1339, 1338, 1355, 1369, 1399, 1412, 1440, 1462, 1466, 1493, 1523, 1543, 17, 41, 62
1291, 1316, 1322, 1350, 1363, 1394, 1407, 1425, 1447, 1473, 1499, 1498, 1528, 1539, 1540, 1541, 19, 21, 63
1291, 1316, 1322, 1350, 1363, 1394, 1407, 1425, 1447, 1473, 1499, 1529, 1537, 2, 26, 25, 66, 65, 64
1291, 1316, 1322, 1350, 1363, 1394, 1407, 1425, 1447, 1473, 1499, 1529, 1537, 2, 26, 25, 66, 65
1291, 1316, 1322, 1350, 1363, 1394, 1407, 1425, 1447, 1473, 1499, 1529, 1537, 2, 26, 25, 66
1291, 1316, 1315, 1314, 1313, 1340, 1339, 1338, 1355, 1369, 1399, 1412, 1440, 1462, 1466, 1493, 1523, 1543, 17, 41, 62, 67
1291, 1317, 1323, 1349, 1362, 1392, 1405, 1427, 1450, 1477, 1506, 1507, 1508, 1509, 1510, 1487, 1518, 1519, 1520, 1544, 16, 40, 61, 68
1291, 1317, 1323, 1349, 1362, 1392, 1405, 1427, 1450, 1477, 1506, 1507, 1508, 1509, 1510, 1487, 1518, 1519, 1520, 1544, 16, 39, 60, 69
1291, 1317, 1323, 1349, 1362, 1392, 1405, 1427, 1450, 1477, 1505, 1514, 1551, 1550, 11, 12, 13, 37, 58, 59, 70
1291, 1317, 1323, 1349, 1362, 1392, 1405, 1427, 1450, 1477, 1505, 1514, 1551, 1550, 11, 12, 13, 37, 58, 71
1291, 1317, 1323, 1349, 1362, 1392, 1405, 1427, 1450, 1477, 1505, 1514, 1551, 9, 33, 53, 54, 55, 56, 57, 72
1291, 1317, 1323, 1349, 1362, 1392, 1405, 1427, 1450, 1477, 1505, 1514, 1551, 9, 33, 53, 76, 75, 74, 73
1291, 1317, 1323, 1349, 1362, 1392, 1405, 1427, 1450, 1477, 1505, 1514, 1551, 9, 33, 53, 76, 75, 74
1291, 1317, 1323, 1349, 1362, 1392, 1405, 1427, 1450, 1477, 1505, 1514, 1551, 9, 33, 53, 76, 75
1291, 1317, 1323, 1349, 1362, 1392, 1405, 1427, 1450, 1477, 1505, 1514, 1551, 9, 33, 53, 76
1291, 1317, 1323, 1349, 1362, 1392, 1405, 1427, 1450, 1477, 1504, 1513, 1552, 7, 32, 52, 77
1291, 1317, 1323, 1349, 1362, 1392, 1405, 1427, 1450, 1477, 1503, 1511, 1553, 6, 31, 50, 80, 79, 78
1291, 1317, 1323, 1349, 1362, 1392, 1405, 1427, 1450, 1477, 1503, 1511, 1553, 6, 31, 50, 80, 79
1291, 1317, 1323, 1349, 1362, 1392, 1405, 1427, 1450, 1477, 1503, 1511, 1553, 6, 31, 50, 80
1291, 1317, 1323, 1349, 1362, 1392, 1404, 1426, 1449, 1475, 1501, 1531, 1534, 5, 29, 48, 81
1291, 1317, 1323, 1349, 1362, 1392, 1404, 1426, 1449, 1475, 1501, 1531, 1534, 5, 29, 48, 81, 82
1291, 1316, 1322, 1350, 1363, 1394, 1407, 1425, 1447, 1473, 1499, 1529, 1536, 3, 27, 45, 83
1291, 1316, 1322, 1350, 1363, 1394, 1407, 1425, 1447, 1473, 1499, 1529, 1537, 2, 26, 44, 84
1291, 1316, 1322, 1350, 1363, 1394, 1407, 1425, 1447, 1473, 1499, 1529, 1537, 2, 26, 44, 84, 85
1291, 1316, 1322, 1350, 1363, 1394, 1407, 1425, 1447, 1473, 1499, 1529, 1537, 2, 26, 44, 84, 85, 86
1291, 1316, 1322, 1350, 1363, 1394, 1407, 1425, 1447, 1473, 1499, 1529, 1537, 2, 26, 44, 84, 85, 86, 87
1291, 1316, 1322, 1350, 1363, 1394, 1407, 1425, 1447, 1473, 1499, 1529, 1537, 2, 26, 44, 84, 85, 86, 87, 88
1291, 1317, 1323, 1349, 1362, 1392, 1404, 1426, 1449, 1475, 1501, 1531, 1534, 5, 29, 48, 81, 89
1291, 1317, 1323, 1349, 1362, 1392, 1404, 1426, 1449, 1475, 1501, 1531, 1534, 5, 29, 48, 81, 82, 90
1291, 1316, 1322, 1350, 1363, 1394, 1407, 1425, 1447, 1473, 1499, 1529, 1536, 3, 27, 45, 83, 91
1291, 1316, 1322, 1350, 1363, 1394, 1407, 1425, 1447, 1473, 1499, 1529, 1536, 3, 27, 45, 83, 92
1291, 1316, 1322, 1350, 1363, 1394, 1407, 1425, 1447, 1473, 1499, 1529, 1537, 2, 26, 44, 84, 93
1291, 1316, 1322, 1350, 1363, 1394, 1407, 1425, 1447, 1473, 1499, 1529, 1537, 2, 26, 44, 84, 85, 86, 94
1291, 1316, 1322, 1350, 1363, 1394, 1407, 1425, 1447, 1473, 1499, 1529, 1537, 2, 26, 44, 84, 85, 86, 95
1291, 1316, 1322, 1350, 1363, 1394, 1407, 1425, 1447, 1473, 1499, 1529, 1537, 2, 26, 44, 84, 85, 86, 95, 96
1291, 1316, 1322, 1350, 1363, 1394, 1407, 1425, 1447, 1473, 1499, 1529, 1537, 2, 26, 44, 84, 85, 86, 87, 88, 97
1291, 1316, 1322, 1350, 1363, 1394, 1407, 1425, 1447, 1473, 1499, 1529, 1537, 2, 26, 44, 84, 85, 86, 87, 88, 97, 98
1291, 1316, 1322, 1350, 1363, 1394, 1407, 1425, 1447, 1473, 1499, 1529, 1537, 2, 26, 44, 84, 85, 86, 87, 88, 97, 98, 99
