240, 239, 222, 216, 182, 165, 166, 137, 138, 122, 93, 85, 86, 66, 24, 0
240, 239, 222, 216, 182, 165, 166, 137, 138, 122, 93, 84, 42, 25, 1
240, 239, 222, 216, 182, 165, 136, 126, 89, 81, 82, 47, 46, 27, 26, 2
240, 239, 222, 216, 182, 165, 136, 126, 89, 81, 48, 28, 4, 3
240, 239, 222, 216, 182, 165, 136, 126, 89, 81, 48, 28, 4
240, 239, 222, 216, 182, 165, 136, 126, 89, 81, 48, 29, 5
240, 223, 215, 180, 163, 133, 128, 110, 80, 50, 31, 6
240, 223, 215, 180, 163, 133, 128, 110, 78, 51, 52, 32, 7
240, 223, 215, 180, 163, 133, 128, 110, 78, 51, 52, 32, 7, 8
240, 223, 215, 180, 163, 133, 128, 110, 78, 51, 52, 32, 7, 8, 9
240, 223, 215, 180, 163, 133, 128, 110, 78, 51, 52, 32, 7, 8, 9, 10
240, 241, 224, 214, 178, 162, 152, 151, 132, 106, 75, 74, 55, 35, 11
240, 241, 224, 214, 178, 162, 152, 151, 132, 106, 105, 73, 56, 36, 12
240, 241, 224, 214, 178, 162, 152, 151, 132, 106, 105, 73, 56, 36, 12, 13
240, 241, 224, 214, 178, 162, 152, 151, 132, 106, 105, 73, 56, 36, 12, 13, 14
240, 241, 224, 214, 178, 162, 152, 151, 132, 106, 105, 73, 56, 36, 12, 13, 14, 15
240, 241, 224, 214, 178, 162, 161, 160, 159, 149, 112, 113, 114, 102, 70, 60, 39, 16
240, 239, 222, 216, 182, 165, 166, 137, 138, 139, 121, 120, 119, 118, 97, 98, 67, 62, 41, 17
240, 239, 222, 216, 182, 165, 166, 137, 138, 122, 93, 94, 95, 87, 64, 22, 21, 18
240, 239, 222, 216, 182, 165, 166, 137, 138, 122, 93, 94, 95, 87, 64, 22, 20, 19
240, 239, 222, 216, 182, 165, 166, 137, 138, 122, 93, 94, 95, 87, 64, 22, 20
240, 239, 222, 216, 182, 165, 166, 137, 138, 122, 93, 94, 95, 87, 64, 22, 21
240, 239, 222, 216, 182, 165, 166, 137, 138, 122, 93, 94, 95, 87, 64, 22
240, 239, 222, 216, 182, 165, 166, 137, 138, 122, 93, 85, 86, 66, 23
240, 239, 222, 216, 182, 165, 166, 137, 138, 122, 93, 85, 86, 66, 24
240, 239, 222, 216, 182, 165, 166, 137, 138, 122, 93, 84, 42, 25
240, 239, 222, 216, 182, 165, 136, 126, 89, 81, 82, 47, 46, 27, 26
240, 239, 222, 216, 182, 165, 136, 126, 89, 81, 82, 47, 46, 27
240, 239, 222, 216, 182, 165, 136, 126, 89, 81, 48, 28
240, 239, 222, 216, 182, 165, 136, 126, 89, 81, 48, 29
240, 223, 215, 180, 163, 133, 128, 110, 80, 50, 30
240, 223, 215, 180, 163, 133, 128, 110, 80, 50, 31
240, 223, 215, 180, 163, 133, 128, 110, 78, 51, 52, 32
240, 223, 215, 180, 163, 133, 128, 110, 78, 51, 52, 32, 33
240, 223, 215, 180, 163, 133, 128, 110, 78, 51, 52, 53, 34
240, 241, 224, 214, 178, 162, 152, 151, 132, 106, 75, 74, 55, 35
240, 241, 224, 214, 178, 162, 152, 151, 132, 106, 105, 73, 56, 36
240, 241, 224, 214, 178, 162, 152, 151, 132, 106, 105, 73, 56, 36, 37
240, 241, 224, 214, 178, 162, 161, 160, 159, 149, 112, 113, 103, 71, 58, 59, 38
240, 241, 224, 214, 178, 162, 161, 160, 159, 149, 112, 113, 114, 102, 70, 60, 39
240, 241, 224, 214, 178, 162, 161, 160, 159, 149, 112, 113, 114, 102, 70, 60, 40
240, 239, 222, 216, 182, 165, 166, 137, 138, 139, 121, 120, 119, 118, 97, 98, 67, 62, 41
240, 239, 222, 216, 182, 165, 166, 137, 138, 122, 93, 84, 42
240, 239, 222, 216, 182, 165, 166, 137, 138, 122, 93, 84, 43
240, 239, 222, 216, 182, 165, 166, 137, 138, 122, 93, 84, 44
240, 239, 222, 216, 182, 165, 136, 126, 89, 81, 82, 47, 46, 45
240, 239, 222, 216, 182, 165, 136, 126, 89, 81, 82, 47, 46
240, 239, 222, 216, 182, 165, 136, 126, 89, 81, 82, 47
240, 239, 222, 216, 182, 165, 136, 126, 89, 81, 48
240, 239, 222, 216, 182, 165, 136, 126, 89, 81, 49
240, 223, 215, 180, 163, 133, 128, 110, 80, 50
240, 223, 215, 180, 163, 133, 128, 110, 78, 51
240, 223, 215, 180, 163, 133, 128, 110, 78, 51, 52
240, 223, 215, 180, 163, 133, 128, 110, 78, 51, 52, 53
240, 241, 224, 214, 178, 162, 152, 130, 131, 107, 76, 54
240, 241, 224, 214, 178, 162, 152, 151, 132, 106, 75, 74, 55
240, 241, 224, 214, 178, 162, 152, 151, 132, 106, 105, 73, 56
240, 241, 224, 214, 178, 162, 152, 151, 132, 106, 105, 73, 56, 57
240, 241, 224, 214, 178, 162, 161, 160, 159, 149, 112, 113, 103, 71, 58
240, 241, 224, 214, 178, 162, 161, 160, 159, 149, 112, 113, 103, 71, 58, 59
240, 241, 224, 214, 178, 162, 161, 160, 159, 149, 112, 113, 114, 102, 70, 60
240, 241, 224, 214, 178, 162, 161, 160, 159, 149, 112, 113, 114, 102, 70, 60, 61
240, 239, 222, 216, 182, 165, 166, 137, 138, 139, 121, 120, 119, 118, 97, 98, 67, 62
240, 239, 222, 216, 182, 165, 166, 137, 138, 122, 93, 94, 95, 87, 88, 63
240, 239, 222, 216, 182, 165, 166, 137, 138, 122, 93, 94, 95, 87, 64
240, 239, 222, 216, 182, 165, 166, 137, 138, 122, 93, 94, 95, 87, 65
240, 239, 222, 216, 182, 165, 166, 137, 138, 122, 93, 85, 86, 66
240, 239, 222, 216, 182, 165, 166, 137, 138, 139, 121, 120, 119, 118, 97, 98, 67
240, 241, 224, 214, 178, 162, 161, 160, 159, 149, 112, 113, 114, 102, 70, 69, 68
240, 241, 224, 214, 178, 162, 161, 160, 159, 149, 112, 113, 114, 102, 70, 69
240, 241, 224, 214, 178, 162, 161, 160, 159, 149, 112, 113, 114, 102, 70
240, 241, 224, 214, 178, 162, 161, 160, 159, 149, 112, 113, 103, 71
240, 241, 224, 214, 178, 162, 152, 151, 132, 106, 105, 104, 72
240, 241, 224, 214, 178, 162, 152, 151, 132, 106, 105, 73
240, 241, 224, 214, 178, 162, 152, 151, 132, 106, 75, 74
240, 241, 224, 214, 178, 162, 152, 151, 132, 106, 75
240, 241, 224, 214, 178, 162, 152, 130, 131, 107, 76
240, 223, 215, 180, 163, 153, 129, 109, 77
240, 223, 215, 180, 163, 133, 128, 110, 78
240, 223, 215, 180, 163, 133, 128, 110, 79
240, 223, 215, 180, 163, 133, 128, 110, 80
240, 239, 222, 216, 182, 165, 136, 126, 89, 81
240, 239, 222, 216, 182, 165, 136, 126, 89, 81, 82
240, 239, 222, 216, 182, 165, 136, 126, 89, 81, 82, 83
240, 239, 222, 216, 182, 165, 166, 137, 138, 122, 93, 84
240, 239, 222, 216, 182, 165, 166, 137, 138, 122, 93, 85
240, 239, 222, 216, 182, 165, 166, 137, 138, 122, 93, 85, 86
240, 239, 222, 216, 182, 165, 166, 137, 138, 122, 93, 94, 95, 87
240, 239, 222, 216, 182, 165, 166, 137, 138, 122, 93, 94, 95, 87, 88
240, 239, 222, 216, 182, 165, 136, 126, 89
240, 239, 222, 216, 182, 165, 136, 126, 89, 90
240, 239, 222, 216, 182, 165, 136, 126, 89, 90, 91
240, 239, 222, 216, 182, 165, 166, 137, 138, 122, 92
240, 239, 222, 216, 182, 165, 166, 137, 138, 122, 93
240, 239, 222, 216, 182, 165, 166, 137, 138, 122, 93, 94
240, 239, 222, 216, 182, 165, 166, 137, 138, 122, 93, 94, 95
240, 239, 222, 216, 182, 165, 166, 137, 138, 139, 121, 120, 119, 118, 96
240, 239, 222, 216, 182, 165, 166, 137, 138, 139, 121, 120, 119, 118, 97
240, 239, 222, 216, 182, 165, 166, 137, 138, 139, 121, 120, 119, 118, 97, 98
240, 239, 222, 216, 182, 165, 166, 137, 138, 139, 121, 120, 119, 118, 97, 98, 99
