320, 287, 264, 252, 236, 204, 188, 172, 141, 119, 95, 86, 66, 24, 0
320, 287, 264, 252, 236, 204, 188, 172, 141, 119, 95, 86, 66, 25, 1
320, 287, 264, 252, 236, 204, 188, 172, 141, 119, 95, 86, 85, 84, 44, 26, 2
320, 321, 322, 289, 267, 255, 217, 200, 185, 168, 139, 122, 92, 83, 45, 27, 3
320, 321, 322, 289, 267, 255, 256, 218, 219, 196, 183, 165, 136, 126, 89, 81, 48, 28, 4
320, 321, 322, 289, 267, 255, 256, 218, 219, 196, 183, 165, 136, 126, 89, 81, 48, 29, 5
320, 321, 322, 289, 267, 255, 256, 218, 219, 196, 183, 165, 136, 126, 89, 81, 48, 29, 30, 6
320, 321, 322, 289, 267, 255, 256, 218, 219, 196, 183, 165, 136, 135, 134, 128, 110, 78, 51, 52, 32, 7
320, 319, 318, 317, 285, 261, 260, 248, 233, 207, 208, 194, 157, 148, 111, 105, 74, 75, 76, 53, 33, 8
320, 319, 318, 317, 285, 261, 260, 248, 233, 207, 208, 194, 157, 148, 111, 105, 74, 75, 76, 53, 33, 9
320, 319, 318, 317, 285, 261, 260, 248, 233, 207, 208, 194, 157, 148, 111, 105, 74, 75, 54, 34, 10
320, 319, 318, 317, 285, 261, 260, 248, 233, 207, 208, 194, 157, 148, 111, 105, 74, 55, 35, 11
320, 287, 264, 252, 236, 204, 205, 191, 175, 144, 115, 102, 103, 72, 57, 36, 12
320, 287, 264, 252, 236, 204, 189, 173, 143, 117, 116, 101, 69, 60, 39, 16, 15, 14, 13
320, 287, 264, 252, 236, 204, 189, 173, 143, 117, 116, 101, 69, 60, 39, 16, 15, 14
320, 287, 264, 252, 236, 204, 189, 173, 143, 117, 116, 101, 69, 60, 39, 16, 15
320, 287, 264, 252, 236, 204, 189, 173, 143, 117, 116, 101, 69, 60, 39, 16
320, 287, 264, 252, 236, 204, 189, 173, 143, 117, 98, 67, 62, 41, 17
320, 287, 264, 252, 236, 204, 189, 173, 143, 117, 98, 67, 62, 41, 17, 18
320, 287, 264, 252, 236, 204, 189, 173, 143, 117, 98, 67, 62, 63, 21, 19
320, 287, 264, 252, 236, 204, 188, 172, 141, 118, 96, 88, 64, 22, 20
320, 287, 264, 252, 236, 204, 189, 173, 143, 117, 98, 67, 62, 63, 21
320, 287, 264, 252, 236, 204, 188, 172, 141, 118, 96, 88, 64, 22
320, 287, 264, 252, 236, 204, 188, 172, 141, 119, 95, 86, 66, 23
320, 287, 264, 252, 236, 204, 188, 172, 141, 119, 95, 86, 66, 24
320, 287, 264, 252, 236, 204, 188, 172, 141, 119, 95, 86, 66, 25
320, 287, 264, 252, 236, 204, 188, 172, 141, 119, 95, 86, 85, 84, 44, 26
320, 321, 322, 289, 267, 255, 217, 200, 185, 168, 139, 122, 92, 83, 45, 27
320, 321, 322, 289, 267, 255, 256, 218, 219, 196, 183, 165, 136, 126, 89, 81, 48, 28
320, 321, 322, 289, 267, 255, 256, 218, 219, 196, 183, 165, 136, 126, 89, 81, 48, 29
320, 321, 322, 289, 267, 255, 256, 218, 219, 196, 183, 165, 136, 126, 89, 81, 48, 29, 30
320, 321, 322, 289, 267, 255, 256, 218, 219, 196, 183, 165, 136, 126, 89, 81, 48, 29, 30, 31
320, 321, 322, 289, 267, 255, 256, 218, 219, 196, 183, 165, 136, 135, 134, 128, 110, 78, 51, 52, 32
320, 319, 318, 317, 285, 261, 260, 248, 233, 207, 208, 194, 157, 148, 111, 105, 74, 75, 76, 53, 33
320, 319, 318, 317, 285, 261, 260, 248, 233, 207, 208, 194, 157, 148, 111, 105, 74, 75, 54, 34
320, 319, 318, 317, 285, 261, 260, 248, 233, 207, 208, 194, 157, 148, 111, 105, 74, 55, 35
320, 287, 264, 252, 236, 204, 205, 191, 175, 144, 115, 102, 103, 72, 57, 36
320, 287, 264, 252, 236, 204, 189, 173, 143, 117, 116, 101, 69, 60, 39, 38, 37
320, 287, 264, 252, 236, 204, 189, 173, 143, 117, 116, 101, 69, 60, 39, 38
320, 287, 264, 252, 236, 204, 189, 173, 143, 117, 116, 101, 69, 60, 39
320, 287, 264, 252, 236, 204, 189, 173, 143, 117, 116, 100, 68, 61, 40
320, 287, 264, 252, 236, 204, 189, 173, 143, 117, 98, 67, 62, 41
320, 287, 264, 252, 236, 204, 188, 172, 141, 119, 95, 86, 85, 42
320, 287, 264, 252, 236, 204, 188, 172, 141, 119, 95, 86, 85, 84, 43
320, 287, 264, 252, 236, 204, 188, 172, 141, 119, 95, 86, 85, 84, 44
320, 321, 322, 289, 267, 255, 217, 200, 185, 168, 139, 122, 92, 83, 45
320, 321, 322, 289, 267, 255, 217, 200, 185, 168, 139, 122, 92, 83, 46
320, 321, 322, 289, 267, 255, 217, 200, 185, 168, 139, 122, 92, 83, 46, 47
320, 321, 322, 289, 267, 255, 256, 218, 219, 196, 183, 165, 136, 126, 89, 81, 48
320, 321, 322, 289, 267, 255, 256, 218, 219, 196, 183, 165, 136, 126, 89, 81, 49
320, 321, 322, 289, 267, 255, 256, 218, 219, 196, 183, 165, 136, 126, 89, 81, 49, 50
320, 321, 322, 289, 267, 255, 256, 218, 219, 196, 183, 165, 136, 135, 134, 128, 110, 78, 51
320, 321, 322, 289, 267, 255, 256, 218, 219, 196, 183, 165, 136, 135, 134, 128, 110, 78, 51, 52
320, 319, 318, 317, 285, 261, 260, 248, 233, 207, 208, 194, 157, 148, 111, 105, 74, 75, 76, 53
320, 319, 318, 317, 285, 261, 260, 248, 233, 207, 208, 194, 157, 148, 111, 105, 74, 75, 54
320, 319, 318, 317, 285, 261, 260, 248, 233, 207, 208, 194, 157, 148, 111, 105, 74, 55
320, 287, 264, 252, 236, 204, 205, 191, 175, 144, 115, 102, 103, 72, 57, 56
320, 287, 264, 252, 236, 204, 205, 191, 175, 144, 115, 102, 103, 72, 57
320, 287, 264, 252, 236, 204, 189, 173, 143, 117, 116, 101, 69, 60, 59, 58
320, 287, 264, 252, 236, 204, 189, 173, 143, 117, 116, 101, 69, 60, 59
320, 287, 264, 252, 236, 204, 189, 173, 143, 117, 116, 101, 69, 60
320, 287, 264, 252, 236, 204, 189, 173, 143, 117, 116, 100, 68, 61
320, 287, 264, 252, 236, 204, 189, 173, 143, 117, 98, 67, 62
320, 287, 264, 252, 236, 204, 189, 173, 143, 117, 98, 67, 62, 63
320, 287, 264, 252, 236, 204, 188, 172, 141, 118, 96, 88, 64
320, 287, 264, 252, 236, 204, 188, 172, 141, 118, 96, 88, 64, 65
320, 287, 264, 252, 236, 204, 188, 172, 141, 119, 95, 86, 66
320, 287, 264, 252, 236, 204, 189, 173, 143, 117, 98, 67
320, 287, 264, 252, 236, 204, 189, 173, 143, 117, 116, 100, 68
320, 287, 264, 252, 236, 204, 189, 173, 143, 117, 116, 101, 69
320, 287, 264, 252, 236, 204, 189, 173, 143, 117, 116, 101, 69, 70
320, 287, 264, 252, 236, 204, 189, 173, 143, 117, 116, 101, 69, 70, 71
320, 287, 264, 252, 236, 204, 205, 191, 175, 144, 115, 102, 103, 72
320, 319, 318, 317, 285, 261, 260, 248, 233, 207, 208, 194, 157, 148, 111, 105, 73
320, 319, 318, 317, 285, 261, 260, 248, 233, 207, 208, 194, 157, 148, 111, 105, 74
320, 319, 318, 317, 285, 261, 260, 248, 233, 207, 208, 194, 157, 148, 111, 105, 74, 75
320, 319, 318, 317, 285, 261, 260, 248, 233, 207, 208, 194, 157, 148, 111, 105, 74, 75, 76
320, 321, 322, 289, 267, 255, 256, 218, 219, 196, 183, 165, 136, 135, 134, 128, 110, 109, 77
320, 321, 322, 289, 267, 255, 256, 218, 219, 196, 183, 165, 136, 135, 134, 128, 110, 78
320, 321, 322, 289, 267, 255, 256, 218, 219, 196, 183, 165, 136, 135, 134, 128, 110, 79
320, 321, 322, 289, 267, 255, 256, 218, 219, 196, 183, 165, 136, 135, 134, 128, 110, 80
320, 321, 322, 289, 267, 255, 256, 218, 219, 196, 183, 165, 136, 126, 89, 81
320, 321, 322, 289, 267, 255, 256, 218, 219, 196, 183, 165, 136, 126, 89, 81, 82
320, 321, 322, 289, 267, 255, 217, 200, 185, 168, 139, 122, 92, 83
320, 287, 264, 252, 236, 204, 188, 172, 141, 119, 95, 86, 85, 84
320, 287, 264, 252, 236, 204, 188, 172, 141, 119, 95, 86, 85
320, 287, 264, 252, 236, 204, 188, 172, 141, 119, 95, 86
320, 287, 264, 252, 236, 204, 188, 172, 141, 118, 96, 88, 87
320, 287, 264, 252, 236, 204, 188, 172, 141, 118, 96, 88
320, 321, 322, 289, 267, 255, 256, 218, 219, 196, 183, 165, 136, 126, 89
320, 321, 322, 289, 267, 255, 217, 200, 185, 168, 139, 138, 137, 125, 90
320, 321, 322, 289, 267, 255, 217, 200, 185, 168, 139, 122, 91
320, 321, 322, 289, 267, 255, 217, 200, 185, 168, 139, 122, 92
320, 287, 264, 252, 236, 204, 188, 172, 141, 119, 120, 94, 93
320, 287, 264, 252, 236, 204, 188, 172, 141, 119, 120, 94
320, 287, 264, 252, 236, 204, 188, 172, 141, 119, 95
320, 287, 264, 252, 236, 204, 188, 172, 141, 118, 96
320, 287, 264, 252, 236, 204, 189, 173, 143, 117, 98, 97
320, 287, 264, 252, 236, 204, 189, 173, 143, 117, 98
320, 287, 264, 252, 236, 204, 189, 173, 143, 117, 99
