396, 395, 386, 369, 346, 327, 294, 270, 257, 219, 197, 198, 184, 167, 138, 122, 93, 85, 86, 66, 24, 0
396, 395, 386, 369, 346, 327, 294, 270, 257, 219, 197, 198, 184, 167, 138, 122, 93, 84, 42, 25, 1
396, 395, 386, 369, 346, 327, 294, 270, 257, 219, 197, 198, 184, 167, 138, 122, 93, 84, 44, 26, 2
396, 385, 367, 348, 308, 296, 274, 241, 224, 215, 180, 181, 164, 136, 126, 89, 81, 48, 28, 4, 3
396, 385, 367, 348, 308, 296, 274, 241, 224, 215, 180, 181, 164, 136, 126, 89, 81, 48, 28, 4
396, 385, 367, 348, 308, 296, 274, 241, 224, 215, 180, 181, 164, 136, 126, 89, 81, 48, 29, 5
396, 385, 367, 348, 308, 296, 274, 241, 224, 215, 180, 163, 133, 128, 110, 80, 50, 31, 6
396, 385, 367, 348, 308, 296, 274, 241, 224, 215, 180, 163, 133, 128, 110, 78, 51, 52, 32, 7
396, 385, 367, 348, 308, 296, 274, 241, 224, 215, 180, 163, 133, 128, 110, 78, 51, 52, 32, 7, 8
396, 385, 367, 348, 308, 296, 274, 241, 224, 215, 180, 163, 133, 128, 110, 78, 51, 52, 32, 7, 8, 9
396, 385, 367, 348, 308, 296, 274, 241, 224, 214, 178, 162, 152, 130, 131, 107, 76, 54, 34, 10
396, 385, 367, 348, 308, 296, 274, 241, 224, 214, 178, 162, 152, 151, 132, 106, 75, 74, 55, 35, 11
396, 385, 367, 348, 308, 296, 274, 241, 224, 214, 178, 162, 152, 151, 132, 106, 105, 73, 56, 36, 12
396, 385, 367, 348, 308, 296, 274, 241, 224, 214, 178, 162, 152, 151, 132, 106, 105, 73, 56, 36, 12, 13
396, 385, 367, 348, 308, 296, 274, 241, 224, 214, 178, 162, 152, 151, 132, 106, 105, 73, 56, 36, 12, 13, 14
396, 385, 367, 348, 308, 296, 274, 241, 224, 214, 178, 162, 152, 151, 132, 106, 105, 73, 56, 36, 12, 13, 14, 15
396, 397, 398, 383, 382, 381, 363, 330, 312, 301, 280, 245, 246, 247, 232, 207, 193, 155, 146, 114, 102, 70, 60, 39, 16
396, 397, 398, 383, 382, 381, 363, 330, 312, 301, 280, 245, 246, 247, 232, 207, 193, 155, 146, 114, 102, 70, 60, 39, 16, 17
396, 395, 386, 369, 346, 327, 294, 270, 257, 219, 197, 198, 184, 167, 138, 122, 93, 94, 95, 87, 64, 22, 21, 18
396, 395, 386, 369, 346, 327, 294, 270, 257, 219, 197, 198, 184, 167, 138, 122, 93, 94, 95, 87, 64, 22, 20, 19
396, 395, 386, 369, 346, 327, 294, 270, 257, 219, 197, 198, 184, 167, 138, 122, 93, 94, 95, 87, 64, 22, 20
396, 395, 386, 369, 346, 327, 294, 270, 257, 219, 197, 198, 184, 167, 138, 122, 93, 94, 95, 87, 64, 22, 21
396, 395, 386, 369, 346, 327, 294, 270, 257, 219, 197, 198, 184, 167, 138, 122, 93, 94, 95, 87, 64, 22
396, 395, 386, 369, 346, 327, 294, 270, 257, 219, 197, 198, 184, 167, 138, 122, 93, 85, 86, 66, 23
396, 395, 386, 369, 346, 327, 294, 270, 257, 219, 197, 198, 184, 167, 138, 122, 93, 85, 86, 66, 24
396, 395, 386, 369, 346, 327, 294, 270, 257, 219, 197, 198, 184, 167, 138, 122, 93, 84, 42, 25
396, 395, 386, 369, 346, 327, 294, 270, 257, 219, 197, 198, 184, 167, 138, 122, 93, 84, 44, 26
396, 385, 367, 348, 308, 296, 274, 241, 224, 215, 180, 181, 164, 136, 126, 89, 81, 82, 47, 46, 27
396, 385, 367, 348, 308, 296, 274, 241, 224, 215, 180, 181, 164, 136, 126, 89, 81, 48, 28
396, 385, 367, 348, 308, 296, 274, 241, 224, 215, 180, 181, 164, 136, 126, 89, 81, 48, 29
396, 385, 367, 348, 308, 296, 274, 241, 224, 215, 180, 163, 133, 128, 110, 80, 50, 30
396, 385, 367, 348, 308, 296, 274, 241, 224, 215, 180, 163, 133, 128, 110, 80, 50, 31
396, 385, 367, 348, 308, 296, 274, 241, 224, 215, 180, 163, 133, 128, 110, 78, 51, 52, 32
396, 385, 367, 348, 308, 296, 274, 241, 224, 215, 180, 163, 133, 128, 110, 78, 51, 52, 32, 33
396, 385, 367, 348, 308, 296, 274, 241, 224, 214, 178, 162, 152, 130, 131, 107, 76, 54, 34
396, 385, 367, 348, 308, 296, 274, 241, 224, 214, 178, 162, 152, 151, 132, 106, 75, 74, 55, 35
396, 385, 367, 348, 308, 296, 274, 241, 224, 214, 178, 162, 152, 151, 132, 106, 105, 73, 56, 36
396, 397, 398, 383, 382, 381, 363, 330, 312, 301, 280, 245, 230, 210, 209, 194, 156, 147, 113, 103, 71, 58, 37
396, 397, 398, 383, 382, 381, 363, 330, 312, 301, 280, 245, 246, 247, 232, 207, 193, 155, 146, 114, 102, 70, 60, 39, 38
396, 397, 398, 383, 382, 381, 363, 330, 312, 301, 280, 245, 246, 247, 232, 207, 193, 155, 146, 114, 102, 70, 60, 39
396, 397, 398, 383, 382, 381, 363, 330, 312, 301, 280, 245, 246, 247, 232, 207, 193, 155, 146, 114, 102, 70, 60, 40
396, 397, 398, 383, 382, 381, 363, 330, 312, 301, 280, 245, 246, 247, 232, 207, 193, 155, 146, 114, 102, 70, 60, 40, 41
396, 395, 386, 369, 346, 327, 294, 270, 257, 219, 197, 198, 184, 167, 138, 122, 93, 84, 42
396, 395, 386, 369, 346, 327, 294, 270, 257, 219, 197, 198, 184, 167, 138, 122, 93, 84, 43
396, 395, 386, 369, 346, 327, 294, 270, 257, 219, 197, 198, 184, 167, 138, 122, 93, 84, 44
396, 385, 367, 348, 308, 296, 274, 241, 224, 215, 180, 181, 164, 136, 126, 89, 81, 82, 47, 46, 45
396, 385, 367, 348, 308, 296, 274, 241, 224, 215, 180, 181, 164, 136, 126, 89, 81, 82, 47, 46
396, 385, 367, 348, 308, 296, 274, 241, 224, 215, 180, 181, 164, 136, 126, 89, 81, 82, 47
396, 385, 367, 348, 308, 296, 274, 241, 224, 215, 180, 181, 164, 136, 126, 89, 81, 48
396, 385, 367, 348, 308, 296, 274, 241, 224, 215, 180, 163, 133, 128, 110, 80, 50, 49
396, 385, 367, 348, 308, 296, 274, 241, 224, 215, 180, 163, 133, 128, 110, 80, 50
396, 385, 367, 348, 308, 296, 274, 241, 224, 215, 180, 163, 133, 128, 110, 78, 51
396, 385, 367, 348, 308, 296, 274, 241, 224, 215, 180, 163, 133, 128, 110, 78, 51, 52
396, 385, 367, 348, 308, 296, 274, 241, 224, 214, 178, 162, 152, 130, 131, 107, 76, 53
396, 385, 367, 348, 308, 296, 274, 241, 224, 214, 178, 162, 152, 130, 131, 107, 76, 54
396, 385, 367, 348, 308, 296, 274, 241, 224, 214, 178, 162, 152, 151, 132, 106, 75, 74, 55
396, 385, 367, 348, 308, 296, 274, 241, 224, 214, 178, 162, 152, 151, 132, 106, 105, 73, 56
396, 385, 367, 348, 308, 296, 274, 241, 224, 214, 178, 162, 152, 151, 132, 106, 105, 73, 56, 57
396, 397, 398, 383, 382, 381, 363, 330, 312, 301, 280, 245, 230, 210, 209, 194, 156, 147, 113, 103, 71, 58
396, 397, 398, 383, 382, 381, 363, 330, 312, 301, 280, 245, 246, 247, 232, 207, 193, 155, 146, 114, 102, 70, 59
396, 397, 398, 383, 382, 381, 363, 330, 312, 301, 280, 245, 246, 247, 232, 207, 193, 155, 146, 114, 102, 70, 60
396, 397, 398, 383, 382, 381, 363, 330, 312, 301, 280, 245, 246, 247, 232, 207, 193, 155, 146, 114, 102, 70, 60, 61
396, 397, 398, 383, 382, 381, 363, 330, 312, 301, 280, 245, 246, 247, 232, 207, 193, 155, 146, 114, 102, 70, 60, 61, 62
396, 395, 386, 369, 346, 327, 294, 270, 257, 219, 197, 198, 184, 167, 138, 122, 93, 94, 95, 87, 88, 63
396, 395, 386, 369, 346, 327, 294, 270, 257, 219, 197, 198, 184, 167, 138, 122, 93, 94, 95, 87, 64
396, 395, 386, 369, 346, 327, 294, 270, 257, 219, 197, 198, 184, 167, 138, 122, 93, 94, 95, 87, 65
396, 395, 386, 369, 346, 327, 294, 270, 257, 219, 197, 198, 184, 167, 138, 122, 93, 85, 86, 66
396, 397, 398, 383, 382, 381, 363, 330, 312, 301, 280, 245, 246, 247, 232, 207, 193, 155, 146, 114, 102, 70, 69, 68, 67
396, 397, 398, 383, 382, 381, 363, 330, 312, 301, 280, 245, 246, 247, 232, 207, 193, 155, 146, 114, 102, 70, 69, 68
396, 397, 398, 383, 382, 381, 363, 330, 312, 301, 280, 245, 246, 247, 232, 207, 193, 155, 146, 114, 102, 70, 69
396, 397, 398, 383, 382, 381, 363, 330, 312, 301, 280, 245, 246, 247, 232, 207, 193, 155, 146, 114, 102, 70
396, 397, 398, 383, 382, 381, 363, 330, 312, 301, 280, 245, 230, 210, 209, 194, 156, 147, 113, 103, 71
396, 385, 367, 348, 308, 296, 274, 241, 224, 214, 178, 162, 152, 151, 132, 106, 105, 104, 72
396, 385, 367, 348, 308, 296, 274, 241, 224, 214, 178, 162, 152, 151, 132, 106, 105, 73
396, 385, 367, 348, 308, 296, 274, 241, 224, 214, 178, 162, 152, 151, 132, 106, 75, 74
396, 385, 367, 348, 308, 296, 274, 241, 224, 214, 178, 162, 152, 151, 132, 106, 75
396, 385, 367, 348, 308, 296, 274, 241, 224, 214, 178, 162, 152, 130, 131, 107, 76
396, 385, 367, 348, 308, 296, 274, 241, 224, 214, 178, 162, 152, 130, 108, 77
396, 385, 367, 348, 308, 296, 274, 241, 224, 215, 180, 163, 133, 128, 110, 78
396, 385, 367, 348, 308, 296, 274, 241, 224, 215, 180, 163, 133, 128, 110, 79
396, 385, 367, 348, 308, 296, 274, 241, 224, 215, 180, 163, 133, 128, 110, 80
396, 385, 367, 348, 308, 296, 274, 241, 224, 215, 180, 181, 164, 136, 126, 89, 81
396, 385, 367, 348, 308, 296, 274, 241, 224, 215, 180, 181, 164, 136, 126, 89, 81, 82
396, 395, 386, 369, 346, 327, 294, 270, 257, 219, 197, 198, 184, 167, 138, 122, 92, 83
396, 395, 386, 369, 346, 327, 294, 270, 257, 219, 197, 198, 184, 167, 138, 122, 93, 84
396, 395, 386, 369, 346, 327, 294, 270, 257, 219, 197, 198, 184, 167, 138, 122, 93, 85
396, 395, 386, 369, 346, 327, 294, 270, 257, 219, 197, 198, 184, 167, 138, 122, 93, 85, 86
396, 395, 386, 369, 346, 327, 294, 270, 257, 219, 197, 198, 184, 167, 138, 122, 93, 94, 95, 87
396, 395, 386, 369, 346, 327, 294, 270, 257, 219, 197, 198, 184, 167, 138, 122, 93, 94, 95, 87, 88
396, 385, 367, 348, 308, 296, 274, 241, 224, 215, 180, 181, 164, 136, 126, 89
396, 385, 367, 348, 308, 296, 274, 241, 224, 215, 180, 181, 164, 136, 126, 89, 90
396, 395, 386, 369, 346, 327, 294, 270, 257, 219, 197, 198, 184, 167, 138, 122, 91
396, 395, 386, 369, 346, 327, 294, 270, 257, 219, 197, 198, 184, 167, 138, 122, 92
396, 395, 386, 369, 346, 327, 294, 270, 257, 219, 197, 198, 184, 167, 138, 122, 93
396, 395, 386, 369, 346, 327, 294, 270, 257, 219, 197, 198, 184, 167, 138, 122, 93, 94
396, 395, 386, 369, 346, 327, 294, 270, 257, 219, 197, 198, 184, 167, 138, 122, 93, 94, 95
396, 395, 386, 369, 346, 327, 294, 270, 257, 219, 197, 198, 184, 167, 139, 121, 120, 119, 118, 96
396, 395, 386, 369, 346, 327, 294, 270, 257, 219, 197, 198, 184, 167, 139, 121, 120, 119, 118, 97
396, 397, 398, 383, 382, 381, 363, 330, 312, 301, 280, 245, 246, 247, 232, 207, 193, 155, 146, 145, 144, 116, 100, 99, 98
396, 397, 398, 383, 382, 381, 363, 330, 312, 301, 280, 245, 246, 247, 232, 207, 193, 155, 146, 145, 144, 116, 100, 99
