473, 446, 430, 413, 390, 353, 343, 323, 290, 268, 255, 217, 200, 185, 168, 139, 122, 93, 85, 86, 66, 24, 0
473, 446, 430, 413, 390, 353, 343, 323, 290, 268, 255, 217, 200, 185, 168, 139, 122, 93, 84, 42, 25, 1
473, 446, 430, 413, 390, 353, 343, 323, 290, 268, 255, 217, 200, 185, 168, 139, 122, 93, 84, 44, 26, 2
473, 446, 430, 413, 390, 353, 343, 323, 290, 268, 255, 217, 200, 185, 168, 139, 122, 92, 83, 45, 27, 3
473, 446, 430, 413, 389, 350, 344, 325, 294, 270, 257, 220, 196, 183, 165, 136, 126, 89, 81, 48, 28, 4
473, 446, 430, 413, 389, 350, 344, 325, 294, 270, 257, 220, 196, 183, 165, 136, 126, 89, 81, 48, 29, 5
473, 446, 430, 413, 389, 350, 344, 325, 294, 270, 257, 220, 196, 183, 165, 136, 126, 89, 81, 48, 29, 30, 6
473, 446, 430, 413, 389, 350, 344, 325, 294, 272, 259, 221, 216, 181, 164, 134, 128, 110, 78, 51, 52, 32, 7
473, 446, 430, 413, 389, 350, 344, 325, 294, 272, 259, 221, 216, 181, 164, 134, 128, 110, 78, 51, 52, 32, 7, 8
473, 446, 430, 413, 389, 350, 344, 325, 294, 272, 259, 221, 216, 181, 164, 134, 128, 110, 78, 51, 52, 32, 7, 8, 9
473, 446, 430, 413, 389, 350, 344, 325, 294, 272, 259, 221, 216, 181, 164, 134, 128, 110, 78, 51, 52, 32, 7, 8, 9, 10
473, 446, 430, 413, 389, 350, 344, 325, 294, 272, 259, 221, 216, 181, 164, 134, 128, 110, 78, 51, 52, 32, 7, 8, 9, 10, 11
473, 446, 447, 428, 411, 410, 373, 356, 337, 318, 317, 285, 262, 250, 234, 206, 192, 193, 155, 146, 114, 113, 104, 72, 57, 36, 12
473, 446, 447, 429, 412, 392, 354, 341, 322, 289, 266, 254, 238, 237, 236, 204, 189, 173, 143, 117, 116, 101, 69, 60, 39, 16, 15, 14, 13
473, 446, 447, 429, 412, 392, 354, 341, 322, 289, 266, 254, 238, 237, 236, 204, 189, 173, 143, 117, 116, 101, 69, 60, 39, 16, 15, 14
473, 446, 447, 429, 412, 392, 354, 341, 322, 289, 266, 254, 238, 237, 236, 204, 189, 173, 143, 117, 116, 101, 69, 60, 39, 16, 15
473, 446, 447, 429, 412, 392, 354, 341, 322, 289, 266, 254, 238, 237, 236, 204, 189, 173, 143, 117, 116, 101, 69, 60, 39, 16
473, 446, 447, 429, 412, 392, 354, 341, 322, 289, 266, 254, 238, 237, 236, 204, 189, 173, 143, 117, 98, 67, 62, 41, 17
473, 446, 430, 413, 390, 353, 343, 323, 290, 268, 255, 217, 200, 185, 169, 170, 140, 120, 95, 87, 64, 22, 21, 18
473, 446, 430, 413, 390, 353, 343, 323, 290, 268, 255, 217, 200, 185, 169, 170, 140, 120, 95, 87, 64, 22, 20, 19
473, 446, 430, 413, 390, 353, 343, 323, 290, 268, 255, 217, 200, 185, 169, 170, 140, 120, 95, 87, 64, 22, 20
473, 446, 430, 413, 390, 353, 343, 323, 290, 268, 255, 217, 200, 185, 169, 170, 140, 120, 95, 87, 64, 22, 21
473, 446, 430, 413, 390, 353, 343, 323, 290, 268, 255, 217, 200, 185, 169, 170, 140, 120, 95, 87, 64, 22
473, 446, 430, 413, 390, 353, 343, 323, 290, 268, 255, 217, 200, 185, 168, 139, 122, 93, 85, 86, 66, 23
473, 446, 430, 413, 390, 353, 343, 323, 290, 268, 255, 217, 200, 185, 168, 139, 122, 93, 85, 86, 66, 24
473, 446, 430, 413, 390, 353, 343, 323, 290, 268, 255, 217, 200, 185, 168, 139, 122, 93, 84, 42, 25
473, 446, 430, 413, 390, 353, 343, 323, 290, 268, 255, 217, 200, 185, 168, 139, 122, 93, 84, 44, 26
473, 446, 430, 413, 390, 353, 343, 323, 290, 268, 255, 217, 200, 185, 168, 139, 122, 92, 83, 45, 27
473, 446, 430, 413, 389, 350, 344, 325, 294, 270, 257, 220, 196, 183, 165, 136, 126, 89, 81, 48, 28
473, 446, 430, 413, 389, 350, 344, 325, 294, 270, 257, 220, 196, 183, 165, 136, 126, 89, 81, 48, 29
473, 446, 430, 413, 389, 350, 344, 325, 294, 270, 257, 220, 196, 183, 165, 136, 126, 89, 81, 48, 29, 30
473, 446, 430, 413, 389, 350, 344, 325, 294, 272, 259, 221, 216, 181, 164, 134, 128, 110, 80, 50, 31
473, 446, 430, 413, 389, 350, 344, 325, 294, 272, 259, 221, 216, 181, 164, 134, 128, 110, 78, 51, 52, 32
473, 446, 430, 413, 389, 350, 344, 325, 294, 272, 259, 221, 216, 181, 164, 134, 128, 110, 78, 51, 52, 32, 33
473, 446, 430, 413, 389, 350, 344, 325, 294, 272, 259, 221, 216, 181, 164, 134, 128, 110, 78, 51, 52, 53, 34
473, 446, 430, 413, 389, 350, 344, 325, 294, 272, 259, 221, 216, 181, 164, 134, 128, 110, 78, 51, 52, 53, 34, 35
473, 446, 447, 428, 411, 410, 373, 356, 337, 318, 317, 285, 262, 250, 234, 206, 192, 193, 155, 146, 114, 113, 104, 72, 57, 36
473, 446, 447, 429, 412, 392, 354, 341, 322, 289, 266, 254, 238, 237, 236, 204, 189, 173, 143, 117, 116, 101, 69, 60, 39, 38, 37
473, 446, 447, 429, 412, 392, 354, 341, 322, 289, 266, 254, 238, 237, 236, 204, 189, 173, 143, 117, 116, 101, 69, 60, 39, 38
473, 446, 447, 429, 412, 392, 354, 341, 322, 289, 266, 254, 238, 237, 236, 204, 189, 173, 143, 117, 116, 101, 69, 60, 39
473, 446, 447, 429, 412, 392, 354, 341, 322, 289, 266, 254, 238, 237, 236, 204, 189, 173, 143, 117, 116, 100, 68, 61, 40
473, 446, 447, 429, 412, 392, 354, 341, 322, 289, 266, 254, 238, 237, 236, 204, 189, 173, 143, 117, 98, 67, 62, 41
473, 446, 430, 413, 390, 353, 343, 323, 290, 268, 255, 217, 200, 185, 168, 139, 122, 93, 84, 42
473, 446, 430, 413, 390, 353, 343, 323, 290, 268, 255, 217, 200, 185, 168, 139, 122, 93, 84, 43
473, 446, 430, 413, 390, 353, 343, 323, 290, 268, 255, 217, 200, 185, 168, 139, 122, 93, 84, 44
473, 446, 430, 413, 390, 353, 343, 323, 290, 268, 255, 217, 200, 185, 168, 139, 122, 92, 83, 45
473, 446, 430, 413, 390, 353, 343, 323, 290, 268, 255, 217, 200, 185, 168, 139, 122, 92, 83, 46
473, 446, 430, 413, 389, 350, 344, 325, 294, 270, 257, 220, 196, 183, 165, 136, 126, 89, 81, 82, 47
473, 446, 430, 413, 389, 350, 344, 325, 294, 270, 257, 220, 196, 183, 165, 136, 126, 89, 81, 48
473, 446, 430, 413, 389, 350, 344, 325, 294, 270, 257, 220, 196, 183, 165, 136, 126, 89, 81, 49
473, 446, 430, 413, 389, 350, 344, 325, 294, 272, 259, 221, 216, 181, 164, 134, 128, 110, 80, 50
473, 446, 430, 413, 389, 350, 344, 325, 294, 272, 259, 221, 216, 181, 164, 134, 128, 110, 78, 51
473, 446, 430, 413, 389, 350, 344, 325, 294, 272, 259, 221, 216, 181, 164, 134, 128, 110, 78, 51, 52
473, 446, 430, 413, 389, 350, 344, 325, 294, 272, 259, 221, 216, 181, 164, 134, 128, 110, 78, 51, 52, 53
473, 446, 430, 413, 389, 350, 344, 325, 294, 272, 273, 239, 223, 215, 214, 178, 162, 152, 130, 131, 107, 76, 54
473, 446, 430, 413, 389, 350, 344, 325, 294, 272, 273, 239, 223, 215, 214, 178, 162, 152, 151, 132, 106, 75, 74, 55
473, 446, 430, 413, 389, 350, 344, 325, 294, 272, 273, 239, 223, 215, 214, 178, 162, 152, 151, 132, 106, 105, 73, 56
473, 446, 447, 428, 411, 410, 373, 356, 337, 318, 317, 285, 262, 250, 234, 206, 192, 193, 155, 146, 114, 113, 104, 72, 57
473, 446, 447, 429, 412, 392, 354, 341, 322, 289, 266, 254, 238, 237, 236, 204, 189, 173, 143, 117, 116, 101, 69, 60, 59, 58
473, 446, 447, 429, 412, 392, 354, 341, 322, 289, 266, 254, 238, 237, 236, 204, 189, 173, 143, 117, 116, 101, 69, 60, 59
473, 446, 447, 429, 412, 392, 354, 341, 322, 289, 266, 254, 238, 237, 236, 204, 189, 173, 143, 117, 116, 101, 69, 60
473, 446, 447, 429, 412, 392, 354, 341, 322, 289, 266, 254, 238, 237, 236, 204, 189, 173, 143, 117, 116, 100, 68, 61
473, 446, 447, 429, 412, 392, 354, 341, 322, 289, 266, 254, 238, 237, 236, 204, 189, 173, 143, 117, 98, 67, 62
473, 446, 430, 413, 390, 353, 343, 323, 290, 268, 255, 217, 200, 185, 169, 170, 171, 141, 118, 96, 88, 63
473, 446, 430, 413, 390, 353, 343, 323, 290, 268, 255, 217, 200, 185, 169, 170, 140, 120, 95, 87, 64
473, 446, 430, 413, 390, 353, 343, 323, 290, 268, 255, 217, 200, 185, 169, 170, 140, 120, 95, 87, 65
473, 446, 430, 413, 390, 353, 343, 323, 290, 268, 255, 217, 200, 185, 168, 139, 122, 93, 85, 86, 66
473, 446, 447, 429, 412, 392, 354, 341, 322, 289, 266, 254, 238, 237, 236, 204, 189, 173, 143, 117, 98, 67
473, 446, 447, 429, 412, 392, 354, 341, 322, 289, 266, 254, 238, 237, 236, 204, 189, 173, 143, 117, 116, 100, 68
473, 446, 447, 429, 412, 392, 354, 341, 322, 289, 266, 254, 238, 237, 236, 204, 189, 173, 143, 117, 116, 101, 69
473, 446, 447, 429, 412, 392, 354, 341, 322, 289, 266, 254, 238, 237, 236, 204, 189, 173, 143, 117, 116, 101, 69, 70
473, 446, 447, 429, 412, 392, 354, 341, 322, 289, 266, 254, 238, 237, 236, 204, 189, 173, 143, 117, 116, 101, 69, 70, 71
473, 446, 447, 428, 411, 410, 373, 356, 337, 318, 317, 285, 262, 250, 234, 206, 192, 193, 155, 146, 114, 113, 104, 72
473, 446, 430, 413, 389, 350, 344, 325, 294, 272, 273, 239, 223, 215, 214, 178, 162, 152, 151, 132, 106, 105, 73
473, 446, 430, 413, 389, 350, 344, 325, 294, 272, 273, 239, 223, 215, 214, 178, 162, 152, 151, 132, 106, 75, 74
473, 446, 430, 413, 389, 350, 344, 325, 294, 272, 273, 239, 223, 215, 214, 178, 162, 152, 151, 132, 106, 75
473, 446, 430, 413, 389, 350, 344, 325, 294, 272, 273, 239, 223, 215, 214, 178, 162, 152, 130, 131, 107, 76
473, 446, 430, 413, 389, 350, 344, 325, 294, 272, 273, 239, 223, 215, 180, 163, 153, 129, 109, 77
473, 446, 430, 413, 389, 350, 344, 325, 294, 272, 259, 221, 216, 181, 164, 134, 128, 110, 78
473, 446, 430, 413, 389, 350, 344, 325, 294, 272, 259, 221, 216, 181, 164, 134, 128, 110, 79
473, 446, 430, 413, 389, 350, 344, 325, 294, 272, 259, 221, 216, 181, 164, 134, 128, 110, 80
473, 446, 430, 413, 389, 350, 344, 325, 294, 270, 257, 220, 196, 183, 165, 136, 126, 89, 81
473, 446, 430, 413, 389, 350, 344, 325, 294, 270, 257, 220, 196, 183, 165, 136, 126, 89, 81, 82
473, 446, 430, 413, 390, 353, 343, 323, 290, 268, 255, 217, 200, 185, 168, 139, 122, 92, 83
473, 446, 430, 413, 390, 353, 343, 323, 290, 268, 255, 217, 200, 185, 168, 139, 122, 93, 84
473, 446, 430, 413, 390, 353, 343, 323, 290, 268, 255, 217, 200, 185, 168, 139, 122, 93, 85
473, 446, 430, 413, 390, 353, 343, 323, 290, 268, 255, 217, 200, 185, 168, 139, 122, 93, 85, 86
473, 446, 430, 413, 390, 353, 343, 323, 290, 268, 255, 217, 200, 185, 169, 170, 140, 120, 95, 87
473, 446, 430, 413, 390, 353, 343, 323, 290, 268, 255, 217, 200, 185, 169, 170, 171, 141, 118, 96, 88
473, 446, 430, 413, 389, 350, 344, 325, 294, 270, 257, 220, 196, 183, 165, 136, 126, 89
473, 446, 430, 413, 389, 350, 344, 325, 294, 270, 257, 220, 196, 183, 165, 136, 126, 89, 90
473, 446, 430, 413, 390, 353, 343, 323, 290, 268, 255, 217, 200, 185, 168, 139, 122, 91
473, 446, 430, 413, 390, 353, 343, 323, 290, 268, 255, 217, 200, 185, 168, 139, 122, 92
473, 446, 430, 413, 390, 353, 343, 323, 290, 268, 255, 217, 200, 185, 168, 139, 122, 93
473, 446, 430, 413, 390, 353, 343, 323, 290, 268, 255, 217, 200, 185, 168, 139, 122, 93, 94
473, 446, 430, 413, 390, 353, 343, 323, 290, 268, 255, 217, 200, 185, 169, 170, 140, 120, 95
473, 446, 430, 413, 390, 353, 343, 323, 290, 268, 255, 217, 200, 185, 169, 170, 171, 141, 118, 96
473, 446, 430, 413, 390, 353, 343, 323, 290, 268, 255, 217, 200, 185, 169, 170, 171, 141, 118, 97
473, 446, 447, 429, 412, 392, 354, 341, 322, 289, 266, 254, 238, 237, 236, 204, 189, 173, 143, 117, 98
473, 446, 447, 429, 412, 392, 354, 341, 322, 289, 266, 254, 238, 237, 236, 204, 189, 173, 143, 117, 99
