732, 707, 674, 665, 646, 618, 588, 579, 557, 543, 519, 495, 463, 456, 419, 403, 378, 361, 333, 315, 304, 282, 247, 232, 207, 193, 155, 146, 114, 102, 70, 60, 40, 41, 21, 19, 20, 0
732, 733, 734, 709, 677, 663, 644, 623, 604, 575, 553, 539, 502, 491, 478, 442, 435, 395, 386, 369, 346, 327, 294, 270, 257, 219, 197, 198, 184, 167, 138, 122, 93, 84, 42, 25, 1
732, 733, 734, 709, 677, 663, 644, 623, 604, 575, 553, 539, 502, 491, 478, 442, 435, 395, 386, 369, 346, 327, 294, 270, 257, 219, 197, 198, 184, 167, 138, 122, 93, 84, 44, 26, 2
732, 708, 676, 664, 645, 621, 606, 576, 555, 540, 520, 494, 461, 438, 417, 399, 382, 364, 328, 349, 310, 298, 275, 241, 224, 215, 180, 181, 164, 136, 126, 89, 81, 48, 28, 4, 3
732, 708, 676, 664, 645, 621, 606, 576, 555, 540, 520, 494, 461, 438, 417, 399, 382, 364, 328, 349, 310, 298, 275, 241, 224, 215, 180, 181, 164, 136, 126, 89, 81, 48, 28, 4
732, 708, 676, 664, 645, 621, 606, 576, 555, 540, 520, 494, 461, 438, 417, 399, 382, 364, 328, 349, 310, 298, 275, 241, 224, 215, 180, 181, 164, 136, 126, 89, 81, 48, 29, 5
732, 708, 676, 664, 645, 621, 606, 576, 555, 540, 520, 494, 461, 438, 417, 399, 382, 364, 328, 349, 310, 298, 275, 241, 224, 215, 180, 163, 133, 128, 110, 80, 50, 31, 6
732, 707, 674, 665, 646, 618, 588, 579, 557, 543, 519, 495, 463, 456, 419, 402, 379, 362, 331, 313, 301, 278, 244, 229, 211, 176, 160, 151, 152, 130, 108, 77, 52, 32, 7
732, 707, 674, 665, 646, 618, 588, 579, 557, 543, 519, 495, 463, 456, 419, 402, 379, 362, 331, 313, 301, 278, 244, 229, 211, 176, 160, 151, 152, 130, 108, 77, 52, 32, 7, 8
732, 707, 674, 665, 646, 618, 588, 579, 557, 543, 519, 495, 463, 456, 419, 402, 379, 362, 331, 313, 301, 278, 244, 229, 211, 176, 160, 150, 132, 107, 76, 53, 33, 9
732, 707, 674, 665, 646, 618, 588, 579, 557, 543, 519, 495, 463, 456, 419, 402, 379, 362, 331, 313, 301, 278, 244, 229, 211, 176, 160, 150, 132, 106, 75, 54, 34, 10
732, 707, 674, 665, 646, 618, 588, 579, 557, 543, 519, 495, 463, 456, 419, 402, 379, 362, 331, 313, 302, 281, 245, 230, 210, 195, 158, 149, 112, 105, 74, 55, 35, 11
732, 707, 674, 665, 646, 618, 588, 579, 557, 543, 519, 495, 463, 456, 419, 402, 379, 362, 331, 313, 302, 281, 245, 230, 210, 195, 158, 149, 112, 105, 73, 56, 36, 12
732, 707, 674, 665, 646, 618, 588, 579, 557, 543, 519, 495, 463, 456, 419, 403, 378, 361, 333, 315, 304, 282, 247, 231, 209, 194, 156, 147, 113, 103, 71, 58, 37, 13
732, 707, 674, 665, 646, 618, 588, 579, 557, 543, 519, 495, 463, 456, 419, 403, 378, 361, 333, 315, 304, 282, 247, 231, 209, 194, 156, 147, 113, 103, 71, 58, 37, 14
732, 707, 674, 665, 646, 618, 588, 579, 557, 543, 519, 495, 463, 456, 419, 403, 378, 361, 333, 315, 304, 282, 247, 232, 207, 193, 155, 146, 114, 102, 70, 60, 39, 16, 15
732, 707, 674, 665, 646, 618, 588, 579, 557, 543, 519, 495, 463, 456, 419, 403, 378, 361, 333, 315, 304, 282, 247, 232, 207, 193, 155, 146, 114, 102, 70, 60, 39, 16
732, 707, 674, 665, 646, 618, 588, 579, 557, 543, 519, 495, 463, 456, 419, 403, 378, 361, 333, 315, 304, 282, 247, 232, 207, 193, 155, 146, 114, 102, 70, 60, 39, 16, 17
732, 707, 674, 665, 646, 618, 588, 579, 557, 543, 519, 495, 463, 456, 419, 403, 378, 361, 333, 315, 304, 282, 247, 232, 207, 193, 155, 146, 114, 102, 70, 60, 39, 16, 17, 18
732, 707, 674, 665, 646, 618, 588, 579, 557, 543, 519, 495, 463, 456, 419, 403, 378, 361, 333, 315, 304, 282, 247, 232, 207, 193, 155, 146, 114, 102, 70, 60, 40, 41, 21, 19
732, 707, 674, 665, 646, 618, 588, 579, 557, 543, 519, 495, 463, 456, 419, 403, 378, 361, 333, 315, 304, 282, 247, 232, 207, 193, 155, 146, 114, 102, 70, 60, 40, 41, 21, 19, 20
732, 707, 674, 665, 646, 618, 588, 579, 557, 543, 519, 495, 463, 456, 419, 403, 378, 361, 333, 315, 304, 282, 247, 232, 207, 193, 155, 146, 114, 102, 70, 60, 40, 41, 21
732, 707, 674, 665, 646, 618, 588, 579, 557, 543, 519, 495, 463, 456, 419, 403, 378, 361, 333, 315, 304, 260, 248, 249, 234, 206, 192, 175, 144, 116, 100, 99, 98, 97, 88, 64, 22
732, 707, 674, 665, 646, 618, 588, 579, 557, 543, 519, 495, 463, 456, 419, 403, 378, 361, 333, 315, 304, 260, 261, 250, 251, 235, 204, 188, 172, 141, 119, 95, 86, 66, 23
732, 707, 674, 665, 646, 618, 588, 579, 557, 543, 519, 495, 463, 456, 419, 403, 378, 361, 333, 315, 304, 260, 261, 250, 251, 235, 204, 188, 172, 141, 119, 95, 86, 66, 24
732, 733, 734, 709, 677, 663, 644, 623, 604, 575, 553, 539, 502, 491, 478, 442, 435, 395, 386, 369, 346, 327, 294, 270, 257, 219, 197, 198, 184, 167, 138, 122, 93, 84, 42, 25
732, 733, 734, 709, 677, 663, 644, 623, 604, 575, 553, 539, 502, 491, 478, 442, 435, 395, 386, 369, 346, 327, 294, 270, 257, 219, 197, 198, 184, 167, 138, 122, 93, 84, 44, 26
732, 708, 676, 664, 645, 621, 606, 576, 555, 540, 520, 494, 461, 438, 417, 399, 382, 364, 328, 349, 310, 298, 275, 241, 224, 215, 180, 181, 164, 136, 126, 89, 81, 82, 47, 46, 27
732, 708, 676, 664, 645, 621, 606, 576, 555, 540, 520, 494, 461, 438, 417, 399, 382, 364, 328, 349, 310, 298, 275, 241, 224, 215, 180, 181, 164, 136, 126, 89, 81, 48, 28
732, 708, 676, 664, 645, 621, 606, 576, 555, 540, 520, 494, 461, 438, 417, 399, 382, 364, 328, 349, 310, 298, 275, 241, 224, 215, 180, 181, 164, 136, 126, 89, 81, 48, 29
732, 708, 676, 664, 645, 621, 606, 576, 555, 540, 520, 494, 461, 438, 417, 399, 382, 364, 328, 349, 310, 298, 275, 241, 224, 215, 180, 163, 133, 128, 110, 80, 50, 30
732, 708, 676, 664, 645, 621, 606, 576, 555, 540, 520, 494, 461, 438, 417, 399, 382, 364, 328, 349, 310, 298, 275, 241, 224, 215, 180, 163, 133, 128, 110, 80, 50, 31
732, 707, 674, 665, 646, 618, 588, 579, 557, 543, 519, 495, 463, 456, 419, 402, 379, 362, 331, 313, 301, 278, 244, 229, 211, 176, 160, 151, 152, 130, 108, 77, 52, 32
732, 707, 674, 665, 646, 618, 588, 579, 557, 543, 519, 495, 463, 456, 419, 402, 379, 362, 331, 313, 301, 278, 244, 229, 211, 176, 160, 150, 132, 107, 76, 53, 33
732, 707, 674, 665, 646, 618, 588, 579, 557, 543, 519, 495, 463, 456, 419, 402, 379, 362, 331, 313, 301, 278, 244, 229, 211, 176, 160, 150, 132, 106, 75, 54, 34
732, 707, 674, 665, 646, 618, 588, 579, 557, 543, 519, 495, 463, 456, 419, 402, 379, 362, 331, 313, 302, 281, 245, 230, 210, 195, 158, 149, 112, 105, 74, 55, 35
732, 707, 674, 665, 646, 618, 588, 579, 557, 543, 519, 495, 463, 456, 419, 402, 379, 362, 331, 313, 302, 281, 245, 230, 210, 195, 158, 149, 112, 105, 73, 56, 36
732, 707, 674, 665, 646, 618, 588, 579, 557, 543, 519, 495, 463, 456, 419, 403, 378, 361, 333, 315, 304, 282, 247, 231, 209, 194, 156, 147, 113, 103, 71, 58, 37
732, 707, 674, 665, 646, 618, 588, 579, 557, 543, 519, 495, 463, 456, 419, 403, 378, 361, 333, 315, 304, 282, 247, 232, 207, 193, 155, 146, 114, 102, 70, 60, 39, 38
732, 707, 674, 665, 646, 618, 588, 579, 557, 543, 519, 495, 463, 456, 419, 403, 378, 361, 333, 315, 304, 282, 247, 232, 207, 193, 155, 146, 114, 102, 70, 60, 39
732, 707, 674, 665, 646, 618, 588, 579, 557, 543, 519, 495, 463, 456, 419, 403, 378, 361, 333, 315, 304, 282, 247, 232, 207, 193, 155, 146, 114, 102, 70, 60, 40
732, 707, 674, 665, 646, 618, 588, 579, 557, 543, 519, 495, 463, 456, 419, 403, 378, 361, 333, 315, 304, 282, 247, 232, 207, 193, 155, 146, 114, 102, 70, 60, 40, 41
732, 733, 734, 709, 677, 663, 644, 623, 604, 575, 553, 539, 502, 491, 478, 442, 435, 395, 386, 369, 346, 327, 294, 270, 257, 219, 197, 198, 184, 167, 138, 122, 93, 84, 42
732, 733, 734, 709, 677, 663, 644, 623, 604, 575, 553, 539, 502, 491, 478, 442, 435, 395, 386, 369, 346, 327, 294, 270, 257, 219, 197, 198, 184, 167, 138, 122, 93, 84, 43
732, 733, 734, 709, 677, 663, 644, 623, 604, 575, 553, 539, 502, 491, 478, 442, 435, 395, 386, 369, 346, 327, 294, 270, 257, 219, 197, 198, 184, 167, 138, 122, 93, 84, 44
732, 733, 734, 709, 677, 663, 644, 623, 604, 575, 553, 539, 502, 491, 478, 442, 435, 395, 386, 369, 346, 327, 294, 270, 257, 219, 197, 198, 184, 167, 138, 122, 92, 83, 45
732, 708, 676, 664, 645, 621, 606, 576, 555, 540, 520, 494, 461, 438, 417, 399, 382, 364, 328, 349, 310, 298, 275, 241, 224, 215, 180, 181, 164, 136, 126, 89, 81, 82, 47, 46
732, 708, 676, 664, 645, 621, 606, 576, 555, 540, 520, 494, 461, 438, 417, 399, 382, 364, 328, 349, 310, 298, 275, 241, 224, 215, 180, 181, 164, 136, 126, 89, 81, 82, 47
732, 708, 676, 664, 645, 621, 606, 576, 555, 540, 520, 494, 461, 438, 417, 399, 382, 364, 328, 349, 310, 298, 275, 241, 224, 215, 180, 181, 164, 136, 126, 89, 81, 48
732, 708, 676, 664, 645, 621, 606, 576, 555, 540, 520, 494, 461, 438, 417, 399, 382, 364, 328, 349, 310, 298, 275, 241, 224, 215, 180, 163, 133, 128, 110, 80, 50, 49
732, 708, 676, 664, 645, 621, 606, 576, 555, 540, 520, 494, 461, 438, 417, 399, 382, 364, 328, 349, 310, 298, 275, 241, 224, 215, 180, 163, 133, 128, 110, 80, 50
732, 708, 676, 664, 645, 621, 606, 576, 555, 540, 520, 494, 461, 438, 417, 399, 382, 364, 328, 349, 310, 298, 275, 241, 224, 215, 180, 163, 133, 128, 110, 78, 51
732, 707, 674, 665, 646, 618, 588, 579, 557, 543, 519, 495, 463, 456, 419, 402, 379, 362, 331, 313, 301, 278, 244, 229, 211, 176, 160, 151, 152, 130, 108, 77, 52
732, 707, 674, 665, 646, 618, 588, 579, 557, 543, 519, 495, 463, 456, 419, 402, 379, 362, 331, 313, 301, 278, 244, 229, 211, 176, 160, 150, 132, 107, 76, 53
732, 707, 674, 665, 646, 618, 588, 579, 557, 543, 519, 495, 463, 456, 419, 402, 379, 362, 331, 313, 301, 278, 244, 229, 211, 176, 160, 150, 132, 106, 75, 54
732, 707, 674, 665, 646, 618, 588, 579, 557, 543, 519, 495, 463, 456, 419, 402, 379, 362, 331, 313, 302, 281, 245, 230, 210, 195, 158, 149, 112, 105, 74, 55
732, 707, 674, 665, 646, 618, 588, 579, 557, 543, 519, 495, 463, 456, 419, 402, 379, 362, 331, 313, 302, 281, 245, 230, 210, 195, 158, 149, 112, 105, 73, 56
732, 707, 674, 665, 646, 618, 588, 579, 557, 543, 519, 495, 463, 456, 419, 403, 378, 361, 333, 315, 304, 282, 247, 231, 209, 194, 156, 147, 113, 104, 72, 57
732, 707, 674, 665, 646, 618, 588, 579, 557, 543, 519, 495, 463, 456, 419, 403, 378, 361, 333, 315, 304, 282, 247, 231, 209, 194, 156, 147, 113, 103, 71, 58
732, 707, 674, 665, 646, 618, 588, 579, 557, 543, 519, 495, 463, 456, 419, 403, 378, 361, 333, 315, 304, 282, 247, 232, 207, 193, 155, 146, 114, 102, 70, 59
732, 707, 674, 665, 646, 618, 588, 579, 557, 543, 519, 495, 463, 456, 419, 403, 378, 361, 333, 315, 304, 282, 247, 232, 207, 193, 155, 146, 114, 102, 70, 60
732, 707, 674, 665, 646, 618, 588, 579, 557, 543, 519, 495, 463, 456, 419, 403, 378, 361, 333, 315, 304, 282, 247, 232, 207, 193, 155, 146, 114, 102, 70, 60, 61
732, 707, 674, 665, 646, 618, 588, 579, 557, 543, 519, 495, 463, 456, 419, 403, 378, 361, 333, 315, 304, 282, 247, 232, 207, 193, 155, 146, 114, 102, 70, 60, 61, 62
732, 707, 674, 665, 646, 618, 588, 579, 557, 543, 519, 495, 463, 456, 419, 403, 378, 361, 333, 315, 304, 282, 247, 232, 207, 193, 155, 146, 114, 102, 70, 60, 61, 62, 63
732, 707, 674, 665, 646, 618, 588, 579, 557, 543, 519, 495, 463, 456, 419, 403, 378, 361, 333, 315, 304, 260, 248, 249, 234, 206, 192, 175, 144, 116, 100, 99, 98, 97, 88, 64
732, 707, 674, 665, 646, 618, 588, 579, 557, 543, 519, 495, 463, 456, 419, 403, 378, 361, 333, 315, 304, 260, 248, 249, 234, 206, 192, 175, 144, 116, 100, 99, 98, 97, 88, 64, 65
732, 707, 674, 665, 646, 618, 588, 579, 557, 543, 519, 495, 463, 456, 419, 403, 378, 361, 333, 315, 304, 260, 261, 250, 251, 235, 204, 188, 172, 141, 119, 95, 86, 66
732, 707, 674, 665, 646, 618, 588, 579, 557, 543, 519, 495, 463, 456, 419, 403, 378, 361, 333, 315, 304, 260, 248, 249, 234, 206, 192, 175, 144, 116, 100, 99, 67
732, 707, 674, 665, 646, 618, 588, 579, 557, 543, 519, 495, 463, 456, 419, 403, 378, 361, 333, 315, 304, 282, 247, 232, 207, 193, 155, 146, 114, 102, 70, 69, 68
732, 707, 674, 665, 646, 618, 588, 579, 557, 543, 519, 495, 463, 456, 419, 403, 378, 361, 333, 315, 304, 282, 247, 232, 207, 193, 155, 146, 114, 102, 70, 69
732, 707, 674, 665, 646, 618, 588, 579, 557, 543, 519, 495, 463, 456, 419, 403, 378, 361, 333, 315, 304, 282, 247, 232, 207, 193, 155, 146, 114, 102, 70
732, 707, 674, 665, 646, 618, 588, 579, 557, 543, 519, 495, 463, 456, 419, 403, 378, 361, 333, 315, 304, 282, 247, 231, 209, 194, 156, 147, 113, 103, 71
732, 707, 674, 665, 646, 618, 588, 579, 557, 543, 519, 495, 463, 456, 419, 403, 378, 361, 333, 315, 304, 282, 247, 231, 209, 194, 156, 147, 113, 104, 72
732, 707, 674, 665, 646, 618, 588, 579, 557, 543, 519, 495, 463, 456, 419, 402, 379, 362, 331, 313, 302, 281, 245, 230, 210, 195, 158, 149, 112, 105, 73
732, 707, 674, 665, 646, 618, 588, 579, 557, 543, 519, 495, 463, 456, 419, 402, 379, 362, 331, 313, 302, 281, 245, 230, 210, 195, 158, 149, 112, 105, 74
732, 707, 674, 665, 646, 618, 588, 579, 557, 543, 519, 495, 463, 456, 419, 402, 379, 362, 331, 313, 301, 278, 244, 229, 211, 176, 160, 150, 132, 106, 75
732, 707, 674, 665, 646, 618, 588, 579, 557, 543, 519, 495, 463, 456, 419, 402, 379, 362, 331, 313, 301, 278, 244, 229, 211, 176, 160, 150, 132, 107, 76
732, 707, 674, 665, 646, 618, 588, 579, 557, 543, 519, 495, 463, 456, 419, 402, 379, 362, 331, 313, 301, 278, 244, 229, 211, 176, 160, 151, 152, 130, 108, 77
732, 708, 676, 664, 645, 621, 606, 576, 555, 540, 520, 494, 461, 438, 417, 399, 382, 364, 328, 349, 310, 298, 275, 241, 224, 215, 180, 163, 133, 128, 110, 78
732, 708, 676, 664, 645, 621, 606, 576, 555, 540, 520, 494, 461, 438, 417, 399, 382, 364, 328, 349, 310, 298, 275, 241, 224, 215, 180, 163, 133, 128, 110, 79
732, 708, 676, 664, 645, 621, 606, 576, 555, 540, 520, 494, 461, 438, 417, 399, 382, 364, 328, 349, 310, 298, 275, 241, 224, 215, 180, 163, 133, 128, 110, 80
732, 708, 676, 664, 645, 621, 606, 576, 555, 540, 520, 494, 461, 438, 417, 399, 382, 364, 328, 349, 310, 298, 275, 241, 224, 215, 180, 181, 164, 136, 126, 89, 81
732, 708, 676, 664, 645, 621, 606, 576, 555, 540, 520, 494, 461, 438, 417, 399, 382, 364, 328, 349, 310, 298, 275, 241, 224, 215, 180, 181, 164, 136, 126, 89, 81, 82
732, 733, 734, 709, 677, 663, 644, 623, 604, 575, 553, 539, 502, 491, 478, 442, 435, 395, 386, 369, 346, 327, 294, 270, 257, 219, 197, 198, 184, 167, 138, 122, 92, 83
732, 733, 734, 709, 677, 663, 644, 623, 604, 575, 553, 539, 502, 491, 478, 442, 435, 395, 386, 369, 346, 327, 294, 270, 257, 219, 197, 198, 184, 167, 138, 122, 93, 84
732, 733, 734, 709, 677, 663, 644, 623, 604, 575, 553, 539, 502, 491, 478, 442, 435, 395, 386, 369, 346, 327, 294, 270, 257, 219, 197, 198, 184, 167, 138, 122, 93, 85
732, 707, 674, 665, 646, 618, 588, 579, 557, 543, 519, 495, 463, 456, 419, 403, 378, 361, 333, 315, 304, 260, 261, 250, 251, 235, 204, 188, 172, 141, 119, 95, 86
732, 707, 674, 665, 646, 618, 588, 579, 557, 543, 519, 495, 463, 456, 419, 403, 378, 361, 333, 315, 304, 260, 248, 249, 234, 206, 192, 175, 144, 116, 100, 99, 98, 97, 88, 87
732, 707, 674, 665, 646, 618, 588, 579, 557, 543, 519, 495, 463, 456, 419, 403, 378, 361, 333, 315, 304, 260, 248, 249, 234, 206, 192, 175, 144, 116, 100, 99, 98, 97, 88
732, 708, 676, 664, 645, 621, 606, 576, 555, 540, 520, 494, 461, 438, 417, 399, 382, 364, 328, 349, 310, 298, 275, 241, 224, 215, 180, 181, 164, 136, 126, 89
732, 708, 676, 664, 645, 621, 606, 576, 555, 540, 520, 494, 461, 438, 417, 399, 382, 364, 328, 349, 310, 298, 275, 241, 224, 215, 180, 181, 164, 136, 126, 89, 90
732, 733, 734, 709, 677, 663, 644, 623, 604, 575, 553, 539, 502, 491, 478, 442, 435, 395, 386, 369, 346, 327, 294, 270, 257, 219, 197, 198, 184, 167, 138, 122, 91
732, 733, 734, 709, 677, 663, 644, 623, 604, 575, 553, 539, 502, 491, 478, 442, 435, 395, 386, 369, 346, 327, 294, 270, 257, 219, 197, 198, 184, 167, 138, 122, 92
732, 733, 734, 709, 677, 663, 644, 623, 604, 575, 553, 539, 502, 491, 478, 442, 435, 395, 386, 369, 346, 327, 294, 270, 257, 219, 197, 198, 184, 167, 138, 122, 93
732, 707, 674, 665, 646, 618, 588, 579, 557, 543, 519, 495, 463, 456, 419, 403, 378, 361, 333, 315, 304, 260, 261, 250, 251, 235, 204, 188, 172, 141, 119, 120, 94
732, 707, 674, 665, 646, 618, 588, 579, 557, 543, 519, 495, 463, 456, 419, 403, 378, 361, 333, 315, 304, 260, 261, 250, 251, 235, 204, 188, 172, 141, 119, 95
732, 707, 674, 665, 646, 618, 588, 579, 557, 543, 519, 495, 463, 456, 419, 403, 378, 361, 333, 315, 304, 260, 261, 250, 251, 235, 204, 188, 172, 141, 118, 96
732, 707, 674, 665, 646, 618, 588, 579, 557, 543, 519, 495, 463, 456, 419, 403, 378, 361, 333, 315, 304, 260, 248, 249, 234, 206, 192, 175, 144, 116, 100, 99, 98, 97
732, 707, 674, 665, 646, 618, 588, 579, 557, 543, 519, 495, 463, 456, 419, 403, 378, 361, 333, 315, 304, 260, 248, 249, 234, 206, 192, 175, 144, 116, 100, 99, 98
732, 707, 674, 665, 646, 618, 588, 579, 557, 543, 519, 495, 463, 456, 419, 403, 378, 361, 333, 315, 304, 260, 248, 249, 234, 206, 192, 175, 144, 116, 100, 99
