848, 813, 802, 787, 744, 722, 695, 687, 653, 635, 610, 595, 567, 546, 532, 510, 484, 471, 447, 429, 412, 392, 354, 341, 322, 289, 266, 254, 238, 202, 186, 170, 140, 120, 95, 86, 66, 24, 0
848, 813, 802, 787, 744, 722, 695, 687, 653, 635, 610, 595, 567, 546, 532, 510, 484, 471, 447, 429, 412, 392, 354, 341, 322, 289, 267, 255, 217, 200, 185, 168, 139, 122, 93, 84, 42, 25, 1
848, 813, 802, 787, 744, 722, 695, 687, 653, 635, 610, 595, 567, 546, 532, 510, 484, 471, 447, 429, 412, 392, 354, 341, 322, 289, 267, 255, 217, 200, 185, 168, 139, 122, 93, 84, 44, 26, 2
848, 813, 802, 787, 744, 722, 695, 687, 653, 635, 610, 595, 567, 546, 532, 510, 484, 471, 447, 429, 412, 392, 354, 341, 322, 289, 267, 255, 217, 200, 185, 168, 139, 122, 92, 83, 45, 27, 3
848, 813, 802, 787, 744, 722, 695, 687, 653, 635, 610, 595, 567, 546, 532, 510, 484, 471, 447, 429, 412, 391, 390, 353, 343, 324, 293, 270, 257, 220, 196, 183, 165, 136, 126, 89, 81, 48, 28, 4
848, 813, 802, 787, 744, 722, 695, 687, 653, 635, 610, 595, 567, 546, 532, 510, 484, 471, 447, 429, 412, 391, 390, 353, 343, 324, 293, 270, 257, 220, 196, 183, 165, 136, 126, 89, 81, 48, 29, 5
848, 813, 802, 787, 744, 722, 695, 687, 653, 635, 610, 595, 567, 546, 532, 510, 484, 471, 447, 429, 412, 391, 390, 353, 343, 324, 293, 270, 257, 220, 196, 183, 165, 136, 126, 89, 81, 48, 29, 30, 6
848, 868, 869, 870, 888, 916, 928, 929, 943, 975, 994, 1018, 1043, 1056, 1073, 1090, 1125, 1146, 1173, 1189, 1210, 1232, 1233, 1249, 1273, 1289, 1318, 1325, 1348, 1382, 1391, 1392, 1405, 1427, 1450, 1477, 1504, 1513, 1552, 7
848, 868, 869, 870, 888, 916, 928, 929, 943, 975, 994, 1018, 1043, 1056, 1073, 1090, 1125, 1146, 1173, 1189, 1210, 1232, 1233, 1249, 1273, 1289, 1318, 1325, 1348, 1382, 1391, 1423, 1429, 1452, 1478, 1507, 1515, 1551, 8
848, 868, 869, 870, 888, 916, 928, 929, 943, 975, 994, 1018, 1043, 1056, 1073, 1090, 1125, 1146, 1173, 1189, 1210, 1232, 1233, 1249, 1273, 1289, 1318, 1325, 1348, 1382, 1391, 1423, 1429, 1452, 1478, 1507, 1515, 1551, 9
848, 868, 869, 870, 888, 916, 928, 929, 943, 975, 994, 1018, 1043, 1056, 1073, 1090, 1125, 1146, 1173, 1189, 1210, 1232, 1233, 1249, 1273, 1289, 1318, 1325, 1348, 1382, 1391, 1423, 1429, 1452, 1478, 1479, 1508, 1516, 1550, 10
848, 868, 869, 870, 888, 916, 928, 929, 943, 975, 994, 1018, 1043, 1056, 1073, 1090, 1125, 1146, 1173, 1189, 1210, 1232, 1233, 1249, 1273, 1289, 1318, 1325, 1348, 1382, 1391, 1423, 1429, 1452, 1478, 1479, 1508, 1516, 1549, 11
848, 868, 869, 870, 888, 916, 928, 929, 943, 975, 994, 1018, 1043, 1056, 1073, 1090, 1125, 1146, 1173, 1189, 1208, 1231, 1252, 1270, 1285, 1300, 1328, 1344, 1379, 1387, 1420, 1431, 1454, 1480, 1510, 1517, 1548, 12
848, 867, 886, 915, 925, 947, 968, 988, 1011, 1037, 1062, 1081, 1106, 1133, 1137, 1165, 1179, 1221, 1224, 1258, 1263, 1280, 1307, 1335, 1358, 1372, 1403, 1414, 1438, 1460, 1459, 1485, 1489, 1520, 1545, 15, 14, 13
848, 867, 886, 915, 925, 947, 968, 988, 1011, 1037, 1062, 1081, 1106, 1133, 1137, 1165, 1179, 1221, 1224, 1258, 1263, 1280, 1307, 1335, 1358, 1372, 1403, 1414, 1438, 1460, 1459, 1485, 1489, 1520, 1545, 15, 14
848, 867, 886, 915, 925, 947, 968, 988, 1011, 1037, 1062, 1081, 1106, 1133, 1137, 1165, 1179, 1221, 1224, 1258, 1263, 1280, 1307, 1335, 1358, 1372, 1403, 1414, 1438, 1460, 1459, 1485, 1489, 1520, 1545, 15
848, 867, 886, 915, 925, 947, 968, 988, 1011, 1037, 1062, 1081, 1106, 1133, 1137, 1165, 1179, 1221, 1224, 1258, 1263, 1280, 1307, 1335, 1358, 1372, 1403, 1414, 1438, 1460, 1459, 1485, 1489, 1521, 1544, 16
848, 867, 886, 915, 925, 947, 968, 988, 1011, 1037, 1062, 1081, 1106, 1133, 1137, 1165, 1180, 1220, 1223, 1259, 1262, 1298, 1309, 1336, 1357, 1370, 1401, 1413, 1440, 1462, 1466, 1493, 1523, 1543, 17
848, 867, 886, 915, 925, 947, 968, 988, 1011, 1037, 1062, 1081, 1106, 1133, 1137, 1165, 1180, 1220, 1223, 1259, 1262, 1298, 1309, 1336, 1357, 1370, 1401, 1413, 1440, 1462, 1466, 1493, 1524, 1542, 18
848, 867, 886, 915, 925, 947, 968, 988, 1011, 1037, 1062, 1081, 1106, 1133, 1137, 1165, 1180, 1220, 1223, 1259, 1262, 1298, 1309, 1336, 1357, 1370, 1401, 1413, 1440, 1462, 1468, 1494, 1525, 1541, 19
848, 867, 886, 915, 925, 947, 968, 988, 1011, 1037, 1062, 1081, 1106, 1133, 1137, 1165, 1180, 1220, 1223, 1259, 1262, 1298, 1309, 1336, 1357, 1370, 1401, 1413, 1440, 1462, 1468, 1494, 1525, 1541, 20
848, 867, 886, 915, 925, 947, 968, 988, 1011, 1037, 1062, 1081, 1106, 1133, 1137, 1165, 1180, 1220, 1223, 1259, 1262, 1298, 1309, 1336, 1357, 1370, 1401, 1413, 1440, 1462, 1466, 1493, 1524, 1542, 18, 21
848, 867, 886, 915, 925, 947, 968, 988, 1011, 1037, 1062, 1081, 1106, 1133, 1137, 1165, 1180, 1220, 1223, 1259, 1262, 1298, 1309, 1336, 1357, 1370, 1401, 1413, 1440, 1462, 1468, 1494, 1525, 1541, 20, 22
848, 813, 802, 787, 744, 722, 695, 687, 653, 635, 610, 595, 567, 546, 532, 510, 484, 471, 447, 429, 412, 392, 354, 341, 322, 289, 266, 254, 238, 202, 186, 170, 140, 120, 95, 86, 66, 23
848, 813, 802, 787, 744, 722, 695, 687, 653, 635, 610, 595, 567, 546, 532, 510, 484, 471, 447, 429, 412, 392, 354, 341, 322, 289, 266, 254, 238, 202, 186, 170, 140, 120, 95, 86, 66, 24
848, 813, 802, 787, 744, 722, 695, 687, 653, 635, 610, 595, 567, 546, 532, 510, 484, 471, 447, 429, 412, 392, 354, 341, 322, 289, 267, 255, 217, 200, 185, 168, 139, 122, 93, 84, 42, 25
848, 813, 802, 787, 744, 722, 695, 687, 653, 635, 610, 595, 567, 546, 532, 510, 484, 471, 447, 429, 412, 392, 354, 341, 322, 289, 267, 255, 217, 200, 185, 168, 139, 122, 93, 84, 44, 26
848, 813, 802, 787, 744, 722, 695, 687, 653, 635, 610, 595, 567, 546, 532, 510, 484, 471, 447, 429, 412, 392, 354, 341, 322, 289, 267, 255, 217, 200, 185, 168, 139, 122, 92, 83, 45, 27
848, 813, 802, 787, 744, 722, 695, 687, 653, 635, 610, 595, 567, 546, 532, 510, 484, 471, 447, 429, 412, 391, 390, 353, 343, 324, 293, 270, 257, 220, 196, 183, 165, 136, 126, 89, 81, 48, 28
848, 813, 802, 787, 744, 722, 695, 687, 653, 635, 610, 595, 567, 546, 532, 510, 484, 471, 447, 429, 412, 391, 390, 353, 343, 324, 293, 270, 257, 220, 196, 183, 165, 136, 126, 89, 81, 48, 29
848, 813, 802, 787, 744, 722, 695, 687, 653, 635, 610, 595, 567, 546, 532, 510, 484, 471, 447, 429, 412, 391, 390, 353, 343, 324, 293, 270, 257, 220, 196, 183, 165, 136, 126, 89, 81, 48, 29, 30
848, 813, 802, 787, 744, 722, 695, 687, 653, 635, 610, 595, 567, 546, 532, 510, 484, 471, 447, 429, 412, 391, 390, 353, 343, 324, 293, 270, 257, 220, 196, 183, 165, 136, 126, 89, 81, 48, 29, 30, 31
848, 868, 869, 870, 888, 916, 928, 929, 943, 975, 994, 1018, 1043, 1056, 1073, 1090, 1125, 1146, 1173, 1189, 1210, 1232, 1233, 1249, 1273, 1289, 1318, 1325, 1348, 1382, 1391, 1392, 1405, 1427, 1450, 1477, 1504, 1513, 1552, 7, 32
848, 868, 869, 870, 888, 916, 928, 929, 943, 975, 994, 1018, 1043, 1056, 1073, 1090, 1125, 1146, 1173, 1189, 1210, 1232, 1233, 1249, 1273, 1289, 1318, 1325, 1348, 1382, 1391, 1423, 1429, 1452, 1478, 1507, 1515, 1551, 9, 33
848, 868, 869, 870, 888, 916, 928, 929, 943, 975, 994, 1018, 1043, 1056, 1073, 1090, 1125, 1146, 1173, 1189, 1210, 1232, 1233, 1249, 1273, 1289, 1318, 1325, 1348, 1382, 1391, 1423, 1429, 1452, 1478, 1479, 1508, 1516, 1550, 10, 34
848, 813, 802, 786, 743, 723, 697, 689, 651, 633, 612, 593, 585, 562, 529, 528, 515, 499, 466, 453, 423, 406, 376, 359, 335, 316, 304, 282, 247, 231, 209, 194, 157, 148, 111, 105, 74, 55, 35
848, 868, 869, 870, 888, 916, 928, 929, 943, 975, 994, 1018, 1043, 1056, 1073, 1090, 1125, 1146, 1173, 1189, 1208, 1231, 1252, 1270, 1285, 1300, 1328, 1344, 1379, 1387, 1420, 1431, 1454, 1480, 1510, 1517, 1548, 12, 36
848, 867, 886, 915, 925, 947, 968, 988, 1011, 1037, 1062, 1081, 1106, 1133, 1137, 1165, 1179, 1221, 1224, 1258, 1263, 1280, 1307, 1335, 1358, 1372, 1403, 1414, 1438, 1460, 1459, 1485, 1489, 1521, 1544, 16, 38, 37
848, 867, 886, 915, 925, 947, 968, 988, 1011, 1037, 1062, 1081, 1106, 1133, 1137, 1165, 1179, 1221, 1224, 1258, 1263, 1280, 1307, 1335, 1358, 1372, 1403, 1414, 1438, 1460, 1459, 1485, 1489, 1521, 1544, 16, 38
848, 867, 886, 915, 925, 947, 968, 988, 1011, 1037, 1062, 1081, 1106, 1133, 1137, 1165, 1179, 1221, 1224, 1258, 1263, 1280, 1307, 1335, 1358, 1372, 1403, 1414, 1438, 1460, 1459, 1485, 1489, 1521, 1544, 16, 39
848, 867, 886, 915, 925, 947, 968, 988, 1011, 1037, 1062, 1081, 1106, 1133, 1137, 1165, 1179, 1221, 1224, 1258, 1263, 1280, 1307, 1335, 1358, 1372, 1403, 1414, 1438, 1460, 1459, 1485, 1489, 1521, 1544, 16, 40
848, 813, 802, 786, 743, 723, 697, 689, 651, 633, 612, 593, 585, 562, 529, 514, 480, 468, 452, 425, 408, 374, 357, 336, 317, 283, 263, 251, 235, 204, 189, 173, 143, 117, 98, 67, 62, 41
848, 813, 802, 787, 744, 722, 695, 687, 653, 635, 610, 595, 567, 546, 532, 510, 484, 471, 447, 429, 412, 392, 354, 341, 322, 289, 267, 255, 217, 200, 185, 168, 139, 122, 93, 84, 42
848, 813, 802, 787, 744, 722, 695, 687, 653, 635, 610, 595, 567, 546, 532, 510, 484, 471, 447, 429, 412, 392, 354, 341, 322, 289, 267, 255, 217, 200, 185, 168, 139, 122, 93, 84, 43
848, 813, 802, 787, 744, 722, 695, 687, 653, 635, 610, 595, 567, 546, 532, 510, 484, 471, 447, 429, 412, 392, 354, 341, 322, 289, 267, 255, 217, 200, 185, 168, 139, 122, 93, 84, 44
848, 813, 802, 787, 744, 722, 695, 687, 653, 635, 610, 595, 567, 546, 532, 510, 484, 471, 447, 429, 412, 392, 354, 341, 322, 289, 267, 255, 217, 200, 185, 168, 139, 122, 92, 83, 45
848, 813, 802, 787, 744, 722, 695, 687, 653, 635, 610, 595, 567, 546, 532, 510, 484, 471, 447, 429, 412, 392, 354, 341, 322, 289, 267, 255, 217, 200, 185, 168, 139, 122, 92, 83, 46
848, 813, 802, 787, 744, 722, 695, 687, 653, 635, 610, 595, 567, 546, 532, 510, 484, 471, 447, 429, 412, 391, 390, 353, 343, 324, 293, 270, 257, 220, 196, 183, 165, 136, 126, 89, 81, 82, 47
848, 813, 802, 787, 744, 722, 695, 687, 653, 635, 610, 595, 567, 546, 532, 510, 484, 471, 447, 429, 412, 391, 390, 353, 343, 324, 293, 270, 257, 220, 196, 183, 165, 136, 126, 89, 81, 48
848, 813, 802, 787, 744, 722, 695, 687, 653, 635, 610, 595, 567, 546, 532, 510, 484, 471, 447, 429, 412, 391, 390, 353, 343, 324, 293, 270, 257, 220, 196, 183, 165, 136, 126, 89, 81, 49
848, 813, 802, 787, 744, 722, 695, 687, 653, 635, 610, 595, 567, 546, 532, 510, 484, 471, 447, 429, 412, 391, 390, 353, 343, 324, 293, 270, 257, 220, 196, 183, 165, 136, 126, 89, 81, 49, 50
848, 813, 802, 787, 744, 722, 695, 687, 653, 635, 610, 595, 567, 546, 532, 510, 484, 471, 447, 429, 412, 391, 390, 353, 343, 324, 293, 270, 257, 220, 196, 183, 165, 136, 135, 134, 128, 110, 78, 51
848, 868, 869, 870, 888, 916, 928, 929, 943, 975, 994, 1018, 1043, 1056, 1073, 1090, 1125, 1146, 1173, 1189, 1210, 1232, 1233, 1249, 1273, 1289, 1318, 1325, 1348, 1382, 1391, 1392, 1405, 1427, 1450, 1477, 1504, 1513, 1552, 7, 32, 52
848, 868, 869, 870, 888, 916, 928, 929, 943, 975, 994, 1018, 1043, 1056, 1073, 1090, 1125, 1146, 1173, 1189, 1210, 1232, 1233, 1249, 1273, 1289, 1318, 1325, 1348, 1382, 1391, 1423, 1429, 1452, 1478, 1507, 1515, 1551, 9, 33, 53
848, 813, 802, 786, 743, 723, 697, 689, 651, 633, 612, 593, 585, 562, 529, 528, 515, 499, 466, 453, 423, 406, 376, 359, 335, 316, 304, 282, 247, 231, 209, 194, 157, 148, 111, 105, 74, 75, 54
848, 813, 802, 786, 743, 723, 697, 689, 651, 633, 612, 593, 585, 562, 529, 528, 515, 499, 466, 453, 423, 406, 376, 359, 335, 316, 304, 282, 247, 231, 209, 194, 157, 148, 111, 105, 74, 55
848, 813, 802, 786, 743, 723, 697, 689, 651, 633, 612, 593, 585, 562, 529, 528, 515, 499, 466, 453, 423, 406, 376, 359, 335, 316, 304, 282, 247, 231, 209, 194, 157, 148, 111, 105, 73, 56
848, 813, 802, 786, 743, 723, 697, 689, 651, 633, 612, 593, 585, 562, 529, 528, 515, 499, 466, 453, 423, 406, 376, 359, 335, 316, 304, 282, 247, 231, 209, 194, 156, 147, 113, 104, 72, 57
848, 867, 886, 915, 925, 947, 968, 988, 1011, 1037, 1062, 1081, 1106, 1133, 1137, 1165, 1179, 1221, 1224, 1258, 1263, 1280, 1307, 1335, 1358, 1372, 1403, 1414, 1438, 1460, 1459, 1485, 1489, 1521, 1544, 16, 38, 59, 58
848, 867, 886, 915, 925, 947, 968, 988, 1011, 1037, 1062, 1081, 1106, 1133, 1137, 1165, 1179, 1221, 1224, 1258, 1263, 1280, 1307, 1335, 1358, 1372, 1403, 1414, 1438, 1460, 1459, 1485, 1489, 1521, 1544, 16, 38, 59
848, 867, 886, 915, 925, 947, 968, 988, 1011, 1037, 1062, 1081, 1106, 1133, 1137, 1165, 1179, 1221, 1224, 1258, 1263, 1280, 1307, 1335, 1358, 1372, 1403, 1414, 1438, 1460, 1459, 1485, 1489, 1521, 1544, 16, 39, 60
848, 867, 886, 915, 925, 947, 968, 988, 1011, 1037, 1062, 1081, 1106, 1133, 1137, 1165, 1179, 1221, 1224, 1258, 1263, 1280, 1307, 1335, 1358, 1372, 1403, 1414, 1438, 1460, 1459, 1485, 1489, 1521, 1544, 16, 40, 61
848, 813, 802, 786, 743, 723, 697, 689, 651, 633, 612, 593, 585, 562, 529, 514, 480, 468, 452, 425, 408, 374, 357, 336, 317, 283, 263, 251, 235, 204, 189, 173, 143, 117, 98, 67, 62
848, 867, 886, 915, 925, 947, 968, 988, 1011, 1037, 1062, 1081, 1106, 1133, 1137, 1165, 1180, 1220, 1223, 1259, 1262, 1298, 1309, 1336, 1357, 1370, 1401, 1413, 1440, 1462, 1466, 1493, 1524, 1542, 18, 21, 63
848, 813, 802, 787, 744, 722, 695, 687, 653, 635, 610, 595, 567, 546, 532, 510, 484, 471, 447, 429, 412, 392, 354, 341, 322, 289, 266, 254, 238, 202, 186, 170, 140, 120, 95, 87, 64
848, 813, 802, 787, 744, 722, 695, 687, 653, 635, 610, 595, 567, 546, 532, 510, 484, 471, 447, 429, 412, 392, 354, 341, 322, 289, 266, 254, 238, 202, 186, 170, 140, 120, 95, 87, 65
848, 813, 802, 787, 744, 722, 695, 687, 653, 635, 610, 595, 567, 546, 532, 510, 484, 471, 447, 429, 412, 392, 354, 341, 322, 289, 266, 254, 238, 202, 186, 170, 140, 120, 95, 86, 66
848, 813, 802, 786, 743, 723, 697, 689, 651, 633, 612, 593, 585, 562, 529, 514, 480, 468, 452, 425, 408, 374, 357, 336, 317, 283, 263, 251, 235, 204, 189, 173, 143, 117, 98, 67
848, 867, 886, 915, 925, 947, 968, 988, 1011, 1037, 1062, 1081, 1106, 1133, 1137, 1165, 1179, 1221, 1224, 1258, 1263, 1280, 1307, 1335, 1358, 1372, 1403, 1414, 1438, 1460, 1459, 1485, 1489, 1521, 1544, 16, 40, 61, 68
848, 867, 886, 915, 925, 947, 968, 988, 1011, 1037, 1062, 1081, 1106, 1133, 1137, 1165, 1179, 1221, 1224, 1258, 1263, 1280, 1307, 1335, 1358, 1372, 1403, 1414, 1438, 1460, 1459, 1485, 1489, 1521, 1544, 16, 39, 60, 69
848, 867, 886, 915, 925, 947, 968, 988, 1011, 1037, 1062, 1081, 1106, 1133, 1137, 1165, 1179, 1221, 1224, 1258, 1263, 1280, 1307, 1335, 1358, 1372, 1403, 1414, 1438, 1460, 1459, 1485, 1489, 1521, 1544, 16, 39, 60, 70
848, 813, 802, 786, 743, 723, 697, 689, 651, 633, 612, 593, 585, 562, 529, 528, 515, 499, 466, 453, 423, 406, 376, 359, 335, 316, 304, 282, 247, 231, 209, 194, 156, 147, 113, 103, 71
848, 813, 802, 786, 743, 723, 697, 689, 651, 633, 612, 593, 585, 562, 529, 528, 515, 499, 466, 453, 423, 406, 376, 359, 335, 316, 304, 282, 247, 231, 209, 194, 156, 147, 113, 104, 72
848, 813, 802, 786, 743, 723, 697, 689, 651, 633, 612, 593, 585, 562, 529, 528, 515, 499, 466, 453, 423, 406, 376, 359, 335, 316, 304, 282, 247, 231, 209, 194, 157, 148, 111, 105, 73
848, 813, 802, 786, 743, 723, 697, 689, 651, 633, 612, 593, 585, 562, 529, 528, 515, 499, 466, 453, 423, 406, 376, 359, 335, 316, 304, 282, 247, 231, 209, 194, 157, 148, 111, 105, 74
848, 813, 802, 786, 743, 723, 697, 689, 651, 633, 612, 593, 585, 562, 529, 528, 515, 499, 466, 453, 423, 406, 376, 359, 335, 316, 304, 282, 247, 231, 209, 194, 157, 148, 111, 105, 74, 75
848, 813, 802, 786, 743, 723, 697, 689, 651, 633, 612, 593, 585, 562, 529, 528, 515, 499, 466, 453, 423, 406, 376, 359, 335, 316, 304, 282, 247, 231, 209, 194, 157, 148, 111, 105, 74, 75, 76
848, 868, 869, 870, 888, 916, 928, 929, 943, 975, 994, 1018, 1043, 1056, 1073, 1090, 1125, 1146, 1173, 1189, 1210, 1232, 1233, 1249, 1273, 1289, 1318, 1325, 1348, 1382, 1391, 1392, 1405, 1427, 1450, 1477, 1504, 1513, 1552, 7, 32, 52, 77
848, 813, 802, 787, 744, 722, 695, 687, 653, 635, 610, 595, 567, 546, 532, 510, 484, 471, 447, 429, 412, 391, 390, 353, 343, 324, 293, 270, 257, 220, 196, 183, 165, 136, 135, 134, 128, 110, 78
848, 813, 802, 787, 744, 722, 695, 687, 653, 635, 610, 595, 567, 546, 532, 510, 484, 471, 447, 429, 412, 391, 390, 353, 343, 324, 293, 270, 257, 220, 196, 183, 165, 136, 135, 134, 128, 110, 79
848, 813, 802, 787, 744, 722, 695, 687, 653, 635, 610, 595, 567, 546, 532, 510, 484, 471, 447, 429, 412, 391, 390, 353, 343, 324, 293, 270, 257, 220, 196, 183, 165, 136, 135, 134, 128, 110, 80
848, 813, 802, 787, 744, 722, 695, 687, 653, 635, 610, 595, 567, 546, 532, 510, 484, 471, 447, 429, 412, 391, 390, 353, 343, 324, 293, 270, 257, 220, 196, 183, 165, 136, 126, 89, 81
848, 813, 802, 787, 744, 722, 695, 687, 653, 635, 610, 595, 567, 546, 532, 510, 484, 471, 447, 429, 412, 391, 390, 353, 343, 324, 293, 270, 257, 220, 196, 183, 165, 136, 126, 89, 81, 82
848, 813, 802, 787, 744, 722, 695, 687, 653, 635, 610, 595, 567, 546, 532, 510, 484, 471, 447, 429, 412, 392, 354, 341, 322, 289, 267, 255, 217, 200, 185, 168, 139, 122, 92, 83
848, 813, 802, 787, 744, 722, 695, 687, 653, 635, 610, 595, 567, 546, 532, 510, 484, 471, 447, 429, 412, 392, 354, 341, 322, 289, 267, 255, 217, 200, 185, 168, 139, 122, 93, 84
848, 813, 802, 787, 744, 722, 695, 687, 653, 635, 610, 595, 567, 546, 532, 510, 484, 471, 447, 429, 412, 392, 354, 341, 322, 289, 267, 255, 217, 200, 185, 168, 139, 122, 93, 85
848, 813, 802, 787, 744, 722, 695, 687, 653, 635, 610, 595, 567, 546, 532, 510, 484, 471, 447, 429, 412, 392, 354, 341, 322, 289, 266, 254, 238, 202, 186, 170, 140, 120, 95, 86
848, 813, 802, 787, 744, 722, 695, 687, 653, 635, 610, 595, 567, 546, 532, 510, 484, 471, 447, 429, 412, 392, 354, 341, 322, 289, 266, 254, 238, 202, 186, 170, 140, 120, 95, 87
848, 813, 802, 787, 744, 722, 695, 687, 653, 635, 610, 595, 567, 546, 532, 510, 484, 471, 447, 429, 412, 392, 354, 341, 322, 289, 266, 254, 238, 202, 186, 187, 171, 141, 118, 96, 88
848, 813, 802, 787, 744, 722, 695, 687, 653, 635, 610, 595, 567, 546, 532, 510, 484, 471, 447, 429, 412, 391, 390, 353, 343, 324, 293, 270, 257, 220, 196, 183, 165, 136, 126, 89
848, 813, 802, 787, 744, 722, 695, 687, 653, 635, 610, 595, 567, 546, 532, 510, 484, 471, 447, 429, 412, 391, 390, 353, 343, 324, 293, 270, 257, 220, 196, 183, 165, 136, 126, 89, 90
848, 813, 802, 787, 744, 722, 695, 687, 653, 635, 610, 595, 567, 546, 532, 510, 484, 471, 447, 429, 412, 392, 354, 341, 322, 289, 267, 255, 217, 200, 185, 168, 139, 122, 91
848, 813, 802, 787, 744, 722, 695, 687, 653, 635, 610, 595, 567, 546, 532, 510, 484, 471, 447, 429, 412, 392, 354, 341, 322, 289, 267, 255, 217, 200, 185, 168, 139, 122, 92
848, 813, 802, 787, 744, 722, 695, 687, 653, 635, 610, 595, 567, 546, 532, 510, 484, 471, 447, 429, 412, 392, 354, 341, 322, 289, 267, 255, 217, 200, 185, 168, 139, 122, 93
848, 813, 802, 787, 744, 722, 695, 687, 653, 635, 610, 595, 567, 546, 532, 510, 484, 471, 447, 429, 412, 392, 354, 341, 322, 289, 266, 254, 238, 202, 186, 170, 140, 120, 94
848, 813, 802, 787, 744, 722, 695, 687, 653, 635, 610, 595, 567, 546, 532, 510, 484, 471, 447, 429, 412, 392, 354, 341, 322, 289, 266, 254, 238, 202, 186, 170, 140, 120, 95
848, 813, 802, 787, 744, 722, 695, 687, 653, 635, 610, 595, 567, 546, 532, 510, 484, 471, 447, 429, 412, 392, 354, 341, 322, 289, 266, 254, 238, 202, 186, 187, 171, 141, 118, 96
848, 813, 802, 787, 744, 722, 695, 687, 653, 635, 610, 595, 567, 546, 532, 510, 484, 471, 447, 429, 412, 392, 354, 341, 322, 289, 266, 254, 238, 202, 186, 187, 171, 141, 118, 97
848, 813, 802, 786, 743, 723, 697, 689, 651, 633, 612, 593, 585, 562, 529, 514, 480, 468, 452, 425, 408, 374, 357, 336, 317, 283, 263, 251, 235, 204, 189, 173, 143, 117, 98
848, 813, 802, 786, 743, 723, 697, 689, 651, 633, 612, 593, 585, 562, 529, 514, 480, 468, 452, 425, 408, 374, 357, 336, 317, 283, 263, 251, 235, 204, 189, 173, 143, 117, 99
