862, 861, 879, 909, 940, 954, 984, 1002, 1027, 1032, 1067, 1086, 1101, 1117, 1156, 1163, 1198, 1218, 1241, 1243, 1261, 1297, 1310, 1338, 1355, 1369, 1398, 1411, 1441, 1463, 1469, 1495, 1526, 1540, 0
862, 861, 879, 909, 940, 954, 984, 1002, 1027, 1032, 1067, 1086, 1101, 1117, 1156, 1163, 1198, 1218, 1241, 1243, 1261, 1297, 1310, 1338, 1355, 1369, 1398, 1411, 1442, 1464, 1470, 1496, 1528, 1539, 1
862, 861, 879, 909, 940, 954, 984, 1002, 1027, 1032, 1067, 1086, 1101, 1117, 1156, 1163, 1198, 1218, 1241, 1243, 1261, 1297, 1310, 1338, 1355, 1369, 1398, 1411, 1442, 1464, 1470, 1496, 1528, 1538, 2
862, 861, 879, 909, 940, 954, 984, 1002, 1027, 1032, 1067, 1086, 1101, 1118, 1155, 1161, 1196, 1216, 1239, 1244, 1279, 1294, 1313, 1341, 1352, 1366, 1396, 1409, 1444, 1446, 1472, 1499, 1529, 1536, 3
862, 861, 879, 909, 940, 954, 984, 1002, 1027, 1032, 1067, 1086, 1101, 1118, 1155, 1161, 1196, 1216, 1239, 1244, 1279, 1294, 1313, 1341, 1352, 1366, 1396, 1409, 1444, 1446, 1472, 1499, 1530, 1531, 1534, 4
862, 861, 879, 909, 940, 954, 984, 1002, 1027, 1032, 1067, 1086, 1101, 1118, 1155, 1161, 1196, 1216, 1239, 1244, 1279, 1294, 1313, 1341, 1352, 1366, 1396, 1409, 1444, 1446, 1472, 1499, 1530, 1531, 1534, 5
862, 861, 860, 901, 907, 939, 956, 983, 1001, 1026, 1031, 1068, 1087, 1100, 1119, 1154, 1160, 1159, 1194, 1214, 1236, 1247, 1275, 1291, 1317, 1323, 1349, 1362, 1392, 1405, 1427, 1450, 1477, 1503, 1511, 1553, 6
862, 861, 860, 901, 907, 939, 956, 983, 1001, 1026, 1031, 1068, 1087, 1100, 1119, 1154, 1160, 1159, 1194, 1214, 1236, 1247, 1275, 1291, 1317, 1323, 1349, 1362, 1392, 1405, 1427, 1450, 1477, 1504, 1513, 1552, 7
862, 861, 860, 901, 907, 939, 956, 983, 1001, 1026, 1031, 1068, 1087, 1100, 1119, 1154, 1160, 1159, 1194, 1214, 1236, 1247, 1275, 1291, 1317, 1323, 1349, 1362, 1392, 1405, 1427, 1450, 1477, 1505, 1514, 1551, 8
862, 861, 860, 901, 907, 939, 956, 983, 1001, 1026, 1031, 1068, 1087, 1100, 1119, 1154, 1160, 1159, 1194, 1214, 1236, 1247, 1275, 1291, 1317, 1323, 1349, 1362, 1392, 1405, 1427, 1450, 1477, 1505, 1514, 1551, 9
862, 861, 860, 901, 907, 939, 956, 983, 1001, 1026, 1031, 1068, 1087, 1100, 1119, 1154, 1160, 1159, 1194, 1214, 1236, 1247, 1275, 1291, 1317, 1323, 1349, 1362, 1392, 1405, 1427, 1450, 1477, 1505, 1514, 1551, 9, 10
862, 844, 829, 794, 772, 755, 737, 711, 679, 660, 643, 624, 623, 622, 606, 577, 556, 542, 519, 495, 463, 456, 419, 402, 379, 362, 331, 313, 302, 281, 245, 230, 210, 195, 158, 149, 112, 105, 74, 55, 35, 11
862, 844, 829, 794, 772, 755, 737, 711, 679, 660, 643, 624, 623, 622, 606, 577, 556, 542, 519, 495, 463, 456, 419, 402, 379, 362, 331, 313, 302, 281, 245, 230, 210, 195, 158, 149, 112, 105, 73, 56, 36, 12
862, 861, 879, 910, 941, 953, 965, 1005, 1006, 1034, 1064, 1082, 1105, 1134, 1136, 1164, 1200, 1219, 1222, 1259, 1262, 1299, 1308, 1307, 1335, 1358, 1372, 1403, 1414, 1438, 1460, 1459, 1485, 1489, 1520, 1545, 15, 14, 13
862, 861, 879, 910, 941, 953, 965, 1005, 1006, 1034, 1064, 1082, 1105, 1134, 1136, 1164, 1200, 1219, 1222, 1259, 1262, 1299, 1308, 1307, 1335, 1358, 1372, 1403, 1414, 1438, 1460, 1459, 1485, 1489, 1520, 1545, 15, 14
862, 861, 879, 910, 941, 953, 965, 1005, 1006, 1034, 1064, 1082, 1105, 1134, 1136, 1164, 1200, 1219, 1222, 1259, 1262, 1299, 1308, 1307, 1335, 1358, 1372, 1403, 1414, 1438, 1460, 1459, 1485, 1489, 1520, 1545, 15
862, 861, 879, 910, 941, 953, 965, 1005, 1006, 1034, 1064, 1082, 1105, 1134, 1136, 1164, 1200, 1219, 1222, 1259, 1262, 1299, 1308, 1307, 1335, 1358, 1372, 1403, 1414, 1438, 1460, 1459, 1485, 1489, 1521, 1544, 16
862, 861, 879, 910, 941, 953, 965, 1005, 1006, 1034, 1064, 1082, 1105, 1134, 1136, 1164, 1200, 1219, 1222, 1259, 1262, 1298, 1309, 1336, 1357, 1370, 1401, 1413, 1440, 1462, 1466, 1493, 1523, 1543, 17
862, 861, 879, 910, 941, 953, 965, 1005, 1006, 1034, 1064, 1082, 1105, 1134, 1136, 1164, 1200, 1219, 1222, 1259, 1262, 1298, 1309, 1336, 1357, 1370, 1401, 1413, 1440, 1462, 1466, 1493, 1524, 1542, 18
862, 861, 879, 910, 941, 953, 965, 1005, 1006, 1034, 1064, 1082, 1105, 1134, 1136, 1164, 1200, 1219, 1222, 1259, 1262, 1298, 1309, 1336, 1357, 1370, 1401, 1413, 1440, 1462, 1468, 1494, 1525, 1541, 19
862, 861, 879, 910, 941, 953, 965, 1005, 1006, 1034, 1064, 1082, 1105, 1134, 1136, 1164, 1200, 1219, 1222, 1259, 1262, 1298, 1309, 1336, 1357, 1370, 1401, 1413, 1440, 1462, 1468, 1494, 1525, 1541, 20
862, 861, 879, 910, 941, 953, 965, 1005, 1006, 1034, 1064, 1082, 1105, 1134, 1136, 1164, 1200, 1219, 1222, 1259, 1262, 1298, 1309, 1336, 1357, 1370, 1401, 1413, 1440, 1462, 1466, 1493, 1524, 1542, 18, 21
862, 861, 879, 910, 941, 953, 965, 1005, 1006, 1034, 1064, 1082, 1105, 1134, 1136, 1164, 1200, 1219, 1222, 1259, 1262, 1298, 1309, 1336, 1357, 1370, 1401, 1413, 1440, 1462, 1468, 1494, 1525, 1541, 20, 22
862, 861, 879, 909, 940, 954, 984, 1002, 1027, 1032, 1067, 1086, 1101, 1117, 1156, 1163, 1198, 1218, 1241, 1243, 1261, 1297, 1310, 1338, 1355, 1369, 1398, 1411, 1441, 1463, 1469, 1495, 1526, 1540, 0, 23
862, 861, 879, 909, 940, 954, 984, 1002, 1027, 1032, 1067, 1086, 1101, 1117, 1156, 1163, 1198, 1218, 1241, 1243, 1261, 1297, 1310, 1338, 1355, 1369, 1398, 1411, 1441, 1463, 1469, 1495, 1526, 1540, 0, 24
862, 861, 879, 909, 940, 954, 984, 1002, 1027, 1032, 1067, 1086, 1101, 1117, 1156, 1163, 1198, 1218, 1241, 1243, 1261, 1297, 1310, 1338, 1355, 1369, 1398, 1411, 1442, 1464, 1470, 1496, 1528, 1539, 1, 25
862, 861, 879, 909, 940, 954, 984, 1002, 1027, 1032, 1067, 1086, 1101, 1117, 1156, 1163, 1198, 1218, 1241, 1243, 1261, 1297, 1310, 1338, 1355, 1369, 1398, 1411, 1442, 1464, 1470, 1496, 1528, 1538, 2, 26
862, 861, 879, 909, 940, 954, 984, 1002, 1027, 1032, 1067, 1086, 1101, 1118, 1155, 1161, 1196, 1216, 1239, 1244, 1279, 1294, 1313, 1341, 1352, 1366, 1396, 1409, 1444, 1446, 1472, 1499, 1529, 1536, 3, 27
862, 861, 879, 909, 940, 954, 984, 1002, 1027, 1032, 1067, 1086, 1101, 1118, 1155, 1161, 1196, 1216, 1239, 1244, 1279, 1294, 1313, 1341, 1352, 1366, 1396, 1409, 1444, 1446, 1472, 1499, 1530, 1531, 1534, 5, 28
862, 861, 879, 909, 940, 954, 984, 1002, 1027, 1032, 1067, 1086, 1101, 1118, 1155, 1161, 1196, 1216, 1239, 1244, 1279, 1294, 1313, 1341, 1352, 1366, 1396, 1409, 1444, 1446, 1472, 1499, 1530, 1531, 1534, 5, 29
862, 861, 860, 901, 907, 939, 956, 983, 1001, 1026, 1031, 1068, 1087, 1100, 1119, 1154, 1160, 1159, 1194, 1214, 1236, 1247, 1275, 1291, 1317, 1323, 1349, 1362, 1392, 1405, 1427, 1450, 1477, 1503, 1511, 1553, 6, 30
862, 861, 860, 901, 907, 939, 956, 983, 1001, 1026, 1031, 1068, 1087, 1100, 1119, 1154, 1160, 1159, 1194, 1214, 1236, 1247, 1275, 1291, 1317, 1323, 1349, 1362, 1392, 1405, 1427, 1450, 1477, 1503, 1511, 1553, 6, 31
862, 861, 860, 901, 907, 939, 956, 983, 1001, 1026, 1031, 1068, 1087, 1100, 1119, 1154, 1160, 1159, 1194, 1214, 1236, 1247, 1275, 1291, 1317, 1323, 1349, 1362, 1392, 1405, 1427, 1450, 1477, 1504, 1513, 1552, 7, 32
862, 861, 860, 901, 907, 939, 956, 983, 1001, 1026, 1031, 1068, 1087, 1100, 1119, 1154, 1160, 1159, 1194, 1214, 1236, 1247, 1275, 1291, 1317, 1323, 1349, 1362, 1392, 1405, 1427, 1450, 1477, 1505, 1514, 1551, 9, 33
862, 861, 860, 901, 907, 939, 956, 983, 1001, 1026, 1031, 1068, 1087, 1100, 1119, 1154, 1160, 1159, 1194, 1214, 1236, 1247, 1275, 1291, 1317, 1323, 1349, 1362, 1392, 1405, 1427, 1450, 1477, 1505, 1514, 1551, 9, 33, 34
862, 844, 829, 794, 772, 755, 737, 711, 679, 660, 643, 624, 623, 622, 606, 577, 556, 542, 519, 495, 463, 456, 419, 402, 379, 362, 331, 313, 302, 281, 245, 230, 210, 195, 158, 149, 112, 105, 74, 55, 35
862, 844, 829, 794, 772, 755, 737, 711, 679, 660, 643, 624, 623, 622, 606, 577, 556, 542, 519, 495, 463, 456, 419, 402, 379, 362, 331, 313, 302, 281, 245, 230, 210, 195, 158, 149, 112, 105, 73, 56, 36
862, 861, 879, 910, 941, 953, 965, 1005, 1006, 1034, 1064, 1082, 1105, 1134, 1136, 1164, 1200, 1219, 1222, 1259, 1262, 1299, 1308, 1307, 1335, 1358, 1372, 1403, 1414, 1438, 1460, 1459, 1485, 1489, 1521, 1544, 16, 38, 37
862, 861, 879, 910, 941, 953, 965, 1005, 1006, 1034, 1064, 1082, 1105, 1134, 1136, 1164, 1200, 1219, 1222, 1259, 1262, 1299, 1308, 1307, 1335, 1358, 1372, 1403, 1414, 1438, 1460, 1459, 1485, 1489, 1521, 1544, 16, 38
862, 861, 879, 910, 941, 953, 965, 1005, 1006, 1034, 1064, 1082, 1105, 1134, 1136, 1164, 1200, 1219, 1222, 1259, 1262, 1299, 1308, 1307, 1335, 1358, 1372, 1403, 1414, 1438, 1460, 1459, 1485, 1489, 1521, 1544, 16, 39
862, 861, 879, 910, 941, 953, 965, 1005, 1006, 1034, 1064, 1082, 1105, 1134, 1136, 1164, 1200, 1219, 1222, 1259, 1262, 1299, 1308, 1307, 1335, 1358, 1372, 1403, 1414, 1438, 1460, 1459, 1485, 1489, 1521, 1544, 16, 40
862, 861, 879, 910, 941, 953, 965, 1005, 1006, 1034, 1064, 1082, 1105, 1134, 1136, 1164, 1200, 1219, 1222, 1259, 1262, 1298, 1309, 1336, 1357, 1370, 1401, 1413, 1440, 1462, 1466, 1493, 1523, 1543, 17, 41
862, 844, 829, 795, 769, 752, 739, 714, 682, 657, 640, 628, 600, 570, 549, 535, 507, 488, 474, 445, 430, 413, 390, 353, 343, 323, 290, 268, 255, 217, 200, 185, 168, 139, 122, 93, 84, 42
862, 844, 829, 795, 769, 752, 739, 714, 682, 657, 640, 628, 600, 570, 549, 535, 507, 488, 474, 445, 430, 413, 390, 353, 343, 323, 290, 268, 255, 217, 200, 185, 168, 139, 122, 93, 84, 43
862, 861, 879, 909, 940, 954, 984, 1002, 1027, 1032, 1067, 1086, 1101, 1117, 1156, 1163, 1198, 1218, 1241, 1243, 1261, 1297, 1310, 1338, 1355, 1369, 1398, 1411, 1442, 1464, 1470, 1496, 1528, 1538, 2, 26, 44
862, 861, 879, 909, 940, 954, 984, 1002, 1027, 1032, 1067, 1086, 1101, 1118, 1155, 1161, 1196, 1216, 1239, 1244, 1279, 1294, 1313, 1341, 1352, 1366, 1396, 1409, 1444, 1446, 1472, 1499, 1529, 1536, 3, 27, 45
862, 861, 879, 909, 940, 954, 984, 1002, 1027, 1032, 1067, 1086, 1101, 1118, 1155, 1161, 1196, 1216, 1239, 1244, 1279, 1294, 1313, 1341, 1352, 1366, 1396, 1409, 1444, 1446, 1472, 1499, 1529, 1536, 3, 27, 46
862, 844, 829, 795, 769, 752, 739, 714, 682, 657, 640, 628, 600, 570, 549, 535, 507, 488, 474, 444, 433, 394, 387, 370, 345, 327, 294, 270, 257, 220, 196, 183, 165, 136, 126, 89, 81, 82, 47
862, 861, 879, 909, 940, 954, 984, 1002, 1027, 1032, 1067, 1086, 1101, 1118, 1155, 1161, 1196, 1216, 1239, 1244, 1279, 1294, 1313, 1341, 1352, 1366, 1396, 1409, 1444, 1446, 1472, 1499, 1530, 1531, 1534, 5, 29, 48
862, 861, 879, 909, 940, 954, 984, 1002, 1027, 1032, 1067, 1086, 1101, 1118, 1155, 1161, 1196, 1216, 1239, 1244, 1279, 1294, 1313, 1341, 1352, 1366, 1396, 1409, 1444, 1446, 1472, 1499, 1530, 1531, 1534, 5, 29, 49
862, 861, 860, 901, 907, 939, 956, 983, 1001, 1026, 1031, 1068, 1087, 1100, 1119, 1154, 1160, 1159, 1194, 1214, 1236, 1247, 1275, 1291, 1317, 1323, 1349, 1362, 1392, 1405, 1427, 1450, 1477, 1503, 1511, 1553, 6, 31, 50
862, 844, 829, 794, 772, 755, 737, 711, 679, 660, 643, 625, 603, 574, 552, 538, 502, 491, 478, 441, 436, 396, 385, 367, 348, 308, 296, 274, 241, 224, 215, 180, 163, 133, 128, 110, 78, 51
862, 861, 860, 901, 907, 939, 956, 983, 1001, 1026, 1031, 1068, 1087, 1100, 1119, 1154, 1160, 1159, 1194, 1214, 1236, 1247, 1275, 1291, 1317, 1323, 1349, 1362, 1392, 1405, 1427, 1450, 1477, 1504, 1513, 1552, 7, 32, 52
862, 861, 860, 901, 907, 939, 956, 983, 1001, 1026, 1031, 1068, 1087, 1100, 1119, 1154, 1160, 1159, 1194, 1214, 1236, 1247, 1275, 1291, 1317, 1323, 1349, 1362, 1392, 1405, 1427, 1450, 1477, 1505, 1514, 1551, 9, 33, 53
862, 844, 829, 794, 772, 755, 737, 711, 679, 660, 643, 624, 623, 622, 606, 577, 556, 542, 519, 495, 463, 456, 419, 402, 379, 362, 331, 313, 301, 278, 244, 229, 211, 176, 160, 150, 132, 106, 75, 54
862, 844, 829, 794, 772, 755, 737, 711, 679, 660, 643, 624, 623, 622, 606, 577, 556, 542, 519, 495, 463, 456, 419, 402, 379, 362, 331, 313, 302, 281, 245, 230, 210, 195, 158, 149, 112, 105, 74, 55
862, 844, 829, 794, 772, 755, 737, 711, 679, 660, 643, 624, 623, 622, 606, 577, 556, 542, 519, 495, 463, 456, 419, 402, 379, 362, 331, 313, 302, 281, 245, 230, 210, 195, 158, 149, 112, 105, 73, 56
862, 844, 829, 794, 772, 755, 737, 711, 679, 660, 643, 624, 623, 622, 606, 577, 556, 542, 519, 495, 463, 456, 419, 403, 378, 361, 333, 315, 304, 282, 247, 231, 209, 194, 156, 147, 113, 104, 72, 57
862, 861, 879, 910, 941, 953, 965, 1005, 1006, 1034, 1064, 1082, 1105, 1134, 1136, 1164, 1200, 1219, 1222, 1259, 1262, 1299, 1308, 1307, 1335, 1358, 1372, 1403, 1414, 1438, 1460, 1459, 1485, 1489, 1521, 1544, 16, 38, 59, 58
862, 861, 879, 910, 941, 953, 965, 1005, 1006, 1034, 1064, 1082, 1105, 1134, 1136, 1164, 1200, 1219, 1222, 1259, 1262, 1299, 1308, 1307, 1335, 1358, 1372, 1403, 1414, 1438, 1460, 1459, 1485, 1489, 1521, 1544, 16, 38, 59
862, 861, 879, 910, 941, 953, 965, 1005, 1006, 1034, 1064, 1082, 1105, 1134, 1136, 1164, 1200, 1219, 1222, 1259, 1262, 1299, 1308, 1307, 1335, 1358, 1372, 1403, 1414, 1438, 1460, 1459, 1485, 1489, 1521, 1544, 16, 39, 60
862, 861, 879, 910, 941, 953, 965, 1005, 1006, 1034, 1064, 1082, 1105, 1134, 1136, 1164, 1200, 1219, 1222, 1259, 1262, 1299, 1308, 1307, 1335, 1358, 1372, 1403, 1414, 1438, 1460, 1459, 1485, 1489, 1521, 1544, 16, 40, 61
862, 861, 879, 910, 941, 953, 965, 1005, 1006, 1034, 1064, 1082, 1105, 1134, 1136, 1164, 1200, 1219, 1222, 1259, 1262, 1298, 1309, 1336, 1357, 1370, 1401, 1413, 1440, 1462, 1466, 1493, 1523, 1543, 17, 41, 62
862, 861, 879, 910, 941, 953, 965, 1005, 1006, 1034, 1064, 1082, 1105, 1134, 1136, 1164, 1200, 1219, 1222, 1259, 1262, 1298, 1309, 1336, 1357, 1370, 1401, 1413, 1440, 1462, 1466, 1493, 1524, 1542, 18, 21, 63
862, 861, 879, 910, 941, 953, 965, 1005, 1006, 1034, 1064, 1082, 1105, 1134, 1136, 1164, 1200, 1219, 1222, 1259, 1262, 1298, 1309, 1336, 1357, 1370, 1401, 1413, 1440, 1462, 1468, 1494, 1525, 1541, 20, 22, 64
862, 861, 879, 910, 941, 953, 965, 1005, 1006, 1034, 1064, 1082, 1105, 1134, 1136, 1164, 1200, 1219, 1222, 1259, 1262, 1298, 1309, 1336, 1357, 1370, 1401, 1413, 1440, 1462, 1468, 1494, 1525, 1541, 20, 22, 65
862, 861, 879, 909, 940, 954, 984, 1002, 1027, 1032, 1067, 1086, 1101, 1117, 1156, 1163, 1198, 1218, 1241, 1243, 1261, 1297, 1310, 1338, 1355, 1369, 1398, 1411, 1442, 1464, 1470, 1496, 1528, 1539, 1, 25, 66
862, 861, 879, 910, 941, 953, 965, 1005, 1006, 1034, 1064, 1082, 1105, 1134, 1136, 1164, 1200, 1219, 1222, 1259, 1262, 1298, 1309, 1336, 1357, 1370, 1401, 1413, 1440, 1462, 1466, 1493, 1523, 1543, 17, 41, 62, 67
862, 861, 879, 910, 941, 953, 965, 1005, 1006, 1034, 1064, 1082, 1105, 1134, 1136, 1164, 1200, 1219, 1222, 1259, 1262, 1299, 1308, 1307, 1335, 1358, 1372, 1403, 1414, 1438, 1460, 1459, 1485, 1489, 1521, 1544, 16, 40, 61, 68
862, 861, 879, 910, 941, 953, 965, 1005, 1006, 1034, 1064, 1082, 1105, 1134, 1136, 1164, 1200, 1219, 1222, 1259, 1262, 1299, 1308, 1307, 1335, 1358, 1372, 1403, 1414, 1438, 1460, 1459, 1485, 1489, 1521, 1544, 16, 39, 60, 69
862, 861, 879, 910, 941, 953, 965, 1005, 1006, 1034, 1064, 1082, 1105, 1134, 1136, 1164, 1200, 1219, 1222, 1259, 1262, 1299, 1308, 1307, 1335, 1358, 1372, 1403, 1414, 1438, 1460, 1459, 1485, 1489, 1521, 1544, 16, 39, 60, 70
862, 844, 829, 794, 772, 755, 737, 711, 679, 660, 643, 624, 623, 622, 606, 577, 556, 542, 519, 495, 463, 456, 419, 403, 378, 361, 333, 315, 304, 282, 247, 231, 209, 194, 156, 147, 113, 103, 71
862, 844, 829, 794, 772, 755, 737, 711, 679, 660, 643, 624, 623, 622, 606, 577, 556, 542, 519, 495, 463, 456, 419, 403, 378, 361, 333, 315, 304, 282, 247, 231, 209, 194, 156, 147, 113, 104, 72
862, 844, 829, 794, 772, 755, 737, 711, 679, 660, 643, 624, 623, 622, 606, 577, 556, 542, 519, 495, 463, 456, 419, 402, 379, 362, 331, 313, 302, 281, 245, 230, 210, 195, 158, 149, 112, 105, 73
862, 844, 829, 794, 772, 755, 737, 711, 679, 660, 643, 624, 623, 622, 606, 577, 556, 542, 519, 495, 463, 456, 419, 402, 379, 362, 331, 313, 302, 281, 245, 230, 210, 195, 158, 149, 112, 105, 74
862, 844, 829, 794, 772, 755, 737, 711, 679, 660, 643, 624, 623, 622, 606, 577, 556, 542, 519, 495, 463, 456, 419, 402, 379, 362, 331, 313, 301, 278, 244, 229, 211, 176, 160, 150, 132, 106, 75
862, 844, 829, 794, 772, 755, 737, 711, 679, 660, 643, 624, 623, 622, 606, 577, 556, 542, 519, 495, 463, 456, 419, 402, 379, 362, 331, 313, 301, 278, 244, 229, 211, 176, 160, 150, 132, 107, 76
862, 844, 829, 794, 772, 755, 737, 711, 679, 660, 643, 625, 603, 574, 552, 538, 502, 491, 478, 441, 436, 396, 385, 367, 348, 308, 296, 274, 241, 224, 214, 178, 162, 152, 130, 108, 77
862, 844, 829, 794, 772, 755, 737, 711, 679, 660, 643, 625, 603, 574, 552, 538, 502, 491, 478, 441, 436, 396, 385, 367, 348, 308, 296, 274, 241, 224, 215, 180, 163, 133, 128, 110, 78
862, 844, 829, 794, 772, 755, 737, 711, 679, 660, 643, 625, 603, 574, 552, 538, 502, 491, 478, 441, 436, 396, 385, 367, 348, 308, 296, 274, 241, 224, 215, 180, 163, 133, 128, 110, 79
862, 844, 829, 794, 772, 755, 737, 711, 679, 660, 643, 625, 603, 574, 552, 538, 502, 491, 478, 441, 436, 396, 385, 367, 348, 308, 296, 274, 241, 224, 215, 180, 163, 133, 128, 110, 80
862, 844, 829, 795, 769, 752, 739, 714, 682, 657, 640, 628, 600, 570, 549, 535, 507, 488, 474, 444, 433, 394, 387, 370, 345, 327, 294, 270, 257, 220, 196, 183, 165, 136, 126, 89, 81
862, 844, 829, 795, 769, 752, 739, 714, 682, 657, 640, 628, 600, 570, 549, 535, 507, 488, 474, 444, 433, 394, 387, 370, 345, 327, 294, 270, 257, 220, 196, 183, 165, 136, 126, 89, 81, 82
862, 844, 829, 795, 769, 752, 739, 714, 682, 657, 640, 628, 600, 570, 549, 535, 507, 488, 474, 445, 430, 413, 390, 353, 343, 323, 290, 268, 255, 217, 200, 185, 168, 139, 122, 92, 83
862, 844, 829, 795, 769, 752, 739, 714, 682, 657, 640, 628, 600, 570, 549, 535, 507, 488, 474, 445, 430, 413, 390, 353, 343, 323, 290, 268, 255, 217, 200, 185, 168, 139, 122, 93, 84
862, 844, 829, 795, 769, 752, 739, 714, 682, 657, 640, 628, 600, 570, 549, 535, 507, 488, 474, 445, 430, 413, 390, 353, 343, 323, 290, 268, 255, 217, 200, 185, 168, 139, 122, 93, 85
862, 861, 879, 909, 940, 954, 984, 1002, 1027, 1032, 1067, 1086, 1101, 1117, 1156, 1163, 1198, 1218, 1241, 1243, 1261, 1297, 1310, 1338, 1355, 1369, 1398, 1411, 1442, 1464, 1470, 1496, 1528, 1539, 1, 25, 66, 86
862, 861, 879, 910, 941, 953, 965, 1005, 1006, 1034, 1064, 1082, 1105, 1134, 1136, 1164, 1200, 1219, 1222, 1259, 1262, 1298, 1309, 1336, 1357, 1370, 1401, 1413, 1440, 1462, 1468, 1494, 1525, 1541, 20, 22, 64, 87
862, 861, 879, 910, 941, 953, 965, 1005, 1006, 1034, 1064, 1082, 1105, 1134, 1136, 1164, 1200, 1219, 1222, 1259, 1262, 1298, 1309, 1336, 1357, 1370, 1401, 1413, 1440, 1462, 1468, 1494, 1525, 1541, 20, 22, 64, 88
862, 844, 829, 795, 769, 752, 739, 714, 682, 657, 640, 628, 600, 570, 549, 535, 507, 488, 474, 444, 433, 394, 387, 370, 345, 327, 294, 270, 257, 220, 196, 183, 165, 136, 126, 89
862, 844, 829, 795, 769, 752, 739, 714, 682, 657, 640, 628, 600, 570, 549, 535, 507, 488, 474, 444, 433, 394, 387, 370, 345, 327, 294, 270, 257, 220, 196, 183, 165, 136, 126, 89, 90
862, 844, 829, 795, 769, 752, 739, 714, 682, 657, 640, 628, 600, 570, 549, 535, 507, 488, 474, 445, 430, 413, 390, 353, 343, 323, 290, 268, 255, 217, 200, 185, 168, 139, 122, 91
862, 844, 829, 795, 769, 752, 739, 714, 682, 657, 640, 628, 600, 570, 549, 535, 507, 488, 474, 445, 430, 413, 390, 353, 343, 323, 290, 268, 255, 217, 200, 185, 168, 139, 122, 92
862, 844, 829, 795, 769, 752, 739, 714, 682, 657, 640, 628, 600, 570, 549, 535, 507, 488, 474, 445, 430, 413, 390, 353, 343, 323, 290, 268, 255, 217, 200, 185, 168, 139, 122, 93
862, 844, 829, 795, 769, 752, 739, 714, 682, 657, 640, 628, 600, 570, 549, 535, 507, 488, 474, 445, 430, 413, 390, 353, 343, 323, 290, 268, 255, 217, 200, 185, 168, 139, 122, 93, 94
862, 844, 829, 795, 769, 752, 739, 714, 682, 657, 640, 628, 600, 570, 549, 535, 507, 488, 474, 445, 430, 413, 390, 353, 343, 323, 290, 268, 255, 217, 200, 185, 169, 170, 140, 120, 95
862, 861, 879, 910, 941, 953, 965, 1005, 1006, 1034, 1064, 1082, 1105, 1134, 1136, 1164, 1200, 1219, 1222, 1259, 1262, 1298, 1309, 1336, 1357, 1370, 1401, 1413, 1440, 1462, 1468, 1494, 1525, 1541, 20, 22, 64, 88, 96
862, 861, 879, 910, 941, 953, 965, 1005, 1006, 1034, 1064, 1082, 1105, 1134, 1136, 1164, 1200, 1219, 1222, 1259, 1262, 1298, 1309, 1336, 1357, 1370, 1401, 1413, 1440, 1462, 1468, 1494, 1525, 1541, 20, 22, 64, 88, 97
862, 861, 879, 910, 941, 953, 965, 1005, 1006, 1034, 1064, 1082, 1105, 1134, 1136, 1164, 1200, 1219, 1222, 1259, 1262, 1298, 1309, 1336, 1357, 1370, 1401, 1413, 1440, 1462, 1466, 1493, 1523, 1543, 17, 41, 62, 67, 98
862, 861, 879, 910, 941, 953, 965, 1005, 1006, 1034, 1064, 1082, 1105, 1134, 1136, 1164, 1200, 1219, 1222, 1259, 1262, 1298, 1309, 1336, 1357, 1370, 1401, 1413, 1440, 1462, 1466, 1493, 1523, 1543, 17, 41, 62, 67, 99
