857, 838, 839, 840, 858, 899, 906, 938, 956, 983, 1001, 1026, 1031, 1068, 1087, 1086, 1101, 1117, 1156, 1163, 1198, 1218, 1241, 1243, 1261, 1297, 1310, 1338, 1355, 1369, 1398, 1411, 1441, 1463, 1469, 1495, 1526, 1540, 0
857, 824, 812, 776, 759, 734, 709, 677, 663, 644, 623, 604, 575, 553, 539, 502, 491, 478, 442, 435, 395, 386, 369, 346, 327, 294, 270, 257, 219, 197, 198, 184, 167, 138, 122, 93, 84, 42, 25, 1
857, 824, 812, 776, 759, 734, 709, 677, 663, 644, 623, 604, 575, 553, 539, 502, 491, 478, 442, 435, 395, 386, 369, 346, 327, 294, 270, 257, 219, 197, 198, 184, 167, 138, 122, 93, 84, 44, 26, 2
857, 838, 878, 897, 904, 936, 958, 981, 1000, 1025, 1028, 1069, 1088, 1099, 1119, 1118, 1155, 1161, 1196, 1216, 1239, 1244, 1279, 1294, 1313, 1341, 1352, 1366, 1396, 1409, 1444, 1446, 1472, 1499, 1529, 1536, 3
857, 824, 812, 776, 759, 734, 709, 677, 663, 644, 623, 604, 575, 553, 539, 502, 491, 478, 442, 435, 395, 386, 369, 346, 327, 294, 270, 257, 220, 196, 183, 165, 136, 126, 89, 81, 48, 28, 4
857, 824, 812, 776, 759, 734, 709, 677, 663, 644, 623, 604, 575, 553, 539, 502, 491, 478, 442, 435, 395, 386, 369, 346, 327, 294, 270, 257, 220, 196, 183, 165, 136, 126, 89, 81, 48, 29, 5
857, 877, 895, 902, 934, 960, 978, 997, 1021, 1046, 1053, 1072, 1094, 1124, 1147, 1175, 1191, 1211, 1233, 1249, 1273, 1289, 1318, 1325, 1348, 1382, 1391, 1392, 1405, 1427, 1450, 1477, 1503, 1511, 1553, 6
857, 824, 812, 776, 759, 734, 709, 677, 663, 644, 623, 622, 606, 576, 555, 540, 520, 494, 461, 438, 417, 399, 382, 364, 329, 311, 299, 276, 242, 228, 212, 177, 161, 152, 130, 108, 77, 52, 32, 7
857, 877, 895, 902, 934, 960, 978, 997, 1021, 1046, 1053, 1072, 1094, 1124, 1147, 1175, 1191, 1211, 1233, 1249, 1273, 1289, 1318, 1325, 1348, 1382, 1391, 1423, 1429, 1452, 1478, 1507, 1515, 1551, 8
857, 877, 895, 902, 934, 960, 978, 997, 1021, 1046, 1053, 1072, 1094, 1124, 1147, 1175, 1191, 1211, 1233, 1249, 1273, 1289, 1318, 1325, 1348, 1382, 1391, 1423, 1429, 1452, 1478, 1507, 1515, 1551, 9
857, 824, 812, 776, 759, 734, 709, 677, 663, 644, 623, 622, 606, 577, 556, 542, 519, 495, 463, 456, 419, 402, 379, 362, 331, 313, 301, 278, 244, 229, 211, 176, 160, 150, 132, 106, 75, 54, 34, 10
857, 824, 812, 776, 759, 734, 709, 677, 663, 644, 623, 622, 606, 577, 556, 542, 519, 495, 463, 456, 419, 402, 379, 362, 331, 313, 302, 281, 245, 230, 210, 195, 158, 149, 112, 105, 74, 55, 35, 11
857, 824, 812, 776, 759, 734, 709, 677, 663, 644, 623, 622, 606, 577, 556, 542, 519, 495, 463, 456, 419, 402, 379, 362, 331, 313, 302, 281, 245, 230, 210, 195, 158, 149, 112, 105, 73, 56, 36, 12
857, 824, 812, 776, 759, 734, 709, 677, 663, 644, 623, 622, 606, 577, 556, 542, 519, 495, 463, 456, 419, 403, 378, 361, 333, 315, 304, 282, 247, 231, 209, 194, 156, 147, 113, 103, 71, 58, 37, 13
857, 824, 812, 776, 759, 734, 709, 677, 663, 644, 623, 622, 606, 577, 556, 542, 519, 495, 463, 456, 419, 403, 378, 361, 333, 315, 304, 282, 247, 231, 209, 194, 156, 147, 113, 103, 71, 58, 37, 14
857, 824, 812, 776, 759, 734, 709, 677, 663, 644, 623, 622, 606, 577, 556, 542, 519, 495, 463, 456, 419, 403, 378, 361, 333, 315, 304, 282, 247, 232, 207, 193, 155, 146, 114, 102, 70, 60, 39, 16, 15
857, 824, 812, 776, 759, 734, 709, 677, 663, 644, 623, 622, 606, 577, 556, 542, 519, 495, 463, 456, 419, 403, 378, 361, 333, 315, 304, 282, 247, 232, 207, 193, 155, 146, 114, 102, 70, 60, 39, 16
857, 824, 812, 776, 759, 734, 709, 677, 663, 644, 623, 622, 606, 577, 556, 542, 519, 495, 463, 456, 419, 403, 378, 361, 333, 315, 304, 282, 247, 232, 207, 193, 155, 146, 114, 102, 70, 60, 39, 16, 17
857, 824, 812, 776, 759, 734, 709, 677, 663, 644, 623, 622, 606, 577, 556, 542, 519, 495, 463, 456, 419, 403, 378, 361, 333, 315, 304, 282, 247, 232, 207, 193, 155, 146, 114, 102, 70, 60, 39, 16, 17, 18
857, 824, 812, 776, 759, 734, 709, 677, 663, 644, 623, 622, 606, 577, 556, 542, 519, 495, 463, 456, 419, 403, 378, 361, 333, 315, 304, 282, 247, 232, 207, 193, 155, 146, 114, 102, 70, 60, 40, 41, 21, 19
857, 824, 812, 776, 759, 734, 709, 677, 663, 644, 623, 622, 606, 577, 556, 542, 519, 495, 463, 456, 419, 403, 378, 361, 333, 315, 304, 282, 247, 232, 207, 193, 155, 146, 114, 102, 70, 60, 40, 41, 21, 19, 20
857, 824, 812, 776, 759, 734, 709, 677, 663, 644, 623, 622, 606, 577, 556, 542, 519, 495, 463, 456, 419, 403, 378, 361, 333, 315, 304, 282, 247, 232, 207, 193, 155, 146, 114, 102, 70, 60, 40, 41, 21
857, 824, 812, 776, 759, 734, 709, 677, 663, 644, 623, 622, 606, 577, 556, 542, 519, 495, 463, 456, 419, 403, 378, 361, 333, 315, 304, 260, 248, 249, 234, 206, 192, 175, 144, 116, 100, 99, 98, 97, 88, 64, 22
857, 824, 812, 776, 759, 734, 709, 677, 663, 644, 623, 604, 575, 553, 539, 502, 491, 478, 442, 435, 395, 386, 369, 346, 327, 294, 270, 257, 219, 197, 198, 184, 167, 138, 122, 93, 85, 86, 66, 23
857, 824, 812, 776, 759, 734, 709, 677, 663, 644, 623, 604, 575, 553, 539, 502, 491, 478, 442, 435, 395, 386, 369, 346, 327, 294, 270, 257, 219, 197, 198, 184, 167, 138, 122, 93, 85, 86, 66, 24
857, 824, 812, 776, 759, 734, 709, 677, 663, 644, 623, 604, 575, 553, 539, 502, 491, 478, 442, 435, 395, 386, 369, 346, 327, 294, 270, 257, 219, 197, 198, 184, 167, 138, 122, 93, 84, 42, 25
857, 824, 812, 776, 759, 734, 709, 677, 663, 644, 623, 604, 575, 553, 539, 502, 491, 478, 442, 435, 395, 386, 369, 346, 327, 294, 270, 257, 219, 197, 198, 184, 167, 138, 122, 93, 84, 44, 26
857, 824, 812, 776, 759, 734, 709, 677, 663, 644, 623, 604, 575, 553, 539, 502, 491, 478, 442, 435, 395, 386, 369, 346, 327, 294, 270, 257, 220, 196, 183, 165, 136, 126, 89, 81, 82, 47, 46, 27
857, 824, 812, 776, 759, 734, 709, 677, 663, 644, 623, 604, 575, 553, 539, 502, 491, 478, 442, 435, 395, 386, 369, 346, 327, 294, 270, 257, 220, 196, 183, 165, 136, 126, 89, 81, 48, 28
857, 824, 812, 776, 759, 734, 709, 677, 663, 644, 623, 604, 575, 553, 539, 502, 491, 478, 442, 435, 395, 386, 369, 346, 327, 294, 270, 257, 220, 196, 183, 165, 136, 126, 89, 81, 48, 29
857, 824, 812, 776, 759, 734, 709, 677, 663, 644, 623, 622, 606, 576, 555, 540, 520, 494, 461, 438, 417, 399, 382, 364, 328, 349, 310, 298, 275, 241, 224, 215, 180, 163, 133, 128, 110, 80, 50, 30
857, 824, 812, 776, 759, 734, 709, 677, 663, 644, 623, 622, 606, 576, 555, 540, 520, 494, 461, 438, 417, 399, 382, 364, 328, 349, 310, 298, 275, 241, 224, 215, 180, 163, 133, 128, 110, 80, 50, 31
857, 824, 812, 776, 759, 734, 709, 677, 663, 644, 623, 622, 606, 576, 555, 540, 520, 494, 461, 438, 417, 399, 382, 364, 329, 311, 299, 276, 242, 228, 212, 177, 161, 152, 130, 108, 77, 52, 32
857, 877, 895, 902, 934, 960, 978, 997, 1021, 1046, 1053, 1072, 1094, 1124, 1147, 1175, 1191, 1211, 1233, 1249, 1273, 1289, 1318, 1325, 1348, 1382, 1391, 1423, 1429, 1452, 1478, 1507, 1515, 1551, 9, 33
857, 824, 812, 776, 759, 734, 709, 677, 663, 644, 623, 622, 606, 577, 556, 542, 519, 495, 463, 456, 419, 402, 379, 362, 331, 313, 301, 278, 244, 229, 211, 176, 160, 150, 132, 106, 75, 54, 34
857, 824, 812, 776, 759, 734, 709, 677, 663, 644, 623, 622, 606, 577, 556, 542, 519, 495, 463, 456, 419, 402, 379, 362, 331, 313, 302, 281, 245, 230, 210, 195, 158, 149, 112, 105, 74, 55, 35
857, 824, 812, 776, 759, 734, 709, 677, 663, 644, 623, 622, 606, 577, 556, 542, 519, 495, 463, 456, 419, 402, 379, 362, 331, 313, 302, 281, 245, 230, 210, 195, 158, 149, 112, 105, 73, 56, 36
857, 824, 812, 776, 759, 734, 709, 677, 663, 644, 623, 622, 606, 577, 556, 542, 519, 495, 463, 456, 419, 403, 378, 361, 333, 315, 304, 282, 247, 231, 209, 194, 156, 147, 113, 103, 71, 58, 37
857, 824, 812, 776, 759, 734, 709, 677, 663, 644, 623, 622, 606, 577, 556, 542, 519, 495, 463, 456, 419, 403, 378, 361, 333, 315, 304, 282, 247, 232, 207, 193, 155, 146, 114, 102, 70, 60, 39, 38
857, 824, 812, 776, 759, 734, 709, 677, 663, 644, 623, 622, 606, 577, 556, 542, 519, 495, 463, 456, 419, 403, 378, 361, 333, 315, 304, 282, 247, 232, 207, 193, 155, 146, 114, 102, 70, 60, 39
857, 824, 812, 776, 759, 734, 709, 677, 663, 644, 623, 622, 606, 577, 556, 542, 519, 495, 463, 456, 419, 403, 378, 361, 333, 315, 304, 282, 247, 232, 207, 193, 155, 146, 114, 102, 70, 60, 40
857, 824, 812, 776, 759, 734, 709, 677, 663, 644, 623, 622, 606, 577, 556, 542, 519, 495, 463, 456, 419, 403, 378, 361, 333, 315, 304, 282, 247, 232, 207, 193, 155, 146, 114, 102, 70, 60, 40, 41
857, 824, 812, 776, 759, 734, 709, 677, 663, 644, 623, 604, 575, 553, 539, 502, 491, 478, 442, 435, 395, 386, 369, 346, 327, 294, 270, 257, 219, 197, 198, 184, 167, 138, 122, 93, 84, 42
857, 824, 812, 776, 759, 734, 709, 677, 663, 644, 623, 604, 575, 553, 539, 502, 491, 478, 442, 435, 395, 386, 369, 346, 327, 294, 270, 257, 219, 197, 198, 184, 167, 138, 122, 93, 84, 43
857, 824, 812, 776, 759, 734, 709, 677, 663, 644, 623, 604, 575, 553, 539, 502, 491, 478, 442, 435, 395, 386, 369, 346, 327, 294, 270, 257, 219, 197, 198, 184, 167, 138, 122, 93, 84, 44
857, 824, 812, 776, 759, 734, 709, 677, 663, 644, 623, 604, 575, 553, 539, 502, 491, 478, 442, 435, 395, 386, 369, 346, 327, 294, 270, 257, 219, 197, 198, 184, 167, 138, 122, 92, 83, 45
857, 824, 812, 776, 759, 734, 709, 677, 663, 644, 623, 604, 575, 553, 539, 502, 491, 478, 442, 435, 395, 386, 369, 346, 327, 294, 270, 257, 220, 196, 183, 165, 136, 126, 89, 81, 82, 47, 46
857, 824, 812, 776, 759, 734, 709, 677, 663, 644, 623, 604, 575, 553, 539, 502, 491, 478, 442, 435, 395, 386, 369, 346, 327, 294, 270, 257, 220, 196, 183, 165, 136, 126, 89, 81, 82, 47
857, 824, 812, 776, 759, 734, 709, 677, 663, 644, 623, 604, 575, 553, 539, 502, 491, 478, 442, 435, 395, 386, 369, 346, 327, 294, 270, 257, 220, 196, 183, 165, 136, 126, 89, 81, 48
857, 824, 812, 776, 759, 734, 709, 677, 663, 644, 623, 604, 575, 553, 539, 502, 491, 478, 442, 435, 395, 386, 369, 346, 327, 294, 270, 257, 220, 196, 183, 165, 136, 126, 89, 81, 49
857, 824, 812, 776, 759, 734, 709, 677, 663, 644, 623, 622, 606, 576, 555, 540, 520, 494, 461, 438, 417, 399, 382, 364, 328, 349, 310, 298, 275, 241, 224, 215, 180, 163, 133, 128, 110, 80, 50
857, 824, 812, 776, 759, 734, 709, 677, 663, 644, 623, 622, 606, 576, 555, 540, 520, 494, 461, 438, 417, 399, 382, 364, 328, 349, 310, 298, 275, 241, 224, 215, 180, 163, 133, 128, 110, 78, 51
857, 824, 812, 776, 759, 734, 709, 677, 663, 644, 623, 622, 606, 576, 555, 540, 520, 494, 461, 438, 417, 399, 382, 364, 329, 311, 299, 276, 242, 228, 212, 177, 161, 152, 130, 108, 77, 52
857, 824, 812, 776, 759, 734, 709, 677, 663, 644, 623, 622, 606, 577, 556, 542, 519, 495, 463, 456, 419, 402, 379, 362, 331, 313, 301, 278, 244, 229, 211, 176, 160, 150, 132, 107, 76, 53
857, 824, 812, 776, 759, 734, 709, 677, 663, 644, 623, 622, 606, 577, 556, 542, 519, 495, 463, 456, 419, 402, 379, 362, 331, 313, 301, 278, 244, 229, 211, 176, 160, 150, 132, 106, 75, 54
857, 824, 812, 776, 759, 734, 709, 677, 663, 644, 623, 622, 606, 577, 556, 542, 519, 495, 463, 456, 419, 402, 379, 362, 331, 313, 302, 281, 245, 230, 210, 195, 158, 149, 112, 105, 74, 55
857, 824, 812, 776, 759, 734, 709, 677, 663, 644, 623, 622, 606, 577, 556, 542, 519, 495, 463, 456, 419, 402, 379, 362, 331, 313, 302, 281, 245, 230, 210, 195, 158, 149, 112, 105, 73, 56
857, 824, 812, 776, 759, 734, 709, 677, 663, 644, 623, 622, 606, 577, 556, 542, 519, 495, 463, 456, 419, 403, 378, 361, 333, 315, 304, 282, 247, 231, 209, 194, 156, 147, 113, 104, 72, 57
857, 824, 812, 776, 759, 734, 709, 677, 663, 644, 623, 622, 606, 577, 556, 542, 519, 495, 463, 456, 419, 403, 378, 361, 333, 315, 304, 282, 247, 231, 209, 194, 156, 147, 113, 103, 71, 58
857, 824, 812, 776, 759, 734, 709, 677, 663, 644, 623, 622, 606, 577, 556, 542, 519, 495, 463, 456, 419, 403, 378, 361, 333, 315, 304, 282, 247, 232, 207, 193, 155, 146, 114, 102, 70, 59
857, 824, 812, 776, 759, 734, 709, 677, 663, 644, 623, 622, 606, 577, 556, 542, 519, 495, 463, 456, 419, 403, 378, 361, 333, 315, 304, 282, 247, 232, 207, 193, 155, 146, 114, 102, 70, 60
857, 824, 812, 776, 759, 734, 709, 677, 663, 644, 623, 622, 606, 577, 556, 542, 519, 495, 463, 456, 419, 403, 378, 361, 333, 315, 304, 282, 247, 232, 207, 193, 155, 146, 114, 102, 70, 60, 61
857, 824, 812, 776, 759, 734, 709, 677, 663, 644, 623, 622, 606, 577, 556, 542, 519, 495, 463, 456, 419, 403, 378, 361, 333, 315, 304, 282, 247, 232, 207, 193, 155, 146, 114, 102, 70, 60, 61, 62
857, 824, 812, 776, 759, 734, 709, 677, 663, 644, 623, 622, 606, 577, 556, 542, 519, 495, 463, 456, 419, 403, 378, 361, 333, 315, 304, 282, 247, 232, 207, 193, 155, 146, 114, 102, 70, 60, 61, 62, 63
857, 824, 812, 776, 759, 734, 709, 677, 663, 644, 623, 622, 606, 577, 556, 542, 519, 495, 463, 456, 419, 403, 378, 361, 333, 315, 304, 260, 248, 249, 234, 206, 192, 175, 144, 116, 100, 99, 98, 97, 88, 64
857, 824, 812, 776, 759, 734, 709, 677, 663, 644, 623, 622, 606, 577, 556, 542, 519, 495, 463, 456, 419, 403, 378, 361, 333, 315, 304, 260, 248, 249, 234, 206, 192, 175, 144, 116, 100, 99, 98, 97, 88, 64, 65
857, 824, 812, 776, 759, 734, 709, 677, 663, 644, 623, 604, 575, 553, 539, 502, 491, 478, 442, 435, 395, 386, 369, 346, 327, 294, 270, 257, 219, 197, 198, 184, 167, 138, 122, 93, 85, 86, 66
857, 824, 812, 776, 759, 734, 709, 677, 663, 644, 623, 622, 606, 577, 556, 542, 519, 495, 463, 456, 419, 403, 378, 361, 333, 315, 304, 260, 248, 249, 234, 206, 192, 175, 144, 116, 100, 99, 67
857, 824, 812, 776, 759, 734, 709, 677, 663, 644, 623, 622, 606, 577, 556, 542, 519, 495, 463, 456, 419, 403, 378, 361, 333, 315, 304, 282, 247, 232, 207, 193, 155, 146, 114, 102, 70, 69, 68
857, 824, 812, 776, 759, 734, 709, 677, 663, 644, 623, 622, 606, 577, 556, 542, 519, 495, 463, 456, 419, 403, 378, 361, 333, 315, 304, 282, 247, 232, 207, 193, 155, 146, 114, 102, 70, 69
857, 824, 812, 776, 759, 734, 709, 677, 663, 644, 623, 622, 606, 577, 556, 542, 519, 495, 463, 456, 419, 403, 378, 361, 333, 315, 304, 282, 247, 232, 207, 193, 155, 146, 114, 102, 70
857, 824, 812, 776, 759, 734, 709, 677, 663, 644, 623, 622, 606, 577, 556, 542, 519, 495, 463, 456, 419, 403, 378, 361, 333, 315, 304, 282, 247, 231, 209, 194, 156, 147, 113, 103, 71
857, 824, 812, 776, 759, 734, 709, 677, 663, 644, 623, 622, 606, 577, 556, 542, 519, 495, 463, 456, 419, 403, 378, 361, 333, 315, 304, 282, 247, 231, 209, 194, 156, 147, 113, 104, 72
857, 824, 812, 776, 759, 734, 709, 677, 663, 644, 623, 622, 606, 577, 556, 542, 519, 495, 463, 456, 419, 402, 379, 362, 331, 313, 302, 281, 245, 230, 210, 195, 158, 149, 112, 105, 73
857, 824, 812, 776, 759, 734, 709, 677, 663, 644, 623, 622, 606, 577, 556, 542, 519, 495, 463, 456, 419, 402, 379, 362, 331, 313, 302, 281, 245, 230, 210, 195, 158, 149, 112, 105, 74
857, 824, 812, 776, 759, 734, 709, 677, 663, 644, 623, 622, 606, 577, 556, 542, 519, 495, 463, 456, 419, 402, 379, 362, 331, 313, 301, 278, 244, 229, 211, 176, 160, 150, 132, 106, 75
857, 824, 812, 776, 759, 734, 709, 677, 663, 644, 623, 622, 606, 577, 556, 542, 519, 495, 463, 456, 419, 402, 379, 362, 331, 313, 301, 278, 244, 229, 211, 176, 160, 150, 132, 107, 76
857, 824, 812, 776, 759, 734, 709, 677, 663, 644, 623, 622, 606, 576, 555, 540, 520, 494, 461, 438, 417, 399, 382, 364, 329, 311, 299, 276, 242, 228, 212, 177, 161, 152, 130, 108, 77
857, 824, 812, 776, 759, 734, 709, 677, 663, 644, 623, 622, 606, 576, 555, 540, 520, 494, 461, 438, 417, 399, 382, 364, 328, 349, 310, 298, 275, 241, 224, 215, 180, 163, 133, 128, 110, 78
857, 824, 812, 776, 759, 734, 709, 677, 663, 644, 623, 622, 606, 576, 555, 540, 520, 494, 461, 438, 417, 399, 382, 364, 328, 349, 310, 298, 275, 241, 224, 215, 180, 163, 133, 128, 110, 79
857, 824, 812, 776, 759, 734, 709, 677, 663, 644, 623, 622, 606, 576, 555, 540, 520, 494, 461, 438, 417, 399, 382, 364, 328, 349, 310, 298, 275, 241, 224, 215, 180, 163, 133, 128, 110, 80
857, 824, 812, 776, 759, 734, 709, 677, 663, 644, 623, 604, 575, 553, 539, 502, 491, 478, 442, 435, 395, 386, 369, 346, 327, 294, 270, 257, 220, 196, 183, 165, 136, 126, 89, 81
857, 824, 812, 776, 759, 734, 709, 677, 663, 644, 623, 604, 575, 553, 539, 502, 491, 478, 442, 435, 395, 386, 369, 346, 327, 294, 270, 257, 220, 196, 183, 165, 136, 126, 89, 81, 82
857, 824, 812, 776, 759, 734, 709, 677, 663, 644, 623, 604, 575, 553, 539, 502, 491, 478, 442, 435, 395, 386, 369, 346, 327, 294, 270, 257, 219, 197, 198, 184, 167, 138, 122, 92, 83
857, 824, 812, 776, 759, 734, 709, 677, 663, 644, 623, 604, 575, 553, 539, 502, 491, 478, 442, 435, 395, 386, 369, 346, 327, 294, 270, 257, 219, 197, 198, 184, 167, 138, 122, 93, 84
857, 824, 812, 776, 759, 734, 709, 677, 663, 644, 623, 604, 575, 553, 539, 502, 491, 478, 442, 435, 395, 386, 369, 346, 327, 294, 270, 257, 219, 197, 198, 184, 167, 138, 122, 93, 85
857, 824, 812, 776, 759, 734, 709, 677, 663, 644, 623, 604, 575, 553, 539, 502, 491, 478, 442, 435, 395, 386, 369, 346, 327, 294, 270, 257, 219, 197, 198, 184, 167, 138, 122, 93, 85, 86
857, 824, 812, 776, 759, 734, 709, 677, 663, 644, 623, 622, 606, 577, 556, 542, 519, 495, 463, 456, 419, 403, 378, 361, 333, 315, 304, 260, 248, 249, 234, 206, 192, 175, 144, 116, 100, 99, 98, 97, 88, 87
857, 824, 812, 776, 759, 734, 709, 677, 663, 644, 623, 622, 606, 577, 556, 542, 519, 495, 463, 456, 419, 403, 378, 361, 333, 315, 304, 260, 248, 249, 234, 206, 192, 175, 144, 116, 100, 99, 98, 97, 88
857, 824, 812, 776, 759, 734, 709, 677, 663, 644, 623, 604, 575, 553, 539, 502, 491, 478, 442, 435, 395, 386, 369, 346, 327, 294, 270, 257, 220, 196, 183, 165, 136, 126, 89
857, 824, 812, 776, 759, 734, 709, 677, 663, 644, 623, 604, 575, 553, 539, 502, 491, 478, 442, 435, 395, 386, 369, 346, 327, 294, 270, 257, 220, 196, 183, 165, 136, 126, 89, 90
857, 824, 812, 776, 759, 734, 709, 677, 663, 644, 623, 604, 575, 553, 539, 502, 491, 478, 442, 435, 395, 386, 369, 346, 327, 294, 270, 257, 219, 197, 198, 184, 167, 138, 122, 91
857, 824, 812, 776, 759, 734, 709, 677, 663, 644, 623, 604, 575, 553, 539, 502, 491, 478, 442, 435, 395, 386, 369, 346, 327, 294, 270, 257, 219, 197, 198, 184, 167, 138, 122, 92
857, 824, 812, 776, 759, 734, 709, 677, 663, 644, 623, 604, 575, 553, 539, 502, 491, 478, 442, 435, 395, 386, 369, 346, 327, 294, 270, 257, 219, 197, 198, 184, 167, 138, 122, 93
857, 824, 812, 776, 759, 734, 709, 677, 663, 644, 623, 604, 575, 553, 539, 502, 491, 478, 442, 435, 395, 386, 369, 346, 327, 294, 270, 257, 219, 197, 198, 184, 167, 138, 122, 93, 94
857, 824, 812, 776, 759, 734, 709, 677, 663, 644, 623, 604, 575, 553, 539, 502, 491, 478, 442, 435, 395, 386, 369, 346, 327, 294, 270, 257, 219, 197, 198, 184, 167, 138, 122, 93, 94, 95
857, 824, 812, 776, 759, 734, 709, 677, 663, 644, 623, 622, 606, 577, 556, 542, 519, 495, 463, 456, 419, 403, 378, 361, 333, 315, 304, 260, 261, 250, 251, 235, 204, 188, 172, 141, 118, 96
857, 824, 812, 776, 759, 734, 709, 677, 663, 644, 623, 622, 606, 577, 556, 542, 519, 495, 463, 456, 419, 403, 378, 361, 333, 315, 304, 260, 248, 249, 234, 206, 192, 175, 144, 116, 100, 99, 98, 97
857, 824, 812, 776, 759, 734, 709, 677, 663, 644, 623, 622, 606, 577, 556, 542, 519, 495, 463, 456, 419, 403, 378, 361, 333, 315, 304, 260, 248, 249, 234, 206, 192, 175, 144, 116, 100, 99, 98
857, 824, 812, 776, 759, 734, 709, 677, 663, 644, 623, 622, 606, 577, 556, 542, 519, 495, 463, 456, 419, 403, 378, 361, 333, 315, 304, 260, 248, 249, 234, 206, 192, 175, 144, 116, 100, 99
