929, 943, 974, 993, 1016, 1041, 1058, 1077, 1112, 1128, 1143, 1171, 1186, 1206, 1228, 1254, 1268, 1283, 1303, 1332, 1361, 1375, 1384, 1417, 1437, 1459, 1460, 1486, 1492, 1523, 1542, 1541, 20, 0
929, 943, 975, 994, 1018, 1043, 1056, 1073, 1090, 1125, 1146, 1173, 1189, 1210, 1232, 1233, 1249, 1273, 1289, 1318, 1325, 1348, 1382, 1391, 1392, 1393, 1407, 1425, 1447, 1473, 1499, 1498, 1528, 1539, 1
929, 943, 975, 994, 1018, 1043, 1056, 1073, 1090, 1125, 1146, 1173, 1189, 1210, 1232, 1233, 1249, 1273, 1289, 1318, 1325, 1348, 1382, 1391, 1392, 1393, 1407, 1425, 1447, 1473, 1499, 1529, 1537, 2
929, 943, 975, 994, 1018, 1043, 1056, 1073, 1090, 1125, 1146, 1173, 1189, 1210, 1232, 1233, 1249, 1273, 1289, 1318, 1325, 1348, 1382, 1391, 1392, 1393, 1407, 1425, 1447, 1473, 1499, 1529, 1536, 3
929, 943, 975, 994, 1018, 1043, 1056, 1073, 1090, 1125, 1146, 1173, 1189, 1210, 1232, 1233, 1249, 1273, 1289, 1318, 1325, 1348, 1382, 1391, 1392, 1404, 1426, 1449, 1475, 1501, 1531, 1534, 4
929, 943, 975, 994, 1018, 1043, 1056, 1073, 1090, 1125, 1146, 1173, 1189, 1210, 1232, 1233, 1249, 1273, 1289, 1318, 1325, 1348, 1382, 1391, 1392, 1404, 1426, 1449, 1475, 1501, 1531, 1534, 5
929, 943, 975, 994, 1018, 1043, 1056, 1073, 1090, 1125, 1146, 1173, 1189, 1210, 1232, 1233, 1249, 1273, 1289, 1318, 1325, 1348, 1382, 1391, 1392, 1405, 1427, 1450, 1477, 1503, 1511, 1553, 6
929, 943, 975, 994, 1018, 1043, 1056, 1073, 1090, 1125, 1146, 1173, 1189, 1210, 1232, 1233, 1249, 1273, 1289, 1318, 1325, 1348, 1382, 1391, 1392, 1405, 1427, 1450, 1477, 1504, 1513, 1552, 7
929, 943, 975, 994, 1018, 1043, 1056, 1073, 1090, 1125, 1146, 1173, 1189, 1210, 1232, 1233, 1249, 1273, 1289, 1318, 1325, 1348, 1382, 1391, 1423, 1429, 1452, 1478, 1507, 1515, 1551, 8
929, 943, 975, 994, 1018, 1043, 1056, 1073, 1090, 1125, 1146, 1173, 1189, 1210, 1232, 1233, 1249, 1273, 1289, 1318, 1325, 1348, 1382, 1391, 1423, 1429, 1452, 1478, 1507, 1515, 1551, 9
929, 943, 975, 994, 1018, 1043, 1056, 1073, 1090, 1125, 1146, 1173, 1189, 1210, 1232, 1233, 1249, 1273, 1289, 1318, 1325, 1348, 1382, 1391, 1423, 1429, 1452, 1478, 1479, 1508, 1516, 1550, 10
929, 943, 975, 994, 1018, 1043, 1056, 1073, 1090, 1125, 1146, 1173, 1189, 1210, 1232, 1233, 1249, 1273, 1289, 1318, 1325, 1348, 1382, 1391, 1423, 1429, 1452, 1478, 1479, 1508, 1516, 1549, 11
929, 943, 975, 994, 1018, 1043, 1056, 1073, 1090, 1125, 1146, 1173, 1189, 1208, 1231, 1252, 1270, 1285, 1300, 1328, 1344, 1379, 1387, 1420, 1431, 1454, 1480, 1510, 1517, 1548, 12
929, 943, 974, 993, 1016, 1041, 1058, 1077, 1112, 1128, 1143, 1171, 1186, 1206, 1228, 1254, 1268, 1284, 1302, 1330, 1343, 1378, 1386, 1419, 1435, 1457, 1482, 1488, 1518, 1546, 13
929, 943, 974, 993, 1016, 1041, 1058, 1077, 1112, 1128, 1143, 1171, 1186, 1206, 1228, 1254, 1268, 1284, 1302, 1330, 1343, 1378, 1386, 1419, 1435, 1457, 1482, 1488, 1518, 1546, 14
929, 943, 974, 993, 1016, 1041, 1058, 1077, 1112, 1128, 1143, 1171, 1186, 1206, 1228, 1254, 1268, 1284, 1302, 1330, 1343, 1378, 1386, 1419, 1435, 1457, 1482, 1488, 1519, 1545, 15
929, 943, 974, 993, 1016, 1041, 1058, 1077, 1112, 1128, 1143, 1171, 1186, 1206, 1228, 1254, 1268, 1284, 1302, 1331, 1342, 1377, 1385, 1418, 1436, 1458, 1483, 1489, 1521, 1544, 16
929, 943, 974, 993, 1016, 1041, 1058, 1077, 1112, 1128, 1143, 1171, 1186, 1206, 1228, 1254, 1268, 1284, 1302, 1331, 1342, 1377, 1385, 1418, 1436, 1458, 1483, 1489, 1521, 1544, 16, 17
929, 943, 974, 993, 1016, 1041, 1058, 1077, 1112, 1128, 1143, 1171, 1186, 1206, 1228, 1254, 1268, 1283, 1303, 1332, 1361, 1375, 1384, 1417, 1437, 1459, 1460, 1486, 1492, 1523, 1542, 18
929, 943, 974, 993, 1016, 1041, 1058, 1077, 1112, 1128, 1143, 1171, 1186, 1206, 1228, 1254, 1268, 1283, 1303, 1332, 1361, 1375, 1384, 1417, 1437, 1459, 1460, 1486, 1492, 1523, 1542, 1541, 19
929, 943, 974, 993, 1016, 1041, 1058, 1077, 1112, 1128, 1143, 1171, 1186, 1206, 1228, 1254, 1268, 1283, 1303, 1332, 1361, 1375, 1384, 1417, 1437, 1459, 1460, 1486, 1492, 1523, 1542, 1541, 20
929, 943, 974, 993, 1016, 1041, 1058, 1077, 1112, 1128, 1143, 1171, 1186, 1206, 1228, 1254, 1268, 1283, 1303, 1332, 1361, 1375, 1384, 1417, 1437, 1459, 1460, 1486, 1492, 1523, 1542, 18, 21
929, 943, 974, 993, 1016, 1041, 1058, 1077, 1112, 1128, 1143, 1171, 1186, 1206, 1228, 1254, 1268, 1283, 1303, 1332, 1361, 1375, 1384, 1417, 1437, 1459, 1460, 1486, 1492, 1523, 1542, 1541, 20, 22
929, 943, 974, 993, 1016, 1041, 1058, 1077, 1112, 1128, 1143, 1171, 1186, 1206, 1228, 1254, 1268, 1283, 1303, 1332, 1361, 1375, 1384, 1417, 1437, 1459, 1460, 1486, 1492, 1523, 1542, 1541, 20, 22, 23
929, 943, 974, 993, 1016, 1041, 1058, 1077, 1112, 1128, 1143, 1171, 1186, 1206, 1228, 1254, 1268, 1283, 1303, 1332, 1361, 1375, 1384, 1417, 1437, 1459, 1460, 1486, 1492, 1523, 1542, 1541, 20, 22, 23, 24
929, 943, 975, 994, 1018, 1043, 1056, 1073, 1090, 1125, 1146, 1173, 1189, 1210, 1232, 1233, 1249, 1273, 1289, 1318, 1325, 1348, 1382, 1391, 1392, 1393, 1407, 1425, 1447, 1473, 1499, 1529, 1537, 2, 26, 25
929, 943, 975, 994, 1018, 1043, 1056, 1073, 1090, 1125, 1146, 1173, 1189, 1210, 1232, 1233, 1249, 1273, 1289, 1318, 1325, 1348, 1382, 1391, 1392, 1393, 1407, 1425, 1447, 1473, 1499, 1529, 1537, 2, 26
929, 943, 975, 994, 1018, 1043, 1056, 1073, 1090, 1125, 1146, 1173, 1189, 1210, 1232, 1233, 1249, 1273, 1289, 1318, 1325, 1348, 1382, 1391, 1392, 1393, 1407, 1425, 1447, 1473, 1499, 1529, 1536, 3, 27
929, 943, 975, 994, 1018, 1043, 1056, 1073, 1090, 1125, 1146, 1173, 1189, 1210, 1232, 1233, 1249, 1273, 1289, 1318, 1325, 1348, 1382, 1391, 1392, 1404, 1426, 1449, 1475, 1501, 1531, 1534, 5, 28
929, 943, 975, 994, 1018, 1043, 1056, 1073, 1090, 1125, 1146, 1173, 1189, 1210, 1232, 1233, 1249, 1273, 1289, 1318, 1325, 1348, 1382, 1391, 1392, 1404, 1426, 1449, 1475, 1501, 1531, 1534, 5, 29
929, 943, 975, 994, 1018, 1043, 1056, 1073, 1090, 1125, 1146, 1173, 1189, 1210, 1232, 1233, 1249, 1273, 1289, 1318, 1325, 1348, 1382, 1391, 1392, 1405, 1427, 1450, 1477, 1503, 1511, 1553, 6, 30
929, 943, 975, 994, 1018, 1043, 1056, 1073, 1090, 1125, 1146, 1173, 1189, 1210, 1232, 1233, 1249, 1273, 1289, 1318, 1325, 1348, 1382, 1391, 1392, 1405, 1427, 1450, 1477, 1503, 1511, 1553, 6, 31
929, 943, 975, 994, 1018, 1043, 1056, 1073, 1090, 1125, 1146, 1173, 1189, 1210, 1232, 1233, 1249, 1273, 1289, 1318, 1325, 1348, 1382, 1391, 1392, 1405, 1427, 1450, 1477, 1504, 1513, 1552, 7, 32
929, 943, 975, 994, 1018, 1043, 1056, 1073, 1090, 1125, 1146, 1173, 1189, 1210, 1232, 1233, 1249, 1273, 1289, 1318, 1325, 1348, 1382, 1391, 1423, 1429, 1452, 1478, 1507, 1515, 1551, 9, 33
929, 943, 975, 994, 1018, 1043, 1056, 1073, 1090, 1125, 1146, 1173, 1189, 1210, 1232, 1233, 1249, 1273, 1289, 1318, 1325, 1348, 1382, 1391, 1423, 1429, 1452, 1478, 1479, 1508, 1516, 1550, 10, 34
929, 943, 975, 994, 1018, 1043, 1056, 1073, 1090, 1125, 1146, 1173, 1189, 1210, 1232, 1233, 1249, 1273, 1289, 1318, 1325, 1348, 1382, 1391, 1423, 1429, 1452, 1478, 1479, 1508, 1516, 1549, 11, 35
929, 943, 975, 994, 1018, 1043, 1056, 1073, 1090, 1125, 1146, 1173, 1189, 1208, 1231, 1252, 1270, 1285, 1300, 1328, 1344, 1379, 1387, 1420, 1431, 1454, 1480, 1510, 1517, 1548, 12, 36
929, 943, 974, 993, 1016, 1041, 1058, 1077, 1112, 1128, 1143, 1171, 1186, 1206, 1228, 1254, 1268, 1284, 1302, 1330, 1343, 1378, 1386, 1419, 1435, 1457, 1482, 1488, 1518, 1546, 14, 37
929, 943, 974, 993, 1016, 1041, 1058, 1077, 1112, 1128, 1143, 1171, 1186, 1206, 1228, 1254, 1268, 1284, 1302, 1331, 1342, 1377, 1385, 1418, 1436, 1458, 1483, 1489, 1521, 1544, 16, 38
929, 943, 974, 993, 1016, 1041, 1058, 1077, 1112, 1128, 1143, 1171, 1186, 1206, 1228, 1254, 1268, 1284, 1302, 1331, 1342, 1377, 1385, 1418, 1436, 1458, 1483, 1489, 1521, 1544, 16, 39
929, 943, 974, 993, 1016, 1041, 1058, 1077, 1112, 1128, 1143, 1171, 1186, 1206, 1228, 1254, 1268, 1284, 1302, 1331, 1342, 1377, 1385, 1418, 1436, 1458, 1483, 1489, 1521, 1544, 16, 40
929, 943, 974, 993, 1016, 1041, 1058, 1077, 1112, 1128, 1143, 1171, 1186, 1206, 1228, 1254, 1268, 1284, 1302, 1331, 1342, 1377, 1385, 1418, 1436, 1458, 1483, 1489, 1521, 1544, 16, 40, 41
929, 943, 975, 994, 1018, 1043, 1056, 1073, 1090, 1125, 1146, 1173, 1189, 1210, 1232, 1233, 1249, 1273, 1289, 1318, 1325, 1348, 1382, 1391, 1392, 1393, 1407, 1425, 1447, 1473, 1499, 1529, 1537, 2, 26, 43, 42
929, 943, 975, 994, 1018, 1043, 1056, 1073, 1090, 1125, 1146, 1173, 1189, 1210, 1232, 1233, 1249, 1273, 1289, 1318, 1325, 1348, 1382, 1391, 1392, 1393, 1407, 1425, 1447, 1473, 1499, 1529, 1537, 2, 26, 43
929, 943, 975, 994, 1018, 1043, 1056, 1073, 1090, 1125, 1146, 1173, 1189, 1210, 1232, 1233, 1249, 1273, 1289, 1318, 1325, 1348, 1382, 1391, 1392, 1393, 1407, 1425, 1447, 1473, 1499, 1529, 1537, 2, 26, 44
929, 943, 975, 994, 1018, 1043, 1056, 1073, 1090, 1125, 1146, 1173, 1189, 1210, 1232, 1233, 1249, 1273, 1289, 1318, 1325, 1348, 1382, 1391, 1392, 1393, 1407, 1425, 1447, 1473, 1499, 1529, 1536, 3, 27, 45
929, 943, 975, 994, 1018, 1043, 1056, 1073, 1090, 1125, 1146, 1173, 1189, 1210, 1232, 1233, 1249, 1273, 1289, 1318, 1325, 1348, 1382, 1391, 1392, 1393, 1407, 1425, 1447, 1473, 1499, 1529, 1536, 3, 27, 46
929, 943, 975, 994, 1018, 1043, 1056, 1073, 1090, 1125, 1146, 1173, 1189, 1210, 1232, 1233, 1249, 1273, 1289, 1318, 1325, 1348, 1382, 1391, 1392, 1404, 1426, 1449, 1475, 1501, 1531, 1534, 5, 28, 47
929, 943, 975, 994, 1018, 1043, 1056, 1073, 1090, 1125, 1146, 1173, 1189, 1210, 1232, 1233, 1249, 1273, 1289, 1318, 1325, 1348, 1382, 1391, 1392, 1404, 1426, 1449, 1475, 1501, 1531, 1534, 5, 29, 48
929, 943, 975, 994, 1018, 1043, 1056, 1073, 1090, 1125, 1146, 1173, 1189, 1210, 1232, 1233, 1249, 1273, 1289, 1318, 1325, 1348, 1382, 1391, 1392, 1404, 1426, 1449, 1475, 1501, 1531, 1534, 5, 29, 49
929, 943, 975, 994, 1018, 1043, 1056, 1073, 1090, 1125, 1146, 1173, 1189, 1210, 1232, 1233, 1249, 1273, 1289, 1318, 1325, 1348, 1382, 1391, 1392, 1405, 1427, 1450, 1477, 1503, 1511, 1553, 6, 31, 50
929, 943, 975, 994, 1018, 1043, 1056, 1073, 1090, 1125, 1146, 1173, 1189, 1210, 1232, 1233, 1249, 1273, 1289, 1318, 1325, 1348, 1382, 1391, 1392, 1405, 1427, 1450, 1477, 1503, 1511, 1553, 6, 31, 51
929, 943, 975, 994, 1018, 1043, 1056, 1073, 1090, 1125, 1146, 1173, 1189, 1210, 1232, 1233, 1249, 1273, 1289, 1318, 1325, 1348, 1382, 1391, 1392, 1405, 1427, 1450, 1477, 1504, 1513, 1552, 7, 32, 52
929, 943, 975, 994, 1018, 1043, 1056, 1073, 1090, 1125, 1146, 1173, 1189, 1210, 1232, 1233, 1249, 1273, 1289, 1318, 1325, 1348, 1382, 1391, 1423, 1429, 1452, 1478, 1507, 1515, 1551, 9, 33, 53
929, 943, 975, 994, 1018, 1043, 1056, 1073, 1090, 1125, 1146, 1173, 1189, 1210, 1232, 1233, 1249, 1273, 1289, 1318, 1325, 1348, 1382, 1391, 1423, 1429, 1452, 1478, 1479, 1508, 1516, 1550, 10, 34, 54
929, 943, 975, 994, 1018, 1043, 1056, 1073, 1090, 1125, 1146, 1173, 1189, 1210, 1232, 1233, 1249, 1273, 1289, 1318, 1325, 1348, 1382, 1391, 1423, 1429, 1452, 1478, 1479, 1508, 1516, 1549, 11, 35, 55
929, 943, 975, 994, 1018, 1043, 1056, 1073, 1090, 1125, 1146, 1173, 1189, 1208, 1231, 1252, 1270, 1285, 1300, 1328, 1344, 1379, 1387, 1420, 1431, 1454, 1480, 1510, 1517, 1548, 12, 36, 56
929, 943, 975, 994, 1018, 1043, 1056, 1073, 1090, 1125, 1146, 1173, 1189, 1208, 1231, 1252, 1270, 1285, 1300, 1328, 1344, 1379, 1387, 1420, 1431, 1454, 1480, 1510, 1517, 1548, 12, 36, 57
929, 943, 974, 993, 1016, 1041, 1058, 1077, 1112, 1128, 1143, 1171, 1186, 1206, 1228, 1254, 1268, 1284, 1302, 1330, 1343, 1378, 1386, 1419, 1435, 1457, 1482, 1488, 1518, 1546, 14, 37, 58
929, 943, 974, 993, 1016, 1041, 1058, 1077, 1112, 1128, 1143, 1171, 1186, 1206, 1228, 1254, 1268, 1284, 1302, 1331, 1342, 1377, 1385, 1418, 1436, 1458, 1483, 1489, 1521, 1544, 16, 38, 59
929, 943, 974, 993, 1016, 1041, 1058, 1077, 1112, 1128, 1143, 1171, 1186, 1206, 1228, 1254, 1268, 1284, 1302, 1331, 1342, 1377, 1385, 1418, 1436, 1458, 1483, 1489, 1521, 1544, 16, 39, 60
929, 943, 974, 993, 1016, 1041, 1058, 1077, 1112, 1128, 1143, 1171, 1186, 1206, 1228, 1254, 1268, 1284, 1302, 1331, 1342, 1377, 1385, 1418, 1436, 1458, 1483, 1489, 1521, 1544, 16, 40, 61
929, 943, 974, 993, 1016, 1041, 1058, 1077, 1112, 1128, 1143, 1171, 1186, 1206, 1228, 1254, 1268, 1284, 1302, 1331, 1342, 1377, 1385, 1418, 1436, 1458, 1483, 1489, 1521, 1544, 16, 40, 61, 62
929, 943, 974, 993, 1016, 1041, 1058, 1077, 1112, 1128, 1143, 1171, 1186, 1206, 1228, 1254, 1268, 1283, 1303, 1332, 1361, 1375, 1384, 1417, 1437, 1459, 1460, 1486, 1492, 1523, 1542, 18, 21, 63
929, 943, 974, 993, 1016, 1041, 1058, 1077, 1112, 1128, 1143, 1171, 1186, 1206, 1228, 1254, 1268, 1283, 1303, 1332, 1361, 1375, 1384, 1417, 1437, 1459, 1460, 1486, 1492, 1523, 1542, 1541, 20, 22, 64
929, 943, 974, 993, 1016, 1041, 1058, 1077, 1112, 1128, 1143, 1171, 1186, 1206, 1228, 1254, 1268, 1283, 1303, 1332, 1361, 1375, 1384, 1417, 1437, 1459, 1460, 1486, 1492, 1523, 1542, 1541, 20, 22, 65
929, 928, 916, 888, 870, 849, 814, 802, 787, 744, 722, 695, 687, 653, 635, 610, 595, 567, 546, 532, 510, 484, 471, 447, 429, 412, 392, 354, 341, 322, 289, 266, 254, 238, 202, 186, 170, 140, 120, 95, 86, 66
929, 943, 974, 993, 1016, 1041, 1058, 1077, 1112, 1128, 1143, 1171, 1186, 1206, 1228, 1254, 1268, 1284, 1302, 1331, 1342, 1377, 1385, 1418, 1436, 1458, 1483, 1489, 1521, 1544, 16, 40, 61, 68, 67
929, 943, 974, 993, 1016, 1041, 1058, 1077, 1112, 1128, 1143, 1171, 1186, 1206, 1228, 1254, 1268, 1284, 1302, 1331, 1342, 1377, 1385, 1418, 1436, 1458, 1483, 1489, 1521, 1544, 16, 40, 61, 68
929, 943, 974, 993, 1016, 1041, 1058, 1077, 1112, 1128, 1143, 1171, 1186, 1206, 1228, 1254, 1268, 1284, 1302, 1331, 1342, 1377, 1385, 1418, 1436, 1458, 1483, 1489, 1521, 1544, 16, 39, 60, 69
929, 943, 974, 993, 1016, 1041, 1058, 1077, 1112, 1128, 1143, 1171, 1186, 1206, 1228, 1254, 1268, 1284, 1302, 1331, 1342, 1377, 1385, 1418, 1436, 1458, 1483, 1489, 1521, 1544, 16, 39, 60, 70
929, 943, 974, 993, 1016, 1041, 1058, 1077, 1112, 1128, 1143, 1171, 1186, 1206, 1228, 1254, 1268, 1284, 1302, 1330, 1343, 1378, 1386, 1419, 1435, 1457, 1482, 1488, 1518, 1546, 14, 37, 58, 71
929, 943, 975, 994, 1018, 1043, 1056, 1073, 1090, 1125, 1146, 1173, 1189, 1208, 1231, 1252, 1270, 1285, 1300, 1328, 1344, 1379, 1387, 1420, 1431, 1454, 1480, 1510, 1517, 1548, 12, 36, 57, 72
929, 943, 975, 994, 1018, 1043, 1056, 1073, 1090, 1125, 1146, 1173, 1189, 1208, 1231, 1252, 1270, 1285, 1300, 1328, 1344, 1379, 1387, 1420, 1431, 1454, 1480, 1510, 1517, 1548, 12, 36, 56, 73
929, 943, 975, 994, 1018, 1043, 1056, 1073, 1090, 1125, 1146, 1173, 1189, 1210, 1232, 1233, 1249, 1273, 1289, 1318, 1325, 1348, 1382, 1391, 1423, 1429, 1452, 1478, 1479, 1508, 1516, 1549, 11, 35, 55, 74
929, 943, 975, 994, 1018, 1043, 1056, 1073, 1090, 1125, 1146, 1173, 1189, 1210, 1232, 1233, 1249, 1273, 1289, 1318, 1325, 1348, 1382, 1391, 1423, 1429, 1452, 1478, 1479, 1508, 1516, 1550, 10, 34, 54, 75
929, 943, 975, 994, 1018, 1043, 1056, 1073, 1090, 1125, 1146, 1173, 1189, 1210, 1232, 1233, 1249, 1273, 1289, 1318, 1325, 1348, 1382, 1391, 1423, 1429, 1452, 1478, 1507, 1515, 1551, 9, 33, 53, 76
929, 943, 975, 994, 1018, 1043, 1056, 1073, 1090, 1125, 1146, 1173, 1189, 1210, 1232, 1233, 1249, 1273, 1289, 1318, 1325, 1348, 1382, 1391, 1392, 1405, 1427, 1450, 1477, 1504, 1513, 1552, 7, 32, 52, 77
929, 943, 975, 994, 1018, 1043, 1056, 1073, 1090, 1125, 1146, 1173, 1189, 1210, 1232, 1233, 1249, 1273, 1289, 1318, 1325, 1348, 1382, 1391, 1392, 1405, 1427, 1450, 1477, 1503, 1511, 1553, 6, 31, 50, 80, 79, 78
929, 943, 975, 994, 1018, 1043, 1056, 1073, 1090, 1125, 1146, 1173, 1189, 1210, 1232, 1233, 1249, 1273, 1289, 1318, 1325, 1348, 1382, 1391, 1392, 1405, 1427, 1450, 1477, 1503, 1511, 1553, 6, 31, 50, 80, 79
929, 943, 975, 994, 1018, 1043, 1056, 1073, 1090, 1125, 1146, 1173, 1189, 1210, 1232, 1233, 1249, 1273, 1289, 1318, 1325, 1348, 1382, 1391, 1392, 1405, 1427, 1450, 1477, 1503, 1511, 1553, 6, 31, 50, 80
929, 943, 975, 994, 1018, 1043, 1056, 1073, 1090, 1125, 1146, 1173, 1189, 1210, 1232, 1233, 1249, 1273, 1289, 1318, 1325, 1348, 1382, 1391, 1392, 1404, 1426, 1449, 1475, 1501, 1531, 1534, 5, 29, 48, 81
929, 943, 975, 994, 1018, 1043, 1056, 1073, 1090, 1125, 1146, 1173, 1189, 1210, 1232, 1233, 1249, 1273, 1289, 1318, 1325, 1348, 1382, 1391, 1392, 1404, 1426, 1449, 1475, 1501, 1531, 1534, 5, 29, 48, 81, 82
929, 943, 975, 994, 1018, 1043, 1056, 1073, 1090, 1125, 1146, 1173, 1189, 1210, 1232, 1233, 1249, 1273, 1289, 1318, 1325, 1348, 1382, 1391, 1392, 1393, 1407, 1425, 1447, 1473, 1499, 1529, 1536, 3, 27, 45, 83
929, 928, 916, 888, 870, 849, 814, 802, 787, 744, 722, 695, 687, 653, 635, 610, 595, 567, 546, 532, 510, 484, 471, 447, 429, 412, 392, 354, 341, 322, 289, 267, 255, 217, 200, 185, 168, 139, 122, 93, 84
929, 928, 916, 888, 870, 849, 814, 802, 787, 744, 722, 695, 687, 653, 635, 610, 595, 567, 546, 532, 510, 484, 471, 447, 429, 412, 392, 354, 341, 322, 289, 267, 255, 217, 200, 185, 168, 139, 122, 93, 85
929, 928, 916, 888, 870, 849, 814, 802, 787, 744, 722, 695, 687, 653, 635, 610, 595, 567, 546, 532, 510, 484, 471, 447, 429, 412, 392, 354, 341, 322, 289, 266, 254, 238, 202, 186, 170, 140, 120, 95, 86
929, 943, 974, 993, 1016, 1041, 1058, 1077, 1112, 1128, 1143, 1171, 1186, 1206, 1228, 1254, 1268, 1283, 1303, 1332, 1361, 1375, 1384, 1417, 1437, 1459, 1460, 1486, 1492, 1523, 1542, 1541, 20, 22, 64, 87
929, 943, 974, 993, 1016, 1041, 1058, 1077, 1112, 1128, 1143, 1171, 1186, 1206, 1228, 1254, 1268, 1283, 1303, 1332, 1361, 1375, 1384, 1417, 1437, 1459, 1460, 1486, 1492, 1523, 1542, 18, 21, 63, 88
929, 943, 975, 994, 1018, 1043, 1056, 1073, 1090, 1125, 1146, 1173, 1189, 1210, 1232, 1233, 1249, 1273, 1289, 1318, 1325, 1348, 1382, 1391, 1392, 1404, 1426, 1449, 1475, 1501, 1531, 1534, 5, 29, 48, 81, 89
929, 943, 975, 994, 1018, 1043, 1056, 1073, 1090, 1125, 1146, 1173, 1189, 1210, 1232, 1233, 1249, 1273, 1289, 1318, 1325, 1348, 1382, 1391, 1392, 1404, 1426, 1449, 1475, 1501, 1531, 1534, 5, 29, 48, 81, 82, 90
929, 943, 975, 994, 1018, 1043, 1056, 1073, 1090, 1125, 1146, 1173, 1189, 1210, 1232, 1233, 1249, 1273, 1289, 1318, 1325, 1348, 1382, 1391, 1392, 1404, 1426, 1449, 1475, 1501, 1531, 1534, 5, 29, 48, 81, 82, 90, 91
929, 943, 975, 994, 1018, 1043, 1056, 1073, 1090, 1125, 1146, 1173, 1189, 1210, 1232, 1233, 1249, 1273, 1289, 1318, 1325, 1348, 1382, 1391, 1392, 1393, 1407, 1425, 1447, 1473, 1499, 1529, 1536, 3, 27, 45, 83, 92
929, 928, 916, 888, 870, 849, 814, 802, 787, 744, 722, 695, 687, 653, 635, 610, 595, 567, 546, 532, 510, 484, 471, 447, 429, 412, 392, 354, 341, 322, 289, 267, 255, 217, 200, 185, 168, 139, 122, 93
929, 928, 916, 888, 870, 849, 814, 802, 787, 744, 722, 695, 687, 653, 635, 610, 595, 567, 546, 532, 510, 484, 471, 447, 429, 412, 392, 354, 341, 322, 289, 266, 254, 238, 202, 186, 170, 140, 120, 94
929, 928, 916, 888, 870, 849, 814, 802, 787, 744, 722, 695, 687, 653, 635, 610, 595, 567, 546, 532, 510, 484, 471, 447, 429, 412, 392, 354, 341, 322, 289, 266, 254, 238, 202, 186, 170, 140, 120, 95
929, 943, 974, 993, 1016, 1041, 1058, 1077, 1112, 1128, 1143, 1171, 1186, 1206, 1228, 1254, 1268, 1284, 1302, 1331, 1342, 1377, 1385, 1418, 1436, 1458, 1483, 1489, 1521, 1544, 16, 39, 60, 69, 101, 100, 99, 98, 97, 96
929, 943, 974, 993, 1016, 1041, 1058, 1077, 1112, 1128, 1143, 1171, 1186, 1206, 1228, 1254, 1268, 1284, 1302, 1331, 1342, 1377, 1385, 1418, 1436, 1458, 1483, 1489, 1521, 1544, 16, 39, 60, 69, 101, 100, 99, 98, 97
929, 943, 974, 993, 1016, 1041, 1058, 1077, 1112, 1128, 1143, 1171, 1186, 1206, 1228, 1254, 1268, 1284, 1302, 1331, 1342, 1377, 1385, 1418, 1436, 1458, 1483, 1489, 1521, 1544, 16, 39, 60, 69, 101, 100, 99, 98
929, 943, 974, 993, 1016, 1041, 1058, 1077, 1112, 1128, 1143, 1171, 1186, 1206, 1228, 1254, 1268, 1284, 1302, 1331, 1342, 1377, 1385, 1418, 1436, 1458, 1483, 1489, 1521, 1544, 16, 39, 60, 69, 101, 100, 99
