917, 916, 888, 870, 849, 814, 802, 787, 744, 722, 695, 687, 653, 635, 610, 595, 567, 546, 532, 510, 484, 471, 447, 429, 412, 392, 354, 341, 322, 289, 266, 254, 238, 202, 186, 170, 140, 120, 95, 86, 66, 24, 0
917, 916, 888, 870, 849, 814, 802, 787, 744, 722, 695, 687, 653, 635, 610, 595, 567, 546, 532, 510, 484, 471, 447, 429, 412, 392, 354, 341, 322, 289, 267, 255, 217, 200, 185, 168, 139, 122, 93, 84, 42, 25, 1
917, 916, 888, 870, 849, 814, 802, 787, 744, 722, 695, 687, 653, 635, 610, 595, 567, 546, 532, 510, 484, 471, 447, 429, 412, 392, 354, 341, 322, 289, 267, 255, 217, 200, 185, 168, 139, 122, 93, 84, 44, 26, 2
917, 918, 929, 943, 975, 994, 1018, 1043, 1056, 1073, 1090, 1125, 1146, 1173, 1189, 1210, 1232, 1233, 1249, 1273, 1289, 1318, 1325, 1348, 1382, 1391, 1392, 1393, 1407, 1425, 1447, 1473, 1499, 1529, 1536, 3
917, 918, 929, 943, 975, 994, 1018, 1043, 1056, 1073, 1090, 1125, 1146, 1173, 1189, 1210, 1232, 1233, 1249, 1273, 1289, 1318, 1325, 1348, 1382, 1391, 1392, 1404, 1426, 1449, 1475, 1501, 1531, 1534, 4
917, 918, 929, 943, 975, 994, 1018, 1043, 1056, 1073, 1090, 1125, 1146, 1173, 1189, 1210, 1232, 1233, 1249, 1273, 1289, 1318, 1325, 1348, 1382, 1391, 1392, 1404, 1426, 1449, 1475, 1501, 1531, 1534, 5
917, 918, 929, 943, 975, 994, 1018, 1043, 1056, 1073, 1090, 1125, 1146, 1173, 1189, 1210, 1232, 1233, 1249, 1273, 1289, 1318, 1325, 1348, 1382, 1391, 1392, 1405, 1427, 1450, 1477, 1503, 1511, 1553, 6
917, 918, 929, 943, 975, 994, 1018, 1043, 1056, 1073, 1090, 1125, 1146, 1173, 1189, 1210, 1232, 1233, 1249, 1273, 1289, 1318, 1325, 1348, 1382, 1391, 1392, 1405, 1427, 1450, 1477, 1504, 1513, 1552, 7
917, 918, 929, 943, 975, 994, 1018, 1043, 1056, 1073, 1090, 1125, 1146, 1173, 1189, 1210, 1232, 1233, 1249, 1273, 1289, 1318, 1325, 1348, 1382, 1391, 1423, 1429, 1452, 1478, 1507, 1515, 1551, 8
917, 918, 929, 943, 975, 994, 1018, 1043, 1056, 1073, 1090, 1125, 1146, 1173, 1189, 1210, 1232, 1233, 1249, 1273, 1289, 1318, 1325, 1348, 1382, 1391, 1423, 1429, 1452, 1478, 1507, 1515, 1551, 9
917, 918, 929, 943, 975, 994, 1018, 1043, 1056, 1073, 1090, 1125, 1146, 1173, 1189, 1210, 1232, 1233, 1249, 1273, 1289, 1318, 1325, 1348, 1382, 1391, 1423, 1429, 1452, 1478, 1479, 1508, 1516, 1550, 10
917, 918, 929, 943, 975, 994, 1018, 1043, 1056, 1073, 1090, 1125, 1146, 1173, 1189, 1210, 1232, 1233, 1249, 1273, 1289, 1318, 1325, 1348, 1382, 1391, 1423, 1429, 1452, 1478, 1479, 1508, 1516, 1549, 11
917, 918, 929, 943, 975, 994, 1018, 1043, 1056, 1073, 1090, 1125, 1146, 1173, 1189, 1208, 1231, 1252, 1270, 1285, 1300, 1328, 1344, 1379, 1387, 1420, 1431, 1454, 1480, 1510, 1517, 1548, 12
917, 918, 929, 943, 974, 993, 1016, 1041, 1058, 1077, 1112, 1128, 1143, 1171, 1186, 1206, 1228, 1254, 1268, 1284, 1302, 1330, 1343, 1378, 1386, 1419, 1435, 1457, 1482, 1488, 1518, 1546, 13
917, 918, 929, 943, 974, 993, 1016, 1041, 1058, 1077, 1112, 1128, 1143, 1171, 1186, 1206, 1228, 1254, 1268, 1284, 1302, 1330, 1343, 1378, 1386, 1419, 1435, 1457, 1482, 1488, 1518, 1546, 14
917, 918, 929, 943, 974, 993, 1016, 1041, 1058, 1077, 1112, 1128, 1143, 1171, 1186, 1206, 1228, 1254, 1268, 1284, 1302, 1330, 1343, 1378, 1386, 1419, 1435, 1457, 1482, 1488, 1519, 1545, 15
917, 918, 929, 943, 974, 993, 1016, 1041, 1058, 1077, 1112, 1128, 1143, 1171, 1186, 1206, 1228, 1254, 1268, 1284, 1302, 1331, 1342, 1377, 1385, 1418, 1436, 1458, 1483, 1489, 1521, 1544, 16
917, 918, 929, 943, 974, 993, 1016, 1041, 1058, 1077, 1112, 1128, 1143, 1171, 1186, 1206, 1228, 1254, 1268, 1284, 1302, 1331, 1342, 1377, 1385, 1418, 1436, 1458, 1483, 1489, 1521, 1544, 16, 17
917, 928, 944, 973, 992, 1015, 1040, 1059, 1078, 1110, 1130, 1141, 1140, 1167, 1182, 1202, 1225, 1257, 1264, 1280, 1307, 1335, 1358, 1372, 1403, 1414, 1438, 1460, 1486, 1492, 1523, 1542, 18
917, 928, 944, 973, 992, 1015, 1040, 1059, 1078, 1110, 1130, 1141, 1140, 1167, 1182, 1202, 1225, 1257, 1264, 1280, 1307, 1335, 1358, 1372, 1403, 1414, 1438, 1460, 1486, 1492, 1523, 1542, 1541, 19
917, 928, 944, 973, 992, 1015, 1040, 1059, 1078, 1110, 1130, 1141, 1140, 1167, 1182, 1202, 1225, 1257, 1264, 1280, 1307, 1335, 1358, 1372, 1403, 1414, 1438, 1460, 1486, 1492, 1523, 1542, 1541, 20
917, 928, 944, 973, 992, 1015, 1040, 1059, 1078, 1110, 1130, 1141, 1140, 1167, 1182, 1202, 1225, 1257, 1264, 1280, 1307, 1335, 1358, 1372, 1403, 1414, 1438, 1460, 1486, 1492, 1523, 1542, 18, 21
917, 928, 944, 973, 992, 1015, 1040, 1059, 1078, 1110, 1130, 1141, 1140, 1167, 1182, 1202, 1225, 1257, 1264, 1280, 1307, 1335, 1358, 1372, 1403, 1414, 1438, 1460, 1486, 1492, 1523, 1542, 1541, 20, 22
917, 916, 888, 870, 849, 814, 802, 787, 744, 722, 695, 687, 653, 635, 610, 595, 567, 546, 532, 510, 484, 471, 447, 429, 412, 392, 354, 341, 322, 289, 266, 254, 238, 202, 186, 170, 140, 120, 95, 86, 66, 23
917, 916, 888, 870, 849, 814, 802, 787, 744, 722, 695, 687, 653, 635, 610, 595, 567, 546, 532, 510, 484, 471, 447, 429, 412, 392, 354, 341, 322, 289, 266, 254, 238, 202, 186, 170, 140, 120, 95, 86, 66, 24
917, 916, 888, 870, 849, 814, 802, 787, 744, 722, 695, 687, 653, 635, 610, 595, 567, 546, 532, 510, 484, 471, 447, 429, 412, 392, 354, 341, 322, 289, 267, 255, 217, 200, 185, 168, 139, 122, 93, 84, 42, 25
917, 916, 888, 870, 849, 814, 802, 787, 744, 722, 695, 687, 653, 635, 610, 595, 567, 546, 532, 510, 484, 471, 447, 429, 412, 392, 354, 341, 322, 289, 267, 255, 217, 200, 185, 168, 139, 122, 93, 84, 44, 26
917, 916, 888, 870, 849, 814, 802, 787, 744, 722, 695, 687, 653, 635, 610, 595, 567, 546, 532, 510, 484, 471, 447, 429, 412, 392, 354, 341, 322, 289, 267, 255, 217, 200, 185, 168, 139, 122, 92, 83, 45, 27
917, 918, 929, 943, 975, 994, 1018, 1043, 1056, 1073, 1090, 1125, 1146, 1173, 1189, 1210, 1232, 1233, 1249, 1273, 1289, 1318, 1325, 1348, 1382, 1391, 1392, 1404, 1426, 1449, 1475, 1501, 1531, 1534, 5, 28
917, 918, 929, 943, 975, 994, 1018, 1043, 1056, 1073, 1090, 1125, 1146, 1173, 1189, 1210, 1232, 1233, 1249, 1273, 1289, 1318, 1325, 1348, 1382, 1391, 1392, 1404, 1426, 1449, 1475, 1501, 1531, 1534, 5, 29
917, 918, 929, 943, 975, 994, 1018, 1043, 1056, 1073, 1090, 1125, 1146, 1173, 1189, 1210, 1232, 1233, 1249, 1273, 1289, 1318, 1325, 1348, 1382, 1391, 1392, 1405, 1427, 1450, 1477, 1503, 1511, 1553, 6, 30
917, 918, 929, 943, 975, 994, 1018, 1043, 1056, 1073, 1090, 1125, 1146, 1173, 1189, 1210, 1232, 1233, 1249, 1273, 1289, 1318, 1325, 1348, 1382, 1391, 1392, 1405, 1427, 1450, 1477, 1503, 1511, 1553, 6, 31
917, 918, 929, 943, 975, 994, 1018, 1043, 1056, 1073, 1090, 1125, 1146, 1173, 1189, 1210, 1232, 1233, 1249, 1273, 1289, 1318, 1325, 1348, 1382, 1391, 1392, 1405, 1427, 1450, 1477, 1504, 1513, 1552, 7, 32
917, 918, 929, 943, 975, 994, 1018, 1043, 1056, 1073, 1090, 1125, 1146, 1173, 1189, 1210, 1232, 1233, 1249, 1273, 1289, 1318, 1325, 1348, 1382, 1391, 1423, 1429, 1452, 1478, 1507, 1515, 1551, 9, 33
917, 918, 929, 943, 975, 994, 1018, 1043, 1056, 1073, 1090, 1125, 1146, 1173, 1189, 1210, 1232, 1233, 1249, 1273, 1289, 1318, 1325, 1348, 1382, 1391, 1423, 1429, 1452, 1478, 1479, 1508, 1516, 1550, 10, 34
917, 918, 929, 943, 975, 994, 1018, 1043, 1056, 1073, 1090, 1125, 1146, 1173, 1189, 1210, 1232, 1233, 1249, 1273, 1289, 1318, 1325, 1348, 1382, 1391, 1423, 1429, 1452, 1478, 1479, 1508, 1516, 1549, 11, 35
917, 918, 929, 943, 975, 994, 1018, 1043, 1056, 1073, 1090, 1125, 1146, 1173, 1189, 1208, 1231, 1252, 1270, 1285, 1300, 1328, 1344, 1379, 1387, 1420, 1431, 1454, 1480, 1510, 1517, 1548, 12, 36
917, 918, 929, 943, 974, 993, 1016, 1041, 1058, 1077, 1112, 1128, 1143, 1171, 1186, 1206, 1228, 1254, 1268, 1284, 1302, 1330, 1343, 1378, 1386, 1419, 1435, 1457, 1482, 1488, 1518, 1546, 14, 37
917, 918, 929, 943, 974, 993, 1016, 1041, 1058, 1077, 1112, 1128, 1143, 1171, 1186, 1206, 1228, 1254, 1268, 1284, 1302, 1331, 1342, 1377, 1385, 1418, 1436, 1458, 1483, 1489, 1521, 1544, 16, 38
917, 918, 929, 943, 974, 993, 1016, 1041, 1058, 1077, 1112, 1128, 1143, 1171, 1186, 1206, 1228, 1254, 1268, 1284, 1302, 1331, 1342, 1377, 1385, 1418, 1436, 1458, 1483, 1489, 1521, 1544, 16, 39
917, 918, 929, 943, 974, 993, 1016, 1041, 1058, 1077, 1112, 1128, 1143, 1171, 1186, 1206, 1228, 1254, 1268, 1284, 1302, 1331, 1342, 1377, 1385, 1418, 1436, 1458, 1483, 1489, 1521, 1544, 16, 40
917, 918, 929, 943, 974, 993, 1016, 1041, 1058, 1077, 1112, 1128, 1143, 1171, 1186, 1206, 1228, 1254, 1268, 1284, 1302, 1331, 1342, 1377, 1385, 1418, 1436, 1458, 1483, 1489, 1521, 1544, 16, 40, 41
917, 916, 888, 870, 849, 814, 802, 787, 744, 722, 695, 687, 653, 635, 610, 595, 567, 546, 532, 510, 484, 471, 447, 429, 412, 392, 354, 341, 322, 289, 267, 255, 217, 200, 185, 168, 139, 122, 93, 84, 42
917, 916, 888, 870, 849, 814, 802, 787, 744, 722, 695, 687, 653, 635, 610, 595, 567, 546, 532, 510, 484, 471, 447, 429, 412, 392, 354, 341, 322, 289, 267, 255, 217, 200, 185, 168, 139, 122, 93, 84, 43
917, 916, 888, 870, 849, 814, 802, 787, 744, 722, 695, 687, 653, 635, 610, 595, 567, 546, 532, 510, 484, 471, 447, 429, 412, 392, 354, 341, 322, 289, 267, 255, 217, 200, 185, 168, 139, 122, 93, 84, 44
917, 916, 888, 870, 849, 814, 802, 787, 744, 722, 695, 687, 653, 635, 610, 595, 567, 546, 532, 510, 484, 471, 447, 429, 412, 392, 354, 341, 322, 289, 267, 255, 217, 200, 185, 168, 139, 122, 92, 83, 45
917, 916, 888, 870, 849, 814, 802, 787, 744, 722, 695, 687, 653, 635, 610, 595, 567, 546, 532, 510, 484, 471, 447, 429, 412, 392, 354, 341, 322, 289, 267, 255, 217, 200, 185, 168, 139, 122, 92, 83, 46
917, 918, 929, 943, 975, 994, 1018, 1043, 1056, 1073, 1090, 1125, 1146, 1173, 1189, 1210, 1232, 1233, 1249, 1273, 1289, 1318, 1325, 1348, 1382, 1391, 1392, 1404, 1426, 1449, 1475, 1501, 1531, 1534, 5, 28, 47
917, 918, 929, 943, 975, 994, 1018, 1043, 1056, 1073, 1090, 1125, 1146, 1173, 1189, 1210, 1232, 1233, 1249, 1273, 1289, 1318, 1325, 1348, 1382, 1391, 1392, 1404, 1426, 1449, 1475, 1501, 1531, 1534, 5, 29, 48
917, 918, 929, 943, 975, 994, 1018, 1043, 1056, 1073, 1090, 1125, 1146, 1173, 1189, 1210, 1232, 1233, 1249, 1273, 1289, 1318, 1325, 1348, 1382, 1391, 1392, 1404, 1426, 1449, 1475, 1501, 1531, 1534, 5, 29, 49
917, 918, 929, 943, 975, 994, 1018, 1043, 1056, 1073, 1090, 1125, 1146, 1173, 1189, 1210, 1232, 1233, 1249, 1273, 1289, 1318, 1325, 1348, 1382, 1391, 1392, 1405, 1427, 1450, 1477, 1503, 1511, 1553, 6, 31, 50
917, 918, 929, 943, 975, 994, 1018, 1043, 1056, 1073, 1090, 1125, 1146, 1173, 1189, 1210, 1232, 1233, 1249, 1273, 1289, 1318, 1325, 1348, 1382, 1391, 1392, 1405, 1427, 1450, 1477, 1503, 1511, 1553, 6, 31, 51
917, 918, 929, 943, 975, 994, 1018, 1043, 1056, 1073, 1090, 1125, 1146, 1173, 1189, 1210, 1232, 1233, 1249, 1273, 1289, 1318, 1325, 1348, 1382, 1391, 1392, 1405, 1427, 1450, 1477, 1504, 1513, 1552, 7, 32, 52
917, 918, 929, 943, 975, 994, 1018, 1043, 1056, 1073, 1090, 1125, 1146, 1173, 1189, 1210, 1232, 1233, 1249, 1273, 1289, 1318, 1325, 1348, 1382, 1391, 1423, 1429, 1452, 1478, 1507, 1515, 1551, 9, 33, 53
917, 918, 929, 943, 975, 994, 1018, 1043, 1056, 1073, 1090, 1125, 1146, 1173, 1189, 1210, 1232, 1233, 1249, 1273, 1289, 1318, 1325, 1348, 1382, 1391, 1423, 1429, 1452, 1478, 1479, 1508, 1516, 1550, 10, 34, 54
917, 918, 929, 943, 975, 994, 1018, 1043, 1056, 1073, 1090, 1125, 1146, 1173, 1189, 1210, 1232, 1233, 1249, 1273, 1289, 1318, 1325, 1348, 1382, 1391, 1423, 1429, 1452, 1478, 1479, 1508, 1516, 1549, 11, 35, 55
917, 918, 929, 943, 975, 994, 1018, 1043, 1056, 1073, 1090, 1125, 1146, 1173, 1189, 1208, 1231, 1252, 1270, 1285, 1300, 1328, 1344, 1379, 1387, 1420, 1431, 1454, 1480, 1510, 1517, 1548, 12, 36, 56
917, 918, 929, 943, 975, 994, 1018, 1043, 1056, 1073, 1090, 1125, 1146, 1173, 1189, 1208, 1231, 1252, 1270, 1285, 1300, 1328, 1344, 1379, 1387, 1420, 1431, 1454, 1480, 1510, 1517, 1548, 12, 36, 57
917, 918, 929, 943, 974, 993, 1016, 1041, 1058, 1077, 1112, 1128, 1143, 1171, 1186, 1206, 1228, 1254, 1268, 1284, 1302, 1330, 1343, 1378, 1386, 1419, 1435, 1457, 1482, 1488, 1518, 1546, 14, 37, 58
917, 918, 929, 943, 974, 993, 1016, 1041, 1058, 1077, 1112, 1128, 1143, 1171, 1186, 1206, 1228, 1254, 1268, 1284, 1302, 1331, 1342, 1377, 1385, 1418, 1436, 1458, 1483, 1489, 1521, 1544, 16, 38, 59
917, 918, 929, 943, 974, 993, 1016, 1041, 1058, 1077, 1112, 1128, 1143, 1171, 1186, 1206, 1228, 1254, 1268, 1284, 1302, 1331, 1342, 1377, 1385, 1418, 1436, 1458, 1483, 1489, 1521, 1544, 16, 39, 60
917, 918, 929, 943, 974, 993, 1016, 1041, 1058, 1077, 1112, 1128, 1143, 1171, 1186, 1206, 1228, 1254, 1268, 1284, 1302, 1331, 1342, 1377, 1385, 1418, 1436, 1458, 1483, 1489, 1521, 1544, 16, 40, 61
917, 889, 872, 852, 817, 805, 784, 741, 725, 699, 690, 650, 632, 614, 592, 585, 562, 529, 514, 480, 468, 452, 425, 408, 374, 357, 336, 317, 283, 263, 251, 235, 204, 189, 173, 143, 117, 98, 67, 62
917, 928, 944, 973, 992, 1015, 1040, 1059, 1078, 1110, 1130, 1141, 1140, 1167, 1182, 1202, 1225, 1257, 1264, 1280, 1307, 1335, 1358, 1372, 1403, 1414, 1438, 1460, 1486, 1492, 1523, 1542, 18, 21, 63
917, 916, 888, 870, 849, 814, 802, 787, 744, 722, 695, 687, 653, 635, 610, 595, 567, 546, 532, 510, 484, 471, 447, 429, 412, 392, 354, 341, 322, 289, 266, 254, 238, 202, 186, 170, 140, 120, 95, 87, 64
917, 916, 888, 870, 849, 814, 802, 787, 744, 722, 695, 687, 653, 635, 610, 595, 567, 546, 532, 510, 484, 471, 447, 429, 412, 392, 354, 341, 322, 289, 266, 254, 238, 202, 186, 170, 140, 120, 95, 87, 65
917, 916, 888, 870, 849, 814, 802, 787, 744, 722, 695, 687, 653, 635, 610, 595, 567, 546, 532, 510, 484, 471, 447, 429, 412, 392, 354, 341, 322, 289, 266, 254, 238, 202, 186, 170, 140, 120, 95, 86, 66
917, 889, 872, 852, 817, 805, 784, 741, 725, 699, 690, 650, 632, 614, 592, 585, 562, 529, 514, 480, 468, 452, 425, 408, 374, 357, 336, 317, 283, 263, 251, 235, 204, 189, 173, 143, 117, 98, 67
917, 918, 929, 943, 974, 993, 1016, 1041, 1058, 1077, 1112, 1128, 1143, 1171, 1186, 1206, 1228, 1254, 1268, 1284, 1302, 1331, 1342, 1377, 1385, 1418, 1436, 1458, 1483, 1489, 1521, 1544, 16, 40, 61, 68
917, 918, 929, 943, 974, 993, 1016, 1041, 1058, 1077, 1112, 1128, 1143, 1171, 1186, 1206, 1228, 1254, 1268, 1284, 1302, 1331, 1342, 1377, 1385, 1418, 1436, 1458, 1483, 1489, 1521, 1544, 16, 39, 60, 69
917, 918, 929, 943, 974, 993, 1016, 1041, 1058, 1077, 1112, 1128, 1143, 1171, 1186, 1206, 1228, 1254, 1268, 1284, 1302, 1331, 1342, 1377, 1385, 1418, 1436, 1458, 1483, 1489, 1521, 1544, 16, 39, 60, 70
917, 918, 929, 943, 974, 993, 1016, 1041, 1058, 1077, 1112, 1128, 1143, 1171, 1186, 1206, 1228, 1254, 1268, 1284, 1302, 1330, 1343, 1378, 1386, 1419, 1435, 1457, 1482, 1488, 1518, 1546, 14, 37, 58, 71
917, 918, 929, 943, 975, 994, 1018, 1043, 1056, 1073, 1090, 1125, 1146, 1173, 1189, 1208, 1231, 1252, 1270, 1285, 1300, 1328, 1344, 1379, 1387, 1420, 1431, 1454, 1480, 1510, 1517, 1548, 12, 36, 57, 72
917, 918, 929, 943, 975, 994, 1018, 1043, 1056, 1073, 1090, 1125, 1146, 1173, 1189, 1208, 1231, 1252, 1270, 1285, 1300, 1328, 1344, 1379, 1387, 1420, 1431, 1454, 1480, 1510, 1517, 1548, 12, 36, 56, 73
917, 918, 929, 943, 975, 994, 1018, 1043, 1056, 1073, 1090, 1125, 1146, 1173, 1189, 1210, 1232, 1233, 1249, 1273, 1289, 1318, 1325, 1348, 1382, 1391, 1423, 1429, 1452, 1478, 1479, 1508, 1516, 1549, 11, 35, 55, 74
917, 918, 929, 943, 975, 994, 1018, 1043, 1056, 1073, 1090, 1125, 1146, 1173, 1189, 1210, 1232, 1233, 1249, 1273, 1289, 1318, 1325, 1348, 1382, 1391, 1423, 1429, 1452, 1478, 1479, 1508, 1516, 1550, 10, 34, 54, 75
917, 918, 929, 943, 975, 994, 1018, 1043, 1056, 1073, 1090, 1125, 1146, 1173, 1189, 1210, 1232, 1233, 1249, 1273, 1289, 1318, 1325, 1348, 1382, 1391, 1423, 1429, 1452, 1478, 1507, 1515, 1551, 9, 33, 53, 76
917, 918, 929, 943, 975, 994, 1018, 1043, 1056, 1073, 1090, 1125, 1146, 1173, 1189, 1210, 1232, 1233, 1249, 1273, 1289, 1318, 1325, 1348, 1382, 1391, 1392, 1405, 1427, 1450, 1477, 1504, 1513, 1552, 7, 32, 52, 77
917, 918, 929, 943, 975, 994, 1018, 1043, 1056, 1073, 1090, 1125, 1146, 1173, 1189, 1210, 1232, 1233, 1249, 1273, 1289, 1318, 1325, 1348, 1382, 1391, 1392, 1405, 1427, 1450, 1477, 1503, 1511, 1553, 6, 31, 50, 80, 79, 78
917, 918, 929, 943, 975, 994, 1018, 1043, 1056, 1073, 1090, 1125, 1146, 1173, 1189, 1210, 1232, 1233, 1249, 1273, 1289, 1318, 1325, 1348, 1382, 1391, 1392, 1405, 1427, 1450, 1477, 1503, 1511, 1553, 6, 31, 50, 80, 79
917, 918, 929, 943, 975, 994, 1018, 1043, 1056, 1073, 1090, 1125, 1146, 1173, 1189, 1210, 1232, 1233, 1249, 1273, 1289, 1318, 1325, 1348, 1382, 1391, 1392, 1405, 1427, 1450, 1477, 1503, 1511, 1553, 6, 31, 50, 80
917, 918, 929, 943, 975, 994, 1018, 1043, 1056, 1073, 1090, 1125, 1146, 1173, 1189, 1210, 1232, 1233, 1249, 1273, 1289, 1318, 1325, 1348, 1382, 1391, 1392, 1404, 1426, 1449, 1475, 1501, 1531, 1534, 5, 29, 48, 81
917, 918, 929, 943, 975, 994, 1018, 1043, 1056, 1073, 1090, 1125, 1146, 1173, 1189, 1210, 1232, 1233, 1249, 1273, 1289, 1318, 1325, 1348, 1382, 1391, 1392, 1404, 1426, 1449, 1475, 1501, 1531, 1534, 5, 29, 48, 81, 82
917, 916, 888, 870, 849, 814, 802, 787, 744, 722, 695, 687, 653, 635, 610, 595, 567, 546, 532, 510, 484, 471, 447, 429, 412, 392, 354, 341, 322, 289, 267, 255, 217, 200, 185, 168, 139, 122, 92, 83
917, 916, 888, 870, 849, 814, 802, 787, 744, 722, 695, 687, 653, 635, 610, 595, 567, 546, 532, 510, 484, 471, 447, 429, 412, 392, 354, 341, 322, 289, 267, 255, 217, 200, 185, 168, 139, 122, 93, 84
917, 916, 888, 870, 849, 814, 802, 787, 744, 722, 695, 687, 653, 635, 610, 595, 567, 546, 532, 510, 484, 471, 447, 429, 412, 392, 354, 341, 322, 289, 267, 255, 217, 200, 185, 168, 139, 122, 93, 85
917, 916, 888, 870, 849, 814, 802, 787, 744, 722, 695, 687, 653, 635, 610, 595, 567, 546, 532, 510, 484, 471, 447, 429, 412, 392, 354, 341, 322, 289, 266, 254, 238, 202, 186, 170, 140, 120, 95, 86
917, 916, 888, 870, 849, 814, 802, 787, 744, 722, 695, 687, 653, 635, 610, 595, 567, 546, 532, 510, 484, 471, 447, 429, 412, 392, 354, 341, 322, 289, 266, 254, 238, 202, 186, 170, 140, 120, 95, 87
917, 889, 872, 852, 817, 805, 784, 741, 725, 699, 690, 650, 632, 614, 592, 585, 562, 529, 514, 480, 468, 452, 425, 408, 374, 357, 336, 317, 283, 263, 251, 235, 204, 188, 172, 141, 118, 96, 88
917, 918, 929, 943, 975, 994, 1018, 1043, 1056, 1073, 1090, 1125, 1146, 1173, 1189, 1210, 1232, 1233, 1249, 1273, 1289, 1318, 1325, 1348, 1382, 1391, 1392, 1404, 1426, 1449, 1475, 1501, 1531, 1534, 5, 29, 48, 81, 89
917, 918, 929, 943, 975, 994, 1018, 1043, 1056, 1073, 1090, 1125, 1146, 1173, 1189, 1210, 1232, 1233, 1249, 1273, 1289, 1318, 1325, 1348, 1382, 1391, 1392, 1404, 1426, 1449, 1475, 1501, 1531, 1534, 5, 29, 48, 81, 82, 90
917, 916, 888, 870, 849, 814, 802, 787, 744, 722, 695, 687, 653, 635, 610, 595, 567, 546, 532, 510, 484, 471, 447, 429, 412, 392, 354, 341, 322, 289, 267, 255, 217, 200, 185, 168, 139, 122, 91
917, 916, 888, 870, 849, 814, 802, 787, 744, 722, 695, 687, 653, 635, 610, 595, 567, 546, 532, 510, 484, 471, 447, 429, 412, 392, 354, 341, 322, 289, 267, 255, 217, 200, 185, 168, 139, 122, 92
917, 916, 888, 870, 849, 814, 802, 787, 744, 722, 695, 687, 653, 635, 610, 595, 567, 546, 532, 510, 484, 471, 447, 429, 412, 392, 354, 341, 322, 289, 267, 255, 217, 200, 185, 168, 139, 122, 93
917, 916, 888, 870, 849, 814, 802, 787, 744, 722, 695, 687, 653, 635, 610, 595, 567, 546, 532, 510, 484, 471, 447, 429, 412, 392, 354, 341, 322, 289, 266, 254, 238, 202, 186, 170, 140, 120, 94
917, 916, 888, 870, 849, 814, 802, 787, 744, 722, 695, 687, 653, 635, 610, 595, 567, 546, 532, 510, 484, 471, 447, 429, 412, 392, 354, 341, 322, 289, 266, 254, 238, 202, 186, 170, 140, 120, 95
917, 889, 872, 852, 817, 805, 784, 741, 725, 699, 690, 650, 632, 614, 592, 585, 562, 529, 514, 480, 468, 452, 425, 408, 374, 357, 336, 317, 283, 263, 251, 235, 204, 188, 172, 141, 118, 96
917, 889, 872, 852, 817, 805, 784, 741, 725, 699, 690, 650, 632, 614, 592, 585, 562, 529, 514, 480, 468, 452, 425, 408, 374, 357, 336, 317, 283, 263, 251, 235, 204, 189, 173, 143, 117, 98, 97
917, 889, 872, 852, 817, 805, 784, 741, 725, 699, 690, 650, 632, 614, 592, 585, 562, 529, 514, 480, 468, 452, 425, 408, 374, 357, 336, 317, 283, 263, 251, 235, 204, 189, 173, 143, 117, 98
917, 889, 872, 852, 817, 805, 784, 741, 725, 699, 690, 650, 632, 614, 592, 585, 562, 529, 514, 480, 468, 452, 425, 408, 374, 357, 336, 317, 283, 263, 251, 235, 204, 189, 173, 143, 117, 99
