200, 201, 202, 203, 204, 175, 164, 140, 125, 99, 82, 54, 30, 4, 3, 2, 1, 0
200, 201, 202, 203, 204, 175, 164, 140, 125, 99, 82, 54, 30, 4, 3, 2, 1
200, 201, 202, 203, 204, 175, 164, 140, 125, 99, 82, 54, 30, 4, 3, 2
200, 201, 202, 203, 204, 175, 164, 140, 125, 99, 82, 54, 30, 4, 3
200, 201, 202, 203, 204, 175, 164, 140, 125, 99, 82, 54, 30, 4
200, 201, 172, 173, 165, 141, 123, 98, 81, 55, 31, 5
200, 201, 172, 166, 142, 122, 97, 79, 56, 32, 7, 6
200, 201, 172, 166, 142, 122, 97, 79, 56, 32, 7
200, 195, 167, 144, 120, 96, 78, 57, 33, 8
200, 195, 167, 144, 120, 96, 78, 57, 33, 8, 9
