474, 473, 456, 418, 419, 399, 373, 348, 329, 314, 304, 268, 252, 222, 212, 183, 157, 133, 110, 107, 106, 66, 49, 25, 0
474, 473, 472, 471, 470, 452, 422, 402, 370, 351, 352, 345, 310, 300, 263, 246, 239, 208, 178, 161, 136, 128, 103, 63, 51, 26, 1
474, 473, 472, 471, 470, 452, 422, 402, 370, 351, 352, 345, 310, 300, 263, 246, 239, 208, 178, 161, 136, 128, 103, 102, 86, 52, 27, 2
474, 473, 472, 471, 470, 452, 422, 402, 370, 351, 352, 345, 310, 300, 263, 246, 239, 208, 178, 177, 162, 137, 138, 126, 100, 83, 53, 28, 3
474, 473, 472, 471, 470, 452, 422, 402, 370, 351, 352, 345, 310, 300, 263, 246, 239, 208, 178, 177, 162, 137, 138, 126, 100, 83, 53, 28, 29, 4
474, 475, 436, 416, 395, 376, 367, 333, 318, 288, 272, 258, 228, 218, 191, 192, 193, 194, 195, 172, 173, 165, 141, 123, 98, 81, 55, 31, 5
474, 475, 436, 416, 395, 376, 367, 333, 318, 288, 272, 258, 228, 218, 190, 171, 170, 169, 168, 167, 143, 142, 122, 97, 79, 56, 32, 7, 6
474, 475, 436, 416, 395, 376, 367, 333, 318, 288, 272, 258, 228, 218, 190, 171, 170, 169, 168, 167, 143, 142, 122, 97, 79, 56, 32, 7
474, 475, 436, 416, 395, 376, 367, 333, 318, 288, 272, 258, 228, 218, 190, 171, 147, 146, 118, 119, 95, 96, 78, 57, 33, 8
474, 435, 417, 396, 375, 368, 332, 317, 287, 271, 257, 226, 217, 189, 151, 148, 116, 92, 74, 75, 61, 60, 35, 34, 9
