222, 223, 215, 214, 213, 212, 211, 210, 209, 183, 184, 176, 146, 111, 109, 85, 52, 26, 0
222, 223, 215, 214, 213, 212, 211, 210, 209, 183, 184, 176, 146, 111, 109, 85, 52, 26, 1
222, 223, 215, 214, 213, 212, 211, 180, 181, 182, 174, 175, 147, 113, 89, 86, 51, 25, 3, 2
222, 223, 215, 214, 213, 212, 211, 180, 181, 182, 174, 175, 147, 113, 89, 86, 51, 25, 3
222, 216, 198, 169, 155, 154, 153, 152, 151, 150, 149, 114, 90, 87, 50, 24, 4
222, 216, 198, 169, 155, 119, 118, 117, 93, 70, 69, 68, 88, 49, 23, 5
222, 216, 198, 169, 155, 119, 118, 117, 93, 70, 47, 48, 45, 6
222, 216, 198, 169, 155, 119, 118, 117, 93, 70, 47, 44, 7
222, 216, 198, 169, 155, 119, 118, 94, 72, 67, 43, 9, 8
222, 216, 198, 169, 155, 119, 118, 94, 72, 67, 43, 9
