310, 305, 279, 245, 246, 226, 227, 228, 209, 183, 184, 176, 146, 111, 109, 85, 52, 26, 0
310, 305, 279, 245, 246, 226, 227, 228, 209, 183, 184, 176, 146, 111, 109, 85, 52, 26, 1
310, 305, 279, 245, 246, 226, 227, 228, 209, 183, 175, 147, 113, 89, 86, 51, 25, 3, 2
310, 305, 279, 245, 246, 226, 227, 228, 209, 183, 175, 147, 113, 89, 86, 51, 25, 3
310, 305, 279, 245, 246, 226, 227, 210, 182, 173, 148, 114, 90, 87, 50, 24, 4
310, 305, 279, 245, 225, 213, 212, 211, 180, 172, 150, 115, 91, 88, 49, 23, 5
310, 305, 279, 245, 225, 214, 179, 171, 152, 116, 92, 69, 48, 45, 6
310, 305, 279, 245, 225, 215, 178, 170, 153, 117, 93, 70, 47, 44, 7
310, 305, 279, 245, 225, 215, 178, 170, 153, 117, 93, 70, 47, 44, 8
310, 305, 279, 245, 225, 215, 178, 170, 153, 117, 118, 94, 72, 67, 43, 9
