420, 421, 422, 401, 400, 374, 351, 332, 331, 324, 293, 272, 253, 232, 205, 187, 186, 177, 145, 110, 108, 85, 52, 26, 0
420, 421, 422, 401, 400, 374, 351, 332, 331, 324, 293, 272, 253, 232, 205, 187, 186, 177, 145, 110, 108, 85, 52, 26, 1
420, 421, 422, 401, 400, 374, 351, 332, 331, 324, 293, 272, 253, 232, 205, 187, 186, 177, 145, 110, 108, 85, 52, 26, 2
420, 421, 422, 401, 400, 374, 351, 332, 331, 324, 293, 272, 253, 232, 205, 187, 186, 177, 145, 110, 108, 85, 52, 26, 2, 3
420, 421, 422, 401, 400, 374, 351, 332, 331, 324, 293, 272, 253, 232, 205, 187, 186, 177, 145, 110, 108, 85, 52, 26, 2, 3, 4
420, 403, 404, 379, 366, 339, 316, 301, 284, 262, 241, 218, 196, 166, 134, 121, 96, 74, 73, 72, 71, 70, 69, 68, 88, 49, 23, 5
420, 403, 404, 379, 366, 339, 316, 301, 284, 262, 241, 218, 196, 166, 134, 121, 96, 74, 65, 66, 41, 42, 43, 9, 8, 7, 6
420, 403, 404, 379, 366, 339, 316, 301, 284, 262, 241, 218, 196, 166, 134, 121, 96, 74, 65, 66, 41, 42, 43, 9, 8, 7
420, 403, 404, 379, 366, 339, 316, 301, 284, 262, 241, 218, 196, 166, 134, 121, 96, 74, 65, 66, 41, 42, 43, 9, 8
420, 403, 404, 379, 366, 339, 316, 301, 284, 262, 241, 218, 196, 166, 134, 121, 96, 74, 65, 66, 41, 42, 43, 9
