189, 166, 138, 115, 96, 80, 50, 31, 30, 29, 28, 27, 26, 25, 24, 23, 0
189, 166, 138, 115, 96, 80, 50, 31, 30, 29, 28, 27, 26, 25, 24, 23, 1
189, 188, 165, 139, 116, 97, 98, 99, 100, 101, 102, 103, 104, 72, 40, 22, 2
189, 188, 165, 139, 116, 117, 118, 119, 120, 121, 122, 123, 124, 83, 71, 60, 21, 3
189, 166, 167, 137, 136, 111, 92, 63, 54, 55, 36, 37, 38, 39, 20, 4
189, 166, 167, 137, 136, 111, 92, 63, 54, 55, 36, 37, 38, 39, 5
189, 166, 167, 137, 136, 111, 92, 63, 54, 35, 9, 8, 7, 6
189, 166, 167, 137, 136, 111, 92, 63, 54, 35, 9, 8, 7
189, 166, 167, 137, 136, 111, 92, 63, 54, 35, 9, 8
189, 166, 167, 137, 136, 111, 92, 63, 54, 35, 9
