1150, 1175, 1177, 1219, 1238, 1245, 1285, 1304, 1309, 1342, 1365, 1387, 1407, 1426, 1442, 1468, 1474, 1500, 1513, 1543, 0
1150, 1175, 1177, 1219, 1238, 1245, 1285, 1304, 1309, 1342, 1365, 1387, 1407, 1426, 1442, 1468, 1474, 1500, 1513, 1543, 1
1150, 1175, 1177, 1219, 1238, 1245, 1285, 1304, 1309, 1342, 1365, 1387, 1407, 1426, 1442, 1468, 1474, 1500, 1513, 1543, 1, 2
1150, 1175, 1178, 1179, 1218, 1237, 1243, 1283, 1306, 1312, 1344, 1367, 1389, 1409, 1429, 1444, 1466, 1472, 1502, 1515, 1545, 3
1150, 1175, 1178, 1179, 1218, 1237, 1243, 1283, 1306, 1312, 1344, 1367, 1389, 1409, 1429, 1444, 1466, 1472, 1502, 1516, 1546, 4
1150, 1175, 1178, 1179, 1218, 1237, 1243, 1283, 1306, 1312, 1344, 1367, 1389, 1409, 1429, 1444, 1466, 1472, 1502, 1516, 1546, 1547, 5
1150, 1175, 1178, 1179, 1218, 1237, 1243, 1242, 1281, 1307, 1313, 1345, 1368, 1391, 1392, 1393, 1394, 1412, 1447, 1462, 1488, 1505, 1520, 1548, 6
1150, 1175, 1178, 1179, 1218, 1237, 1243, 1242, 1281, 1307, 1313, 1345, 1368, 1391, 1392, 1393, 1394, 1412, 1448, 1449, 1461, 1487, 1506, 1521, 1549, 7
1150, 1151, 1152, 1156, 1181, 1182, 1214, 1232, 1262, 1278, 1277, 1289, 1290, 1317, 1350, 1372, 1375, 1396, 1414, 1450, 1460, 1486, 1507, 1522, 1551, 8
1150, 1151, 1152, 1156, 1181, 1182, 1214, 1232, 1262, 1278, 1277, 1289, 1290, 1317, 1350, 1372, 1375, 1396, 1414, 1450, 1460, 1486, 1508, 1509, 1523, 1552, 9
