186, 162, 142, 118, 100, 101, 102, 103, 73, 41, 23, 0
186, 162, 142, 118, 100, 101, 102, 103, 73, 41, 23, 1
186, 185, 184, 183, 158, 157, 147, 123, 106, 72, 40, 22, 2
186, 185, 184, 183, 182, 181, 156, 148, 124, 83, 71, 60, 21, 3
186, 185, 184, 183, 182, 181, 180, 155, 149, 125, 85, 70, 59, 20, 4
186, 185, 184, 183, 182, 181, 180, 155, 149, 125, 85, 70, 59, 20, 4, 5
186, 187, 188, 189, 166, 167, 137, 136, 111, 92, 63, 54, 35, 9, 8, 7, 6
186, 187, 188, 189, 166, 167, 137, 136, 111, 92, 63, 54, 35, 9, 8, 7
186, 187, 188, 189, 166, 167, 137, 136, 111, 92, 63, 54, 35, 9, 8
186, 187, 188, 189, 166, 167, 137, 136, 111, 92, 63, 54, 35, 9
