280, 251, 219, 214, 188, 165, 139, 116, 97, 78, 77, 76, 75, 74, 42, 41, 23, 0
280, 251, 219, 214, 188, 165, 139, 116, 97, 78, 77, 76, 75, 74, 42, 41, 23, 1
280, 251, 219, 214, 188, 165, 139, 116, 97, 98, 99, 100, 101, 102, 103, 104, 72, 40, 22, 2
280, 251, 219, 214, 188, 165, 139, 116, 117, 118, 119, 120, 121, 122, 123, 124, 83, 71, 60, 21, 3
280, 251, 217, 212, 211, 210, 171, 169, 170, 150, 151, 152, 131, 127, 126, 86, 69, 59, 20, 4
280, 251, 217, 213, 189, 166, 167, 137, 136, 111, 92, 63, 54, 55, 36, 37, 38, 39, 5
280, 251, 217, 213, 189, 166, 167, 137, 136, 111, 92, 63, 54, 35, 9, 8, 7, 6
280, 251, 217, 213, 189, 166, 167, 137, 136, 111, 92, 63, 54, 35, 9, 8, 7
280, 251, 217, 213, 189, 166, 167, 137, 136, 111, 92, 63, 54, 35, 9, 8
280, 251, 217, 213, 189, 166, 167, 137, 136, 111, 92, 63, 54, 35, 9
