334, 335, 306, 305, 289, 288, 272, 242, 232, 204, 177, 153, 130, 127, 126, 86, 69, 59, 60, 21, 3, 2, 1, 0
334, 335, 306, 305, 289, 288, 272, 242, 232, 204, 177, 153, 130, 127, 126, 86, 69, 59, 60, 21, 3, 2, 1
334, 335, 306, 305, 289, 288, 272, 242, 232, 204, 177, 153, 130, 127, 126, 86, 69, 59, 60, 21, 3, 2
334, 335, 306, 305, 289, 288, 272, 242, 232, 204, 177, 153, 130, 127, 126, 86, 69, 59, 60, 21, 3
334, 335, 306, 305, 289, 288, 272, 242, 232, 204, 177, 153, 130, 127, 126, 86, 69, 59, 20, 4
334, 335, 306, 305, 289, 288, 272, 242, 232, 204, 177, 153, 130, 127, 126, 86, 68, 58, 39, 5
334, 335, 306, 305, 289, 288, 272, 242, 232, 204, 177, 153, 130, 127, 87, 67, 57, 38, 6
334, 307, 291, 276, 246, 237, 210, 171, 169, 135, 110, 92, 63, 54, 35, 9, 8, 7
334, 307, 291, 276, 246, 237, 210, 171, 169, 135, 110, 92, 63, 54, 35, 9, 8
334, 307, 291, 276, 246, 237, 210, 171, 169, 135, 110, 92, 63, 54, 35, 9
