160, 159, 141, 128, 105, 106, 83, 84, 50, 26, 0
160, 159, 141, 128, 105, 106, 83, 84, 50, 26, 1
160, 159, 141, 128, 105, 106, 83, 84, 50, 26, 2
160, 159, 141, 128, 105, 106, 83, 84, 50, 26, 2, 3
160, 159, 141, 128, 105, 106, 83, 84, 50, 26, 2, 3, 4
160, 159, 141, 128, 105, 106, 83, 84, 50, 26, 2, 3, 4, 5
160, 159, 141, 128, 105, 106, 83, 84, 50, 26, 2, 3, 4, 5, 6
160, 159, 141, 128, 105, 106, 83, 84, 50, 26, 2, 3, 4, 5, 6, 7
160, 161, 162, 163, 164, 165, 166, 167, 150, 120, 95, 73, 62, 41, 42, 43, 9, 8
160, 161, 162, 163, 164, 165, 166, 167, 150, 120, 95, 73, 62, 41, 42, 43, 9
160, 161, 162, 163, 164, 165, 166, 149, 121, 96, 74, 61, 40, 11, 10
160, 161, 162, 163, 164, 165, 166, 149, 121, 96, 74, 61, 40, 11
160, 161, 162, 163, 164, 165, 148, 122, 98, 75, 59, 37, 12
160, 143, 126, 102, 101, 100, 77, 76, 58, 36, 13
160, 143, 126, 102, 101, 100, 77, 57, 35, 14
160, 143, 126, 102, 79, 78, 56, 33, 15
160, 143, 126, 103, 80, 55, 32, 16
160, 143, 126, 103, 80, 55, 54, 31, 17
160, 159, 141, 128, 105, 82, 53, 30, 18
160, 159, 141, 128, 105, 82, 53, 30, 19
160, 159, 141, 128, 105, 82, 53, 30, 19, 20
160, 159, 141, 128, 105, 82, 53, 52, 29, 28, 21
160, 159, 141, 128, 105, 106, 83, 84, 50, 26, 2, 3, 4, 5, 22
160, 159, 141, 128, 105, 106, 83, 84, 50, 26, 25, 24, 23
160, 159, 141, 128, 105, 106, 83, 84, 50, 26, 25, 24
160, 159, 141, 128, 105, 106, 83, 84, 50, 26, 25
160, 159, 141, 128, 105, 106, 83, 84, 50, 26
160, 159, 141, 128, 105, 82, 53, 52, 29, 28, 27
160, 159, 141, 128, 105, 82, 53, 52, 29, 28
160, 159, 141, 128, 105, 82, 53, 52, 29
160, 159, 141, 128, 105, 82, 53, 30
160, 143, 126, 103, 80, 55, 54, 31
160, 143, 126, 103, 80, 55, 32
160, 143, 126, 102, 79, 78, 56, 33
160, 143, 126, 102, 79, 78, 56, 34
160, 143, 126, 102, 101, 100, 77, 57, 35
160, 143, 126, 102, 101, 100, 77, 76, 58, 36
160, 161, 162, 163, 164, 165, 148, 122, 98, 75, 59, 37
160, 161, 162, 163, 164, 165, 148, 122, 98, 75, 59, 37, 38
160, 161, 162, 163, 164, 165, 148, 122, 98, 75, 59, 37, 38, 39
160, 161, 162, 163, 164, 165, 166, 149, 121, 96, 74, 61, 40
160, 161, 162, 163, 164, 165, 166, 167, 150, 120, 95, 73, 62, 41
160, 161, 162, 163, 164, 165, 166, 167, 150, 120, 95, 73, 62, 41, 42
160, 161, 162, 163, 164, 165, 166, 167, 150, 120, 95, 73, 62, 41, 42, 43
160, 159, 141, 129, 130, 110, 108, 85, 86, 87, 88, 68, 66, 44
160, 159, 141, 128, 105, 106, 83, 84, 50, 26, 2, 3, 4, 5, 6, 45
160, 159, 141, 129, 130, 110, 108, 85, 49, 48, 47, 46
160, 159, 141, 129, 130, 110, 108, 85, 49, 48, 47
160, 159, 141, 129, 130, 110, 108, 85, 49, 48
160, 159, 141, 129, 130, 110, 108, 85, 49
160, 159, 141, 128, 105, 106, 83, 84, 50
160, 159, 141, 128, 105, 106, 83, 84, 51
160, 159, 141, 128, 105, 82, 53, 52
160, 159, 141, 128, 105, 82, 53
160, 143, 126, 103, 80, 55, 54
160, 143, 126, 103, 80, 55
160, 143, 126, 102, 79, 78, 56
160, 143, 126, 102, 101, 100, 77, 57
160, 143, 126, 102, 101, 100, 77, 76, 58
160, 161, 162, 163, 164, 165, 148, 122, 98, 75, 59
160, 161, 162, 163, 164, 165, 166, 149, 121, 96, 74, 60
160, 161, 162, 163, 164, 165, 166, 149, 121, 96, 74, 61
160, 161, 162, 163, 164, 165, 166, 167, 150, 120, 95, 73, 62
160, 161, 162, 163, 164, 165, 166, 167, 150, 120, 95, 73, 62, 63
160, 161, 162, 163, 164, 165, 166, 167, 150, 120, 95, 73, 62, 63, 64
160, 159, 141, 129, 130, 110, 108, 85, 86, 87, 88, 68, 66, 65
160, 159, 141, 129, 130, 110, 108, 85, 86, 87, 88, 68, 66
160, 159, 141, 129, 130, 110, 108, 85, 49, 48, 47, 46, 67
160, 159, 141, 129, 130, 110, 108, 85, 86, 87, 88, 68
160, 159, 141, 129, 130, 110, 108, 85, 86, 87, 88, 68, 69
160, 161, 162, 163, 164, 165, 166, 167, 150, 120, 95, 73, 72, 71, 70
160, 161, 162, 163, 164, 165, 166, 167, 150, 120, 95, 73, 72, 71
160, 161, 162, 163, 164, 165, 166, 167, 150, 120, 95, 73, 72
160, 161, 162, 163, 164, 165, 166, 167, 150, 120, 95, 73
160, 161, 162, 163, 164, 165, 166, 149, 121, 96, 74
160, 161, 162, 163, 164, 165, 148, 122, 98, 75
160, 143, 126, 102, 101, 100, 77, 76
160, 143, 126, 102, 101, 100, 77
160, 143, 126, 102, 79, 78
160, 143, 126, 102, 79
160, 143, 126, 103, 80
160, 143, 126, 103, 104, 81
160, 159, 141, 128, 105, 82
160, 159, 141, 128, 105, 106, 83
160, 159, 141, 128, 105, 106, 83, 84
160, 159, 141, 129, 130, 110, 108, 85
160, 159, 141, 129, 130, 110, 108, 85, 86
160, 159, 141, 129, 130, 110, 108, 85, 86, 87
160, 159, 141, 129, 130, 110, 108, 85, 86, 87, 88
160, 159, 141, 129, 130, 110, 108, 109, 89
160, 159, 141, 129, 130, 110, 108, 109, 89, 90
160, 159, 141, 129, 130, 110, 108, 109, 89, 90, 91
160, 159, 141, 129, 130, 110, 108, 109, 89, 90, 91, 92
160, 161, 162, 163, 164, 165, 166, 167, 150, 120, 95, 94, 93
160, 161, 162, 163, 164, 165, 166, 167, 150, 120, 95, 94
160, 161, 162, 163, 164, 165, 166, 167, 150, 120, 95
160, 161, 162, 163, 164, 165, 166, 149, 121, 96
160, 161, 162, 163, 164, 165, 148, 122, 97
160, 161, 162, 163, 164, 165, 148, 122, 98
160, 143, 144, 145, 124, 123, 99
