1209, 1208, 1242, 1248, 1249, 1250, 1251, 1252, 1282, 1308, 1331, 1333, 1351, 1352, 1389, 1399, 1425, 1447, 1462, 1491, 1503, 1530, 1537, 2, 1, 0
1209, 1208, 1242, 1248, 1249, 1250, 1251, 1252, 1282, 1308, 1331, 1333, 1351, 1352, 1389, 1399, 1425, 1447, 1462, 1491, 1503, 1530, 1537, 2, 1
1209, 1208, 1242, 1248, 1249, 1250, 1251, 1252, 1282, 1308, 1331, 1333, 1351, 1352, 1389, 1399, 1425, 1447, 1462, 1491, 1503, 1530, 1537, 2
1209, 1208, 1242, 1248, 1249, 1250, 1251, 1252, 1282, 1308, 1331, 1333, 1351, 1352, 1389, 1399, 1425, 1447, 1462, 1491, 1503, 1530, 1537, 3
1209, 1208, 1242, 1247, 1278, 1304, 1327, 1328, 1329, 1349, 1369, 1384, 1385, 1402, 1427, 1426, 1444, 1460, 1488, 1501, 1531, 1536, 4
1209, 1208, 1242, 1247, 1278, 1304, 1327, 1328, 1329, 1349, 1369, 1384, 1385, 1402, 1427, 1426, 1444, 1460, 1488, 1501, 1532, 1535, 5
1209, 1208, 1242, 1247, 1278, 1304, 1327, 1328, 1329, 1349, 1369, 1384, 1404, 1429, 1428, 1442, 1457, 1487, 1500, 1533, 1554, 6
1209, 1208, 1242, 1247, 1278, 1304, 1327, 1347, 1366, 1382, 1406, 1412, 1439, 1440, 1455, 1485, 1498, 1514, 1552, 8, 7
1209, 1208, 1242, 1247, 1278, 1304, 1327, 1347, 1366, 1382, 1406, 1412, 1439, 1440, 1455, 1485, 1498, 1514, 1552, 8
1209, 1208, 1242, 1247, 1278, 1304, 1327, 1347, 1366, 1382, 1406, 1412, 1439, 1440, 1455, 1485, 1498, 1514, 1552, 9
1209, 1208, 1242, 1247, 1278, 1303, 1326, 1346, 1365, 1381, 1407, 1413, 1438, 1452, 1482, 1494, 1517, 1550, 11, 10
1209, 1208, 1242, 1247, 1278, 1303, 1326, 1346, 1365, 1381, 1407, 1413, 1438, 1452, 1482, 1494, 1517, 1550, 11
1209, 1208, 1242, 1247, 1278, 1303, 1326, 1346, 1365, 1381, 1407, 1413, 1438, 1452, 1482, 1495, 1518, 1549, 12
1209, 1240, 1266, 1277, 1302, 1325, 1345, 1364, 1380, 1408, 1414, 1437, 1472, 1481, 1513, 1519, 1546, 13
1209, 1240, 1266, 1265, 1276, 1301, 1324, 1344, 1363, 1379, 1410, 1415, 1435, 1471, 1480, 1512, 1520, 1545, 14
1209, 1240, 1266, 1265, 1276, 1301, 1324, 1344, 1363, 1379, 1410, 1415, 1435, 1471, 1480, 1512, 1520, 1545, 14, 15
1209, 1240, 1266, 1265, 1276, 1301, 1324, 1344, 1363, 1379, 1410, 1415, 1435, 1471, 1480, 1512, 1520, 1521, 1544, 1543, 16
1209, 1240, 1266, 1265, 1276, 1301, 1324, 1344, 1363, 1379, 1410, 1415, 1435, 1471, 1480, 1512, 1520, 1521, 1544, 1543, 16, 17
1209, 1240, 1266, 1265, 1276, 1301, 1324, 1344, 1363, 1379, 1410, 1415, 1435, 1471, 1480, 1512, 1520, 1521, 1544, 1543, 16, 17, 18
1209, 1240, 1266, 1265, 1276, 1301, 1324, 1344, 1363, 1379, 1410, 1415, 1435, 1471, 1480, 1512, 1520, 1521, 1544, 1543, 1542, 1541, 19
1209, 1208, 1242, 1248, 1249, 1250, 1251, 1252, 1282, 1308, 1331, 1333, 1351, 1352, 1389, 1399, 1425, 1447, 1462, 1492, 1493, 1505, 1528, 1539, 1540, 20
1209, 1208, 1242, 1248, 1249, 1250, 1251, 1252, 1282, 1308, 1331, 1333, 1351, 1352, 1389, 1399, 1425, 1447, 1462, 1492, 1493, 1505, 1528, 1539, 21
1209, 1208, 1242, 1247, 1278, 1304, 1327, 1328, 1329, 1349, 1369, 1384, 1385, 1402, 1427, 1426, 1444, 1460, 1488, 1501, 1532, 1535, 5, 22
1209, 1208, 1242, 1247, 1278, 1304, 1327, 1328, 1329, 1349, 1369, 1384, 1385, 1402, 1427, 1426, 1444, 1460, 1488, 1501, 1532, 1535, 5, 23
1209, 1208, 1242, 1247, 1278, 1304, 1327, 1328, 1329, 1349, 1369, 1384, 1385, 1402, 1427, 1426, 1444, 1460, 1488, 1501, 1531, 1536, 4, 24
1209, 1208, 1242, 1248, 1249, 1250, 1251, 1252, 1282, 1308, 1331, 1333, 1351, 1352, 1389, 1399, 1425, 1447, 1462, 1491, 1503, 1530, 1537, 3, 25
1209, 1208, 1242, 1248, 1249, 1250, 1251, 1252, 1282, 1308, 1331, 1333, 1351, 1352, 1389, 1399, 1425, 1447, 1462, 1491, 1503, 1530, 1537, 2, 26
1209, 1208, 1242, 1248, 1249, 1250, 1251, 1252, 1282, 1308, 1331, 1333, 1351, 1352, 1389, 1399, 1425, 1447, 1462, 1492, 1493, 1505, 1528, 1539, 21, 27
1209, 1208, 1242, 1248, 1249, 1250, 1251, 1252, 1282, 1308, 1331, 1333, 1351, 1352, 1389, 1399, 1425, 1447, 1462, 1492, 1493, 1505, 1528, 1539, 21, 28
1209, 1208, 1242, 1248, 1249, 1250, 1251, 1252, 1282, 1308, 1331, 1333, 1351, 1352, 1389, 1399, 1425, 1447, 1462, 1492, 1493, 1505, 1528, 1539, 21, 28, 29
1209, 1240, 1266, 1265, 1276, 1301, 1324, 1344, 1363, 1379, 1410, 1415, 1435, 1471, 1480, 1512, 1520, 1521, 1544, 1543, 16, 17, 18, 30
1209, 1240, 1266, 1265, 1276, 1301, 1324, 1344, 1363, 1379, 1410, 1415, 1435, 1471, 1480, 1512, 1520, 1545, 14, 35, 34, 33, 32, 31
1209, 1240, 1266, 1265, 1276, 1301, 1324, 1344, 1363, 1379, 1410, 1415, 1435, 1471, 1480, 1512, 1520, 1545, 14, 35, 34, 33, 32
1209, 1240, 1266, 1265, 1276, 1301, 1324, 1344, 1363, 1379, 1410, 1415, 1435, 1471, 1480, 1512, 1520, 1545, 14, 35, 34, 33
1209, 1240, 1266, 1265, 1276, 1301, 1324, 1344, 1363, 1379, 1410, 1415, 1435, 1471, 1480, 1512, 1520, 1545, 14, 35, 34
1209, 1240, 1266, 1265, 1276, 1301, 1324, 1344, 1363, 1379, 1410, 1415, 1435, 1471, 1480, 1512, 1520, 1545, 14, 35
1209, 1240, 1266, 1277, 1302, 1325, 1345, 1364, 1380, 1408, 1414, 1437, 1472, 1481, 1513, 1519, 1546, 13, 36
1209, 1208, 1242, 1247, 1278, 1303, 1326, 1346, 1365, 1381, 1407, 1413, 1438, 1452, 1482, 1495, 1518, 1549, 12, 37
1209, 1208, 1242, 1247, 1278, 1303, 1326, 1346, 1365, 1381, 1407, 1413, 1438, 1452, 1482, 1495, 1518, 1549, 12, 38
1209, 1208, 1242, 1247, 1278, 1303, 1326, 1346, 1365, 1381, 1407, 1413, 1438, 1452, 1482, 1494, 1517, 1550, 11, 39
1209, 1208, 1242, 1247, 1278, 1303, 1326, 1346, 1365, 1381, 1407, 1413, 1438, 1452, 1482, 1494, 1517, 1550, 11, 40
1209, 1208, 1242, 1247, 1278, 1303, 1326, 1346, 1365, 1381, 1407, 1413, 1438, 1452, 1482, 1494, 1517, 1550, 11, 10, 41
1209, 1208, 1242, 1247, 1278, 1303, 1326, 1346, 1365, 1381, 1407, 1413, 1438, 1452, 1482, 1494, 1517, 1550, 11, 10, 42
1209, 1208, 1242, 1247, 1278, 1303, 1326, 1346, 1365, 1381, 1407, 1413, 1438, 1452, 1482, 1494, 1517, 1550, 11, 10, 42, 43
1209, 1208, 1242, 1247, 1278, 1304, 1327, 1347, 1366, 1382, 1406, 1412, 1439, 1440, 1455, 1485, 1498, 1514, 1552, 8, 44
1209, 1208, 1242, 1247, 1278, 1304, 1327, 1347, 1366, 1382, 1406, 1412, 1439, 1440, 1455, 1485, 1498, 1514, 1552, 8, 44, 45
1209, 1208, 1242, 1247, 1278, 1304, 1327, 1328, 1329, 1349, 1369, 1384, 1385, 1402, 1427, 1426, 1444, 1460, 1488, 1501, 1531, 1536, 4, 24, 46
1209, 1208, 1242, 1247, 1278, 1304, 1327, 1328, 1329, 1349, 1369, 1384, 1385, 1402, 1427, 1426, 1444, 1460, 1488, 1501, 1531, 1536, 4, 24, 47
1209, 1208, 1242, 1248, 1249, 1250, 1251, 1252, 1282, 1308, 1331, 1333, 1351, 1352, 1389, 1399, 1425, 1447, 1462, 1491, 1503, 1530, 1537, 3, 25, 48
1209, 1208, 1242, 1248, 1249, 1250, 1251, 1252, 1282, 1308, 1331, 1333, 1351, 1352, 1389, 1399, 1425, 1447, 1462, 1491, 1503, 1530, 1537, 2, 26, 49
1209, 1208, 1242, 1248, 1249, 1250, 1251, 1252, 1282, 1308, 1331, 1333, 1351, 1352, 1389, 1399, 1425, 1447, 1462, 1491, 1503, 1530, 1537, 2, 26, 50
1209, 1208, 1242, 1248, 1249, 1250, 1251, 1252, 1282, 1308, 1331, 1333, 1351, 1352, 1389, 1399, 1425, 1447, 1462, 1491, 1503, 1530, 1537, 2, 26, 50, 51
1209, 1208, 1242, 1248, 1249, 1250, 1251, 1252, 1282, 1308, 1331, 1333, 1351, 1352, 1389, 1399, 1425, 1447, 1462, 1492, 1493, 1505, 1528, 1539, 21, 28, 29, 52
1209, 1240, 1266, 1265, 1276, 1301, 1324, 1344, 1363, 1379, 1410, 1415, 1435, 1471, 1480, 1512, 1520, 1545, 14, 35, 34, 33, 32, 55, 54, 53
1209, 1240, 1266, 1265, 1276, 1301, 1324, 1344, 1363, 1379, 1410, 1415, 1435, 1471, 1480, 1512, 1520, 1545, 14, 35, 34, 33, 32, 55, 54
1209, 1240, 1266, 1265, 1276, 1301, 1324, 1344, 1363, 1379, 1410, 1415, 1435, 1471, 1480, 1512, 1520, 1545, 14, 35, 34, 33, 32, 55
1209, 1240, 1266, 1265, 1276, 1301, 1324, 1344, 1363, 1379, 1410, 1415, 1435, 1471, 1480, 1512, 1520, 1545, 14, 35, 34, 56
1209, 1240, 1266, 1265, 1276, 1301, 1324, 1344, 1363, 1379, 1410, 1415, 1435, 1471, 1480, 1512, 1520, 1545, 14, 35, 57
1209, 1240, 1266, 1277, 1302, 1325, 1345, 1364, 1380, 1408, 1414, 1437, 1472, 1481, 1513, 1519, 1546, 13, 36, 58
1209, 1208, 1242, 1247, 1278, 1303, 1326, 1346, 1365, 1381, 1407, 1413, 1438, 1452, 1482, 1495, 1518, 1549, 12, 37, 59
1209, 1208, 1242, 1247, 1278, 1303, 1326, 1346, 1365, 1381, 1407, 1413, 1438, 1452, 1482, 1494, 1517, 1550, 11, 40, 61, 60
1209, 1208, 1242, 1247, 1278, 1303, 1326, 1346, 1365, 1381, 1407, 1413, 1438, 1452, 1482, 1494, 1517, 1550, 11, 40, 61
1209, 1208, 1242, 1247, 1278, 1303, 1326, 1346, 1365, 1381, 1407, 1413, 1438, 1452, 1482, 1494, 1517, 1550, 11, 40, 61, 62
1209, 1208, 1242, 1247, 1278, 1303, 1326, 1346, 1365, 1381, 1407, 1413, 1438, 1452, 1482, 1494, 1517, 1550, 11, 10, 42, 63
1209, 1208, 1242, 1247, 1278, 1303, 1326, 1346, 1365, 1381, 1407, 1413, 1438, 1452, 1482, 1494, 1517, 1550, 11, 10, 42, 63, 64
1209, 1208, 1242, 1247, 1278, 1304, 1327, 1347, 1366, 1382, 1406, 1412, 1439, 1440, 1455, 1485, 1498, 1514, 1552, 8, 44, 65
1209, 1208, 1242, 1247, 1278, 1304, 1327, 1347, 1366, 1382, 1406, 1412, 1439, 1440, 1455, 1485, 1498, 1514, 1552, 8, 44, 66
1209, 1208, 1242, 1247, 1278, 1304, 1327, 1347, 1366, 1382, 1406, 1412, 1439, 1440, 1455, 1485, 1498, 1514, 1552, 8, 44, 66, 67
1209, 1208, 1242, 1247, 1278, 1304, 1327, 1347, 1366, 1382, 1406, 1412, 1439, 1440, 1455, 1485, 1498, 1514, 1552, 8, 44, 66, 68
1209, 1208, 1242, 1247, 1278, 1304, 1327, 1347, 1366, 1382, 1406, 1412, 1439, 1440, 1455, 1485, 1498, 1514, 1552, 8, 44, 66, 69
1209, 1208, 1242, 1247, 1278, 1303, 1326, 1346, 1365, 1381, 1407, 1413, 1438, 1452, 1482, 1494, 1517, 1550, 11, 10, 42, 63, 72, 71, 70
1209, 1208, 1242, 1247, 1278, 1303, 1326, 1346, 1365, 1381, 1407, 1413, 1438, 1452, 1482, 1494, 1517, 1550, 11, 10, 42, 63, 72, 71
1209, 1208, 1242, 1247, 1278, 1303, 1326, 1346, 1365, 1381, 1407, 1413, 1438, 1452, 1482, 1494, 1517, 1550, 11, 10, 42, 63, 72
1209, 1208, 1242, 1247, 1278, 1303, 1326, 1346, 1365, 1381, 1407, 1413, 1438, 1452, 1482, 1494, 1517, 1550, 11, 40, 61, 62, 73
1209, 1208, 1242, 1247, 1278, 1303, 1326, 1346, 1365, 1381, 1407, 1413, 1438, 1452, 1482, 1494, 1517, 1550, 11, 40, 61, 74
1209, 1208, 1242, 1247, 1278, 1303, 1326, 1346, 1365, 1381, 1407, 1413, 1438, 1452, 1482, 1495, 1518, 1549, 12, 37, 59, 75
1209, 1240, 1266, 1277, 1302, 1325, 1345, 1364, 1380, 1408, 1414, 1437, 1472, 1481, 1513, 1519, 1546, 13, 36, 58, 76
1209, 1240, 1266, 1265, 1276, 1301, 1324, 1344, 1363, 1379, 1410, 1415, 1435, 1471, 1480, 1512, 1520, 1545, 14, 35, 57, 77
1209, 1240, 1266, 1265, 1276, 1301, 1324, 1344, 1363, 1379, 1410, 1415, 1435, 1471, 1480, 1512, 1520, 1545, 14, 35, 57, 77, 78
1209, 1240, 1266, 1265, 1276, 1301, 1324, 1344, 1363, 1379, 1410, 1415, 1435, 1471, 1480, 1512, 1520, 1545, 14, 35, 57, 77, 78, 79
1209, 1240, 1266, 1265, 1276, 1301, 1324, 1344, 1363, 1379, 1410, 1415, 1435, 1471, 1480, 1512, 1520, 1545, 14, 35, 57, 77, 78, 79, 80
1209, 1240, 1266, 1265, 1276, 1301, 1324, 1344, 1363, 1379, 1410, 1415, 1435, 1471, 1480, 1512, 1520, 1545, 14, 35, 34, 33, 32, 55, 54, 81
1209, 1240, 1266, 1265, 1276, 1301, 1324, 1344, 1363, 1379, 1410, 1415, 1435, 1471, 1480, 1512, 1520, 1545, 14, 35, 34, 33, 32, 55, 54, 53, 82
1209, 1208, 1242, 1248, 1249, 1250, 1251, 1252, 1282, 1308, 1331, 1333, 1351, 1352, 1389, 1399, 1425, 1447, 1462, 1491, 1503, 1530, 1537, 2, 26, 50, 84, 83
1209, 1208, 1242, 1248, 1249, 1250, 1251, 1252, 1282, 1308, 1331, 1333, 1351, 1352, 1389, 1399, 1425, 1447, 1462, 1491, 1503, 1530, 1537, 2, 26, 50, 84
1209, 1208, 1242, 1248, 1249, 1250, 1251, 1252, 1282, 1308, 1331, 1333, 1351, 1352, 1389, 1399, 1425, 1447, 1462, 1491, 1503, 1530, 1537, 2, 26, 49, 85
1209, 1208, 1242, 1248, 1249, 1250, 1251, 1252, 1282, 1308, 1331, 1333, 1351, 1352, 1389, 1399, 1425, 1447, 1462, 1491, 1503, 1530, 1537, 3, 25, 48, 86
1209, 1208, 1242, 1247, 1278, 1304, 1327, 1328, 1329, 1349, 1369, 1384, 1385, 1402, 1427, 1426, 1444, 1460, 1488, 1501, 1531, 1536, 4, 24, 47, 87
1209, 1208, 1242, 1247, 1278, 1304, 1327, 1347, 1366, 1382, 1406, 1412, 1439, 1440, 1455, 1485, 1498, 1514, 1552, 8, 44, 66, 68, 88
1209, 1208, 1242, 1248, 1249, 1250, 1251, 1252, 1282, 1308, 1331, 1333, 1351, 1352, 1389, 1399, 1425, 1447, 1462, 1491, 1503, 1530, 1537, 3, 25, 48, 86, 89
1209, 1208, 1242, 1247, 1278, 1304, 1327, 1347, 1366, 1382, 1406, 1412, 1439, 1440, 1455, 1485, 1498, 1514, 1552, 8, 44, 66, 68, 91, 90
1209, 1208, 1242, 1247, 1278, 1304, 1327, 1347, 1366, 1382, 1406, 1412, 1439, 1440, 1455, 1485, 1498, 1514, 1552, 8, 44, 66, 68, 91
1209, 1208, 1242, 1247, 1278, 1304, 1327, 1347, 1366, 1382, 1406, 1412, 1439, 1440, 1455, 1485, 1498, 1514, 1552, 8, 44, 66, 69, 92
1209, 1208, 1242, 1247, 1278, 1303, 1326, 1346, 1365, 1381, 1407, 1413, 1438, 1452, 1482, 1494, 1517, 1550, 11, 10, 42, 63, 72, 94, 93
1209, 1208, 1242, 1247, 1278, 1303, 1326, 1346, 1365, 1381, 1407, 1413, 1438, 1452, 1482, 1494, 1517, 1550, 11, 10, 42, 63, 72, 94
1209, 1208, 1242, 1247, 1278, 1303, 1326, 1346, 1365, 1381, 1407, 1413, 1438, 1452, 1482, 1494, 1517, 1550, 11, 40, 61, 62, 73, 95
1209, 1208, 1242, 1247, 1278, 1303, 1326, 1346, 1365, 1381, 1407, 1413, 1438, 1452, 1482, 1494, 1517, 1550, 11, 40, 61, 74, 96
1209, 1208, 1242, 1247, 1278, 1303, 1326, 1346, 1365, 1381, 1407, 1413, 1438, 1452, 1482, 1495, 1518, 1549, 12, 37, 59, 75, 97
1209, 1208, 1242, 1247, 1278, 1303, 1326, 1346, 1365, 1381, 1407, 1413, 1438, 1452, 1482, 1495, 1518, 1549, 12, 37, 59, 75, 98
1209, 1240, 1266, 1277, 1302, 1325, 1345, 1364, 1380, 1408, 1414, 1437, 1472, 1481, 1513, 1519, 1546, 13, 36, 58, 76, 99
