241, 240, 239, 238, 200, 199, 221, 220, 191, 159, 141, 128, 105, 106, 83, 84, 50, 26, 0
241, 240, 239, 238, 200, 199, 221, 220, 191, 159, 141, 128, 105, 106, 83, 84, 50, 26, 1
241, 240, 239, 238, 200, 199, 221, 220, 191, 159, 141, 128, 105, 106, 83, 84, 50, 26, 2
241, 242, 222, 206, 198, 169, 152, 119, 118, 117, 93, 70, 69, 68, 88, 87, 47, 48, 25, 3
241, 204, 196, 197, 167, 150, 120, 95, 73, 62, 41, 42, 43, 9, 8, 7, 6, 5, 4
241, 204, 196, 197, 167, 150, 120, 95, 73, 62, 41, 42, 43, 9, 8, 7, 6, 5
241, 204, 196, 197, 167, 150, 120, 95, 73, 62, 41, 42, 43, 9, 8, 7, 6
241, 204, 196, 197, 167, 150, 120, 95, 73, 62, 41, 42, 43, 9, 8, 7
241, 204, 196, 197, 167, 150, 120, 95, 73, 62, 41, 42, 43, 9, 8
241, 204, 196, 197, 167, 150, 120, 95, 73, 62, 41, 42, 43, 9
241, 204, 196, 166, 149, 121, 96, 74, 61, 40, 11, 10
241, 204, 196, 166, 149, 121, 96, 74, 61, 40, 11
241, 204, 196, 166, 149, 121, 96, 74, 60, 38, 12
241, 204, 196, 166, 149, 121, 96, 74, 60, 38, 12, 13
241, 203, 195, 165, 164, 147, 123, 99, 76, 57, 35, 14
241, 203, 195, 165, 164, 147, 123, 99, 76, 57, 35, 34, 15
241, 203, 195, 165, 164, 147, 123, 99, 76, 57, 35, 34, 15, 16
241, 203, 195, 165, 164, 147, 123, 99, 76, 57, 35, 34, 15, 16, 17
241, 203, 195, 165, 164, 147, 123, 99, 76, 57, 35, 34, 15, 16, 17, 18
241, 240, 239, 238, 200, 199, 221, 220, 191, 159, 141, 128, 105, 82, 53, 30, 19
241, 240, 239, 238, 200, 199, 221, 220, 191, 159, 141, 128, 105, 82, 53, 30, 19, 20
241, 240, 239, 238, 200, 199, 221, 220, 191, 159, 141, 128, 105, 82, 53, 52, 29, 28, 21
241, 204, 196, 197, 167, 150, 120, 95, 73, 62, 41, 42, 43, 44, 45, 22
241, 204, 196, 197, 167, 150, 120, 95, 73, 62, 63, 64, 65, 66, 67, 23
241, 204, 196, 197, 167, 150, 120, 95, 73, 62, 63, 64, 65, 66, 67, 46, 24
241, 242, 222, 206, 198, 169, 152, 119, 118, 117, 93, 70, 69, 68, 88, 87, 47, 48, 25
241, 240, 239, 238, 200, 199, 221, 220, 191, 159, 141, 128, 105, 106, 83, 84, 50, 26
241, 240, 239, 238, 200, 199, 221, 220, 191, 159, 141, 128, 105, 82, 53, 52, 29, 28, 27
241, 240, 239, 238, 200, 199, 221, 220, 191, 159, 141, 128, 105, 82, 53, 52, 29, 28
241, 240, 239, 238, 200, 199, 221, 220, 191, 159, 141, 128, 105, 82, 53, 52, 29
241, 240, 239, 238, 200, 199, 221, 220, 191, 159, 141, 128, 105, 82, 53, 30
241, 203, 195, 165, 164, 163, 146, 124, 125, 101, 102, 80, 55, 54, 31
241, 203, 195, 165, 164, 147, 123, 99, 76, 57, 35, 34, 33, 32
241, 203, 195, 165, 164, 147, 123, 99, 76, 57, 35, 34, 33
241, 203, 195, 165, 164, 147, 123, 99, 76, 57, 35, 34
241, 203, 195, 165, 164, 147, 123, 99, 76, 57, 35
241, 203, 195, 165, 164, 147, 123, 99, 76, 58, 36
241, 204, 196, 166, 149, 121, 96, 74, 60, 38, 37
241, 204, 196, 166, 149, 121, 96, 74, 60, 38
241, 204, 196, 166, 149, 121, 96, 74, 60, 38, 39
241, 204, 196, 166, 149, 121, 96, 74, 61, 40
241, 204, 196, 197, 167, 150, 120, 95, 73, 62, 41
241, 204, 196, 197, 167, 150, 120, 95, 73, 62, 41, 42
241, 204, 196, 197, 167, 150, 120, 95, 73, 62, 41, 42, 43
241, 204, 196, 197, 167, 150, 120, 95, 73, 62, 41, 42, 43, 44
241, 204, 196, 197, 167, 150, 120, 95, 73, 62, 41, 42, 43, 44, 45
241, 204, 196, 197, 167, 150, 120, 95, 73, 62, 63, 64, 65, 66, 67, 46
241, 242, 222, 206, 198, 169, 152, 119, 118, 117, 93, 70, 69, 68, 88, 87, 47
241, 242, 222, 206, 198, 169, 152, 119, 118, 117, 93, 70, 69, 68, 88, 87, 47, 48
241, 240, 239, 238, 237, 236, 235, 234, 219, 190, 158, 140, 139, 138, 110, 108, 85, 49
241, 240, 239, 238, 200, 199, 221, 220, 191, 159, 141, 128, 105, 106, 83, 84, 50
241, 240, 239, 238, 200, 199, 221, 220, 191, 159, 141, 128, 105, 106, 83, 84, 51
241, 240, 239, 238, 200, 199, 221, 220, 191, 159, 141, 128, 105, 82, 53, 52
241, 240, 239, 238, 200, 199, 221, 220, 191, 159, 141, 128, 105, 82, 53
241, 203, 195, 165, 164, 163, 146, 124, 125, 101, 102, 80, 55, 54
241, 203, 195, 165, 164, 163, 146, 124, 125, 101, 102, 80, 55
241, 203, 195, 165, 164, 147, 123, 99, 76, 57, 56
241, 203, 195, 165, 164, 147, 123, 99, 76, 57
241, 203, 195, 165, 164, 147, 123, 99, 76, 58
241, 204, 196, 166, 149, 121, 96, 97, 75, 59
241, 204, 196, 166, 149, 121, 96, 74, 60
241, 204, 196, 166, 149, 121, 96, 74, 61
241, 204, 196, 197, 167, 150, 120, 95, 73, 62
241, 204, 196, 197, 167, 150, 120, 95, 73, 62, 63
241, 204, 196, 197, 167, 150, 120, 95, 73, 62, 63, 64
241, 204, 196, 197, 167, 150, 120, 95, 73, 62, 63, 64, 65
241, 204, 196, 197, 167, 150, 120, 95, 73, 62, 63, 64, 65, 66
241, 204, 196, 197, 167, 150, 120, 95, 73, 62, 63, 64, 65, 66, 67
241, 242, 222, 206, 198, 169, 152, 119, 118, 117, 93, 70, 69, 68
241, 242, 222, 206, 198, 169, 152, 119, 118, 117, 93, 70, 69
241, 242, 222, 206, 198, 169, 152, 119, 118, 117, 93, 70
241, 242, 222, 206, 198, 169, 152, 119, 118, 117, 93, 71
241, 204, 196, 197, 167, 150, 120, 95, 73, 72
241, 204, 196, 197, 167, 150, 120, 95, 73
241, 204, 196, 166, 149, 121, 96, 74
241, 204, 196, 166, 149, 121, 96, 97, 75
241, 203, 195, 165, 164, 147, 123, 99, 76
241, 203, 195, 165, 164, 147, 123, 99, 76, 77
241, 203, 195, 165, 164, 147, 123, 99, 76, 77, 78
241, 203, 195, 165, 164, 147, 123, 99, 76, 77, 78, 79
241, 203, 195, 165, 164, 163, 146, 124, 125, 101, 102, 80
241, 203, 195, 165, 164, 163, 146, 124, 125, 101, 102, 80, 81
241, 240, 239, 238, 200, 199, 221, 220, 191, 159, 141, 128, 105, 82
241, 240, 239, 238, 200, 199, 221, 220, 191, 159, 141, 128, 105, 106, 83
241, 240, 239, 238, 200, 199, 221, 220, 191, 159, 141, 128, 105, 106, 83, 84
241, 240, 239, 238, 237, 236, 235, 234, 219, 190, 158, 140, 139, 138, 110, 108, 85
241, 242, 222, 206, 198, 169, 152, 119, 118, 117, 93, 70, 69, 68, 88, 87, 86
241, 242, 222, 206, 198, 169, 152, 119, 118, 117, 93, 70, 69, 68, 88, 87
241, 242, 222, 206, 198, 169, 152, 119, 118, 117, 93, 70, 69, 68, 88
241, 242, 222, 206, 198, 169, 152, 119, 118, 117, 93, 92, 91, 90, 89
241, 242, 222, 206, 198, 169, 152, 119, 118, 117, 93, 92, 91, 90
241, 242, 222, 206, 198, 169, 152, 119, 118, 117, 93, 92, 91
241, 242, 222, 206, 198, 169, 152, 119, 118, 117, 93, 92
241, 242, 222, 206, 198, 169, 152, 119, 118, 117, 93
241, 204, 196, 197, 167, 150, 120, 95, 94
241, 204, 196, 197, 167, 150, 120, 95
241, 204, 196, 166, 149, 121, 96
241, 204, 196, 166, 149, 121, 96, 97
241, 203, 195, 165, 148, 122, 98
241, 203, 195, 165, 164, 147, 123, 99
