235, 234, 219, 190, 158, 141, 128, 105, 106, 83, 84, 50, 26, 0
235, 234, 219, 190, 158, 141, 128, 105, 106, 83, 84, 50, 26, 1
235, 234, 219, 190, 158, 141, 128, 105, 106, 83, 84, 50, 26, 2
235, 234, 219, 190, 158, 141, 128, 105, 106, 83, 84, 50, 26, 2, 3
235, 234, 219, 190, 158, 141, 128, 105, 106, 83, 84, 50, 26, 2, 3, 4
235, 234, 219, 190, 158, 141, 128, 105, 106, 83, 84, 50, 26, 2, 3, 4, 5
235, 234, 219, 190, 158, 141, 128, 105, 106, 83, 84, 50, 26, 2, 3, 4, 5, 6
235, 234, 219, 190, 158, 140, 139, 138, 110, 108, 85, 86, 87, 88, 68, 66, 44, 7
235, 234, 219, 190, 158, 140, 139, 138, 110, 108, 85, 86, 87, 88, 68, 66, 44, 8
235, 234, 219, 190, 158, 140, 139, 138, 110, 108, 85, 86, 87, 88, 68, 66, 44, 8, 9
235, 220, 221, 199, 200, 194, 195, 196, 166, 149, 121, 96, 74, 61, 40, 11, 10
235, 220, 221, 199, 200, 194, 195, 196, 166, 149, 121, 96, 74, 61, 40, 11
235, 220, 221, 192, 193, 163, 164, 165, 148, 122, 98, 75, 59, 37, 12
235, 220, 221, 192, 161, 144, 145, 124, 100, 77, 76, 58, 36, 13
235, 220, 221, 192, 161, 144, 145, 124, 100, 77, 57, 35, 14
235, 220, 221, 192, 161, 144, 125, 101, 78, 56, 33, 15
235, 220, 191, 160, 143, 126, 103, 80, 55, 32, 16
235, 220, 191, 159, 142, 127, 104, 81, 54, 31, 17
235, 234, 219, 190, 158, 141, 128, 105, 82, 53, 30, 18
235, 234, 219, 190, 158, 141, 128, 105, 82, 53, 30, 19
235, 234, 219, 190, 158, 141, 128, 105, 82, 53, 30, 19, 20
235, 234, 219, 190, 158, 141, 128, 105, 82, 53, 52, 29, 28, 21
235, 234, 219, 190, 158, 141, 128, 105, 106, 83, 84, 50, 26, 2, 3, 4, 5, 22
235, 234, 219, 190, 158, 140, 139, 138, 110, 108, 85, 49, 48, 47, 24, 23
235, 234, 219, 190, 158, 140, 139, 138, 110, 108, 85, 49, 48, 47, 24
235, 234, 219, 190, 158, 141, 128, 105, 106, 83, 84, 50, 26, 25
235, 234, 219, 190, 158, 141, 128, 105, 106, 83, 84, 50, 26
235, 234, 219, 190, 158, 141, 128, 105, 82, 53, 52, 29, 28, 27
235, 234, 219, 190, 158, 141, 128, 105, 82, 53, 52, 29, 28
235, 234, 219, 190, 158, 141, 128, 105, 82, 53, 52, 29
235, 234, 219, 190, 158, 141, 128, 105, 82, 53, 30
235, 220, 191, 159, 142, 127, 104, 81, 54, 31
235, 220, 191, 160, 143, 126, 103, 80, 55, 32
235, 220, 221, 192, 161, 144, 125, 101, 78, 56, 33
235, 220, 221, 192, 161, 144, 125, 101, 78, 56, 34
235, 220, 221, 192, 161, 144, 145, 124, 100, 77, 57, 35
235, 220, 221, 192, 161, 144, 145, 124, 100, 77, 76, 58, 36
235, 220, 221, 192, 193, 163, 164, 165, 148, 122, 98, 75, 59, 37
235, 220, 221, 192, 193, 163, 164, 165, 148, 122, 98, 75, 59, 37, 38
235, 220, 221, 192, 193, 163, 164, 165, 148, 122, 98, 75, 59, 37, 38, 39
235, 220, 221, 199, 200, 194, 195, 196, 166, 149, 121, 96, 74, 61, 40
235, 220, 221, 199, 200, 194, 195, 196, 197, 167, 150, 120, 95, 73, 62, 41
235, 220, 221, 199, 200, 194, 195, 196, 197, 167, 150, 120, 95, 73, 62, 41, 42
235, 220, 221, 199, 200, 194, 195, 196, 197, 167, 150, 120, 95, 73, 62, 41, 42, 43
235, 234, 219, 190, 158, 140, 139, 138, 110, 108, 85, 86, 87, 88, 68, 66, 44
235, 234, 219, 190, 158, 141, 128, 105, 106, 83, 84, 50, 26, 2, 3, 4, 5, 6, 45
235, 234, 219, 190, 158, 140, 139, 138, 110, 108, 85, 49, 48, 47, 46
235, 234, 219, 190, 158, 140, 139, 138, 110, 108, 85, 49, 48, 47
235, 234, 219, 190, 158, 140, 139, 138, 110, 108, 85, 49, 48
235, 234, 219, 190, 158, 140, 139, 138, 110, 108, 85, 49
235, 234, 219, 190, 158, 141, 128, 105, 106, 83, 84, 50
235, 234, 219, 190, 158, 141, 128, 105, 106, 83, 84, 51
235, 234, 219, 190, 158, 141, 128, 105, 82, 53, 52
235, 234, 219, 190, 158, 141, 128, 105, 82, 53
235, 220, 191, 159, 142, 127, 104, 81, 54
235, 220, 191, 160, 143, 126, 103, 80, 55
235, 220, 221, 192, 161, 144, 125, 101, 78, 56
235, 220, 221, 192, 161, 144, 145, 124, 100, 77, 57
235, 220, 221, 192, 161, 144, 145, 124, 100, 77, 76, 58
235, 220, 221, 192, 193, 163, 164, 165, 148, 122, 98, 75, 59
235, 220, 221, 199, 200, 194, 195, 196, 166, 149, 121, 96, 74, 60
235, 220, 221, 199, 200, 194, 195, 196, 166, 149, 121, 96, 74, 61
235, 220, 221, 199, 200, 194, 195, 196, 197, 167, 150, 120, 95, 73, 62
235, 220, 221, 199, 200, 194, 195, 196, 197, 167, 150, 120, 95, 73, 62, 63
235, 220, 221, 199, 200, 194, 195, 196, 197, 167, 150, 120, 95, 73, 62, 63, 64
235, 234, 219, 190, 158, 140, 139, 138, 110, 108, 85, 86, 87, 88, 68, 66, 65
235, 234, 219, 190, 158, 140, 139, 138, 110, 108, 85, 86, 87, 88, 68, 66
235, 234, 219, 190, 158, 140, 139, 138, 110, 108, 85, 49, 48, 47, 46, 67
235, 234, 219, 190, 158, 140, 139, 138, 110, 108, 85, 86, 87, 88, 68
235, 234, 219, 190, 158, 140, 139, 138, 110, 108, 85, 86, 87, 88, 68, 69
235, 234, 219, 190, 158, 140, 139, 138, 110, 108, 85, 86, 87, 88, 68, 69, 70
235, 234, 219, 190, 158, 140, 139, 138, 110, 108, 85, 86, 87, 88, 68, 69, 70, 71
235, 220, 221, 199, 200, 194, 195, 196, 197, 167, 150, 120, 95, 73, 72
235, 220, 221, 199, 200, 194, 195, 196, 197, 167, 150, 120, 95, 73
235, 220, 221, 199, 200, 194, 195, 196, 166, 149, 121, 96, 74
235, 220, 221, 192, 193, 163, 164, 165, 148, 122, 98, 75
235, 220, 221, 192, 161, 144, 145, 124, 100, 77, 76
235, 220, 221, 192, 161, 144, 145, 124, 100, 77
235, 220, 221, 192, 161, 144, 125, 101, 78
235, 220, 191, 160, 143, 126, 102, 79
235, 220, 191, 160, 143, 126, 103, 80
235, 220, 191, 159, 142, 127, 104, 81
235, 234, 219, 190, 158, 141, 128, 105, 82
235, 234, 219, 190, 158, 141, 128, 105, 106, 83
235, 234, 219, 190, 158, 141, 128, 105, 106, 83, 84
235, 234, 219, 190, 158, 140, 139, 138, 110, 108, 85
235, 234, 219, 190, 158, 140, 139, 138, 110, 108, 85, 86
235, 234, 219, 190, 158, 140, 139, 138, 110, 108, 85, 86, 87
235, 234, 219, 190, 158, 140, 139, 138, 110, 108, 85, 86, 87, 88
235, 234, 219, 190, 158, 140, 139, 138, 110, 108, 109, 89
235, 234, 219, 190, 158, 140, 139, 138, 110, 108, 109, 89, 90
235, 234, 219, 190, 158, 140, 139, 138, 110, 108, 109, 89, 90, 91
235, 234, 219, 190, 158, 140, 139, 138, 110, 108, 109, 89, 90, 91, 92
235, 236, 237, 238, 239, 240, 241, 242, 222, 206, 198, 169, 152, 119, 118, 117, 93
235, 220, 221, 199, 200, 194, 195, 196, 197, 167, 150, 120, 95, 94
235, 220, 221, 199, 200, 194, 195, 196, 197, 167, 150, 120, 95
235, 220, 221, 199, 200, 194, 195, 196, 166, 149, 121, 96
235, 220, 221, 192, 193, 163, 164, 165, 148, 122, 97
235, 220, 221, 192, 193, 163, 164, 165, 148, 122, 98
235, 220, 221, 192, 193, 163, 164, 147, 123, 99
