482, 448, 425, 396, 392, 353, 330, 325, 293, 271, 250, 232, 217, 187, 156, 139, 130, 106, 83, 84, 50, 26, 0
482, 448, 425, 396, 392, 353, 330, 325, 293, 271, 250, 232, 217, 187, 156, 139, 130, 106, 83, 84, 50, 26, 1
482, 448, 425, 396, 392, 353, 330, 325, 293, 271, 250, 232, 217, 187, 156, 139, 130, 106, 83, 84, 50, 26, 2
482, 448, 425, 396, 392, 353, 330, 325, 293, 271, 250, 232, 217, 187, 156, 139, 130, 106, 83, 84, 50, 26, 2, 3
482, 448, 425, 396, 392, 353, 330, 325, 293, 271, 250, 232, 217, 187, 156, 139, 130, 106, 83, 84, 50, 26, 2, 3, 4
482, 481, 480, 445, 421, 415, 389, 388, 358, 347, 307, 288, 277, 244, 227, 212, 181, 172, 133, 115, 91, 88, 67, 23, 5
482, 481, 480, 445, 421, 415, 389, 388, 358, 347, 307, 288, 277, 244, 227, 212, 181, 172, 132, 116, 92, 69, 66, 45, 6
482, 481, 480, 445, 421, 415, 389, 388, 358, 347, 307, 288, 277, 244, 227, 212, 181, 172, 132, 116, 92, 69, 66, 44, 7
482, 481, 480, 445, 421, 415, 389, 388, 358, 347, 307, 288, 277, 244, 227, 212, 181, 172, 132, 116, 92, 69, 66, 44, 8
482, 481, 480, 445, 421, 415, 389, 388, 358, 347, 307, 288, 277, 244, 227, 212, 181, 172, 132, 116, 92, 69, 66, 44, 8, 9
482, 481, 480, 445, 444, 443, 419, 413, 412, 385, 361, 362, 343, 311, 304, 281, 261, 222, 206, 198, 169, 151, 120, 95, 73, 62, 41, 10
482, 481, 480, 445, 444, 443, 419, 413, 412, 385, 361, 362, 343, 311, 304, 281, 261, 222, 206, 198, 169, 151, 120, 95, 73, 62, 61, 40, 11
482, 481, 480, 445, 444, 443, 419, 413, 412, 385, 361, 362, 343, 311, 304, 281, 261, 222, 206, 198, 169, 151, 120, 95, 73, 74, 60, 38, 12
482, 448, 449, 426, 398, 372, 352, 351, 332, 323, 295, 269, 253, 235, 220, 221, 192, 161, 144, 145, 124, 100, 77, 76, 58, 36, 13
482, 448, 449, 426, 398, 372, 352, 351, 332, 323, 295, 269, 253, 235, 220, 221, 192, 161, 144, 145, 124, 100, 77, 57, 35, 14
482, 448, 425, 396, 392, 353, 330, 325, 293, 271, 250, 232, 218, 189, 157, 140, 129, 105, 82, 53, 54, 55, 32, 33, 15
482, 448, 425, 396, 392, 353, 330, 325, 293, 271, 250, 232, 218, 189, 157, 140, 129, 105, 82, 53, 54, 31, 17, 16
482, 448, 425, 396, 392, 353, 330, 325, 293, 271, 250, 232, 218, 189, 157, 140, 129, 105, 82, 53, 54, 31, 17
482, 448, 425, 396, 392, 353, 330, 325, 293, 271, 250, 232, 218, 189, 157, 140, 129, 105, 82, 53, 30, 18
482, 448, 425, 396, 392, 353, 330, 325, 293, 271, 250, 232, 218, 189, 157, 140, 129, 105, 82, 53, 30, 19
482, 448, 425, 396, 392, 353, 330, 325, 293, 271, 250, 232, 217, 187, 156, 139, 130, 106, 83, 52, 29, 20
482, 448, 425, 396, 392, 353, 330, 325, 293, 271, 250, 232, 217, 187, 156, 139, 130, 106, 83, 52, 29, 28, 21
482, 481, 480, 445, 421, 415, 389, 388, 358, 347, 307, 288, 277, 244, 227, 212, 181, 172, 133, 115, 91, 88, 67, 22
482, 481, 480, 445, 421, 415, 389, 388, 358, 347, 307, 288, 277, 244, 227, 212, 181, 172, 133, 115, 91, 88, 67, 23
482, 448, 425, 396, 392, 353, 330, 325, 293, 271, 250, 232, 217, 187, 186, 177, 138, 110, 108, 85, 49, 48, 47, 24
482, 448, 425, 396, 392, 353, 330, 325, 293, 271, 250, 232, 217, 187, 156, 139, 130, 106, 83, 84, 50, 26, 25
482, 448, 425, 396, 392, 353, 330, 325, 293, 271, 250, 232, 217, 187, 156, 139, 130, 106, 83, 84, 50, 26
482, 448, 425, 396, 392, 353, 330, 325, 293, 271, 250, 232, 217, 187, 156, 139, 130, 106, 83, 52, 29, 28, 27
482, 448, 425, 396, 392, 353, 330, 325, 293, 271, 250, 232, 217, 187, 156, 139, 130, 106, 83, 52, 29, 28
482, 448, 425, 396, 392, 353, 330, 325, 293, 271, 250, 232, 217, 187, 156, 139, 130, 106, 83, 52, 29
482, 448, 425, 396, 392, 353, 330, 325, 293, 271, 250, 232, 218, 189, 157, 140, 129, 105, 82, 53, 30
482, 448, 425, 396, 392, 353, 330, 325, 293, 271, 250, 232, 218, 189, 157, 140, 129, 105, 82, 53, 54, 31
482, 448, 425, 396, 392, 353, 330, 325, 293, 271, 250, 232, 218, 189, 157, 140, 129, 105, 82, 53, 54, 55, 32
482, 448, 425, 396, 392, 353, 330, 325, 293, 271, 250, 232, 218, 189, 157, 140, 129, 105, 82, 53, 54, 55, 32, 33
482, 448, 425, 396, 392, 353, 330, 325, 293, 271, 250, 232, 218, 189, 157, 140, 129, 105, 82, 53, 54, 55, 32, 33, 34
482, 448, 449, 426, 398, 372, 352, 351, 332, 323, 295, 269, 253, 235, 220, 221, 192, 161, 144, 145, 124, 100, 77, 57, 35
482, 448, 449, 426, 398, 372, 352, 351, 332, 323, 295, 269, 253, 235, 220, 221, 192, 161, 144, 145, 124, 100, 77, 76, 58, 36
482, 481, 480, 445, 444, 443, 419, 413, 412, 385, 361, 362, 343, 311, 304, 281, 261, 222, 206, 198, 169, 151, 120, 95, 73, 74, 60, 38, 37
482, 481, 480, 445, 444, 443, 419, 413, 412, 385, 361, 362, 343, 311, 304, 281, 261, 222, 206, 198, 169, 151, 120, 95, 73, 74, 60, 38
482, 481, 480, 445, 444, 443, 419, 413, 412, 385, 361, 362, 343, 311, 304, 281, 261, 222, 206, 198, 169, 151, 120, 95, 73, 62, 61, 39
482, 481, 480, 445, 444, 443, 419, 413, 412, 385, 361, 362, 343, 311, 304, 281, 261, 222, 206, 198, 169, 151, 120, 95, 73, 62, 61, 40
482, 481, 480, 445, 444, 443, 419, 413, 412, 385, 361, 362, 343, 311, 304, 281, 261, 222, 206, 198, 169, 151, 120, 95, 73, 62, 41
482, 481, 480, 445, 444, 443, 419, 413, 412, 385, 361, 362, 343, 311, 304, 281, 261, 222, 206, 198, 169, 151, 120, 95, 73, 62, 41, 42
482, 481, 480, 445, 421, 415, 389, 388, 358, 347, 307, 288, 277, 243, 264, 226, 210, 179, 171, 170, 154, 117, 118, 94, 72, 64, 43
482, 481, 480, 445, 421, 415, 389, 388, 358, 347, 307, 288, 277, 244, 227, 212, 181, 172, 132, 116, 92, 69, 66, 44
482, 481, 480, 445, 421, 415, 389, 388, 358, 347, 307, 288, 277, 244, 227, 212, 181, 172, 132, 116, 92, 69, 66, 45
482, 448, 425, 396, 392, 353, 330, 325, 293, 271, 250, 232, 217, 187, 186, 177, 138, 110, 108, 85, 49, 48, 47, 46
482, 448, 425, 396, 392, 353, 330, 325, 293, 271, 250, 232, 217, 187, 186, 177, 138, 110, 108, 85, 49, 48, 47
482, 448, 425, 396, 392, 353, 330, 325, 293, 271, 250, 232, 217, 187, 186, 177, 138, 110, 108, 85, 49, 48
482, 448, 425, 396, 392, 353, 330, 325, 293, 271, 250, 232, 217, 187, 186, 177, 138, 110, 108, 85, 49
482, 448, 425, 396, 392, 353, 330, 325, 293, 271, 250, 232, 217, 187, 156, 139, 130, 106, 83, 84, 50
482, 448, 425, 396, 392, 353, 330, 325, 293, 271, 250, 232, 217, 187, 156, 139, 130, 106, 83, 84, 51
482, 448, 425, 396, 392, 353, 330, 325, 293, 271, 250, 232, 217, 187, 156, 139, 130, 106, 83, 52
482, 448, 425, 396, 392, 353, 330, 325, 293, 271, 250, 232, 218, 189, 157, 140, 129, 105, 82, 53
482, 448, 425, 396, 392, 353, 330, 325, 293, 271, 250, 232, 218, 189, 157, 140, 129, 105, 82, 53, 54
482, 448, 425, 396, 392, 353, 330, 325, 293, 271, 250, 232, 218, 189, 157, 140, 129, 105, 82, 53, 54, 55
482, 448, 425, 396, 392, 353, 330, 325, 293, 271, 250, 232, 218, 189, 157, 140, 129, 105, 82, 53, 54, 55, 56
482, 448, 449, 426, 398, 372, 352, 351, 332, 323, 295, 269, 253, 235, 220, 221, 192, 161, 144, 145, 124, 100, 77, 57
482, 448, 449, 426, 398, 372, 352, 351, 332, 323, 295, 269, 253, 235, 220, 221, 192, 161, 144, 145, 124, 100, 77, 76, 58
482, 481, 480, 445, 444, 443, 419, 413, 412, 385, 361, 362, 343, 311, 304, 281, 261, 222, 206, 198, 169, 151, 120, 95, 73, 74, 60, 59
482, 481, 480, 445, 444, 443, 419, 413, 412, 385, 361, 362, 343, 311, 304, 281, 261, 222, 206, 198, 169, 151, 120, 95, 73, 74, 60
482, 481, 480, 445, 444, 443, 419, 413, 412, 385, 361, 362, 343, 311, 304, 281, 261, 222, 206, 198, 169, 151, 120, 95, 73, 62, 61
482, 481, 480, 445, 444, 443, 419, 413, 412, 385, 361, 362, 343, 311, 304, 281, 261, 222, 206, 198, 169, 151, 120, 95, 73, 62
482, 481, 480, 445, 421, 415, 389, 388, 358, 347, 307, 288, 277, 243, 264, 226, 210, 179, 171, 170, 154, 117, 118, 94, 72, 63
482, 481, 480, 445, 421, 415, 389, 388, 358, 347, 307, 288, 277, 243, 264, 226, 210, 179, 171, 170, 154, 117, 118, 94, 72, 64
482, 481, 480, 445, 421, 415, 389, 388, 358, 347, 307, 288, 277, 244, 227, 212, 181, 172, 132, 116, 92, 69, 66, 65
482, 481, 480, 445, 421, 415, 389, 388, 358, 347, 307, 288, 277, 244, 227, 212, 181, 172, 132, 116, 92, 69, 66
482, 481, 480, 445, 421, 415, 389, 388, 358, 347, 307, 288, 277, 244, 227, 212, 181, 172, 133, 115, 91, 88, 67
482, 481, 480, 445, 421, 415, 389, 388, 358, 347, 307, 288, 277, 244, 227, 212, 181, 172, 133, 115, 91, 68
482, 481, 480, 445, 421, 415, 389, 388, 358, 347, 307, 288, 277, 244, 227, 212, 181, 172, 132, 116, 92, 69
482, 481, 480, 445, 421, 415, 389, 388, 358, 347, 307, 288, 277, 244, 227, 212, 181, 172, 132, 116, 92, 69, 70
482, 481, 480, 445, 421, 415, 389, 388, 358, 347, 307, 288, 277, 244, 227, 212, 181, 172, 132, 116, 92, 69, 70, 71
482, 481, 480, 445, 421, 415, 389, 388, 358, 347, 307, 288, 277, 243, 264, 226, 210, 179, 171, 170, 154, 117, 118, 94, 72
482, 481, 480, 445, 444, 443, 419, 413, 412, 385, 361, 362, 343, 311, 304, 281, 261, 222, 206, 198, 169, 151, 120, 95, 73
482, 481, 480, 445, 444, 443, 419, 413, 412, 385, 361, 362, 343, 311, 304, 281, 261, 222, 206, 198, 169, 151, 120, 95, 73, 74
482, 481, 480, 445, 444, 443, 419, 413, 412, 385, 361, 362, 343, 311, 304, 281, 261, 222, 206, 198, 168, 150, 149, 121, 96, 97, 75
482, 448, 449, 426, 398, 372, 352, 351, 332, 323, 295, 269, 253, 235, 220, 221, 192, 161, 144, 145, 124, 100, 77, 76
482, 448, 449, 426, 398, 372, 352, 351, 332, 323, 295, 269, 253, 235, 220, 221, 192, 161, 144, 145, 124, 100, 77
482, 448, 449, 426, 398, 372, 352, 351, 332, 323, 295, 269, 253, 235, 220, 221, 192, 161, 144, 125, 101, 78
482, 448, 425, 396, 392, 353, 330, 325, 293, 271, 250, 232, 218, 189, 157, 140, 129, 105, 82, 81, 80, 79
482, 448, 425, 396, 392, 353, 330, 325, 293, 271, 250, 232, 218, 189, 157, 140, 129, 105, 82, 81, 80
482, 448, 425, 396, 392, 353, 330, 325, 293, 271, 250, 232, 218, 189, 157, 140, 129, 105, 82, 81
482, 448, 425, 396, 392, 353, 330, 325, 293, 271, 250, 232, 218, 189, 157, 140, 129, 105, 82
482, 448, 425, 396, 392, 353, 330, 325, 293, 271, 250, 232, 217, 187, 156, 139, 130, 106, 83
482, 448, 425, 396, 392, 353, 330, 325, 293, 271, 250, 232, 217, 187, 156, 139, 130, 106, 83, 84
482, 448, 425, 396, 392, 353, 330, 325, 293, 271, 250, 232, 217, 187, 186, 177, 138, 110, 108, 85
482, 448, 425, 396, 392, 353, 330, 325, 293, 271, 250, 232, 217, 187, 186, 177, 138, 110, 108, 85, 86
482, 481, 480, 445, 421, 415, 389, 388, 358, 347, 307, 288, 277, 244, 227, 212, 182, 173, 135, 114, 90, 87
482, 481, 480, 445, 421, 415, 389, 388, 358, 347, 307, 288, 277, 244, 227, 212, 181, 172, 133, 115, 91, 88
482, 448, 425, 396, 392, 353, 330, 325, 293, 271, 250, 232, 217, 187, 186, 177, 138, 110, 108, 109, 89
482, 481, 480, 445, 421, 415, 389, 388, 358, 347, 307, 288, 277, 244, 227, 212, 182, 173, 135, 114, 90
482, 481, 480, 445, 421, 415, 389, 388, 358, 347, 307, 288, 277, 244, 227, 212, 181, 172, 133, 115, 91
482, 481, 480, 445, 421, 415, 389, 388, 358, 347, 307, 288, 277, 244, 227, 212, 181, 172, 132, 116, 92
482, 481, 480, 445, 421, 415, 389, 388, 358, 347, 307, 288, 277, 243, 264, 226, 210, 179, 171, 170, 154, 117, 93
482, 481, 480, 445, 421, 415, 389, 388, 358, 347, 307, 288, 277, 243, 264, 226, 210, 179, 171, 170, 154, 117, 118, 94
482, 481, 480, 445, 444, 443, 419, 413, 412, 385, 361, 362, 343, 311, 304, 281, 261, 222, 206, 198, 169, 151, 120, 95
482, 481, 480, 445, 444, 443, 419, 413, 412, 385, 361, 362, 343, 311, 304, 281, 261, 222, 206, 198, 168, 150, 149, 121, 96
482, 481, 480, 445, 444, 443, 419, 413, 412, 385, 361, 362, 343, 311, 304, 281, 261, 222, 206, 198, 168, 150, 149, 121, 96, 97
482, 481, 480, 445, 444, 443, 419, 413, 412, 385, 361, 362, 343, 311, 304, 281, 261, 222, 206, 198, 168, 150, 149, 121, 96, 97, 98
482, 462, 463, 464, 465, 453, 454, 430, 401, 375, 371, 336, 320, 298, 267, 255, 237, 199, 193, 163, 164, 147, 123, 99
