671, 650, 634, 601, 587, 555, 554, 542, 512, 494, 465, 452, 428, 400, 374, 350, 333, 323, 295, 269, 270, 252, 233, 219, 190, 158, 141, 128, 105, 106, 83, 84, 50, 26, 0
671, 650, 634, 601, 587, 555, 554, 542, 512, 494, 465, 452, 428, 400, 374, 350, 333, 323, 295, 269, 270, 252, 233, 219, 190, 158, 141, 128, 105, 106, 83, 84, 50, 26, 1
671, 650, 634, 601, 587, 555, 554, 542, 512, 494, 465, 452, 428, 400, 374, 350, 333, 323, 295, 269, 270, 252, 233, 219, 190, 158, 141, 128, 105, 106, 83, 84, 50, 26, 2
671, 650, 634, 601, 587, 555, 554, 542, 512, 494, 465, 452, 428, 400, 374, 350, 333, 323, 295, 269, 270, 252, 233, 219, 190, 158, 141, 128, 105, 106, 83, 84, 50, 26, 2, 3
671, 650, 634, 601, 587, 555, 554, 542, 512, 494, 465, 452, 428, 400, 374, 350, 333, 323, 295, 269, 270, 252, 233, 219, 190, 158, 141, 128, 105, 106, 83, 84, 50, 26, 2, 3, 4
671, 650, 634, 601, 587, 555, 554, 542, 512, 494, 465, 452, 428, 400, 374, 350, 333, 323, 295, 269, 270, 252, 233, 219, 190, 158, 141, 128, 105, 106, 83, 84, 50, 26, 2, 3, 4, 5
671, 672, 651, 632, 605, 606, 584, 583, 560, 536, 517, 500, 481, 480, 445, 421, 415, 389, 388, 358, 347, 307, 288, 277, 244, 227, 212, 181, 172, 132, 116, 92, 69, 66, 45, 6
671, 672, 651, 632, 605, 606, 584, 583, 560, 536, 517, 500, 481, 480, 445, 421, 415, 389, 388, 358, 347, 307, 288, 277, 244, 227, 212, 181, 172, 132, 116, 92, 69, 66, 44, 7
671, 672, 651, 632, 605, 606, 584, 583, 560, 536, 517, 500, 481, 480, 445, 421, 415, 389, 388, 358, 347, 307, 288, 277, 244, 227, 212, 181, 172, 132, 116, 92, 69, 66, 44, 8
671, 650, 634, 601, 587, 588, 553, 543, 510, 493, 466, 455, 431, 402, 376, 370, 337, 319, 299, 266, 257, 258, 240, 241, 204, 196, 197, 167, 150, 120, 95, 73, 62, 41, 42, 43, 9
671, 650, 634, 601, 587, 588, 553, 543, 510, 493, 466, 455, 431, 402, 376, 370, 337, 319, 299, 266, 257, 258, 240, 241, 204, 196, 166, 149, 121, 96, 74, 61, 40, 11, 10
671, 650, 634, 601, 587, 588, 553, 543, 510, 493, 466, 455, 431, 402, 376, 370, 337, 319, 299, 266, 257, 258, 240, 241, 204, 196, 166, 149, 121, 96, 74, 61, 40, 11
671, 650, 634, 601, 587, 555, 554, 542, 512, 494, 465, 453, 454, 430, 401, 375, 371, 336, 320, 298, 267, 255, 237, 199, 193, 163, 164, 165, 148, 122, 98, 75, 59, 37, 12
671, 650, 634, 601, 587, 555, 554, 542, 512, 494, 465, 453, 454, 430, 401, 375, 371, 336, 320, 298, 267, 255, 237, 199, 193, 162, 145, 124, 100, 77, 76, 58, 36, 13
671, 650, 634, 601, 587, 555, 554, 542, 512, 494, 465, 453, 454, 430, 401, 375, 371, 336, 320, 298, 267, 255, 237, 199, 193, 162, 145, 124, 100, 77, 57, 35, 14
671, 650, 634, 601, 587, 555, 554, 542, 512, 494, 465, 452, 428, 400, 374, 350, 333, 323, 295, 269, 253, 235, 220, 221, 192, 161, 144, 125, 101, 78, 56, 33, 15
671, 650, 634, 601, 587, 555, 554, 542, 512, 494, 465, 452, 428, 400, 374, 350, 333, 323, 295, 269, 253, 235, 220, 191, 160, 143, 126, 103, 80, 55, 32, 16
671, 650, 634, 601, 587, 555, 554, 542, 512, 494, 465, 452, 428, 400, 374, 350, 333, 323, 295, 269, 253, 235, 220, 191, 159, 142, 127, 104, 81, 54, 31, 17
671, 650, 634, 601, 587, 555, 554, 542, 512, 494, 465, 452, 428, 400, 374, 350, 333, 323, 295, 269, 270, 252, 233, 219, 190, 158, 141, 128, 105, 82, 53, 30, 18
671, 650, 634, 601, 587, 555, 554, 542, 512, 494, 465, 452, 428, 400, 374, 350, 333, 323, 295, 269, 270, 252, 233, 219, 190, 158, 141, 128, 105, 82, 53, 30, 19
671, 650, 634, 601, 587, 555, 554, 542, 512, 494, 465, 452, 428, 400, 374, 350, 333, 323, 295, 269, 270, 252, 233, 219, 190, 158, 141, 128, 105, 82, 53, 30, 19, 20
671, 650, 634, 601, 587, 555, 554, 542, 512, 494, 465, 452, 428, 400, 374, 350, 333, 323, 295, 269, 270, 252, 233, 219, 190, 158, 141, 128, 105, 82, 53, 52, 29, 28, 21
671, 650, 634, 601, 587, 555, 554, 542, 512, 494, 465, 452, 428, 400, 374, 350, 333, 323, 295, 269, 270, 252, 233, 219, 190, 158, 141, 128, 105, 106, 83, 84, 50, 26, 2, 3, 4, 5, 22
671, 650, 634, 601, 587, 555, 554, 542, 512, 494, 465, 452, 428, 400, 374, 350, 333, 323, 295, 269, 270, 252, 233, 219, 190, 158, 140, 139, 138, 110, 108, 85, 49, 48, 47, 24, 23
671, 650, 634, 601, 587, 555, 554, 542, 512, 494, 465, 452, 428, 400, 374, 350, 333, 323, 295, 269, 270, 252, 233, 219, 190, 158, 140, 139, 138, 110, 108, 85, 49, 48, 47, 24
671, 650, 634, 601, 587, 555, 554, 542, 512, 494, 465, 452, 428, 400, 374, 350, 333, 323, 295, 269, 270, 252, 233, 219, 190, 158, 141, 128, 105, 106, 83, 84, 50, 26, 25
671, 650, 634, 601, 587, 555, 554, 542, 512, 494, 465, 452, 428, 400, 374, 350, 333, 323, 295, 269, 270, 252, 233, 219, 190, 158, 141, 128, 105, 106, 83, 84, 50, 26
671, 650, 634, 601, 587, 555, 554, 542, 512, 494, 465, 452, 428, 400, 374, 350, 333, 323, 295, 269, 270, 252, 233, 219, 190, 158, 141, 128, 105, 82, 53, 52, 29, 28, 27
671, 650, 634, 601, 587, 555, 554, 542, 512, 494, 465, 452, 428, 400, 374, 350, 333, 323, 295, 269, 270, 252, 233, 219, 190, 158, 141, 128, 105, 82, 53, 52, 29, 28
671, 650, 634, 601, 587, 555, 554, 542, 512, 494, 465, 452, 428, 400, 374, 350, 333, 323, 295, 269, 270, 252, 233, 219, 190, 158, 141, 128, 105, 82, 53, 52, 29
671, 650, 634, 601, 587, 555, 554, 542, 512, 494, 465, 452, 428, 400, 374, 350, 333, 323, 295, 269, 270, 252, 233, 219, 190, 158, 141, 128, 105, 82, 53, 30
671, 650, 634, 601, 587, 555, 554, 542, 512, 494, 465, 452, 428, 400, 374, 350, 333, 323, 295, 269, 253, 235, 220, 191, 159, 142, 127, 104, 81, 54, 31
671, 650, 634, 601, 587, 555, 554, 542, 512, 494, 465, 452, 428, 400, 374, 350, 333, 323, 295, 269, 253, 235, 220, 191, 160, 143, 126, 103, 80, 55, 32
671, 650, 634, 601, 587, 555, 554, 542, 512, 494, 465, 452, 428, 400, 374, 350, 333, 323, 295, 269, 253, 235, 220, 221, 192, 161, 144, 125, 101, 78, 56, 33
671, 650, 634, 601, 587, 555, 554, 542, 512, 494, 465, 452, 428, 400, 374, 350, 333, 323, 295, 269, 253, 235, 220, 221, 192, 161, 144, 125, 101, 78, 56, 34
671, 650, 634, 601, 587, 555, 554, 542, 512, 494, 465, 453, 454, 430, 401, 375, 371, 336, 320, 298, 267, 255, 237, 199, 193, 162, 145, 124, 100, 77, 57, 35
671, 650, 634, 601, 587, 555, 554, 542, 512, 494, 465, 453, 454, 430, 401, 375, 371, 336, 320, 298, 267, 255, 237, 199, 193, 162, 145, 124, 100, 77, 76, 58, 36
671, 650, 634, 601, 587, 555, 554, 542, 512, 494, 465, 453, 454, 430, 401, 375, 371, 336, 320, 298, 267, 255, 237, 199, 193, 163, 164, 165, 148, 122, 98, 75, 59, 37
671, 650, 634, 601, 587, 588, 553, 543, 510, 493, 466, 455, 431, 402, 376, 370, 337, 319, 299, 266, 257, 258, 240, 241, 204, 196, 166, 149, 121, 96, 74, 60, 38
671, 650, 634, 601, 587, 588, 553, 543, 510, 493, 466, 455, 431, 402, 376, 370, 337, 319, 299, 266, 257, 258, 240, 241, 204, 196, 166, 149, 121, 96, 74, 60, 38, 39
671, 650, 634, 601, 587, 588, 553, 543, 510, 493, 466, 455, 431, 402, 376, 370, 337, 319, 299, 266, 257, 258, 240, 241, 204, 196, 166, 149, 121, 96, 74, 61, 40
671, 650, 634, 601, 587, 588, 553, 543, 510, 493, 466, 455, 431, 402, 376, 370, 337, 319, 299, 266, 257, 258, 240, 241, 204, 196, 197, 167, 150, 120, 95, 73, 62, 41
671, 650, 634, 601, 587, 588, 553, 543, 510, 493, 466, 455, 431, 402, 376, 370, 337, 319, 299, 266, 257, 258, 240, 241, 204, 196, 197, 167, 150, 120, 95, 73, 62, 41, 42
671, 650, 634, 601, 587, 588, 553, 543, 510, 493, 466, 455, 431, 402, 376, 370, 337, 319, 299, 266, 257, 258, 240, 241, 204, 196, 197, 167, 150, 120, 95, 73, 62, 41, 42, 43
671, 672, 651, 632, 605, 606, 584, 583, 560, 536, 517, 500, 481, 480, 445, 421, 415, 389, 388, 358, 347, 307, 288, 277, 244, 227, 212, 181, 172, 132, 116, 92, 69, 66, 44
671, 672, 651, 632, 605, 606, 584, 583, 560, 536, 517, 500, 481, 480, 445, 421, 415, 389, 388, 358, 347, 307, 288, 277, 244, 227, 212, 181, 172, 132, 116, 92, 69, 66, 45
671, 650, 634, 601, 587, 555, 554, 542, 512, 494, 465, 452, 428, 400, 374, 350, 333, 323, 295, 269, 270, 252, 233, 219, 190, 158, 140, 139, 138, 110, 108, 85, 49, 48, 47, 46
671, 650, 634, 601, 587, 555, 554, 542, 512, 494, 465, 452, 428, 400, 374, 350, 333, 323, 295, 269, 270, 252, 233, 219, 190, 158, 140, 139, 138, 110, 108, 85, 49, 48, 47
671, 650, 634, 601, 587, 555, 554, 542, 512, 494, 465, 452, 428, 400, 374, 350, 333, 323, 295, 269, 270, 252, 233, 219, 190, 158, 140, 139, 138, 110, 108, 85, 49, 48
671, 650, 634, 601, 587, 555, 554, 542, 512, 494, 465, 452, 428, 400, 374, 350, 333, 323, 295, 269, 270, 252, 233, 219, 190, 158, 140, 139, 138, 110, 108, 85, 49
671, 650, 634, 601, 587, 555, 554, 542, 512, 494, 465, 452, 428, 400, 374, 350, 333, 323, 295, 269, 270, 252, 233, 219, 190, 158, 141, 128, 105, 106, 83, 84, 50
671, 650, 634, 601, 587, 555, 554, 542, 512, 494, 465, 452, 428, 400, 374, 350, 333, 323, 295, 269, 270, 252, 233, 219, 190, 158, 141, 128, 105, 106, 83, 84, 51
671, 650, 634, 601, 587, 555, 554, 542, 512, 494, 465, 452, 428, 400, 374, 350, 333, 323, 295, 269, 270, 252, 233, 219, 190, 158, 141, 128, 105, 82, 53, 52
671, 650, 634, 601, 587, 555, 554, 542, 512, 494, 465, 452, 428, 400, 374, 350, 333, 323, 295, 269, 270, 252, 233, 219, 190, 158, 141, 128, 105, 82, 53
671, 650, 634, 601, 587, 555, 554, 542, 512, 494, 465, 452, 428, 400, 374, 350, 333, 323, 295, 269, 253, 235, 220, 191, 159, 142, 127, 104, 81, 54
671, 650, 634, 601, 587, 555, 554, 542, 512, 494, 465, 452, 428, 400, 374, 350, 333, 323, 295, 269, 253, 235, 220, 191, 160, 143, 126, 103, 80, 55
671, 650, 634, 601, 587, 555, 554, 542, 512, 494, 465, 452, 428, 400, 374, 350, 333, 323, 295, 269, 253, 235, 220, 221, 192, 161, 144, 125, 101, 78, 56
671, 650, 634, 601, 587, 555, 554, 542, 512, 494, 465, 453, 454, 430, 401, 375, 371, 336, 320, 298, 267, 255, 237, 199, 193, 162, 145, 124, 100, 77, 57
671, 650, 634, 601, 587, 555, 554, 542, 512, 494, 465, 453, 454, 430, 401, 375, 371, 336, 320, 298, 267, 255, 237, 199, 193, 162, 145, 124, 100, 77, 76, 58
671, 650, 634, 601, 587, 555, 554, 542, 512, 494, 465, 453, 454, 430, 401, 375, 371, 336, 320, 298, 267, 255, 237, 199, 193, 163, 164, 165, 148, 122, 98, 75, 59
671, 650, 634, 601, 587, 588, 553, 543, 510, 493, 466, 455, 431, 402, 376, 370, 337, 319, 299, 266, 257, 258, 240, 241, 204, 196, 166, 149, 121, 96, 74, 60
671, 650, 634, 601, 587, 588, 553, 543, 510, 493, 466, 455, 431, 402, 376, 370, 337, 319, 299, 266, 257, 258, 240, 241, 204, 196, 166, 149, 121, 96, 74, 61
671, 650, 634, 601, 587, 588, 553, 543, 510, 493, 466, 455, 431, 402, 376, 370, 337, 319, 299, 266, 257, 258, 240, 241, 204, 196, 197, 167, 150, 120, 95, 73, 62
671, 650, 634, 601, 587, 588, 553, 543, 510, 493, 466, 455, 431, 402, 376, 370, 337, 319, 299, 266, 257, 258, 240, 241, 204, 196, 197, 167, 150, 120, 95, 73, 62, 63
671, 650, 634, 601, 587, 588, 553, 543, 510, 493, 466, 455, 431, 402, 376, 370, 337, 319, 299, 266, 257, 258, 240, 241, 204, 196, 197, 167, 150, 120, 95, 73, 62, 63, 64
671, 672, 651, 632, 605, 606, 584, 583, 560, 536, 517, 500, 481, 480, 445, 421, 415, 389, 388, 358, 347, 307, 288, 277, 244, 227, 212, 181, 172, 132, 116, 92, 69, 66, 65
671, 672, 651, 632, 605, 606, 584, 583, 560, 536, 517, 500, 481, 480, 445, 421, 415, 389, 388, 358, 347, 307, 288, 277, 244, 227, 212, 181, 172, 132, 116, 92, 69, 66
671, 650, 634, 601, 587, 555, 554, 542, 512, 494, 465, 452, 428, 400, 374, 350, 333, 323, 295, 269, 270, 252, 233, 219, 190, 158, 140, 139, 138, 110, 108, 85, 49, 48, 47, 46, 67
671, 672, 651, 632, 605, 606, 584, 583, 560, 536, 517, 500, 481, 480, 445, 421, 415, 389, 388, 358, 347, 307, 288, 277, 244, 227, 212, 181, 172, 133, 115, 91, 68
671, 672, 651, 632, 605, 606, 584, 583, 560, 536, 517, 500, 481, 480, 445, 421, 415, 389, 388, 358, 347, 307, 288, 277, 244, 227, 212, 181, 172, 132, 116, 92, 69
671, 672, 651, 632, 605, 606, 584, 583, 560, 536, 535, 518, 501, 479, 444, 443, 419, 413, 412, 385, 361, 344, 310, 305, 279, 263, 225, 207, 178, 170, 154, 117, 93, 70
671, 672, 651, 632, 605, 606, 584, 583, 560, 536, 535, 518, 501, 479, 444, 443, 419, 413, 412, 385, 361, 344, 310, 305, 279, 263, 225, 207, 178, 170, 154, 117, 93, 71
671, 650, 634, 601, 587, 588, 553, 543, 510, 493, 466, 455, 431, 402, 376, 370, 337, 338, 339, 340, 315, 302, 303, 282, 261, 222, 206, 198, 169, 152, 119, 118, 94, 72
671, 650, 634, 601, 587, 588, 553, 543, 510, 493, 466, 455, 431, 402, 376, 370, 337, 319, 299, 266, 257, 258, 240, 241, 204, 196, 197, 167, 150, 120, 95, 73
671, 650, 634, 601, 587, 588, 553, 543, 510, 493, 466, 455, 431, 402, 376, 370, 337, 319, 299, 266, 257, 258, 240, 241, 204, 196, 166, 149, 121, 96, 74
671, 650, 634, 601, 587, 555, 554, 542, 512, 494, 465, 453, 454, 430, 401, 375, 371, 336, 320, 298, 267, 255, 237, 199, 193, 163, 164, 165, 148, 122, 98, 75
671, 650, 634, 601, 587, 555, 554, 542, 512, 494, 465, 453, 454, 430, 401, 375, 371, 336, 320, 298, 267, 255, 237, 199, 193, 162, 145, 124, 100, 77, 76
671, 650, 634, 601, 587, 555, 554, 542, 512, 494, 465, 453, 454, 430, 401, 375, 371, 336, 320, 298, 267, 255, 237, 199, 193, 162, 145, 124, 100, 77
671, 650, 634, 601, 587, 555, 554, 542, 512, 494, 465, 452, 428, 400, 374, 350, 333, 323, 295, 269, 253, 235, 220, 221, 192, 161, 144, 125, 101, 78
671, 650, 634, 601, 587, 555, 554, 542, 512, 494, 465, 452, 428, 400, 374, 350, 333, 323, 295, 269, 253, 235, 220, 191, 160, 143, 126, 102, 79
671, 650, 634, 601, 587, 555, 554, 542, 512, 494, 465, 452, 428, 400, 374, 350, 333, 323, 295, 269, 253, 235, 220, 191, 160, 143, 126, 103, 80
671, 650, 634, 601, 587, 555, 554, 542, 512, 494, 465, 452, 428, 400, 374, 350, 333, 323, 295, 269, 253, 235, 220, 191, 159, 142, 127, 104, 81
671, 650, 634, 601, 587, 555, 554, 542, 512, 494, 465, 452, 428, 400, 374, 350, 333, 323, 295, 269, 270, 252, 233, 219, 190, 158, 141, 128, 105, 82
671, 650, 634, 601, 587, 555, 554, 542, 512, 494, 465, 452, 428, 400, 374, 350, 333, 323, 295, 269, 270, 252, 233, 219, 190, 158, 141, 128, 105, 106, 83
671, 650, 634, 601, 587, 555, 554, 542, 512, 494, 465, 452, 428, 400, 374, 350, 333, 323, 295, 269, 270, 252, 233, 219, 190, 158, 141, 128, 105, 106, 83, 84
671, 650, 634, 601, 587, 555, 554, 542, 512, 494, 465, 452, 428, 400, 374, 350, 333, 323, 295, 269, 270, 252, 233, 219, 190, 158, 140, 139, 138, 110, 108, 85
671, 650, 634, 601, 587, 555, 554, 542, 512, 494, 465, 452, 428, 400, 374, 350, 333, 323, 295, 269, 270, 252, 233, 219, 190, 158, 140, 139, 138, 110, 108, 85, 86
671, 650, 634, 601, 587, 555, 554, 542, 512, 494, 465, 452, 428, 400, 374, 350, 333, 323, 295, 269, 270, 252, 233, 219, 190, 158, 140, 139, 138, 110, 108, 85, 86, 87
671, 672, 651, 632, 605, 606, 584, 583, 560, 536, 517, 500, 481, 480, 445, 421, 415, 389, 388, 358, 347, 307, 288, 277, 244, 227, 212, 181, 172, 133, 115, 91, 88
671, 650, 634, 601, 587, 555, 554, 542, 512, 494, 465, 452, 428, 400, 374, 350, 333, 323, 295, 269, 270, 252, 233, 219, 190, 158, 140, 139, 138, 110, 108, 109, 89
671, 650, 634, 601, 587, 555, 554, 542, 512, 494, 465, 452, 428, 400, 374, 350, 333, 323, 295, 269, 270, 252, 233, 219, 190, 158, 140, 139, 138, 110, 108, 109, 89, 90
671, 672, 651, 632, 605, 606, 584, 583, 560, 536, 517, 500, 481, 480, 445, 421, 415, 389, 388, 358, 347, 307, 288, 277, 244, 227, 212, 181, 172, 133, 115, 91
671, 672, 651, 632, 605, 606, 584, 583, 560, 536, 517, 500, 481, 480, 445, 421, 415, 389, 388, 358, 347, 307, 288, 277, 244, 227, 212, 181, 172, 132, 116, 92
671, 672, 651, 632, 605, 606, 584, 583, 560, 536, 535, 518, 501, 479, 444, 443, 419, 413, 412, 385, 361, 344, 310, 305, 279, 263, 225, 207, 178, 170, 154, 117, 93
671, 650, 634, 601, 587, 588, 553, 543, 510, 493, 466, 455, 431, 402, 376, 370, 337, 338, 339, 340, 315, 302, 303, 282, 261, 222, 206, 198, 169, 152, 119, 118, 94
671, 650, 634, 601, 587, 588, 553, 543, 510, 493, 466, 455, 431, 402, 376, 370, 337, 319, 299, 266, 257, 258, 240, 241, 204, 196, 197, 167, 150, 120, 95
671, 650, 634, 601, 587, 588, 553, 543, 510, 493, 466, 455, 431, 402, 376, 370, 337, 319, 299, 266, 257, 258, 240, 241, 204, 196, 166, 149, 121, 96
671, 650, 634, 601, 587, 555, 554, 542, 512, 494, 465, 453, 454, 430, 401, 375, 371, 336, 320, 298, 267, 255, 237, 199, 193, 163, 164, 165, 148, 122, 97
671, 650, 634, 601, 587, 555, 554, 542, 512, 494, 465, 453, 454, 430, 401, 375, 371, 336, 320, 298, 267, 255, 237, 199, 193, 163, 164, 165, 148, 122, 98
671, 650, 634, 601, 587, 555, 554, 542, 512, 494, 465, 453, 454, 430, 401, 375, 371, 336, 320, 298, 267, 255, 237, 199, 193, 163, 164, 147, 123, 99
