861, 882, 919, 931, 932, 964, 969, 999, 1030, 1043, 1044, 1051, 1094, 1098, 1121, 1153, 1171, 1200, 1222, 1226, 1254, 1285, 1310, 1313, 1334, 1352, 1389, 1399, 1425, 1447, 1462, 1491, 1503, 1530, 1537, 2, 1, 0
861, 882, 919, 931, 932, 964, 969, 999, 1030, 1043, 1044, 1051, 1094, 1098, 1121, 1153, 1171, 1200, 1222, 1226, 1254, 1285, 1310, 1313, 1334, 1352, 1389, 1399, 1425, 1447, 1462, 1491, 1503, 1530, 1537, 2, 1
861, 882, 919, 931, 932, 964, 969, 999, 1030, 1043, 1044, 1051, 1094, 1098, 1121, 1153, 1171, 1200, 1222, 1226, 1254, 1285, 1310, 1313, 1334, 1352, 1389, 1399, 1425, 1447, 1462, 1491, 1503, 1530, 1537, 2
861, 882, 919, 931, 932, 964, 969, 999, 1030, 1043, 1044, 1051, 1094, 1098, 1121, 1153, 1171, 1200, 1222, 1226, 1254, 1285, 1310, 1313, 1334, 1352, 1389, 1399, 1425, 1447, 1462, 1491, 1503, 1530, 1537, 3
861, 882, 919, 931, 965, 990, 996, 1028, 1041, 1072, 1090, 1114, 1118, 1157, 1176, 1182, 1206, 1244, 1250, 1251, 1252, 1282, 1308, 1331, 1333, 1351, 1387, 1401, 1427, 1426, 1444, 1460, 1488, 1501, 1531, 1536, 4
861, 882, 919, 931, 965, 990, 996, 1028, 1041, 1072, 1090, 1114, 1118, 1157, 1176, 1182, 1206, 1244, 1250, 1251, 1252, 1282, 1308, 1331, 1333, 1351, 1387, 1401, 1427, 1426, 1444, 1460, 1488, 1501, 1532, 1535, 5
861, 882, 919, 931, 965, 990, 996, 1028, 1041, 1072, 1090, 1114, 1118, 1157, 1176, 1182, 1206, 1244, 1250, 1251, 1252, 1282, 1308, 1331, 1332, 1350, 1385, 1403, 1428, 1442, 1457, 1487, 1500, 1533, 1554, 6
861, 882, 919, 931, 965, 990, 996, 1028, 1041, 1072, 1090, 1114, 1118, 1157, 1176, 1182, 1206, 1244, 1250, 1280, 1306, 1328, 1348, 1368, 1383, 1405, 1411, 1440, 1455, 1485, 1498, 1514, 1552, 8, 7
861, 882, 919, 931, 965, 990, 996, 1028, 1041, 1072, 1090, 1114, 1118, 1157, 1176, 1182, 1206, 1244, 1250, 1280, 1306, 1328, 1348, 1368, 1383, 1405, 1411, 1440, 1455, 1485, 1498, 1514, 1552, 8
861, 882, 919, 931, 965, 990, 996, 1028, 1041, 1072, 1090, 1114, 1118, 1157, 1176, 1182, 1206, 1244, 1250, 1280, 1306, 1328, 1348, 1368, 1383, 1405, 1411, 1440, 1455, 1485, 1498, 1514, 1552, 9
861, 882, 919, 931, 965, 990, 996, 1028, 1041, 1072, 1090, 1114, 1118, 1157, 1176, 1182, 1206, 1244, 1250, 1280, 1306, 1328, 1348, 1368, 1383, 1405, 1411, 1440, 1454, 1484, 1497, 1515, 1551, 10
861, 882, 919, 931, 965, 990, 996, 1028, 1041, 1072, 1090, 1114, 1116, 1158, 1177, 1183, 1208, 1242, 1247, 1278, 1303, 1326, 1346, 1365, 1381, 1407, 1413, 1438, 1452, 1482, 1494, 1517, 1550, 11
861, 882, 919, 931, 965, 990, 996, 1028, 1041, 1072, 1090, 1114, 1116, 1158, 1177, 1183, 1208, 1242, 1247, 1278, 1303, 1326, 1346, 1365, 1381, 1407, 1413, 1438, 1452, 1482, 1495, 1518, 1549, 12
861, 881, 918, 930, 967, 989, 995, 1027, 1040, 1071, 1089, 1113, 1137, 1138, 1178, 1184, 1209, 1240, 1266, 1277, 1302, 1325, 1345, 1364, 1380, 1408, 1414, 1437, 1472, 1481, 1513, 1519, 1546, 13
861, 881, 918, 930, 967, 989, 995, 1027, 1040, 1071, 1089, 1113, 1137, 1138, 1178, 1184, 1209, 1240, 1266, 1265, 1276, 1301, 1324, 1344, 1363, 1379, 1410, 1415, 1435, 1471, 1480, 1512, 1520, 1545, 14
861, 881, 918, 930, 967, 989, 995, 1027, 1040, 1071, 1089, 1113, 1137, 1138, 1178, 1184, 1209, 1240, 1266, 1265, 1276, 1301, 1324, 1344, 1363, 1379, 1410, 1415, 1435, 1471, 1480, 1512, 1520, 1545, 14, 15
861, 862, 879, 917, 929, 947, 988, 994, 1026, 1039, 1070, 1088, 1112, 1111, 1110, 1133, 1142, 1161, 1187, 1212, 1236, 1263, 1274, 1298, 1322, 1342, 1361, 1377, 1390, 1417, 1433, 1469, 1477, 1510, 1523, 1543, 16
861, 862, 879, 917, 929, 947, 988, 994, 1026, 1039, 1070, 1088, 1112, 1111, 1110, 1133, 1142, 1161, 1187, 1212, 1236, 1263, 1274, 1298, 1322, 1342, 1361, 1377, 1390, 1417, 1433, 1469, 1477, 1510, 1523, 1543, 16, 17
861, 882, 919, 931, 932, 964, 969, 999, 1030, 1043, 1044, 1051, 1094, 1098, 1121, 1153, 1171, 1200, 1222, 1226, 1254, 1285, 1310, 1313, 1334, 1352, 1389, 1399, 1425, 1447, 1462, 1492, 1493, 1505, 1528, 1539, 1540, 20, 19, 18
861, 882, 919, 931, 932, 964, 969, 999, 1030, 1043, 1044, 1051, 1094, 1098, 1121, 1153, 1171, 1200, 1222, 1226, 1254, 1285, 1310, 1313, 1334, 1352, 1389, 1399, 1425, 1447, 1462, 1492, 1493, 1505, 1528, 1539, 1540, 20, 19
861, 882, 919, 931, 932, 964, 969, 999, 1030, 1043, 1044, 1051, 1094, 1098, 1121, 1153, 1171, 1200, 1222, 1226, 1254, 1285, 1310, 1313, 1334, 1352, 1389, 1399, 1425, 1447, 1462, 1492, 1493, 1505, 1528, 1539, 1540, 20
861, 882, 919, 931, 932, 964, 969, 999, 1030, 1043, 1044, 1051, 1094, 1098, 1121, 1153, 1171, 1200, 1222, 1226, 1254, 1285, 1310, 1313, 1334, 1352, 1389, 1399, 1425, 1447, 1462, 1492, 1493, 1505, 1528, 1539, 21
861, 882, 919, 931, 965, 990, 996, 1028, 1041, 1072, 1090, 1114, 1118, 1157, 1176, 1182, 1206, 1244, 1250, 1251, 1252, 1282, 1308, 1331, 1333, 1351, 1387, 1401, 1427, 1426, 1444, 1460, 1488, 1501, 1532, 1535, 5, 22
861, 882, 919, 931, 965, 990, 996, 1028, 1041, 1072, 1090, 1114, 1118, 1157, 1176, 1182, 1206, 1244, 1250, 1251, 1252, 1282, 1308, 1331, 1333, 1351, 1387, 1401, 1427, 1426, 1444, 1460, 1488, 1501, 1532, 1535, 5, 23
861, 843, 827, 801, 769, 745, 730, 715, 690, 659, 640, 624, 612, 578, 564, 533, 521, 504, 477, 443, 419, 414, 387, 358, 347, 307, 288, 277, 244, 227, 212, 182, 173, 135, 114, 90, 87, 47, 24
861, 882, 919, 931, 932, 964, 969, 999, 1030, 1043, 1044, 1051, 1094, 1098, 1121, 1153, 1171, 1200, 1222, 1226, 1254, 1285, 1310, 1313, 1334, 1352, 1389, 1399, 1425, 1447, 1462, 1491, 1503, 1530, 1537, 3, 25
861, 882, 919, 931, 932, 964, 969, 999, 1030, 1043, 1044, 1051, 1094, 1098, 1121, 1153, 1171, 1200, 1222, 1226, 1254, 1285, 1310, 1313, 1334, 1352, 1389, 1399, 1425, 1447, 1462, 1491, 1503, 1530, 1537, 2, 26
861, 882, 919, 931, 932, 964, 969, 999, 1030, 1043, 1044, 1051, 1094, 1098, 1121, 1153, 1171, 1200, 1222, 1226, 1254, 1285, 1310, 1313, 1334, 1352, 1389, 1399, 1425, 1447, 1462, 1492, 1493, 1505, 1528, 1539, 21, 27
861, 882, 919, 931, 932, 964, 969, 999, 1030, 1043, 1044, 1051, 1094, 1098, 1121, 1153, 1171, 1200, 1222, 1226, 1254, 1285, 1310, 1313, 1334, 1352, 1389, 1399, 1425, 1447, 1462, 1492, 1493, 1505, 1528, 1539, 21, 28
861, 882, 919, 931, 932, 964, 969, 999, 1030, 1043, 1044, 1051, 1094, 1098, 1121, 1153, 1171, 1200, 1222, 1226, 1254, 1285, 1310, 1313, 1334, 1352, 1389, 1399, 1425, 1447, 1462, 1492, 1493, 1505, 1528, 1539, 21, 28, 29
861, 882, 919, 931, 932, 964, 969, 999, 1030, 1043, 1044, 1051, 1094, 1098, 1121, 1153, 1171, 1200, 1222, 1226, 1254, 1285, 1310, 1313, 1334, 1352, 1389, 1399, 1425, 1447, 1462, 1492, 1493, 1505, 1528, 1539, 1540, 20, 19, 30
861, 862, 879, 917, 929, 947, 988, 994, 1026, 1039, 1070, 1088, 1112, 1111, 1110, 1133, 1142, 1161, 1187, 1212, 1236, 1263, 1274, 1298, 1322, 1342, 1361, 1377, 1390, 1417, 1433, 1469, 1477, 1510, 1523, 1543, 16, 17, 31
861, 862, 879, 917, 929, 947, 988, 994, 1026, 1039, 1070, 1088, 1112, 1111, 1110, 1133, 1142, 1161, 1187, 1212, 1236, 1263, 1274, 1298, 1322, 1342, 1361, 1377, 1390, 1417, 1433, 1469, 1477, 1510, 1523, 1543, 16, 32
861, 881, 918, 930, 967, 989, 995, 1027, 1040, 1071, 1089, 1113, 1137, 1138, 1178, 1184, 1209, 1240, 1266, 1265, 1276, 1301, 1324, 1344, 1363, 1379, 1410, 1415, 1435, 1471, 1480, 1512, 1520, 1545, 14, 35, 34, 33
861, 881, 918, 930, 967, 989, 995, 1027, 1040, 1071, 1089, 1113, 1137, 1138, 1178, 1184, 1209, 1240, 1266, 1265, 1276, 1301, 1324, 1344, 1363, 1379, 1410, 1415, 1435, 1471, 1480, 1512, 1520, 1545, 14, 35, 34
861, 881, 918, 930, 967, 989, 995, 1027, 1040, 1071, 1089, 1113, 1137, 1138, 1178, 1184, 1209, 1240, 1266, 1265, 1276, 1301, 1324, 1344, 1363, 1379, 1410, 1415, 1435, 1471, 1480, 1512, 1520, 1545, 14, 35
861, 881, 918, 930, 967, 989, 995, 1027, 1040, 1071, 1089, 1113, 1137, 1138, 1178, 1184, 1209, 1240, 1266, 1277, 1302, 1325, 1345, 1364, 1380, 1408, 1414, 1437, 1472, 1481, 1513, 1519, 1546, 13, 36
861, 882, 919, 931, 965, 990, 996, 1028, 1041, 1072, 1090, 1114, 1116, 1158, 1177, 1183, 1208, 1242, 1247, 1278, 1303, 1326, 1346, 1365, 1381, 1407, 1413, 1438, 1452, 1482, 1495, 1518, 1549, 12, 37
861, 882, 919, 931, 965, 990, 996, 1028, 1041, 1072, 1090, 1114, 1116, 1158, 1177, 1183, 1208, 1242, 1247, 1278, 1303, 1326, 1346, 1365, 1381, 1407, 1413, 1438, 1452, 1482, 1495, 1518, 1549, 12, 38
861, 882, 919, 931, 965, 990, 996, 1028, 1041, 1072, 1090, 1114, 1116, 1158, 1177, 1183, 1208, 1242, 1247, 1278, 1303, 1326, 1346, 1365, 1381, 1407, 1413, 1438, 1452, 1482, 1494, 1517, 1550, 11, 39
861, 882, 919, 931, 965, 990, 996, 1028, 1041, 1072, 1090, 1114, 1116, 1158, 1177, 1183, 1208, 1242, 1247, 1278, 1303, 1326, 1346, 1365, 1381, 1407, 1413, 1438, 1452, 1482, 1494, 1517, 1550, 11, 40
861, 843, 826, 800, 768, 746, 731, 714, 691, 661, 641, 623, 613, 577, 565, 532, 522, 483, 475, 439, 417, 410, 384, 362, 343, 311, 304, 281, 261, 222, 206, 198, 169, 151, 120, 95, 73, 62, 41
861, 843, 826, 800, 768, 746, 731, 714, 691, 661, 641, 623, 613, 577, 565, 532, 522, 483, 475, 439, 417, 410, 384, 362, 343, 311, 304, 281, 261, 222, 206, 198, 169, 151, 120, 95, 73, 62, 41, 42
861, 882, 919, 931, 965, 990, 996, 1028, 1041, 1072, 1090, 1114, 1118, 1157, 1176, 1182, 1206, 1244, 1250, 1280, 1306, 1328, 1348, 1368, 1383, 1405, 1411, 1440, 1455, 1485, 1498, 1514, 1552, 9, 43
861, 882, 919, 931, 965, 990, 996, 1028, 1041, 1072, 1090, 1114, 1118, 1157, 1176, 1182, 1206, 1244, 1250, 1280, 1306, 1328, 1348, 1368, 1383, 1405, 1411, 1440, 1455, 1485, 1498, 1514, 1552, 8, 44
861, 882, 919, 931, 965, 990, 996, 1028, 1041, 1072, 1090, 1114, 1118, 1157, 1176, 1182, 1206, 1244, 1250, 1251, 1252, 1282, 1308, 1331, 1332, 1350, 1385, 1403, 1428, 1442, 1457, 1487, 1500, 1533, 1554, 6, 45
861, 843, 827, 801, 769, 745, 730, 715, 690, 659, 640, 624, 612, 578, 564, 533, 521, 504, 477, 443, 419, 414, 387, 358, 347, 307, 288, 277, 244, 227, 212, 182, 173, 135, 114, 90, 87, 46
861, 843, 827, 801, 769, 745, 730, 715, 690, 659, 640, 624, 612, 578, 564, 533, 521, 504, 477, 443, 419, 414, 387, 358, 347, 307, 288, 277, 244, 227, 212, 182, 173, 135, 114, 90, 87, 47
861, 843, 827, 801, 769, 745, 730, 715, 690, 659, 640, 624, 612, 578, 564, 533, 521, 504, 477, 443, 419, 414, 387, 358, 347, 307, 288, 277, 244, 227, 212, 182, 174, 175, 136, 113, 89, 86, 48
861, 882, 919, 931, 932, 964, 969, 999, 1030, 1043, 1044, 1051, 1094, 1098, 1121, 1153, 1171, 1200, 1222, 1226, 1254, 1285, 1310, 1313, 1334, 1352, 1389, 1399, 1425, 1447, 1462, 1491, 1503, 1530, 1537, 2, 26, 49
861, 882, 919, 931, 932, 964, 969, 999, 1030, 1043, 1044, 1051, 1094, 1098, 1121, 1153, 1171, 1200, 1222, 1226, 1254, 1285, 1310, 1313, 1334, 1352, 1389, 1399, 1425, 1447, 1462, 1491, 1503, 1530, 1537, 2, 26, 50
861, 882, 919, 931, 932, 964, 969, 999, 1030, 1043, 1044, 1051, 1094, 1098, 1121, 1153, 1171, 1200, 1222, 1226, 1254, 1285, 1310, 1313, 1334, 1352, 1389, 1399, 1425, 1447, 1462, 1491, 1503, 1530, 1537, 2, 26, 50, 51
861, 882, 919, 931, 932, 964, 969, 999, 1030, 1043, 1044, 1051, 1094, 1098, 1121, 1153, 1171, 1200, 1222, 1226, 1254, 1285, 1310, 1313, 1334, 1352, 1389, 1399, 1425, 1447, 1462, 1492, 1493, 1505, 1528, 1539, 21, 28, 29, 52
861, 882, 919, 931, 932, 964, 969, 999, 1030, 1043, 1044, 1051, 1094, 1098, 1121, 1153, 1171, 1200, 1222, 1226, 1254, 1285, 1310, 1313, 1334, 1352, 1389, 1399, 1425, 1447, 1462, 1492, 1493, 1505, 1528, 1539, 1540, 20, 19, 30, 53
861, 862, 879, 917, 929, 947, 988, 994, 1026, 1039, 1070, 1088, 1112, 1111, 1110, 1133, 1142, 1161, 1187, 1212, 1236, 1263, 1274, 1298, 1322, 1342, 1361, 1377, 1390, 1417, 1433, 1469, 1477, 1510, 1523, 1543, 16, 17, 31, 54
861, 862, 879, 917, 929, 947, 988, 994, 1026, 1039, 1070, 1088, 1112, 1111, 1110, 1133, 1142, 1161, 1187, 1212, 1236, 1263, 1274, 1298, 1322, 1342, 1361, 1377, 1390, 1417, 1433, 1469, 1477, 1510, 1523, 1543, 16, 32, 55
861, 881, 918, 930, 967, 989, 995, 1027, 1040, 1071, 1089, 1113, 1137, 1138, 1178, 1184, 1209, 1240, 1266, 1265, 1276, 1301, 1324, 1344, 1363, 1379, 1410, 1415, 1435, 1471, 1480, 1512, 1520, 1545, 14, 35, 34, 56
861, 881, 918, 930, 967, 989, 995, 1027, 1040, 1071, 1089, 1113, 1137, 1138, 1178, 1184, 1209, 1240, 1266, 1265, 1276, 1301, 1324, 1344, 1363, 1379, 1410, 1415, 1435, 1471, 1480, 1512, 1520, 1545, 14, 35, 57
861, 881, 918, 930, 967, 989, 995, 1027, 1040, 1071, 1089, 1113, 1137, 1138, 1178, 1184, 1209, 1240, 1266, 1277, 1302, 1325, 1345, 1364, 1380, 1408, 1414, 1437, 1472, 1481, 1513, 1519, 1546, 13, 36, 58
861, 882, 919, 931, 965, 990, 996, 1028, 1041, 1072, 1090, 1114, 1116, 1158, 1177, 1183, 1208, 1242, 1247, 1278, 1303, 1326, 1346, 1365, 1381, 1407, 1413, 1438, 1452, 1482, 1495, 1518, 1549, 12, 37, 59
861, 882, 919, 931, 965, 990, 996, 1028, 1041, 1072, 1090, 1114, 1116, 1158, 1177, 1183, 1208, 1242, 1247, 1278, 1303, 1326, 1346, 1365, 1381, 1407, 1413, 1438, 1452, 1482, 1494, 1517, 1550, 11, 40, 61, 60
861, 882, 919, 931, 965, 990, 996, 1028, 1041, 1072, 1090, 1114, 1116, 1158, 1177, 1183, 1208, 1242, 1247, 1278, 1303, 1326, 1346, 1365, 1381, 1407, 1413, 1438, 1452, 1482, 1494, 1517, 1550, 11, 40, 61
861, 843, 826, 800, 768, 746, 731, 714, 691, 661, 641, 623, 613, 577, 565, 532, 522, 483, 475, 439, 417, 410, 384, 362, 343, 311, 304, 281, 261, 222, 206, 198, 169, 151, 120, 95, 73, 62
861, 843, 826, 800, 768, 746, 731, 714, 691, 661, 641, 623, 613, 577, 565, 532, 522, 483, 476, 442, 418, 411, 385, 361, 344, 310, 305, 279, 263, 225, 207, 178, 170, 154, 117, 118, 94, 72, 63
861, 882, 919, 931, 965, 990, 996, 1028, 1041, 1072, 1090, 1114, 1118, 1157, 1176, 1182, 1206, 1244, 1250, 1280, 1306, 1328, 1348, 1368, 1383, 1405, 1411, 1440, 1455, 1485, 1498, 1514, 1552, 9, 43, 64
861, 843, 826, 800, 768, 746, 731, 714, 691, 661, 641, 623, 613, 577, 565, 532, 522, 483, 476, 442, 418, 411, 385, 361, 344, 310, 305, 279, 263, 225, 207, 178, 170, 154, 117, 93, 71, 65
861, 843, 826, 800, 768, 746, 731, 714, 691, 661, 641, 623, 613, 577, 565, 532, 522, 483, 476, 442, 418, 411, 385, 361, 344, 310, 305, 279, 263, 225, 208, 179, 171, 155, 116, 92, 69, 66
861, 843, 826, 800, 768, 746, 731, 714, 691, 661, 641, 623, 613, 577, 565, 532, 522, 483, 476, 442, 418, 411, 385, 360, 345, 309, 285, 278, 264, 226, 211, 180, 172, 133, 115, 91, 88, 67
861, 843, 826, 800, 768, 746, 731, 714, 691, 661, 641, 623, 613, 577, 565, 532, 522, 483, 476, 442, 418, 411, 385, 361, 344, 310, 305, 279, 263, 225, 208, 179, 171, 155, 116, 92, 69, 68
861, 843, 826, 800, 768, 746, 731, 714, 691, 661, 641, 623, 613, 577, 565, 532, 522, 483, 476, 442, 418, 411, 385, 361, 344, 310, 305, 279, 263, 225, 208, 179, 171, 155, 116, 92, 69
861, 843, 826, 800, 768, 746, 731, 714, 691, 661, 641, 623, 613, 577, 565, 532, 522, 483, 476, 442, 418, 411, 385, 361, 344, 310, 305, 279, 263, 225, 207, 178, 170, 154, 117, 93, 70
861, 843, 826, 800, 768, 746, 731, 714, 691, 661, 641, 623, 613, 577, 565, 532, 522, 483, 476, 442, 418, 411, 385, 361, 344, 310, 305, 279, 263, 225, 207, 178, 170, 154, 117, 93, 71
861, 843, 826, 800, 768, 746, 731, 714, 691, 661, 641, 623, 613, 577, 565, 532, 522, 483, 476, 442, 418, 411, 385, 361, 344, 310, 305, 279, 263, 225, 207, 178, 170, 154, 117, 118, 94, 72
861, 843, 826, 800, 768, 746, 731, 714, 691, 661, 641, 623, 613, 577, 565, 532, 522, 483, 475, 439, 417, 410, 384, 362, 343, 311, 304, 281, 261, 222, 206, 198, 169, 151, 120, 95, 73
861, 882, 919, 931, 965, 990, 996, 1028, 1041, 1072, 1090, 1114, 1116, 1158, 1177, 1183, 1208, 1242, 1247, 1278, 1303, 1326, 1346, 1365, 1381, 1407, 1413, 1438, 1452, 1482, 1494, 1517, 1550, 11, 40, 61, 74
861, 882, 919, 931, 965, 990, 996, 1028, 1041, 1072, 1090, 1114, 1116, 1158, 1177, 1183, 1208, 1242, 1247, 1278, 1303, 1326, 1346, 1365, 1381, 1407, 1413, 1438, 1452, 1482, 1495, 1518, 1549, 12, 37, 59, 75
861, 881, 918, 930, 967, 989, 995, 1027, 1040, 1071, 1089, 1113, 1137, 1138, 1178, 1184, 1209, 1240, 1266, 1277, 1302, 1325, 1345, 1364, 1380, 1408, 1414, 1437, 1472, 1481, 1513, 1519, 1546, 13, 36, 58, 76
861, 881, 918, 930, 967, 989, 995, 1027, 1040, 1071, 1089, 1113, 1137, 1138, 1178, 1184, 1209, 1240, 1266, 1265, 1276, 1301, 1324, 1344, 1363, 1379, 1410, 1415, 1435, 1471, 1480, 1512, 1520, 1545, 14, 35, 57, 77
861, 881, 918, 930, 967, 989, 995, 1027, 1040, 1071, 1089, 1113, 1137, 1138, 1178, 1184, 1209, 1240, 1266, 1265, 1276, 1301, 1324, 1344, 1363, 1379, 1410, 1415, 1435, 1471, 1480, 1512, 1520, 1545, 14, 35, 57, 77, 78
861, 881, 918, 930, 967, 989, 995, 1027, 1040, 1071, 1089, 1113, 1137, 1138, 1178, 1184, 1209, 1240, 1266, 1265, 1276, 1301, 1324, 1344, 1363, 1379, 1410, 1415, 1435, 1471, 1480, 1512, 1520, 1545, 14, 35, 57, 77, 78, 79
861, 862, 879, 917, 929, 947, 988, 994, 1026, 1039, 1070, 1088, 1112, 1111, 1110, 1133, 1142, 1161, 1187, 1212, 1236, 1263, 1274, 1298, 1322, 1342, 1361, 1377, 1390, 1417, 1433, 1469, 1477, 1510, 1523, 1543, 16, 32, 55, 80
861, 842, 825, 798, 767, 747, 748, 733, 710, 709, 694, 664, 644, 620, 619, 595, 596, 572, 551, 545, 544, 509, 493, 466, 454, 430, 401, 375, 349, 335, 322, 296, 268, 253, 235, 220, 191, 159, 142, 127, 104, 81
861, 842, 825, 798, 767, 747, 748, 733, 710, 709, 694, 664, 644, 620, 619, 595, 596, 572, 551, 545, 544, 509, 493, 466, 454, 453, 428, 400, 374, 350, 333, 323, 295, 269, 270, 252, 233, 219, 190, 158, 141, 128, 105, 82
861, 882, 919, 931, 932, 964, 969, 999, 1030, 1043, 1044, 1051, 1094, 1098, 1121, 1153, 1171, 1200, 1222, 1226, 1254, 1285, 1310, 1313, 1334, 1352, 1389, 1399, 1425, 1447, 1462, 1491, 1503, 1530, 1537, 2, 26, 50, 84, 83
861, 882, 919, 931, 932, 964, 969, 999, 1030, 1043, 1044, 1051, 1094, 1098, 1121, 1153, 1171, 1200, 1222, 1226, 1254, 1285, 1310, 1313, 1334, 1352, 1389, 1399, 1425, 1447, 1462, 1491, 1503, 1530, 1537, 2, 26, 50, 84
861, 843, 827, 801, 769, 745, 730, 715, 690, 659, 640, 624, 612, 578, 564, 533, 521, 504, 477, 443, 444, 420, 415, 389, 357, 348, 306, 290, 275, 247, 229, 214, 184, 176, 137, 111, 109, 85
861, 843, 827, 801, 769, 745, 730, 715, 690, 659, 640, 624, 612, 578, 564, 533, 521, 504, 477, 443, 419, 414, 387, 358, 347, 307, 288, 277, 244, 227, 212, 182, 174, 175, 136, 113, 89, 86
861, 843, 827, 801, 769, 745, 730, 715, 690, 659, 640, 624, 612, 578, 564, 533, 521, 504, 477, 443, 419, 414, 387, 358, 347, 307, 288, 277, 244, 227, 212, 182, 173, 135, 114, 90, 87
861, 843, 826, 800, 768, 746, 731, 714, 691, 661, 641, 623, 613, 577, 565, 532, 522, 483, 476, 442, 418, 411, 385, 360, 345, 309, 285, 278, 264, 226, 211, 180, 172, 133, 115, 91, 88
861, 843, 827, 801, 769, 745, 730, 715, 690, 659, 640, 624, 612, 578, 564, 533, 521, 504, 477, 443, 419, 414, 387, 358, 347, 307, 288, 277, 244, 227, 212, 182, 174, 175, 136, 113, 89
861, 843, 827, 801, 769, 745, 730, 715, 690, 659, 640, 624, 612, 578, 564, 533, 521, 504, 477, 443, 419, 414, 387, 358, 347, 307, 288, 277, 244, 227, 212, 182, 173, 135, 114, 90
861, 843, 826, 800, 768, 746, 731, 714, 691, 661, 641, 623, 613, 577, 565, 532, 522, 483, 476, 442, 418, 411, 385, 360, 345, 309, 285, 278, 264, 226, 211, 180, 172, 133, 115, 91
861, 843, 826, 800, 768, 746, 731, 714, 691, 661, 641, 623, 613, 577, 565, 532, 522, 483, 476, 442, 418, 411, 385, 361, 344, 310, 305, 279, 263, 225, 208, 179, 171, 155, 116, 92
861, 843, 826, 800, 768, 746, 731, 714, 691, 661, 641, 623, 613, 577, 565, 532, 522, 483, 476, 442, 418, 411, 385, 361, 344, 310, 305, 279, 263, 225, 207, 178, 170, 154, 117, 93
861, 843, 826, 800, 768, 746, 731, 714, 691, 661, 641, 623, 613, 577, 565, 532, 522, 483, 476, 442, 418, 411, 385, 361, 344, 310, 305, 279, 263, 225, 207, 178, 170, 154, 117, 118, 94
861, 843, 826, 800, 768, 746, 731, 714, 691, 661, 641, 623, 613, 577, 565, 532, 522, 483, 475, 439, 417, 410, 384, 362, 343, 311, 304, 281, 261, 222, 206, 198, 169, 151, 120, 95
861, 843, 826, 800, 768, 746, 731, 714, 691, 661, 641, 623, 613, 577, 565, 532, 522, 483, 475, 439, 417, 410, 384, 362, 343, 311, 304, 281, 261, 222, 206, 198, 168, 150, 149, 121, 96
861, 882, 919, 931, 965, 990, 996, 1028, 1041, 1072, 1090, 1114, 1116, 1158, 1177, 1183, 1208, 1242, 1247, 1278, 1303, 1326, 1346, 1365, 1381, 1407, 1413, 1438, 1452, 1482, 1495, 1518, 1549, 12, 37, 59, 75, 97
861, 882, 919, 931, 965, 990, 996, 1028, 1041, 1072, 1090, 1114, 1116, 1158, 1177, 1183, 1208, 1242, 1247, 1278, 1303, 1326, 1346, 1365, 1381, 1407, 1413, 1438, 1452, 1482, 1495, 1518, 1549, 12, 37, 59, 75, 98
861, 882, 919, 931, 965, 990, 996, 1028, 1041, 1072, 1090, 1114, 1116, 1158, 1177, 1183, 1208, 1242, 1247, 1278, 1303, 1326, 1346, 1365, 1381, 1407, 1413, 1438, 1452, 1482, 1495, 1518, 1549, 12, 37, 59, 75, 98, 99
