896, 895, 908, 941, 955, 976, 1007, 1018, 1050, 1060, 1081, 1104, 1127, 1148, 1167, 1195, 1218, 1230, 1257, 1289, 1292, 1316, 1337, 1355, 1371, 1397, 1423, 1449, 1463, 1493, 1504, 1529, 1538, 0
896, 895, 908, 941, 955, 976, 1007, 1018, 1050, 1060, 1081, 1104, 1127, 1148, 1167, 1195, 1218, 1230, 1257, 1289, 1292, 1316, 1337, 1355, 1371, 1397, 1423, 1449, 1463, 1493, 1504, 1529, 1538, 1
896, 895, 908, 941, 955, 976, 1007, 1018, 1050, 1060, 1081, 1104, 1127, 1148, 1167, 1195, 1218, 1230, 1257, 1289, 1288, 1291, 1315, 1336, 1354, 1370, 1398, 1424, 1448, 1462, 1491, 1503, 1530, 1537, 2
896, 895, 908, 941, 955, 976, 1007, 1018, 1050, 1060, 1081, 1104, 1127, 1148, 1167, 1195, 1218, 1230, 1257, 1289, 1288, 1291, 1315, 1336, 1354, 1370, 1398, 1424, 1448, 1462, 1491, 1503, 1530, 1537, 3
896, 895, 908, 941, 955, 976, 1007, 1018, 1050, 1060, 1081, 1104, 1127, 1148, 1167, 1195, 1218, 1230, 1257, 1289, 1288, 1291, 1315, 1336, 1354, 1370, 1398, 1424, 1448, 1462, 1491, 1503, 1530, 1537, 3, 4
896, 895, 908, 941, 955, 976, 1007, 1018, 1050, 1060, 1081, 1080, 1103, 1126, 1149, 1168, 1196, 1197, 1220, 1228, 1227, 1254, 1285, 1310, 1313, 1334, 1352, 1388, 1400, 1426, 1444, 1460, 1488, 1501, 1532, 1535, 5
896, 895, 908, 941, 955, 976, 1007, 1018, 1050, 1060, 1081, 1080, 1103, 1126, 1149, 1168, 1196, 1197, 1220, 1228, 1227, 1254, 1285, 1310, 1313, 1334, 1352, 1388, 1400, 1426, 1444, 1460, 1488, 1501, 1532, 1535, 5, 6
896, 897, 910, 943, 952, 978, 1009, 1020, 1033, 1064, 1083, 1107, 1131, 1145, 1162, 1189, 1213, 1235, 1262, 1273, 1298, 1322, 1323, 1343, 1344, 1363, 1379, 1409, 1414, 1413, 1438, 1452, 1482, 1494, 1517, 1550, 1551, 1552, 8, 7
896, 897, 910, 943, 952, 978, 1009, 1020, 1033, 1064, 1083, 1107, 1131, 1145, 1162, 1189, 1213, 1235, 1262, 1273, 1298, 1322, 1323, 1343, 1344, 1363, 1379, 1409, 1414, 1413, 1438, 1452, 1482, 1494, 1517, 1550, 1551, 1552, 8
896, 897, 910, 943, 952, 978, 1009, 1020, 1033, 1064, 1083, 1107, 1131, 1145, 1162, 1189, 1213, 1235, 1262, 1273, 1298, 1322, 1323, 1343, 1344, 1363, 1379, 1409, 1414, 1413, 1438, 1452, 1482, 1494, 1517, 1550, 1551, 1552, 9
896, 897, 910, 943, 952, 978, 1009, 1020, 1033, 1064, 1083, 1107, 1131, 1145, 1162, 1189, 1213, 1235, 1262, 1273, 1298, 1322, 1323, 1343, 1344, 1363, 1379, 1409, 1414, 1413, 1438, 1452, 1482, 1494, 1517, 1550, 11, 10
896, 897, 910, 943, 952, 978, 1009, 1020, 1033, 1064, 1083, 1107, 1131, 1145, 1162, 1189, 1213, 1235, 1262, 1273, 1298, 1322, 1323, 1343, 1344, 1363, 1379, 1409, 1414, 1413, 1438, 1452, 1482, 1494, 1517, 1550, 11
896, 897, 910, 943, 952, 978, 1009, 1020, 1033, 1064, 1083, 1107, 1131, 1145, 1162, 1189, 1213, 1235, 1262, 1273, 1298, 1322, 1323, 1343, 1344, 1363, 1379, 1409, 1414, 1437, 1472, 1481, 1513, 1519, 1547, 1548, 12
896, 897, 910, 943, 952, 978, 1009, 1020, 1033, 1064, 1083, 1107, 1131, 1145, 1162, 1189, 1213, 1235, 1262, 1273, 1298, 1322, 1323, 1343, 1344, 1363, 1379, 1409, 1414, 1437, 1472, 1481, 1513, 1519, 1546, 13
896, 897, 910, 943, 952, 978, 1009, 1020, 1033, 1064, 1083, 1107, 1131, 1145, 1162, 1189, 1213, 1235, 1262, 1273, 1298, 1322, 1342, 1361, 1377, 1390, 1416, 1434, 1470, 1479, 1512, 1520, 1545, 14
896, 897, 910, 943, 952, 978, 1009, 1020, 1033, 1064, 1083, 1107, 1131, 1145, 1162, 1189, 1213, 1235, 1262, 1273, 1298, 1322, 1342, 1361, 1377, 1390, 1417, 1433, 1469, 1477, 1478, 1511, 1522, 1544, 15
896, 897, 910, 943, 952, 978, 1009, 1020, 1033, 1064, 1083, 1107, 1131, 1145, 1162, 1189, 1213, 1235, 1262, 1273, 1298, 1322, 1342, 1361, 1377, 1390, 1417, 1433, 1469, 1477, 1510, 1523, 1543, 16
896, 909, 942, 953, 977, 1008, 1019, 1032, 1062, 1082, 1106, 1130, 1146, 1165, 1191, 1215, 1234, 1261, 1272, 1297, 1321, 1341, 1360, 1375, 1391, 1418, 1432, 1468, 1476, 1509, 1525, 1542, 17
896, 909, 942, 953, 977, 1008, 1019, 1032, 1062, 1082, 1106, 1130, 1146, 1165, 1191, 1215, 1234, 1261, 1271, 1296, 1319, 1340, 1359, 1374, 1392, 1420, 1431, 1467, 1475, 1508, 1526, 1541, 18
896, 909, 942, 953, 977, 1008, 1019, 1032, 1062, 1082, 1106, 1130, 1146, 1165, 1191, 1215, 1234, 1261, 1271, 1296, 1319, 1340, 1359, 1374, 1392, 1420, 1431, 1467, 1475, 1508, 1526, 1541, 19
896, 909, 942, 953, 977, 1008, 1019, 1032, 1062, 1082, 1105, 1129, 1147, 1166, 1192, 1216, 1233, 1260, 1270, 1295, 1318, 1339, 1358, 1373, 1393, 1421, 1451, 1465, 1474, 1507, 1527, 1540, 20
896, 909, 942, 953, 977, 1008, 1019, 1032, 1062, 1082, 1105, 1129, 1147, 1166, 1193, 1217, 1231, 1259, 1268, 1294, 1317, 1338, 1356, 1372, 1394, 1422, 1450, 1464, 1473, 1506, 1528, 1539, 21
896, 895, 908, 941, 955, 976, 1007, 1018, 1050, 1060, 1081, 1080, 1103, 1126, 1149, 1168, 1196, 1197, 1220, 1228, 1227, 1254, 1285, 1310, 1313, 1334, 1352, 1388, 1400, 1426, 1444, 1460, 1488, 1501, 1532, 1535, 5, 22
896, 895, 908, 941, 955, 976, 1007, 1018, 1050, 1060, 1081, 1080, 1103, 1126, 1149, 1168, 1196, 1197, 1220, 1228, 1227, 1254, 1285, 1310, 1313, 1334, 1352, 1388, 1400, 1426, 1444, 1460, 1488, 1501, 1532, 1535, 5, 23
896, 895, 908, 941, 955, 976, 1007, 1018, 1050, 1060, 1081, 1104, 1127, 1148, 1167, 1195, 1218, 1230, 1257, 1289, 1288, 1291, 1315, 1336, 1354, 1370, 1398, 1424, 1448, 1462, 1491, 1503, 1530, 1537, 3, 25, 24
896, 895, 908, 941, 955, 976, 1007, 1018, 1050, 1060, 1081, 1104, 1127, 1148, 1167, 1195, 1218, 1230, 1257, 1289, 1288, 1291, 1315, 1336, 1354, 1370, 1398, 1424, 1448, 1462, 1491, 1503, 1530, 1537, 3, 25
896, 895, 908, 941, 955, 976, 1007, 1018, 1050, 1060, 1081, 1104, 1127, 1148, 1167, 1195, 1218, 1230, 1257, 1289, 1292, 1316, 1337, 1355, 1371, 1397, 1423, 1449, 1463, 1493, 1504, 1529, 1538, 0, 26
896, 909, 942, 953, 977, 1008, 1019, 1032, 1062, 1082, 1105, 1129, 1147, 1166, 1193, 1217, 1231, 1259, 1268, 1294, 1317, 1338, 1356, 1372, 1394, 1422, 1450, 1464, 1473, 1506, 1528, 1539, 21, 27
896, 909, 942, 953, 977, 1008, 1019, 1032, 1062, 1082, 1105, 1129, 1147, 1166, 1193, 1217, 1231, 1259, 1268, 1294, 1317, 1338, 1356, 1372, 1394, 1422, 1450, 1464, 1473, 1506, 1528, 1539, 21, 28
896, 909, 942, 953, 977, 1008, 1019, 1032, 1062, 1082, 1105, 1129, 1147, 1166, 1192, 1216, 1233, 1260, 1270, 1295, 1318, 1339, 1358, 1373, 1393, 1421, 1451, 1465, 1474, 1507, 1527, 1540, 20, 29
896, 909, 942, 953, 977, 1008, 1019, 1032, 1062, 1082, 1106, 1130, 1146, 1165, 1191, 1215, 1234, 1261, 1271, 1296, 1319, 1340, 1359, 1374, 1392, 1420, 1431, 1467, 1475, 1508, 1526, 1541, 19, 30
896, 909, 942, 953, 977, 1008, 1019, 1032, 1062, 1082, 1106, 1130, 1146, 1165, 1191, 1215, 1234, 1261, 1272, 1297, 1321, 1341, 1360, 1375, 1391, 1418, 1432, 1468, 1476, 1509, 1525, 1542, 17, 31
896, 897, 910, 943, 952, 978, 1009, 1020, 1033, 1064, 1083, 1107, 1131, 1145, 1162, 1189, 1213, 1235, 1262, 1273, 1298, 1322, 1342, 1361, 1377, 1390, 1417, 1433, 1469, 1477, 1510, 1523, 1543, 16, 32
896, 897, 910, 943, 952, 978, 1009, 1020, 1033, 1064, 1083, 1107, 1131, 1145, 1162, 1189, 1213, 1235, 1262, 1273, 1298, 1322, 1342, 1361, 1377, 1390, 1417, 1433, 1469, 1477, 1478, 1511, 1522, 1544, 15, 33
896, 897, 910, 943, 952, 978, 1009, 1020, 1033, 1064, 1083, 1107, 1131, 1145, 1162, 1189, 1213, 1235, 1262, 1273, 1298, 1322, 1342, 1361, 1377, 1390, 1417, 1433, 1469, 1477, 1478, 1511, 1522, 1544, 15, 34
896, 897, 910, 943, 952, 978, 1009, 1020, 1033, 1064, 1083, 1107, 1131, 1145, 1162, 1189, 1213, 1235, 1262, 1273, 1298, 1322, 1342, 1361, 1377, 1390, 1416, 1434, 1470, 1479, 1512, 1520, 1545, 14, 35
896, 897, 910, 943, 952, 978, 1009, 1020, 1033, 1064, 1083, 1107, 1131, 1145, 1162, 1189, 1213, 1235, 1262, 1273, 1298, 1322, 1323, 1343, 1344, 1363, 1379, 1409, 1414, 1437, 1472, 1481, 1513, 1519, 1546, 13, 36
896, 897, 910, 943, 952, 978, 1009, 1020, 1033, 1064, 1083, 1107, 1131, 1145, 1162, 1189, 1213, 1235, 1262, 1273, 1298, 1322, 1323, 1343, 1344, 1363, 1379, 1409, 1414, 1437, 1472, 1481, 1513, 1519, 1547, 1548, 12, 37
896, 897, 910, 943, 952, 978, 1009, 1020, 1033, 1064, 1083, 1107, 1131, 1145, 1162, 1189, 1213, 1235, 1262, 1273, 1298, 1322, 1323, 1343, 1344, 1363, 1379, 1409, 1414, 1437, 1472, 1481, 1513, 1519, 1547, 1548, 12, 38
896, 897, 910, 943, 952, 978, 1009, 1020, 1033, 1064, 1083, 1107, 1131, 1145, 1162, 1189, 1213, 1235, 1262, 1273, 1298, 1322, 1323, 1343, 1344, 1363, 1379, 1409, 1414, 1413, 1438, 1452, 1482, 1494, 1517, 1550, 11, 39
896, 897, 910, 943, 952, 978, 1009, 1020, 1033, 1064, 1083, 1107, 1131, 1145, 1162, 1189, 1213, 1235, 1262, 1273, 1298, 1322, 1323, 1343, 1344, 1363, 1379, 1409, 1414, 1413, 1438, 1452, 1482, 1494, 1517, 1550, 11, 40
896, 897, 910, 943, 952, 978, 1009, 1020, 1033, 1064, 1083, 1107, 1131, 1145, 1162, 1189, 1213, 1235, 1262, 1273, 1298, 1322, 1323, 1343, 1344, 1363, 1379, 1409, 1414, 1413, 1438, 1452, 1482, 1494, 1517, 1550, 11, 10, 41
896, 897, 910, 943, 952, 978, 1009, 1020, 1033, 1064, 1083, 1107, 1131, 1145, 1162, 1189, 1213, 1235, 1262, 1273, 1298, 1322, 1323, 1343, 1344, 1363, 1379, 1409, 1414, 1413, 1438, 1452, 1482, 1494, 1517, 1550, 11, 10, 42
896, 897, 910, 943, 952, 978, 1009, 1020, 1033, 1064, 1083, 1107, 1131, 1145, 1162, 1189, 1213, 1235, 1262, 1273, 1298, 1322, 1323, 1343, 1344, 1363, 1379, 1409, 1414, 1413, 1438, 1452, 1482, 1494, 1517, 1550, 11, 10, 42, 43
896, 897, 910, 943, 952, 978, 1009, 1020, 1033, 1064, 1083, 1107, 1131, 1145, 1162, 1189, 1213, 1235, 1262, 1273, 1298, 1322, 1323, 1343, 1344, 1363, 1379, 1409, 1414, 1413, 1438, 1452, 1482, 1494, 1517, 1550, 1551, 1552, 8, 44
896, 895, 908, 941, 955, 976, 1007, 1018, 1050, 1060, 1081, 1080, 1103, 1126, 1149, 1168, 1196, 1197, 1220, 1228, 1227, 1254, 1285, 1310, 1313, 1334, 1352, 1388, 1400, 1426, 1444, 1460, 1488, 1501, 1532, 1535, 5, 6, 45
896, 895, 908, 941, 955, 976, 1007, 1018, 1050, 1060, 1081, 1104, 1127, 1148, 1167, 1195, 1218, 1230, 1257, 1289, 1288, 1291, 1315, 1336, 1354, 1370, 1398, 1424, 1448, 1462, 1491, 1503, 1530, 1537, 3, 25, 48, 47, 46
896, 895, 908, 941, 955, 976, 1007, 1018, 1050, 1060, 1081, 1104, 1127, 1148, 1167, 1195, 1218, 1230, 1257, 1289, 1288, 1291, 1315, 1336, 1354, 1370, 1398, 1424, 1448, 1462, 1491, 1503, 1530, 1537, 3, 25, 48, 47
896, 895, 908, 941, 955, 976, 1007, 1018, 1050, 1060, 1081, 1104, 1127, 1148, 1167, 1195, 1218, 1230, 1257, 1289, 1288, 1291, 1315, 1336, 1354, 1370, 1398, 1424, 1448, 1462, 1491, 1503, 1530, 1537, 3, 25, 48
896, 895, 908, 941, 955, 976, 1007, 1018, 1050, 1060, 1081, 1104, 1127, 1148, 1167, 1195, 1218, 1230, 1257, 1289, 1292, 1316, 1337, 1355, 1371, 1397, 1423, 1449, 1463, 1493, 1504, 1529, 1538, 0, 26, 49
896, 895, 908, 941, 955, 976, 1007, 1018, 1050, 1060, 1081, 1104, 1127, 1148, 1167, 1195, 1218, 1230, 1257, 1289, 1292, 1316, 1337, 1355, 1371, 1397, 1423, 1449, 1463, 1493, 1504, 1529, 1538, 0, 26, 50
896, 909, 942, 953, 977, 1008, 1019, 1032, 1062, 1082, 1105, 1129, 1147, 1166, 1193, 1217, 1231, 1259, 1268, 1294, 1317, 1338, 1356, 1372, 1394, 1422, 1450, 1464, 1473, 1506, 1528, 1539, 21, 27, 51
896, 909, 942, 953, 977, 1008, 1019, 1032, 1062, 1082, 1105, 1129, 1147, 1166, 1192, 1216, 1233, 1260, 1270, 1295, 1318, 1339, 1358, 1373, 1393, 1421, 1451, 1465, 1474, 1507, 1527, 1540, 20, 29, 52
896, 909, 942, 953, 977, 1008, 1019, 1032, 1062, 1082, 1106, 1130, 1146, 1165, 1191, 1215, 1234, 1261, 1271, 1296, 1319, 1340, 1359, 1374, 1392, 1420, 1431, 1467, 1475, 1508, 1526, 1541, 19, 30, 53
896, 909, 942, 953, 977, 1008, 1019, 1032, 1062, 1082, 1106, 1130, 1146, 1165, 1191, 1215, 1234, 1261, 1272, 1297, 1321, 1341, 1360, 1375, 1391, 1418, 1432, 1468, 1476, 1509, 1525, 1542, 17, 31, 54
896, 897, 910, 943, 952, 978, 1009, 1020, 1033, 1064, 1083, 1107, 1131, 1145, 1162, 1189, 1213, 1235, 1262, 1273, 1298, 1322, 1342, 1361, 1377, 1390, 1417, 1433, 1469, 1477, 1510, 1523, 1543, 16, 32, 55
896, 897, 910, 943, 952, 978, 1009, 1020, 1033, 1064, 1083, 1107, 1131, 1145, 1162, 1189, 1213, 1235, 1262, 1273, 1298, 1322, 1342, 1361, 1377, 1390, 1417, 1433, 1469, 1477, 1478, 1511, 1522, 1544, 15, 33, 56
896, 897, 910, 943, 952, 978, 1009, 1020, 1033, 1064, 1083, 1107, 1131, 1145, 1162, 1189, 1213, 1235, 1262, 1273, 1298, 1322, 1342, 1361, 1377, 1390, 1416, 1434, 1470, 1479, 1512, 1520, 1545, 14, 35, 57
896, 897, 910, 943, 952, 978, 1009, 1020, 1033, 1064, 1083, 1107, 1131, 1145, 1162, 1189, 1213, 1235, 1262, 1273, 1298, 1322, 1323, 1343, 1344, 1363, 1379, 1409, 1414, 1437, 1472, 1481, 1513, 1519, 1546, 13, 36, 58
896, 871, 833, 817, 791, 761, 753, 736, 705, 677, 667, 647, 617, 597, 570, 551, 546, 508, 492, 467, 456, 432, 403, 378, 369, 338, 318, 300, 265, 258, 239, 201, 195, 165, 148, 122, 98, 75, 59
896, 871, 833, 817, 791, 761, 753, 736, 705, 677, 667, 647, 617, 597, 570, 551, 546, 508, 491, 469, 457, 433, 404, 379, 366, 339, 317, 301, 284, 259, 241, 204, 196, 166, 149, 121, 96, 74, 60
896, 897, 910, 943, 952, 978, 1009, 1020, 1033, 1064, 1083, 1107, 1131, 1145, 1162, 1189, 1213, 1235, 1262, 1273, 1298, 1322, 1323, 1343, 1344, 1363, 1379, 1409, 1414, 1413, 1438, 1452, 1482, 1494, 1517, 1550, 11, 40, 61
896, 897, 910, 943, 952, 978, 1009, 1020, 1033, 1064, 1083, 1107, 1131, 1145, 1162, 1189, 1213, 1235, 1262, 1273, 1298, 1322, 1323, 1343, 1344, 1363, 1379, 1409, 1414, 1413, 1438, 1452, 1482, 1494, 1517, 1550, 11, 40, 61, 62
896, 897, 910, 943, 952, 978, 1009, 1020, 1033, 1064, 1083, 1107, 1131, 1145, 1162, 1189, 1213, 1235, 1262, 1273, 1298, 1322, 1323, 1343, 1344, 1363, 1379, 1409, 1414, 1413, 1438, 1452, 1482, 1494, 1517, 1550, 11, 10, 42, 63
896, 897, 910, 943, 952, 978, 1009, 1020, 1033, 1064, 1083, 1107, 1131, 1145, 1162, 1189, 1213, 1235, 1262, 1273, 1298, 1322, 1323, 1343, 1344, 1363, 1379, 1409, 1414, 1413, 1438, 1452, 1482, 1494, 1517, 1550, 11, 10, 42, 63, 64
896, 897, 910, 943, 952, 978, 1009, 1020, 1033, 1064, 1083, 1107, 1131, 1145, 1162, 1189, 1213, 1235, 1262, 1273, 1298, 1322, 1323, 1343, 1344, 1363, 1379, 1409, 1414, 1413, 1438, 1452, 1482, 1494, 1517, 1550, 11, 10, 42, 63, 64, 65
896, 897, 910, 943, 952, 978, 1009, 1020, 1033, 1064, 1083, 1107, 1131, 1145, 1162, 1189, 1213, 1235, 1262, 1273, 1298, 1322, 1323, 1343, 1344, 1363, 1379, 1409, 1414, 1413, 1438, 1452, 1482, 1494, 1517, 1550, 1551, 1552, 8, 44, 66
896, 895, 908, 941, 955, 976, 1007, 1018, 1050, 1060, 1081, 1080, 1103, 1126, 1149, 1168, 1196, 1197, 1220, 1228, 1227, 1254, 1285, 1310, 1313, 1334, 1352, 1388, 1400, 1426, 1444, 1460, 1488, 1501, 1532, 1535, 5, 23, 67
896, 897, 910, 943, 952, 978, 1009, 1020, 1033, 1064, 1083, 1107, 1131, 1145, 1162, 1189, 1213, 1235, 1262, 1273, 1298, 1322, 1323, 1343, 1344, 1363, 1379, 1409, 1414, 1413, 1438, 1452, 1482, 1494, 1517, 1550, 1551, 1552, 8, 44, 66, 68
896, 897, 910, 943, 952, 978, 1009, 1020, 1033, 1064, 1083, 1107, 1131, 1145, 1162, 1189, 1213, 1235, 1262, 1273, 1298, 1322, 1323, 1343, 1344, 1363, 1379, 1409, 1414, 1413, 1438, 1452, 1482, 1494, 1517, 1550, 1551, 1552, 8, 44, 66, 69
896, 897, 910, 943, 952, 978, 1009, 1020, 1033, 1064, 1083, 1107, 1131, 1145, 1162, 1189, 1213, 1235, 1262, 1273, 1298, 1322, 1323, 1343, 1344, 1363, 1379, 1409, 1414, 1413, 1438, 1452, 1482, 1494, 1517, 1550, 11, 10, 42, 63, 72, 71, 70
896, 897, 910, 943, 952, 978, 1009, 1020, 1033, 1064, 1083, 1107, 1131, 1145, 1162, 1189, 1213, 1235, 1262, 1273, 1298, 1322, 1323, 1343, 1344, 1363, 1379, 1409, 1414, 1413, 1438, 1452, 1482, 1494, 1517, 1550, 11, 10, 42, 63, 72, 71
896, 897, 910, 943, 952, 978, 1009, 1020, 1033, 1064, 1083, 1107, 1131, 1145, 1162, 1189, 1213, 1235, 1262, 1273, 1298, 1322, 1323, 1343, 1344, 1363, 1379, 1409, 1414, 1413, 1438, 1452, 1482, 1494, 1517, 1550, 11, 10, 42, 63, 72
896, 871, 833, 817, 791, 761, 753, 736, 705, 677, 667, 647, 617, 597, 570, 551, 546, 547, 507, 489, 470, 458, 435, 436, 406, 381, 364, 341, 313, 303, 282, 261, 222, 206, 198, 169, 151, 120, 95, 73
896, 871, 833, 817, 791, 761, 753, 736, 705, 677, 667, 647, 617, 597, 570, 551, 546, 508, 491, 469, 457, 433, 404, 379, 366, 339, 317, 301, 284, 259, 241, 204, 196, 166, 149, 121, 96, 74
896, 871, 833, 817, 791, 761, 753, 736, 705, 677, 667, 647, 617, 597, 570, 551, 546, 508, 492, 467, 456, 432, 403, 378, 369, 338, 318, 300, 265, 258, 239, 201, 195, 165, 148, 122, 98, 75
896, 897, 910, 943, 952, 978, 1009, 1020, 1033, 1064, 1083, 1107, 1131, 1145, 1162, 1189, 1213, 1235, 1262, 1273, 1298, 1322, 1342, 1361, 1377, 1390, 1416, 1434, 1470, 1479, 1512, 1520, 1545, 14, 35, 57, 76
896, 897, 910, 943, 952, 978, 1009, 1020, 1033, 1064, 1083, 1107, 1131, 1145, 1162, 1189, 1213, 1235, 1262, 1273, 1298, 1322, 1342, 1361, 1377, 1390, 1416, 1434, 1470, 1479, 1512, 1520, 1545, 14, 35, 57, 77
896, 897, 910, 943, 952, 978, 1009, 1020, 1033, 1064, 1083, 1107, 1131, 1145, 1162, 1189, 1213, 1235, 1262, 1273, 1298, 1322, 1342, 1361, 1377, 1390, 1417, 1433, 1469, 1477, 1478, 1511, 1522, 1544, 15, 33, 56, 78
896, 897, 910, 943, 952, 978, 1009, 1020, 1033, 1064, 1083, 1107, 1131, 1145, 1162, 1189, 1213, 1235, 1262, 1273, 1298, 1322, 1342, 1361, 1377, 1390, 1417, 1433, 1469, 1477, 1510, 1523, 1543, 16, 32, 55, 79
896, 897, 910, 943, 952, 978, 1009, 1020, 1033, 1064, 1083, 1107, 1131, 1145, 1162, 1189, 1213, 1235, 1262, 1273, 1298, 1322, 1342, 1361, 1377, 1390, 1417, 1433, 1469, 1477, 1510, 1523, 1543, 16, 32, 55, 80
896, 909, 942, 953, 977, 1008, 1019, 1032, 1062, 1082, 1106, 1130, 1146, 1165, 1191, 1215, 1234, 1261, 1272, 1297, 1321, 1341, 1360, 1375, 1391, 1418, 1432, 1468, 1476, 1509, 1525, 1542, 17, 31, 54, 81
896, 871, 833, 817, 791, 761, 753, 736, 705, 677, 667, 647, 617, 598, 569, 552, 544, 509, 493, 466, 454, 453, 428, 400, 374, 350, 333, 323, 295, 269, 270, 252, 233, 219, 190, 158, 141, 128, 105, 82
896, 909, 942, 953, 977, 1008, 1019, 1032, 1062, 1082, 1105, 1129, 1147, 1166, 1192, 1216, 1233, 1260, 1270, 1295, 1318, 1339, 1358, 1373, 1393, 1421, 1451, 1465, 1474, 1507, 1527, 1540, 20, 29, 52, 83
896, 909, 942, 953, 977, 1008, 1019, 1032, 1062, 1082, 1105, 1129, 1147, 1166, 1193, 1217, 1231, 1259, 1268, 1294, 1317, 1338, 1356, 1372, 1394, 1422, 1450, 1464, 1473, 1506, 1528, 1539, 21, 27, 51, 84
896, 895, 908, 941, 955, 976, 1007, 1018, 1050, 1060, 1081, 1104, 1127, 1148, 1167, 1195, 1218, 1230, 1257, 1289, 1292, 1316, 1337, 1355, 1371, 1397, 1423, 1449, 1463, 1493, 1504, 1529, 1538, 0, 26, 49, 85
896, 895, 908, 941, 955, 976, 1007, 1018, 1050, 1060, 1081, 1104, 1127, 1148, 1167, 1195, 1218, 1230, 1257, 1289, 1288, 1291, 1315, 1336, 1354, 1370, 1398, 1424, 1448, 1462, 1491, 1503, 1530, 1537, 3, 25, 48, 86
896, 895, 908, 941, 955, 976, 1007, 1018, 1050, 1060, 1081, 1104, 1127, 1148, 1167, 1195, 1218, 1230, 1257, 1289, 1288, 1291, 1315, 1336, 1354, 1370, 1398, 1424, 1448, 1462, 1491, 1503, 1530, 1537, 3, 25, 48, 47, 87
896, 895, 908, 941, 955, 976, 1007, 1018, 1050, 1060, 1081, 1080, 1103, 1126, 1149, 1168, 1196, 1197, 1220, 1228, 1227, 1254, 1285, 1310, 1313, 1334, 1352, 1388, 1400, 1426, 1444, 1460, 1488, 1501, 1532, 1535, 5, 23, 67, 88
896, 895, 908, 941, 955, 976, 1007, 1018, 1050, 1060, 1081, 1104, 1127, 1148, 1167, 1195, 1218, 1230, 1257, 1289, 1288, 1291, 1315, 1336, 1354, 1370, 1398, 1424, 1448, 1462, 1491, 1503, 1530, 1537, 3, 25, 48, 86, 89
896, 895, 908, 941, 955, 976, 1007, 1018, 1050, 1060, 1081, 1104, 1127, 1148, 1167, 1195, 1218, 1230, 1257, 1289, 1288, 1291, 1315, 1336, 1354, 1370, 1398, 1424, 1448, 1462, 1491, 1503, 1530, 1537, 3, 25, 48, 86, 89, 90
896, 895, 908, 941, 955, 976, 1007, 1018, 1050, 1060, 1081, 1080, 1103, 1126, 1149, 1168, 1196, 1197, 1220, 1228, 1227, 1254, 1285, 1310, 1313, 1334, 1352, 1388, 1400, 1426, 1444, 1460, 1488, 1501, 1532, 1535, 5, 23, 67, 88, 91
896, 871, 833, 817, 791, 761, 753, 736, 705, 677, 667, 647, 617, 597, 570, 551, 546, 547, 507, 489, 470, 458, 435, 436, 406, 381, 364, 341, 313, 303, 282, 261, 222, 206, 198, 169, 152, 119, 118, 117, 93, 92
896, 871, 833, 817, 791, 761, 753, 736, 705, 677, 667, 647, 617, 597, 570, 551, 546, 547, 507, 489, 470, 458, 435, 436, 406, 381, 364, 341, 313, 303, 282, 261, 222, 206, 198, 169, 152, 119, 118, 117, 93
896, 871, 833, 817, 791, 761, 753, 736, 705, 677, 667, 647, 617, 597, 570, 551, 546, 547, 507, 489, 470, 458, 435, 436, 406, 381, 364, 341, 313, 303, 282, 261, 222, 206, 198, 169, 152, 119, 118, 94
896, 871, 833, 817, 791, 761, 753, 736, 705, 677, 667, 647, 617, 597, 570, 551, 546, 547, 507, 489, 470, 458, 435, 436, 406, 381, 364, 341, 313, 303, 282, 261, 222, 206, 198, 169, 151, 120, 95
896, 871, 833, 817, 791, 761, 753, 736, 705, 677, 667, 647, 617, 597, 570, 551, 546, 508, 491, 469, 457, 433, 404, 379, 366, 339, 317, 301, 284, 259, 241, 204, 196, 166, 149, 121, 96
896, 871, 833, 817, 791, 761, 753, 736, 705, 677, 667, 647, 617, 597, 570, 551, 546, 508, 492, 467, 456, 432, 403, 378, 369, 338, 318, 300, 265, 258, 239, 201, 195, 165, 148, 122, 97
896, 871, 833, 817, 791, 761, 753, 736, 705, 677, 667, 647, 617, 597, 570, 551, 546, 508, 492, 467, 456, 432, 403, 378, 369, 338, 318, 300, 265, 258, 239, 201, 195, 165, 148, 122, 98
896, 897, 910, 943, 952, 978, 1009, 1020, 1033, 1064, 1083, 1107, 1131, 1145, 1162, 1189, 1213, 1235, 1262, 1273, 1298, 1322, 1342, 1361, 1377, 1390, 1416, 1434, 1470, 1479, 1512, 1520, 1545, 14, 35, 57, 76, 99
