841, 842, 861, 882, 919, 931, 932, 964, 969, 999, 1030, 1043, 1044, 1051, 1094, 1098, 1121, 1153, 1171, 1200, 1222, 1226, 1254, 1285, 1310, 1313, 1334, 1352, 1389, 1399, 1425, 1447, 1462, 1491, 1503, 1530, 1537, 2, 1, 0
841, 842, 861, 882, 919, 931, 932, 964, 969, 999, 1030, 1043, 1044, 1051, 1094, 1098, 1121, 1153, 1171, 1200, 1222, 1226, 1254, 1285, 1310, 1313, 1334, 1352, 1389, 1399, 1425, 1447, 1462, 1491, 1503, 1530, 1537, 2, 1
841, 842, 861, 882, 919, 931, 932, 964, 969, 999, 1030, 1043, 1044, 1051, 1094, 1098, 1121, 1153, 1171, 1200, 1222, 1226, 1254, 1285, 1310, 1313, 1334, 1352, 1389, 1399, 1425, 1447, 1462, 1491, 1503, 1530, 1537, 2
841, 842, 861, 882, 919, 931, 932, 964, 969, 999, 1030, 1043, 1044, 1051, 1094, 1098, 1121, 1153, 1171, 1200, 1222, 1226, 1254, 1285, 1310, 1313, 1334, 1352, 1389, 1399, 1425, 1447, 1462, 1491, 1503, 1530, 1537, 3
841, 842, 861, 882, 919, 931, 965, 990, 996, 1028, 1041, 1072, 1090, 1114, 1118, 1157, 1176, 1182, 1206, 1244, 1250, 1251, 1252, 1282, 1308, 1331, 1333, 1351, 1387, 1401, 1427, 1426, 1444, 1460, 1488, 1501, 1531, 1536, 4
841, 825, 799, 768, 746, 731, 714, 691, 661, 641, 623, 613, 577, 565, 532, 522, 483, 476, 442, 418, 411, 385, 360, 345, 309, 285, 278, 264, 226, 211, 180, 172, 133, 115, 91, 88, 67, 23, 5
841, 825, 799, 768, 746, 731, 714, 691, 661, 641, 623, 613, 577, 565, 532, 522, 483, 476, 442, 418, 411, 385, 361, 344, 310, 305, 279, 263, 225, 208, 179, 171, 155, 116, 92, 69, 66, 45, 6
841, 825, 799, 768, 746, 731, 714, 691, 661, 641, 623, 613, 577, 565, 532, 522, 483, 476, 442, 418, 411, 385, 361, 344, 310, 305, 279, 263, 225, 207, 178, 170, 154, 117, 93, 71, 65, 44, 7
841, 842, 861, 882, 919, 931, 965, 990, 996, 1028, 1041, 1072, 1090, 1114, 1118, 1157, 1176, 1182, 1206, 1244, 1250, 1280, 1306, 1328, 1348, 1368, 1383, 1405, 1411, 1440, 1455, 1485, 1498, 1514, 1552, 8
841, 842, 861, 882, 919, 931, 965, 990, 996, 1028, 1041, 1072, 1090, 1114, 1118, 1157, 1176, 1182, 1206, 1244, 1250, 1280, 1306, 1328, 1348, 1368, 1383, 1405, 1411, 1440, 1455, 1485, 1498, 1514, 1552, 9
841, 825, 799, 768, 746, 731, 714, 691, 661, 641, 623, 613, 577, 565, 532, 522, 483, 475, 439, 417, 410, 384, 362, 343, 311, 304, 281, 261, 222, 206, 198, 169, 151, 120, 95, 73, 62, 41, 10
841, 842, 861, 882, 919, 931, 965, 990, 996, 1028, 1041, 1072, 1090, 1114, 1116, 1158, 1177, 1183, 1208, 1242, 1247, 1278, 1303, 1326, 1346, 1365, 1381, 1407, 1413, 1438, 1452, 1482, 1494, 1517, 1550, 11
841, 842, 861, 882, 919, 931, 965, 990, 996, 1028, 1041, 1072, 1090, 1114, 1116, 1158, 1177, 1183, 1208, 1242, 1247, 1278, 1303, 1326, 1346, 1365, 1381, 1407, 1413, 1438, 1452, 1482, 1495, 1518, 1549, 12
841, 862, 879, 917, 929, 947, 988, 994, 1026, 1040, 1071, 1089, 1113, 1137, 1138, 1178, 1184, 1209, 1240, 1266, 1277, 1302, 1325, 1345, 1364, 1380, 1408, 1414, 1437, 1472, 1481, 1513, 1519, 1546, 13
841, 862, 879, 917, 929, 947, 988, 994, 1026, 1040, 1071, 1089, 1113, 1137, 1138, 1178, 1184, 1209, 1240, 1266, 1265, 1276, 1301, 1324, 1344, 1363, 1379, 1410, 1415, 1435, 1471, 1480, 1512, 1520, 1545, 14
841, 862, 879, 917, 929, 947, 988, 994, 1026, 1040, 1071, 1089, 1113, 1137, 1138, 1178, 1184, 1209, 1240, 1266, 1265, 1276, 1301, 1324, 1344, 1363, 1379, 1410, 1415, 1435, 1471, 1480, 1512, 1520, 1545, 14, 15
841, 862, 879, 917, 929, 947, 988, 994, 1026, 1039, 1070, 1088, 1112, 1111, 1110, 1133, 1142, 1161, 1187, 1212, 1236, 1263, 1274, 1298, 1322, 1342, 1361, 1377, 1390, 1417, 1433, 1469, 1477, 1510, 1523, 1543, 16
841, 862, 879, 917, 929, 947, 988, 994, 1026, 1039, 1070, 1088, 1112, 1111, 1110, 1133, 1142, 1161, 1187, 1212, 1236, 1263, 1274, 1298, 1322, 1342, 1361, 1377, 1390, 1417, 1433, 1469, 1477, 1510, 1523, 1543, 16, 17
841, 862, 879, 917, 929, 947, 988, 994, 1026, 1039, 1070, 1088, 1112, 1111, 1110, 1133, 1142, 1161, 1187, 1212, 1236, 1263, 1274, 1298, 1322, 1342, 1361, 1377, 1390, 1417, 1433, 1469, 1477, 1510, 1523, 1543, 16, 17, 18
841, 840, 839, 822, 821, 795, 764, 751, 735, 706, 676, 666, 646, 618, 596, 572, 551, 545, 544, 509, 493, 466, 454, 453, 428, 400, 374, 350, 333, 323, 295, 269, 270, 252, 233, 219, 190, 158, 141, 128, 105, 82, 53, 30, 19
841, 842, 861, 882, 919, 931, 932, 964, 969, 999, 1030, 1043, 1044, 1051, 1094, 1098, 1121, 1153, 1171, 1200, 1222, 1226, 1254, 1285, 1310, 1313, 1334, 1352, 1389, 1399, 1425, 1447, 1462, 1492, 1493, 1505, 1528, 1539, 1540, 20
841, 842, 861, 882, 919, 931, 932, 964, 969, 999, 1030, 1043, 1044, 1051, 1094, 1098, 1121, 1153, 1171, 1200, 1222, 1226, 1254, 1285, 1310, 1313, 1334, 1352, 1389, 1399, 1425, 1447, 1462, 1492, 1493, 1505, 1528, 1539, 21
841, 825, 799, 768, 746, 731, 714, 691, 661, 641, 623, 613, 577, 565, 532, 522, 483, 476, 442, 418, 411, 385, 360, 345, 309, 285, 278, 264, 226, 211, 180, 172, 133, 115, 91, 88, 67, 22
841, 825, 799, 768, 746, 731, 714, 691, 661, 641, 623, 613, 577, 565, 532, 522, 483, 476, 442, 418, 411, 385, 360, 345, 309, 285, 278, 264, 226, 211, 180, 172, 133, 115, 91, 88, 67, 23
841, 825, 799, 768, 746, 731, 714, 691, 661, 641, 623, 613, 577, 565, 532, 522, 483, 476, 442, 418, 411, 385, 360, 345, 309, 285, 278, 264, 226, 227, 212, 182, 173, 135, 114, 90, 87, 47, 24
841, 825, 799, 768, 746, 731, 714, 691, 661, 641, 623, 613, 577, 565, 532, 522, 483, 476, 442, 418, 411, 385, 360, 345, 309, 285, 278, 264, 226, 227, 212, 182, 174, 175, 136, 113, 89, 86, 48, 25
841, 842, 861, 882, 919, 931, 932, 964, 969, 999, 1030, 1043, 1044, 1051, 1094, 1098, 1121, 1153, 1171, 1200, 1222, 1226, 1254, 1285, 1310, 1313, 1334, 1352, 1389, 1399, 1425, 1447, 1462, 1491, 1503, 1530, 1537, 2, 26
841, 842, 861, 882, 919, 931, 932, 964, 969, 999, 1030, 1043, 1044, 1051, 1094, 1098, 1121, 1153, 1171, 1200, 1222, 1226, 1254, 1285, 1310, 1313, 1334, 1352, 1389, 1399, 1425, 1447, 1462, 1492, 1493, 1505, 1528, 1539, 21, 27
841, 842, 861, 882, 919, 931, 932, 964, 969, 999, 1030, 1043, 1044, 1051, 1094, 1098, 1121, 1153, 1171, 1200, 1222, 1226, 1254, 1285, 1310, 1313, 1334, 1352, 1389, 1399, 1425, 1447, 1462, 1492, 1493, 1505, 1528, 1539, 21, 28
841, 842, 861, 882, 919, 931, 932, 964, 969, 999, 1030, 1043, 1044, 1051, 1094, 1098, 1121, 1153, 1171, 1200, 1222, 1226, 1254, 1285, 1310, 1313, 1334, 1352, 1389, 1399, 1425, 1447, 1462, 1492, 1493, 1505, 1528, 1539, 21, 28, 29
841, 840, 839, 822, 821, 795, 764, 751, 735, 706, 676, 666, 646, 618, 596, 572, 551, 545, 544, 509, 493, 466, 454, 453, 428, 400, 374, 350, 333, 323, 295, 269, 270, 252, 233, 219, 190, 158, 141, 128, 105, 82, 53, 30
841, 862, 879, 917, 929, 947, 988, 994, 1026, 1039, 1070, 1088, 1112, 1111, 1110, 1133, 1142, 1161, 1187, 1212, 1236, 1263, 1274, 1298, 1322, 1342, 1361, 1377, 1390, 1417, 1433, 1469, 1477, 1510, 1523, 1543, 16, 17, 31
841, 862, 879, 917, 929, 947, 988, 994, 1026, 1039, 1070, 1088, 1112, 1111, 1110, 1133, 1142, 1161, 1187, 1212, 1236, 1263, 1274, 1298, 1322, 1342, 1361, 1377, 1390, 1417, 1433, 1469, 1477, 1510, 1523, 1543, 16, 32
841, 862, 879, 917, 929, 947, 988, 994, 1026, 1040, 1071, 1089, 1113, 1137, 1138, 1178, 1184, 1209, 1240, 1266, 1265, 1276, 1301, 1324, 1344, 1363, 1379, 1410, 1415, 1435, 1471, 1480, 1512, 1520, 1545, 14, 35, 34, 33
841, 862, 879, 917, 929, 947, 988, 994, 1026, 1040, 1071, 1089, 1113, 1137, 1138, 1178, 1184, 1209, 1240, 1266, 1265, 1276, 1301, 1324, 1344, 1363, 1379, 1410, 1415, 1435, 1471, 1480, 1512, 1520, 1545, 14, 35, 34
841, 862, 879, 917, 929, 947, 988, 994, 1026, 1040, 1071, 1089, 1113, 1137, 1138, 1178, 1184, 1209, 1240, 1266, 1265, 1276, 1301, 1324, 1344, 1363, 1379, 1410, 1415, 1435, 1471, 1480, 1512, 1520, 1545, 14, 35
841, 862, 879, 917, 929, 947, 988, 994, 1026, 1040, 1071, 1089, 1113, 1137, 1138, 1178, 1184, 1209, 1240, 1266, 1277, 1302, 1325, 1345, 1364, 1380, 1408, 1414, 1437, 1472, 1481, 1513, 1519, 1546, 13, 36
841, 842, 861, 882, 919, 931, 965, 990, 996, 1028, 1041, 1072, 1090, 1114, 1116, 1158, 1177, 1183, 1208, 1242, 1247, 1278, 1303, 1326, 1346, 1365, 1381, 1407, 1413, 1438, 1452, 1482, 1495, 1518, 1549, 12, 37
841, 825, 799, 768, 746, 731, 714, 691, 661, 641, 623, 613, 577, 565, 532, 522, 483, 475, 439, 417, 410, 384, 362, 343, 311, 304, 281, 261, 222, 206, 198, 169, 151, 120, 95, 73, 74, 60, 38
841, 825, 799, 768, 746, 731, 714, 691, 661, 641, 623, 613, 577, 565, 532, 522, 483, 475, 439, 417, 410, 384, 362, 343, 311, 304, 281, 261, 222, 206, 198, 169, 151, 120, 95, 73, 62, 61, 39
841, 825, 799, 768, 746, 731, 714, 691, 661, 641, 623, 613, 577, 565, 532, 522, 483, 475, 439, 417, 410, 384, 362, 343, 311, 304, 281, 261, 222, 206, 198, 169, 151, 120, 95, 73, 62, 61, 40
841, 825, 799, 768, 746, 731, 714, 691, 661, 641, 623, 613, 577, 565, 532, 522, 483, 475, 439, 417, 410, 384, 362, 343, 311, 304, 281, 261, 222, 206, 198, 169, 151, 120, 95, 73, 62, 41
841, 825, 799, 768, 746, 731, 714, 691, 661, 641, 623, 613, 577, 565, 532, 522, 483, 475, 439, 417, 410, 384, 362, 343, 311, 304, 281, 261, 222, 206, 198, 169, 151, 120, 95, 73, 62, 41, 42
841, 825, 799, 768, 746, 731, 714, 691, 661, 641, 623, 613, 577, 565, 532, 522, 483, 476, 442, 418, 411, 385, 361, 344, 310, 305, 279, 263, 225, 207, 178, 170, 154, 117, 118, 94, 72, 64, 43
841, 825, 799, 768, 746, 731, 714, 691, 661, 641, 623, 613, 577, 565, 532, 522, 483, 476, 442, 418, 411, 385, 361, 344, 310, 305, 279, 263, 225, 207, 178, 170, 154, 117, 93, 71, 65, 44
841, 825, 799, 768, 746, 731, 714, 691, 661, 641, 623, 613, 577, 565, 532, 522, 483, 476, 442, 418, 411, 385, 361, 344, 310, 305, 279, 263, 225, 208, 179, 171, 155, 116, 92, 69, 66, 45
841, 825, 799, 768, 746, 731, 714, 691, 661, 641, 623, 613, 577, 565, 532, 522, 483, 476, 442, 418, 411, 385, 360, 345, 309, 285, 278, 264, 226, 227, 212, 182, 173, 135, 114, 90, 87, 46
841, 825, 799, 768, 746, 731, 714, 691, 661, 641, 623, 613, 577, 565, 532, 522, 483, 476, 442, 418, 411, 385, 360, 345, 309, 285, 278, 264, 226, 227, 212, 182, 173, 135, 114, 90, 87, 47
841, 825, 799, 768, 746, 731, 714, 691, 661, 641, 623, 613, 577, 565, 532, 522, 483, 476, 442, 418, 411, 385, 360, 345, 309, 285, 278, 264, 226, 227, 212, 182, 174, 175, 136, 113, 89, 86, 48
841, 825, 799, 768, 746, 731, 714, 691, 661, 641, 623, 613, 577, 565, 564, 533, 521, 504, 477, 443, 444, 420, 415, 389, 357, 348, 306, 290, 275, 247, 229, 214, 184, 176, 137, 111, 109, 85, 49
841, 842, 861, 882, 919, 931, 932, 964, 969, 999, 1030, 1043, 1044, 1051, 1094, 1098, 1121, 1153, 1171, 1200, 1222, 1226, 1254, 1285, 1310, 1313, 1334, 1352, 1389, 1399, 1425, 1447, 1462, 1491, 1503, 1530, 1537, 2, 26, 50
841, 842, 861, 882, 919, 931, 932, 964, 969, 999, 1030, 1043, 1044, 1051, 1094, 1098, 1121, 1153, 1171, 1200, 1222, 1226, 1254, 1285, 1310, 1313, 1334, 1352, 1389, 1399, 1425, 1447, 1462, 1491, 1503, 1530, 1537, 2, 26, 50, 51
841, 842, 861, 882, 919, 931, 932, 964, 969, 999, 1030, 1043, 1044, 1051, 1094, 1098, 1121, 1153, 1171, 1200, 1222, 1226, 1254, 1285, 1310, 1313, 1334, 1352, 1389, 1399, 1425, 1447, 1462, 1492, 1493, 1505, 1528, 1539, 21, 28, 29, 52
841, 840, 839, 822, 821, 795, 764, 751, 735, 706, 676, 666, 646, 618, 596, 572, 551, 545, 544, 509, 493, 466, 454, 453, 428, 400, 374, 350, 333, 323, 295, 269, 270, 252, 233, 219, 190, 158, 141, 128, 105, 82, 53
841, 862, 879, 917, 929, 947, 988, 994, 1026, 1039, 1070, 1088, 1112, 1111, 1110, 1133, 1142, 1161, 1187, 1212, 1236, 1263, 1274, 1298, 1322, 1342, 1361, 1377, 1390, 1417, 1433, 1469, 1477, 1510, 1523, 1543, 16, 17, 31, 54
841, 862, 879, 917, 929, 947, 988, 994, 1026, 1039, 1070, 1088, 1112, 1111, 1110, 1133, 1142, 1161, 1187, 1212, 1236, 1263, 1274, 1298, 1322, 1342, 1361, 1377, 1390, 1417, 1433, 1469, 1477, 1510, 1523, 1543, 16, 32, 55
841, 862, 879, 917, 929, 947, 988, 994, 1026, 1040, 1071, 1089, 1113, 1137, 1138, 1178, 1184, 1209, 1240, 1266, 1265, 1276, 1301, 1324, 1344, 1363, 1379, 1410, 1415, 1435, 1471, 1480, 1512, 1520, 1545, 14, 35, 34, 56
841, 862, 879, 917, 929, 947, 988, 994, 1026, 1040, 1071, 1089, 1113, 1137, 1138, 1178, 1184, 1209, 1240, 1266, 1265, 1276, 1301, 1324, 1344, 1363, 1379, 1410, 1415, 1435, 1471, 1480, 1512, 1520, 1545, 14, 35, 57
841, 862, 879, 917, 929, 947, 988, 994, 1026, 1040, 1071, 1089, 1113, 1137, 1138, 1178, 1184, 1209, 1240, 1266, 1277, 1302, 1325, 1345, 1364, 1380, 1408, 1414, 1437, 1472, 1481, 1513, 1519, 1546, 13, 36, 58
841, 842, 861, 882, 919, 931, 965, 990, 996, 1028, 1041, 1072, 1090, 1114, 1116, 1158, 1177, 1183, 1208, 1242, 1247, 1278, 1303, 1326, 1346, 1365, 1381, 1407, 1413, 1438, 1452, 1482, 1495, 1518, 1549, 12, 37, 59
841, 825, 799, 768, 746, 731, 714, 691, 661, 641, 623, 613, 577, 565, 532, 522, 483, 475, 439, 417, 410, 384, 362, 343, 311, 304, 281, 261, 222, 206, 198, 169, 151, 120, 95, 73, 74, 60
841, 825, 799, 768, 746, 731, 714, 691, 661, 641, 623, 613, 577, 565, 532, 522, 483, 475, 439, 417, 410, 384, 362, 343, 311, 304, 281, 261, 222, 206, 198, 169, 151, 120, 95, 73, 62, 61
841, 825, 799, 768, 746, 731, 714, 691, 661, 641, 623, 613, 577, 565, 532, 522, 483, 475, 439, 417, 410, 384, 362, 343, 311, 304, 281, 261, 222, 206, 198, 169, 151, 120, 95, 73, 62
841, 825, 799, 768, 746, 731, 714, 691, 661, 641, 623, 613, 577, 565, 532, 522, 483, 476, 442, 418, 411, 385, 361, 344, 310, 305, 279, 263, 225, 207, 178, 170, 154, 117, 118, 94, 72, 63
841, 825, 799, 768, 746, 731, 714, 691, 661, 641, 623, 613, 577, 565, 532, 522, 483, 476, 442, 418, 411, 385, 361, 344, 310, 305, 279, 263, 225, 207, 178, 170, 154, 117, 118, 94, 72, 64
841, 825, 799, 768, 746, 731, 714, 691, 661, 641, 623, 613, 577, 565, 532, 522, 483, 476, 442, 418, 411, 385, 361, 344, 310, 305, 279, 263, 225, 207, 178, 170, 154, 117, 93, 71, 65
841, 825, 799, 768, 746, 731, 714, 691, 661, 641, 623, 613, 577, 565, 532, 522, 483, 476, 442, 418, 411, 385, 361, 344, 310, 305, 279, 263, 225, 208, 179, 171, 155, 116, 92, 69, 66
841, 825, 799, 768, 746, 731, 714, 691, 661, 641, 623, 613, 577, 565, 532, 522, 483, 476, 442, 418, 411, 385, 360, 345, 309, 285, 278, 264, 226, 211, 180, 172, 133, 115, 91, 88, 67
841, 825, 799, 768, 746, 731, 714, 691, 661, 641, 623, 613, 577, 565, 532, 522, 483, 476, 442, 418, 411, 385, 361, 344, 310, 305, 279, 263, 225, 208, 179, 171, 155, 116, 92, 69, 68
841, 825, 799, 768, 746, 731, 714, 691, 661, 641, 623, 613, 577, 565, 532, 522, 483, 476, 442, 418, 411, 385, 361, 344, 310, 305, 279, 263, 225, 208, 179, 171, 155, 116, 92, 69
841, 825, 799, 768, 746, 731, 714, 691, 661, 641, 623, 613, 577, 565, 532, 522, 483, 476, 442, 418, 411, 385, 361, 344, 310, 305, 279, 263, 225, 207, 178, 170, 154, 117, 93, 70
841, 825, 799, 768, 746, 731, 714, 691, 661, 641, 623, 613, 577, 565, 532, 522, 483, 476, 442, 418, 411, 385, 361, 344, 310, 305, 279, 263, 225, 207, 178, 170, 154, 117, 93, 71
841, 825, 799, 768, 746, 731, 714, 691, 661, 641, 623, 613, 577, 565, 532, 522, 483, 476, 442, 418, 411, 385, 361, 344, 310, 305, 279, 263, 225, 207, 178, 170, 154, 117, 118, 94, 72
841, 825, 799, 768, 746, 731, 714, 691, 661, 641, 623, 613, 577, 565, 532, 522, 483, 475, 439, 417, 410, 384, 362, 343, 311, 304, 281, 261, 222, 206, 198, 169, 151, 120, 95, 73
841, 825, 799, 768, 746, 731, 714, 691, 661, 641, 623, 613, 577, 565, 532, 522, 483, 475, 439, 417, 410, 384, 362, 343, 311, 304, 281, 261, 222, 206, 198, 169, 151, 120, 95, 73, 74
841, 825, 799, 768, 746, 731, 714, 691, 661, 641, 623, 613, 577, 565, 532, 522, 483, 475, 439, 417, 410, 384, 362, 343, 311, 304, 281, 261, 222, 206, 198, 168, 150, 149, 121, 96, 97, 75
841, 862, 879, 917, 929, 947, 988, 994, 1026, 1040, 1071, 1089, 1113, 1137, 1138, 1178, 1184, 1209, 1240, 1266, 1277, 1302, 1325, 1345, 1364, 1380, 1408, 1414, 1437, 1472, 1481, 1513, 1519, 1546, 13, 36, 58, 76
841, 862, 879, 917, 929, 947, 988, 994, 1026, 1040, 1071, 1089, 1113, 1137, 1138, 1178, 1184, 1209, 1240, 1266, 1265, 1276, 1301, 1324, 1344, 1363, 1379, 1410, 1415, 1435, 1471, 1480, 1512, 1520, 1545, 14, 35, 57, 77
841, 862, 879, 917, 929, 947, 988, 994, 1026, 1040, 1071, 1089, 1113, 1137, 1138, 1178, 1184, 1209, 1240, 1266, 1265, 1276, 1301, 1324, 1344, 1363, 1379, 1410, 1415, 1435, 1471, 1480, 1512, 1520, 1545, 14, 35, 57, 77, 78
841, 862, 879, 917, 929, 947, 988, 994, 1026, 1039, 1070, 1088, 1112, 1111, 1110, 1133, 1142, 1161, 1187, 1212, 1236, 1263, 1274, 1298, 1322, 1342, 1361, 1377, 1390, 1417, 1433, 1469, 1477, 1510, 1523, 1543, 16, 32, 55, 79
841, 862, 879, 917, 929, 947, 988, 994, 1026, 1039, 1070, 1088, 1112, 1111, 1110, 1133, 1142, 1161, 1187, 1212, 1236, 1263, 1274, 1298, 1322, 1342, 1361, 1377, 1390, 1417, 1433, 1469, 1477, 1510, 1523, 1543, 16, 32, 55, 80
841, 840, 839, 822, 821, 795, 764, 751, 735, 706, 676, 666, 646, 618, 596, 572, 551, 545, 544, 509, 493, 466, 454, 430, 401, 375, 349, 335, 322, 296, 268, 253, 235, 220, 191, 159, 142, 127, 104, 81
841, 840, 839, 822, 821, 795, 764, 751, 735, 706, 676, 666, 646, 618, 596, 572, 551, 545, 544, 509, 493, 466, 454, 453, 428, 400, 374, 350, 333, 323, 295, 269, 270, 252, 233, 219, 190, 158, 141, 128, 105, 82
841, 840, 839, 822, 821, 795, 764, 751, 735, 706, 676, 666, 646, 618, 596, 572, 551, 545, 544, 509, 493, 466, 454, 453, 428, 400, 374, 350, 333, 323, 295, 269, 270, 252, 233, 219, 190, 158, 141, 128, 105, 106, 83
841, 842, 861, 882, 919, 931, 932, 964, 969, 999, 1030, 1043, 1044, 1051, 1094, 1098, 1121, 1153, 1171, 1200, 1222, 1226, 1254, 1285, 1310, 1313, 1334, 1352, 1389, 1399, 1425, 1447, 1462, 1491, 1503, 1530, 1537, 2, 26, 50, 84
841, 825, 799, 768, 746, 731, 714, 691, 661, 641, 623, 613, 577, 565, 564, 533, 521, 504, 477, 443, 444, 420, 415, 389, 357, 348, 306, 290, 275, 247, 229, 214, 184, 176, 137, 111, 109, 85
841, 825, 799, 768, 746, 731, 714, 691, 661, 641, 623, 613, 577, 565, 532, 522, 483, 476, 442, 418, 411, 385, 360, 345, 309, 285, 278, 264, 226, 227, 212, 182, 174, 175, 136, 113, 89, 86
841, 825, 799, 768, 746, 731, 714, 691, 661, 641, 623, 613, 577, 565, 532, 522, 483, 476, 442, 418, 411, 385, 360, 345, 309, 285, 278, 264, 226, 227, 212, 182, 173, 135, 114, 90, 87
841, 825, 799, 768, 746, 731, 714, 691, 661, 641, 623, 613, 577, 565, 532, 522, 483, 476, 442, 418, 411, 385, 360, 345, 309, 285, 278, 264, 226, 211, 180, 172, 133, 115, 91, 88
841, 825, 799, 768, 746, 731, 714, 691, 661, 641, 623, 613, 577, 565, 532, 522, 483, 476, 442, 418, 411, 385, 360, 345, 309, 285, 278, 264, 226, 227, 212, 182, 174, 175, 136, 113, 89
841, 825, 799, 768, 746, 731, 714, 691, 661, 641, 623, 613, 577, 565, 532, 522, 483, 476, 442, 418, 411, 385, 360, 345, 309, 285, 278, 264, 226, 227, 212, 182, 173, 135, 114, 90
841, 825, 799, 768, 746, 731, 714, 691, 661, 641, 623, 613, 577, 565, 532, 522, 483, 476, 442, 418, 411, 385, 360, 345, 309, 285, 278, 264, 226, 211, 180, 172, 133, 115, 91
841, 825, 799, 768, 746, 731, 714, 691, 661, 641, 623, 613, 577, 565, 532, 522, 483, 476, 442, 418, 411, 385, 361, 344, 310, 305, 279, 263, 225, 208, 179, 171, 155, 116, 92
841, 825, 799, 768, 746, 731, 714, 691, 661, 641, 623, 613, 577, 565, 532, 522, 483, 476, 442, 418, 411, 385, 361, 344, 310, 305, 279, 263, 225, 207, 178, 170, 154, 117, 93
841, 825, 799, 768, 746, 731, 714, 691, 661, 641, 623, 613, 577, 565, 532, 522, 483, 476, 442, 418, 411, 385, 361, 344, 310, 305, 279, 263, 225, 207, 178, 170, 154, 117, 118, 94
841, 825, 799, 768, 746, 731, 714, 691, 661, 641, 623, 613, 577, 565, 532, 522, 483, 475, 439, 417, 410, 384, 362, 343, 311, 304, 281, 261, 222, 206, 198, 169, 151, 120, 95
841, 825, 799, 768, 746, 731, 714, 691, 661, 641, 623, 613, 577, 565, 532, 522, 483, 475, 439, 417, 410, 384, 362, 343, 311, 304, 281, 261, 222, 206, 198, 168, 150, 149, 121, 96
841, 825, 799, 768, 746, 731, 714, 691, 661, 641, 623, 613, 577, 565, 532, 522, 483, 475, 439, 417, 410, 384, 362, 343, 311, 304, 281, 261, 222, 206, 198, 168, 150, 149, 121, 96, 97
841, 825, 799, 768, 746, 731, 714, 691, 661, 641, 623, 613, 577, 565, 532, 522, 483, 475, 439, 417, 410, 384, 362, 343, 311, 304, 281, 261, 222, 206, 198, 168, 150, 149, 121, 96, 97, 98
841, 862, 879, 917, 929, 947, 988, 994, 1026, 1040, 1071, 1089, 1113, 1137, 1138, 1178, 1184, 1209, 1240, 1266, 1277, 1302, 1325, 1345, 1364, 1380, 1408, 1414, 1437, 1472, 1481, 1513, 1519, 1546, 13, 36, 58, 76, 99
