1217, 1231, 1259, 1288, 1294, 1317, 1338, 1356, 1372, 1394, 1395, 1423, 1449, 1463, 1493, 1504, 1529, 1538, 0
1217, 1231, 1259, 1288, 1294, 1317, 1338, 1356, 1372, 1394, 1395, 1423, 1449, 1463, 1493, 1504, 1529, 1538, 1
1217, 1218, 1230, 1229, 1256, 1269, 1291, 1315, 1336, 1354, 1370, 1398, 1424, 1448, 1462, 1492, 1503, 1530, 1537, 2
1217, 1218, 1230, 1229, 1256, 1269, 1291, 1315, 1336, 1354, 1370, 1398, 1424, 1448, 1462, 1492, 1503, 1530, 1537, 3
1217, 1218, 1230, 1229, 1256, 1269, 1291, 1315, 1336, 1354, 1370, 1398, 1424, 1448, 1462, 1492, 1503, 1530, 1537, 3, 4
1217, 1218, 1230, 1229, 1256, 1255, 1270, 1311, 1314, 1335, 1353, 1389, 1399, 1425, 1447, 1461, 1490, 1502, 1531, 1532, 1535, 5
1217, 1218, 1230, 1229, 1256, 1255, 1270, 1311, 1314, 1335, 1353, 1389, 1399, 1425, 1447, 1461, 1490, 1502, 1531, 1532, 1535, 5, 6
1217, 1218, 1230, 1229, 1256, 1255, 1270, 1311, 1314, 1335, 1353, 1389, 1399, 1425, 1447, 1461, 1490, 1502, 1531, 1532, 1533, 1554, 1553, 7
1217, 1218, 1230, 1229, 1256, 1255, 1270, 1311, 1314, 1335, 1353, 1389, 1399, 1425, 1447, 1461, 1490, 1502, 1531, 1532, 1533, 1554, 1553, 7, 8
1217, 1216, 1215, 1234, 1235, 1262, 1284, 1298, 1322, 1323, 1343, 1344, 1363, 1379, 1409, 1414, 1413, 1438, 1439, 1440, 1455, 1485, 1498, 1514, 1552, 9
1217, 1216, 1215, 1234, 1235, 1262, 1284, 1298, 1322, 1323, 1343, 1344, 1363, 1379, 1409, 1414, 1437, 1472, 1481, 1513, 1519, 1548, 12, 11, 10
1217, 1216, 1215, 1234, 1235, 1262, 1284, 1298, 1322, 1323, 1343, 1344, 1363, 1379, 1409, 1414, 1437, 1472, 1481, 1513, 1519, 1548, 12, 11
1217, 1216, 1215, 1234, 1235, 1262, 1284, 1298, 1322, 1323, 1343, 1344, 1363, 1379, 1409, 1414, 1437, 1472, 1481, 1513, 1519, 1548, 12
1217, 1232, 1233, 1260, 1287, 1296, 1320, 1341, 1360, 1375, 1390, 1416, 1434, 1470, 1479, 1512, 1520, 1545, 14, 13
1217, 1232, 1233, 1260, 1287, 1296, 1320, 1341, 1360, 1375, 1390, 1416, 1434, 1470, 1479, 1512, 1520, 1545, 14
1217, 1232, 1233, 1260, 1287, 1296, 1320, 1341, 1360, 1375, 1390, 1417, 1433, 1469, 1477, 1478, 1511, 1522, 1544, 15
1217, 1232, 1233, 1260, 1287, 1296, 1320, 1341, 1360, 1375, 1390, 1417, 1433, 1469, 1477, 1510, 1523, 1543, 16
1217, 1231, 1259, 1288, 1294, 1317, 1338, 1357, 1358, 1374, 1392, 1419, 1432, 1468, 1476, 1509, 1525, 1542, 17
1217, 1231, 1259, 1288, 1294, 1317, 1338, 1357, 1358, 1374, 1392, 1420, 1431, 1467, 1475, 1508, 1526, 1541, 18
1217, 1231, 1259, 1288, 1294, 1317, 1338, 1357, 1358, 1374, 1392, 1420, 1431, 1467, 1475, 1508, 1526, 1541, 19
1217, 1231, 1259, 1288, 1294, 1317, 1338, 1356, 1372, 1394, 1422, 1450, 1464, 1473, 1506, 1528, 1539, 1540, 20
1217, 1231, 1259, 1288, 1294, 1317, 1338, 1356, 1372, 1394, 1422, 1450, 1464, 1473, 1506, 1528, 1539, 21
1217, 1218, 1230, 1229, 1256, 1255, 1270, 1311, 1314, 1335, 1353, 1389, 1399, 1425, 1447, 1461, 1490, 1502, 1531, 1532, 1535, 5, 22
1217, 1218, 1230, 1229, 1256, 1255, 1270, 1311, 1314, 1335, 1353, 1389, 1399, 1425, 1447, 1461, 1490, 1502, 1531, 1532, 1535, 5, 23
1217, 1218, 1230, 1229, 1256, 1269, 1291, 1315, 1336, 1354, 1370, 1398, 1424, 1448, 1462, 1492, 1503, 1530, 1537, 3, 25, 24
1217, 1218, 1230, 1229, 1256, 1269, 1291, 1315, 1336, 1354, 1370, 1398, 1424, 1448, 1462, 1492, 1503, 1530, 1537, 3, 25
1217, 1231, 1259, 1288, 1294, 1317, 1338, 1356, 1372, 1394, 1395, 1423, 1449, 1463, 1493, 1504, 1529, 1538, 0, 26
1217, 1231, 1259, 1288, 1294, 1317, 1338, 1356, 1372, 1394, 1422, 1450, 1464, 1473, 1506, 1528, 1539, 21, 27
1217, 1231, 1259, 1288, 1294, 1317, 1338, 1356, 1372, 1394, 1422, 1450, 1464, 1473, 1506, 1528, 1539, 21, 28
1217, 1231, 1259, 1288, 1294, 1317, 1338, 1356, 1372, 1394, 1422, 1450, 1464, 1473, 1506, 1528, 1539, 21, 28, 29
1217, 1231, 1259, 1288, 1294, 1317, 1338, 1357, 1358, 1374, 1392, 1420, 1431, 1467, 1475, 1508, 1526, 1541, 19, 30
1217, 1231, 1259, 1288, 1294, 1317, 1338, 1357, 1358, 1374, 1392, 1419, 1432, 1468, 1476, 1509, 1525, 1542, 17, 31
1217, 1232, 1233, 1260, 1287, 1296, 1320, 1341, 1360, 1375, 1390, 1417, 1433, 1469, 1477, 1510, 1523, 1543, 16, 32
1217, 1232, 1233, 1260, 1287, 1296, 1320, 1341, 1360, 1375, 1390, 1417, 1433, 1469, 1477, 1478, 1511, 1522, 1544, 15, 33
1217, 1232, 1233, 1260, 1287, 1296, 1320, 1341, 1360, 1375, 1390, 1417, 1433, 1469, 1477, 1478, 1511, 1522, 1544, 15, 34
1217, 1232, 1233, 1260, 1287, 1296, 1320, 1341, 1360, 1375, 1390, 1416, 1434, 1470, 1479, 1512, 1520, 1545, 14, 35
1217, 1232, 1233, 1260, 1287, 1296, 1320, 1341, 1360, 1375, 1390, 1416, 1434, 1470, 1479, 1512, 1520, 1545, 14, 13, 36
1217, 1216, 1215, 1234, 1235, 1262, 1284, 1298, 1322, 1323, 1343, 1344, 1363, 1379, 1409, 1414, 1437, 1472, 1481, 1513, 1519, 1548, 12, 37
1217, 1216, 1215, 1234, 1235, 1262, 1284, 1298, 1322, 1323, 1343, 1344, 1363, 1379, 1409, 1414, 1437, 1472, 1481, 1513, 1519, 1548, 12, 38
1217, 1216, 1215, 1234, 1235, 1262, 1284, 1298, 1322, 1323, 1343, 1344, 1363, 1379, 1409, 1414, 1437, 1472, 1481, 1513, 1519, 1548, 12, 38, 39
1217, 1216, 1215, 1234, 1235, 1262, 1284, 1298, 1322, 1323, 1343, 1344, 1363, 1379, 1409, 1414, 1437, 1472, 1481, 1513, 1519, 1548, 12, 38, 39, 40
1217, 1216, 1215, 1234, 1235, 1262, 1284, 1298, 1322, 1323, 1343, 1344, 1363, 1379, 1409, 1414, 1437, 1472, 1481, 1513, 1519, 1548, 12, 38, 39, 40, 41
1217, 1216, 1215, 1234, 1235, 1262, 1284, 1298, 1322, 1323, 1343, 1344, 1363, 1379, 1409, 1414, 1437, 1472, 1481, 1513, 1519, 1548, 12, 11, 10, 42
1217, 1216, 1215, 1234, 1235, 1262, 1284, 1298, 1322, 1323, 1343, 1344, 1363, 1379, 1409, 1414, 1437, 1472, 1481, 1513, 1519, 1548, 12, 11, 10, 42, 43
1217, 1218, 1230, 1229, 1256, 1255, 1270, 1311, 1314, 1335, 1353, 1389, 1399, 1425, 1447, 1461, 1490, 1502, 1531, 1532, 1533, 1554, 1553, 7, 44
1217, 1218, 1230, 1229, 1256, 1255, 1270, 1311, 1314, 1335, 1353, 1389, 1399, 1425, 1447, 1461, 1490, 1502, 1531, 1532, 1535, 5, 6, 45
1217, 1218, 1230, 1229, 1256, 1269, 1291, 1315, 1336, 1354, 1370, 1398, 1424, 1448, 1462, 1492, 1503, 1530, 1537, 3, 25, 49, 48, 47, 46
1217, 1218, 1230, 1229, 1256, 1269, 1291, 1315, 1336, 1354, 1370, 1398, 1424, 1448, 1462, 1492, 1503, 1530, 1537, 3, 25, 49, 48, 47
1217, 1218, 1230, 1229, 1256, 1269, 1291, 1315, 1336, 1354, 1370, 1398, 1424, 1448, 1462, 1492, 1503, 1530, 1537, 3, 25, 49, 48
1217, 1218, 1230, 1229, 1256, 1269, 1291, 1315, 1336, 1354, 1370, 1398, 1424, 1448, 1462, 1492, 1503, 1530, 1537, 3, 25, 49
1217, 1231, 1259, 1288, 1294, 1317, 1338, 1356, 1372, 1394, 1395, 1423, 1449, 1463, 1493, 1504, 1529, 1538, 0, 26, 50
1217, 1231, 1259, 1288, 1294, 1317, 1338, 1356, 1372, 1394, 1422, 1450, 1464, 1473, 1506, 1528, 1539, 21, 27, 52, 51
1217, 1231, 1259, 1288, 1294, 1317, 1338, 1356, 1372, 1394, 1422, 1450, 1464, 1473, 1506, 1528, 1539, 21, 27, 52
1217, 1231, 1259, 1288, 1294, 1317, 1338, 1356, 1372, 1394, 1422, 1450, 1464, 1473, 1506, 1528, 1539, 21, 28, 29, 53
1217, 1231, 1259, 1288, 1294, 1317, 1338, 1357, 1358, 1374, 1392, 1420, 1431, 1467, 1475, 1508, 1526, 1541, 19, 30, 54
1217, 1231, 1259, 1288, 1294, 1317, 1338, 1357, 1358, 1374, 1392, 1419, 1432, 1468, 1476, 1509, 1525, 1542, 17, 31, 55
1217, 1231, 1259, 1288, 1294, 1317, 1338, 1357, 1358, 1374, 1392, 1419, 1432, 1468, 1476, 1509, 1525, 1542, 17, 31, 55, 56
1217, 1232, 1233, 1260, 1287, 1296, 1320, 1341, 1360, 1375, 1390, 1417, 1433, 1469, 1477, 1478, 1511, 1522, 1544, 15, 33, 57
1217, 1232, 1233, 1260, 1287, 1296, 1320, 1341, 1360, 1375, 1390, 1416, 1434, 1470, 1479, 1512, 1520, 1545, 14, 35, 58
1217, 1232, 1233, 1260, 1287, 1296, 1320, 1341, 1360, 1375, 1390, 1416, 1434, 1470, 1479, 1512, 1520, 1545, 14, 13, 36, 59
1217, 1216, 1215, 1234, 1235, 1262, 1284, 1298, 1322, 1323, 1343, 1344, 1363, 1379, 1409, 1414, 1437, 1472, 1481, 1513, 1519, 1548, 12, 37, 60
1217, 1216, 1215, 1234, 1235, 1262, 1284, 1298, 1322, 1323, 1343, 1344, 1363, 1379, 1409, 1414, 1437, 1472, 1481, 1513, 1519, 1548, 12, 38, 61
1217, 1216, 1215, 1234, 1235, 1262, 1284, 1298, 1322, 1323, 1343, 1344, 1363, 1379, 1409, 1414, 1437, 1472, 1481, 1513, 1519, 1548, 12, 38, 39, 62
1217, 1216, 1215, 1234, 1235, 1262, 1284, 1298, 1322, 1323, 1343, 1344, 1363, 1379, 1409, 1414, 1437, 1472, 1481, 1513, 1519, 1548, 12, 38, 39, 62, 63
1217, 1216, 1215, 1234, 1235, 1262, 1284, 1298, 1322, 1323, 1343, 1344, 1363, 1379, 1409, 1414, 1437, 1472, 1481, 1513, 1519, 1548, 12, 38, 39, 62, 63, 64
1217, 1216, 1215, 1234, 1235, 1262, 1284, 1298, 1322, 1323, 1343, 1344, 1363, 1379, 1409, 1414, 1437, 1472, 1481, 1513, 1519, 1548, 12, 38, 39, 62, 63, 64, 65
1217, 1218, 1230, 1229, 1256, 1255, 1270, 1311, 1314, 1335, 1353, 1389, 1399, 1425, 1447, 1461, 1490, 1502, 1531, 1532, 1533, 1554, 1553, 7, 44, 66
1217, 1218, 1230, 1229, 1256, 1255, 1270, 1311, 1314, 1335, 1353, 1389, 1399, 1425, 1447, 1461, 1490, 1502, 1531, 1532, 1535, 5, 6, 45, 67
1217, 1218, 1230, 1229, 1256, 1269, 1291, 1315, 1336, 1354, 1370, 1398, 1424, 1448, 1462, 1492, 1503, 1530, 1537, 3, 25, 49, 48, 47, 88, 68
1217, 1218, 1230, 1229, 1256, 1269, 1291, 1315, 1336, 1354, 1370, 1398, 1424, 1448, 1462, 1492, 1503, 1530, 1537, 3, 25, 49, 48, 47, 88, 68, 69
1217, 1218, 1230, 1229, 1256, 1255, 1270, 1311, 1314, 1335, 1353, 1389, 1399, 1425, 1447, 1461, 1490, 1502, 1531, 1532, 1533, 1554, 1553, 7, 44, 66, 70
1217, 1218, 1230, 1229, 1256, 1255, 1270, 1311, 1314, 1335, 1353, 1389, 1399, 1425, 1447, 1461, 1490, 1502, 1531, 1532, 1533, 1554, 1553, 7, 44, 66, 71
1217, 1216, 1215, 1234, 1235, 1262, 1284, 1298, 1322, 1323, 1343, 1344, 1363, 1379, 1409, 1414, 1437, 1472, 1481, 1513, 1519, 1548, 12, 38, 61, 74, 73, 72
1217, 1216, 1215, 1234, 1235, 1262, 1284, 1298, 1322, 1323, 1343, 1344, 1363, 1379, 1409, 1414, 1437, 1472, 1481, 1513, 1519, 1548, 12, 38, 61, 74, 73
1217, 1216, 1215, 1234, 1235, 1262, 1284, 1298, 1322, 1323, 1343, 1344, 1363, 1379, 1409, 1414, 1437, 1472, 1481, 1513, 1519, 1548, 12, 38, 61, 74
1217, 1216, 1215, 1234, 1235, 1262, 1284, 1298, 1322, 1323, 1343, 1344, 1363, 1379, 1409, 1414, 1437, 1472, 1481, 1513, 1519, 1548, 12, 37, 60, 75
1217, 1232, 1233, 1260, 1287, 1296, 1320, 1341, 1360, 1375, 1390, 1416, 1434, 1470, 1479, 1512, 1520, 1545, 14, 35, 58, 76
1217, 1232, 1233, 1260, 1287, 1296, 1320, 1341, 1360, 1375, 1390, 1416, 1434, 1470, 1479, 1512, 1520, 1545, 14, 35, 58, 77
1217, 1232, 1233, 1260, 1287, 1296, 1320, 1341, 1360, 1375, 1390, 1417, 1433, 1469, 1477, 1478, 1511, 1522, 1544, 15, 33, 57, 78
1217, 1231, 1259, 1288, 1294, 1317, 1338, 1357, 1358, 1374, 1392, 1419, 1432, 1468, 1476, 1509, 1525, 1542, 17, 31, 55, 56, 79
1217, 1231, 1259, 1288, 1294, 1317, 1338, 1357, 1358, 1374, 1392, 1419, 1432, 1468, 1476, 1509, 1525, 1542, 17, 31, 55, 56, 80
1217, 1231, 1259, 1288, 1294, 1317, 1338, 1357, 1358, 1374, 1392, 1419, 1432, 1468, 1476, 1509, 1525, 1542, 17, 31, 55, 81
1217, 1231, 1259, 1288, 1294, 1317, 1338, 1357, 1358, 1374, 1392, 1420, 1431, 1467, 1475, 1508, 1526, 1541, 19, 30, 54, 82
1217, 1231, 1259, 1288, 1294, 1317, 1338, 1356, 1372, 1394, 1422, 1450, 1464, 1473, 1506, 1528, 1539, 21, 28, 29, 53, 83
1217, 1231, 1259, 1288, 1294, 1317, 1338, 1356, 1372, 1394, 1422, 1450, 1464, 1473, 1506, 1528, 1539, 21, 27, 52, 84
1217, 1231, 1259, 1288, 1294, 1317, 1338, 1356, 1372, 1394, 1395, 1423, 1449, 1463, 1493, 1504, 1529, 1538, 0, 26, 50, 85
1217, 1218, 1230, 1229, 1256, 1269, 1291, 1315, 1336, 1354, 1370, 1398, 1424, 1448, 1462, 1492, 1503, 1530, 1537, 3, 25, 49, 86
1217, 1218, 1230, 1229, 1256, 1269, 1291, 1315, 1336, 1354, 1370, 1398, 1424, 1448, 1462, 1492, 1503, 1530, 1537, 3, 25, 49, 48, 87
1217, 1218, 1230, 1229, 1256, 1269, 1291, 1315, 1336, 1354, 1370, 1398, 1424, 1448, 1462, 1492, 1503, 1530, 1537, 3, 25, 49, 48, 47, 88
1217, 1218, 1230, 1229, 1256, 1269, 1291, 1315, 1336, 1354, 1370, 1398, 1424, 1448, 1462, 1492, 1503, 1530, 1537, 3, 25, 49, 86, 89
1217, 1218, 1230, 1229, 1256, 1269, 1291, 1315, 1336, 1354, 1370, 1398, 1424, 1448, 1462, 1492, 1503, 1530, 1537, 3, 25, 49, 86, 89, 90
1217, 1218, 1230, 1229, 1256, 1269, 1291, 1315, 1336, 1354, 1370, 1398, 1424, 1448, 1462, 1492, 1503, 1530, 1537, 3, 25, 49, 48, 47, 88, 91
1217, 1218, 1230, 1229, 1256, 1269, 1291, 1315, 1336, 1354, 1370, 1398, 1424, 1448, 1462, 1492, 1503, 1530, 1537, 3, 25, 49, 48, 47, 88, 68, 69, 92
1217, 1216, 1215, 1234, 1235, 1262, 1284, 1298, 1322, 1323, 1343, 1344, 1363, 1379, 1409, 1414, 1437, 1472, 1481, 1513, 1519, 1548, 12, 38, 61, 74, 73, 95, 94, 93
1217, 1216, 1215, 1234, 1235, 1262, 1284, 1298, 1322, 1323, 1343, 1344, 1363, 1379, 1409, 1414, 1437, 1472, 1481, 1513, 1519, 1548, 12, 38, 61, 74, 73, 95, 94
1217, 1216, 1215, 1234, 1235, 1262, 1284, 1298, 1322, 1323, 1343, 1344, 1363, 1379, 1409, 1414, 1437, 1472, 1481, 1513, 1519, 1548, 12, 38, 61, 74, 73, 95
1217, 1216, 1215, 1234, 1235, 1262, 1284, 1298, 1322, 1323, 1343, 1344, 1363, 1379, 1409, 1414, 1437, 1472, 1481, 1513, 1519, 1548, 12, 38, 61, 74, 96
1217, 1216, 1215, 1234, 1235, 1262, 1284, 1298, 1322, 1323, 1343, 1344, 1363, 1379, 1409, 1414, 1437, 1472, 1481, 1513, 1519, 1548, 12, 37, 60, 75, 97
1217, 1232, 1233, 1260, 1287, 1296, 1320, 1341, 1360, 1375, 1390, 1416, 1434, 1470, 1479, 1512, 1520, 1545, 14, 35, 58, 76, 99, 98
1217, 1232, 1233, 1260, 1287, 1296, 1320, 1341, 1360, 1375, 1390, 1416, 1434, 1470, 1479, 1512, 1520, 1545, 14, 35, 58, 76, 99
1217, 1232, 1233, 1260, 1287, 1296, 1320, 1341, 1360, 1375, 1390, 1416, 1434, 1470, 1479, 1512, 1520, 1545, 14, 35, 58, 77, 100
1217, 1231, 1259, 1288, 1294, 1317, 1338, 1357, 1358, 1374, 1392, 1419, 1432, 1468, 1476, 1509, 1525, 1542, 17, 31, 55, 56, 80, 102, 101
1217, 1231, 1259, 1288, 1294, 1317, 1338, 1357, 1358, 1374, 1392, 1419, 1432, 1468, 1476, 1509, 1525, 1542, 17, 31, 55, 56, 80, 102
1217, 1231, 1259, 1288, 1294, 1317, 1338, 1357, 1358, 1374, 1392, 1419, 1432, 1468, 1476, 1509, 1525, 1542, 17, 31, 55, 56, 80, 103
1217, 1231, 1259, 1288, 1294, 1317, 1338, 1357, 1358, 1374, 1392, 1419, 1432, 1468, 1476, 1509, 1525, 1542, 17, 31, 55, 81, 104
1217, 1231, 1259, 1288, 1294, 1317, 1338, 1357, 1358, 1374, 1392, 1420, 1431, 1467, 1475, 1508, 1526, 1541, 19, 30, 54, 82, 105
1217, 1231, 1259, 1288, 1294, 1317, 1338, 1356, 1372, 1394, 1422, 1450, 1464, 1473, 1506, 1528, 1539, 21, 28, 29, 53, 83, 106
1217, 1231, 1259, 1288, 1294, 1317, 1338, 1356, 1372, 1394, 1422, 1450, 1464, 1473, 1506, 1528, 1539, 21, 27, 52, 84, 107
1217, 1231, 1259, 1288, 1294, 1317, 1338, 1356, 1372, 1394, 1422, 1450, 1464, 1473, 1506, 1528, 1539, 21, 27, 52, 84, 107, 108
1217, 1231, 1259, 1288, 1294, 1317, 1338, 1356, 1372, 1394, 1395, 1423, 1449, 1463, 1493, 1504, 1529, 1538, 0, 26, 50, 85, 109
1217, 1231, 1259, 1288, 1294, 1317, 1338, 1356, 1372, 1394, 1422, 1450, 1464, 1473, 1506, 1528, 1539, 21, 27, 52, 84, 107, 110
1217, 1231, 1259, 1288, 1294, 1317, 1338, 1356, 1372, 1394, 1395, 1423, 1449, 1463, 1493, 1504, 1529, 1538, 0, 26, 50, 85, 109, 111
1217, 1218, 1230, 1229, 1256, 1269, 1291, 1315, 1336, 1354, 1370, 1398, 1424, 1448, 1462, 1492, 1503, 1530, 1537, 3, 25, 49, 86, 89, 112
1217, 1218, 1230, 1229, 1256, 1269, 1291, 1315, 1336, 1354, 1370, 1398, 1424, 1448, 1462, 1492, 1503, 1530, 1537, 3, 25, 49, 86, 89, 113
1217, 1218, 1230, 1229, 1256, 1269, 1291, 1315, 1336, 1354, 1370, 1398, 1424, 1448, 1462, 1492, 1503, 1530, 1537, 3, 25, 49, 86, 89, 90, 114
1217, 1218, 1230, 1229, 1256, 1269, 1291, 1315, 1336, 1354, 1370, 1398, 1424, 1448, 1462, 1492, 1503, 1530, 1537, 3, 25, 49, 48, 47, 88, 91, 115
1217, 1218, 1230, 1229, 1256, 1269, 1291, 1315, 1336, 1354, 1370, 1398, 1424, 1448, 1462, 1492, 1503, 1530, 1537, 3, 25, 49, 48, 47, 88, 68, 69, 92, 116
1217, 1216, 1215, 1234, 1235, 1262, 1284, 1298, 1322, 1323, 1343, 1344, 1363, 1379, 1409, 1414, 1437, 1472, 1481, 1513, 1519, 1548, 12, 38, 61, 74, 73, 95, 94, 118, 117
1217, 1216, 1215, 1234, 1235, 1262, 1284, 1298, 1322, 1323, 1343, 1344, 1363, 1379, 1409, 1414, 1437, 1472, 1481, 1513, 1519, 1548, 12, 38, 61, 74, 73, 95, 94, 118
1217, 1216, 1215, 1234, 1235, 1262, 1284, 1298, 1322, 1323, 1343, 1344, 1363, 1379, 1409, 1414, 1437, 1472, 1481, 1513, 1519, 1548, 12, 38, 61, 74, 73, 95, 119
1217, 1216, 1215, 1234, 1235, 1262, 1284, 1298, 1322, 1323, 1343, 1344, 1363, 1379, 1409, 1414, 1437, 1472, 1481, 1513, 1519, 1548, 12, 38, 61, 74, 73, 95, 120
1217, 1216, 1215, 1234, 1235, 1262, 1284, 1298, 1322, 1323, 1343, 1344, 1363, 1379, 1409, 1414, 1437, 1472, 1481, 1513, 1519, 1548, 12, 38, 61, 74, 96, 121
1217, 1232, 1233, 1260, 1287, 1296, 1320, 1341, 1360, 1375, 1390, 1416, 1434, 1470, 1479, 1512, 1520, 1545, 14, 35, 58, 76, 99, 98, 122
1217, 1232, 1233, 1260, 1287, 1296, 1320, 1341, 1360, 1375, 1390, 1416, 1434, 1470, 1479, 1512, 1520, 1545, 14, 35, 58, 76, 99, 123
1217, 1232, 1233, 1260, 1287, 1296, 1320, 1341, 1360, 1375, 1390, 1416, 1434, 1470, 1479, 1512, 1520, 1545, 14, 35, 58, 77, 100, 124
1217, 1231, 1259, 1288, 1294, 1317, 1338, 1357, 1358, 1374, 1392, 1419, 1432, 1468, 1476, 1509, 1525, 1542, 17, 31, 55, 56, 80, 102, 101, 125
1217, 1231, 1259, 1288, 1294, 1317, 1338, 1357, 1358, 1374, 1392, 1419, 1432, 1468, 1476, 1509, 1525, 1542, 17, 31, 55, 56, 80, 103, 126
1217, 1231, 1259, 1288, 1294, 1317, 1338, 1357, 1358, 1374, 1392, 1419, 1432, 1468, 1476, 1509, 1525, 1542, 17, 31, 55, 81, 104, 127
1217, 1231, 1259, 1288, 1294, 1317, 1338, 1357, 1358, 1374, 1392, 1420, 1431, 1467, 1475, 1508, 1526, 1541, 19, 30, 54, 82, 105, 128
1217, 1231, 1259, 1288, 1294, 1317, 1338, 1357, 1358, 1374, 1392, 1420, 1431, 1467, 1475, 1508, 1526, 1541, 19, 30, 54, 82, 105, 129
1217, 1231, 1259, 1288, 1294, 1317, 1338, 1356, 1372, 1394, 1422, 1450, 1464, 1473, 1506, 1528, 1539, 21, 28, 29, 53, 83, 106, 130
1217, 1216, 1215, 1234, 1235, 1262, 1284, 1298, 1322, 1323, 1343, 1344, 1363, 1379, 1409, 1414, 1437, 1472, 1481, 1513, 1519, 1548, 12, 38, 61, 74, 73, 95, 94, 118, 117, 131
1217, 1216, 1215, 1234, 1235, 1262, 1284, 1298, 1322, 1323, 1343, 1344, 1363, 1379, 1409, 1414, 1437, 1472, 1481, 1513, 1519, 1548, 12, 38, 61, 74, 73, 95, 94, 118, 117, 132
1217, 1216, 1215, 1234, 1235, 1262, 1284, 1298, 1322, 1323, 1343, 1344, 1363, 1379, 1409, 1414, 1437, 1472, 1481, 1513, 1519, 1548, 12, 38, 61, 74, 73, 95, 119, 134, 133
1217, 1216, 1215, 1234, 1235, 1262, 1284, 1298, 1322, 1323, 1343, 1344, 1363, 1379, 1409, 1414, 1437, 1472, 1481, 1513, 1519, 1548, 12, 38, 61, 74, 73, 95, 119, 134
1217, 1216, 1215, 1234, 1235, 1262, 1284, 1298, 1322, 1323, 1343, 1344, 1363, 1379, 1409, 1414, 1437, 1472, 1481, 1513, 1519, 1548, 12, 38, 61, 74, 73, 95, 120, 135
1217, 1216, 1215, 1234, 1235, 1262, 1284, 1298, 1322, 1323, 1343, 1344, 1363, 1379, 1409, 1414, 1437, 1472, 1481, 1513, 1519, 1548, 12, 38, 61, 74, 73, 95, 120, 136
1217, 1216, 1215, 1234, 1235, 1262, 1284, 1298, 1322, 1323, 1343, 1344, 1363, 1379, 1409, 1414, 1437, 1472, 1481, 1513, 1519, 1548, 12, 38, 61, 74, 96, 121, 137
1217, 1232, 1233, 1260, 1287, 1296, 1320, 1341, 1360, 1375, 1390, 1416, 1434, 1470, 1479, 1512, 1520, 1545, 14, 35, 58, 76, 99, 123, 139, 138
1217, 1232, 1233, 1260, 1287, 1296, 1320, 1341, 1360, 1375, 1390, 1416, 1434, 1470, 1479, 1512, 1520, 1545, 14, 35, 58, 76, 99, 123, 139
1217, 1232, 1233, 1260, 1287, 1296, 1320, 1341, 1360, 1375, 1390, 1416, 1434, 1470, 1479, 1512, 1520, 1545, 14, 35, 58, 77, 100, 124, 140
1217, 1232, 1233, 1260, 1287, 1296, 1320, 1341, 1360, 1375, 1390, 1416, 1434, 1470, 1479, 1512, 1520, 1545, 14, 35, 58, 77, 100, 124, 141
1217, 1231, 1259, 1288, 1294, 1317, 1338, 1357, 1358, 1374, 1392, 1419, 1432, 1468, 1476, 1509, 1525, 1542, 17, 31, 55, 56, 80, 102, 101, 125, 142
1217, 1231, 1259, 1288, 1294, 1317, 1338, 1357, 1358, 1374, 1392, 1419, 1432, 1468, 1476, 1509, 1525, 1542, 17, 31, 55, 56, 80, 103, 126, 143
1217, 1231, 1259, 1288, 1294, 1317, 1338, 1357, 1358, 1374, 1392, 1419, 1432, 1468, 1476, 1509, 1525, 1542, 17, 31, 55, 81, 104, 127, 144
1217, 1231, 1259, 1288, 1294, 1317, 1338, 1357, 1358, 1374, 1392, 1420, 1431, 1467, 1475, 1508, 1526, 1541, 19, 30, 54, 82, 105, 128, 145
1217, 1231, 1259, 1288, 1294, 1317, 1338, 1357, 1358, 1374, 1392, 1420, 1431, 1467, 1475, 1508, 1526, 1541, 19, 30, 54, 82, 105, 129, 146
1217, 1231, 1259, 1288, 1294, 1317, 1338, 1356, 1372, 1394, 1422, 1450, 1464, 1473, 1506, 1528, 1539, 21, 28, 29, 53, 83, 106, 130, 147
1217, 1231, 1259, 1288, 1294, 1317, 1338, 1356, 1372, 1394, 1422, 1450, 1464, 1473, 1506, 1528, 1539, 21, 27, 52, 84, 107, 110, 148
1217, 1231, 1259, 1288, 1294, 1317, 1338, 1356, 1372, 1394, 1395, 1423, 1449, 1463, 1493, 1504, 1529, 1538, 0, 26, 50, 85, 109, 111, 149
1217, 1218, 1230, 1229, 1256, 1269, 1291, 1315, 1336, 1354, 1370, 1398, 1424, 1448, 1462, 1492, 1503, 1530, 1537, 3, 25, 49, 86, 89, 113, 150
1217, 1218, 1230, 1229, 1256, 1269, 1291, 1315, 1336, 1354, 1370, 1398, 1424, 1448, 1462, 1492, 1503, 1530, 1537, 3, 25, 49, 86, 89, 90, 114, 151
1217, 1218, 1230, 1229, 1256, 1269, 1291, 1315, 1336, 1354, 1370, 1398, 1424, 1448, 1462, 1492, 1503, 1530, 1537, 3, 25, 49, 86, 89, 90, 114, 152
1217, 1218, 1230, 1229, 1256, 1269, 1291, 1315, 1336, 1354, 1370, 1398, 1424, 1448, 1462, 1492, 1503, 1530, 1537, 3, 25, 49, 48, 47, 88, 91, 115, 153
1217, 1218, 1230, 1229, 1256, 1269, 1291, 1315, 1336, 1354, 1370, 1398, 1424, 1448, 1462, 1492, 1503, 1530, 1537, 3, 25, 49, 48, 47, 88, 91, 115, 153, 154
1217, 1218, 1230, 1229, 1256, 1269, 1291, 1315, 1336, 1354, 1370, 1398, 1424, 1448, 1462, 1492, 1503, 1530, 1537, 3, 25, 49, 48, 47, 88, 68, 69, 92, 116, 155
1217, 1231, 1259, 1288, 1294, 1317, 1338, 1356, 1372, 1394, 1422, 1450, 1464, 1473, 1506, 1528, 1539, 21, 28, 29, 53, 83, 106, 130, 147, 156
1217, 1231, 1259, 1288, 1294, 1317, 1338, 1357, 1358, 1374, 1392, 1420, 1431, 1467, 1475, 1508, 1526, 1541, 19, 30, 54, 82, 105, 129, 146, 157
1217, 1231, 1259, 1288, 1294, 1317, 1338, 1357, 1358, 1374, 1392, 1420, 1431, 1467, 1475, 1508, 1526, 1541, 19, 30, 54, 82, 105, 128, 145, 158
1217, 1231, 1259, 1288, 1294, 1317, 1338, 1357, 1358, 1374, 1392, 1419, 1432, 1468, 1476, 1509, 1525, 1542, 17, 31, 55, 81, 104, 127, 144, 159
1217, 1231, 1259, 1288, 1294, 1317, 1338, 1357, 1358, 1374, 1392, 1419, 1432, 1468, 1476, 1509, 1525, 1542, 17, 31, 55, 56, 80, 103, 126, 143, 160
1217, 1231, 1259, 1288, 1294, 1317, 1338, 1357, 1358, 1374, 1392, 1419, 1432, 1468, 1476, 1509, 1525, 1542, 17, 31, 55, 56, 80, 102, 101, 125, 142, 161
1217, 1232, 1233, 1260, 1287, 1296, 1320, 1341, 1360, 1375, 1390, 1416, 1434, 1470, 1479, 1512, 1520, 1545, 14, 35, 58, 77, 100, 124, 141, 162
1217, 1232, 1233, 1260, 1287, 1296, 1320, 1341, 1360, 1375, 1390, 1416, 1434, 1470, 1479, 1512, 1520, 1545, 14, 35, 58, 77, 100, 124, 140, 163
1217, 1232, 1233, 1260, 1287, 1296, 1320, 1341, 1360, 1375, 1390, 1416, 1434, 1470, 1479, 1512, 1520, 1545, 14, 35, 58, 76, 99, 123, 139, 164
1217, 1232, 1233, 1260, 1287, 1296, 1320, 1341, 1360, 1375, 1390, 1416, 1434, 1470, 1479, 1512, 1520, 1545, 14, 35, 58, 76, 99, 123, 139, 164, 165
1217, 1216, 1215, 1234, 1235, 1262, 1284, 1298, 1322, 1323, 1343, 1344, 1363, 1379, 1409, 1414, 1437, 1472, 1481, 1513, 1519, 1548, 12, 38, 61, 74, 96, 121, 137, 166
1217, 1216, 1215, 1234, 1235, 1262, 1284, 1298, 1322, 1323, 1343, 1344, 1363, 1379, 1409, 1414, 1437, 1472, 1481, 1513, 1519, 1548, 12, 38, 61, 74, 73, 95, 120, 136, 167
1217, 1216, 1215, 1234, 1235, 1262, 1284, 1298, 1322, 1323, 1343, 1344, 1363, 1379, 1409, 1414, 1437, 1472, 1481, 1513, 1519, 1548, 12, 38, 61, 74, 73, 95, 120, 135, 168
1217, 1216, 1215, 1234, 1235, 1262, 1284, 1298, 1322, 1323, 1343, 1344, 1363, 1379, 1409, 1414, 1437, 1472, 1481, 1513, 1519, 1548, 12, 38, 61, 74, 73, 95, 120, 135, 168, 169
1217, 1216, 1215, 1234, 1235, 1262, 1284, 1298, 1322, 1323, 1343, 1344, 1363, 1379, 1409, 1414, 1437, 1472, 1481, 1513, 1519, 1548, 12, 38, 61, 74, 73, 95, 94, 118, 117, 132, 170
1217, 1218, 1230, 1229, 1256, 1269, 1291, 1315, 1336, 1354, 1370, 1398, 1424, 1448, 1462, 1492, 1503, 1530, 1537, 3, 25, 49, 48, 47, 88, 68, 69, 92, 116, 155, 171
1217, 1218, 1230, 1229, 1256, 1269, 1291, 1315, 1336, 1354, 1370, 1398, 1424, 1448, 1462, 1492, 1503, 1530, 1537, 3, 25, 49, 48, 47, 88, 91, 115, 153, 172
1217, 1218, 1230, 1229, 1256, 1269, 1291, 1315, 1336, 1354, 1370, 1398, 1424, 1448, 1462, 1492, 1503, 1530, 1537, 3, 25, 49, 86, 89, 90, 114, 151, 173
1217, 1218, 1230, 1229, 1256, 1269, 1291, 1315, 1336, 1354, 1370, 1398, 1424, 1448, 1462, 1492, 1503, 1530, 1537, 3, 25, 49, 86, 89, 113, 150, 175, 174
1217, 1218, 1230, 1229, 1256, 1269, 1291, 1315, 1336, 1354, 1370, 1398, 1424, 1448, 1462, 1492, 1503, 1530, 1537, 3, 25, 49, 86, 89, 113, 150, 175
1217, 1231, 1259, 1288, 1294, 1317, 1338, 1356, 1372, 1394, 1395, 1423, 1449, 1463, 1493, 1504, 1529, 1538, 0, 26, 50, 85, 109, 111, 149, 176
1217, 1231, 1259, 1288, 1294, 1317, 1338, 1356, 1372, 1394, 1422, 1450, 1464, 1473, 1506, 1528, 1539, 21, 27, 52, 84, 107, 110, 148, 177
1217, 1216, 1215, 1234, 1235, 1262, 1284, 1298, 1322, 1323, 1343, 1344, 1363, 1379, 1409, 1414, 1437, 1472, 1481, 1513, 1519, 1548, 12, 38, 61, 74, 73, 95, 94, 118, 117, 132, 170, 178
1217, 1218, 1230, 1229, 1256, 1269, 1291, 1315, 1336, 1354, 1370, 1398, 1424, 1448, 1462, 1492, 1503, 1530, 1537, 3, 25, 49, 48, 47, 88, 68, 69, 92, 116, 155, 171, 179
1217, 1218, 1230, 1229, 1256, 1269, 1291, 1315, 1336, 1354, 1370, 1398, 1424, 1448, 1462, 1492, 1503, 1530, 1537, 3, 25, 49, 48, 47, 88, 91, 115, 153, 172, 180
1217, 1218, 1230, 1229, 1256, 1269, 1291, 1315, 1336, 1354, 1370, 1398, 1424, 1448, 1462, 1492, 1503, 1530, 1537, 3, 25, 49, 86, 89, 113, 150, 175, 174, 182, 181
1217, 1218, 1230, 1229, 1256, 1269, 1291, 1315, 1336, 1354, 1370, 1398, 1424, 1448, 1462, 1492, 1503, 1530, 1537, 3, 25, 49, 86, 89, 113, 150, 175, 174, 182
1217, 1218, 1230, 1229, 1256, 1269, 1291, 1315, 1336, 1354, 1370, 1398, 1424, 1448, 1462, 1492, 1503, 1530, 1537, 3, 25, 49, 86, 89, 113, 150, 175, 183
1217, 1231, 1259, 1288, 1294, 1317, 1338, 1356, 1372, 1394, 1395, 1423, 1449, 1463, 1493, 1504, 1529, 1538, 0, 26, 50, 85, 109, 111, 149, 176, 184
1217, 1231, 1259, 1288, 1294, 1317, 1338, 1356, 1372, 1394, 1422, 1450, 1464, 1473, 1506, 1528, 1539, 21, 27, 52, 84, 107, 110, 148, 177, 185
1217, 1231, 1259, 1288, 1294, 1317, 1338, 1356, 1372, 1394, 1422, 1450, 1464, 1473, 1506, 1528, 1539, 21, 27, 52, 84, 107, 110, 148, 177, 186
1217, 1231, 1259, 1288, 1294, 1317, 1338, 1356, 1372, 1394, 1422, 1450, 1464, 1473, 1506, 1528, 1539, 21, 28, 29, 53, 83, 106, 130, 147, 156, 187
1217, 1231, 1259, 1288, 1294, 1317, 1338, 1356, 1372, 1394, 1422, 1450, 1464, 1473, 1506, 1528, 1539, 21, 28, 29, 53, 83, 106, 130, 147, 156, 188
1217, 1231, 1259, 1288, 1294, 1317, 1338, 1357, 1358, 1374, 1392, 1420, 1431, 1467, 1475, 1508, 1526, 1541, 19, 30, 54, 82, 105, 129, 146, 157, 189
1217, 1231, 1259, 1288, 1294, 1317, 1338, 1357, 1358, 1374, 1392, 1420, 1431, 1467, 1475, 1508, 1526, 1541, 19, 30, 54, 82, 105, 128, 145, 158, 190
1217, 1231, 1259, 1288, 1294, 1317, 1338, 1357, 1358, 1374, 1392, 1419, 1432, 1468, 1476, 1509, 1525, 1542, 17, 31, 55, 81, 104, 127, 144, 159, 191
1217, 1231, 1259, 1288, 1294, 1317, 1338, 1357, 1358, 1374, 1392, 1419, 1432, 1468, 1476, 1509, 1525, 1542, 17, 31, 55, 56, 80, 102, 101, 125, 142, 161, 192
1217, 1232, 1233, 1260, 1287, 1296, 1320, 1341, 1360, 1375, 1390, 1416, 1434, 1470, 1479, 1512, 1520, 1545, 14, 35, 58, 77, 100, 124, 141, 162, 193
1217, 1232, 1233, 1260, 1287, 1296, 1320, 1341, 1360, 1375, 1390, 1416, 1434, 1470, 1479, 1512, 1520, 1545, 14, 35, 58, 76, 99, 123, 139, 164, 194
1217, 1232, 1233, 1260, 1287, 1296, 1320, 1341, 1360, 1375, 1390, 1416, 1434, 1470, 1479, 1512, 1520, 1545, 14, 35, 58, 76, 99, 123, 139, 164, 165, 195
1217, 1216, 1215, 1234, 1235, 1262, 1284, 1298, 1322, 1323, 1343, 1344, 1363, 1379, 1409, 1414, 1437, 1472, 1481, 1513, 1519, 1548, 12, 38, 61, 74, 96, 121, 137, 166, 196
1217, 1216, 1215, 1234, 1235, 1262, 1284, 1298, 1322, 1323, 1343, 1344, 1363, 1379, 1409, 1414, 1437, 1472, 1481, 1513, 1519, 1548, 12, 38, 61, 74, 96, 121, 137, 166, 196, 197
1217, 1216, 1215, 1234, 1235, 1262, 1284, 1298, 1322, 1323, 1343, 1344, 1363, 1379, 1409, 1414, 1437, 1472, 1481, 1513, 1519, 1548, 12, 38, 61, 74, 73, 95, 120, 135, 168, 198
1217, 1232, 1233, 1260, 1287, 1296, 1320, 1341, 1360, 1375, 1390, 1416, 1434, 1470, 1479, 1512, 1520, 1545, 14, 35, 58, 77, 100, 124, 141, 162, 193, 199
