1532, 1531, 1536, 1537, 2, 1, 0
1532, 1531, 1536, 1537, 2, 1
1532, 1531, 1536, 1537, 2
1532, 1531, 1536, 1537, 3
1532, 1531, 1536, 4
1532, 1535, 5
1532, 1535, 5, 6
1532, 1533, 1554, 1553, 7
1532, 1533, 1554, 1553, 7, 8
1532, 1533, 1554, 1553, 7, 8, 9
1532, 1533, 1534, 1514, 1515, 1551, 10
1532, 1533, 1534, 1514, 1515, 1516, 1550, 11
1532, 1533, 1534, 1514, 1515, 1516, 1550, 11, 12
1532, 1533, 1534, 1514, 1515, 1516, 1550, 11, 12, 13
1532, 1533, 1534, 1514, 1515, 1516, 1550, 11, 12, 13, 14
1532, 1531, 1530, 1529, 1528, 1539, 1540, 20, 19, 18, 17, 16, 15
1532, 1531, 1530, 1529, 1528, 1539, 1540, 20, 19, 18, 17, 16
1532, 1531, 1530, 1529, 1528, 1539, 1540, 20, 19, 18, 17
1532, 1531, 1530, 1529, 1528, 1539, 1540, 20, 19, 18
1532, 1531, 1530, 1529, 1528, 1539, 1540, 20, 19
1532, 1531, 1530, 1529, 1528, 1539, 1540, 20
1532, 1531, 1536, 1537, 2, 1, 0, 21
1532, 1535, 5, 22
1532, 1535, 5, 23
1532, 1531, 1536, 4, 24
1532, 1531, 1536, 1537, 3, 25
1532, 1531, 1536, 1537, 2, 26
1532, 1531, 1536, 1537, 2, 26, 27
1532, 1531, 1536, 1537, 2, 1, 0, 21, 28
1532, 1531, 1536, 1537, 2, 1, 0, 21, 28, 29
1532, 1531, 1536, 1537, 2, 1, 0, 21, 28, 29, 30
1532, 1531, 1536, 1537, 2, 1, 0, 21, 28, 29, 30, 31
1532, 1531, 1536, 1537, 2, 1, 0, 21, 28, 29, 30, 31, 32
1532, 1531, 1536, 1537, 2, 1, 0, 21, 28, 29, 30, 31, 32, 33
1532, 1531, 1536, 1537, 2, 1, 0, 21, 28, 29, 30, 31, 32, 33, 34
1532, 1533, 1534, 1514, 1515, 1516, 1550, 11, 39, 38, 37, 36, 35
1532, 1533, 1534, 1514, 1515, 1516, 1550, 11, 39, 38, 37, 36
1532, 1533, 1534, 1514, 1515, 1516, 1550, 11, 39, 38, 37
1532, 1533, 1534, 1514, 1515, 1516, 1550, 11, 39, 38
1532, 1533, 1534, 1514, 1515, 1516, 1550, 11, 39
1532, 1533, 1534, 1514, 1515, 1516, 1550, 11, 40
1532, 1533, 1534, 1514, 1515, 1551, 10, 41
1532, 1533, 1554, 1553, 7, 8, 9, 43, 42
1532, 1533, 1554, 1553, 7, 8, 9, 43
1532, 1533, 1554, 1553, 7, 44
1532, 1535, 5, 6, 45
1532, 1535, 5, 23, 46
1532, 1535, 5, 23, 47
1532, 1531, 1536, 4, 24, 48
1532, 1531, 1536, 4, 24, 48, 49
1532, 1531, 1536, 1537, 2, 26, 50
1532, 1531, 1536, 1537, 2, 26, 51
1532, 1531, 1536, 1537, 2, 26, 51, 52
1532, 1531, 1536, 1537, 2, 1, 0, 21, 28, 29, 53
1532, 1531, 1536, 1537, 2, 1, 0, 21, 28, 29, 53, 54
1532, 1531, 1536, 1537, 2, 1, 0, 21, 28, 29, 53, 54, 55
1532, 1531, 1536, 1537, 2, 1, 0, 21, 28, 29, 53, 54, 55, 56
1532, 1531, 1536, 1537, 2, 1, 0, 21, 28, 29, 53, 54, 55, 56, 57
1532, 1533, 1534, 1514, 1515, 1516, 1550, 11, 39, 38, 37, 60, 59, 58
1532, 1533, 1534, 1514, 1515, 1516, 1550, 11, 39, 38, 37, 60, 59
1532, 1533, 1534, 1514, 1515, 1516, 1550, 11, 39, 38, 37, 60
1532, 1533, 1534, 1514, 1515, 1551, 10, 41, 63, 62, 61
1532, 1533, 1534, 1514, 1515, 1551, 10, 41, 63, 62
1532, 1533, 1534, 1514, 1515, 1551, 10, 41, 63
1532, 1533, 1534, 1514, 1515, 1551, 10, 41, 64
1532, 1533, 1554, 1553, 7, 44, 66, 65
1532, 1533, 1554, 1553, 7, 44, 66
1532, 1535, 5, 6, 45, 67
1532, 1535, 5, 23, 47, 88, 68
1532, 1535, 5, 23, 47, 88, 68, 69
1532, 1533, 1554, 1553, 7, 44, 66, 70
1532, 1533, 1554, 1553, 7, 44, 66, 71
1532, 1533, 1554, 1553, 7, 44, 66, 65, 72
1532, 1533, 1534, 1514, 1515, 1551, 10, 41, 63, 73
1532, 1533, 1534, 1514, 1515, 1551, 10, 41, 63, 73, 74
1532, 1533, 1534, 1514, 1515, 1551, 10, 41, 63, 73, 74, 75
1532, 1533, 1534, 1514, 1515, 1551, 10, 41, 63, 73, 74, 75, 76
1532, 1533, 1534, 1514, 1515, 1551, 10, 41, 63, 73, 74, 75, 76, 77
1532, 1531, 1536, 1537, 2, 1, 0, 21, 28, 29, 53, 54, 55, 56, 79, 78
1532, 1531, 1536, 1537, 2, 1, 0, 21, 28, 29, 53, 54, 55, 56, 79
1532, 1531, 1536, 1537, 2, 26, 51, 84, 83, 82, 81, 80
1532, 1531, 1536, 1537, 2, 26, 51, 84, 83, 82, 81
1532, 1531, 1536, 1537, 2, 26, 51, 84, 83, 82
1532, 1531, 1536, 1537, 2, 26, 51, 84, 83
1532, 1531, 1536, 1537, 2, 26, 51, 84
1532, 1531, 1536, 1537, 2, 26, 50, 85
1532, 1531, 1536, 4, 24, 48, 49, 86
1532, 1531, 1536, 4, 24, 48, 87
1532, 1535, 5, 23, 47, 88
1532, 1531, 1536, 4, 24, 48, 49, 86, 89
1532, 1531, 1536, 4, 24, 48, 87, 90
1532, 1535, 5, 23, 47, 88, 91
1532, 1535, 5, 23, 47, 88, 68, 69, 92
1532, 1533, 1554, 1553, 7, 44, 66, 71, 93
1532, 1533, 1554, 1553, 7, 44, 66, 65, 72, 94
1532, 1533, 1534, 1514, 1515, 1551, 10, 41, 63, 73, 95
1532, 1533, 1534, 1514, 1515, 1551, 10, 41, 63, 73, 95, 96
1532, 1533, 1534, 1514, 1515, 1551, 10, 41, 63, 73, 95, 96, 97
1532, 1533, 1534, 1514, 1515, 1551, 10, 41, 63, 73, 95, 96, 97, 98
1532, 1533, 1534, 1514, 1515, 1551, 10, 41, 63, 73, 95, 96, 97, 98, 99
1532, 1531, 1536, 1537, 2, 26, 51, 84, 83, 106, 105, 104, 103, 102, 101, 100
1532, 1531, 1536, 1537, 2, 26, 51, 84, 83, 106, 105, 104, 103, 102, 101
1532, 1531, 1536, 1537, 2, 26, 51, 84, 83, 106, 105, 104, 103, 102
1532, 1531, 1536, 1537, 2, 26, 51, 84, 83, 106, 105, 104, 103
1532, 1531, 1536, 1537, 2, 26, 51, 84, 83, 106, 105, 104
1532, 1531, 1536, 1537, 2, 26, 51, 84, 83, 106, 105
1532, 1531, 1536, 1537, 2, 26, 51, 84, 83, 106
1532, 1531, 1536, 1537, 2, 26, 51, 84, 107
1532, 1531, 1536, 1537, 2, 26, 50, 85, 108
1532, 1531, 1536, 1537, 2, 26, 50, 85, 109
1532, 1531, 1536, 1537, 2, 26, 50, 85, 108, 110
1532, 1531, 1536, 1537, 2, 26, 50, 85, 109, 111
1532, 1531, 1536, 4, 24, 48, 49, 86, 89, 112
1532, 1531, 1536, 4, 24, 48, 49, 86, 89, 113
1532, 1531, 1536, 4, 24, 48, 87, 90, 114
1532, 1535, 5, 23, 47, 88, 91, 115
1532, 1535, 5, 23, 47, 88, 68, 69, 92, 116
1532, 1533, 1554, 1553, 7, 44, 66, 71, 93, 117
1532, 1533, 1554, 1553, 7, 44, 66, 71, 93, 117, 118
1532, 1533, 1554, 1553, 7, 44, 66, 71, 93, 117, 118, 119
1532, 1533, 1534, 1514, 1515, 1551, 10, 41, 63, 73, 95, 120
1532, 1533, 1534, 1514, 1515, 1551, 10, 41, 63, 73, 95, 120, 121
1532, 1533, 1534, 1514, 1515, 1551, 10, 41, 63, 73, 95, 120, 121, 122
1532, 1533, 1534, 1514, 1515, 1551, 10, 41, 63, 73, 95, 120, 121, 122, 123
1532, 1531, 1536, 1537, 2, 26, 51, 84, 83, 106, 105, 128, 127, 126, 125, 124
1532, 1531, 1536, 1537, 2, 26, 51, 84, 83, 106, 105, 128, 127, 126, 125
1532, 1531, 1536, 1537, 2, 26, 51, 84, 83, 106, 105, 128, 127, 126
1532, 1531, 1536, 1537, 2, 26, 51, 84, 83, 106, 105, 128, 127
1532, 1531, 1536, 1537, 2, 26, 51, 84, 83, 106, 105, 128
1532, 1531, 1536, 1537, 2, 26, 51, 84, 83, 106, 105, 129
1532, 1531, 1536, 1537, 2, 26, 51, 84, 83, 106, 130
1532, 1535, 5, 23, 47, 88, 68, 69, 92, 116, 155, 131
1532, 1533, 1554, 1553, 7, 44, 66, 71, 93, 117, 132
1532, 1533, 1554, 1553, 7, 44, 66, 71, 93, 117, 118, 133
1532, 1533, 1554, 1553, 7, 44, 66, 71, 93, 117, 118, 133, 134
1532, 1533, 1534, 1514, 1515, 1551, 10, 41, 63, 73, 95, 120, 135
1532, 1533, 1534, 1514, 1515, 1551, 10, 41, 63, 73, 95, 120, 136
1532, 1533, 1534, 1514, 1515, 1551, 10, 41, 63, 73, 95, 120, 136, 137
1532, 1533, 1534, 1514, 1515, 1551, 10, 41, 63, 73, 95, 120, 136, 137, 138
1532, 1533, 1534, 1514, 1515, 1551, 10, 41, 63, 73, 95, 120, 136, 137, 138, 139
1532, 1531, 1536, 1537, 2, 26, 51, 84, 83, 106, 105, 128, 127, 144, 143, 142, 141, 140
1532, 1531, 1536, 1537, 2, 26, 51, 84, 83, 106, 105, 128, 127, 144, 143, 142, 141
1532, 1531, 1536, 1537, 2, 26, 51, 84, 83, 106, 105, 128, 127, 144, 143, 142
1532, 1531, 1536, 1537, 2, 26, 51, 84, 83, 106, 105, 128, 127, 144, 143
1532, 1531, 1536, 1537, 2, 26, 51, 84, 83, 106, 105, 128, 127, 144
1532, 1531, 1536, 1537, 2, 26, 51, 84, 83, 106, 105, 128, 145
1532, 1531, 1536, 1537, 2, 26, 51, 84, 83, 106, 105, 129, 146
1532, 1531, 1536, 1537, 2, 26, 51, 84, 83, 106, 130, 147
1532, 1531, 1536, 1537, 2, 26, 50, 85, 108, 110, 148
1532, 1531, 1536, 1537, 2, 26, 50, 85, 109, 111, 149
1532, 1531, 1536, 4, 24, 48, 49, 86, 89, 113, 150
1532, 1531, 1536, 4, 24, 48, 87, 90, 114, 151
1532, 1531, 1536, 4, 24, 48, 87, 90, 114, 152
1532, 1535, 5, 23, 47, 88, 91, 115, 153
1532, 1535, 5, 23, 47, 88, 91, 115, 153, 154
1532, 1535, 5, 23, 47, 88, 68, 69, 92, 116, 155
1532, 1531, 1536, 1537, 2, 26, 51, 84, 83, 106, 130, 147, 156
1532, 1531, 1536, 1537, 2, 26, 51, 84, 83, 106, 105, 129, 146, 157
1532, 1531, 1536, 1537, 2, 26, 51, 84, 83, 106, 105, 128, 145, 158
1532, 1531, 1536, 1537, 2, 26, 51, 84, 83, 106, 105, 128, 145, 158, 159
1532, 1531, 1536, 1537, 2, 26, 51, 84, 83, 106, 105, 128, 127, 144, 143, 160
1532, 1531, 1536, 1537, 2, 26, 51, 84, 83, 106, 105, 128, 127, 144, 143, 160, 161
1532, 1531, 1536, 1537, 2, 26, 51, 84, 83, 106, 105, 128, 127, 144, 143, 142, 141, 162
1532, 1531, 1536, 1537, 2, 26, 51, 84, 83, 106, 105, 128, 127, 144, 143, 142, 141, 162, 163
1532, 1533, 1534, 1514, 1515, 1551, 10, 41, 63, 73, 95, 120, 136, 137, 166, 165, 164
1532, 1533, 1534, 1514, 1515, 1551, 10, 41, 63, 73, 95, 120, 136, 137, 166, 165
1532, 1533, 1534, 1514, 1515, 1551, 10, 41, 63, 73, 95, 120, 136, 137, 166
1532, 1533, 1534, 1514, 1515, 1551, 10, 41, 63, 73, 95, 120, 136, 167
1532, 1533, 1534, 1514, 1515, 1551, 10, 41, 63, 73, 95, 120, 135, 168
1532, 1533, 1554, 1553, 7, 44, 66, 71, 93, 117, 132, 170, 169
1532, 1533, 1554, 1553, 7, 44, 66, 71, 93, 117, 132, 170
1532, 1535, 5, 23, 47, 88, 68, 69, 92, 116, 155, 171
1532, 1535, 5, 23, 47, 88, 91, 115, 153, 172
1532, 1531, 1536, 4, 24, 48, 87, 90, 114, 151, 173
1532, 1531, 1536, 4, 24, 48, 87, 90, 114, 151, 174
1532, 1531, 1536, 4, 24, 48, 87, 90, 114, 151, 174, 175
1532, 1531, 1536, 1537, 2, 26, 50, 85, 109, 111, 149, 176
1532, 1531, 1536, 1537, 2, 26, 50, 85, 108, 110, 148, 177
1532, 1533, 1554, 1553, 7, 44, 66, 71, 93, 117, 132, 170, 178
1532, 1535, 5, 23, 47, 88, 68, 69, 92, 116, 155, 171, 179
1532, 1535, 5, 23, 47, 88, 91, 115, 153, 172, 180
1532, 1535, 5, 23, 47, 88, 91, 115, 153, 172, 181
1532, 1535, 5, 23, 47, 88, 91, 115, 153, 172, 181, 182
1532, 1531, 1536, 4, 24, 48, 87, 90, 114, 151, 174, 175, 183
1532, 1531, 1536, 1537, 2, 26, 50, 85, 109, 111, 149, 176, 184
1532, 1531, 1536, 1537, 2, 26, 50, 85, 108, 110, 148, 177, 185
1532, 1531, 1536, 1537, 2, 26, 50, 85, 108, 110, 148, 177, 186
1532, 1531, 1536, 1537, 2, 26, 51, 84, 83, 106, 130, 147, 156, 187
1532, 1531, 1536, 1537, 2, 26, 51, 84, 83, 106, 130, 147, 156, 188
1532, 1531, 1536, 1537, 2, 26, 51, 84, 83, 106, 130, 147, 156, 188, 189
1532, 1531, 1536, 1537, 2, 26, 51, 84, 83, 106, 105, 128, 145, 158, 190
1532, 1531, 1536, 1537, 2, 26, 51, 84, 83, 106, 105, 128, 145, 158, 159, 191
1532, 1531, 1536, 1537, 2, 26, 51, 84, 83, 106, 105, 128, 145, 158, 159, 191, 192
1532, 1531, 1536, 1537, 2, 26, 51, 84, 83, 106, 105, 128, 127, 144, 143, 142, 141, 162, 193
1532, 1533, 1534, 1514, 1515, 1551, 10, 41, 63, 73, 95, 120, 136, 167, 197, 196, 195, 194
1532, 1533, 1534, 1514, 1515, 1551, 10, 41, 63, 73, 95, 120, 136, 167, 197, 196, 195
1532, 1533, 1534, 1514, 1515, 1551, 10, 41, 63, 73, 95, 120, 136, 167, 197, 196
1532, 1533, 1534, 1514, 1515, 1551, 10, 41, 63, 73, 95, 120, 136, 167, 197
1532, 1533, 1554, 1553, 7, 44, 66, 71, 93, 117, 132, 170, 178, 198
1532, 1531, 1536, 1537, 2, 26, 51, 84, 83, 106, 105, 128, 145, 158, 159, 191, 220, 221, 199
