1319, 1318, 1339, 1358, 1357, 1372, 1394, 1395, 1423, 1449, 1463, 1493, 1504, 1529, 1538, 0
1319, 1318, 1339, 1358, 1357, 1372, 1394, 1395, 1423, 1449, 1463, 1493, 1504, 1529, 1538, 1
1319, 1318, 1339, 1358, 1357, 1372, 1394, 1395, 1423, 1449, 1463, 1493, 1504, 1529, 1538, 1, 2
1319, 1318, 1339, 1358, 1357, 1372, 1394, 1395, 1423, 1449, 1463, 1493, 1504, 1529, 1538, 1, 2, 3
1319, 1318, 1339, 1358, 1357, 1372, 1394, 1395, 1423, 1449, 1463, 1493, 1504, 1529, 1538, 1, 2, 3, 4
1319, 1318, 1339, 1358, 1357, 1372, 1394, 1395, 1423, 1449, 1463, 1493, 1504, 1529, 1538, 1, 2, 3, 4, 5
1319, 1318, 1339, 1358, 1357, 1372, 1394, 1395, 1423, 1449, 1463, 1493, 1504, 1529, 1538, 1, 2, 3, 4, 5, 6
1319, 1320, 1341, 1342, 1343, 1344, 1363, 1379, 1409, 1414, 1413, 1438, 1439, 1440, 1455, 1485, 1498, 1514, 1552, 8, 7
1319, 1320, 1341, 1342, 1343, 1344, 1363, 1379, 1409, 1414, 1413, 1438, 1439, 1440, 1455, 1485, 1498, 1514, 1552, 8
1319, 1320, 1341, 1360, 1375, 1390, 1416, 1434, 1470, 1479, 1512, 1520, 1519, 1548, 12, 11, 10, 9
1319, 1320, 1341, 1360, 1375, 1390, 1416, 1434, 1470, 1479, 1512, 1520, 1519, 1548, 12, 11, 10
1319, 1320, 1341, 1360, 1375, 1390, 1416, 1434, 1470, 1479, 1512, 1520, 1519, 1548, 12, 11
1319, 1320, 1341, 1360, 1375, 1390, 1416, 1434, 1470, 1479, 1512, 1520, 1519, 1548, 12
1319, 1320, 1341, 1360, 1375, 1390, 1416, 1434, 1470, 1479, 1512, 1520, 1545, 14, 13
1319, 1320, 1341, 1360, 1375, 1390, 1416, 1434, 1470, 1479, 1512, 1520, 1545, 14
1319, 1320, 1341, 1360, 1375, 1390, 1417, 1433, 1469, 1477, 1478, 1511, 1522, 1544, 15
1319, 1340, 1359, 1374, 1392, 1419, 1432, 1468, 1476, 1509, 1525, 1542, 17, 16
1319, 1340, 1359, 1374, 1392, 1419, 1432, 1468, 1476, 1509, 1525, 1542, 17
1319, 1340, 1359, 1374, 1392, 1420, 1431, 1467, 1475, 1508, 1526, 1541, 18
1319, 1340, 1359, 1374, 1392, 1420, 1431, 1467, 1475, 1508, 1526, 1541, 19
1319, 1318, 1339, 1358, 1373, 1393, 1421, 1451, 1465, 1474, 1507, 1527, 1540, 20
1319, 1318, 1339, 1358, 1373, 1393, 1421, 1422, 1450, 1464, 1473, 1506, 1528, 1539, 21
1319, 1318, 1339, 1358, 1357, 1372, 1394, 1395, 1423, 1449, 1463, 1493, 1504, 1529, 1538, 1, 2, 3, 4, 5, 22
1319, 1318, 1339, 1358, 1357, 1372, 1394, 1395, 1423, 1449, 1463, 1493, 1504, 1529, 1538, 0, 26, 25, 24, 23
1319, 1318, 1339, 1358, 1357, 1372, 1394, 1395, 1423, 1449, 1463, 1493, 1504, 1529, 1538, 0, 26, 25, 24
1319, 1318, 1339, 1358, 1357, 1372, 1394, 1395, 1423, 1449, 1463, 1493, 1504, 1529, 1538, 0, 26, 25
1319, 1318, 1339, 1358, 1357, 1372, 1394, 1395, 1423, 1449, 1463, 1493, 1504, 1529, 1538, 0, 26
1319, 1318, 1339, 1358, 1373, 1393, 1421, 1422, 1450, 1464, 1473, 1506, 1528, 1539, 21, 27
1319, 1318, 1339, 1358, 1373, 1393, 1421, 1451, 1465, 1474, 1507, 1527, 1540, 20, 29, 28
1319, 1318, 1339, 1358, 1373, 1393, 1421, 1451, 1465, 1474, 1507, 1527, 1540, 20, 29
1319, 1340, 1359, 1374, 1392, 1420, 1431, 1467, 1475, 1508, 1526, 1541, 19, 30
1319, 1340, 1359, 1374, 1392, 1419, 1432, 1468, 1476, 1509, 1525, 1542, 17, 31
1319, 1340, 1359, 1374, 1392, 1419, 1432, 1468, 1476, 1509, 1525, 1542, 17, 16, 32
1319, 1320, 1341, 1360, 1375, 1390, 1417, 1433, 1469, 1477, 1478, 1511, 1522, 1544, 15, 33
1319, 1320, 1341, 1360, 1375, 1390, 1417, 1433, 1469, 1477, 1478, 1511, 1522, 1544, 15, 34
1319, 1320, 1341, 1360, 1375, 1390, 1416, 1434, 1470, 1479, 1512, 1520, 1545, 14, 35
1319, 1320, 1341, 1360, 1375, 1390, 1416, 1434, 1470, 1479, 1512, 1520, 1545, 14, 13, 36
1319, 1320, 1341, 1360, 1375, 1390, 1416, 1434, 1470, 1479, 1512, 1520, 1519, 1548, 12, 37
1319, 1320, 1341, 1360, 1375, 1390, 1416, 1434, 1470, 1479, 1512, 1520, 1519, 1548, 12, 38
1319, 1320, 1341, 1360, 1375, 1390, 1416, 1434, 1470, 1479, 1512, 1520, 1519, 1548, 12, 38, 39
1319, 1320, 1341, 1360, 1375, 1390, 1416, 1434, 1470, 1479, 1512, 1520, 1519, 1548, 12, 38, 39, 40
1319, 1320, 1341, 1360, 1375, 1390, 1416, 1434, 1470, 1479, 1512, 1520, 1519, 1548, 12, 38, 39, 40, 41
1319, 1320, 1341, 1360, 1375, 1390, 1416, 1434, 1470, 1479, 1512, 1520, 1519, 1548, 12, 11, 10, 42
1319, 1320, 1341, 1360, 1375, 1390, 1416, 1434, 1470, 1479, 1512, 1520, 1519, 1548, 12, 11, 10, 42, 43
1319, 1320, 1341, 1342, 1343, 1344, 1363, 1379, 1409, 1414, 1413, 1438, 1439, 1440, 1455, 1485, 1498, 1514, 1552, 8, 44
1319, 1318, 1339, 1358, 1357, 1372, 1394, 1395, 1423, 1449, 1463, 1493, 1504, 1529, 1538, 1, 2, 3, 4, 5, 6, 45
1319, 1318, 1339, 1358, 1357, 1372, 1394, 1395, 1423, 1449, 1463, 1493, 1504, 1529, 1538, 0, 26, 50, 49, 48, 47, 46
1319, 1318, 1339, 1358, 1357, 1372, 1394, 1395, 1423, 1449, 1463, 1493, 1504, 1529, 1538, 0, 26, 50, 49, 48, 47
1319, 1318, 1339, 1358, 1357, 1372, 1394, 1395, 1423, 1449, 1463, 1493, 1504, 1529, 1538, 0, 26, 50, 49, 48
1319, 1318, 1339, 1358, 1357, 1372, 1394, 1395, 1423, 1449, 1463, 1493, 1504, 1529, 1538, 0, 26, 50, 49
1319, 1318, 1339, 1358, 1357, 1372, 1394, 1395, 1423, 1449, 1463, 1493, 1504, 1529, 1538, 0, 26, 50
1319, 1318, 1339, 1358, 1373, 1393, 1421, 1422, 1450, 1464, 1473, 1506, 1528, 1539, 21, 27, 52, 51
1319, 1318, 1339, 1358, 1373, 1393, 1421, 1422, 1450, 1464, 1473, 1506, 1528, 1539, 21, 27, 52
1319, 1318, 1339, 1358, 1373, 1393, 1421, 1451, 1465, 1474, 1507, 1527, 1540, 20, 29, 53
1319, 1340, 1359, 1374, 1392, 1420, 1431, 1467, 1475, 1508, 1526, 1541, 19, 30, 54
1319, 1340, 1359, 1374, 1392, 1419, 1432, 1468, 1476, 1509, 1525, 1542, 17, 31, 55
1319, 1340, 1359, 1374, 1392, 1419, 1432, 1468, 1476, 1509, 1525, 1542, 17, 31, 55, 56
1319, 1320, 1341, 1360, 1375, 1390, 1417, 1433, 1469, 1477, 1478, 1511, 1522, 1544, 15, 33, 57
1319, 1320, 1341, 1360, 1375, 1390, 1416, 1434, 1470, 1479, 1512, 1520, 1545, 14, 35, 58
1319, 1320, 1341, 1360, 1375, 1390, 1416, 1434, 1470, 1479, 1512, 1520, 1545, 14, 13, 36, 59
1319, 1320, 1341, 1360, 1375, 1390, 1416, 1434, 1470, 1479, 1512, 1520, 1519, 1548, 12, 37, 60
1319, 1320, 1341, 1360, 1375, 1390, 1416, 1434, 1470, 1479, 1512, 1520, 1519, 1548, 12, 38, 61
1319, 1320, 1341, 1360, 1375, 1390, 1416, 1434, 1470, 1479, 1512, 1520, 1519, 1548, 12, 38, 39, 62
1319, 1320, 1341, 1360, 1375, 1390, 1416, 1434, 1470, 1479, 1512, 1520, 1519, 1548, 12, 38, 39, 62, 63
1319, 1320, 1341, 1360, 1375, 1390, 1416, 1434, 1470, 1479, 1512, 1520, 1519, 1548, 12, 38, 39, 62, 63, 64
1319, 1320, 1341, 1360, 1375, 1390, 1416, 1434, 1470, 1479, 1512, 1520, 1519, 1548, 12, 38, 39, 62, 63, 64, 65
1319, 1320, 1341, 1360, 1375, 1390, 1416, 1434, 1470, 1479, 1512, 1520, 1519, 1548, 12, 38, 39, 62, 63, 64, 65, 66
1319, 1320, 1341, 1342, 1343, 1344, 1363, 1379, 1409, 1414, 1413, 1438, 1439, 1440, 1455, 1485, 1498, 1514, 1552, 8, 44, 67
1319, 1318, 1339, 1358, 1357, 1372, 1394, 1395, 1423, 1449, 1463, 1493, 1504, 1529, 1538, 0, 26, 50, 49, 48, 47, 88, 68
1319, 1320, 1341, 1342, 1343, 1344, 1363, 1379, 1409, 1414, 1413, 1438, 1439, 1440, 1455, 1485, 1498, 1514, 1552, 8, 44, 67, 69
1319, 1320, 1341, 1360, 1375, 1390, 1416, 1434, 1470, 1479, 1512, 1520, 1519, 1548, 12, 38, 61, 74, 73, 72, 71, 70
1319, 1320, 1341, 1360, 1375, 1390, 1416, 1434, 1470, 1479, 1512, 1520, 1519, 1548, 12, 38, 61, 74, 73, 72, 71
1319, 1320, 1341, 1360, 1375, 1390, 1416, 1434, 1470, 1479, 1512, 1520, 1519, 1548, 12, 38, 61, 74, 73, 72
1319, 1320, 1341, 1360, 1375, 1390, 1416, 1434, 1470, 1479, 1512, 1520, 1519, 1548, 12, 38, 61, 74, 73
1319, 1320, 1341, 1360, 1375, 1390, 1416, 1434, 1470, 1479, 1512, 1520, 1519, 1548, 12, 38, 61, 74
1319, 1320, 1341, 1360, 1375, 1390, 1416, 1434, 1470, 1479, 1512, 1520, 1519, 1548, 12, 37, 60, 75
1319, 1320, 1341, 1360, 1375, 1390, 1416, 1434, 1470, 1479, 1512, 1520, 1545, 14, 35, 58, 76
1319, 1320, 1341, 1360, 1375, 1390, 1416, 1434, 1470, 1479, 1512, 1520, 1545, 14, 35, 58, 77
1319, 1320, 1341, 1360, 1375, 1390, 1417, 1433, 1469, 1477, 1478, 1511, 1522, 1544, 15, 33, 57, 78
1319, 1340, 1359, 1374, 1392, 1419, 1432, 1468, 1476, 1509, 1525, 1542, 17, 31, 55, 56, 79
1319, 1340, 1359, 1374, 1392, 1419, 1432, 1468, 1476, 1509, 1525, 1542, 17, 31, 55, 56, 80
1319, 1340, 1359, 1374, 1392, 1419, 1432, 1468, 1476, 1509, 1525, 1542, 17, 31, 55, 81
1319, 1340, 1359, 1374, 1392, 1420, 1431, 1467, 1475, 1508, 1526, 1541, 19, 30, 54, 82
1319, 1318, 1339, 1358, 1373, 1393, 1421, 1451, 1465, 1474, 1507, 1527, 1540, 20, 29, 53, 83
1319, 1318, 1339, 1358, 1373, 1393, 1421, 1422, 1450, 1464, 1473, 1506, 1528, 1539, 21, 27, 52, 84
1319, 1318, 1339, 1358, 1357, 1372, 1394, 1395, 1423, 1449, 1463, 1493, 1504, 1529, 1538, 0, 26, 50, 85
1319, 1318, 1339, 1358, 1357, 1372, 1394, 1395, 1423, 1449, 1463, 1493, 1504, 1529, 1538, 0, 26, 50, 49, 86
1319, 1318, 1339, 1358, 1357, 1372, 1394, 1395, 1423, 1449, 1463, 1493, 1504, 1529, 1538, 0, 26, 50, 49, 48, 87
1319, 1318, 1339, 1358, 1357, 1372, 1394, 1395, 1423, 1449, 1463, 1493, 1504, 1529, 1538, 0, 26, 50, 49, 48, 47, 88
1319, 1318, 1339, 1358, 1357, 1372, 1394, 1395, 1423, 1449, 1463, 1493, 1504, 1529, 1538, 0, 26, 50, 85, 109, 89
1319, 1318, 1339, 1358, 1357, 1372, 1394, 1395, 1423, 1449, 1463, 1493, 1504, 1529, 1538, 0, 26, 50, 85, 109, 89, 90
1319, 1318, 1339, 1358, 1357, 1372, 1394, 1395, 1423, 1449, 1463, 1493, 1504, 1529, 1538, 0, 26, 50, 49, 48, 47, 88, 91
1319, 1320, 1341, 1360, 1375, 1390, 1416, 1434, 1470, 1479, 1512, 1520, 1519, 1548, 12, 38, 61, 74, 73, 95, 94, 93, 92
1319, 1320, 1341, 1360, 1375, 1390, 1416, 1434, 1470, 1479, 1512, 1520, 1519, 1548, 12, 38, 61, 74, 73, 95, 94, 93
1319, 1320, 1341, 1360, 1375, 1390, 1416, 1434, 1470, 1479, 1512, 1520, 1519, 1548, 12, 38, 61, 74, 73, 95, 94
1319, 1320, 1341, 1360, 1375, 1390, 1416, 1434, 1470, 1479, 1512, 1520, 1519, 1548, 12, 38, 61, 74, 73, 95
1319, 1320, 1341, 1360, 1375, 1390, 1416, 1434, 1470, 1479, 1512, 1520, 1519, 1548, 12, 38, 61, 74, 96
1319, 1320, 1341, 1360, 1375, 1390, 1416, 1434, 1470, 1479, 1512, 1520, 1519, 1548, 12, 37, 60, 75, 97
1319, 1320, 1341, 1360, 1375, 1390, 1416, 1434, 1470, 1479, 1512, 1520, 1545, 14, 35, 58, 76, 99, 98
1319, 1320, 1341, 1360, 1375, 1390, 1416, 1434, 1470, 1479, 1512, 1520, 1545, 14, 35, 58, 76, 99
1319, 1320, 1341, 1360, 1375, 1390, 1416, 1434, 1470, 1479, 1512, 1520, 1545, 14, 35, 58, 77, 100
1319, 1340, 1359, 1374, 1392, 1419, 1432, 1468, 1476, 1509, 1525, 1542, 17, 31, 55, 56, 80, 102, 101
1319, 1340, 1359, 1374, 1392, 1419, 1432, 1468, 1476, 1509, 1525, 1542, 17, 31, 55, 56, 80, 102
1319, 1340, 1359, 1374, 1392, 1419, 1432, 1468, 1476, 1509, 1525, 1542, 17, 31, 55, 56, 80, 103
1319, 1340, 1359, 1374, 1392, 1419, 1432, 1468, 1476, 1509, 1525, 1542, 17, 31, 55, 81, 104
1319, 1340, 1359, 1374, 1392, 1420, 1431, 1467, 1475, 1508, 1526, 1541, 19, 30, 54, 82, 105
1319, 1318, 1339, 1358, 1373, 1393, 1421, 1451, 1465, 1474, 1507, 1527, 1540, 20, 29, 53, 83, 106
1319, 1318, 1339, 1358, 1373, 1393, 1421, 1422, 1450, 1464, 1473, 1506, 1528, 1539, 21, 27, 52, 84, 107
1319, 1318, 1339, 1358, 1373, 1393, 1421, 1422, 1450, 1464, 1473, 1506, 1528, 1539, 21, 27, 52, 84, 107, 108
1319, 1318, 1339, 1358, 1357, 1372, 1394, 1395, 1423, 1449, 1463, 1493, 1504, 1529, 1538, 0, 26, 50, 85, 109
1319, 1318, 1339, 1358, 1373, 1393, 1421, 1422, 1450, 1464, 1473, 1506, 1528, 1539, 21, 27, 52, 84, 107, 110
1319, 1318, 1339, 1358, 1357, 1372, 1394, 1395, 1423, 1449, 1463, 1493, 1504, 1529, 1538, 0, 26, 50, 85, 109, 111
1319, 1318, 1339, 1358, 1357, 1372, 1394, 1395, 1423, 1449, 1463, 1493, 1504, 1529, 1538, 0, 26, 50, 85, 109, 111, 112
1319, 1318, 1339, 1358, 1357, 1372, 1394, 1395, 1423, 1449, 1463, 1493, 1504, 1529, 1538, 0, 26, 50, 85, 109, 111, 112, 113
1319, 1318, 1339, 1358, 1357, 1372, 1394, 1395, 1423, 1449, 1463, 1493, 1504, 1529, 1538, 0, 26, 50, 85, 109, 111, 112, 113, 114
1319, 1318, 1339, 1358, 1357, 1372, 1394, 1395, 1423, 1449, 1463, 1493, 1504, 1529, 1538, 0, 26, 50, 49, 48, 47, 88, 91, 115
1319, 1320, 1341, 1360, 1375, 1390, 1416, 1434, 1470, 1479, 1512, 1520, 1519, 1548, 12, 38, 61, 74, 73, 95, 94, 118, 117, 116
1319, 1320, 1341, 1360, 1375, 1390, 1416, 1434, 1470, 1479, 1512, 1520, 1519, 1548, 12, 38, 61, 74, 73, 95, 94, 118, 117
1319, 1320, 1341, 1360, 1375, 1390, 1416, 1434, 1470, 1479, 1512, 1520, 1519, 1548, 12, 38, 61, 74, 73, 95, 94, 118
1319, 1320, 1341, 1360, 1375, 1390, 1416, 1434, 1470, 1479, 1512, 1520, 1519, 1548, 12, 38, 61, 74, 73, 95, 119
1319, 1320, 1341, 1360, 1375, 1390, 1416, 1434, 1470, 1479, 1512, 1520, 1519, 1548, 12, 38, 61, 74, 73, 95, 120
1319, 1320, 1341, 1360, 1375, 1390, 1416, 1434, 1470, 1479, 1512, 1520, 1519, 1548, 12, 38, 61, 74, 96, 121
1319, 1320, 1341, 1360, 1375, 1390, 1416, 1434, 1470, 1479, 1512, 1520, 1545, 14, 35, 58, 76, 99, 98, 122
1319, 1320, 1341, 1360, 1375, 1390, 1416, 1434, 1470, 1479, 1512, 1520, 1545, 14, 35, 58, 76, 99, 123
1319, 1320, 1341, 1360, 1375, 1390, 1416, 1434, 1470, 1479, 1512, 1520, 1545, 14, 35, 58, 77, 100, 124
1319, 1340, 1359, 1374, 1392, 1419, 1432, 1468, 1476, 1509, 1525, 1542, 17, 31, 55, 56, 80, 102, 101, 125
1319, 1340, 1359, 1374, 1392, 1419, 1432, 1468, 1476, 1509, 1525, 1542, 17, 31, 55, 56, 80, 103, 126
1319, 1340, 1359, 1374, 1392, 1419, 1432, 1468, 1476, 1509, 1525, 1542, 17, 31, 55, 81, 104, 127
1319, 1340, 1359, 1374, 1392, 1420, 1431, 1467, 1475, 1508, 1526, 1541, 19, 30, 54, 82, 105, 128
1319, 1340, 1359, 1374, 1392, 1420, 1431, 1467, 1475, 1508, 1526, 1541, 19, 30, 54, 82, 105, 129
1319, 1318, 1339, 1358, 1373, 1393, 1421, 1451, 1465, 1474, 1507, 1527, 1540, 20, 29, 53, 83, 106, 130
1319, 1320, 1341, 1360, 1375, 1390, 1416, 1434, 1470, 1479, 1512, 1520, 1519, 1548, 12, 38, 61, 74, 73, 95, 94, 118, 117, 131
1319, 1320, 1341, 1360, 1375, 1390, 1416, 1434, 1470, 1479, 1512, 1520, 1519, 1548, 12, 38, 61, 74, 73, 95, 94, 118, 117, 132
1319, 1320, 1341, 1360, 1375, 1390, 1416, 1434, 1470, 1479, 1512, 1520, 1519, 1548, 12, 38, 61, 74, 73, 95, 119, 134, 133
1319, 1320, 1341, 1360, 1375, 1390, 1416, 1434, 1470, 1479, 1512, 1520, 1519, 1548, 12, 38, 61, 74, 73, 95, 119, 134
1319, 1320, 1341, 1360, 1375, 1390, 1416, 1434, 1470, 1479, 1512, 1520, 1519, 1548, 12, 38, 61, 74, 73, 95, 120, 135
1319, 1320, 1341, 1360, 1375, 1390, 1416, 1434, 1470, 1479, 1512, 1520, 1519, 1548, 12, 38, 61, 74, 73, 95, 120, 136
1319, 1320, 1341, 1360, 1375, 1390, 1416, 1434, 1470, 1479, 1512, 1520, 1519, 1548, 12, 38, 61, 74, 96, 121, 137
1319, 1320, 1341, 1360, 1375, 1390, 1416, 1434, 1470, 1479, 1512, 1520, 1545, 14, 35, 58, 76, 99, 123, 139, 138
1319, 1320, 1341, 1360, 1375, 1390, 1416, 1434, 1470, 1479, 1512, 1520, 1545, 14, 35, 58, 76, 99, 123, 139
1319, 1320, 1341, 1360, 1375, 1390, 1416, 1434, 1470, 1479, 1512, 1520, 1545, 14, 35, 58, 77, 100, 124, 140
1319, 1320, 1341, 1360, 1375, 1390, 1416, 1434, 1470, 1479, 1512, 1520, 1545, 14, 35, 58, 77, 100, 124, 141
1319, 1340, 1359, 1374, 1392, 1419, 1432, 1468, 1476, 1509, 1525, 1542, 17, 31, 55, 56, 80, 102, 101, 125, 142
1319, 1340, 1359, 1374, 1392, 1419, 1432, 1468, 1476, 1509, 1525, 1542, 17, 31, 55, 56, 80, 103, 126, 143
1319, 1340, 1359, 1374, 1392, 1419, 1432, 1468, 1476, 1509, 1525, 1542, 17, 31, 55, 81, 104, 127, 144
1319, 1340, 1359, 1374, 1392, 1420, 1431, 1467, 1475, 1508, 1526, 1541, 19, 30, 54, 82, 105, 128, 145
1319, 1340, 1359, 1374, 1392, 1420, 1431, 1467, 1475, 1508, 1526, 1541, 19, 30, 54, 82, 105, 129, 146
1319, 1318, 1339, 1358, 1373, 1393, 1421, 1451, 1465, 1474, 1507, 1527, 1540, 20, 29, 53, 83, 106, 130, 147
1319, 1318, 1339, 1358, 1373, 1393, 1421, 1422, 1450, 1464, 1473, 1506, 1528, 1539, 21, 27, 52, 84, 107, 110, 148
1319, 1318, 1339, 1358, 1357, 1372, 1394, 1395, 1423, 1449, 1463, 1493, 1504, 1529, 1538, 0, 26, 50, 85, 109, 111, 149
1319, 1318, 1339, 1358, 1357, 1372, 1394, 1395, 1423, 1449, 1463, 1493, 1504, 1529, 1538, 0, 26, 50, 85, 109, 111, 112, 150
1319, 1318, 1339, 1358, 1357, 1372, 1394, 1395, 1423, 1449, 1463, 1493, 1504, 1529, 1538, 0, 26, 50, 85, 109, 111, 112, 150, 151
1319, 1318, 1339, 1358, 1357, 1372, 1394, 1395, 1423, 1449, 1463, 1493, 1504, 1529, 1538, 0, 26, 50, 85, 109, 111, 112, 113, 114, 152
1319, 1318, 1339, 1358, 1357, 1372, 1394, 1395, 1423, 1449, 1463, 1493, 1504, 1529, 1538, 0, 26, 50, 49, 48, 47, 88, 91, 115, 153
1319, 1320, 1341, 1360, 1375, 1390, 1416, 1434, 1470, 1479, 1512, 1520, 1519, 1548, 12, 38, 61, 74, 73, 95, 94, 118, 117, 131, 155, 154
1319, 1320, 1341, 1360, 1375, 1390, 1416, 1434, 1470, 1479, 1512, 1520, 1519, 1548, 12, 38, 61, 74, 73, 95, 94, 118, 117, 131, 155
1319, 1318, 1339, 1358, 1373, 1393, 1421, 1451, 1465, 1474, 1507, 1527, 1540, 20, 29, 53, 83, 106, 130, 147, 156
1319, 1340, 1359, 1374, 1392, 1420, 1431, 1467, 1475, 1508, 1526, 1541, 19, 30, 54, 82, 105, 129, 146, 157
1319, 1340, 1359, 1374, 1392, 1420, 1431, 1467, 1475, 1508, 1526, 1541, 19, 30, 54, 82, 105, 128, 145, 158
1319, 1340, 1359, 1374, 1392, 1419, 1432, 1468, 1476, 1509, 1525, 1542, 17, 31, 55, 81, 104, 127, 144, 159
1319, 1340, 1359, 1374, 1392, 1419, 1432, 1468, 1476, 1509, 1525, 1542, 17, 31, 55, 56, 80, 103, 126, 143, 160
1319, 1340, 1359, 1374, 1392, 1419, 1432, 1468, 1476, 1509, 1525, 1542, 17, 31, 55, 56, 80, 102, 101, 125, 142, 161
1319, 1320, 1341, 1360, 1375, 1390, 1416, 1434, 1470, 1479, 1512, 1520, 1545, 14, 35, 58, 77, 100, 124, 141, 162
1319, 1320, 1341, 1360, 1375, 1390, 1416, 1434, 1470, 1479, 1512, 1520, 1545, 14, 35, 58, 77, 100, 124, 140, 163
1319, 1320, 1341, 1360, 1375, 1390, 1416, 1434, 1470, 1479, 1512, 1520, 1545, 14, 35, 58, 76, 99, 123, 139, 164
1319, 1320, 1341, 1360, 1375, 1390, 1416, 1434, 1470, 1479, 1512, 1520, 1545, 14, 35, 58, 76, 99, 123, 139, 164, 165
1319, 1320, 1341, 1360, 1375, 1390, 1416, 1434, 1470, 1479, 1512, 1520, 1519, 1548, 12, 38, 61, 74, 96, 121, 137, 166
1319, 1320, 1341, 1360, 1375, 1390, 1416, 1434, 1470, 1479, 1512, 1520, 1519, 1548, 12, 38, 61, 74, 73, 95, 120, 136, 167
1319, 1320, 1341, 1360, 1375, 1390, 1416, 1434, 1470, 1479, 1512, 1520, 1519, 1548, 12, 38, 61, 74, 73, 95, 120, 135, 168
1319, 1320, 1341, 1360, 1375, 1390, 1416, 1434, 1470, 1479, 1512, 1520, 1519, 1548, 12, 38, 61, 74, 73, 95, 120, 135, 168, 169
1319, 1320, 1341, 1360, 1375, 1390, 1416, 1434, 1470, 1479, 1512, 1520, 1519, 1548, 12, 38, 61, 74, 73, 95, 94, 118, 117, 132, 170
1319, 1320, 1341, 1360, 1375, 1390, 1416, 1434, 1470, 1479, 1512, 1520, 1519, 1548, 12, 38, 61, 74, 73, 95, 94, 118, 117, 131, 171
1319, 1318, 1339, 1358, 1357, 1372, 1394, 1395, 1423, 1449, 1463, 1493, 1504, 1529, 1538, 0, 26, 50, 49, 48, 47, 88, 91, 115, 153, 172
1319, 1318, 1339, 1358, 1357, 1372, 1394, 1395, 1423, 1449, 1463, 1493, 1504, 1529, 1538, 0, 26, 50, 85, 109, 111, 149, 176, 175, 174, 173
1319, 1318, 1339, 1358, 1357, 1372, 1394, 1395, 1423, 1449, 1463, 1493, 1504, 1529, 1538, 0, 26, 50, 85, 109, 111, 149, 176, 175, 174
1319, 1318, 1339, 1358, 1357, 1372, 1394, 1395, 1423, 1449, 1463, 1493, 1504, 1529, 1538, 0, 26, 50, 85, 109, 111, 149, 176, 175
1319, 1318, 1339, 1358, 1357, 1372, 1394, 1395, 1423, 1449, 1463, 1493, 1504, 1529, 1538, 0, 26, 50, 85, 109, 111, 149, 176
1319, 1318, 1339, 1358, 1373, 1393, 1421, 1422, 1450, 1464, 1473, 1506, 1528, 1539, 21, 27, 52, 84, 107, 110, 148, 177
1319, 1320, 1341, 1360, 1375, 1390, 1416, 1434, 1470, 1479, 1512, 1520, 1519, 1548, 12, 38, 61, 74, 73, 95, 94, 118, 117, 132, 170, 178
1319, 1320, 1341, 1360, 1375, 1390, 1416, 1434, 1470, 1479, 1512, 1520, 1519, 1548, 12, 38, 61, 74, 73, 95, 94, 118, 117, 131, 171, 179
1319, 1320, 1341, 1360, 1375, 1390, 1416, 1434, 1470, 1479, 1512, 1520, 1519, 1548, 12, 38, 61, 74, 73, 95, 94, 118, 117, 131, 171, 179, 180
1319, 1318, 1339, 1358, 1357, 1372, 1394, 1395, 1423, 1449, 1463, 1493, 1504, 1529, 1538, 0, 26, 50, 85, 109, 111, 149, 176, 175, 174, 182, 181
1319, 1318, 1339, 1358, 1357, 1372, 1394, 1395, 1423, 1449, 1463, 1493, 1504, 1529, 1538, 0, 26, 50, 85, 109, 111, 149, 176, 175, 174, 182
1319, 1318, 1339, 1358, 1357, 1372, 1394, 1395, 1423, 1449, 1463, 1493, 1504, 1529, 1538, 0, 26, 50, 85, 109, 111, 149, 176, 184, 183
1319, 1318, 1339, 1358, 1357, 1372, 1394, 1395, 1423, 1449, 1463, 1493, 1504, 1529, 1538, 0, 26, 50, 85, 109, 111, 149, 176, 184
1319, 1318, 1339, 1358, 1373, 1393, 1421, 1422, 1450, 1464, 1473, 1506, 1528, 1539, 21, 27, 52, 84, 107, 110, 148, 177, 185
1319, 1318, 1339, 1358, 1373, 1393, 1421, 1451, 1465, 1474, 1507, 1527, 1540, 20, 29, 53, 83, 106, 130, 147, 156, 187, 186
1319, 1318, 1339, 1358, 1373, 1393, 1421, 1451, 1465, 1474, 1507, 1527, 1540, 20, 29, 53, 83, 106, 130, 147, 156, 187
1319, 1340, 1359, 1374, 1392, 1420, 1431, 1467, 1475, 1508, 1526, 1541, 19, 30, 54, 82, 105, 129, 146, 157, 189, 188
1319, 1340, 1359, 1374, 1392, 1420, 1431, 1467, 1475, 1508, 1526, 1541, 19, 30, 54, 82, 105, 129, 146, 157, 189
1319, 1340, 1359, 1374, 1392, 1420, 1431, 1467, 1475, 1508, 1526, 1541, 19, 30, 54, 82, 105, 128, 145, 158, 190
1319, 1340, 1359, 1374, 1392, 1419, 1432, 1468, 1476, 1509, 1525, 1542, 17, 31, 55, 81, 104, 127, 144, 159, 191
1319, 1340, 1359, 1374, 1392, 1419, 1432, 1468, 1476, 1509, 1525, 1542, 17, 31, 55, 56, 80, 102, 101, 125, 142, 161, 192
1319, 1320, 1341, 1360, 1375, 1390, 1416, 1434, 1470, 1479, 1512, 1520, 1545, 14, 35, 58, 77, 100, 124, 141, 162, 193
1319, 1320, 1341, 1360, 1375, 1390, 1416, 1434, 1470, 1479, 1512, 1520, 1545, 14, 35, 58, 76, 99, 123, 139, 164, 194
1319, 1320, 1341, 1360, 1375, 1390, 1416, 1434, 1470, 1479, 1512, 1520, 1545, 14, 35, 58, 76, 99, 123, 139, 164, 165, 195
1319, 1320, 1341, 1360, 1375, 1390, 1416, 1434, 1470, 1479, 1512, 1520, 1519, 1548, 12, 38, 61, 74, 96, 121, 137, 166, 196
1319, 1320, 1341, 1360, 1375, 1390, 1416, 1434, 1470, 1479, 1512, 1520, 1519, 1548, 12, 38, 61, 74, 96, 121, 137, 166, 196, 197
1319, 1320, 1341, 1360, 1375, 1390, 1416, 1434, 1470, 1479, 1512, 1520, 1519, 1548, 12, 38, 61, 74, 73, 95, 120, 135, 168, 198
1319, 1320, 1341, 1360, 1375, 1390, 1416, 1434, 1470, 1479, 1512, 1520, 1545, 14, 35, 58, 77, 100, 124, 141, 162, 193, 199
