1489, 1490, 1491, 1503, 1530, 1537, 2, 1, 0
1489, 1490, 1491, 1503, 1530, 1537, 2, 1
1489, 1490, 1491, 1503, 1530, 1537, 2
1489, 1490, 1491, 1503, 1530, 1537, 3
1489, 1501, 1531, 1536, 4
1489, 1501, 1532, 1535, 5
1489, 1501, 1532, 1535, 5, 6
1489, 1501, 1532, 1533, 1554, 1553, 7
1489, 1501, 1532, 1533, 1554, 1553, 7, 8
1489, 1501, 1500, 1499, 1498, 1514, 1552, 9
1489, 1501, 1500, 1499, 1498, 1514, 1515, 1551, 10
1489, 1488, 1487, 1486, 1485, 1484, 1483, 1496, 1516, 1550, 11
1489, 1488, 1487, 1486, 1485, 1484, 1483, 1496, 1516, 1550, 11, 12
1489, 1488, 1487, 1486, 1485, 1484, 1483, 1496, 1516, 1550, 11, 12, 13
1489, 1490, 1491, 1492, 1493, 1505, 1528, 1539, 1540, 20, 19, 18, 17, 16, 15, 14
1489, 1490, 1491, 1492, 1493, 1505, 1528, 1539, 1540, 20, 19, 18, 17, 16, 15
1489, 1490, 1491, 1492, 1493, 1505, 1528, 1539, 1540, 20, 19, 18, 17, 16
1489, 1490, 1491, 1492, 1493, 1505, 1528, 1539, 1540, 20, 19, 18, 17
1489, 1490, 1491, 1492, 1493, 1505, 1528, 1539, 1540, 20, 19, 18
1489, 1490, 1491, 1492, 1493, 1505, 1528, 1539, 1540, 20, 19
1489, 1490, 1491, 1492, 1493, 1505, 1528, 1539, 1540, 20
1489, 1490, 1491, 1492, 1493, 1505, 1528, 1539, 21
1489, 1501, 1532, 1535, 5, 22
1489, 1501, 1532, 1535, 5, 23
1489, 1501, 1531, 1536, 4, 24
1489, 1490, 1491, 1503, 1530, 1537, 3, 25
1489, 1490, 1491, 1503, 1530, 1537, 2, 26
1489, 1490, 1491, 1492, 1493, 1505, 1528, 1539, 21, 27
1489, 1490, 1491, 1492, 1493, 1505, 1528, 1539, 21, 28
1489, 1490, 1491, 1492, 1493, 1505, 1528, 1539, 21, 28, 29
1489, 1490, 1491, 1492, 1493, 1505, 1528, 1539, 1540, 20, 19, 30
1489, 1490, 1491, 1492, 1493, 1505, 1528, 1539, 1540, 20, 19, 30, 31
1489, 1490, 1491, 1492, 1493, 1505, 1528, 1539, 1540, 20, 19, 18, 17, 16, 32
1489, 1490, 1491, 1492, 1493, 1505, 1528, 1539, 1540, 20, 19, 18, 17, 16, 32, 33
1489, 1490, 1491, 1492, 1493, 1505, 1528, 1539, 1540, 20, 19, 18, 17, 16, 15, 34
1489, 1490, 1491, 1492, 1493, 1505, 1528, 1539, 1540, 20, 19, 18, 17, 16, 15, 34, 35
1489, 1488, 1487, 1486, 1485, 1484, 1483, 1496, 1516, 1550, 11, 39, 38, 37, 36
1489, 1488, 1487, 1486, 1485, 1484, 1483, 1496, 1516, 1550, 11, 39, 38, 37
1489, 1488, 1487, 1486, 1485, 1484, 1483, 1496, 1516, 1550, 11, 39, 38
1489, 1488, 1487, 1486, 1485, 1484, 1483, 1496, 1516, 1550, 11, 39
1489, 1488, 1487, 1486, 1485, 1484, 1483, 1496, 1516, 1550, 11, 40
1489, 1501, 1500, 1499, 1498, 1514, 1515, 1551, 10, 41
1489, 1501, 1500, 1499, 1498, 1514, 1552, 9, 43, 42
1489, 1501, 1500, 1499, 1498, 1514, 1552, 9, 43
1489, 1501, 1532, 1533, 1554, 1553, 7, 44
1489, 1501, 1532, 1535, 5, 6, 45
1489, 1501, 1532, 1535, 5, 23, 46
1489, 1501, 1532, 1535, 5, 23, 47
1489, 1501, 1531, 1536, 4, 24, 48
1489, 1490, 1491, 1503, 1530, 1537, 3, 25, 49
1489, 1490, 1491, 1503, 1530, 1537, 2, 26, 50
1489, 1490, 1491, 1503, 1530, 1537, 2, 26, 51
1489, 1490, 1491, 1503, 1530, 1537, 2, 26, 51, 52
1489, 1490, 1491, 1492, 1493, 1505, 1528, 1539, 21, 28, 29, 53
1489, 1490, 1491, 1492, 1493, 1505, 1528, 1539, 1540, 20, 19, 30, 54
1489, 1490, 1491, 1492, 1493, 1505, 1528, 1539, 1540, 20, 19, 30, 54, 55
1489, 1490, 1491, 1492, 1493, 1505, 1528, 1539, 1540, 20, 19, 30, 54, 55, 56
1489, 1490, 1491, 1492, 1493, 1505, 1528, 1539, 1540, 20, 19, 30, 54, 55, 56, 57
1489, 1490, 1491, 1492, 1493, 1505, 1528, 1539, 1540, 20, 19, 30, 54, 55, 56, 57, 58
1489, 1488, 1487, 1486, 1485, 1484, 1483, 1496, 1516, 1550, 11, 39, 38, 37, 60, 59
1489, 1488, 1487, 1486, 1485, 1484, 1483, 1496, 1516, 1550, 11, 39, 38, 37, 60
1489, 1488, 1487, 1486, 1485, 1484, 1483, 1496, 1516, 1550, 11, 40, 62, 61
1489, 1488, 1487, 1486, 1485, 1484, 1483, 1496, 1516, 1550, 11, 40, 62
1489, 1501, 1500, 1499, 1498, 1514, 1515, 1551, 10, 41, 63
1489, 1501, 1500, 1499, 1498, 1514, 1515, 1551, 10, 41, 64
1489, 1501, 1532, 1533, 1554, 1553, 7, 44, 66, 65
1489, 1501, 1532, 1533, 1554, 1553, 7, 44, 66
1489, 1501, 1532, 1535, 5, 6, 45, 67
1489, 1501, 1532, 1535, 5, 23, 47, 88, 68
1489, 1501, 1532, 1535, 5, 23, 47, 88, 68, 69
1489, 1501, 1532, 1533, 1554, 1553, 7, 44, 66, 70
1489, 1501, 1532, 1533, 1554, 1553, 7, 44, 66, 71
1489, 1501, 1532, 1533, 1554, 1553, 7, 44, 66, 65, 72
1489, 1501, 1500, 1499, 1498, 1514, 1515, 1551, 10, 41, 63, 73
1489, 1488, 1487, 1486, 1485, 1484, 1483, 1496, 1516, 1550, 11, 40, 62, 74
1489, 1488, 1487, 1486, 1485, 1484, 1483, 1496, 1516, 1550, 11, 40, 62, 74, 75
1489, 1488, 1487, 1486, 1485, 1484, 1483, 1496, 1516, 1550, 11, 40, 62, 74, 75, 76
1489, 1490, 1491, 1492, 1493, 1505, 1528, 1539, 1540, 20, 19, 30, 54, 55, 56, 79, 78, 77
1489, 1490, 1491, 1492, 1493, 1505, 1528, 1539, 1540, 20, 19, 30, 54, 55, 56, 79, 78
1489, 1490, 1491, 1492, 1493, 1505, 1528, 1539, 1540, 20, 19, 30, 54, 55, 56, 79
1489, 1490, 1491, 1492, 1493, 1505, 1528, 1539, 1540, 20, 19, 30, 54, 55, 56, 80
1489, 1490, 1491, 1503, 1530, 1537, 2, 26, 51, 84, 83, 82, 81
1489, 1490, 1491, 1503, 1530, 1537, 2, 26, 51, 84, 83, 82
1489, 1490, 1491, 1503, 1530, 1537, 2, 26, 51, 84, 83
1489, 1490, 1491, 1503, 1530, 1537, 2, 26, 51, 84
1489, 1490, 1491, 1503, 1530, 1537, 2, 26, 50, 85
1489, 1490, 1491, 1503, 1530, 1537, 3, 25, 49, 86
1489, 1501, 1531, 1536, 4, 24, 48, 87
1489, 1501, 1532, 1535, 5, 23, 47, 88
1489, 1490, 1491, 1503, 1530, 1537, 3, 25, 49, 86, 89
1489, 1501, 1531, 1536, 4, 24, 48, 87, 90
1489, 1501, 1532, 1535, 5, 23, 47, 88, 91
1489, 1501, 1532, 1535, 5, 23, 47, 88, 68, 69, 92
1489, 1501, 1532, 1533, 1554, 1553, 7, 44, 66, 71, 93
1489, 1501, 1532, 1533, 1554, 1553, 7, 44, 66, 65, 72, 94
1489, 1501, 1500, 1499, 1498, 1514, 1515, 1551, 10, 41, 63, 73, 95
1489, 1488, 1487, 1486, 1485, 1484, 1483, 1496, 1516, 1550, 11, 40, 62, 74, 96
1489, 1488, 1487, 1486, 1485, 1484, 1483, 1496, 1516, 1550, 11, 40, 62, 74, 96, 97
1489, 1488, 1487, 1486, 1485, 1484, 1483, 1496, 1516, 1550, 11, 40, 62, 74, 96, 97, 98
1489, 1488, 1487, 1486, 1485, 1484, 1483, 1496, 1516, 1550, 11, 40, 62, 74, 96, 97, 98, 99
1489, 1490, 1491, 1492, 1493, 1505, 1528, 1539, 1540, 20, 19, 30, 54, 55, 56, 80, 102, 101, 100
1489, 1490, 1491, 1492, 1493, 1505, 1528, 1539, 1540, 20, 19, 30, 54, 55, 56, 80, 102, 101
1489, 1490, 1491, 1492, 1493, 1505, 1528, 1539, 1540, 20, 19, 30, 54, 55, 56, 80, 102
1489, 1490, 1491, 1503, 1530, 1537, 2, 26, 51, 84, 83, 106, 105, 104, 103
1489, 1490, 1491, 1503, 1530, 1537, 2, 26, 51, 84, 83, 106, 105, 104
1489, 1490, 1491, 1503, 1530, 1537, 2, 26, 51, 84, 83, 106, 105
1489, 1490, 1491, 1503, 1530, 1537, 2, 26, 51, 84, 83, 106
1489, 1490, 1491, 1503, 1530, 1537, 2, 26, 51, 84, 107
1489, 1490, 1491, 1503, 1530, 1537, 2, 26, 50, 85, 108
1489, 1490, 1491, 1503, 1530, 1537, 2, 26, 50, 85, 109
1489, 1490, 1491, 1503, 1530, 1537, 2, 26, 50, 85, 108, 110
1489, 1490, 1491, 1503, 1530, 1537, 2, 26, 50, 85, 109, 111
1489, 1490, 1491, 1503, 1530, 1537, 3, 25, 49, 86, 89, 112
1489, 1490, 1491, 1503, 1530, 1537, 3, 25, 49, 86, 89, 113
1489, 1501, 1531, 1536, 4, 24, 48, 87, 90, 114
1489, 1501, 1532, 1535, 5, 23, 47, 88, 91, 115
1489, 1501, 1532, 1535, 5, 23, 47, 88, 68, 69, 92, 116
1489, 1501, 1532, 1533, 1554, 1553, 7, 44, 66, 71, 93, 117
1489, 1501, 1532, 1533, 1554, 1553, 7, 44, 66, 71, 93, 117, 118
1489, 1501, 1532, 1533, 1554, 1553, 7, 44, 66, 71, 93, 117, 118, 119
1489, 1501, 1500, 1499, 1498, 1514, 1515, 1551, 10, 41, 63, 73, 95, 120
1489, 1501, 1500, 1499, 1498, 1514, 1515, 1551, 10, 41, 63, 73, 95, 120, 121
1489, 1488, 1487, 1486, 1485, 1484, 1483, 1496, 1516, 1550, 11, 40, 62, 74, 96, 97, 122
1489, 1488, 1487, 1486, 1485, 1484, 1483, 1496, 1516, 1550, 11, 40, 62, 74, 96, 97, 122, 123
1489, 1490, 1491, 1503, 1530, 1537, 2, 26, 51, 84, 83, 106, 105, 128, 127, 126, 125, 124
1489, 1490, 1491, 1503, 1530, 1537, 2, 26, 51, 84, 83, 106, 105, 128, 127, 126, 125
1489, 1490, 1491, 1503, 1530, 1537, 2, 26, 51, 84, 83, 106, 105, 128, 127, 126
1489, 1490, 1491, 1503, 1530, 1537, 2, 26, 51, 84, 83, 106, 105, 128, 127
1489, 1490, 1491, 1503, 1530, 1537, 2, 26, 51, 84, 83, 106, 105, 128
1489, 1490, 1491, 1503, 1530, 1537, 2, 26, 51, 84, 83, 106, 105, 129
1489, 1490, 1491, 1503, 1530, 1537, 2, 26, 51, 84, 83, 106, 130
1489, 1501, 1532, 1535, 5, 23, 47, 88, 68, 69, 92, 116, 155, 131
1489, 1501, 1532, 1533, 1554, 1553, 7, 44, 66, 71, 93, 117, 132
1489, 1501, 1532, 1533, 1554, 1553, 7, 44, 66, 71, 93, 117, 118, 133
1489, 1501, 1532, 1533, 1554, 1553, 7, 44, 66, 71, 93, 117, 118, 133, 134
1489, 1501, 1500, 1499, 1498, 1514, 1515, 1551, 10, 41, 63, 73, 95, 120, 135
1489, 1501, 1500, 1499, 1498, 1514, 1515, 1551, 10, 41, 63, 73, 95, 120, 136
1489, 1501, 1500, 1499, 1498, 1514, 1515, 1551, 10, 41, 63, 73, 95, 120, 136, 137
1489, 1501, 1500, 1499, 1498, 1514, 1515, 1551, 10, 41, 63, 73, 95, 120, 136, 137, 138
1489, 1490, 1491, 1503, 1530, 1537, 2, 26, 51, 84, 83, 106, 105, 128, 127, 144, 143, 142, 141, 140, 139
1489, 1490, 1491, 1503, 1530, 1537, 2, 26, 51, 84, 83, 106, 105, 128, 127, 144, 143, 142, 141, 140
1489, 1490, 1491, 1503, 1530, 1537, 2, 26, 51, 84, 83, 106, 105, 128, 127, 144, 143, 142, 141
1489, 1490, 1491, 1503, 1530, 1537, 2, 26, 51, 84, 83, 106, 105, 128, 127, 144, 143, 142
1489, 1490, 1491, 1503, 1530, 1537, 2, 26, 51, 84, 83, 106, 105, 128, 127, 144, 143
1489, 1490, 1491, 1503, 1530, 1537, 2, 26, 51, 84, 83, 106, 105, 128, 127, 144
1489, 1490, 1491, 1503, 1530, 1537, 2, 26, 51, 84, 83, 106, 105, 128, 145
1489, 1490, 1491, 1503, 1530, 1537, 2, 26, 51, 84, 83, 106, 105, 129, 146
1489, 1490, 1491, 1503, 1530, 1537, 2, 26, 51, 84, 83, 106, 130, 147
1489, 1490, 1491, 1503, 1530, 1537, 2, 26, 50, 85, 108, 110, 148
1489, 1490, 1491, 1503, 1530, 1537, 2, 26, 50, 85, 109, 111, 149
1489, 1490, 1491, 1503, 1530, 1537, 3, 25, 49, 86, 89, 113, 150
1489, 1501, 1531, 1536, 4, 24, 48, 87, 90, 114, 151
1489, 1501, 1531, 1536, 4, 24, 48, 87, 90, 114, 152
1489, 1501, 1532, 1535, 5, 23, 47, 88, 91, 115, 153
1489, 1501, 1532, 1535, 5, 23, 47, 88, 91, 115, 153, 154
1489, 1501, 1532, 1535, 5, 23, 47, 88, 68, 69, 92, 116, 155
1489, 1490, 1491, 1503, 1530, 1537, 2, 26, 51, 84, 83, 106, 130, 147, 156
1489, 1490, 1491, 1503, 1530, 1537, 2, 26, 51, 84, 83, 106, 105, 129, 146, 157
1489, 1490, 1491, 1503, 1530, 1537, 2, 26, 51, 84, 83, 106, 105, 128, 145, 158
1489, 1490, 1491, 1503, 1530, 1537, 2, 26, 51, 84, 83, 106, 105, 128, 145, 158, 159
1489, 1490, 1491, 1503, 1530, 1537, 2, 26, 51, 84, 83, 106, 105, 128, 127, 144, 143, 160
1489, 1490, 1491, 1503, 1530, 1537, 2, 26, 51, 84, 83, 106, 105, 128, 127, 144, 143, 160, 161
1489, 1490, 1491, 1503, 1530, 1537, 2, 26, 51, 84, 83, 106, 105, 128, 127, 144, 143, 142, 141, 162
1489, 1490, 1491, 1503, 1530, 1537, 2, 26, 51, 84, 83, 106, 105, 128, 127, 144, 143, 142, 141, 162, 163
1489, 1490, 1491, 1503, 1530, 1537, 2, 26, 51, 84, 83, 106, 105, 128, 127, 144, 143, 142, 141, 162, 163, 164
1489, 1501, 1500, 1499, 1498, 1514, 1515, 1551, 10, 41, 63, 73, 95, 120, 136, 137, 166, 165
1489, 1501, 1500, 1499, 1498, 1514, 1515, 1551, 10, 41, 63, 73, 95, 120, 136, 137, 166
1489, 1501, 1500, 1499, 1498, 1514, 1515, 1551, 10, 41, 63, 73, 95, 120, 136, 167
1489, 1501, 1500, 1499, 1498, 1514, 1515, 1551, 10, 41, 63, 73, 95, 120, 135, 168
1489, 1501, 1532, 1533, 1554, 1553, 7, 44, 66, 71, 93, 117, 132, 170, 169
1489, 1501, 1532, 1533, 1554, 1553, 7, 44, 66, 71, 93, 117, 132, 170
1489, 1501, 1532, 1535, 5, 23, 47, 88, 68, 69, 92, 116, 155, 171
1489, 1501, 1532, 1535, 5, 23, 47, 88, 91, 115, 153, 172
1489, 1501, 1531, 1536, 4, 24, 48, 87, 90, 114, 151, 173
1489, 1501, 1531, 1536, 4, 24, 48, 87, 90, 114, 151, 174
1489, 1501, 1531, 1536, 4, 24, 48, 87, 90, 114, 151, 174, 175
1489, 1490, 1491, 1503, 1530, 1537, 2, 26, 50, 85, 109, 111, 149, 176
1489, 1490, 1491, 1503, 1530, 1537, 2, 26, 50, 85, 108, 110, 148, 177
1489, 1501, 1532, 1533, 1554, 1553, 7, 44, 66, 71, 93, 117, 132, 170, 178
1489, 1501, 1532, 1535, 5, 23, 47, 88, 68, 69, 92, 116, 155, 171, 179
1489, 1501, 1532, 1535, 5, 23, 47, 88, 91, 115, 153, 172, 180
1489, 1501, 1532, 1535, 5, 23, 47, 88, 91, 115, 153, 172, 181
1489, 1501, 1531, 1536, 4, 24, 48, 87, 90, 114, 151, 173, 182
1489, 1501, 1531, 1536, 4, 24, 48, 87, 90, 114, 151, 174, 175, 183
1489, 1490, 1491, 1503, 1530, 1537, 2, 26, 50, 85, 109, 111, 149, 176, 184
1489, 1490, 1491, 1503, 1530, 1537, 2, 26, 50, 85, 108, 110, 148, 177, 185
1489, 1490, 1491, 1503, 1530, 1537, 2, 26, 50, 85, 108, 110, 148, 177, 186
1489, 1490, 1491, 1503, 1530, 1537, 2, 26, 51, 84, 83, 106, 130, 147, 156, 187
1489, 1490, 1491, 1503, 1530, 1537, 2, 26, 51, 84, 83, 106, 130, 147, 156, 188
1489, 1490, 1491, 1503, 1530, 1537, 2, 26, 51, 84, 83, 106, 130, 147, 156, 188, 189
1489, 1490, 1491, 1503, 1530, 1537, 2, 26, 51, 84, 83, 106, 105, 128, 145, 158, 190
1489, 1490, 1491, 1503, 1530, 1537, 2, 26, 51, 84, 83, 106, 105, 128, 145, 158, 159, 191
1489, 1490, 1491, 1503, 1530, 1537, 2, 26, 51, 84, 83, 106, 105, 128, 145, 158, 159, 191, 192
1489, 1490, 1491, 1503, 1530, 1537, 2, 26, 51, 84, 83, 106, 105, 128, 127, 144, 143, 142, 141, 162, 193
1489, 1490, 1491, 1503, 1530, 1537, 2, 26, 51, 84, 83, 106, 105, 128, 127, 144, 143, 142, 141, 162, 193, 194
1489, 1501, 1500, 1499, 1498, 1514, 1515, 1551, 10, 41, 63, 73, 95, 120, 136, 167, 197, 196, 195
1489, 1501, 1500, 1499, 1498, 1514, 1515, 1551, 10, 41, 63, 73, 95, 120, 136, 167, 197, 196
1489, 1501, 1500, 1499, 1498, 1514, 1515, 1551, 10, 41, 63, 73, 95, 120, 136, 167, 197
1489, 1501, 1532, 1533, 1554, 1553, 7, 44, 66, 71, 93, 117, 132, 170, 178, 198
1489, 1490, 1491, 1503, 1530, 1537, 2, 26, 51, 84, 83, 106, 105, 128, 145, 158, 159, 191, 220, 221, 199
