1067, 1066, 1085, 1084, 1108, 1132, 1145, 1163, 1190, 1214, 1234, 1261, 1286, 1296, 1295, 1318, 1339, 1358, 1357, 1372, 1394, 1395, 1423, 1449, 1463, 1493, 1504, 1529, 1538, 0
1067, 1066, 1085, 1084, 1108, 1132, 1145, 1163, 1190, 1214, 1234, 1261, 1286, 1296, 1295, 1318, 1339, 1358, 1357, 1372, 1394, 1395, 1423, 1449, 1463, 1493, 1504, 1529, 1538, 1
1067, 1066, 1085, 1084, 1108, 1132, 1145, 1163, 1190, 1214, 1234, 1261, 1286, 1296, 1295, 1318, 1339, 1358, 1357, 1372, 1394, 1395, 1423, 1449, 1463, 1493, 1504, 1529, 1538, 1, 2
1067, 1066, 1085, 1084, 1108, 1132, 1145, 1163, 1190, 1214, 1234, 1261, 1286, 1296, 1295, 1318, 1339, 1358, 1357, 1372, 1394, 1395, 1423, 1449, 1463, 1493, 1504, 1529, 1538, 1, 2, 3
1067, 1086, 1110, 1134, 1141, 1160, 1186, 1211, 1238, 1265, 1266, 1280, 1303, 1326, 1346, 1347, 1367, 1368, 1369, 1384, 1385, 1402, 1427, 1426, 1444, 1460, 1488, 1501, 1531, 1536, 4
1067, 1086, 1110, 1134, 1141, 1160, 1186, 1211, 1238, 1265, 1266, 1280, 1303, 1326, 1346, 1347, 1367, 1368, 1369, 1384, 1385, 1402, 1427, 1426, 1444, 1460, 1488, 1501, 1532, 1535, 5
1067, 1086, 1110, 1134, 1141, 1160, 1186, 1211, 1238, 1265, 1266, 1280, 1303, 1326, 1346, 1347, 1366, 1382, 1406, 1412, 1439, 1440, 1455, 1485, 1486, 1499, 1534, 1553, 1554, 6
1067, 1086, 1110, 1134, 1141, 1160, 1186, 1211, 1238, 1265, 1266, 1280, 1303, 1326, 1346, 1347, 1366, 1382, 1406, 1412, 1439, 1440, 1455, 1485, 1498, 1514, 1552, 8, 7
1067, 1086, 1110, 1134, 1141, 1160, 1186, 1211, 1238, 1265, 1266, 1280, 1303, 1326, 1346, 1347, 1366, 1382, 1406, 1412, 1439, 1440, 1455, 1485, 1498, 1514, 1552, 8
1067, 1086, 1110, 1134, 1141, 1160, 1186, 1211, 1238, 1265, 1266, 1280, 1303, 1326, 1346, 1347, 1366, 1382, 1406, 1412, 1439, 1440, 1455, 1485, 1498, 1514, 1552, 9
1067, 1086, 1110, 1134, 1141, 1160, 1186, 1211, 1237, 1264, 1282, 1300, 1324, 1344, 1363, 1379, 1409, 1414, 1437, 1472, 1481, 1513, 1519, 1548, 12, 11, 10
1067, 1086, 1110, 1134, 1141, 1160, 1186, 1211, 1237, 1264, 1282, 1300, 1324, 1344, 1363, 1379, 1409, 1414, 1437, 1472, 1481, 1513, 1519, 1548, 12, 11
1067, 1086, 1110, 1134, 1141, 1160, 1186, 1211, 1237, 1264, 1282, 1300, 1324, 1344, 1363, 1379, 1409, 1414, 1437, 1472, 1481, 1513, 1519, 1548, 12
1067, 1086, 1110, 1134, 1141, 1160, 1186, 1211, 1237, 1264, 1282, 1300, 1324, 1344, 1363, 1379, 1409, 1414, 1437, 1472, 1481, 1513, 1519, 1546, 13
1067, 1086, 1110, 1134, 1141, 1160, 1186, 1211, 1237, 1264, 1282, 1300, 1324, 1344, 1363, 1379, 1410, 1415, 1435, 1471, 1480, 1512, 1520, 1545, 14
1067, 1086, 1110, 1133, 1142, 1161, 1187, 1212, 1236, 1263, 1283, 1298, 1322, 1342, 1361, 1376, 1390, 1417, 1433, 1469, 1477, 1478, 1511, 1522, 1544, 15
1067, 1086, 1110, 1133, 1142, 1161, 1187, 1212, 1236, 1263, 1283, 1298, 1322, 1342, 1361, 1376, 1390, 1417, 1433, 1469, 1477, 1510, 1523, 1543, 16
1067, 1086, 1110, 1133, 1142, 1161, 1187, 1212, 1236, 1263, 1283, 1298, 1322, 1342, 1361, 1376, 1390, 1391, 1418, 1432, 1468, 1476, 1509, 1525, 1542, 17
1067, 1086, 1110, 1133, 1142, 1161, 1187, 1212, 1236, 1263, 1283, 1298, 1322, 1342, 1361, 1376, 1390, 1391, 1418, 1432, 1431, 1467, 1475, 1508, 1526, 1541, 18
1067, 1086, 1110, 1133, 1142, 1161, 1187, 1212, 1236, 1263, 1283, 1298, 1322, 1342, 1361, 1376, 1390, 1391, 1418, 1432, 1431, 1467, 1475, 1508, 1526, 1541, 19
1067, 1086, 1110, 1133, 1142, 1161, 1187, 1212, 1236, 1263, 1283, 1298, 1322, 1342, 1361, 1376, 1390, 1391, 1418, 1432, 1431, 1451, 1465, 1474, 1507, 1527, 1540, 20
1067, 1086, 1110, 1133, 1142, 1161, 1187, 1212, 1236, 1263, 1283, 1298, 1322, 1342, 1361, 1376, 1390, 1391, 1392, 1393, 1421, 1422, 1450, 1464, 1473, 1506, 1528, 1539, 21
1067, 1086, 1110, 1134, 1141, 1160, 1186, 1211, 1238, 1265, 1266, 1280, 1303, 1326, 1346, 1347, 1367, 1368, 1369, 1384, 1385, 1402, 1427, 1426, 1444, 1460, 1488, 1501, 1532, 1535, 5, 22
1067, 1086, 1110, 1134, 1141, 1160, 1186, 1211, 1238, 1265, 1266, 1280, 1303, 1326, 1346, 1347, 1366, 1382, 1406, 1412, 1439, 1440, 1455, 1485, 1498, 1514, 1552, 8, 44, 67, 46, 23
1067, 1086, 1110, 1134, 1141, 1160, 1186, 1211, 1238, 1265, 1266, 1280, 1303, 1326, 1346, 1347, 1367, 1368, 1369, 1384, 1385, 1402, 1427, 1426, 1444, 1460, 1488, 1501, 1531, 1536, 4, 24
1067, 1066, 1085, 1084, 1108, 1132, 1145, 1163, 1190, 1214, 1234, 1261, 1286, 1296, 1295, 1318, 1339, 1358, 1357, 1372, 1394, 1395, 1423, 1449, 1463, 1493, 1504, 1529, 1538, 0, 26, 25
1067, 1066, 1085, 1084, 1108, 1132, 1145, 1163, 1190, 1214, 1234, 1261, 1286, 1296, 1295, 1318, 1339, 1358, 1357, 1372, 1394, 1395, 1423, 1449, 1463, 1493, 1504, 1529, 1538, 0, 26
1067, 1086, 1110, 1133, 1142, 1161, 1187, 1212, 1236, 1263, 1283, 1298, 1322, 1342, 1361, 1376, 1390, 1391, 1392, 1393, 1421, 1422, 1450, 1464, 1473, 1506, 1528, 1539, 21, 27
1067, 1086, 1110, 1133, 1142, 1161, 1187, 1212, 1236, 1263, 1283, 1298, 1322, 1342, 1361, 1376, 1390, 1391, 1418, 1432, 1431, 1451, 1465, 1474, 1507, 1527, 1540, 20, 29, 28
1067, 1086, 1110, 1133, 1142, 1161, 1187, 1212, 1236, 1263, 1283, 1298, 1322, 1342, 1361, 1376, 1390, 1391, 1418, 1432, 1431, 1451, 1465, 1474, 1507, 1527, 1540, 20, 29
1067, 1086, 1110, 1133, 1142, 1161, 1187, 1212, 1236, 1263, 1283, 1298, 1322, 1342, 1361, 1376, 1390, 1391, 1418, 1432, 1431, 1467, 1475, 1508, 1526, 1541, 19, 30
1067, 1086, 1110, 1133, 1142, 1161, 1187, 1212, 1236, 1263, 1283, 1298, 1322, 1342, 1361, 1376, 1390, 1391, 1418, 1432, 1468, 1476, 1509, 1525, 1542, 17, 31
1067, 1086, 1110, 1133, 1142, 1161, 1187, 1212, 1236, 1263, 1283, 1298, 1322, 1342, 1361, 1376, 1390, 1417, 1433, 1469, 1477, 1510, 1523, 1543, 16, 32
1067, 1086, 1110, 1133, 1142, 1161, 1187, 1212, 1236, 1263, 1283, 1298, 1322, 1342, 1361, 1376, 1390, 1417, 1433, 1469, 1477, 1478, 1511, 1522, 1544, 15, 33
1067, 1086, 1110, 1133, 1142, 1161, 1187, 1212, 1236, 1263, 1283, 1298, 1322, 1342, 1361, 1376, 1390, 1417, 1433, 1469, 1477, 1478, 1511, 1522, 1544, 15, 34
1067, 1086, 1110, 1134, 1141, 1160, 1186, 1211, 1237, 1264, 1282, 1300, 1324, 1344, 1363, 1379, 1410, 1415, 1435, 1471, 1480, 1512, 1520, 1545, 14, 35
1067, 1086, 1110, 1134, 1141, 1160, 1186, 1211, 1237, 1264, 1282, 1300, 1324, 1344, 1363, 1379, 1409, 1414, 1437, 1472, 1481, 1513, 1519, 1546, 13, 36
1067, 1086, 1110, 1134, 1141, 1160, 1186, 1211, 1237, 1264, 1282, 1300, 1324, 1344, 1363, 1379, 1409, 1414, 1437, 1472, 1481, 1513, 1519, 1548, 12, 37
1067, 1086, 1110, 1134, 1141, 1160, 1186, 1211, 1237, 1264, 1282, 1300, 1324, 1344, 1363, 1379, 1409, 1414, 1437, 1472, 1481, 1513, 1519, 1548, 12, 38
1067, 1086, 1110, 1134, 1141, 1160, 1186, 1211, 1237, 1264, 1282, 1300, 1324, 1344, 1363, 1379, 1409, 1414, 1437, 1472, 1481, 1513, 1519, 1548, 12, 38, 39
1067, 1086, 1110, 1134, 1141, 1160, 1186, 1211, 1237, 1264, 1282, 1300, 1324, 1344, 1363, 1379, 1409, 1414, 1437, 1472, 1481, 1513, 1519, 1548, 12, 38, 39, 40
1067, 1086, 1110, 1134, 1141, 1160, 1186, 1211, 1237, 1264, 1282, 1300, 1324, 1344, 1363, 1379, 1409, 1414, 1437, 1472, 1481, 1513, 1519, 1548, 12, 38, 39, 40, 41
1067, 1086, 1110, 1134, 1141, 1160, 1186, 1211, 1237, 1264, 1282, 1300, 1324, 1344, 1363, 1379, 1409, 1414, 1437, 1472, 1481, 1513, 1519, 1548, 12, 11, 10, 42
1067, 1086, 1110, 1134, 1141, 1160, 1186, 1211, 1237, 1264, 1282, 1300, 1324, 1344, 1363, 1379, 1409, 1414, 1437, 1472, 1481, 1513, 1519, 1548, 12, 11, 10, 42, 43
1067, 1086, 1110, 1134, 1141, 1160, 1186, 1211, 1238, 1265, 1266, 1280, 1303, 1326, 1346, 1347, 1366, 1382, 1406, 1412, 1439, 1440, 1455, 1485, 1498, 1514, 1552, 8, 44
1067, 1086, 1110, 1134, 1141, 1160, 1186, 1211, 1238, 1265, 1266, 1280, 1303, 1326, 1346, 1347, 1366, 1382, 1406, 1412, 1439, 1440, 1455, 1485, 1498, 1514, 1552, 8, 44, 45
1067, 1086, 1110, 1134, 1141, 1160, 1186, 1211, 1238, 1265, 1266, 1280, 1303, 1326, 1346, 1347, 1366, 1382, 1406, 1412, 1439, 1440, 1455, 1485, 1498, 1514, 1552, 8, 44, 67, 46
1067, 1086, 1110, 1134, 1141, 1160, 1186, 1211, 1238, 1265, 1266, 1280, 1303, 1326, 1346, 1347, 1366, 1382, 1406, 1412, 1439, 1440, 1455, 1485, 1498, 1514, 1552, 8, 44, 67, 46, 47
1067, 1086, 1110, 1134, 1141, 1160, 1186, 1211, 1238, 1265, 1266, 1280, 1303, 1326, 1346, 1347, 1367, 1368, 1369, 1384, 1385, 1402, 1427, 1426, 1444, 1460, 1488, 1501, 1531, 1536, 4, 24, 48
1067, 1066, 1085, 1084, 1108, 1132, 1145, 1163, 1190, 1214, 1234, 1261, 1286, 1296, 1295, 1318, 1339, 1358, 1357, 1372, 1394, 1395, 1423, 1449, 1463, 1493, 1504, 1529, 1538, 0, 26, 50, 49
1067, 1066, 1085, 1084, 1108, 1132, 1145, 1163, 1190, 1214, 1234, 1261, 1286, 1296, 1295, 1318, 1339, 1358, 1357, 1372, 1394, 1395, 1423, 1449, 1463, 1493, 1504, 1529, 1538, 0, 26, 50
1067, 1086, 1110, 1133, 1142, 1161, 1187, 1212, 1236, 1263, 1283, 1298, 1322, 1342, 1361, 1376, 1390, 1391, 1392, 1393, 1421, 1422, 1450, 1464, 1473, 1506, 1528, 1539, 21, 27, 52, 51
1067, 1086, 1110, 1133, 1142, 1161, 1187, 1212, 1236, 1263, 1283, 1298, 1322, 1342, 1361, 1376, 1390, 1391, 1392, 1393, 1421, 1422, 1450, 1464, 1473, 1506, 1528, 1539, 21, 27, 52
1067, 1086, 1110, 1133, 1142, 1161, 1187, 1212, 1236, 1263, 1283, 1298, 1322, 1342, 1361, 1376, 1390, 1391, 1418, 1432, 1431, 1451, 1465, 1474, 1507, 1527, 1540, 20, 29, 53
1067, 1086, 1110, 1133, 1142, 1161, 1187, 1212, 1236, 1263, 1283, 1298, 1322, 1342, 1361, 1376, 1390, 1391, 1418, 1432, 1431, 1467, 1475, 1508, 1526, 1541, 19, 30, 54
1067, 1086, 1110, 1133, 1142, 1161, 1187, 1212, 1236, 1263, 1283, 1298, 1322, 1342, 1361, 1376, 1390, 1391, 1418, 1432, 1468, 1476, 1509, 1525, 1542, 17, 31, 55
1067, 1086, 1110, 1133, 1142, 1161, 1187, 1212, 1236, 1263, 1283, 1298, 1322, 1342, 1361, 1376, 1390, 1417, 1433, 1469, 1477, 1510, 1523, 1543, 16, 32, 56
1067, 1086, 1110, 1133, 1142, 1161, 1187, 1212, 1236, 1263, 1283, 1298, 1322, 1342, 1361, 1376, 1390, 1417, 1433, 1469, 1477, 1478, 1511, 1522, 1544, 15, 33, 57
1067, 1086, 1110, 1134, 1141, 1160, 1186, 1211, 1237, 1264, 1282, 1300, 1324, 1344, 1363, 1379, 1410, 1415, 1435, 1471, 1480, 1512, 1520, 1545, 14, 35, 58
1067, 1086, 1110, 1134, 1141, 1160, 1186, 1211, 1237, 1264, 1282, 1300, 1324, 1344, 1363, 1379, 1409, 1414, 1437, 1472, 1481, 1513, 1519, 1546, 13, 36, 59
1067, 1086, 1110, 1134, 1141, 1160, 1186, 1211, 1237, 1264, 1282, 1300, 1324, 1344, 1363, 1379, 1409, 1414, 1437, 1472, 1481, 1513, 1519, 1548, 12, 37, 60
1067, 1086, 1110, 1134, 1141, 1160, 1186, 1211, 1237, 1264, 1282, 1300, 1324, 1344, 1363, 1379, 1409, 1414, 1437, 1472, 1481, 1513, 1519, 1548, 12, 38, 61
1067, 1086, 1110, 1134, 1141, 1160, 1186, 1211, 1237, 1264, 1282, 1300, 1324, 1344, 1363, 1379, 1409, 1414, 1437, 1472, 1481, 1513, 1519, 1548, 12, 38, 39, 62
1067, 1086, 1110, 1134, 1141, 1160, 1186, 1211, 1237, 1264, 1282, 1300, 1324, 1344, 1363, 1379, 1409, 1414, 1437, 1472, 1481, 1513, 1519, 1548, 12, 38, 39, 62, 63
1067, 1086, 1110, 1134, 1141, 1160, 1186, 1211, 1237, 1264, 1282, 1300, 1324, 1344, 1363, 1379, 1409, 1414, 1437, 1472, 1481, 1513, 1519, 1548, 12, 38, 39, 62, 63, 64
1067, 1086, 1110, 1134, 1141, 1160, 1186, 1211, 1237, 1264, 1282, 1300, 1324, 1344, 1363, 1379, 1409, 1414, 1437, 1472, 1481, 1513, 1519, 1548, 12, 38, 39, 62, 63, 64, 65
1067, 1086, 1110, 1134, 1141, 1160, 1186, 1211, 1238, 1265, 1266, 1280, 1303, 1326, 1346, 1347, 1366, 1382, 1406, 1412, 1439, 1440, 1455, 1485, 1498, 1514, 1552, 8, 44, 66
1067, 1086, 1110, 1134, 1141, 1160, 1186, 1211, 1238, 1265, 1266, 1280, 1303, 1326, 1346, 1347, 1366, 1382, 1406, 1412, 1439, 1440, 1455, 1485, 1498, 1514, 1552, 8, 44, 67
1067, 1086, 1110, 1134, 1141, 1160, 1186, 1211, 1238, 1265, 1266, 1280, 1303, 1326, 1346, 1347, 1366, 1382, 1406, 1412, 1439, 1440, 1455, 1485, 1498, 1514, 1552, 8, 44, 67, 68
1067, 1086, 1110, 1134, 1141, 1160, 1186, 1211, 1238, 1265, 1266, 1280, 1303, 1326, 1346, 1347, 1366, 1382, 1406, 1412, 1439, 1440, 1455, 1485, 1498, 1514, 1552, 8, 44, 67, 69
1067, 1086, 1110, 1134, 1141, 1160, 1186, 1211, 1237, 1264, 1282, 1300, 1324, 1344, 1363, 1379, 1409, 1414, 1437, 1472, 1481, 1513, 1519, 1548, 12, 38, 61, 74, 73, 72, 71, 70
1067, 1086, 1110, 1134, 1141, 1160, 1186, 1211, 1237, 1264, 1282, 1300, 1324, 1344, 1363, 1379, 1409, 1414, 1437, 1472, 1481, 1513, 1519, 1548, 12, 38, 61, 74, 73, 72, 71
1067, 1086, 1110, 1134, 1141, 1160, 1186, 1211, 1237, 1264, 1282, 1300, 1324, 1344, 1363, 1379, 1409, 1414, 1437, 1472, 1481, 1513, 1519, 1548, 12, 38, 61, 74, 73, 72
1067, 1086, 1110, 1134, 1141, 1160, 1186, 1211, 1237, 1264, 1282, 1300, 1324, 1344, 1363, 1379, 1409, 1414, 1437, 1472, 1481, 1513, 1519, 1548, 12, 38, 61, 74, 73
1067, 1086, 1110, 1134, 1141, 1160, 1186, 1211, 1237, 1264, 1282, 1300, 1324, 1344, 1363, 1379, 1409, 1414, 1437, 1472, 1481, 1513, 1519, 1548, 12, 38, 61, 74
1067, 1086, 1110, 1134, 1141, 1160, 1186, 1211, 1237, 1264, 1282, 1300, 1324, 1344, 1363, 1379, 1409, 1414, 1437, 1472, 1481, 1513, 1519, 1548, 12, 37, 60, 75
1067, 1086, 1110, 1134, 1141, 1160, 1186, 1211, 1237, 1264, 1282, 1300, 1324, 1344, 1363, 1379, 1409, 1414, 1437, 1472, 1481, 1513, 1519, 1546, 13, 36, 59, 76
1067, 1086, 1110, 1134, 1141, 1160, 1186, 1211, 1237, 1264, 1282, 1300, 1324, 1344, 1363, 1379, 1410, 1415, 1435, 1471, 1480, 1512, 1520, 1545, 14, 35, 58, 77
1067, 1086, 1110, 1133, 1142, 1161, 1187, 1212, 1236, 1263, 1283, 1298, 1322, 1342, 1361, 1376, 1390, 1417, 1433, 1469, 1477, 1478, 1511, 1522, 1544, 15, 33, 57, 78
1067, 1086, 1110, 1133, 1142, 1161, 1187, 1212, 1236, 1263, 1283, 1298, 1322, 1342, 1361, 1376, 1390, 1417, 1433, 1469, 1477, 1510, 1523, 1543, 16, 32, 56, 79
1067, 1086, 1110, 1133, 1142, 1161, 1187, 1212, 1236, 1263, 1283, 1298, 1322, 1342, 1361, 1376, 1390, 1417, 1433, 1469, 1477, 1510, 1523, 1543, 16, 32, 56, 80
1067, 1086, 1110, 1133, 1142, 1161, 1187, 1212, 1236, 1263, 1283, 1298, 1322, 1342, 1361, 1376, 1390, 1391, 1418, 1432, 1468, 1476, 1509, 1525, 1542, 17, 31, 55, 81
1067, 1086, 1110, 1133, 1142, 1161, 1187, 1212, 1236, 1263, 1283, 1298, 1322, 1342, 1361, 1376, 1390, 1391, 1418, 1432, 1431, 1467, 1475, 1508, 1526, 1541, 19, 30, 54, 82
1067, 1086, 1110, 1133, 1142, 1161, 1187, 1212, 1236, 1263, 1283, 1298, 1322, 1342, 1361, 1376, 1390, 1391, 1418, 1432, 1431, 1451, 1465, 1474, 1507, 1527, 1540, 20, 29, 53, 83
1067, 1086, 1110, 1133, 1142, 1161, 1187, 1212, 1236, 1263, 1283, 1298, 1322, 1342, 1361, 1376, 1390, 1391, 1392, 1393, 1421, 1422, 1450, 1464, 1473, 1506, 1528, 1539, 21, 27, 52, 84
1067, 1066, 1085, 1084, 1108, 1132, 1145, 1163, 1190, 1214, 1234, 1261, 1286, 1296, 1295, 1318, 1339, 1358, 1357, 1372, 1394, 1395, 1423, 1449, 1463, 1493, 1504, 1529, 1538, 0, 26, 50, 85
1067, 1066, 1085, 1084, 1108, 1132, 1145, 1163, 1190, 1214, 1234, 1261, 1286, 1296, 1295, 1318, 1339, 1358, 1357, 1372, 1394, 1395, 1423, 1449, 1463, 1493, 1504, 1529, 1538, 0, 26, 50, 49, 86
1067, 1086, 1110, 1134, 1141, 1160, 1186, 1211, 1238, 1265, 1266, 1280, 1303, 1326, 1346, 1347, 1366, 1382, 1406, 1412, 1439, 1440, 1455, 1485, 1498, 1514, 1552, 8, 44, 67, 68, 88, 87
1067, 1086, 1110, 1134, 1141, 1160, 1186, 1211, 1238, 1265, 1266, 1280, 1303, 1326, 1346, 1347, 1366, 1382, 1406, 1412, 1439, 1440, 1455, 1485, 1498, 1514, 1552, 8, 44, 67, 68, 88
1067, 1066, 1085, 1084, 1108, 1132, 1145, 1163, 1190, 1214, 1234, 1261, 1286, 1296, 1295, 1318, 1339, 1358, 1357, 1372, 1394, 1395, 1423, 1449, 1463, 1493, 1504, 1529, 1538, 0, 26, 50, 85, 109, 89
1067, 1086, 1110, 1134, 1141, 1160, 1186, 1211, 1238, 1265, 1266, 1280, 1303, 1326, 1346, 1347, 1366, 1382, 1406, 1412, 1439, 1440, 1455, 1485, 1498, 1514, 1552, 8, 44, 67, 68, 91, 90
1067, 1086, 1110, 1134, 1141, 1160, 1186, 1211, 1238, 1265, 1266, 1280, 1303, 1326, 1346, 1347, 1366, 1382, 1406, 1412, 1439, 1440, 1455, 1485, 1498, 1514, 1552, 8, 44, 67, 68, 91
1067, 1086, 1110, 1134, 1141, 1160, 1186, 1211, 1238, 1265, 1266, 1280, 1303, 1326, 1346, 1347, 1366, 1382, 1406, 1412, 1439, 1440, 1455, 1485, 1498, 1514, 1552, 8, 44, 67, 69, 92
1067, 1086, 1110, 1134, 1141, 1160, 1186, 1211, 1237, 1264, 1282, 1300, 1324, 1344, 1363, 1379, 1409, 1414, 1437, 1472, 1481, 1513, 1519, 1548, 12, 38, 61, 74, 73, 95, 94, 93
1067, 1086, 1110, 1134, 1141, 1160, 1186, 1211, 1237, 1264, 1282, 1300, 1324, 1344, 1363, 1379, 1409, 1414, 1437, 1472, 1481, 1513, 1519, 1548, 12, 38, 61, 74, 73, 95, 94
1067, 1086, 1110, 1134, 1141, 1160, 1186, 1211, 1237, 1264, 1282, 1300, 1324, 1344, 1363, 1379, 1409, 1414, 1437, 1472, 1481, 1513, 1519, 1548, 12, 38, 61, 74, 73, 95
1067, 1086, 1110, 1134, 1141, 1160, 1186, 1211, 1237, 1264, 1282, 1300, 1324, 1344, 1363, 1379, 1409, 1414, 1437, 1472, 1481, 1513, 1519, 1548, 12, 38, 61, 74, 96
1067, 1086, 1110, 1134, 1141, 1160, 1186, 1211, 1237, 1264, 1282, 1300, 1324, 1344, 1363, 1379, 1409, 1414, 1437, 1472, 1481, 1513, 1519, 1548, 12, 37, 60, 75, 97
1067, 1086, 1110, 1134, 1141, 1160, 1186, 1211, 1237, 1264, 1282, 1300, 1324, 1344, 1363, 1379, 1409, 1414, 1437, 1472, 1481, 1513, 1519, 1548, 12, 37, 60, 75, 98
1067, 1086, 1110, 1134, 1141, 1160, 1186, 1211, 1237, 1264, 1282, 1300, 1324, 1344, 1363, 1379, 1409, 1414, 1437, 1472, 1481, 1513, 1519, 1546, 13, 36, 59, 76, 99
1067, 1086, 1110, 1134, 1141, 1160, 1186, 1211, 1237, 1264, 1282, 1300, 1324, 1344, 1363, 1379, 1410, 1415, 1435, 1471, 1480, 1512, 1520, 1545, 14, 35, 58, 77, 100
1067, 1086, 1110, 1133, 1142, 1161, 1187, 1212, 1236, 1263, 1283, 1298, 1322, 1342, 1361, 1376, 1390, 1417, 1433, 1469, 1477, 1478, 1511, 1522, 1544, 15, 33, 57, 78, 101
1067, 1086, 1110, 1133, 1142, 1161, 1187, 1212, 1236, 1263, 1283, 1298, 1322, 1342, 1361, 1376, 1390, 1417, 1433, 1469, 1477, 1510, 1523, 1543, 16, 32, 56, 80, 102
1067, 1086, 1110, 1133, 1142, 1161, 1187, 1212, 1236, 1263, 1283, 1298, 1322, 1342, 1361, 1376, 1390, 1417, 1433, 1469, 1477, 1510, 1523, 1543, 16, 32, 56, 80, 103
1067, 1086, 1110, 1133, 1142, 1161, 1187, 1212, 1236, 1263, 1283, 1298, 1322, 1342, 1361, 1376, 1390, 1391, 1418, 1432, 1468, 1476, 1509, 1525, 1542, 17, 31, 55, 81, 104
1067, 1086, 1110, 1133, 1142, 1161, 1187, 1212, 1236, 1263, 1283, 1298, 1322, 1342, 1361, 1376, 1390, 1391, 1418, 1432, 1431, 1467, 1475, 1508, 1526, 1541, 19, 30, 54, 82, 105
1067, 1086, 1110, 1133, 1142, 1161, 1187, 1212, 1236, 1263, 1283, 1298, 1322, 1342, 1361, 1376, 1390, 1391, 1418, 1432, 1431, 1467, 1475, 1508, 1526, 1541, 19, 30, 54, 82, 105, 106
1067, 1086, 1110, 1133, 1142, 1161, 1187, 1212, 1236, 1263, 1283, 1298, 1322, 1342, 1361, 1376, 1390, 1391, 1392, 1393, 1421, 1422, 1450, 1464, 1473, 1506, 1528, 1539, 21, 27, 52, 84, 107
1067, 1086, 1110, 1133, 1142, 1161, 1187, 1212, 1236, 1263, 1283, 1298, 1322, 1342, 1361, 1376, 1390, 1391, 1392, 1393, 1421, 1422, 1450, 1464, 1473, 1506, 1528, 1539, 21, 27, 52, 84, 107, 108
1067, 1066, 1085, 1084, 1108, 1132, 1145, 1163, 1190, 1214, 1234, 1261, 1286, 1296, 1295, 1318, 1339, 1358, 1357, 1372, 1394, 1395, 1423, 1449, 1463, 1493, 1504, 1529, 1538, 0, 26, 50, 85, 109
1067, 1086, 1110, 1133, 1142, 1161, 1187, 1212, 1236, 1263, 1283, 1298, 1322, 1342, 1361, 1376, 1390, 1391, 1392, 1393, 1421, 1422, 1450, 1464, 1473, 1506, 1528, 1539, 21, 27, 52, 84, 107, 110
1067, 1066, 1085, 1084, 1108, 1132, 1145, 1163, 1190, 1214, 1234, 1261, 1286, 1296, 1295, 1318, 1339, 1358, 1357, 1372, 1394, 1395, 1423, 1449, 1463, 1493, 1504, 1529, 1538, 0, 26, 50, 85, 109, 111
1067, 1066, 1085, 1084, 1108, 1132, 1145, 1163, 1190, 1214, 1234, 1261, 1286, 1296, 1295, 1318, 1339, 1358, 1357, 1372, 1394, 1395, 1423, 1449, 1463, 1493, 1504, 1529, 1538, 0, 26, 50, 85, 109, 111, 112
1067, 1066, 1085, 1084, 1108, 1132, 1145, 1163, 1190, 1214, 1234, 1261, 1286, 1296, 1295, 1318, 1339, 1358, 1357, 1372, 1394, 1395, 1423, 1449, 1463, 1493, 1504, 1529, 1538, 0, 26, 50, 85, 109, 111, 112, 113
1067, 1086, 1110, 1134, 1141, 1160, 1186, 1211, 1238, 1265, 1266, 1280, 1303, 1326, 1346, 1347, 1366, 1382, 1406, 1412, 1439, 1440, 1455, 1485, 1498, 1514, 1552, 8, 44, 67, 68, 91, 115, 114
1067, 1086, 1110, 1134, 1141, 1160, 1186, 1211, 1238, 1265, 1266, 1280, 1303, 1326, 1346, 1347, 1366, 1382, 1406, 1412, 1439, 1440, 1455, 1485, 1498, 1514, 1552, 8, 44, 67, 68, 91, 115
1067, 1086, 1110, 1134, 1141, 1160, 1186, 1211, 1238, 1265, 1266, 1280, 1303, 1326, 1346, 1347, 1366, 1382, 1406, 1412, 1439, 1440, 1455, 1485, 1498, 1514, 1552, 8, 44, 67, 69, 92, 116
1067, 1086, 1110, 1134, 1141, 1160, 1186, 1211, 1237, 1264, 1282, 1300, 1324, 1344, 1363, 1379, 1409, 1414, 1437, 1472, 1481, 1513, 1519, 1548, 12, 38, 61, 74, 73, 95, 94, 118, 117
1067, 1086, 1110, 1134, 1141, 1160, 1186, 1211, 1237, 1264, 1282, 1300, 1324, 1344, 1363, 1379, 1409, 1414, 1437, 1472, 1481, 1513, 1519, 1548, 12, 38, 61, 74, 73, 95, 94, 118
1067, 1086, 1110, 1134, 1141, 1160, 1186, 1211, 1237, 1264, 1282, 1300, 1324, 1344, 1363, 1379, 1409, 1414, 1437, 1472, 1481, 1513, 1519, 1548, 12, 38, 61, 74, 73, 95, 119
1067, 1086, 1110, 1134, 1141, 1160, 1186, 1211, 1237, 1264, 1282, 1300, 1324, 1344, 1363, 1379, 1409, 1414, 1437, 1472, 1481, 1513, 1519, 1548, 12, 38, 61, 74, 73, 95, 120
1067, 1086, 1110, 1134, 1141, 1160, 1186, 1211, 1237, 1264, 1282, 1300, 1324, 1344, 1363, 1379, 1409, 1414, 1437, 1472, 1481, 1513, 1519, 1548, 12, 38, 61, 74, 96, 121
1067, 1086, 1110, 1134, 1141, 1160, 1186, 1211, 1237, 1264, 1282, 1300, 1324, 1344, 1363, 1379, 1409, 1414, 1437, 1472, 1481, 1513, 1519, 1548, 12, 37, 60, 75, 98, 122
1067, 1086, 1110, 1134, 1141, 1160, 1186, 1211, 1237, 1264, 1282, 1300, 1324, 1344, 1363, 1379, 1409, 1414, 1437, 1472, 1481, 1513, 1519, 1546, 13, 36, 59, 76, 99, 123
1067, 1086, 1110, 1134, 1141, 1160, 1186, 1211, 1237, 1264, 1282, 1300, 1324, 1344, 1363, 1379, 1410, 1415, 1435, 1471, 1480, 1512, 1520, 1545, 14, 35, 58, 77, 100, 124
1067, 1086, 1110, 1133, 1142, 1161, 1187, 1212, 1236, 1263, 1283, 1298, 1322, 1342, 1361, 1376, 1390, 1417, 1433, 1469, 1477, 1478, 1511, 1522, 1544, 15, 33, 57, 78, 101, 125
1067, 1086, 1110, 1133, 1142, 1161, 1187, 1212, 1236, 1263, 1283, 1298, 1322, 1342, 1361, 1376, 1390, 1417, 1433, 1469, 1477, 1510, 1523, 1543, 16, 32, 56, 80, 103, 126
1067, 1086, 1110, 1133, 1142, 1161, 1187, 1212, 1236, 1263, 1283, 1298, 1322, 1342, 1361, 1376, 1390, 1391, 1418, 1432, 1468, 1476, 1509, 1525, 1542, 17, 31, 55, 81, 104, 127
1067, 1086, 1110, 1133, 1142, 1161, 1187, 1212, 1236, 1263, 1283, 1298, 1322, 1342, 1361, 1376, 1390, 1391, 1418, 1432, 1431, 1467, 1475, 1508, 1526, 1541, 19, 30, 54, 82, 105, 128
1067, 1086, 1110, 1133, 1142, 1161, 1187, 1212, 1236, 1263, 1283, 1298, 1322, 1342, 1361, 1376, 1390, 1391, 1418, 1432, 1431, 1467, 1475, 1508, 1526, 1541, 19, 30, 54, 82, 105, 129
1067, 1086, 1110, 1133, 1142, 1161, 1187, 1212, 1236, 1263, 1283, 1298, 1322, 1342, 1361, 1376, 1390, 1391, 1418, 1432, 1431, 1467, 1475, 1508, 1526, 1541, 19, 30, 54, 82, 105, 129, 130
1067, 1086, 1110, 1134, 1141, 1160, 1186, 1211, 1237, 1264, 1282, 1300, 1324, 1344, 1363, 1379, 1409, 1414, 1437, 1472, 1481, 1513, 1519, 1548, 12, 38, 61, 74, 73, 95, 94, 118, 117, 131
1067, 1086, 1110, 1134, 1141, 1160, 1186, 1211, 1237, 1264, 1282, 1300, 1324, 1344, 1363, 1379, 1409, 1414, 1437, 1472, 1481, 1513, 1519, 1548, 12, 38, 61, 74, 73, 95, 94, 118, 117, 132
1067, 1086, 1110, 1134, 1141, 1160, 1186, 1211, 1237, 1264, 1282, 1300, 1324, 1344, 1363, 1379, 1409, 1414, 1437, 1472, 1481, 1513, 1519, 1548, 12, 38, 61, 74, 73, 95, 119, 134, 133
1067, 1086, 1110, 1134, 1141, 1160, 1186, 1211, 1237, 1264, 1282, 1300, 1324, 1344, 1363, 1379, 1409, 1414, 1437, 1472, 1481, 1513, 1519, 1548, 12, 38, 61, 74, 73, 95, 119, 134
1067, 1086, 1110, 1134, 1141, 1160, 1186, 1211, 1237, 1264, 1282, 1300, 1324, 1344, 1363, 1379, 1409, 1414, 1437, 1472, 1481, 1513, 1519, 1548, 12, 38, 61, 74, 73, 95, 120, 135
1067, 1086, 1110, 1134, 1141, 1160, 1186, 1211, 1237, 1264, 1282, 1300, 1324, 1344, 1363, 1379, 1409, 1414, 1437, 1472, 1481, 1513, 1519, 1548, 12, 38, 61, 74, 73, 95, 120, 136
1067, 1086, 1110, 1134, 1141, 1160, 1186, 1211, 1237, 1264, 1282, 1300, 1324, 1344, 1363, 1379, 1409, 1414, 1437, 1472, 1481, 1513, 1519, 1548, 12, 38, 61, 74, 96, 121, 137
1067, 1086, 1110, 1134, 1141, 1160, 1186, 1211, 1237, 1264, 1282, 1300, 1324, 1344, 1363, 1379, 1409, 1414, 1437, 1472, 1481, 1513, 1519, 1548, 12, 37, 60, 75, 98, 122, 138
1067, 1086, 1110, 1134, 1141, 1160, 1186, 1211, 1237, 1264, 1282, 1300, 1324, 1344, 1363, 1379, 1409, 1414, 1437, 1472, 1481, 1513, 1519, 1546, 13, 36, 59, 76, 99, 123, 139
1067, 1086, 1110, 1134, 1141, 1160, 1186, 1211, 1237, 1264, 1282, 1300, 1324, 1344, 1363, 1379, 1410, 1415, 1435, 1471, 1480, 1512, 1520, 1545, 14, 35, 58, 77, 100, 124, 140
1067, 1086, 1110, 1134, 1141, 1160, 1186, 1211, 1237, 1264, 1282, 1300, 1324, 1344, 1363, 1379, 1410, 1415, 1435, 1471, 1480, 1512, 1520, 1545, 14, 35, 58, 77, 100, 124, 141
1067, 1086, 1110, 1133, 1142, 1161, 1187, 1212, 1236, 1263, 1283, 1298, 1322, 1342, 1361, 1376, 1390, 1417, 1433, 1469, 1477, 1478, 1511, 1522, 1544, 15, 33, 57, 78, 101, 125, 142
1067, 1086, 1110, 1133, 1142, 1161, 1187, 1212, 1236, 1263, 1283, 1298, 1322, 1342, 1361, 1376, 1390, 1417, 1433, 1469, 1477, 1510, 1523, 1543, 16, 32, 56, 80, 103, 126, 143
1067, 1086, 1110, 1133, 1142, 1161, 1187, 1212, 1236, 1263, 1283, 1298, 1322, 1342, 1361, 1376, 1390, 1391, 1418, 1432, 1468, 1476, 1509, 1525, 1542, 17, 31, 55, 81, 104, 127, 144
1067, 1086, 1110, 1133, 1142, 1161, 1187, 1212, 1236, 1263, 1283, 1298, 1322, 1342, 1361, 1376, 1390, 1391, 1418, 1432, 1431, 1467, 1475, 1508, 1526, 1541, 19, 30, 54, 82, 105, 128, 145
1067, 1086, 1110, 1133, 1142, 1161, 1187, 1212, 1236, 1263, 1283, 1298, 1322, 1342, 1361, 1376, 1390, 1391, 1418, 1432, 1431, 1467, 1475, 1508, 1526, 1541, 19, 30, 54, 82, 105, 129, 146
1067, 1086, 1110, 1133, 1142, 1161, 1187, 1212, 1236, 1263, 1283, 1298, 1322, 1342, 1361, 1376, 1390, 1391, 1418, 1432, 1431, 1467, 1475, 1508, 1526, 1541, 19, 30, 54, 82, 105, 129, 146, 147
1067, 1086, 1110, 1133, 1142, 1161, 1187, 1212, 1236, 1263, 1283, 1298, 1322, 1342, 1361, 1376, 1390, 1391, 1392, 1393, 1421, 1422, 1450, 1464, 1473, 1506, 1528, 1539, 21, 27, 52, 84, 107, 110, 148
1067, 1066, 1085, 1084, 1108, 1132, 1145, 1163, 1190, 1214, 1234, 1261, 1286, 1296, 1295, 1318, 1339, 1358, 1357, 1372, 1394, 1395, 1423, 1449, 1463, 1493, 1504, 1529, 1538, 0, 26, 50, 85, 109, 111, 149
1067, 1086, 1110, 1134, 1141, 1160, 1186, 1211, 1237, 1264, 1282, 1300, 1324, 1344, 1363, 1379, 1409, 1414, 1437, 1472, 1481, 1513, 1519, 1548, 12, 38, 61, 74, 73, 95, 94, 118, 117, 131, 155, 154, 153, 152, 151, 150
1067, 1086, 1110, 1134, 1141, 1160, 1186, 1211, 1237, 1264, 1282, 1300, 1324, 1344, 1363, 1379, 1409, 1414, 1437, 1472, 1481, 1513, 1519, 1548, 12, 38, 61, 74, 73, 95, 94, 118, 117, 131, 155, 154, 153, 152, 151
1067, 1086, 1110, 1134, 1141, 1160, 1186, 1211, 1237, 1264, 1282, 1300, 1324, 1344, 1363, 1379, 1409, 1414, 1437, 1472, 1481, 1513, 1519, 1548, 12, 38, 61, 74, 73, 95, 94, 118, 117, 131, 155, 154, 153, 152
1067, 1086, 1110, 1134, 1141, 1160, 1186, 1211, 1237, 1264, 1282, 1300, 1324, 1344, 1363, 1379, 1409, 1414, 1437, 1472, 1481, 1513, 1519, 1548, 12, 38, 61, 74, 73, 95, 94, 118, 117, 131, 155, 154, 153
1067, 1086, 1110, 1134, 1141, 1160, 1186, 1211, 1237, 1264, 1282, 1300, 1324, 1344, 1363, 1379, 1409, 1414, 1437, 1472, 1481, 1513, 1519, 1548, 12, 38, 61, 74, 73, 95, 94, 118, 117, 131, 155, 154
1067, 1086, 1110, 1134, 1141, 1160, 1186, 1211, 1237, 1264, 1282, 1300, 1324, 1344, 1363, 1379, 1409, 1414, 1437, 1472, 1481, 1513, 1519, 1548, 12, 38, 61, 74, 73, 95, 94, 118, 117, 131, 155
1067, 1086, 1110, 1133, 1142, 1161, 1187, 1212, 1236, 1263, 1283, 1298, 1322, 1342, 1361, 1376, 1390, 1391, 1418, 1432, 1431, 1467, 1475, 1508, 1526, 1541, 19, 30, 54, 82, 105, 129, 146, 157, 156
1067, 1086, 1110, 1133, 1142, 1161, 1187, 1212, 1236, 1263, 1283, 1298, 1322, 1342, 1361, 1376, 1390, 1391, 1418, 1432, 1431, 1467, 1475, 1508, 1526, 1541, 19, 30, 54, 82, 105, 129, 146, 157
1067, 1086, 1110, 1133, 1142, 1161, 1187, 1212, 1236, 1263, 1283, 1298, 1322, 1342, 1361, 1376, 1390, 1391, 1418, 1432, 1431, 1467, 1475, 1508, 1526, 1541, 19, 30, 54, 82, 105, 128, 145, 158
1067, 1086, 1110, 1133, 1142, 1161, 1187, 1212, 1236, 1263, 1283, 1298, 1322, 1342, 1361, 1376, 1390, 1391, 1418, 1432, 1468, 1476, 1509, 1525, 1542, 17, 31, 55, 81, 104, 127, 144, 159
1067, 1086, 1110, 1133, 1142, 1161, 1187, 1212, 1236, 1263, 1283, 1298, 1322, 1342, 1361, 1376, 1390, 1417, 1433, 1469, 1477, 1510, 1523, 1543, 16, 32, 56, 80, 103, 126, 143, 160
1067, 1086, 1110, 1133, 1142, 1161, 1187, 1212, 1236, 1263, 1283, 1298, 1322, 1342, 1361, 1376, 1390, 1417, 1433, 1469, 1477, 1478, 1511, 1522, 1544, 15, 33, 57, 78, 101, 125, 142, 161
1067, 1086, 1110, 1134, 1141, 1160, 1186, 1211, 1237, 1264, 1282, 1300, 1324, 1344, 1363, 1379, 1410, 1415, 1435, 1471, 1480, 1512, 1520, 1545, 14, 35, 58, 77, 100, 124, 141, 162
1067, 1086, 1110, 1134, 1141, 1160, 1186, 1211, 1237, 1264, 1282, 1300, 1324, 1344, 1363, 1379, 1410, 1415, 1435, 1471, 1480, 1512, 1520, 1545, 14, 35, 58, 77, 100, 124, 140, 163
1067, 1086, 1110, 1134, 1141, 1160, 1186, 1211, 1237, 1264, 1282, 1300, 1324, 1344, 1363, 1379, 1409, 1414, 1437, 1472, 1481, 1513, 1519, 1546, 13, 36, 59, 76, 99, 123, 139, 164
1067, 1086, 1110, 1134, 1141, 1160, 1186, 1211, 1237, 1264, 1282, 1300, 1324, 1344, 1363, 1379, 1409, 1414, 1437, 1472, 1481, 1513, 1519, 1548, 12, 37, 60, 75, 98, 122, 138, 165
1067, 1086, 1110, 1134, 1141, 1160, 1186, 1211, 1237, 1264, 1282, 1300, 1324, 1344, 1363, 1379, 1409, 1414, 1437, 1472, 1481, 1513, 1519, 1548, 12, 38, 61, 74, 96, 121, 137, 166
1067, 1086, 1110, 1134, 1141, 1160, 1186, 1211, 1237, 1264, 1282, 1300, 1324, 1344, 1363, 1379, 1409, 1414, 1437, 1472, 1481, 1513, 1519, 1548, 12, 38, 61, 74, 73, 95, 120, 136, 167
1067, 1086, 1110, 1134, 1141, 1160, 1186, 1211, 1237, 1264, 1282, 1300, 1324, 1344, 1363, 1379, 1409, 1414, 1437, 1472, 1481, 1513, 1519, 1548, 12, 38, 61, 74, 73, 95, 120, 135, 168
1067, 1086, 1110, 1134, 1141, 1160, 1186, 1211, 1237, 1264, 1282, 1300, 1324, 1344, 1363, 1379, 1409, 1414, 1437, 1472, 1481, 1513, 1519, 1548, 12, 38, 61, 74, 73, 95, 120, 135, 168, 169
1067, 1086, 1110, 1134, 1141, 1160, 1186, 1211, 1237, 1264, 1282, 1300, 1324, 1344, 1363, 1379, 1409, 1414, 1437, 1472, 1481, 1513, 1519, 1548, 12, 38, 61, 74, 73, 95, 94, 118, 117, 132, 170
1067, 1086, 1110, 1134, 1141, 1160, 1186, 1211, 1237, 1264, 1282, 1300, 1324, 1344, 1363, 1379, 1409, 1414, 1437, 1472, 1481, 1513, 1519, 1548, 12, 38, 61, 74, 73, 95, 94, 118, 117, 131, 171
1067, 1086, 1110, 1134, 1141, 1160, 1186, 1211, 1237, 1264, 1282, 1300, 1324, 1344, 1363, 1379, 1409, 1414, 1437, 1472, 1481, 1513, 1519, 1548, 12, 38, 61, 74, 73, 95, 94, 118, 117, 131, 171, 172
1067, 1086, 1110, 1134, 1141, 1160, 1186, 1211, 1237, 1264, 1282, 1300, 1324, 1344, 1363, 1379, 1409, 1414, 1437, 1472, 1481, 1513, 1519, 1548, 12, 38, 61, 74, 73, 95, 94, 118, 117, 131, 171, 172, 173
1067, 1086, 1110, 1134, 1141, 1160, 1186, 1211, 1237, 1264, 1282, 1300, 1324, 1344, 1363, 1379, 1409, 1414, 1437, 1472, 1481, 1513, 1519, 1548, 12, 38, 61, 74, 73, 95, 94, 118, 117, 131, 171, 172, 173, 174
1067, 1086, 1110, 1134, 1141, 1160, 1186, 1211, 1237, 1264, 1282, 1300, 1324, 1344, 1363, 1379, 1409, 1414, 1437, 1472, 1481, 1513, 1519, 1548, 12, 38, 61, 74, 73, 95, 94, 118, 117, 131, 171, 172, 173, 174, 175
1067, 1066, 1085, 1084, 1108, 1132, 1145, 1163, 1190, 1214, 1234, 1261, 1286, 1296, 1295, 1318, 1339, 1358, 1357, 1372, 1394, 1395, 1423, 1449, 1463, 1493, 1504, 1529, 1538, 0, 26, 50, 85, 109, 111, 149, 176
1067, 1086, 1110, 1133, 1142, 1161, 1187, 1212, 1236, 1263, 1283, 1298, 1322, 1342, 1361, 1376, 1390, 1391, 1392, 1393, 1421, 1422, 1450, 1464, 1473, 1506, 1528, 1539, 21, 27, 52, 84, 107, 110, 148, 177
1067, 1086, 1110, 1134, 1141, 1160, 1186, 1211, 1237, 1264, 1282, 1300, 1324, 1344, 1363, 1379, 1409, 1414, 1437, 1472, 1481, 1513, 1519, 1548, 12, 38, 61, 74, 73, 95, 94, 118, 117, 132, 170, 178
1067, 1086, 1110, 1134, 1141, 1160, 1186, 1211, 1237, 1264, 1282, 1300, 1324, 1344, 1363, 1379, 1409, 1414, 1437, 1472, 1481, 1513, 1519, 1548, 12, 38, 61, 74, 73, 95, 94, 118, 117, 131, 171, 179
1067, 1086, 1110, 1134, 1141, 1160, 1186, 1211, 1237, 1264, 1282, 1300, 1324, 1344, 1363, 1379, 1409, 1414, 1437, 1472, 1481, 1513, 1519, 1548, 12, 38, 61, 74, 73, 95, 94, 118, 117, 131, 171, 179, 180
1067, 1086, 1110, 1134, 1141, 1160, 1186, 1211, 1237, 1264, 1282, 1300, 1324, 1344, 1363, 1379, 1409, 1414, 1437, 1472, 1481, 1513, 1519, 1548, 12, 38, 61, 74, 73, 95, 94, 118, 117, 131, 171, 172, 181
1067, 1086, 1110, 1134, 1141, 1160, 1186, 1211, 1237, 1264, 1282, 1300, 1324, 1344, 1363, 1379, 1409, 1414, 1437, 1472, 1481, 1513, 1519, 1548, 12, 38, 61, 74, 73, 95, 94, 118, 117, 131, 171, 172, 181, 182
1067, 1086, 1110, 1134, 1141, 1160, 1186, 1211, 1237, 1264, 1282, 1300, 1324, 1344, 1363, 1379, 1409, 1414, 1437, 1472, 1481, 1513, 1519, 1548, 12, 38, 61, 74, 73, 95, 94, 118, 117, 131, 171, 172, 181, 182, 183
1067, 1066, 1085, 1084, 1108, 1132, 1145, 1163, 1190, 1214, 1234, 1261, 1286, 1296, 1295, 1318, 1339, 1358, 1357, 1372, 1394, 1395, 1423, 1449, 1463, 1493, 1504, 1529, 1538, 0, 26, 50, 85, 109, 111, 149, 176, 184
1067, 1086, 1110, 1133, 1142, 1161, 1187, 1212, 1236, 1263, 1283, 1298, 1322, 1342, 1361, 1376, 1390, 1391, 1392, 1393, 1421, 1422, 1450, 1464, 1473, 1506, 1528, 1539, 21, 27, 52, 84, 107, 110, 148, 177, 185
1067, 1086, 1110, 1133, 1142, 1161, 1187, 1212, 1236, 1263, 1283, 1298, 1322, 1342, 1361, 1376, 1390, 1391, 1418, 1432, 1431, 1467, 1475, 1508, 1526, 1541, 19, 30, 54, 82, 105, 129, 146, 157, 189, 188, 187, 186
1067, 1086, 1110, 1133, 1142, 1161, 1187, 1212, 1236, 1263, 1283, 1298, 1322, 1342, 1361, 1376, 1390, 1391, 1418, 1432, 1431, 1467, 1475, 1508, 1526, 1541, 19, 30, 54, 82, 105, 129, 146, 157, 189, 188, 187
1067, 1086, 1110, 1133, 1142, 1161, 1187, 1212, 1236, 1263, 1283, 1298, 1322, 1342, 1361, 1376, 1390, 1391, 1418, 1432, 1431, 1467, 1475, 1508, 1526, 1541, 19, 30, 54, 82, 105, 129, 146, 157, 189, 188
1067, 1086, 1110, 1133, 1142, 1161, 1187, 1212, 1236, 1263, 1283, 1298, 1322, 1342, 1361, 1376, 1390, 1391, 1418, 1432, 1431, 1467, 1475, 1508, 1526, 1541, 19, 30, 54, 82, 105, 129, 146, 157, 189
1067, 1086, 1110, 1133, 1142, 1161, 1187, 1212, 1236, 1263, 1283, 1298, 1322, 1342, 1361, 1376, 1390, 1391, 1418, 1432, 1468, 1476, 1509, 1525, 1542, 17, 31, 55, 81, 104, 127, 144, 159, 190
1067, 1086, 1110, 1133, 1142, 1161, 1187, 1212, 1236, 1263, 1283, 1298, 1322, 1342, 1361, 1376, 1390, 1417, 1433, 1469, 1477, 1510, 1523, 1543, 16, 32, 56, 80, 103, 126, 143, 160, 191
1067, 1086, 1110, 1133, 1142, 1161, 1187, 1212, 1236, 1263, 1283, 1298, 1322, 1342, 1361, 1376, 1390, 1417, 1433, 1469, 1477, 1478, 1511, 1522, 1544, 15, 33, 57, 78, 101, 125, 142, 161, 192
1067, 1086, 1110, 1134, 1141, 1160, 1186, 1211, 1237, 1264, 1282, 1300, 1324, 1344, 1363, 1379, 1410, 1415, 1435, 1471, 1480, 1512, 1520, 1545, 14, 35, 58, 77, 100, 124, 141, 162, 193
1067, 1086, 1110, 1134, 1141, 1160, 1186, 1211, 1237, 1264, 1282, 1300, 1324, 1344, 1363, 1379, 1409, 1414, 1437, 1472, 1481, 1513, 1519, 1546, 13, 36, 59, 76, 99, 123, 139, 164, 194
1067, 1086, 1110, 1134, 1141, 1160, 1186, 1211, 1237, 1264, 1282, 1300, 1324, 1344, 1363, 1379, 1409, 1414, 1437, 1472, 1481, 1513, 1519, 1548, 12, 37, 60, 75, 98, 122, 138, 165, 195
1067, 1086, 1110, 1134, 1141, 1160, 1186, 1211, 1237, 1264, 1282, 1300, 1324, 1344, 1363, 1379, 1409, 1414, 1437, 1472, 1481, 1513, 1519, 1548, 12, 38, 61, 74, 96, 121, 137, 166, 196
1067, 1086, 1110, 1134, 1141, 1160, 1186, 1211, 1237, 1264, 1282, 1300, 1324, 1344, 1363, 1379, 1409, 1414, 1437, 1472, 1481, 1513, 1519, 1548, 12, 38, 61, 74, 96, 121, 137, 166, 196, 197
1067, 1086, 1110, 1134, 1141, 1160, 1186, 1211, 1237, 1264, 1282, 1300, 1324, 1344, 1363, 1379, 1409, 1414, 1437, 1472, 1481, 1513, 1519, 1548, 12, 38, 61, 74, 73, 95, 120, 135, 168, 198
1067, 1086, 1110, 1134, 1141, 1160, 1186, 1211, 1237, 1264, 1282, 1300, 1324, 1344, 1363, 1379, 1410, 1415, 1435, 1471, 1480, 1512, 1520, 1545, 14, 35, 58, 77, 100, 124, 141, 162, 193, 199
