1357, 1372, 1394, 1395, 1423, 1449, 1463, 1493, 1504, 1529, 1538, 0
1357, 1372, 1394, 1395, 1423, 1449, 1463, 1493, 1504, 1529, 1538, 1
1357, 1372, 1394, 1395, 1423, 1449, 1463, 1493, 1504, 1529, 1538, 1, 2
1357, 1372, 1394, 1395, 1423, 1449, 1463, 1493, 1504, 1529, 1538, 1, 2, 3
1357, 1372, 1394, 1395, 1423, 1449, 1463, 1493, 1504, 1529, 1538, 1, 2, 3, 4
1357, 1372, 1394, 1395, 1423, 1449, 1463, 1493, 1504, 1529, 1538, 1, 2, 3, 4, 5
1357, 1372, 1394, 1395, 1423, 1449, 1463, 1493, 1504, 1529, 1538, 1, 2, 3, 4, 5, 6
1357, 1372, 1394, 1395, 1423, 1449, 1463, 1493, 1504, 1529, 1538, 1, 2, 3, 4, 5, 6, 7
1357, 1372, 1394, 1395, 1423, 1449, 1463, 1493, 1504, 1529, 1538, 1, 2, 3, 4, 5, 6, 7, 8
1357, 1372, 1394, 1395, 1423, 1449, 1463, 1493, 1504, 1529, 1538, 1, 2, 3, 4, 5, 6, 7, 8, 9
1357, 1358, 1374, 1392, 1419, 1432, 1468, 1469, 1470, 1479, 1512, 1520, 1519, 1548, 12, 11, 10
1357, 1358, 1374, 1392, 1419, 1432, 1468, 1469, 1470, 1479, 1512, 1520, 1519, 1548, 12, 11
1357, 1358, 1374, 1392, 1419, 1432, 1468, 1469, 1470, 1479, 1512, 1520, 1519, 1548, 12
1357, 1358, 1374, 1392, 1419, 1432, 1468, 1469, 1470, 1479, 1512, 1520, 1545, 14, 13
1357, 1358, 1374, 1392, 1419, 1432, 1468, 1469, 1470, 1479, 1512, 1520, 1545, 14
1357, 1358, 1374, 1392, 1419, 1432, 1468, 1476, 1509, 1524, 1523, 1522, 1544, 15
1357, 1358, 1374, 1392, 1419, 1432, 1468, 1476, 1509, 1525, 1542, 17, 16
1357, 1358, 1374, 1392, 1419, 1432, 1468, 1476, 1509, 1525, 1542, 17
1357, 1358, 1374, 1392, 1420, 1431, 1467, 1475, 1508, 1526, 1541, 18
1357, 1358, 1374, 1392, 1420, 1431, 1467, 1475, 1508, 1526, 1541, 19
1357, 1358, 1373, 1393, 1421, 1451, 1465, 1474, 1507, 1527, 1540, 20
1357, 1372, 1394, 1422, 1450, 1464, 1473, 1506, 1528, 1539, 21
1357, 1372, 1394, 1395, 1423, 1449, 1463, 1493, 1504, 1529, 1538, 1, 2, 3, 4, 5, 22
1357, 1372, 1394, 1395, 1423, 1449, 1463, 1493, 1504, 1529, 1538, 0, 26, 25, 24, 23
1357, 1372, 1394, 1395, 1423, 1449, 1463, 1493, 1504, 1529, 1538, 0, 26, 25, 24
1357, 1372, 1394, 1395, 1423, 1449, 1463, 1493, 1504, 1529, 1538, 0, 26, 25
1357, 1372, 1394, 1395, 1423, 1449, 1463, 1493, 1504, 1529, 1538, 0, 26
1357, 1372, 1394, 1422, 1450, 1464, 1473, 1506, 1528, 1539, 21, 27
1357, 1372, 1394, 1422, 1450, 1464, 1473, 1506, 1528, 1539, 21, 28
1357, 1372, 1394, 1422, 1450, 1464, 1473, 1506, 1528, 1539, 21, 28, 29
1357, 1358, 1374, 1392, 1420, 1431, 1467, 1475, 1508, 1526, 1541, 19, 30
1357, 1358, 1374, 1392, 1419, 1432, 1468, 1476, 1509, 1525, 1542, 17, 31
1357, 1358, 1374, 1392, 1419, 1432, 1468, 1476, 1509, 1525, 1542, 17, 16, 32
1357, 1358, 1374, 1392, 1419, 1432, 1468, 1476, 1509, 1524, 1523, 1522, 1544, 15, 33
1357, 1358, 1374, 1392, 1419, 1432, 1468, 1476, 1509, 1524, 1523, 1522, 1544, 15, 34
1357, 1358, 1374, 1392, 1419, 1432, 1468, 1469, 1470, 1479, 1512, 1520, 1545, 14, 35
1357, 1358, 1374, 1392, 1419, 1432, 1468, 1469, 1470, 1479, 1512, 1520, 1545, 14, 13, 36
1357, 1358, 1374, 1392, 1419, 1432, 1468, 1469, 1470, 1479, 1512, 1520, 1519, 1548, 12, 37
1357, 1358, 1374, 1392, 1419, 1432, 1468, 1469, 1470, 1479, 1512, 1520, 1519, 1548, 12, 38
1357, 1358, 1374, 1392, 1419, 1432, 1468, 1469, 1470, 1479, 1512, 1520, 1519, 1548, 12, 38, 39
1357, 1358, 1374, 1392, 1419, 1432, 1468, 1469, 1470, 1479, 1512, 1520, 1519, 1548, 12, 38, 39, 40
1357, 1358, 1374, 1392, 1419, 1432, 1468, 1469, 1470, 1479, 1512, 1520, 1519, 1548, 12, 38, 39, 40, 41
1357, 1358, 1374, 1392, 1419, 1432, 1468, 1469, 1470, 1479, 1512, 1520, 1519, 1548, 12, 11, 10, 42
1357, 1358, 1374, 1392, 1419, 1432, 1468, 1469, 1470, 1479, 1512, 1520, 1519, 1548, 12, 11, 10, 42, 43
1357, 1372, 1394, 1395, 1423, 1449, 1463, 1493, 1504, 1529, 1538, 1, 2, 3, 4, 5, 6, 7, 44
1357, 1372, 1394, 1395, 1423, 1449, 1463, 1493, 1504, 1529, 1538, 1, 2, 3, 4, 5, 6, 45
1357, 1372, 1394, 1395, 1423, 1449, 1463, 1493, 1504, 1529, 1538, 0, 26, 50, 49, 48, 47, 46
1357, 1372, 1394, 1395, 1423, 1449, 1463, 1493, 1504, 1529, 1538, 0, 26, 50, 49, 48, 47
1357, 1372, 1394, 1395, 1423, 1449, 1463, 1493, 1504, 1529, 1538, 0, 26, 50, 49, 48
1357, 1372, 1394, 1395, 1423, 1449, 1463, 1493, 1504, 1529, 1538, 0, 26, 50, 49
1357, 1372, 1394, 1395, 1423, 1449, 1463, 1493, 1504, 1529, 1538, 0, 26, 50
1357, 1372, 1394, 1422, 1450, 1464, 1473, 1506, 1528, 1539, 21, 27, 52, 51
1357, 1372, 1394, 1422, 1450, 1464, 1473, 1506, 1528, 1539, 21, 27, 52
1357, 1372, 1394, 1422, 1450, 1464, 1473, 1506, 1528, 1539, 21, 28, 29, 53
1357, 1358, 1374, 1392, 1420, 1431, 1467, 1475, 1508, 1526, 1541, 19, 30, 54
1357, 1358, 1374, 1392, 1419, 1432, 1468, 1476, 1509, 1525, 1542, 17, 31, 55
1357, 1358, 1374, 1392, 1419, 1432, 1468, 1476, 1509, 1525, 1542, 17, 31, 55, 56
1357, 1358, 1374, 1392, 1419, 1432, 1468, 1476, 1509, 1524, 1523, 1522, 1544, 15, 33, 57
1357, 1358, 1374, 1392, 1419, 1432, 1468, 1469, 1470, 1479, 1512, 1520, 1545, 14, 35, 58
1357, 1358, 1374, 1392, 1419, 1432, 1468, 1469, 1470, 1479, 1512, 1520, 1545, 14, 13, 36, 59
1357, 1358, 1374, 1392, 1419, 1432, 1468, 1469, 1470, 1479, 1512, 1520, 1519, 1548, 12, 37, 60
1357, 1358, 1374, 1392, 1419, 1432, 1468, 1469, 1470, 1479, 1512, 1520, 1519, 1548, 12, 38, 61
1357, 1358, 1374, 1392, 1419, 1432, 1468, 1469, 1470, 1479, 1512, 1520, 1519, 1548, 12, 38, 39, 62
1357, 1358, 1374, 1392, 1419, 1432, 1468, 1469, 1470, 1479, 1512, 1520, 1519, 1548, 12, 38, 39, 62, 63
1357, 1358, 1374, 1392, 1419, 1432, 1468, 1469, 1470, 1479, 1512, 1520, 1519, 1548, 12, 38, 39, 62, 63, 64
1357, 1358, 1374, 1392, 1419, 1432, 1468, 1469, 1470, 1479, 1512, 1520, 1519, 1548, 12, 38, 39, 62, 63, 64, 65
1357, 1372, 1394, 1395, 1423, 1449, 1463, 1493, 1504, 1529, 1538, 0, 26, 50, 49, 48, 47, 46, 67, 66
1357, 1372, 1394, 1395, 1423, 1449, 1463, 1493, 1504, 1529, 1538, 0, 26, 50, 49, 48, 47, 46, 67
1357, 1372, 1394, 1395, 1423, 1449, 1463, 1493, 1504, 1529, 1538, 0, 26, 50, 49, 48, 47, 88, 68
1357, 1372, 1394, 1395, 1423, 1449, 1463, 1493, 1504, 1529, 1538, 0, 26, 50, 49, 48, 47, 88, 68, 69
1357, 1372, 1394, 1395, 1423, 1449, 1463, 1493, 1504, 1529, 1538, 0, 26, 50, 49, 48, 47, 88, 68, 69, 70
1357, 1372, 1394, 1395, 1423, 1449, 1463, 1493, 1504, 1529, 1538, 0, 26, 50, 49, 48, 47, 88, 68, 69, 70, 71
1357, 1358, 1374, 1392, 1419, 1432, 1468, 1469, 1470, 1479, 1512, 1520, 1519, 1548, 12, 38, 61, 74, 73, 72
1357, 1358, 1374, 1392, 1419, 1432, 1468, 1469, 1470, 1479, 1512, 1520, 1519, 1548, 12, 38, 61, 74, 73
1357, 1358, 1374, 1392, 1419, 1432, 1468, 1469, 1470, 1479, 1512, 1520, 1519, 1548, 12, 38, 61, 74
1357, 1358, 1374, 1392, 1419, 1432, 1468, 1469, 1470, 1479, 1512, 1520, 1519, 1548, 12, 37, 60, 75
1357, 1358, 1374, 1392, 1419, 1432, 1468, 1469, 1470, 1479, 1512, 1520, 1545, 14, 35, 58, 76
1357, 1358, 1374, 1392, 1419, 1432, 1468, 1469, 1470, 1479, 1512, 1520, 1545, 14, 35, 58, 77
1357, 1358, 1374, 1392, 1419, 1432, 1468, 1476, 1509, 1525, 1542, 17, 31, 55, 56, 79, 78
1357, 1358, 1374, 1392, 1419, 1432, 1468, 1476, 1509, 1525, 1542, 17, 31, 55, 56, 79
1357, 1358, 1374, 1392, 1419, 1432, 1468, 1476, 1509, 1525, 1542, 17, 31, 55, 56, 80
1357, 1358, 1374, 1392, 1419, 1432, 1468, 1476, 1509, 1525, 1542, 17, 31, 55, 81
1357, 1358, 1374, 1392, 1420, 1431, 1467, 1475, 1508, 1526, 1541, 19, 30, 54, 82
1357, 1372, 1394, 1422, 1450, 1464, 1473, 1506, 1528, 1539, 21, 28, 29, 53, 83
1357, 1372, 1394, 1422, 1450, 1464, 1473, 1506, 1528, 1539, 21, 27, 52, 84
1357, 1372, 1394, 1395, 1423, 1449, 1463, 1493, 1504, 1529, 1538, 0, 26, 50, 85
1357, 1372, 1394, 1395, 1423, 1449, 1463, 1493, 1504, 1529, 1538, 0, 26, 50, 49, 86
1357, 1372, 1394, 1395, 1423, 1449, 1463, 1493, 1504, 1529, 1538, 0, 26, 50, 49, 48, 87
1357, 1372, 1394, 1395, 1423, 1449, 1463, 1493, 1504, 1529, 1538, 0, 26, 50, 49, 48, 47, 88
1357, 1372, 1394, 1395, 1423, 1449, 1463, 1493, 1504, 1529, 1538, 0, 26, 50, 85, 109, 89
1357, 1372, 1394, 1395, 1423, 1449, 1463, 1493, 1504, 1529, 1538, 0, 26, 50, 85, 109, 89, 90
1357, 1372, 1394, 1395, 1423, 1449, 1463, 1493, 1504, 1529, 1538, 0, 26, 50, 49, 48, 47, 88, 91
1357, 1372, 1394, 1395, 1423, 1449, 1463, 1493, 1504, 1529, 1538, 0, 26, 50, 49, 48, 47, 88, 68, 69, 92
1357, 1372, 1394, 1395, 1423, 1449, 1463, 1493, 1504, 1529, 1538, 0, 26, 50, 49, 48, 47, 88, 68, 69, 70, 93
1357, 1358, 1374, 1392, 1419, 1432, 1468, 1469, 1470, 1479, 1512, 1520, 1519, 1548, 12, 38, 61, 74, 73, 95, 94
1357, 1358, 1374, 1392, 1419, 1432, 1468, 1469, 1470, 1479, 1512, 1520, 1519, 1548, 12, 38, 61, 74, 73, 95
1357, 1358, 1374, 1392, 1419, 1432, 1468, 1469, 1470, 1479, 1512, 1520, 1519, 1548, 12, 38, 61, 74, 96
1357, 1358, 1374, 1392, 1419, 1432, 1468, 1469, 1470, 1479, 1512, 1520, 1519, 1548, 12, 37, 60, 75, 97
1357, 1358, 1374, 1392, 1419, 1432, 1468, 1469, 1470, 1479, 1512, 1520, 1545, 14, 35, 58, 76, 99, 98
1357, 1358, 1374, 1392, 1419, 1432, 1468, 1469, 1470, 1479, 1512, 1520, 1545, 14, 35, 58, 76, 99
1357, 1358, 1374, 1392, 1419, 1432, 1468, 1469, 1470, 1479, 1512, 1520, 1545, 14, 35, 58, 77, 100
1357, 1358, 1374, 1392, 1419, 1432, 1468, 1476, 1509, 1525, 1542, 17, 31, 55, 56, 80, 102, 101
1357, 1358, 1374, 1392, 1419, 1432, 1468, 1476, 1509, 1525, 1542, 17, 31, 55, 56, 80, 102
1357, 1358, 1374, 1392, 1419, 1432, 1468, 1476, 1509, 1525, 1542, 17, 31, 55, 56, 80, 103
1357, 1358, 1374, 1392, 1419, 1432, 1468, 1476, 1509, 1525, 1542, 17, 31, 55, 81, 104
1357, 1358, 1374, 1392, 1420, 1431, 1467, 1475, 1508, 1526, 1541, 19, 30, 54, 82, 105
1357, 1372, 1394, 1422, 1450, 1464, 1473, 1506, 1528, 1539, 21, 28, 29, 53, 83, 106
1357, 1372, 1394, 1422, 1450, 1464, 1473, 1506, 1528, 1539, 21, 27, 52, 84, 107
1357, 1372, 1394, 1422, 1450, 1464, 1473, 1506, 1528, 1539, 21, 27, 52, 84, 107, 108
1357, 1372, 1394, 1395, 1423, 1449, 1463, 1493, 1504, 1529, 1538, 0, 26, 50, 85, 109
1357, 1372, 1394, 1422, 1450, 1464, 1473, 1506, 1528, 1539, 21, 27, 52, 84, 107, 110
1357, 1372, 1394, 1395, 1423, 1449, 1463, 1493, 1504, 1529, 1538, 0, 26, 50, 85, 109, 111
1357, 1372, 1394, 1395, 1423, 1449, 1463, 1493, 1504, 1529, 1538, 0, 26, 50, 85, 109, 111, 112
1357, 1372, 1394, 1395, 1423, 1449, 1463, 1493, 1504, 1529, 1538, 0, 26, 50, 85, 109, 111, 112, 113
1357, 1372, 1394, 1395, 1423, 1449, 1463, 1493, 1504, 1529, 1538, 0, 26, 50, 85, 109, 111, 112, 113, 114
1357, 1372, 1394, 1395, 1423, 1449, 1463, 1493, 1504, 1529, 1538, 0, 26, 50, 49, 48, 47, 88, 91, 115
1357, 1372, 1394, 1395, 1423, 1449, 1463, 1493, 1504, 1529, 1538, 0, 26, 50, 49, 48, 47, 88, 68, 69, 92, 116
1357, 1358, 1374, 1392, 1419, 1432, 1468, 1469, 1470, 1479, 1512, 1520, 1519, 1548, 12, 38, 61, 74, 73, 95, 94, 118, 117
1357, 1358, 1374, 1392, 1419, 1432, 1468, 1469, 1470, 1479, 1512, 1520, 1519, 1548, 12, 38, 61, 74, 73, 95, 94, 118
1357, 1358, 1374, 1392, 1419, 1432, 1468, 1469, 1470, 1479, 1512, 1520, 1519, 1548, 12, 38, 61, 74, 73, 95, 119
1357, 1358, 1374, 1392, 1419, 1432, 1468, 1469, 1470, 1479, 1512, 1520, 1519, 1548, 12, 38, 61, 74, 73, 95, 120
1357, 1358, 1374, 1392, 1419, 1432, 1468, 1469, 1470, 1479, 1512, 1520, 1519, 1548, 12, 38, 61, 74, 96, 121
1357, 1358, 1374, 1392, 1419, 1432, 1468, 1469, 1470, 1479, 1512, 1520, 1545, 14, 35, 58, 76, 99, 98, 122
1357, 1358, 1374, 1392, 1419, 1432, 1468, 1469, 1470, 1479, 1512, 1520, 1545, 14, 35, 58, 76, 99, 123
1357, 1358, 1374, 1392, 1419, 1432, 1468, 1469, 1470, 1479, 1512, 1520, 1545, 14, 35, 58, 77, 100, 124
1357, 1358, 1374, 1392, 1419, 1432, 1468, 1476, 1509, 1525, 1542, 17, 31, 55, 56, 80, 102, 101, 125
1357, 1358, 1374, 1392, 1419, 1432, 1468, 1476, 1509, 1525, 1542, 17, 31, 55, 56, 80, 103, 126
1357, 1358, 1374, 1392, 1419, 1432, 1468, 1476, 1509, 1525, 1542, 17, 31, 55, 81, 104, 127
1357, 1358, 1374, 1392, 1420, 1431, 1467, 1475, 1508, 1526, 1541, 19, 30, 54, 82, 105, 128
1357, 1358, 1374, 1392, 1420, 1431, 1467, 1475, 1508, 1526, 1541, 19, 30, 54, 82, 105, 129
1357, 1372, 1394, 1422, 1450, 1464, 1473, 1506, 1528, 1539, 21, 28, 29, 53, 83, 106, 130
1357, 1358, 1374, 1392, 1419, 1432, 1468, 1469, 1470, 1479, 1512, 1520, 1519, 1548, 12, 38, 61, 74, 73, 95, 94, 118, 117, 131
1357, 1358, 1374, 1392, 1419, 1432, 1468, 1469, 1470, 1479, 1512, 1520, 1519, 1548, 12, 38, 61, 74, 73, 95, 94, 118, 117, 132
1357, 1358, 1374, 1392, 1419, 1432, 1468, 1469, 1470, 1479, 1512, 1520, 1519, 1548, 12, 38, 61, 74, 73, 95, 119, 134, 133
1357, 1358, 1374, 1392, 1419, 1432, 1468, 1469, 1470, 1479, 1512, 1520, 1519, 1548, 12, 38, 61, 74, 73, 95, 119, 134
1357, 1358, 1374, 1392, 1419, 1432, 1468, 1469, 1470, 1479, 1512, 1520, 1519, 1548, 12, 38, 61, 74, 73, 95, 120, 135
1357, 1358, 1374, 1392, 1419, 1432, 1468, 1469, 1470, 1479, 1512, 1520, 1519, 1548, 12, 38, 61, 74, 73, 95, 120, 136
1357, 1358, 1374, 1392, 1419, 1432, 1468, 1469, 1470, 1479, 1512, 1520, 1519, 1548, 12, 38, 61, 74, 96, 121, 137
1357, 1358, 1374, 1392, 1419, 1432, 1468, 1469, 1470, 1479, 1512, 1520, 1545, 14, 35, 58, 76, 99, 123, 139, 138
1357, 1358, 1374, 1392, 1419, 1432, 1468, 1469, 1470, 1479, 1512, 1520, 1545, 14, 35, 58, 76, 99, 123, 139
1357, 1358, 1374, 1392, 1419, 1432, 1468, 1469, 1470, 1479, 1512, 1520, 1545, 14, 35, 58, 77, 100, 124, 140
1357, 1358, 1374, 1392, 1419, 1432, 1468, 1476, 1509, 1525, 1542, 17, 31, 55, 56, 80, 102, 101, 125, 142, 141
1357, 1358, 1374, 1392, 1419, 1432, 1468, 1476, 1509, 1525, 1542, 17, 31, 55, 56, 80, 102, 101, 125, 142
1357, 1358, 1374, 1392, 1419, 1432, 1468, 1476, 1509, 1525, 1542, 17, 31, 55, 56, 80, 103, 126, 143
1357, 1358, 1374, 1392, 1419, 1432, 1468, 1476, 1509, 1525, 1542, 17, 31, 55, 81, 104, 127, 144
1357, 1358, 1374, 1392, 1420, 1431, 1467, 1475, 1508, 1526, 1541, 19, 30, 54, 82, 105, 128, 145
1357, 1358, 1374, 1392, 1420, 1431, 1467, 1475, 1508, 1526, 1541, 19, 30, 54, 82, 105, 129, 146
1357, 1372, 1394, 1422, 1450, 1464, 1473, 1506, 1528, 1539, 21, 28, 29, 53, 83, 106, 130, 147
1357, 1372, 1394, 1422, 1450, 1464, 1473, 1506, 1528, 1539, 21, 27, 52, 84, 107, 110, 148
1357, 1372, 1394, 1395, 1423, 1449, 1463, 1493, 1504, 1529, 1538, 0, 26, 50, 85, 109, 111, 149
1357, 1372, 1394, 1395, 1423, 1449, 1463, 1493, 1504, 1529, 1538, 0, 26, 50, 85, 109, 111, 112, 150
1357, 1372, 1394, 1395, 1423, 1449, 1463, 1493, 1504, 1529, 1538, 0, 26, 50, 85, 109, 111, 112, 150, 151
1357, 1372, 1394, 1395, 1423, 1449, 1463, 1493, 1504, 1529, 1538, 0, 26, 50, 85, 109, 111, 112, 113, 114, 152
1357, 1372, 1394, 1395, 1423, 1449, 1463, 1493, 1504, 1529, 1538, 0, 26, 50, 49, 48, 47, 88, 91, 115, 153
1357, 1372, 1394, 1395, 1423, 1449, 1463, 1493, 1504, 1529, 1538, 0, 26, 50, 49, 48, 47, 88, 91, 115, 153, 154
1357, 1372, 1394, 1395, 1423, 1449, 1463, 1493, 1504, 1529, 1538, 0, 26, 50, 49, 48, 47, 88, 68, 69, 92, 116, 155
1357, 1372, 1394, 1422, 1450, 1464, 1473, 1506, 1528, 1539, 21, 28, 29, 53, 83, 106, 130, 147, 156
1357, 1358, 1374, 1392, 1420, 1431, 1467, 1475, 1508, 1526, 1541, 19, 30, 54, 82, 105, 129, 146, 157
1357, 1358, 1374, 1392, 1420, 1431, 1467, 1475, 1508, 1526, 1541, 19, 30, 54, 82, 105, 128, 145, 158
1357, 1358, 1374, 1392, 1419, 1432, 1468, 1476, 1509, 1525, 1542, 17, 31, 55, 81, 104, 127, 144, 159
1357, 1358, 1374, 1392, 1419, 1432, 1468, 1476, 1509, 1525, 1542, 17, 31, 55, 56, 80, 103, 126, 143, 160
1357, 1358, 1374, 1392, 1419, 1432, 1468, 1476, 1509, 1525, 1542, 17, 31, 55, 56, 80, 102, 101, 125, 142, 161
1357, 1358, 1374, 1392, 1419, 1432, 1468, 1476, 1509, 1525, 1542, 17, 31, 55, 56, 80, 102, 101, 125, 142, 141, 162
1357, 1358, 1374, 1392, 1419, 1432, 1468, 1469, 1470, 1479, 1512, 1520, 1545, 14, 35, 58, 77, 100, 124, 140, 163
1357, 1358, 1374, 1392, 1419, 1432, 1468, 1469, 1470, 1479, 1512, 1520, 1545, 14, 35, 58, 76, 99, 123, 139, 164
1357, 1358, 1374, 1392, 1419, 1432, 1468, 1469, 1470, 1479, 1512, 1520, 1545, 14, 35, 58, 76, 99, 123, 139, 164, 165
1357, 1358, 1374, 1392, 1419, 1432, 1468, 1469, 1470, 1479, 1512, 1520, 1519, 1548, 12, 38, 61, 74, 96, 121, 137, 166
1357, 1358, 1374, 1392, 1419, 1432, 1468, 1469, 1470, 1479, 1512, 1520, 1519, 1548, 12, 38, 61, 74, 73, 95, 120, 136, 167
1357, 1358, 1374, 1392, 1419, 1432, 1468, 1469, 1470, 1479, 1512, 1520, 1519, 1548, 12, 38, 61, 74, 73, 95, 120, 135, 168
1357, 1358, 1374, 1392, 1419, 1432, 1468, 1469, 1470, 1479, 1512, 1520, 1519, 1548, 12, 38, 61, 74, 73, 95, 120, 135, 168, 169
1357, 1358, 1374, 1392, 1419, 1432, 1468, 1469, 1470, 1479, 1512, 1520, 1519, 1548, 12, 38, 61, 74, 73, 95, 94, 118, 117, 132, 170
1357, 1372, 1394, 1395, 1423, 1449, 1463, 1493, 1504, 1529, 1538, 0, 26, 50, 49, 48, 47, 88, 68, 69, 92, 116, 155, 171
1357, 1372, 1394, 1395, 1423, 1449, 1463, 1493, 1504, 1529, 1538, 0, 26, 50, 49, 48, 47, 88, 91, 115, 153, 172
1357, 1372, 1394, 1395, 1423, 1449, 1463, 1493, 1504, 1529, 1538, 0, 26, 50, 85, 109, 111, 149, 176, 175, 174, 173
1357, 1372, 1394, 1395, 1423, 1449, 1463, 1493, 1504, 1529, 1538, 0, 26, 50, 85, 109, 111, 149, 176, 175, 174
1357, 1372, 1394, 1395, 1423, 1449, 1463, 1493, 1504, 1529, 1538, 0, 26, 50, 85, 109, 111, 149, 176, 175
1357, 1372, 1394, 1395, 1423, 1449, 1463, 1493, 1504, 1529, 1538, 0, 26, 50, 85, 109, 111, 149, 176
1357, 1372, 1394, 1422, 1450, 1464, 1473, 1506, 1528, 1539, 21, 27, 52, 84, 107, 110, 148, 177
1357, 1358, 1374, 1392, 1419, 1432, 1468, 1469, 1470, 1479, 1512, 1520, 1519, 1548, 12, 38, 61, 74, 73, 95, 94, 118, 117, 132, 170, 178
1357, 1372, 1394, 1395, 1423, 1449, 1463, 1493, 1504, 1529, 1538, 0, 26, 50, 49, 48, 47, 88, 68, 69, 92, 116, 155, 171, 179
1357, 1372, 1394, 1395, 1423, 1449, 1463, 1493, 1504, 1529, 1538, 0, 26, 50, 49, 48, 47, 88, 91, 115, 153, 172, 180
1357, 1372, 1394, 1395, 1423, 1449, 1463, 1493, 1504, 1529, 1538, 0, 26, 50, 85, 109, 111, 149, 176, 175, 174, 182, 181
1357, 1372, 1394, 1395, 1423, 1449, 1463, 1493, 1504, 1529, 1538, 0, 26, 50, 85, 109, 111, 149, 176, 175, 174, 182
1357, 1372, 1394, 1395, 1423, 1449, 1463, 1493, 1504, 1529, 1538, 0, 26, 50, 85, 109, 111, 149, 176, 184, 183
1357, 1372, 1394, 1395, 1423, 1449, 1463, 1493, 1504, 1529, 1538, 0, 26, 50, 85, 109, 111, 149, 176, 184
1357, 1372, 1394, 1422, 1450, 1464, 1473, 1506, 1528, 1539, 21, 27, 52, 84, 107, 110, 148, 177, 185
1357, 1372, 1394, 1422, 1450, 1464, 1473, 1506, 1528, 1539, 21, 27, 52, 84, 107, 110, 148, 177, 186
1357, 1372, 1394, 1422, 1450, 1464, 1473, 1506, 1528, 1539, 21, 28, 29, 53, 83, 106, 130, 147, 156, 187
1357, 1372, 1394, 1422, 1450, 1464, 1473, 1506, 1528, 1539, 21, 28, 29, 53, 83, 106, 130, 147, 156, 188
1357, 1358, 1374, 1392, 1420, 1431, 1467, 1475, 1508, 1526, 1541, 19, 30, 54, 82, 105, 129, 146, 157, 189
1357, 1358, 1374, 1392, 1420, 1431, 1467, 1475, 1508, 1526, 1541, 19, 30, 54, 82, 105, 128, 145, 158, 190
1357, 1358, 1374, 1392, 1419, 1432, 1468, 1476, 1509, 1525, 1542, 17, 31, 55, 81, 104, 127, 144, 159, 191
1357, 1358, 1374, 1392, 1419, 1432, 1468, 1476, 1509, 1525, 1542, 17, 31, 55, 56, 80, 102, 101, 125, 142, 161, 192
1357, 1358, 1374, 1392, 1419, 1432, 1468, 1476, 1509, 1525, 1542, 17, 31, 55, 56, 80, 102, 101, 125, 142, 141, 162, 193
1357, 1358, 1374, 1392, 1419, 1432, 1468, 1469, 1470, 1479, 1512, 1520, 1545, 14, 35, 58, 76, 99, 123, 139, 164, 194
1357, 1358, 1374, 1392, 1419, 1432, 1468, 1469, 1470, 1479, 1512, 1520, 1545, 14, 35, 58, 76, 99, 123, 139, 164, 165, 195
1357, 1358, 1374, 1392, 1419, 1432, 1468, 1469, 1470, 1479, 1512, 1520, 1519, 1548, 12, 38, 61, 74, 96, 121, 137, 166, 196
1357, 1358, 1374, 1392, 1419, 1432, 1468, 1469, 1470, 1479, 1512, 1520, 1519, 1548, 12, 38, 61, 74, 96, 121, 137, 166, 196, 197
1357, 1358, 1374, 1392, 1419, 1432, 1468, 1469, 1470, 1479, 1512, 1520, 1519, 1548, 12, 38, 61, 74, 73, 95, 120, 135, 168, 198
1357, 1358, 1374, 1392, 1419, 1432, 1468, 1476, 1509, 1525, 1542, 17, 31, 55, 56, 80, 102, 101, 125, 142, 141, 162, 193, 199
