1023, 1022, 1036, 1066, 1085, 1084, 1108, 1132, 1145, 1163, 1190, 1214, 1234, 1261, 1286, 1296, 1295, 1318, 1339, 1358, 1357, 1372, 1394, 1395, 1423, 1449, 1463, 1493, 1504, 1529, 1538, 0
1023, 1022, 1036, 1066, 1085, 1084, 1108, 1132, 1145, 1163, 1190, 1214, 1234, 1261, 1286, 1296, 1295, 1318, 1339, 1358, 1357, 1372, 1394, 1395, 1423, 1449, 1463, 1493, 1504, 1529, 1538, 1
1023, 1022, 1036, 1066, 1085, 1084, 1108, 1132, 1145, 1163, 1190, 1214, 1234, 1261, 1286, 1296, 1295, 1318, 1339, 1358, 1357, 1372, 1394, 1395, 1423, 1449, 1463, 1493, 1504, 1529, 1538, 1, 2
1023, 1022, 1036, 1066, 1085, 1084, 1108, 1132, 1145, 1163, 1190, 1214, 1234, 1261, 1286, 1296, 1295, 1318, 1339, 1358, 1357, 1372, 1394, 1395, 1423, 1449, 1463, 1493, 1504, 1529, 1538, 1, 2, 3
1023, 1037, 1038, 1068, 1087, 1112, 1136, 1139, 1178, 1177, 1183, 1207, 1243, 1244, 1250, 1251, 1252, 1275, 1308, 1331, 1333, 1351, 1386, 1401, 1427, 1426, 1444, 1460, 1488, 1501, 1531, 1536, 4
1023, 1037, 1038, 1068, 1087, 1112, 1136, 1139, 1178, 1177, 1183, 1207, 1243, 1244, 1250, 1251, 1252, 1275, 1308, 1331, 1333, 1351, 1386, 1401, 1427, 1426, 1444, 1460, 1488, 1501, 1532, 1535, 5
1023, 1037, 1038, 1068, 1087, 1112, 1136, 1140, 1159, 1184, 1209, 1240, 1266, 1280, 1303, 1326, 1346, 1347, 1366, 1382, 1406, 1412, 1439, 1440, 1455, 1485, 1486, 1499, 1534, 1553, 1554, 6
1023, 1037, 1038, 1068, 1087, 1112, 1136, 1140, 1159, 1184, 1209, 1240, 1266, 1280, 1303, 1326, 1346, 1347, 1366, 1382, 1406, 1412, 1439, 1440, 1455, 1485, 1498, 1514, 1552, 8, 7
1023, 1037, 1038, 1068, 1087, 1112, 1136, 1140, 1159, 1184, 1209, 1240, 1266, 1280, 1303, 1326, 1346, 1347, 1366, 1382, 1406, 1412, 1439, 1440, 1455, 1485, 1498, 1514, 1552, 8
1023, 1037, 1038, 1068, 1087, 1112, 1136, 1140, 1159, 1184, 1209, 1240, 1266, 1280, 1303, 1326, 1346, 1347, 1366, 1382, 1406, 1412, 1439, 1440, 1455, 1485, 1498, 1514, 1552, 9
1023, 1037, 1067, 1086, 1110, 1134, 1141, 1160, 1186, 1211, 1237, 1264, 1282, 1300, 1324, 1344, 1363, 1379, 1409, 1414, 1437, 1472, 1481, 1513, 1519, 1548, 12, 11, 10
1023, 1037, 1067, 1086, 1110, 1134, 1141, 1160, 1186, 1211, 1237, 1264, 1282, 1300, 1324, 1344, 1363, 1379, 1409, 1414, 1437, 1472, 1481, 1513, 1519, 1548, 12, 11
1023, 1037, 1067, 1086, 1110, 1134, 1141, 1160, 1186, 1211, 1237, 1264, 1282, 1300, 1324, 1344, 1363, 1379, 1409, 1414, 1437, 1472, 1481, 1513, 1519, 1548, 12
1023, 1037, 1067, 1086, 1110, 1134, 1141, 1160, 1186, 1211, 1237, 1264, 1282, 1300, 1324, 1344, 1363, 1379, 1409, 1414, 1437, 1472, 1481, 1513, 1519, 1546, 13
1023, 1037, 1067, 1086, 1110, 1134, 1141, 1160, 1186, 1211, 1237, 1264, 1282, 1300, 1324, 1344, 1363, 1379, 1410, 1415, 1435, 1471, 1480, 1512, 1520, 1545, 14
1023, 1037, 1067, 1086, 1110, 1133, 1142, 1161, 1187, 1212, 1236, 1263, 1283, 1298, 1322, 1342, 1361, 1376, 1390, 1417, 1433, 1469, 1477, 1478, 1511, 1522, 1544, 15
1023, 1037, 1067, 1086, 1110, 1133, 1142, 1161, 1187, 1212, 1236, 1263, 1283, 1298, 1322, 1342, 1361, 1376, 1390, 1417, 1433, 1469, 1477, 1510, 1523, 1543, 16
1023, 1037, 1067, 1086, 1110, 1133, 1142, 1161, 1187, 1212, 1236, 1263, 1283, 1298, 1322, 1342, 1361, 1376, 1390, 1391, 1418, 1432, 1468, 1476, 1509, 1525, 1542, 17
1023, 1022, 1036, 1066, 1085, 1084, 1108, 1132, 1145, 1163, 1190, 1214, 1234, 1261, 1286, 1296, 1319, 1340, 1359, 1374, 1392, 1420, 1431, 1467, 1475, 1508, 1526, 1541, 18
1023, 1022, 1036, 1066, 1085, 1084, 1108, 1132, 1145, 1163, 1190, 1214, 1234, 1261, 1286, 1296, 1319, 1340, 1359, 1374, 1392, 1420, 1431, 1467, 1475, 1508, 1526, 1541, 19
1023, 1022, 1036, 1066, 1085, 1084, 1108, 1132, 1145, 1163, 1190, 1214, 1234, 1261, 1286, 1296, 1295, 1318, 1339, 1358, 1373, 1393, 1421, 1451, 1465, 1474, 1507, 1527, 1540, 20
1023, 1022, 1036, 1066, 1085, 1084, 1108, 1132, 1145, 1163, 1190, 1214, 1234, 1261, 1286, 1296, 1295, 1318, 1339, 1358, 1373, 1393, 1421, 1422, 1450, 1464, 1473, 1506, 1528, 1539, 21
1023, 1037, 1038, 1068, 1087, 1112, 1136, 1139, 1178, 1177, 1183, 1207, 1243, 1244, 1250, 1251, 1252, 1275, 1308, 1331, 1333, 1351, 1386, 1401, 1427, 1426, 1444, 1460, 1488, 1501, 1532, 1535, 5, 22
1023, 1037, 1038, 1068, 1087, 1112, 1136, 1139, 1178, 1177, 1183, 1207, 1243, 1244, 1250, 1251, 1252, 1275, 1308, 1331, 1333, 1351, 1386, 1401, 1427, 1426, 1444, 1460, 1488, 1501, 1532, 1535, 5, 23
1023, 1037, 1038, 1068, 1087, 1112, 1136, 1139, 1178, 1177, 1183, 1207, 1243, 1244, 1250, 1251, 1252, 1275, 1308, 1331, 1333, 1351, 1386, 1401, 1427, 1426, 1444, 1460, 1488, 1501, 1531, 1536, 4, 24
1023, 1022, 1036, 1066, 1085, 1084, 1108, 1132, 1145, 1163, 1190, 1214, 1234, 1261, 1286, 1296, 1295, 1318, 1339, 1358, 1357, 1372, 1394, 1395, 1423, 1449, 1463, 1493, 1504, 1529, 1538, 0, 26, 25
1023, 1022, 1036, 1066, 1085, 1084, 1108, 1132, 1145, 1163, 1190, 1214, 1234, 1261, 1286, 1296, 1295, 1318, 1339, 1358, 1357, 1372, 1394, 1395, 1423, 1449, 1463, 1493, 1504, 1529, 1538, 0, 26
1023, 1022, 1036, 1066, 1085, 1084, 1108, 1132, 1145, 1163, 1190, 1214, 1234, 1261, 1286, 1296, 1295, 1318, 1339, 1358, 1373, 1393, 1421, 1422, 1450, 1464, 1473, 1506, 1528, 1539, 21, 27
1023, 1022, 1036, 1066, 1085, 1084, 1108, 1132, 1145, 1163, 1190, 1214, 1234, 1261, 1286, 1296, 1295, 1318, 1339, 1358, 1373, 1393, 1421, 1451, 1465, 1474, 1507, 1527, 1540, 20, 29, 28
1023, 1022, 1036, 1066, 1085, 1084, 1108, 1132, 1145, 1163, 1190, 1214, 1234, 1261, 1286, 1296, 1295, 1318, 1339, 1358, 1373, 1393, 1421, 1451, 1465, 1474, 1507, 1527, 1540, 20, 29
1023, 1022, 1036, 1066, 1085, 1084, 1108, 1132, 1145, 1163, 1190, 1214, 1234, 1261, 1286, 1296, 1319, 1340, 1359, 1374, 1392, 1420, 1431, 1467, 1475, 1508, 1526, 1541, 19, 30
1023, 1037, 1067, 1086, 1110, 1133, 1142, 1161, 1187, 1212, 1236, 1263, 1283, 1298, 1322, 1342, 1361, 1376, 1390, 1391, 1418, 1432, 1468, 1476, 1509, 1525, 1542, 17, 31
1023, 1037, 1067, 1086, 1110, 1133, 1142, 1161, 1187, 1212, 1236, 1263, 1283, 1298, 1322, 1342, 1361, 1376, 1390, 1417, 1433, 1469, 1477, 1510, 1523, 1543, 16, 32
1023, 1037, 1067, 1086, 1110, 1133, 1142, 1161, 1187, 1212, 1236, 1263, 1283, 1298, 1322, 1342, 1361, 1376, 1390, 1417, 1433, 1469, 1477, 1478, 1511, 1522, 1544, 15, 33
1023, 1037, 1067, 1086, 1110, 1133, 1142, 1161, 1187, 1212, 1236, 1263, 1283, 1298, 1322, 1342, 1361, 1376, 1390, 1417, 1433, 1469, 1477, 1478, 1511, 1522, 1544, 15, 34
1023, 1037, 1067, 1086, 1110, 1134, 1141, 1160, 1186, 1211, 1237, 1264, 1282, 1300, 1324, 1344, 1363, 1379, 1410, 1415, 1435, 1471, 1480, 1512, 1520, 1545, 14, 35
1023, 1037, 1067, 1086, 1110, 1134, 1141, 1160, 1186, 1211, 1237, 1264, 1282, 1300, 1324, 1344, 1363, 1379, 1409, 1414, 1437, 1472, 1481, 1513, 1519, 1546, 13, 36
1023, 1037, 1067, 1086, 1110, 1134, 1141, 1160, 1186, 1211, 1237, 1264, 1282, 1300, 1324, 1344, 1363, 1379, 1409, 1414, 1437, 1472, 1481, 1513, 1519, 1548, 12, 37
1023, 1037, 1067, 1086, 1110, 1134, 1141, 1160, 1186, 1211, 1237, 1264, 1282, 1300, 1324, 1344, 1363, 1379, 1409, 1414, 1437, 1472, 1481, 1513, 1519, 1548, 12, 38
1023, 1037, 1067, 1086, 1110, 1134, 1141, 1160, 1186, 1211, 1237, 1264, 1282, 1300, 1324, 1344, 1363, 1379, 1409, 1414, 1437, 1472, 1481, 1513, 1519, 1548, 12, 38, 39
1023, 1037, 1067, 1086, 1110, 1134, 1141, 1160, 1186, 1211, 1237, 1264, 1282, 1300, 1324, 1344, 1363, 1379, 1409, 1414, 1437, 1472, 1481, 1513, 1519, 1548, 12, 38, 39, 40
1023, 1037, 1067, 1086, 1110, 1134, 1141, 1160, 1186, 1211, 1237, 1264, 1282, 1300, 1324, 1344, 1363, 1379, 1409, 1414, 1437, 1472, 1481, 1513, 1519, 1548, 12, 38, 39, 40, 41
1023, 1037, 1067, 1086, 1110, 1134, 1141, 1160, 1186, 1211, 1237, 1264, 1282, 1300, 1324, 1344, 1363, 1379, 1409, 1414, 1437, 1472, 1481, 1513, 1519, 1548, 12, 11, 10, 42
1023, 1037, 1067, 1086, 1110, 1134, 1141, 1160, 1186, 1211, 1237, 1264, 1282, 1300, 1324, 1344, 1363, 1379, 1409, 1414, 1437, 1472, 1481, 1513, 1519, 1548, 12, 11, 10, 42, 43
1023, 1037, 1038, 1068, 1087, 1112, 1136, 1140, 1159, 1184, 1209, 1240, 1266, 1280, 1303, 1326, 1346, 1347, 1366, 1382, 1406, 1412, 1439, 1440, 1455, 1485, 1498, 1514, 1552, 8, 44
1023, 1037, 1038, 1068, 1087, 1112, 1136, 1140, 1159, 1184, 1209, 1240, 1266, 1280, 1303, 1326, 1346, 1347, 1366, 1382, 1406, 1412, 1439, 1440, 1455, 1485, 1498, 1514, 1552, 8, 44, 45
1023, 1037, 1038, 1068, 1087, 1112, 1136, 1140, 1159, 1184, 1209, 1240, 1266, 1280, 1303, 1326, 1346, 1347, 1366, 1382, 1406, 1412, 1439, 1440, 1455, 1485, 1498, 1514, 1552, 8, 44, 67, 46
1023, 1037, 1038, 1068, 1087, 1112, 1136, 1140, 1159, 1184, 1209, 1240, 1266, 1280, 1303, 1326, 1346, 1347, 1366, 1382, 1406, 1412, 1439, 1440, 1455, 1485, 1498, 1514, 1552, 8, 44, 67, 46, 47
1023, 1037, 1038, 1068, 1087, 1112, 1136, 1139, 1178, 1177, 1183, 1207, 1243, 1244, 1250, 1251, 1252, 1275, 1308, 1331, 1333, 1351, 1386, 1401, 1427, 1426, 1444, 1460, 1488, 1501, 1531, 1536, 4, 24, 48
1023, 1022, 1036, 1066, 1085, 1084, 1108, 1132, 1145, 1163, 1190, 1214, 1234, 1261, 1286, 1296, 1295, 1318, 1339, 1358, 1357, 1372, 1394, 1395, 1423, 1449, 1463, 1493, 1504, 1529, 1538, 0, 26, 50, 49
1023, 1022, 1036, 1066, 1085, 1084, 1108, 1132, 1145, 1163, 1190, 1214, 1234, 1261, 1286, 1296, 1295, 1318, 1339, 1358, 1357, 1372, 1394, 1395, 1423, 1449, 1463, 1493, 1504, 1529, 1538, 0, 26, 50
1023, 1022, 1036, 1066, 1085, 1084, 1108, 1132, 1145, 1163, 1190, 1214, 1234, 1261, 1286, 1296, 1295, 1318, 1339, 1358, 1373, 1393, 1421, 1422, 1450, 1464, 1473, 1506, 1528, 1539, 21, 27, 52, 51
1023, 1022, 1036, 1066, 1085, 1084, 1108, 1132, 1145, 1163, 1190, 1214, 1234, 1261, 1286, 1296, 1295, 1318, 1339, 1358, 1373, 1393, 1421, 1422, 1450, 1464, 1473, 1506, 1528, 1539, 21, 27, 52
1023, 1022, 1036, 1066, 1085, 1084, 1108, 1132, 1145, 1163, 1190, 1214, 1234, 1261, 1286, 1296, 1295, 1318, 1339, 1358, 1373, 1393, 1421, 1451, 1465, 1474, 1507, 1527, 1540, 20, 29, 53
1023, 1022, 1036, 1066, 1085, 1084, 1108, 1132, 1145, 1163, 1190, 1214, 1234, 1261, 1286, 1296, 1319, 1340, 1359, 1374, 1392, 1420, 1431, 1467, 1475, 1508, 1526, 1541, 19, 30, 54
1023, 1037, 1067, 1086, 1110, 1133, 1142, 1161, 1187, 1212, 1236, 1263, 1283, 1298, 1322, 1342, 1361, 1376, 1390, 1391, 1418, 1432, 1468, 1476, 1509, 1525, 1542, 17, 31, 55
1023, 1037, 1067, 1086, 1110, 1133, 1142, 1161, 1187, 1212, 1236, 1263, 1283, 1298, 1322, 1342, 1361, 1376, 1390, 1417, 1433, 1469, 1477, 1510, 1523, 1543, 16, 32, 56
1023, 1037, 1067, 1086, 1110, 1133, 1142, 1161, 1187, 1212, 1236, 1263, 1283, 1298, 1322, 1342, 1361, 1376, 1390, 1417, 1433, 1469, 1477, 1478, 1511, 1522, 1544, 15, 33, 57
1023, 1037, 1067, 1086, 1110, 1134, 1141, 1160, 1186, 1211, 1237, 1264, 1282, 1300, 1324, 1344, 1363, 1379, 1410, 1415, 1435, 1471, 1480, 1512, 1520, 1545, 14, 35, 58
1023, 1037, 1067, 1086, 1110, 1134, 1141, 1160, 1186, 1211, 1237, 1264, 1282, 1300, 1324, 1344, 1363, 1379, 1409, 1414, 1437, 1472, 1481, 1513, 1519, 1546, 13, 36, 59
1023, 1037, 1067, 1086, 1110, 1134, 1141, 1160, 1186, 1211, 1237, 1264, 1282, 1300, 1324, 1344, 1363, 1379, 1409, 1414, 1437, 1472, 1481, 1513, 1519, 1548, 12, 37, 60
1023, 1037, 1067, 1086, 1110, 1134, 1141, 1160, 1186, 1211, 1237, 1264, 1282, 1300, 1324, 1344, 1363, 1379, 1409, 1414, 1437, 1472, 1481, 1513, 1519, 1548, 12, 38, 61
1023, 1037, 1067, 1086, 1110, 1134, 1141, 1160, 1186, 1211, 1237, 1264, 1282, 1300, 1324, 1344, 1363, 1379, 1409, 1414, 1437, 1472, 1481, 1513, 1519, 1548, 12, 38, 39, 62
1023, 1037, 1067, 1086, 1110, 1134, 1141, 1160, 1186, 1211, 1237, 1264, 1282, 1300, 1324, 1344, 1363, 1379, 1409, 1414, 1437, 1472, 1481, 1513, 1519, 1548, 12, 38, 39, 62, 63
1023, 1037, 1067, 1086, 1110, 1134, 1141, 1160, 1186, 1211, 1237, 1264, 1282, 1300, 1324, 1344, 1363, 1379, 1409, 1414, 1437, 1472, 1481, 1513, 1519, 1548, 12, 38, 39, 62, 63, 64
1023, 1037, 1067, 1086, 1110, 1134, 1141, 1160, 1186, 1211, 1237, 1264, 1282, 1300, 1324, 1344, 1363, 1379, 1409, 1414, 1437, 1472, 1481, 1513, 1519, 1548, 12, 38, 39, 62, 63, 64, 65
1023, 1037, 1038, 1068, 1087, 1112, 1136, 1140, 1159, 1184, 1209, 1240, 1266, 1280, 1303, 1326, 1346, 1347, 1366, 1382, 1406, 1412, 1439, 1440, 1455, 1485, 1498, 1514, 1552, 8, 44, 66
1023, 1037, 1038, 1068, 1087, 1112, 1136, 1140, 1159, 1184, 1209, 1240, 1266, 1280, 1303, 1326, 1346, 1347, 1366, 1382, 1406, 1412, 1439, 1440, 1455, 1485, 1498, 1514, 1552, 8, 44, 67
1023, 1037, 1038, 1068, 1087, 1112, 1136, 1140, 1159, 1184, 1209, 1240, 1266, 1280, 1303, 1326, 1346, 1347, 1366, 1382, 1406, 1412, 1439, 1440, 1455, 1485, 1498, 1514, 1552, 8, 44, 67, 68
1023, 1037, 1038, 1068, 1087, 1112, 1136, 1140, 1159, 1184, 1209, 1240, 1266, 1280, 1303, 1326, 1346, 1347, 1366, 1382, 1406, 1412, 1439, 1440, 1455, 1485, 1498, 1514, 1552, 8, 44, 67, 69
1023, 1037, 1067, 1086, 1110, 1134, 1141, 1160, 1186, 1211, 1237, 1264, 1282, 1300, 1324, 1344, 1363, 1379, 1409, 1414, 1437, 1472, 1481, 1513, 1519, 1548, 12, 38, 61, 74, 73, 72, 71, 70
1023, 1037, 1067, 1086, 1110, 1134, 1141, 1160, 1186, 1211, 1237, 1264, 1282, 1300, 1324, 1344, 1363, 1379, 1409, 1414, 1437, 1472, 1481, 1513, 1519, 1548, 12, 38, 61, 74, 73, 72, 71
1023, 1037, 1067, 1086, 1110, 1134, 1141, 1160, 1186, 1211, 1237, 1264, 1282, 1300, 1324, 1344, 1363, 1379, 1409, 1414, 1437, 1472, 1481, 1513, 1519, 1548, 12, 38, 61, 74, 73, 72
1023, 1037, 1067, 1086, 1110, 1134, 1141, 1160, 1186, 1211, 1237, 1264, 1282, 1300, 1324, 1344, 1363, 1379, 1409, 1414, 1437, 1472, 1481, 1513, 1519, 1548, 12, 38, 61, 74, 73
1023, 1037, 1067, 1086, 1110, 1134, 1141, 1160, 1186, 1211, 1237, 1264, 1282, 1300, 1324, 1344, 1363, 1379, 1409, 1414, 1437, 1472, 1481, 1513, 1519, 1548, 12, 38, 61, 74
1023, 1037, 1067, 1086, 1110, 1134, 1141, 1160, 1186, 1211, 1237, 1264, 1282, 1300, 1324, 1344, 1363, 1379, 1409, 1414, 1437, 1472, 1481, 1513, 1519, 1548, 12, 37, 60, 75
1023, 1037, 1067, 1086, 1110, 1134, 1141, 1160, 1186, 1211, 1237, 1264, 1282, 1300, 1324, 1344, 1363, 1379, 1409, 1414, 1437, 1472, 1481, 1513, 1519, 1546, 13, 36, 59, 76
1023, 1037, 1067, 1086, 1110, 1134, 1141, 1160, 1186, 1211, 1237, 1264, 1282, 1300, 1324, 1344, 1363, 1379, 1410, 1415, 1435, 1471, 1480, 1512, 1520, 1545, 14, 35, 58, 77
1023, 1037, 1067, 1086, 1110, 1133, 1142, 1161, 1187, 1212, 1236, 1263, 1283, 1298, 1322, 1342, 1361, 1376, 1390, 1417, 1433, 1469, 1477, 1478, 1511, 1522, 1544, 15, 33, 57, 78
1023, 1037, 1067, 1086, 1110, 1133, 1142, 1161, 1187, 1212, 1236, 1263, 1283, 1298, 1322, 1342, 1361, 1376, 1390, 1417, 1433, 1469, 1477, 1510, 1523, 1543, 16, 32, 56, 79
1023, 1037, 1067, 1086, 1110, 1133, 1142, 1161, 1187, 1212, 1236, 1263, 1283, 1298, 1322, 1342, 1361, 1376, 1390, 1417, 1433, 1469, 1477, 1510, 1523, 1543, 16, 32, 56, 80
1023, 1037, 1067, 1086, 1110, 1133, 1142, 1161, 1187, 1212, 1236, 1263, 1283, 1298, 1322, 1342, 1361, 1376, 1390, 1391, 1418, 1432, 1468, 1476, 1509, 1525, 1542, 17, 31, 55, 81
1023, 1022, 1036, 1066, 1085, 1084, 1108, 1132, 1145, 1163, 1190, 1214, 1234, 1261, 1286, 1296, 1319, 1340, 1359, 1374, 1392, 1420, 1431, 1467, 1475, 1508, 1526, 1541, 19, 30, 54, 82
1023, 1022, 1036, 1066, 1085, 1084, 1108, 1132, 1145, 1163, 1190, 1214, 1234, 1261, 1286, 1296, 1295, 1318, 1339, 1358, 1373, 1393, 1421, 1451, 1465, 1474, 1507, 1527, 1540, 20, 29, 53, 83
1023, 1022, 1036, 1066, 1085, 1084, 1108, 1132, 1145, 1163, 1190, 1214, 1234, 1261, 1286, 1296, 1295, 1318, 1339, 1358, 1373, 1393, 1421, 1422, 1450, 1464, 1473, 1506, 1528, 1539, 21, 27, 52, 84
1023, 1022, 1036, 1066, 1085, 1084, 1108, 1132, 1145, 1163, 1190, 1214, 1234, 1261, 1286, 1296, 1295, 1318, 1339, 1358, 1357, 1372, 1394, 1395, 1423, 1449, 1463, 1493, 1504, 1529, 1538, 0, 26, 50, 85
1023, 1022, 1036, 1066, 1085, 1084, 1108, 1132, 1145, 1163, 1190, 1214, 1234, 1261, 1286, 1296, 1295, 1318, 1339, 1358, 1357, 1372, 1394, 1395, 1423, 1449, 1463, 1493, 1504, 1529, 1538, 0, 26, 50, 49, 86
1023, 1037, 1038, 1068, 1087, 1112, 1136, 1140, 1159, 1184, 1209, 1240, 1266, 1280, 1303, 1326, 1346, 1347, 1366, 1382, 1406, 1412, 1439, 1440, 1455, 1485, 1498, 1514, 1552, 8, 44, 67, 68, 88, 87
1023, 1037, 1038, 1068, 1087, 1112, 1136, 1140, 1159, 1184, 1209, 1240, 1266, 1280, 1303, 1326, 1346, 1347, 1366, 1382, 1406, 1412, 1439, 1440, 1455, 1485, 1498, 1514, 1552, 8, 44, 67, 68, 88
1023, 1022, 1036, 1066, 1085, 1084, 1108, 1132, 1145, 1163, 1190, 1214, 1234, 1261, 1286, 1296, 1295, 1318, 1339, 1358, 1357, 1372, 1394, 1395, 1423, 1449, 1463, 1493, 1504, 1529, 1538, 0, 26, 50, 85, 109, 89
1023, 1037, 1038, 1068, 1087, 1112, 1136, 1140, 1159, 1184, 1209, 1240, 1266, 1280, 1303, 1326, 1346, 1347, 1366, 1382, 1406, 1412, 1439, 1440, 1455, 1485, 1498, 1514, 1552, 8, 44, 67, 68, 91, 90
1023, 1037, 1038, 1068, 1087, 1112, 1136, 1140, 1159, 1184, 1209, 1240, 1266, 1280, 1303, 1326, 1346, 1347, 1366, 1382, 1406, 1412, 1439, 1440, 1455, 1485, 1498, 1514, 1552, 8, 44, 67, 68, 91
1023, 1037, 1038, 1068, 1087, 1112, 1136, 1140, 1159, 1184, 1209, 1240, 1266, 1280, 1303, 1326, 1346, 1347, 1366, 1382, 1406, 1412, 1439, 1440, 1455, 1485, 1498, 1514, 1552, 8, 44, 67, 69, 92
1023, 1037, 1067, 1086, 1110, 1134, 1141, 1160, 1186, 1211, 1237, 1264, 1282, 1300, 1324, 1344, 1363, 1379, 1409, 1414, 1437, 1472, 1481, 1513, 1519, 1548, 12, 38, 61, 74, 73, 95, 94, 93
1023, 1037, 1067, 1086, 1110, 1134, 1141, 1160, 1186, 1211, 1237, 1264, 1282, 1300, 1324, 1344, 1363, 1379, 1409, 1414, 1437, 1472, 1481, 1513, 1519, 1548, 12, 38, 61, 74, 73, 95, 94
1023, 1037, 1067, 1086, 1110, 1134, 1141, 1160, 1186, 1211, 1237, 1264, 1282, 1300, 1324, 1344, 1363, 1379, 1409, 1414, 1437, 1472, 1481, 1513, 1519, 1548, 12, 38, 61, 74, 73, 95
1023, 1037, 1067, 1086, 1110, 1134, 1141, 1160, 1186, 1211, 1237, 1264, 1282, 1300, 1324, 1344, 1363, 1379, 1409, 1414, 1437, 1472, 1481, 1513, 1519, 1548, 12, 38, 61, 74, 96
1023, 1037, 1067, 1086, 1110, 1134, 1141, 1160, 1186, 1211, 1237, 1264, 1282, 1300, 1324, 1344, 1363, 1379, 1409, 1414, 1437, 1472, 1481, 1513, 1519, 1548, 12, 37, 60, 75, 97
1023, 1037, 1067, 1086, 1110, 1134, 1141, 1160, 1186, 1211, 1237, 1264, 1282, 1300, 1324, 1344, 1363, 1379, 1409, 1414, 1437, 1472, 1481, 1513, 1519, 1548, 12, 37, 60, 75, 98
1023, 1037, 1067, 1086, 1110, 1134, 1141, 1160, 1186, 1211, 1237, 1264, 1282, 1300, 1324, 1344, 1363, 1379, 1409, 1414, 1437, 1472, 1481, 1513, 1519, 1546, 13, 36, 59, 76, 99
1023, 1037, 1067, 1086, 1110, 1134, 1141, 1160, 1186, 1211, 1237, 1264, 1282, 1300, 1324, 1344, 1363, 1379, 1410, 1415, 1435, 1471, 1480, 1512, 1520, 1545, 14, 35, 58, 77, 100
1023, 1037, 1067, 1086, 1110, 1133, 1142, 1161, 1187, 1212, 1236, 1263, 1283, 1298, 1322, 1342, 1361, 1376, 1390, 1417, 1433, 1469, 1477, 1478, 1511, 1522, 1544, 15, 33, 57, 78, 101
1023, 1037, 1067, 1086, 1110, 1133, 1142, 1161, 1187, 1212, 1236, 1263, 1283, 1298, 1322, 1342, 1361, 1376, 1390, 1417, 1433, 1469, 1477, 1510, 1523, 1543, 16, 32, 56, 80, 102
1023, 1037, 1067, 1086, 1110, 1133, 1142, 1161, 1187, 1212, 1236, 1263, 1283, 1298, 1322, 1342, 1361, 1376, 1390, 1417, 1433, 1469, 1477, 1510, 1523, 1543, 16, 32, 56, 80, 103
1023, 1037, 1067, 1086, 1110, 1133, 1142, 1161, 1187, 1212, 1236, 1263, 1283, 1298, 1322, 1342, 1361, 1376, 1390, 1391, 1418, 1432, 1468, 1476, 1509, 1525, 1542, 17, 31, 55, 81, 104
1023, 1022, 1036, 1066, 1085, 1084, 1108, 1132, 1145, 1163, 1190, 1214, 1234, 1261, 1286, 1296, 1319, 1340, 1359, 1374, 1392, 1420, 1431, 1467, 1475, 1508, 1526, 1541, 19, 30, 54, 82, 105
1023, 1022, 1036, 1066, 1085, 1084, 1108, 1132, 1145, 1163, 1190, 1214, 1234, 1261, 1286, 1296, 1295, 1318, 1339, 1358, 1373, 1393, 1421, 1451, 1465, 1474, 1507, 1527, 1540, 20, 29, 53, 83, 106
1023, 1022, 1036, 1066, 1085, 1084, 1108, 1132, 1145, 1163, 1190, 1214, 1234, 1261, 1286, 1296, 1295, 1318, 1339, 1358, 1373, 1393, 1421, 1422, 1450, 1464, 1473, 1506, 1528, 1539, 21, 27, 52, 84, 107
1023, 1022, 1036, 1066, 1085, 1084, 1108, 1132, 1145, 1163, 1190, 1214, 1234, 1261, 1286, 1296, 1295, 1318, 1339, 1358, 1373, 1393, 1421, 1422, 1450, 1464, 1473, 1506, 1528, 1539, 21, 27, 52, 84, 107, 108
1023, 1022, 1036, 1066, 1085, 1084, 1108, 1132, 1145, 1163, 1190, 1214, 1234, 1261, 1286, 1296, 1295, 1318, 1339, 1358, 1357, 1372, 1394, 1395, 1423, 1449, 1463, 1493, 1504, 1529, 1538, 0, 26, 50, 85, 109
1023, 1022, 1036, 1066, 1085, 1084, 1108, 1132, 1145, 1163, 1190, 1214, 1234, 1261, 1286, 1296, 1295, 1318, 1339, 1358, 1373, 1393, 1421, 1422, 1450, 1464, 1473, 1506, 1528, 1539, 21, 27, 52, 84, 107, 110
1023, 1022, 1036, 1066, 1085, 1084, 1108, 1132, 1145, 1163, 1190, 1214, 1234, 1261, 1286, 1296, 1295, 1318, 1339, 1358, 1357, 1372, 1394, 1395, 1423, 1449, 1463, 1493, 1504, 1529, 1538, 0, 26, 50, 85, 109, 111
1023, 1022, 1036, 1066, 1085, 1084, 1108, 1132, 1145, 1163, 1190, 1214, 1234, 1261, 1286, 1296, 1295, 1318, 1339, 1358, 1357, 1372, 1394, 1395, 1423, 1449, 1463, 1493, 1504, 1529, 1538, 0, 26, 50, 85, 109, 111, 112
1023, 1022, 1036, 1066, 1085, 1084, 1108, 1132, 1145, 1163, 1190, 1214, 1234, 1261, 1286, 1296, 1295, 1318, 1339, 1358, 1357, 1372, 1394, 1395, 1423, 1449, 1463, 1493, 1504, 1529, 1538, 0, 26, 50, 85, 109, 111, 112, 113
1023, 1037, 1038, 1068, 1087, 1112, 1136, 1140, 1159, 1184, 1209, 1240, 1266, 1280, 1303, 1326, 1346, 1347, 1366, 1382, 1406, 1412, 1439, 1440, 1455, 1485, 1498, 1514, 1552, 8, 44, 67, 68, 91, 115, 114
1023, 1037, 1038, 1068, 1087, 1112, 1136, 1140, 1159, 1184, 1209, 1240, 1266, 1280, 1303, 1326, 1346, 1347, 1366, 1382, 1406, 1412, 1439, 1440, 1455, 1485, 1498, 1514, 1552, 8, 44, 67, 68, 91, 115
1023, 1037, 1038, 1068, 1087, 1112, 1136, 1140, 1159, 1184, 1209, 1240, 1266, 1280, 1303, 1326, 1346, 1347, 1366, 1382, 1406, 1412, 1439, 1440, 1455, 1485, 1498, 1514, 1552, 8, 44, 67, 69, 92, 116
1023, 1037, 1067, 1086, 1110, 1134, 1141, 1160, 1186, 1211, 1237, 1264, 1282, 1300, 1324, 1344, 1363, 1379, 1409, 1414, 1437, 1472, 1481, 1513, 1519, 1548, 12, 38, 61, 74, 73, 95, 94, 118, 117
1023, 1037, 1067, 1086, 1110, 1134, 1141, 1160, 1186, 1211, 1237, 1264, 1282, 1300, 1324, 1344, 1363, 1379, 1409, 1414, 1437, 1472, 1481, 1513, 1519, 1548, 12, 38, 61, 74, 73, 95, 94, 118
1023, 1037, 1067, 1086, 1110, 1134, 1141, 1160, 1186, 1211, 1237, 1264, 1282, 1300, 1324, 1344, 1363, 1379, 1409, 1414, 1437, 1472, 1481, 1513, 1519, 1548, 12, 38, 61, 74, 73, 95, 119
1023, 1037, 1067, 1086, 1110, 1134, 1141, 1160, 1186, 1211, 1237, 1264, 1282, 1300, 1324, 1344, 1363, 1379, 1409, 1414, 1437, 1472, 1481, 1513, 1519, 1548, 12, 38, 61, 74, 73, 95, 120
1023, 1037, 1067, 1086, 1110, 1134, 1141, 1160, 1186, 1211, 1237, 1264, 1282, 1300, 1324, 1344, 1363, 1379, 1409, 1414, 1437, 1472, 1481, 1513, 1519, 1548, 12, 38, 61, 74, 96, 121
1023, 1037, 1067, 1086, 1110, 1134, 1141, 1160, 1186, 1211, 1237, 1264, 1282, 1300, 1324, 1344, 1363, 1379, 1409, 1414, 1437, 1472, 1481, 1513, 1519, 1548, 12, 37, 60, 75, 98, 122
1023, 1037, 1067, 1086, 1110, 1134, 1141, 1160, 1186, 1211, 1237, 1264, 1282, 1300, 1324, 1344, 1363, 1379, 1409, 1414, 1437, 1472, 1481, 1513, 1519, 1546, 13, 36, 59, 76, 99, 123
1023, 1037, 1067, 1086, 1110, 1134, 1141, 1160, 1186, 1211, 1237, 1264, 1282, 1300, 1324, 1344, 1363, 1379, 1410, 1415, 1435, 1471, 1480, 1512, 1520, 1545, 14, 35, 58, 77, 100, 124
1023, 1037, 1067, 1086, 1110, 1133, 1142, 1161, 1187, 1212, 1236, 1263, 1283, 1298, 1322, 1342, 1361, 1376, 1390, 1417, 1433, 1469, 1477, 1478, 1511, 1522, 1544, 15, 33, 57, 78, 101, 125
1023, 1037, 1067, 1086, 1110, 1133, 1142, 1161, 1187, 1212, 1236, 1263, 1283, 1298, 1322, 1342, 1361, 1376, 1390, 1417, 1433, 1469, 1477, 1510, 1523, 1543, 16, 32, 56, 80, 103, 126
1023, 1037, 1067, 1086, 1110, 1133, 1142, 1161, 1187, 1212, 1236, 1263, 1283, 1298, 1322, 1342, 1361, 1376, 1390, 1391, 1418, 1432, 1468, 1476, 1509, 1525, 1542, 17, 31, 55, 81, 104, 127
1023, 1022, 1036, 1066, 1085, 1084, 1108, 1132, 1145, 1163, 1190, 1214, 1234, 1261, 1286, 1296, 1319, 1340, 1359, 1374, 1392, 1420, 1431, 1467, 1475, 1508, 1526, 1541, 19, 30, 54, 82, 105, 128
1023, 1022, 1036, 1066, 1085, 1084, 1108, 1132, 1145, 1163, 1190, 1214, 1234, 1261, 1286, 1296, 1319, 1340, 1359, 1374, 1392, 1420, 1431, 1467, 1475, 1508, 1526, 1541, 19, 30, 54, 82, 105, 129
1023, 1022, 1036, 1066, 1085, 1084, 1108, 1132, 1145, 1163, 1190, 1214, 1234, 1261, 1286, 1296, 1295, 1318, 1339, 1358, 1373, 1393, 1421, 1451, 1465, 1474, 1507, 1527, 1540, 20, 29, 53, 83, 106, 130
1023, 1037, 1067, 1086, 1110, 1134, 1141, 1160, 1186, 1211, 1237, 1264, 1282, 1300, 1324, 1344, 1363, 1379, 1409, 1414, 1437, 1472, 1481, 1513, 1519, 1548, 12, 38, 61, 74, 73, 95, 94, 118, 117, 131
1023, 1037, 1067, 1086, 1110, 1134, 1141, 1160, 1186, 1211, 1237, 1264, 1282, 1300, 1324, 1344, 1363, 1379, 1409, 1414, 1437, 1472, 1481, 1513, 1519, 1548, 12, 38, 61, 74, 73, 95, 94, 118, 117, 132
1023, 1037, 1067, 1086, 1110, 1134, 1141, 1160, 1186, 1211, 1237, 1264, 1282, 1300, 1324, 1344, 1363, 1379, 1409, 1414, 1437, 1472, 1481, 1513, 1519, 1548, 12, 38, 61, 74, 73, 95, 119, 134, 133
1023, 1037, 1067, 1086, 1110, 1134, 1141, 1160, 1186, 1211, 1237, 1264, 1282, 1300, 1324, 1344, 1363, 1379, 1409, 1414, 1437, 1472, 1481, 1513, 1519, 1548, 12, 38, 61, 74, 73, 95, 119, 134
1023, 1037, 1067, 1086, 1110, 1134, 1141, 1160, 1186, 1211, 1237, 1264, 1282, 1300, 1324, 1344, 1363, 1379, 1409, 1414, 1437, 1472, 1481, 1513, 1519, 1548, 12, 38, 61, 74, 73, 95, 120, 135
1023, 1037, 1067, 1086, 1110, 1134, 1141, 1160, 1186, 1211, 1237, 1264, 1282, 1300, 1324, 1344, 1363, 1379, 1409, 1414, 1437, 1472, 1481, 1513, 1519, 1548, 12, 38, 61, 74, 73, 95, 120, 136
1023, 1037, 1067, 1086, 1110, 1134, 1141, 1160, 1186, 1211, 1237, 1264, 1282, 1300, 1324, 1344, 1363, 1379, 1409, 1414, 1437, 1472, 1481, 1513, 1519, 1548, 12, 38, 61, 74, 96, 121, 137
1023, 1037, 1067, 1086, 1110, 1134, 1141, 1160, 1186, 1211, 1237, 1264, 1282, 1300, 1324, 1344, 1363, 1379, 1409, 1414, 1437, 1472, 1481, 1513, 1519, 1548, 12, 37, 60, 75, 98, 122, 138
1023, 1037, 1067, 1086, 1110, 1134, 1141, 1160, 1186, 1211, 1237, 1264, 1282, 1300, 1324, 1344, 1363, 1379, 1409, 1414, 1437, 1472, 1481, 1513, 1519, 1546, 13, 36, 59, 76, 99, 123, 139
1023, 1037, 1067, 1086, 1110, 1134, 1141, 1160, 1186, 1211, 1237, 1264, 1282, 1300, 1324, 1344, 1363, 1379, 1410, 1415, 1435, 1471, 1480, 1512, 1520, 1545, 14, 35, 58, 77, 100, 124, 140
1023, 1037, 1067, 1086, 1110, 1134, 1141, 1160, 1186, 1211, 1237, 1264, 1282, 1300, 1324, 1344, 1363, 1379, 1410, 1415, 1435, 1471, 1480, 1512, 1520, 1545, 14, 35, 58, 77, 100, 124, 141
1023, 1037, 1067, 1086, 1110, 1133, 1142, 1161, 1187, 1212, 1236, 1263, 1283, 1298, 1322, 1342, 1361, 1376, 1390, 1417, 1433, 1469, 1477, 1478, 1511, 1522, 1544, 15, 33, 57, 78, 101, 125, 142
1023, 1037, 1067, 1086, 1110, 1133, 1142, 1161, 1187, 1212, 1236, 1263, 1283, 1298, 1322, 1342, 1361, 1376, 1390, 1417, 1433, 1469, 1477, 1510, 1523, 1543, 16, 32, 56, 80, 103, 126, 143
1023, 1037, 1067, 1086, 1110, 1133, 1142, 1161, 1187, 1212, 1236, 1263, 1283, 1298, 1322, 1342, 1361, 1376, 1390, 1391, 1418, 1432, 1468, 1476, 1509, 1525, 1542, 17, 31, 55, 81, 104, 127, 144
1023, 1022, 1036, 1066, 1085, 1084, 1108, 1132, 1145, 1163, 1190, 1214, 1234, 1261, 1286, 1296, 1319, 1340, 1359, 1374, 1392, 1420, 1431, 1467, 1475, 1508, 1526, 1541, 19, 30, 54, 82, 105, 128, 145
1023, 1022, 1036, 1066, 1085, 1084, 1108, 1132, 1145, 1163, 1190, 1214, 1234, 1261, 1286, 1296, 1319, 1340, 1359, 1374, 1392, 1420, 1431, 1467, 1475, 1508, 1526, 1541, 19, 30, 54, 82, 105, 129, 146
1023, 1022, 1036, 1066, 1085, 1084, 1108, 1132, 1145, 1163, 1190, 1214, 1234, 1261, 1286, 1296, 1295, 1318, 1339, 1358, 1373, 1393, 1421, 1451, 1465, 1474, 1507, 1527, 1540, 20, 29, 53, 83, 106, 130, 147
1023, 1022, 1036, 1066, 1085, 1084, 1108, 1132, 1145, 1163, 1190, 1214, 1234, 1261, 1286, 1296, 1295, 1318, 1339, 1358, 1373, 1393, 1421, 1422, 1450, 1464, 1473, 1506, 1528, 1539, 21, 27, 52, 84, 107, 110, 148
1023, 1022, 1036, 1066, 1085, 1084, 1108, 1132, 1145, 1163, 1190, 1214, 1234, 1261, 1286, 1296, 1295, 1318, 1339, 1358, 1357, 1372, 1394, 1395, 1423, 1449, 1463, 1493, 1504, 1529, 1538, 0, 26, 50, 85, 109, 111, 149
1023, 1022, 1036, 1066, 1085, 1084, 1108, 1132, 1145, 1163, 1190, 1214, 1234, 1261, 1286, 1296, 1295, 1318, 1339, 1358, 1357, 1372, 1394, 1395, 1423, 1449, 1463, 1493, 1504, 1529, 1538, 0, 26, 50, 85, 109, 111, 112, 150
1023, 1024, 991, 984, 950, 946, 914, 901, 866, 838, 822, 796, 766, 749, 733, 710, 693, 666, 643, 628, 627, 613, 576, 567, 530, 523, 484, 475, 440, 418, 410, 411, 385, 360, 345, 309, 285, 278, 244, 226, 227, 212, 182, 173, 151
1023, 1037, 1038, 1068, 1087, 1112, 1136, 1140, 1159, 1184, 1209, 1240, 1266, 1280, 1303, 1326, 1346, 1347, 1366, 1382, 1406, 1412, 1439, 1440, 1455, 1485, 1498, 1514, 1552, 8, 44, 67, 69, 92, 116, 154, 153, 152
1023, 1037, 1038, 1068, 1087, 1112, 1136, 1140, 1159, 1184, 1209, 1240, 1266, 1280, 1303, 1326, 1346, 1347, 1366, 1382, 1406, 1412, 1439, 1440, 1455, 1485, 1498, 1514, 1552, 8, 44, 67, 69, 92, 116, 154, 153
1023, 1037, 1038, 1068, 1087, 1112, 1136, 1140, 1159, 1184, 1209, 1240, 1266, 1280, 1303, 1326, 1346, 1347, 1366, 1382, 1406, 1412, 1439, 1440, 1455, 1485, 1498, 1514, 1552, 8, 44, 67, 69, 92, 116, 154
1023, 1037, 1067, 1086, 1110, 1134, 1141, 1160, 1186, 1211, 1237, 1264, 1282, 1300, 1324, 1344, 1363, 1379, 1409, 1414, 1437, 1472, 1481, 1513, 1519, 1548, 12, 38, 61, 74, 73, 95, 94, 118, 117, 131, 155
1023, 1022, 1036, 1066, 1085, 1084, 1108, 1132, 1145, 1163, 1190, 1214, 1234, 1261, 1286, 1296, 1295, 1318, 1339, 1358, 1373, 1393, 1421, 1451, 1465, 1474, 1507, 1527, 1540, 20, 29, 53, 83, 106, 130, 147, 156
1023, 1022, 1036, 1066, 1085, 1084, 1108, 1132, 1145, 1163, 1190, 1214, 1234, 1261, 1286, 1296, 1319, 1340, 1359, 1374, 1392, 1420, 1431, 1467, 1475, 1508, 1526, 1541, 19, 30, 54, 82, 105, 129, 146, 157
1023, 1022, 1036, 1066, 1085, 1084, 1108, 1132, 1145, 1163, 1190, 1214, 1234, 1261, 1286, 1296, 1319, 1340, 1359, 1374, 1392, 1420, 1431, 1467, 1475, 1508, 1526, 1541, 19, 30, 54, 82, 105, 128, 145, 158
1023, 1037, 1067, 1086, 1110, 1133, 1142, 1161, 1187, 1212, 1236, 1263, 1283, 1298, 1322, 1342, 1361, 1376, 1390, 1391, 1418, 1432, 1468, 1476, 1509, 1525, 1542, 17, 31, 55, 81, 104, 127, 144, 159
1023, 1037, 1067, 1086, 1110, 1133, 1142, 1161, 1187, 1212, 1236, 1263, 1283, 1298, 1322, 1342, 1361, 1376, 1390, 1417, 1433, 1469, 1477, 1510, 1523, 1543, 16, 32, 56, 80, 103, 126, 143, 160
1023, 1037, 1067, 1086, 1110, 1133, 1142, 1161, 1187, 1212, 1236, 1263, 1283, 1298, 1322, 1342, 1361, 1376, 1390, 1417, 1433, 1469, 1477, 1478, 1511, 1522, 1544, 15, 33, 57, 78, 101, 125, 142, 161
1023, 1037, 1067, 1086, 1110, 1134, 1141, 1160, 1186, 1211, 1237, 1264, 1282, 1300, 1324, 1344, 1363, 1379, 1410, 1415, 1435, 1471, 1480, 1512, 1520, 1545, 14, 35, 58, 77, 100, 124, 141, 162
1023, 1037, 1067, 1086, 1110, 1134, 1141, 1160, 1186, 1211, 1237, 1264, 1282, 1300, 1324, 1344, 1363, 1379, 1410, 1415, 1435, 1471, 1480, 1512, 1520, 1545, 14, 35, 58, 77, 100, 124, 140, 163
1023, 1037, 1067, 1086, 1110, 1134, 1141, 1160, 1186, 1211, 1237, 1264, 1282, 1300, 1324, 1344, 1363, 1379, 1409, 1414, 1437, 1472, 1481, 1513, 1519, 1546, 13, 36, 59, 76, 99, 123, 139, 164
1023, 1037, 1067, 1086, 1110, 1134, 1141, 1160, 1186, 1211, 1237, 1264, 1282, 1300, 1324, 1344, 1363, 1379, 1409, 1414, 1437, 1472, 1481, 1513, 1519, 1548, 12, 37, 60, 75, 98, 122, 138, 165
1023, 1037, 1067, 1086, 1110, 1134, 1141, 1160, 1186, 1211, 1237, 1264, 1282, 1300, 1324, 1344, 1363, 1379, 1409, 1414, 1437, 1472, 1481, 1513, 1519, 1548, 12, 38, 61, 74, 96, 121, 137, 166
1023, 1037, 1067, 1086, 1110, 1134, 1141, 1160, 1186, 1211, 1237, 1264, 1282, 1300, 1324, 1344, 1363, 1379, 1409, 1414, 1437, 1472, 1481, 1513, 1519, 1548, 12, 38, 61, 74, 73, 95, 120, 136, 167
1023, 1037, 1067, 1086, 1110, 1134, 1141, 1160, 1186, 1211, 1237, 1264, 1282, 1300, 1324, 1344, 1363, 1379, 1409, 1414, 1437, 1472, 1481, 1513, 1519, 1548, 12, 38, 61, 74, 73, 95, 120, 135, 168
1023, 1037, 1067, 1086, 1110, 1134, 1141, 1160, 1186, 1211, 1237, 1264, 1282, 1300, 1324, 1344, 1363, 1379, 1409, 1414, 1437, 1472, 1481, 1513, 1519, 1548, 12, 38, 61, 74, 73, 95, 120, 135, 168, 169
1023, 1037, 1067, 1086, 1110, 1134, 1141, 1160, 1186, 1211, 1237, 1264, 1282, 1300, 1324, 1344, 1363, 1379, 1409, 1414, 1437, 1472, 1481, 1513, 1519, 1548, 12, 38, 61, 74, 73, 95, 94, 118, 117, 132, 170
1023, 1037, 1067, 1086, 1110, 1134, 1141, 1160, 1186, 1211, 1237, 1264, 1282, 1300, 1324, 1344, 1363, 1379, 1409, 1414, 1437, 1472, 1481, 1513, 1519, 1548, 12, 38, 61, 74, 73, 95, 94, 118, 117, 131, 171
1023, 1037, 1067, 1086, 1110, 1134, 1141, 1160, 1186, 1211, 1237, 1264, 1282, 1300, 1324, 1344, 1363, 1379, 1409, 1414, 1437, 1472, 1481, 1513, 1519, 1548, 12, 38, 61, 74, 73, 95, 94, 118, 117, 131, 171, 172
1023, 1024, 991, 984, 950, 946, 914, 901, 866, 838, 822, 796, 766, 749, 733, 710, 693, 666, 643, 628, 627, 613, 576, 567, 530, 523, 484, 475, 440, 418, 410, 411, 385, 360, 345, 309, 285, 278, 244, 226, 227, 212, 182, 173
1023, 1024, 991, 984, 950, 946, 914, 901, 866, 838, 822, 796, 766, 749, 733, 710, 693, 666, 643, 628, 627, 613, 576, 567, 530, 523, 484, 475, 440, 418, 410, 411, 385, 360, 345, 309, 285, 278, 244, 226, 227, 212, 182, 174
1023, 1022, 1036, 1066, 1085, 1084, 1108, 1132, 1145, 1163, 1190, 1214, 1234, 1261, 1286, 1296, 1295, 1318, 1339, 1358, 1357, 1372, 1394, 1395, 1423, 1449, 1463, 1493, 1504, 1529, 1538, 0, 26, 50, 85, 109, 111, 149, 176, 175
1023, 1022, 1036, 1066, 1085, 1084, 1108, 1132, 1145, 1163, 1190, 1214, 1234, 1261, 1286, 1296, 1295, 1318, 1339, 1358, 1357, 1372, 1394, 1395, 1423, 1449, 1463, 1493, 1504, 1529, 1538, 0, 26, 50, 85, 109, 111, 149, 176
1023, 1022, 1036, 1066, 1085, 1084, 1108, 1132, 1145, 1163, 1190, 1214, 1234, 1261, 1286, 1296, 1295, 1318, 1339, 1358, 1373, 1393, 1421, 1422, 1450, 1464, 1473, 1506, 1528, 1539, 21, 27, 52, 84, 107, 110, 148, 177
1023, 1037, 1067, 1086, 1110, 1134, 1141, 1160, 1186, 1211, 1237, 1264, 1282, 1300, 1324, 1344, 1363, 1379, 1409, 1414, 1437, 1472, 1481, 1513, 1519, 1548, 12, 38, 61, 74, 73, 95, 94, 118, 117, 132, 170, 178
1023, 1037, 1067, 1086, 1110, 1134, 1141, 1160, 1186, 1211, 1237, 1264, 1282, 1300, 1324, 1344, 1363, 1379, 1409, 1414, 1437, 1472, 1481, 1513, 1519, 1548, 12, 38, 61, 74, 73, 95, 94, 118, 117, 131, 171, 179
1023, 1024, 991, 984, 950, 946, 914, 901, 866, 838, 822, 796, 766, 749, 733, 710, 693, 666, 643, 628, 627, 613, 576, 567, 530, 523, 484, 475, 440, 418, 410, 411, 385, 360, 345, 309, 285, 278, 244, 226, 211, 180
1023, 1024, 991, 984, 950, 946, 914, 901, 866, 838, 822, 796, 766, 749, 733, 710, 693, 666, 643, 628, 627, 613, 576, 567, 530, 523, 484, 475, 440, 418, 410, 411, 385, 360, 345, 309, 285, 278, 244, 226, 211, 180, 181
1023, 1024, 991, 984, 950, 946, 914, 901, 866, 838, 822, 796, 766, 749, 733, 710, 693, 666, 643, 628, 627, 613, 576, 567, 530, 523, 484, 475, 440, 418, 410, 411, 385, 360, 345, 309, 285, 278, 244, 226, 227, 212, 182
1023, 993, 994, 980, 952, 943, 942, 908, 895, 872, 832, 831, 830, 813, 785, 778, 757, 723, 699, 683, 655, 653, 620, 606, 583, 560, 536, 517, 500, 481, 480, 445, 422, 415, 389, 357, 348, 306, 289, 276, 263, 228, 213, 183
1023, 1022, 1036, 1066, 1085, 1084, 1108, 1132, 1145, 1163, 1190, 1214, 1234, 1261, 1286, 1296, 1295, 1318, 1339, 1358, 1357, 1372, 1394, 1395, 1423, 1449, 1463, 1493, 1504, 1529, 1538, 0, 26, 50, 85, 109, 111, 149, 176, 184
1023, 1022, 1036, 1066, 1085, 1084, 1108, 1132, 1145, 1163, 1190, 1214, 1234, 1261, 1286, 1296, 1295, 1318, 1339, 1358, 1373, 1393, 1421, 1422, 1450, 1464, 1473, 1506, 1528, 1539, 21, 27, 52, 84, 107, 110, 148, 177, 185
1023, 1022, 1036, 1066, 1085, 1084, 1108, 1132, 1145, 1163, 1190, 1214, 1234, 1261, 1286, 1296, 1295, 1318, 1339, 1358, 1373, 1393, 1421, 1451, 1465, 1474, 1507, 1527, 1540, 20, 29, 53, 83, 106, 130, 147, 156, 187, 186
1023, 1022, 1036, 1066, 1085, 1084, 1108, 1132, 1145, 1163, 1190, 1214, 1234, 1261, 1286, 1296, 1295, 1318, 1339, 1358, 1373, 1393, 1421, 1451, 1465, 1474, 1507, 1527, 1540, 20, 29, 53, 83, 106, 130, 147, 156, 187
1023, 1022, 1036, 1066, 1085, 1084, 1108, 1132, 1145, 1163, 1190, 1214, 1234, 1261, 1286, 1296, 1319, 1340, 1359, 1374, 1392, 1420, 1431, 1467, 1475, 1508, 1526, 1541, 19, 30, 54, 82, 105, 129, 146, 157, 189, 188
1023, 1022, 1036, 1066, 1085, 1084, 1108, 1132, 1145, 1163, 1190, 1214, 1234, 1261, 1286, 1296, 1319, 1340, 1359, 1374, 1392, 1420, 1431, 1467, 1475, 1508, 1526, 1541, 19, 30, 54, 82, 105, 129, 146, 157, 189
1023, 1022, 1036, 1066, 1085, 1084, 1108, 1132, 1145, 1163, 1190, 1214, 1234, 1261, 1286, 1296, 1319, 1340, 1359, 1374, 1392, 1420, 1431, 1467, 1475, 1508, 1526, 1541, 19, 30, 54, 82, 105, 128, 145, 158, 190
1023, 1037, 1067, 1086, 1110, 1133, 1142, 1161, 1187, 1212, 1236, 1263, 1283, 1298, 1322, 1342, 1361, 1376, 1390, 1417, 1433, 1469, 1477, 1510, 1523, 1543, 16, 32, 56, 80, 103, 126, 143, 160, 191
1023, 1037, 1067, 1086, 1110, 1133, 1142, 1161, 1187, 1212, 1236, 1263, 1283, 1298, 1322, 1342, 1361, 1376, 1390, 1417, 1433, 1469, 1477, 1478, 1511, 1522, 1544, 15, 33, 57, 78, 101, 125, 142, 161, 192
1023, 1037, 1067, 1086, 1110, 1134, 1141, 1160, 1186, 1211, 1237, 1264, 1282, 1300, 1324, 1344, 1363, 1379, 1410, 1415, 1435, 1471, 1480, 1512, 1520, 1545, 14, 35, 58, 77, 100, 124, 141, 162, 193
1023, 1037, 1067, 1086, 1110, 1134, 1141, 1160, 1186, 1211, 1237, 1264, 1282, 1300, 1324, 1344, 1363, 1379, 1409, 1414, 1437, 1472, 1481, 1513, 1519, 1546, 13, 36, 59, 76, 99, 123, 139, 164, 194
1023, 1037, 1067, 1086, 1110, 1134, 1141, 1160, 1186, 1211, 1237, 1264, 1282, 1300, 1324, 1344, 1363, 1379, 1409, 1414, 1437, 1472, 1481, 1513, 1519, 1548, 12, 37, 60, 75, 98, 122, 138, 165, 195
1023, 1037, 1067, 1086, 1110, 1134, 1141, 1160, 1186, 1211, 1237, 1264, 1282, 1300, 1324, 1344, 1363, 1379, 1409, 1414, 1437, 1472, 1481, 1513, 1519, 1548, 12, 38, 61, 74, 96, 121, 137, 166, 196
1023, 1037, 1067, 1086, 1110, 1134, 1141, 1160, 1186, 1211, 1237, 1264, 1282, 1300, 1324, 1344, 1363, 1379, 1409, 1414, 1437, 1472, 1481, 1513, 1519, 1548, 12, 38, 61, 74, 96, 121, 137, 166, 196, 197
1023, 1037, 1067, 1086, 1110, 1134, 1141, 1160, 1186, 1211, 1237, 1264, 1282, 1300, 1324, 1344, 1363, 1379, 1409, 1414, 1437, 1472, 1481, 1513, 1519, 1548, 12, 38, 61, 74, 73, 95, 120, 135, 168, 198
1023, 1037, 1067, 1086, 1110, 1134, 1141, 1160, 1186, 1211, 1237, 1264, 1282, 1300, 1324, 1344, 1363, 1379, 1410, 1415, 1435, 1471, 1480, 1512, 1520, 1545, 14, 35, 58, 77, 100, 124, 141, 162, 193, 199
