383, 384, 385, 360, 345, 309, 285, 278, 244, 226, 227, 228, 213, 183, 184, 176, 149, 111, 109, 85, 50, 26, 0
383, 384, 385, 360, 345, 309, 285, 278, 244, 226, 227, 228, 213, 183, 184, 176, 149, 111, 109, 85, 50, 26, 1
383, 384, 385, 360, 345, 309, 285, 278, 244, 226, 227, 212, 182, 174, 175, 150, 113, 89, 86, 49, 25, 3, 2
383, 384, 385, 360, 345, 309, 285, 278, 244, 226, 227, 212, 182, 174, 175, 150, 113, 89, 86, 49, 25, 3
383, 384, 385, 360, 345, 309, 285, 278, 244, 226, 227, 212, 182, 173, 151, 114, 90, 87, 48, 24, 4
383, 363, 342, 311, 304, 280, 246, 224, 207, 178, 170, 132, 117, 93, 71, 66, 44, 7, 6, 5
383, 363, 342, 311, 304, 280, 246, 224, 207, 178, 170, 132, 117, 93, 71, 66, 44, 7, 6
383, 363, 342, 311, 304, 280, 246, 224, 207, 178, 170, 132, 117, 93, 71, 66, 44, 7
383, 363, 342, 311, 304, 281, 247, 222, 206, 198, 169, 134, 133, 118, 94, 72, 65, 43, 9, 8
383, 363, 342, 311, 304, 281, 247, 222, 206, 198, 169, 134, 133, 118, 94, 72, 65, 43, 9
383, 363, 342, 311, 304, 281, 247, 222, 206, 198, 168, 135, 120, 95, 73, 63, 41, 10
383, 363, 342, 311, 304, 281, 247, 222, 206, 198, 168, 135, 120, 95, 73, 63, 41, 10, 11
383, 363, 342, 311, 304, 281, 247, 222, 206, 198, 168, 135, 120, 95, 73, 74, 61, 38, 12
383, 363, 342, 311, 304, 281, 247, 222, 206, 198, 168, 135, 120, 95, 73, 74, 61, 38, 12, 13
383, 363, 342, 311, 304, 281, 247, 222, 206, 198, 168, 135, 120, 95, 73, 74, 61, 38, 12, 13, 14
383, 363, 342, 311, 304, 281, 247, 222, 206, 198, 168, 135, 120, 95, 73, 74, 61, 38, 12, 13, 14, 15
383, 363, 342, 311, 304, 281, 247, 222, 206, 198, 168, 135, 120, 95, 73, 74, 61, 38, 12, 13, 14, 15, 16
383, 363, 342, 311, 304, 281, 247, 222, 206, 198, 168, 135, 120, 95, 73, 74, 61, 38, 12, 13, 14, 15, 16, 17
383, 382, 364, 365, 340, 316, 317, 318, 319, 320, 321, 296, 268, 255, 235, 234, 219, 190, 158, 145, 128, 105, 82, 54, 30, 18
383, 382, 364, 365, 340, 316, 317, 318, 319, 320, 321, 296, 268, 255, 235, 234, 219, 190, 158, 145, 128, 105, 82, 54, 30, 19
383, 382, 364, 365, 340, 316, 317, 318, 319, 320, 321, 296, 268, 255, 235, 234, 219, 190, 158, 145, 128, 105, 82, 54, 30, 19, 20
383, 384, 385, 360, 345, 309, 285, 278, 244, 226, 227, 228, 213, 183, 184, 176, 149, 111, 110, 107, 84, 52, 27, 21
383, 384, 385, 360, 345, 309, 285, 278, 244, 226, 211, 180, 172, 153, 115, 91, 88, 47, 22
383, 384, 385, 360, 345, 309, 285, 278, 244, 226, 211, 180, 172, 153, 115, 91, 88, 47, 23
383, 384, 385, 360, 345, 309, 285, 278, 244, 226, 227, 212, 182, 173, 151, 114, 90, 87, 48, 24
383, 384, 385, 360, 345, 309, 285, 278, 244, 226, 227, 212, 182, 174, 175, 150, 113, 89, 86, 49, 25
383, 384, 385, 360, 345, 309, 285, 278, 244, 226, 227, 228, 213, 183, 184, 176, 149, 111, 109, 85, 50, 26
383, 384, 385, 360, 345, 309, 285, 278, 244, 226, 227, 228, 213, 183, 184, 176, 149, 111, 110, 107, 84, 52, 27
383, 384, 385, 360, 345, 309, 285, 278, 244, 226, 227, 228, 213, 183, 184, 176, 149, 111, 110, 107, 84, 52, 28
383, 382, 364, 365, 340, 316, 317, 318, 319, 320, 321, 296, 268, 255, 235, 234, 219, 190, 158, 145, 128, 105, 82, 54, 53, 29
383, 382, 364, 365, 340, 316, 317, 318, 319, 320, 321, 296, 268, 255, 235, 234, 219, 190, 158, 145, 128, 105, 82, 54, 30
383, 382, 364, 365, 340, 316, 301, 284, 249, 250, 251, 238, 200, 193, 162, 141, 142, 125, 101, 102, 80, 56, 55, 31
383, 363, 342, 311, 304, 281, 247, 222, 206, 198, 168, 135, 136, 137, 121, 96, 97, 75, 76, 58, 35, 34, 33, 32
383, 363, 342, 311, 304, 281, 247, 222, 206, 198, 168, 135, 136, 137, 121, 96, 97, 75, 76, 58, 35, 34, 33
383, 363, 342, 311, 304, 281, 247, 222, 206, 198, 168, 135, 136, 137, 121, 96, 97, 75, 76, 58, 35, 34
383, 363, 342, 311, 304, 281, 247, 222, 206, 198, 168, 135, 136, 137, 121, 96, 97, 75, 76, 58, 35
383, 363, 342, 311, 304, 281, 247, 222, 206, 198, 168, 135, 120, 95, 73, 74, 61, 38, 37, 36
383, 363, 342, 311, 304, 281, 247, 222, 206, 198, 168, 135, 120, 95, 73, 74, 61, 38, 37
383, 363, 342, 311, 304, 281, 247, 222, 206, 198, 168, 135, 120, 95, 73, 74, 61, 38
383, 363, 342, 311, 304, 281, 247, 222, 206, 198, 168, 135, 120, 95, 73, 63, 62, 39
383, 363, 342, 311, 304, 281, 247, 222, 206, 198, 168, 135, 120, 95, 73, 63, 62, 40
383, 363, 342, 311, 304, 281, 247, 222, 206, 198, 168, 135, 120, 95, 73, 63, 41
383, 363, 342, 311, 304, 281, 247, 222, 206, 198, 168, 135, 120, 95, 73, 64, 42
383, 363, 342, 311, 304, 281, 247, 222, 206, 198, 169, 134, 133, 118, 94, 72, 65, 43
383, 363, 342, 311, 304, 280, 246, 224, 207, 178, 170, 132, 117, 93, 71, 66, 44
383, 363, 342, 311, 304, 280, 246, 224, 207, 178, 170, 132, 117, 93, 71, 66, 67, 45
383, 384, 385, 360, 345, 309, 285, 278, 244, 226, 211, 180, 172, 153, 115, 91, 88, 46
383, 384, 385, 360, 345, 309, 285, 278, 244, 226, 211, 180, 172, 153, 115, 91, 88, 47
383, 384, 385, 360, 345, 309, 285, 278, 244, 226, 227, 212, 182, 173, 151, 114, 90, 87, 48
383, 384, 385, 360, 345, 309, 285, 278, 244, 226, 227, 212, 182, 174, 175, 150, 113, 89, 86, 49
383, 384, 385, 360, 345, 309, 285, 278, 244, 226, 227, 228, 213, 183, 184, 176, 149, 111, 109, 85, 50
383, 384, 385, 360, 345, 309, 285, 278, 244, 226, 227, 228, 213, 183, 184, 176, 149, 111, 109, 85, 50, 51
383, 384, 385, 360, 345, 309, 285, 278, 244, 226, 227, 228, 213, 183, 184, 176, 149, 111, 110, 107, 84, 52
383, 382, 364, 365, 340, 316, 317, 318, 319, 320, 321, 296, 268, 255, 235, 234, 219, 190, 158, 145, 128, 105, 82, 54, 53
383, 382, 364, 365, 340, 316, 317, 318, 319, 320, 321, 296, 268, 255, 235, 234, 219, 190, 158, 145, 128, 105, 82, 54
383, 382, 364, 365, 340, 316, 301, 284, 249, 250, 251, 238, 200, 193, 162, 141, 142, 125, 101, 102, 80, 56, 55
383, 382, 364, 365, 340, 316, 301, 284, 249, 250, 251, 238, 200, 193, 162, 141, 142, 125, 101, 102, 80, 56
383, 363, 342, 311, 304, 281, 247, 222, 206, 198, 168, 135, 136, 137, 121, 96, 97, 75, 76, 58, 57
383, 363, 342, 311, 304, 281, 247, 222, 206, 198, 168, 135, 136, 137, 121, 96, 97, 75, 76, 58
383, 363, 342, 311, 304, 281, 247, 222, 206, 198, 168, 135, 120, 95, 73, 74, 61, 60, 59
383, 363, 342, 311, 304, 281, 247, 222, 206, 198, 168, 135, 120, 95, 73, 74, 61, 60
383, 363, 342, 311, 304, 281, 247, 222, 206, 198, 168, 135, 120, 95, 73, 74, 61
383, 363, 342, 311, 304, 281, 247, 222, 206, 198, 168, 135, 120, 95, 73, 63, 62
383, 363, 342, 311, 304, 281, 247, 222, 206, 198, 168, 135, 120, 95, 73, 63
383, 363, 342, 311, 304, 281, 247, 222, 206, 198, 168, 135, 120, 95, 73, 64
383, 363, 342, 311, 304, 281, 247, 222, 206, 198, 169, 134, 133, 118, 94, 72, 65
383, 363, 342, 311, 304, 280, 246, 224, 207, 178, 170, 132, 117, 93, 71, 66
383, 363, 342, 311, 304, 280, 246, 224, 207, 178, 170, 132, 117, 93, 71, 66, 67
383, 363, 342, 311, 310, 305, 279, 245, 225, 208, 179, 171, 155, 116, 92, 69, 68
383, 363, 342, 311, 310, 305, 279, 245, 225, 208, 179, 171, 155, 116, 92, 69
383, 363, 342, 311, 304, 280, 246, 224, 207, 178, 170, 132, 117, 93, 70
383, 363, 342, 311, 304, 280, 246, 224, 207, 178, 170, 132, 117, 93, 71
383, 363, 342, 311, 304, 281, 247, 222, 206, 198, 169, 134, 133, 118, 94, 72
383, 363, 342, 311, 304, 281, 247, 222, 206, 198, 168, 135, 120, 95, 73
383, 363, 342, 311, 304, 281, 247, 222, 206, 198, 168, 135, 120, 95, 73, 74
383, 363, 342, 311, 304, 281, 247, 222, 206, 198, 168, 135, 136, 137, 121, 96, 97, 75
383, 363, 342, 311, 304, 281, 247, 222, 206, 198, 168, 135, 136, 137, 121, 96, 97, 75, 76
383, 363, 342, 311, 304, 281, 247, 222, 206, 198, 168, 135, 136, 137, 121, 96, 97, 75, 76, 77
383, 363, 342, 311, 304, 281, 247, 222, 206, 198, 168, 135, 136, 137, 121, 96, 97, 75, 76, 77, 78
383, 363, 342, 311, 304, 281, 247, 222, 206, 198, 168, 135, 136, 137, 121, 96, 97, 75, 76, 77, 78, 79
383, 382, 364, 365, 340, 316, 301, 284, 249, 250, 251, 238, 200, 193, 162, 141, 142, 125, 101, 102, 80
383, 382, 364, 365, 340, 316, 317, 318, 319, 320, 321, 296, 268, 255, 235, 220, 191, 159, 144, 127, 104, 81
383, 382, 364, 365, 340, 316, 317, 318, 319, 320, 321, 296, 268, 255, 235, 234, 219, 190, 158, 145, 128, 105, 82
383, 382, 364, 365, 340, 316, 317, 318, 319, 320, 321, 296, 268, 255, 235, 234, 219, 190, 158, 145, 128, 105, 106, 83
383, 384, 385, 360, 345, 309, 285, 278, 244, 226, 227, 228, 213, 183, 184, 176, 149, 111, 110, 107, 84
383, 384, 385, 360, 345, 309, 285, 278, 244, 226, 227, 228, 213, 183, 184, 176, 149, 111, 109, 85
383, 384, 385, 360, 345, 309, 285, 278, 244, 226, 227, 212, 182, 174, 175, 150, 113, 89, 86
383, 384, 385, 360, 345, 309, 285, 278, 244, 226, 227, 212, 182, 173, 151, 114, 90, 87
383, 384, 385, 360, 345, 309, 285, 278, 244, 226, 211, 180, 172, 153, 115, 91, 88
383, 384, 385, 360, 345, 309, 285, 278, 244, 226, 227, 212, 182, 174, 175, 150, 113, 89
383, 384, 385, 360, 345, 309, 285, 278, 244, 226, 227, 212, 182, 173, 151, 114, 90
383, 384, 385, 360, 345, 309, 285, 278, 244, 226, 211, 180, 172, 153, 115, 91
383, 363, 342, 311, 310, 305, 279, 245, 225, 208, 179, 171, 155, 116, 92
383, 363, 342, 311, 304, 280, 246, 224, 207, 178, 170, 132, 117, 93
383, 363, 342, 311, 304, 281, 247, 222, 206, 198, 169, 134, 133, 118, 94
383, 363, 342, 311, 304, 281, 247, 222, 206, 198, 168, 135, 120, 95
383, 363, 342, 311, 304, 281, 247, 222, 206, 198, 168, 135, 136, 137, 121, 96
383, 363, 342, 311, 304, 281, 247, 222, 206, 198, 168, 135, 136, 137, 121, 96, 97
383, 363, 342, 311, 304, 281, 247, 222, 206, 198, 168, 135, 136, 137, 121, 96, 97, 98
383, 363, 342, 311, 304, 281, 247, 222, 206, 198, 168, 135, 136, 137, 121, 96, 97, 98, 99
383, 382, 364, 341, 313, 302, 283, 248, 241, 240, 202, 201, 194, 164, 163, 140, 124, 100
383, 382, 364, 365, 340, 316, 301, 284, 249, 250, 251, 238, 200, 193, 162, 141, 142, 125, 101
383, 382, 364, 365, 340, 316, 301, 284, 249, 250, 251, 238, 200, 193, 162, 141, 142, 125, 101, 102
383, 382, 364, 365, 340, 316, 301, 284, 249, 250, 251, 238, 200, 193, 162, 141, 142, 143, 126, 103
383, 382, 364, 365, 340, 316, 317, 318, 319, 320, 321, 296, 268, 255, 235, 220, 191, 159, 144, 127, 104
383, 382, 364, 365, 340, 316, 317, 318, 319, 320, 321, 296, 268, 255, 235, 234, 219, 190, 158, 145, 128, 105
383, 382, 364, 365, 340, 316, 317, 318, 319, 320, 321, 296, 268, 255, 235, 234, 219, 190, 158, 145, 128, 105, 106
383, 384, 385, 360, 345, 309, 285, 278, 244, 226, 227, 228, 213, 183, 184, 176, 149, 111, 110, 107
383, 384, 385, 360, 345, 309, 285, 278, 244, 226, 227, 228, 213, 183, 184, 176, 149, 111, 109, 108
383, 384, 385, 360, 345, 309, 285, 278, 244, 226, 227, 228, 213, 183, 184, 176, 149, 111, 109
383, 384, 385, 360, 345, 309, 285, 278, 244, 226, 227, 228, 213, 183, 184, 176, 149, 111, 110
383, 384, 385, 360, 345, 309, 285, 278, 244, 226, 227, 228, 213, 183, 184, 176, 149, 111
383, 384, 385, 360, 345, 309, 285, 278, 244, 226, 227, 212, 182, 174, 175, 150, 112
383, 384, 385, 360, 345, 309, 285, 278, 244, 226, 227, 212, 182, 174, 175, 150, 113
383, 384, 385, 360, 345, 309, 285, 278, 244, 226, 227, 212, 182, 173, 151, 114
383, 384, 385, 360, 345, 309, 285, 278, 244, 226, 211, 180, 172, 153, 115
383, 363, 342, 311, 310, 305, 279, 245, 225, 208, 179, 171, 155, 116
383, 363, 342, 311, 304, 280, 246, 224, 207, 178, 170, 132, 117
383, 363, 342, 311, 304, 281, 247, 222, 206, 198, 169, 134, 133, 118
383, 363, 342, 311, 304, 281, 247, 222, 206, 198, 169, 134, 119
383, 363, 342, 311, 304, 281, 247, 222, 206, 198, 168, 135, 120
383, 363, 342, 311, 304, 281, 247, 222, 206, 198, 168, 135, 136, 137, 121
383, 363, 342, 311, 304, 281, 247, 222, 206, 198, 168, 135, 136, 137, 121, 122
383, 363, 342, 311, 304, 281, 247, 222, 206, 198, 168, 135, 136, 137, 121, 122, 123
383, 382, 364, 341, 313, 302, 283, 248, 241, 240, 202, 201, 194, 164, 163, 140, 124
383, 382, 364, 365, 340, 316, 301, 284, 249, 250, 251, 238, 200, 193, 162, 141, 142, 125
383, 382, 364, 365, 340, 316, 301, 284, 249, 250, 251, 238, 200, 193, 162, 141, 142, 143, 126
383, 382, 364, 365, 340, 316, 317, 318, 319, 320, 321, 296, 268, 255, 235, 220, 191, 159, 144, 127
383, 382, 364, 365, 340, 316, 317, 318, 319, 320, 321, 296, 268, 255, 235, 234, 219, 190, 158, 145, 128
383, 382, 364, 365, 340, 316, 317, 318, 319, 320, 321, 296, 268, 255, 235, 234, 219, 190, 158, 145, 129
383, 382, 364, 365, 340, 316, 317, 318, 319, 320, 321, 296, 268, 255, 235, 234, 219, 190, 158, 145, 129, 130
383, 363, 342, 311, 304, 280, 246, 224, 207, 178, 170, 132, 131
383, 363, 342, 311, 304, 280, 246, 224, 207, 178, 170, 132
383, 363, 342, 311, 304, 281, 247, 222, 206, 198, 169, 134, 133
383, 363, 342, 311, 304, 281, 247, 222, 206, 198, 169, 134
383, 363, 342, 311, 304, 281, 247, 222, 206, 198, 168, 135
383, 363, 342, 311, 304, 281, 247, 222, 206, 198, 168, 135, 136
383, 363, 342, 311, 304, 281, 247, 222, 206, 198, 168, 135, 136, 137
383, 363, 342, 311, 304, 281, 247, 222, 206, 198, 168, 135, 136, 137, 138
383, 382, 364, 341, 313, 302, 283, 248, 241, 240, 202, 201, 194, 164, 139
383, 382, 364, 341, 313, 302, 283, 248, 241, 240, 202, 201, 194, 164, 163, 140
383, 382, 364, 365, 340, 316, 301, 284, 249, 250, 251, 238, 200, 193, 162, 141
383, 382, 364, 365, 340, 316, 301, 284, 249, 250, 251, 238, 200, 193, 162, 141, 142
383, 382, 364, 365, 340, 316, 301, 284, 249, 250, 251, 238, 200, 193, 162, 141, 142, 143
383, 382, 364, 365, 340, 316, 317, 318, 319, 320, 321, 296, 268, 255, 235, 220, 191, 159, 144
383, 382, 364, 365, 340, 316, 317, 318, 319, 320, 321, 296, 268, 255, 235, 234, 219, 190, 158, 145
383, 382, 364, 365, 340, 316, 317, 318, 319, 320, 321, 296, 268, 255, 235, 234, 219, 190, 158, 146
383, 382, 364, 365, 340, 316, 317, 318, 319, 320, 321, 296, 268, 255, 235, 234, 219, 190, 158, 146, 147
383, 384, 385, 360, 345, 309, 285, 278, 244, 226, 227, 228, 213, 183, 184, 176, 177, 148
383, 384, 385, 360, 345, 309, 285, 278, 244, 226, 227, 228, 213, 183, 184, 176, 149
383, 384, 385, 360, 345, 309, 285, 278, 244, 226, 227, 212, 182, 174, 175, 150
383, 384, 385, 360, 345, 309, 285, 278, 244, 226, 227, 212, 182, 173, 151
383, 384, 385, 360, 345, 309, 285, 278, 244, 226, 227, 212, 182, 173, 152
383, 384, 385, 360, 345, 309, 285, 278, 244, 226, 211, 180, 172, 153
383, 363, 342, 311, 310, 305, 279, 245, 225, 208, 179, 171, 155, 154
383, 363, 342, 311, 310, 305, 279, 245, 225, 208, 179, 171, 155
383, 384, 385, 360, 345, 309, 285, 278, 244, 226, 227, 228, 229, 215, 216, 186, 187, 156
383, 382, 364, 365, 340, 316, 317, 318, 319, 320, 321, 296, 268, 255, 235, 234, 219, 190, 158, 157
383, 382, 364, 365, 340, 316, 317, 318, 319, 320, 321, 296, 268, 255, 235, 234, 219, 190, 158
383, 382, 364, 365, 340, 316, 317, 318, 319, 320, 321, 296, 268, 255, 235, 220, 191, 159
383, 382, 364, 365, 340, 316, 301, 284, 249, 250, 251, 238, 200, 193, 192, 161, 160
383, 382, 364, 365, 340, 316, 301, 284, 249, 250, 251, 238, 200, 193, 192, 161
383, 382, 364, 365, 340, 316, 301, 284, 249, 250, 251, 238, 200, 193, 162
383, 382, 364, 341, 313, 302, 283, 248, 241, 240, 202, 201, 194, 164, 163
383, 382, 364, 341, 313, 302, 283, 248, 241, 240, 202, 201, 194, 164
383, 382, 364, 341, 313, 302, 283, 248, 241, 240, 203, 195, 165
383, 363, 342, 311, 304, 281, 247, 222, 206, 198, 167, 166
383, 363, 342, 311, 304, 281, 247, 222, 206, 198, 167
383, 363, 342, 311, 304, 281, 247, 222, 206, 198, 168
383, 363, 342, 311, 304, 281, 247, 222, 206, 198, 169
383, 363, 342, 311, 304, 280, 246, 224, 207, 178, 170
383, 363, 342, 311, 310, 305, 279, 245, 225, 208, 179, 171
383, 384, 385, 360, 345, 309, 285, 278, 244, 226, 211, 180, 172
383, 384, 385, 360, 345, 309, 285, 278, 244, 226, 227, 212, 182, 173
383, 384, 385, 360, 345, 309, 285, 278, 244, 226, 227, 212, 182, 174
383, 384, 385, 360, 345, 309, 285, 278, 244, 226, 227, 212, 182, 174, 175
383, 384, 385, 360, 345, 309, 285, 278, 244, 226, 227, 228, 213, 183, 184, 176
383, 384, 385, 360, 345, 309, 285, 278, 244, 226, 227, 228, 213, 183, 184, 176, 177
383, 363, 342, 311, 304, 280, 246, 224, 207, 178
383, 363, 342, 311, 310, 305, 279, 245, 225, 208, 179
383, 384, 385, 360, 345, 309, 285, 278, 244, 226, 211, 180
383, 384, 385, 360, 345, 309, 285, 278, 244, 226, 211, 180, 181
383, 384, 385, 360, 345, 309, 285, 278, 244, 226, 227, 212, 182
383, 384, 385, 360, 345, 309, 285, 278, 244, 226, 227, 228, 213, 183
383, 384, 385, 360, 345, 309, 285, 278, 244, 226, 227, 228, 213, 183, 184
383, 384, 385, 360, 345, 309, 285, 278, 244, 226, 227, 228, 213, 183, 184, 185
383, 384, 385, 360, 345, 309, 285, 278, 244, 226, 227, 228, 229, 215, 216, 186
383, 384, 385, 360, 345, 309, 285, 278, 244, 226, 227, 228, 229, 215, 216, 186, 187
383, 384, 385, 360, 345, 309, 285, 278, 244, 226, 227, 228, 229, 215, 216, 217, 188
383, 382, 364, 365, 340, 316, 317, 318, 319, 320, 321, 296, 268, 255, 235, 234, 219, 190, 189
383, 382, 364, 365, 340, 316, 317, 318, 319, 320, 321, 296, 268, 255, 235, 234, 219, 190
383, 382, 364, 365, 340, 316, 317, 318, 319, 320, 321, 296, 268, 255, 235, 220, 191
383, 382, 364, 365, 340, 316, 301, 284, 249, 250, 251, 238, 200, 193, 192
383, 382, 364, 365, 340, 316, 301, 284, 249, 250, 251, 238, 200, 193
383, 382, 364, 341, 313, 302, 283, 248, 241, 240, 202, 201, 194
383, 382, 364, 341, 313, 302, 283, 248, 241, 240, 203, 195
383, 382, 364, 341, 313, 302, 283, 248, 241, 204, 196
383, 363, 342, 311, 304, 281, 247, 222, 206, 205, 197
383, 363, 342, 311, 304, 281, 247, 222, 206, 198
383, 382, 364, 365, 340, 316, 301, 284, 249, 250, 251, 238, 200, 199
