371, 336, 320, 321, 296, 268, 255, 235, 234, 219, 190, 158, 145, 128, 105, 106, 83, 84, 51, 26, 0
371, 336, 320, 321, 296, 268, 255, 235, 234, 219, 190, 158, 145, 128, 105, 106, 83, 84, 51, 26, 1
371, 336, 320, 321, 296, 268, 255, 235, 234, 219, 190, 158, 145, 128, 105, 106, 83, 84, 51, 26, 2
371, 336, 320, 321, 296, 268, 255, 235, 234, 219, 190, 158, 145, 128, 105, 106, 83, 84, 51, 26, 2, 3
371, 336, 320, 321, 296, 268, 255, 235, 234, 219, 190, 158, 145, 128, 105, 106, 83, 84, 51, 26, 2, 3, 4
371, 336, 320, 321, 296, 268, 255, 235, 234, 219, 190, 158, 145, 128, 105, 106, 83, 84, 51, 26, 2, 3, 4, 5
371, 336, 320, 321, 296, 268, 255, 235, 234, 219, 190, 158, 145, 128, 105, 106, 83, 84, 51, 26, 2, 3, 4, 5, 6
371, 336, 320, 298, 267, 253, 237, 238, 239, 240, 241, 242, 222, 223, 207, 178, 170, 132, 117, 93, 71, 66, 44, 7
371, 336, 320, 298, 267, 253, 237, 199, 193, 163, 164, 165, 166, 137, 136, 120, 95, 73, 64, 42, 43, 9, 8
371, 336, 320, 298, 267, 253, 237, 199, 193, 163, 164, 165, 166, 137, 136, 120, 95, 73, 64, 42, 43, 9
371, 336, 320, 298, 267, 253, 237, 199, 193, 163, 164, 165, 166, 137, 136, 120, 95, 73, 63, 41, 10
371, 336, 320, 298, 267, 253, 237, 199, 193, 163, 164, 165, 138, 122, 97, 96, 74, 62, 40, 11
371, 336, 320, 298, 267, 253, 237, 199, 193, 163, 164, 165, 138, 122, 98, 75, 60, 37, 12
371, 336, 320, 298, 267, 253, 237, 199, 193, 162, 141, 124, 100, 77, 76, 59, 36, 13
371, 336, 320, 298, 267, 253, 237, 199, 193, 162, 141, 124, 100, 77, 58, 35, 14
371, 336, 320, 321, 296, 268, 254, 236, 221, 192, 161, 142, 125, 101, 78, 57, 33, 15
371, 336, 320, 321, 296, 268, 255, 235, 220, 191, 160, 143, 126, 103, 80, 56, 32, 16
371, 336, 320, 321, 296, 268, 255, 235, 220, 191, 159, 144, 127, 104, 81, 55, 31, 17
371, 336, 320, 321, 296, 268, 255, 235, 234, 219, 190, 158, 145, 128, 105, 82, 54, 30, 18
371, 336, 320, 321, 296, 268, 255, 235, 234, 219, 190, 158, 145, 128, 105, 82, 54, 30, 19
371, 336, 320, 321, 296, 268, 255, 235, 234, 219, 190, 158, 145, 128, 105, 82, 54, 30, 19, 20
371, 336, 320, 321, 296, 268, 255, 235, 234, 219, 190, 158, 145, 128, 105, 82, 54, 53, 29, 28, 21
371, 336, 320, 321, 296, 268, 255, 235, 234, 219, 190, 158, 145, 128, 105, 106, 83, 84, 51, 26, 2, 3, 4, 5, 22
371, 336, 320, 321, 296, 268, 255, 235, 234, 219, 190, 158, 145, 128, 105, 106, 83, 84, 51, 26, 25, 24, 23
371, 336, 320, 321, 296, 268, 255, 235, 234, 219, 190, 158, 145, 128, 105, 106, 83, 84, 51, 26, 25, 24
371, 336, 320, 321, 296, 268, 255, 235, 234, 219, 190, 158, 145, 128, 105, 106, 83, 84, 51, 26, 25
371, 336, 320, 321, 296, 268, 255, 235, 234, 219, 190, 158, 145, 128, 105, 106, 83, 84, 51, 26
371, 336, 320, 321, 296, 268, 255, 235, 234, 219, 190, 158, 145, 128, 105, 82, 54, 53, 29, 28, 27
371, 336, 320, 321, 296, 268, 255, 235, 234, 219, 190, 158, 145, 128, 105, 82, 54, 53, 29, 28
371, 336, 320, 321, 296, 268, 255, 235, 234, 219, 190, 158, 145, 128, 105, 82, 54, 53, 29
371, 336, 320, 321, 296, 268, 255, 235, 234, 219, 190, 158, 145, 128, 105, 82, 54, 30
371, 336, 320, 321, 296, 268, 255, 235, 220, 191, 159, 144, 127, 104, 81, 55, 31
371, 336, 320, 321, 296, 268, 255, 235, 220, 191, 160, 143, 126, 103, 80, 56, 32
371, 336, 320, 321, 296, 268, 254, 236, 221, 192, 161, 142, 125, 101, 78, 57, 33
371, 336, 320, 321, 296, 268, 254, 236, 221, 192, 161, 142, 125, 101, 78, 57, 34
371, 336, 320, 298, 267, 253, 237, 199, 193, 162, 141, 124, 100, 77, 58, 35
371, 336, 320, 298, 267, 253, 237, 199, 193, 162, 141, 124, 100, 77, 76, 59, 36
371, 336, 320, 298, 267, 253, 237, 199, 193, 163, 164, 165, 138, 122, 98, 75, 60, 37
371, 336, 320, 298, 267, 253, 237, 199, 193, 163, 164, 165, 138, 122, 98, 75, 60, 37, 38
371, 336, 320, 298, 267, 253, 237, 199, 193, 163, 164, 165, 138, 122, 98, 75, 60, 37, 38, 39
371, 336, 320, 298, 267, 253, 237, 199, 193, 163, 164, 165, 138, 122, 97, 96, 74, 62, 40
371, 336, 320, 298, 267, 253, 237, 199, 193, 163, 164, 165, 166, 137, 136, 120, 95, 73, 63, 41
371, 336, 320, 298, 267, 253, 237, 199, 193, 163, 164, 165, 166, 137, 136, 120, 95, 73, 64, 42
371, 336, 320, 298, 267, 253, 237, 199, 193, 163, 164, 165, 166, 137, 136, 120, 95, 73, 64, 42, 43
371, 336, 320, 298, 267, 253, 237, 238, 239, 240, 241, 242, 222, 223, 207, 178, 170, 132, 117, 93, 71, 66, 44
371, 336, 320, 321, 296, 268, 255, 235, 234, 219, 190, 158, 145, 128, 105, 106, 83, 84, 51, 26, 2, 3, 4, 5, 6, 45
371, 336, 320, 321, 296, 268, 255, 235, 234, 219, 190, 158, 146, 147, 148, 110, 108, 85, 50, 49, 48, 47, 46
371, 336, 320, 321, 296, 268, 255, 235, 234, 219, 190, 158, 146, 147, 148, 110, 108, 85, 50, 49, 48, 47
371, 336, 320, 321, 296, 268, 255, 235, 234, 219, 190, 158, 146, 147, 148, 110, 108, 85, 50, 49, 48
371, 336, 320, 321, 296, 268, 255, 235, 234, 219, 190, 158, 146, 147, 148, 110, 108, 85, 50, 49
371, 336, 320, 321, 296, 268, 255, 235, 234, 219, 190, 158, 146, 147, 148, 110, 108, 85, 50
371, 336, 320, 321, 296, 268, 255, 235, 234, 219, 190, 158, 145, 128, 105, 106, 83, 84, 51
371, 336, 320, 321, 296, 268, 255, 235, 234, 219, 190, 158, 145, 128, 105, 106, 83, 84, 52
371, 336, 320, 321, 296, 268, 255, 235, 234, 219, 190, 158, 145, 128, 105, 82, 54, 53
371, 336, 320, 321, 296, 268, 255, 235, 234, 219, 190, 158, 145, 128, 105, 82, 54
371, 336, 320, 321, 296, 268, 255, 235, 220, 191, 159, 144, 127, 104, 81, 55
371, 336, 320, 321, 296, 268, 255, 235, 220, 191, 160, 143, 126, 103, 80, 56
371, 336, 320, 321, 296, 268, 254, 236, 221, 192, 161, 142, 125, 101, 78, 57
371, 336, 320, 298, 267, 253, 237, 199, 193, 162, 141, 124, 100, 77, 58
371, 336, 320, 298, 267, 253, 237, 199, 193, 162, 141, 124, 100, 77, 76, 59
371, 336, 320, 298, 267, 253, 237, 199, 193, 163, 164, 165, 138, 122, 98, 75, 60
371, 336, 320, 298, 267, 253, 237, 199, 193, 163, 164, 165, 138, 122, 97, 96, 74, 61
371, 336, 320, 298, 267, 253, 237, 199, 193, 163, 164, 165, 138, 122, 97, 96, 74, 62
371, 336, 320, 298, 267, 253, 237, 199, 193, 163, 164, 165, 166, 137, 136, 120, 95, 73, 63
371, 336, 320, 298, 267, 253, 237, 199, 193, 163, 164, 165, 166, 137, 136, 120, 95, 73, 64
371, 336, 320, 298, 267, 253, 237, 199, 193, 163, 164, 165, 166, 137, 136, 120, 95, 94, 72, 65
371, 336, 320, 298, 267, 253, 237, 238, 239, 240, 241, 242, 222, 223, 207, 178, 170, 132, 117, 93, 71, 66
371, 336, 320, 321, 296, 268, 255, 235, 234, 219, 190, 158, 146, 147, 148, 110, 108, 109, 89, 90, 91, 68, 67
371, 336, 320, 321, 296, 268, 255, 235, 234, 219, 190, 158, 146, 147, 148, 110, 108, 109, 89, 90, 91, 68
371, 336, 320, 321, 296, 268, 255, 235, 234, 219, 190, 158, 146, 147, 148, 110, 108, 109, 89, 90, 91, 68, 69
371, 336, 320, 298, 267, 253, 237, 238, 239, 240, 241, 242, 222, 223, 207, 178, 170, 132, 117, 93, 70
371, 336, 320, 298, 267, 253, 237, 238, 239, 240, 241, 242, 222, 223, 207, 178, 170, 132, 117, 93, 71
371, 336, 320, 298, 267, 253, 237, 199, 193, 163, 164, 165, 166, 137, 136, 120, 95, 94, 72
371, 336, 320, 298, 267, 253, 237, 199, 193, 163, 164, 165, 166, 137, 136, 120, 95, 73
371, 336, 320, 298, 267, 253, 237, 199, 193, 163, 164, 165, 138, 122, 97, 96, 74
371, 336, 320, 298, 267, 253, 237, 199, 193, 163, 164, 165, 138, 122, 98, 75
371, 336, 320, 298, 267, 253, 237, 199, 193, 162, 141, 124, 100, 77, 76
371, 336, 320, 298, 267, 253, 237, 199, 193, 162, 141, 124, 100, 77
371, 336, 320, 321, 296, 268, 254, 236, 221, 192, 161, 142, 125, 101, 78
371, 336, 320, 321, 296, 268, 255, 235, 220, 191, 160, 143, 126, 102, 79
371, 336, 320, 321, 296, 268, 255, 235, 220, 191, 160, 143, 126, 103, 80
371, 336, 320, 321, 296, 268, 255, 235, 220, 191, 159, 144, 127, 104, 81
371, 336, 320, 321, 296, 268, 255, 235, 234, 219, 190, 158, 145, 128, 105, 82
371, 336, 320, 321, 296, 268, 255, 235, 234, 219, 190, 158, 145, 128, 105, 106, 83
371, 336, 320, 321, 296, 268, 255, 235, 234, 219, 190, 158, 145, 128, 105, 106, 83, 84
371, 336, 320, 321, 296, 268, 255, 235, 234, 219, 190, 158, 146, 147, 148, 110, 108, 85
371, 336, 320, 321, 296, 268, 255, 235, 234, 219, 190, 158, 146, 147, 148, 110, 108, 85, 86
371, 336, 320, 321, 296, 268, 255, 235, 234, 219, 190, 158, 146, 147, 148, 110, 108, 85, 86, 87
371, 336, 320, 321, 296, 268, 255, 235, 234, 219, 190, 158, 146, 147, 148, 110, 108, 85, 86, 87, 88
371, 336, 320, 321, 296, 268, 255, 235, 234, 219, 190, 158, 146, 147, 148, 110, 108, 109, 89
371, 336, 320, 321, 296, 268, 255, 235, 234, 219, 190, 158, 146, 147, 148, 110, 108, 109, 89, 90
371, 336, 320, 321, 296, 268, 255, 235, 234, 219, 190, 158, 146, 147, 148, 110, 108, 109, 89, 90, 91
371, 336, 320, 298, 267, 253, 237, 238, 239, 240, 241, 242, 222, 223, 207, 178, 170, 132, 117, 93, 92
371, 336, 320, 298, 267, 253, 237, 238, 239, 240, 241, 242, 222, 223, 207, 178, 170, 132, 117, 93
371, 336, 320, 298, 267, 253, 237, 199, 193, 163, 164, 165, 166, 137, 136, 120, 95, 94
371, 336, 320, 298, 267, 253, 237, 199, 193, 163, 164, 165, 166, 137, 136, 120, 95
371, 336, 320, 298, 267, 253, 237, 199, 193, 163, 164, 165, 138, 122, 97, 96
371, 336, 320, 298, 267, 253, 237, 199, 193, 163, 164, 165, 138, 122, 97
371, 336, 320, 298, 267, 253, 237, 199, 193, 163, 164, 165, 138, 122, 98
371, 336, 320, 298, 267, 253, 237, 199, 193, 163, 164, 139, 123, 99
371, 336, 320, 298, 267, 253, 237, 199, 193, 162, 141, 124, 100
371, 336, 320, 321, 296, 268, 254, 236, 221, 192, 161, 142, 125, 101
371, 336, 320, 321, 296, 268, 255, 235, 220, 191, 160, 143, 126, 102
371, 336, 320, 321, 296, 268, 255, 235, 220, 191, 160, 143, 126, 103
371, 336, 320, 321, 296, 268, 255, 235, 220, 191, 159, 144, 127, 104
371, 336, 320, 321, 296, 268, 255, 235, 234, 219, 190, 158, 145, 128, 105
371, 336, 320, 321, 296, 268, 255, 235, 234, 219, 190, 158, 145, 128, 105, 106
371, 336, 320, 321, 296, 268, 255, 235, 234, 219, 190, 158, 145, 128, 105, 106, 107
371, 336, 320, 321, 296, 268, 255, 235, 234, 219, 190, 158, 146, 147, 148, 110, 108
371, 336, 320, 321, 296, 268, 255, 235, 234, 219, 190, 158, 146, 147, 148, 110, 108, 109
371, 336, 320, 321, 296, 268, 255, 235, 234, 219, 190, 158, 146, 147, 148, 110
371, 336, 320, 321, 296, 268, 255, 235, 234, 219, 190, 158, 146, 147, 148, 110, 111
371, 336, 320, 321, 296, 268, 255, 235, 234, 219, 190, 158, 146, 147, 148, 110, 111, 112
371, 336, 320, 321, 296, 268, 255, 235, 234, 219, 190, 158, 146, 147, 148, 110, 111, 112, 113
371, 336, 320, 321, 296, 268, 255, 235, 234, 219, 190, 158, 146, 147, 148, 110, 111, 112, 113, 114
371, 336, 320, 321, 296, 268, 255, 235, 234, 219, 190, 158, 146, 147, 148, 110, 111, 112, 113, 114, 115
371, 336, 320, 298, 267, 253, 237, 238, 239, 240, 241, 242, 222, 223, 207, 178, 170, 132, 117, 116
371, 336, 320, 298, 267, 253, 237, 238, 239, 240, 241, 242, 222, 223, 207, 178, 170, 132, 117
371, 336, 320, 298, 267, 253, 237, 199, 193, 194, 195, 196, 197, 167, 168, 169, 134, 133, 118
371, 336, 320, 298, 267, 253, 237, 199, 193, 194, 195, 196, 197, 167, 168, 169, 134, 119
371, 336, 320, 298, 267, 253, 237, 199, 193, 163, 164, 165, 166, 137, 136, 120
371, 336, 320, 298, 267, 253, 237, 199, 193, 163, 164, 165, 138, 122, 121
371, 336, 320, 298, 267, 253, 237, 199, 193, 163, 164, 165, 138, 122
371, 336, 320, 298, 267, 253, 237, 199, 193, 163, 164, 139, 123
371, 336, 320, 298, 267, 253, 237, 199, 193, 162, 141, 124
371, 336, 320, 321, 296, 268, 254, 236, 221, 192, 161, 142, 125
371, 336, 320, 321, 296, 268, 255, 235, 220, 191, 160, 143, 126
371, 336, 320, 321, 296, 268, 255, 235, 220, 191, 159, 144, 127
371, 336, 320, 321, 296, 268, 255, 235, 234, 219, 190, 158, 145, 128
371, 336, 320, 321, 296, 268, 255, 235, 234, 219, 190, 158, 145, 129
371, 336, 320, 321, 296, 268, 255, 235, 234, 219, 190, 158, 145, 129, 130
371, 336, 320, 298, 267, 253, 237, 238, 239, 240, 241, 242, 222, 223, 207, 178, 170, 132, 131
371, 336, 320, 298, 267, 253, 237, 238, 239, 240, 241, 242, 222, 223, 207, 178, 170, 132
371, 336, 320, 298, 267, 253, 237, 199, 193, 194, 195, 196, 197, 167, 168, 169, 134, 133
371, 336, 320, 298, 267, 253, 237, 199, 193, 194, 195, 196, 197, 167, 168, 169, 134
371, 336, 320, 298, 267, 253, 237, 199, 193, 163, 164, 165, 166, 137, 136, 135
371, 336, 320, 298, 267, 253, 237, 199, 193, 163, 164, 165, 166, 137, 136
371, 336, 320, 298, 267, 253, 237, 199, 193, 163, 164, 165, 166, 137
371, 336, 320, 298, 267, 253, 237, 199, 193, 163, 164, 165, 138
371, 336, 320, 298, 267, 253, 237, 199, 193, 163, 164, 139
371, 336, 320, 298, 267, 253, 237, 199, 193, 163, 140
371, 336, 320, 298, 267, 253, 237, 199, 193, 162, 141
371, 336, 320, 321, 296, 268, 254, 236, 221, 192, 161, 142
371, 336, 320, 321, 296, 268, 255, 235, 220, 191, 160, 143
371, 336, 320, 321, 296, 268, 255, 235, 220, 191, 159, 144
371, 336, 320, 321, 296, 268, 255, 235, 234, 219, 190, 158, 145
371, 336, 320, 321, 296, 268, 255, 235, 234, 219, 190, 158, 146
371, 336, 320, 321, 296, 268, 255, 235, 234, 219, 190, 158, 146, 147
371, 336, 320, 321, 296, 268, 255, 235, 234, 219, 190, 158, 146, 147, 148
371, 336, 320, 321, 296, 268, 255, 235, 234, 219, 190, 158, 146, 147, 148, 149
371, 336, 320, 321, 296, 268, 255, 235, 234, 219, 190, 158, 146, 147, 148, 149, 150
371, 336, 320, 321, 296, 268, 255, 235, 234, 219, 190, 158, 146, 147, 148, 149, 150, 151
371, 336, 320, 321, 296, 268, 255, 235, 234, 219, 190, 158, 146, 147, 148, 149, 150, 151, 152
371, 336, 320, 321, 296, 268, 255, 256, 257, 232, 217, 216, 215, 214, 213, 212, 181, 172, 153
371, 336, 320, 298, 267, 253, 252, 251, 250, 249, 248, 247, 246, 224, 225, 208, 179, 171, 155, 154
371, 336, 320, 298, 267, 253, 252, 251, 250, 249, 248, 247, 246, 224, 225, 208, 179, 171, 155
371, 336, 320, 321, 296, 268, 255, 235, 234, 219, 190, 158, 157, 156
371, 336, 320, 321, 296, 268, 255, 235, 234, 219, 190, 158, 157
371, 336, 320, 321, 296, 268, 255, 235, 234, 219, 190, 158
371, 336, 320, 321, 296, 268, 255, 235, 220, 191, 159
371, 336, 320, 321, 296, 268, 255, 235, 220, 191, 160
371, 336, 320, 321, 296, 268, 254, 236, 221, 192, 161
371, 336, 320, 298, 267, 253, 237, 199, 193, 162
371, 336, 320, 298, 267, 253, 237, 199, 193, 163
371, 336, 320, 298, 267, 253, 237, 199, 193, 163, 164
371, 336, 320, 298, 267, 253, 237, 199, 193, 163, 164, 165
371, 336, 320, 298, 267, 253, 237, 199, 193, 163, 164, 165, 166
371, 336, 320, 298, 267, 253, 237, 199, 193, 194, 195, 196, 197, 167
371, 336, 320, 298, 267, 253, 237, 199, 193, 194, 195, 196, 197, 167, 168
371, 336, 320, 298, 267, 253, 237, 199, 193, 194, 195, 196, 197, 167, 168, 169
371, 336, 320, 298, 267, 253, 237, 238, 239, 240, 241, 242, 222, 223, 207, 178, 170
371, 336, 320, 298, 267, 253, 252, 251, 250, 249, 248, 247, 246, 224, 225, 208, 179, 171
371, 336, 320, 321, 296, 268, 255, 256, 257, 232, 217, 216, 215, 214, 213, 212, 181, 172
371, 336, 320, 321, 296, 268, 255, 235, 234, 219, 190, 158, 157, 156, 177, 176, 175, 174, 173
371, 336, 320, 321, 296, 268, 255, 235, 234, 219, 190, 158, 157, 156, 177, 176, 175, 174
371, 336, 320, 321, 296, 268, 255, 235, 234, 219, 190, 158, 157, 156, 177, 176, 175
371, 336, 320, 321, 296, 268, 255, 235, 234, 219, 190, 158, 157, 156, 177, 176
371, 336, 320, 321, 296, 268, 255, 235, 234, 219, 190, 158, 157, 156, 177
371, 336, 320, 298, 267, 253, 237, 238, 239, 240, 241, 242, 222, 223, 207, 178
371, 336, 320, 298, 267, 253, 252, 251, 250, 249, 248, 247, 246, 224, 225, 208, 179
371, 336, 320, 321, 296, 268, 255, 256, 257, 232, 217, 216, 215, 214, 213, 212, 181, 180
371, 336, 320, 321, 296, 268, 255, 256, 257, 232, 217, 216, 215, 214, 213, 212, 181
371, 336, 320, 321, 296, 268, 255, 256, 257, 232, 217, 216, 215, 184, 183, 182
371, 336, 320, 321, 296, 268, 255, 256, 257, 232, 217, 216, 215, 184, 183
371, 336, 320, 321, 296, 268, 255, 256, 257, 232, 217, 216, 215, 184
371, 336, 320, 321, 296, 268, 255, 235, 234, 219, 190, 189, 188, 187, 186, 185
371, 336, 320, 321, 296, 268, 255, 235, 234, 219, 190, 189, 188, 187, 186
371, 336, 320, 321, 296, 268, 255, 235, 234, 219, 190, 189, 188, 187
371, 336, 320, 321, 296, 268, 255, 235, 234, 219, 190, 189, 188
371, 336, 320, 321, 296, 268, 255, 235, 234, 219, 190, 189
371, 336, 320, 321, 296, 268, 255, 235, 234, 219, 190
371, 336, 320, 321, 296, 268, 255, 235, 220, 191
371, 336, 320, 321, 296, 268, 254, 236, 221, 192
371, 336, 320, 298, 267, 253, 237, 199, 193
371, 336, 320, 298, 267, 253, 237, 199, 193, 194
371, 336, 320, 298, 267, 253, 237, 199, 193, 194, 195
371, 336, 320, 298, 267, 253, 237, 199, 193, 194, 195, 196
371, 336, 320, 298, 267, 253, 237, 199, 193, 194, 195, 196, 197
371, 336, 320, 298, 267, 253, 237, 199, 193, 194, 195, 196, 197, 198
371, 336, 320, 298, 267, 253, 237, 199
