543, 511, 494, 465, 453, 429, 400, 374, 350, 334, 323, 295, 269, 270, 256, 233, 219, 190, 158, 145, 128, 105, 106, 83, 84, 51, 26, 0
543, 511, 494, 465, 453, 429, 400, 374, 350, 334, 323, 295, 269, 270, 256, 233, 219, 190, 158, 145, 128, 105, 106, 83, 84, 51, 26, 1
543, 511, 494, 465, 453, 429, 400, 374, 350, 334, 323, 295, 269, 270, 256, 233, 219, 190, 158, 145, 128, 105, 106, 83, 84, 51, 26, 2
543, 511, 494, 465, 453, 429, 400, 374, 350, 334, 323, 295, 269, 270, 256, 233, 219, 190, 158, 145, 128, 105, 106, 83, 84, 51, 26, 2, 3
543, 511, 494, 465, 453, 429, 400, 374, 350, 334, 323, 295, 269, 270, 256, 233, 219, 190, 158, 145, 128, 105, 106, 83, 84, 51, 26, 2, 3, 4
543, 511, 494, 465, 453, 429, 400, 374, 350, 334, 323, 295, 269, 270, 256, 233, 219, 190, 158, 145, 128, 105, 106, 83, 84, 51, 26, 2, 3, 4, 5
543, 511, 494, 465, 453, 429, 400, 374, 350, 334, 323, 295, 269, 270, 256, 233, 219, 190, 158, 145, 128, 105, 106, 83, 84, 51, 26, 2, 3, 4, 5, 6
543, 510, 493, 492, 467, 456, 433, 403, 378, 369, 338, 318, 300, 301, 302, 303, 304, 280, 246, 224, 207, 178, 170, 132, 117, 93, 71, 66, 44, 7
543, 510, 493, 466, 455, 432, 402, 376, 370, 337, 319, 299, 266, 251, 250, 240, 241, 204, 196, 197, 167, 136, 120, 95, 73, 64, 42, 43, 9, 8
543, 510, 493, 466, 455, 432, 402, 376, 370, 337, 319, 299, 266, 251, 250, 240, 241, 204, 196, 197, 167, 136, 120, 95, 73, 64, 42, 43, 9
543, 510, 493, 466, 455, 432, 402, 376, 370, 337, 319, 299, 266, 251, 250, 240, 241, 204, 196, 197, 167, 136, 120, 95, 73, 63, 41, 10
543, 510, 493, 466, 455, 432, 402, 376, 370, 337, 319, 299, 266, 251, 250, 240, 241, 204, 196, 166, 137, 121, 96, 74, 62, 40, 11
543, 510, 493, 466, 455, 432, 402, 376, 370, 337, 319, 299, 266, 251, 250, 239, 202, 195, 165, 138, 122, 98, 75, 60, 37, 12
543, 510, 493, 466, 455, 431, 401, 375, 371, 336, 320, 298, 267, 253, 237, 199, 193, 162, 141, 124, 100, 77, 76, 59, 36, 13
543, 510, 493, 466, 455, 431, 401, 375, 371, 336, 320, 298, 267, 253, 237, 199, 193, 162, 141, 124, 100, 77, 58, 35, 14
543, 510, 493, 466, 455, 431, 401, 375, 349, 335, 322, 296, 268, 254, 236, 221, 192, 161, 142, 125, 101, 78, 57, 33, 15
543, 511, 494, 465, 453, 429, 400, 374, 350, 334, 323, 295, 269, 255, 235, 220, 191, 160, 143, 126, 103, 80, 56, 32, 16
543, 511, 494, 465, 453, 429, 400, 374, 350, 334, 323, 295, 269, 255, 235, 220, 191, 159, 144, 127, 104, 81, 55, 31, 17
543, 511, 494, 465, 453, 429, 400, 374, 350, 334, 323, 295, 269, 270, 256, 233, 219, 190, 158, 145, 128, 105, 82, 54, 30, 18
543, 511, 494, 465, 453, 429, 400, 374, 350, 334, 323, 295, 269, 270, 256, 233, 219, 190, 158, 145, 128, 105, 82, 54, 30, 19
543, 511, 494, 465, 453, 429, 400, 374, 350, 334, 323, 295, 269, 270, 256, 233, 219, 190, 158, 145, 128, 105, 82, 54, 30, 19, 20
543, 511, 494, 465, 453, 429, 400, 374, 350, 334, 323, 295, 269, 270, 256, 233, 219, 190, 158, 145, 128, 105, 82, 54, 53, 29, 28, 21
543, 511, 494, 465, 453, 429, 400, 374, 350, 334, 323, 295, 269, 270, 256, 233, 219, 190, 158, 145, 128, 105, 106, 83, 84, 51, 26, 2, 3, 4, 5, 22
543, 511, 494, 465, 453, 429, 400, 374, 350, 334, 323, 295, 269, 270, 256, 233, 219, 190, 158, 145, 128, 105, 106, 83, 84, 51, 26, 25, 24, 23
543, 511, 494, 465, 453, 429, 400, 374, 350, 334, 323, 295, 269, 270, 256, 233, 219, 190, 158, 145, 128, 105, 106, 83, 84, 51, 26, 25, 24
543, 511, 494, 465, 453, 429, 400, 374, 350, 334, 323, 295, 269, 270, 256, 233, 219, 190, 158, 145, 128, 105, 106, 83, 84, 51, 26, 25
543, 511, 494, 465, 453, 429, 400, 374, 350, 334, 323, 295, 269, 270, 256, 233, 219, 190, 158, 145, 128, 105, 106, 83, 84, 51, 26
543, 511, 494, 465, 453, 429, 400, 374, 350, 334, 323, 295, 269, 270, 256, 233, 219, 190, 158, 145, 128, 105, 82, 54, 53, 29, 28, 27
543, 511, 494, 465, 453, 429, 400, 374, 350, 334, 323, 295, 269, 270, 256, 233, 219, 190, 158, 145, 128, 105, 82, 54, 53, 29, 28
543, 511, 494, 465, 453, 429, 400, 374, 350, 334, 323, 295, 269, 270, 256, 233, 219, 190, 158, 145, 128, 105, 82, 54, 53, 29
543, 511, 494, 465, 453, 429, 400, 374, 350, 334, 323, 295, 269, 270, 256, 233, 219, 190, 158, 145, 128, 105, 82, 54, 30
543, 511, 494, 465, 453, 429, 400, 374, 350, 334, 323, 295, 269, 255, 235, 220, 191, 159, 144, 127, 104, 81, 55, 31
543, 511, 494, 465, 453, 429, 400, 374, 350, 334, 323, 295, 269, 255, 235, 220, 191, 160, 143, 126, 103, 80, 56, 32
543, 510, 493, 466, 455, 431, 401, 375, 349, 335, 322, 296, 268, 254, 236, 221, 192, 161, 142, 125, 101, 78, 57, 33
543, 510, 493, 466, 455, 431, 401, 375, 349, 335, 322, 296, 268, 254, 236, 221, 192, 161, 142, 125, 101, 78, 57, 34
543, 510, 493, 466, 455, 431, 401, 375, 371, 336, 320, 298, 267, 253, 237, 199, 193, 162, 141, 124, 100, 77, 58, 35
543, 510, 493, 466, 455, 431, 401, 375, 371, 336, 320, 298, 267, 253, 237, 199, 193, 162, 141, 124, 100, 77, 76, 59, 36
543, 510, 493, 466, 455, 432, 402, 376, 370, 337, 319, 299, 266, 251, 250, 239, 202, 195, 165, 138, 122, 98, 75, 60, 37
543, 510, 493, 466, 455, 432, 402, 376, 370, 337, 319, 299, 266, 251, 250, 240, 241, 204, 196, 166, 137, 121, 96, 74, 61, 38
543, 510, 493, 466, 455, 432, 402, 376, 370, 337, 319, 299, 266, 251, 250, 240, 241, 204, 196, 166, 137, 121, 96, 74, 61, 38, 39
543, 510, 493, 466, 455, 432, 402, 376, 370, 337, 319, 299, 266, 251, 250, 240, 241, 204, 196, 166, 137, 121, 96, 74, 62, 40
543, 510, 493, 466, 455, 432, 402, 376, 370, 337, 319, 299, 266, 251, 250, 240, 241, 204, 196, 197, 167, 136, 120, 95, 73, 63, 41
543, 510, 493, 466, 455, 432, 402, 376, 370, 337, 319, 299, 266, 251, 250, 240, 241, 204, 196, 197, 167, 136, 120, 95, 73, 64, 42
543, 510, 493, 466, 455, 432, 402, 376, 370, 337, 319, 299, 266, 251, 250, 240, 241, 204, 196, 197, 167, 136, 120, 95, 73, 64, 42, 43
543, 510, 493, 492, 467, 456, 433, 403, 378, 369, 338, 318, 300, 301, 302, 303, 304, 280, 246, 224, 207, 178, 170, 132, 117, 93, 71, 66, 44
543, 511, 494, 465, 453, 429, 400, 374, 351, 332, 331, 324, 293, 272, 273, 259, 260, 261, 262, 228, 227, 212, 181, 172, 154, 116, 92, 69, 67, 45
543, 511, 494, 465, 453, 429, 400, 374, 350, 334, 323, 295, 269, 270, 256, 233, 219, 190, 158, 146, 147, 148, 110, 108, 85, 50, 49, 48, 47, 46
543, 511, 494, 465, 453, 429, 400, 374, 350, 334, 323, 295, 269, 270, 256, 233, 219, 190, 158, 146, 147, 148, 110, 108, 85, 50, 49, 48, 47
543, 511, 494, 465, 453, 429, 400, 374, 350, 334, 323, 295, 269, 270, 256, 233, 219, 190, 158, 146, 147, 148, 110, 108, 85, 50, 49, 48
543, 511, 494, 465, 453, 429, 400, 374, 350, 334, 323, 295, 269, 270, 256, 233, 219, 190, 158, 146, 147, 148, 110, 108, 85, 50, 49
543, 511, 494, 465, 453, 429, 400, 374, 350, 334, 323, 295, 269, 270, 256, 233, 219, 190, 158, 146, 147, 148, 110, 108, 85, 50
543, 511, 494, 465, 453, 429, 400, 374, 350, 334, 323, 295, 269, 270, 256, 233, 219, 190, 158, 145, 128, 105, 106, 83, 84, 51
543, 511, 494, 465, 453, 429, 400, 374, 350, 334, 323, 295, 269, 270, 256, 233, 219, 190, 158, 145, 128, 105, 106, 83, 84, 52
543, 511, 494, 465, 453, 429, 400, 374, 350, 334, 323, 295, 269, 270, 256, 233, 219, 190, 158, 145, 128, 105, 82, 54, 53
543, 511, 494, 465, 453, 429, 400, 374, 350, 334, 323, 295, 269, 270, 256, 233, 219, 190, 158, 145, 128, 105, 82, 54
543, 511, 494, 465, 453, 429, 400, 374, 350, 334, 323, 295, 269, 255, 235, 220, 191, 159, 144, 127, 104, 81, 55
543, 511, 494, 465, 453, 429, 400, 374, 350, 334, 323, 295, 269, 255, 235, 220, 191, 160, 143, 126, 103, 80, 56
543, 510, 493, 466, 455, 431, 401, 375, 349, 335, 322, 296, 268, 254, 236, 221, 192, 161, 142, 125, 101, 78, 57
543, 510, 493, 466, 455, 431, 401, 375, 371, 336, 320, 298, 267, 253, 237, 199, 193, 162, 141, 124, 100, 77, 58
543, 510, 493, 466, 455, 431, 401, 375, 371, 336, 320, 298, 267, 253, 237, 199, 193, 162, 141, 124, 100, 77, 76, 59
543, 510, 493, 466, 455, 432, 402, 376, 370, 337, 319, 299, 266, 251, 250, 239, 202, 195, 165, 138, 122, 98, 75, 60
543, 510, 493, 466, 455, 432, 402, 376, 370, 337, 319, 299, 266, 251, 250, 240, 241, 204, 196, 166, 137, 121, 96, 74, 61
543, 510, 493, 466, 455, 432, 402, 376, 370, 337, 319, 299, 266, 251, 250, 240, 241, 204, 196, 166, 137, 121, 96, 74, 62
543, 510, 493, 466, 455, 432, 402, 376, 370, 337, 319, 299, 266, 251, 250, 240, 241, 204, 196, 197, 167, 136, 120, 95, 73, 63
543, 510, 493, 466, 455, 432, 402, 376, 370, 337, 319, 299, 266, 251, 250, 240, 241, 204, 196, 197, 167, 136, 120, 95, 73, 64
543, 510, 493, 466, 455, 432, 402, 376, 370, 337, 319, 299, 266, 251, 250, 240, 241, 204, 196, 197, 167, 136, 120, 95, 94, 72, 65
543, 510, 493, 492, 467, 456, 433, 403, 378, 369, 338, 318, 300, 301, 302, 303, 304, 280, 246, 224, 207, 178, 170, 132, 117, 93, 71, 66
543, 511, 494, 465, 453, 429, 400, 374, 351, 332, 331, 324, 293, 272, 273, 259, 260, 261, 262, 228, 227, 212, 181, 172, 154, 116, 92, 69, 67
543, 511, 494, 465, 453, 429, 400, 374, 351, 332, 331, 324, 293, 272, 273, 259, 260, 261, 262, 228, 227, 212, 181, 172, 153, 115, 91, 68
543, 511, 494, 465, 453, 429, 400, 374, 351, 332, 331, 324, 293, 272, 273, 259, 260, 261, 262, 228, 227, 212, 181, 172, 154, 116, 92, 69
543, 510, 493, 492, 467, 456, 433, 403, 378, 369, 338, 318, 300, 301, 302, 303, 304, 280, 246, 224, 207, 178, 170, 132, 117, 93, 70
543, 510, 493, 492, 467, 456, 433, 403, 378, 369, 338, 318, 300, 301, 302, 303, 304, 280, 246, 224, 207, 178, 170, 132, 117, 93, 71
543, 510, 493, 466, 455, 432, 402, 376, 370, 337, 319, 299, 266, 251, 250, 240, 241, 204, 196, 197, 167, 136, 120, 95, 94, 72
543, 510, 493, 466, 455, 432, 402, 376, 370, 337, 319, 299, 266, 251, 250, 240, 241, 204, 196, 197, 167, 136, 120, 95, 73
543, 510, 493, 466, 455, 432, 402, 376, 370, 337, 319, 299, 266, 251, 250, 240, 241, 204, 196, 166, 137, 121, 96, 74
543, 510, 493, 466, 455, 432, 402, 376, 370, 337, 319, 299, 266, 251, 250, 239, 202, 195, 165, 138, 122, 98, 75
543, 510, 493, 466, 455, 431, 401, 375, 371, 336, 320, 298, 267, 253, 237, 199, 193, 162, 141, 124, 100, 77, 76
543, 510, 493, 466, 455, 431, 401, 375, 371, 336, 320, 298, 267, 253, 237, 199, 193, 162, 141, 124, 100, 77
543, 510, 493, 466, 455, 431, 401, 375, 349, 335, 322, 296, 268, 254, 236, 221, 192, 161, 142, 125, 101, 78
543, 511, 494, 465, 453, 429, 400, 374, 350, 334, 323, 295, 269, 255, 235, 220, 191, 160, 143, 126, 102, 79
543, 511, 494, 465, 453, 429, 400, 374, 350, 334, 323, 295, 269, 255, 235, 220, 191, 160, 143, 126, 103, 80
543, 511, 494, 465, 453, 429, 400, 374, 350, 334, 323, 295, 269, 255, 235, 220, 191, 159, 144, 127, 104, 81
543, 511, 494, 465, 453, 429, 400, 374, 350, 334, 323, 295, 269, 270, 256, 233, 219, 190, 158, 145, 128, 105, 82
543, 511, 494, 465, 453, 429, 400, 374, 350, 334, 323, 295, 269, 270, 256, 233, 219, 190, 158, 145, 128, 105, 106, 83
543, 511, 494, 465, 453, 429, 400, 374, 350, 334, 323, 295, 269, 270, 256, 233, 219, 190, 158, 145, 128, 105, 106, 83, 84
543, 511, 494, 465, 453, 429, 400, 374, 350, 334, 323, 295, 269, 270, 256, 233, 219, 190, 158, 146, 147, 148, 110, 108, 85
543, 511, 494, 465, 453, 429, 400, 374, 350, 334, 323, 295, 269, 270, 256, 233, 219, 190, 158, 146, 147, 148, 110, 108, 85, 86
543, 511, 494, 465, 453, 429, 400, 374, 350, 334, 323, 295, 269, 270, 256, 233, 219, 190, 158, 146, 147, 148, 110, 108, 85, 86, 87
543, 511, 494, 465, 453, 429, 400, 374, 350, 334, 323, 295, 269, 270, 256, 233, 219, 190, 158, 146, 147, 148, 110, 108, 85, 86, 87, 88
543, 511, 494, 465, 453, 429, 400, 374, 350, 334, 323, 295, 269, 270, 256, 233, 219, 190, 158, 146, 147, 148, 110, 108, 109, 89
543, 511, 494, 465, 453, 429, 400, 374, 350, 334, 323, 295, 269, 270, 256, 233, 219, 190, 158, 146, 147, 148, 110, 108, 109, 89, 90
543, 511, 494, 465, 453, 429, 400, 374, 351, 332, 331, 324, 293, 272, 273, 259, 260, 261, 262, 228, 227, 212, 181, 172, 153, 115, 91
543, 511, 494, 465, 453, 429, 400, 374, 351, 332, 331, 324, 293, 272, 273, 259, 260, 261, 262, 228, 227, 212, 181, 172, 154, 116, 92
543, 510, 493, 492, 467, 456, 433, 403, 378, 369, 338, 318, 300, 301, 302, 303, 304, 280, 246, 224, 207, 178, 170, 132, 117, 93
543, 510, 493, 466, 455, 432, 402, 376, 370, 337, 319, 299, 266, 251, 250, 240, 241, 204, 196, 197, 167, 136, 120, 95, 94
543, 510, 493, 466, 455, 432, 402, 376, 370, 337, 319, 299, 266, 251, 250, 240, 241, 204, 196, 197, 167, 136, 120, 95
543, 510, 493, 466, 455, 432, 402, 376, 370, 337, 319, 299, 266, 251, 250, 240, 241, 204, 196, 166, 137, 121, 96
543, 510, 493, 466, 455, 432, 402, 376, 370, 337, 319, 299, 266, 251, 250, 239, 202, 195, 165, 138, 122, 97
543, 510, 493, 466, 455, 432, 402, 376, 370, 337, 319, 299, 266, 251, 250, 239, 202, 195, 165, 138, 122, 98
543, 510, 493, 466, 455, 431, 401, 375, 371, 336, 320, 298, 267, 253, 237, 199, 193, 163, 164, 139, 123, 99
543, 510, 493, 466, 455, 431, 401, 375, 371, 336, 320, 298, 267, 253, 237, 199, 193, 162, 141, 124, 100
543, 510, 493, 466, 455, 431, 401, 375, 349, 335, 322, 296, 268, 254, 236, 221, 192, 161, 142, 125, 101
543, 511, 494, 465, 453, 429, 400, 374, 350, 334, 323, 295, 269, 255, 235, 220, 191, 160, 143, 126, 102
543, 511, 494, 465, 453, 429, 400, 374, 350, 334, 323, 295, 269, 255, 235, 220, 191, 160, 143, 126, 103
543, 511, 494, 465, 453, 429, 400, 374, 350, 334, 323, 295, 269, 255, 235, 220, 191, 159, 144, 127, 104
543, 511, 494, 465, 453, 429, 400, 374, 350, 334, 323, 295, 269, 270, 256, 233, 219, 190, 158, 145, 128, 105
543, 511, 494, 465, 453, 429, 400, 374, 350, 334, 323, 295, 269, 270, 256, 233, 219, 190, 158, 145, 128, 105, 106
543, 511, 494, 465, 453, 429, 400, 374, 350, 334, 323, 295, 269, 270, 256, 233, 219, 190, 158, 145, 128, 105, 106, 107
543, 511, 494, 465, 453, 429, 400, 374, 350, 334, 323, 295, 269, 270, 256, 233, 219, 190, 158, 146, 147, 148, 110, 108
543, 511, 494, 465, 453, 429, 400, 374, 350, 334, 323, 295, 269, 270, 256, 233, 219, 190, 158, 146, 147, 148, 110, 108, 109
543, 511, 494, 465, 453, 429, 400, 374, 350, 334, 323, 295, 269, 270, 256, 233, 219, 190, 158, 146, 147, 148, 110
543, 511, 494, 465, 453, 429, 400, 374, 350, 334, 323, 295, 269, 270, 256, 233, 219, 190, 158, 146, 147, 148, 110, 111
543, 511, 494, 465, 453, 429, 400, 374, 350, 334, 323, 295, 269, 270, 256, 233, 219, 190, 158, 146, 147, 148, 110, 111, 112
543, 511, 494, 465, 453, 429, 400, 374, 350, 334, 323, 295, 269, 270, 256, 233, 219, 190, 158, 146, 147, 148, 110, 111, 112, 113
543, 511, 494, 465, 453, 429, 400, 374, 351, 332, 331, 324, 293, 271, 258, 232, 217, 216, 215, 184, 183, 175, 174, 151, 114
543, 511, 494, 465, 453, 429, 400, 374, 351, 332, 331, 324, 293, 272, 273, 259, 260, 261, 262, 228, 227, 212, 181, 172, 153, 115
543, 511, 494, 465, 453, 429, 400, 374, 351, 332, 331, 324, 293, 272, 273, 259, 260, 261, 262, 228, 227, 212, 181, 172, 154, 116
543, 510, 493, 492, 467, 456, 433, 403, 378, 369, 338, 318, 300, 301, 302, 303, 304, 280, 246, 224, 207, 178, 170, 132, 117
543, 510, 493, 466, 455, 432, 402, 376, 370, 337, 319, 299, 266, 251, 250, 249, 248, 242, 205, 206, 198, 169, 134, 133, 118
543, 510, 493, 466, 455, 432, 402, 376, 370, 337, 319, 299, 266, 251, 250, 249, 248, 242, 205, 206, 198, 169, 134, 119
543, 510, 493, 466, 455, 432, 402, 376, 370, 337, 319, 299, 266, 251, 250, 240, 241, 204, 196, 197, 167, 136, 120
543, 510, 493, 466, 455, 432, 402, 376, 370, 337, 319, 299, 266, 251, 250, 240, 241, 204, 196, 166, 137, 121
543, 510, 493, 466, 455, 432, 402, 376, 370, 337, 319, 299, 266, 251, 250, 239, 202, 195, 165, 138, 122
543, 510, 493, 466, 455, 431, 401, 375, 371, 336, 320, 298, 267, 253, 237, 199, 193, 163, 164, 139, 123
543, 510, 493, 466, 455, 431, 401, 375, 371, 336, 320, 298, 267, 253, 237, 199, 193, 162, 141, 124
543, 510, 493, 466, 455, 431, 401, 375, 349, 335, 322, 296, 268, 254, 236, 221, 192, 161, 142, 125
543, 511, 494, 465, 453, 429, 400, 374, 350, 334, 323, 295, 269, 255, 235, 220, 191, 160, 143, 126
543, 511, 494, 465, 453, 429, 400, 374, 350, 334, 323, 295, 269, 255, 235, 220, 191, 159, 144, 127
543, 511, 494, 465, 453, 429, 400, 374, 350, 334, 323, 295, 269, 270, 256, 233, 219, 190, 158, 145, 128
543, 511, 494, 465, 453, 429, 400, 374, 350, 334, 323, 295, 269, 270, 256, 233, 219, 190, 158, 145, 129
543, 511, 494, 465, 453, 429, 400, 374, 350, 334, 323, 295, 269, 270, 256, 233, 219, 190, 158, 145, 129, 130
543, 510, 493, 492, 467, 456, 433, 403, 378, 369, 338, 318, 300, 301, 302, 303, 304, 280, 246, 224, 207, 178, 170, 132, 131
543, 510, 493, 492, 467, 456, 433, 403, 378, 369, 338, 318, 300, 301, 302, 303, 304, 280, 246, 224, 207, 178, 170, 132
543, 510, 493, 466, 455, 432, 402, 376, 370, 337, 319, 299, 266, 251, 250, 249, 248, 242, 205, 206, 198, 169, 134, 133
543, 510, 493, 466, 455, 432, 402, 376, 370, 337, 319, 299, 266, 251, 250, 249, 248, 242, 205, 206, 198, 169, 134
543, 510, 493, 466, 455, 432, 402, 376, 370, 337, 319, 299, 266, 251, 250, 240, 241, 204, 196, 197, 167, 136, 135
543, 510, 493, 466, 455, 432, 402, 376, 370, 337, 319, 299, 266, 251, 250, 240, 241, 204, 196, 197, 167, 136
543, 510, 493, 466, 455, 432, 402, 376, 370, 337, 319, 299, 266, 251, 250, 240, 241, 204, 196, 166, 137
543, 510, 493, 466, 455, 432, 402, 376, 370, 337, 319, 299, 266, 251, 250, 239, 202, 195, 165, 138
543, 510, 493, 466, 455, 431, 401, 375, 371, 336, 320, 298, 267, 253, 237, 199, 193, 163, 164, 139
543, 510, 493, 466, 455, 431, 401, 375, 371, 336, 320, 298, 267, 253, 237, 199, 193, 163, 140
543, 510, 493, 466, 455, 431, 401, 375, 371, 336, 320, 298, 267, 253, 237, 199, 193, 162, 141
543, 510, 493, 466, 455, 431, 401, 375, 349, 335, 322, 296, 268, 254, 236, 221, 192, 161, 142
543, 511, 494, 465, 453, 429, 400, 374, 350, 334, 323, 295, 269, 255, 235, 220, 191, 160, 143
543, 511, 494, 465, 453, 429, 400, 374, 350, 334, 323, 295, 269, 255, 235, 220, 191, 159, 144
543, 511, 494, 465, 453, 429, 400, 374, 350, 334, 323, 295, 269, 270, 256, 233, 219, 190, 158, 145
543, 511, 494, 465, 453, 429, 400, 374, 350, 334, 323, 295, 269, 270, 256, 233, 219, 190, 158, 146
543, 511, 494, 465, 453, 429, 400, 374, 350, 334, 323, 295, 269, 270, 256, 233, 219, 190, 158, 146, 147
543, 511, 494, 465, 453, 429, 400, 374, 350, 334, 323, 295, 269, 270, 256, 233, 219, 190, 158, 146, 147, 148
543, 511, 494, 465, 453, 429, 400, 374, 350, 334, 323, 295, 269, 270, 256, 233, 219, 190, 158, 146, 147, 148, 149
543, 511, 494, 465, 453, 429, 400, 374, 351, 332, 331, 324, 293, 271, 258, 232, 217, 216, 215, 184, 183, 175, 150
543, 511, 494, 465, 453, 429, 400, 374, 351, 332, 331, 324, 293, 271, 258, 232, 217, 216, 215, 184, 183, 175, 174, 151
543, 511, 494, 465, 453, 429, 400, 374, 351, 332, 331, 324, 293, 271, 258, 232, 217, 216, 215, 184, 183, 175, 174, 151, 152
543, 511, 494, 465, 453, 429, 400, 374, 351, 332, 331, 324, 293, 272, 273, 259, 260, 261, 262, 228, 227, 212, 181, 172, 153
543, 511, 494, 465, 453, 429, 400, 374, 351, 332, 331, 324, 293, 272, 273, 259, 260, 261, 262, 228, 227, 212, 181, 172, 154
543, 510, 493, 492, 467, 456, 433, 403, 378, 369, 338, 318, 300, 301, 302, 303, 304, 280, 246, 224, 225, 208, 179, 171, 155
543, 511, 494, 465, 453, 429, 400, 374, 351, 332, 331, 324, 293, 271, 258, 232, 217, 187, 156
543, 511, 494, 465, 453, 429, 400, 374, 350, 334, 323, 295, 269, 270, 256, 233, 219, 190, 158, 157
543, 511, 494, 465, 453, 429, 400, 374, 350, 334, 323, 295, 269, 270, 256, 233, 219, 190, 158
543, 511, 494, 465, 453, 429, 400, 374, 350, 334, 323, 295, 269, 255, 235, 220, 191, 159
543, 511, 494, 465, 453, 429, 400, 374, 350, 334, 323, 295, 269, 255, 235, 220, 191, 160
543, 510, 493, 466, 455, 431, 401, 375, 349, 335, 322, 296, 268, 254, 236, 221, 192, 161
543, 510, 493, 466, 455, 431, 401, 375, 371, 336, 320, 298, 267, 253, 237, 199, 193, 162
543, 510, 493, 466, 455, 431, 401, 375, 371, 336, 320, 298, 267, 253, 237, 199, 193, 163
543, 510, 493, 466, 455, 431, 401, 375, 371, 336, 320, 298, 267, 253, 237, 199, 193, 163, 164
543, 510, 493, 466, 455, 432, 402, 376, 370, 337, 319, 299, 266, 251, 250, 239, 202, 195, 165
543, 510, 493, 466, 455, 432, 402, 376, 370, 337, 319, 299, 266, 251, 250, 240, 241, 204, 196, 166
543, 510, 493, 466, 455, 432, 402, 376, 370, 337, 319, 299, 266, 251, 250, 240, 241, 204, 196, 197, 167
543, 510, 493, 466, 455, 432, 402, 376, 370, 337, 319, 299, 266, 251, 250, 240, 241, 204, 196, 197, 167, 168
543, 510, 493, 466, 455, 432, 402, 376, 370, 337, 319, 299, 266, 251, 250, 249, 248, 242, 205, 206, 198, 169
543, 510, 493, 492, 467, 456, 433, 403, 378, 369, 338, 318, 300, 301, 302, 303, 304, 280, 246, 224, 207, 178, 170
543, 510, 493, 492, 467, 456, 433, 403, 378, 369, 338, 318, 300, 301, 302, 303, 304, 280, 246, 224, 225, 208, 179, 171
543, 511, 494, 465, 453, 429, 400, 374, 351, 332, 331, 324, 293, 272, 273, 259, 260, 261, 262, 228, 227, 212, 181, 172
543, 511, 494, 465, 453, 429, 400, 374, 351, 332, 331, 324, 293, 271, 258, 232, 217, 216, 215, 184, 183, 175, 174, 173
543, 511, 494, 465, 453, 429, 400, 374, 351, 332, 331, 324, 293, 271, 258, 232, 217, 216, 215, 184, 183, 175, 174
543, 511, 494, 465, 453, 429, 400, 374, 351, 332, 331, 324, 293, 271, 258, 232, 217, 216, 215, 184, 183, 175
543, 511, 494, 465, 453, 429, 400, 374, 351, 332, 331, 324, 293, 271, 258, 232, 217, 187, 186, 177, 176
543, 511, 494, 465, 453, 429, 400, 374, 351, 332, 331, 324, 293, 271, 258, 232, 217, 187, 186, 177
543, 510, 493, 492, 467, 456, 433, 403, 378, 369, 338, 318, 300, 301, 302, 303, 304, 280, 246, 224, 207, 178
543, 510, 493, 492, 467, 456, 433, 403, 378, 369, 338, 318, 300, 301, 302, 303, 304, 280, 246, 224, 225, 208, 179
543, 511, 494, 465, 453, 429, 400, 374, 351, 332, 331, 324, 293, 272, 273, 259, 260, 261, 262, 228, 227, 212, 181, 180
543, 511, 494, 465, 453, 429, 400, 374, 351, 332, 331, 324, 293, 272, 273, 259, 260, 261, 262, 228, 227, 212, 181
543, 511, 494, 465, 453, 429, 400, 374, 351, 332, 331, 324, 293, 271, 258, 232, 217, 216, 215, 184, 183, 182
543, 511, 494, 465, 453, 429, 400, 374, 351, 332, 331, 324, 293, 271, 258, 232, 217, 216, 215, 184, 183
543, 511, 494, 465, 453, 429, 400, 374, 351, 332, 331, 324, 293, 271, 258, 232, 217, 216, 215, 184
543, 511, 494, 465, 453, 429, 400, 374, 351, 332, 331, 324, 293, 271, 258, 232, 217, 187, 186, 185
543, 511, 494, 465, 453, 429, 400, 374, 351, 332, 331, 324, 293, 271, 258, 232, 217, 187, 186
543, 511, 494, 465, 453, 429, 400, 374, 351, 332, 331, 324, 293, 271, 258, 232, 217, 187
543, 511, 494, 465, 453, 429, 400, 374, 351, 332, 331, 324, 293, 271, 258, 232, 217, 188
543, 511, 494, 465, 453, 429, 400, 374, 350, 334, 323, 295, 269, 270, 256, 233, 219, 190, 189
543, 511, 494, 465, 453, 429, 400, 374, 350, 334, 323, 295, 269, 270, 256, 233, 219, 190
543, 511, 494, 465, 453, 429, 400, 374, 350, 334, 323, 295, 269, 255, 235, 220, 191
543, 510, 493, 466, 455, 431, 401, 375, 349, 335, 322, 296, 268, 254, 236, 221, 192
543, 510, 493, 466, 455, 431, 401, 375, 371, 336, 320, 298, 267, 253, 237, 199, 193
543, 510, 493, 466, 455, 431, 401, 375, 371, 336, 320, 298, 267, 253, 237, 199, 193, 194
543, 510, 493, 466, 455, 432, 402, 376, 370, 337, 319, 299, 266, 251, 250, 239, 202, 195
543, 510, 493, 466, 455, 432, 402, 376, 370, 337, 319, 299, 266, 251, 250, 240, 241, 204, 196
543, 510, 493, 466, 455, 432, 402, 376, 370, 337, 319, 299, 266, 251, 250, 240, 241, 204, 196, 197
543, 510, 493, 466, 455, 432, 402, 376, 370, 337, 319, 299, 266, 251, 250, 249, 248, 242, 205, 206, 198
543, 510, 493, 466, 455, 431, 401, 375, 371, 336, 320, 298, 267, 253, 237, 199
