720, 703, 680, 660, 649, 634, 599, 588, 554, 542, 512, 494, 465, 453, 429, 400, 374, 350, 334, 323, 295, 269, 270, 256, 233, 219, 190, 158, 145, 128, 105, 106, 83, 84, 51, 26, 0
720, 703, 680, 660, 649, 634, 599, 588, 554, 542, 512, 494, 465, 453, 429, 400, 374, 350, 334, 323, 295, 269, 270, 256, 233, 219, 190, 158, 145, 128, 105, 106, 83, 84, 51, 26, 1
720, 703, 680, 660, 649, 634, 599, 588, 554, 542, 512, 494, 465, 453, 429, 400, 374, 350, 334, 323, 295, 269, 270, 256, 233, 219, 190, 158, 145, 128, 105, 106, 83, 84, 51, 26, 2
720, 755, 758, 787, 815, 831, 873, 893, 906, 940, 956, 975, 999, 1017, 1049, 1058, 1080, 1103, 1126, 1149, 1168, 1196, 1219, 1229, 1256, 1269, 1291, 1315, 1336, 1354, 1370, 1398, 1424, 1448, 1462, 1492, 1503, 1530, 1537, 3
720, 721, 722, 700, 682, 683, 655, 653, 620, 606, 583, 560, 536, 517, 500, 481, 480, 445, 422, 415, 389, 388, 358, 347, 307, 288, 277, 264, 227, 212, 182, 173, 151, 114, 90, 87, 48, 24, 4
720, 721, 722, 700, 682, 683, 655, 653, 620, 606, 583, 560, 536, 517, 500, 481, 480, 445, 422, 415, 389, 388, 358, 347, 307, 288, 277, 264, 227, 212, 181, 172, 153, 115, 91, 88, 47, 23, 5
720, 721, 722, 700, 682, 683, 655, 653, 620, 606, 583, 560, 536, 517, 500, 481, 480, 445, 422, 415, 389, 388, 358, 347, 307, 288, 277, 264, 227, 212, 181, 172, 154, 116, 92, 69, 67, 45, 6
720, 721, 722, 700, 682, 683, 655, 653, 620, 606, 583, 560, 536, 517, 500, 481, 480, 445, 422, 415, 389, 388, 358, 347, 307, 288, 277, 264, 227, 212, 181, 172, 154, 116, 92, 69, 67, 44, 7
720, 721, 722, 700, 682, 683, 655, 653, 620, 606, 583, 560, 536, 517, 500, 481, 480, 445, 422, 415, 389, 388, 358, 347, 307, 288, 277, 264, 227, 212, 181, 172, 154, 116, 92, 69, 67, 44, 8
720, 721, 722, 700, 682, 683, 655, 653, 620, 606, 583, 560, 536, 517, 500, 481, 480, 445, 422, 415, 389, 388, 358, 347, 307, 288, 277, 264, 227, 212, 181, 172, 154, 116, 92, 69, 67, 44, 8, 9
720, 703, 680, 660, 649, 634, 599, 588, 553, 543, 510, 493, 466, 455, 432, 402, 376, 370, 337, 319, 299, 266, 251, 250, 240, 241, 204, 196, 197, 167, 136, 120, 95, 73, 63, 41, 10
720, 703, 680, 660, 649, 634, 599, 588, 553, 543, 510, 493, 466, 455, 432, 402, 376, 370, 337, 319, 299, 266, 251, 250, 240, 241, 204, 196, 166, 137, 121, 96, 74, 62, 40, 11
720, 703, 680, 660, 649, 634, 599, 588, 553, 543, 510, 493, 466, 455, 432, 402, 376, 370, 337, 319, 299, 266, 251, 250, 239, 202, 195, 165, 138, 122, 98, 75, 60, 37, 12
720, 703, 680, 660, 649, 634, 599, 588, 554, 542, 512, 494, 465, 454, 430, 401, 375, 371, 336, 320, 298, 267, 253, 237, 199, 193, 162, 141, 124, 100, 77, 76, 59, 36, 13
720, 703, 680, 660, 649, 634, 599, 588, 554, 542, 512, 494, 465, 454, 430, 401, 375, 371, 336, 320, 298, 267, 253, 237, 199, 193, 162, 141, 124, 100, 77, 58, 35, 14
720, 703, 680, 660, 649, 634, 599, 588, 554, 542, 512, 494, 465, 454, 430, 401, 375, 349, 335, 322, 296, 268, 254, 236, 221, 192, 161, 142, 125, 101, 78, 57, 33, 15
720, 703, 680, 660, 649, 634, 599, 588, 554, 542, 512, 494, 465, 453, 429, 400, 374, 350, 334, 323, 295, 269, 255, 235, 220, 191, 160, 143, 126, 103, 80, 56, 32, 16
720, 703, 680, 660, 649, 634, 599, 588, 554, 542, 512, 494, 465, 453, 429, 400, 374, 350, 334, 323, 295, 269, 255, 235, 220, 191, 159, 144, 127, 104, 81, 55, 31, 17
720, 703, 680, 660, 649, 634, 599, 588, 554, 542, 512, 494, 465, 453, 429, 400, 374, 350, 334, 323, 295, 269, 270, 256, 233, 219, 190, 158, 145, 128, 105, 82, 54, 30, 18
720, 703, 680, 660, 649, 634, 599, 588, 554, 542, 512, 494, 465, 453, 429, 400, 374, 350, 334, 323, 295, 269, 270, 256, 233, 219, 190, 158, 145, 128, 105, 82, 54, 30, 19
720, 703, 680, 660, 649, 634, 599, 588, 554, 542, 512, 494, 465, 453, 429, 400, 374, 350, 334, 323, 295, 269, 270, 256, 233, 219, 190, 158, 145, 128, 105, 82, 54, 30, 19, 20
720, 703, 680, 660, 649, 634, 599, 588, 554, 542, 512, 494, 465, 453, 429, 400, 374, 350, 334, 323, 295, 269, 270, 256, 233, 219, 190, 158, 145, 128, 105, 82, 54, 53, 29, 28, 21
720, 721, 722, 700, 682, 683, 655, 653, 620, 606, 583, 560, 536, 517, 500, 481, 480, 445, 422, 415, 389, 388, 358, 347, 307, 288, 277, 264, 227, 212, 181, 172, 153, 115, 91, 88, 47, 22
720, 721, 722, 700, 682, 683, 655, 653, 620, 606, 583, 560, 536, 517, 500, 481, 480, 445, 422, 415, 389, 388, 358, 347, 307, 288, 277, 264, 227, 212, 181, 172, 153, 115, 91, 88, 47, 23
720, 721, 722, 700, 682, 683, 655, 653, 620, 606, 583, 560, 536, 517, 500, 481, 480, 445, 422, 415, 389, 388, 358, 347, 307, 288, 277, 264, 227, 212, 182, 173, 151, 114, 90, 87, 48, 24
720, 703, 680, 660, 649, 634, 599, 588, 554, 542, 512, 494, 465, 453, 429, 400, 374, 350, 334, 323, 295, 269, 270, 256, 233, 219, 190, 158, 145, 128, 105, 106, 83, 84, 51, 26, 25
720, 703, 680, 660, 649, 634, 599, 588, 554, 542, 512, 494, 465, 453, 429, 400, 374, 350, 334, 323, 295, 269, 270, 256, 233, 219, 190, 158, 145, 128, 105, 106, 83, 84, 51, 26
720, 703, 680, 660, 649, 634, 599, 588, 554, 542, 512, 494, 465, 453, 429, 400, 374, 350, 334, 323, 295, 269, 270, 256, 233, 219, 190, 158, 145, 128, 105, 82, 54, 53, 29, 28, 27
720, 703, 680, 660, 649, 634, 599, 588, 554, 542, 512, 494, 465, 453, 429, 400, 374, 350, 334, 323, 295, 269, 270, 256, 233, 219, 190, 158, 145, 128, 105, 82, 54, 53, 29, 28
720, 703, 680, 660, 649, 634, 599, 588, 554, 542, 512, 494, 465, 453, 429, 400, 374, 350, 334, 323, 295, 269, 270, 256, 233, 219, 190, 158, 145, 128, 105, 82, 54, 53, 29
720, 703, 680, 660, 649, 634, 599, 588, 554, 542, 512, 494, 465, 453, 429, 400, 374, 350, 334, 323, 295, 269, 270, 256, 233, 219, 190, 158, 145, 128, 105, 82, 54, 30
720, 703, 680, 660, 649, 634, 599, 588, 554, 542, 512, 494, 465, 453, 429, 400, 374, 350, 334, 323, 295, 269, 255, 235, 220, 191, 159, 144, 127, 104, 81, 55, 31
720, 703, 680, 660, 649, 634, 599, 588, 554, 542, 512, 494, 465, 453, 429, 400, 374, 350, 334, 323, 295, 269, 255, 235, 220, 191, 160, 143, 126, 103, 80, 56, 32
720, 703, 680, 660, 649, 634, 599, 588, 554, 542, 512, 494, 465, 454, 430, 401, 375, 349, 335, 322, 296, 268, 254, 236, 221, 192, 161, 142, 125, 101, 78, 57, 33
720, 703, 680, 660, 649, 634, 599, 588, 554, 542, 512, 494, 465, 454, 430, 401, 375, 349, 335, 322, 296, 268, 254, 236, 221, 192, 161, 142, 125, 101, 78, 57, 34
720, 703, 680, 660, 649, 634, 599, 588, 554, 542, 512, 494, 465, 454, 430, 401, 375, 371, 336, 320, 298, 267, 253, 237, 199, 193, 162, 141, 124, 100, 77, 58, 35
720, 703, 680, 660, 649, 634, 599, 588, 554, 542, 512, 494, 465, 454, 430, 401, 375, 371, 336, 320, 298, 267, 253, 237, 199, 193, 162, 141, 124, 100, 77, 76, 59, 36
720, 703, 680, 660, 649, 634, 599, 588, 553, 543, 510, 493, 466, 455, 432, 402, 376, 370, 337, 319, 299, 266, 251, 250, 239, 202, 195, 165, 138, 122, 98, 75, 60, 37
720, 703, 680, 660, 649, 634, 599, 588, 553, 543, 510, 493, 466, 455, 432, 402, 376, 370, 337, 319, 299, 266, 251, 250, 240, 241, 204, 196, 166, 137, 121, 96, 74, 61, 38
720, 703, 680, 660, 649, 634, 599, 588, 553, 543, 510, 493, 466, 455, 432, 402, 376, 370, 337, 319, 299, 266, 251, 250, 240, 241, 204, 196, 166, 137, 121, 96, 74, 61, 38, 39
720, 703, 680, 660, 649, 634, 599, 588, 553, 543, 510, 493, 466, 455, 432, 402, 376, 370, 337, 319, 299, 266, 251, 250, 240, 241, 204, 196, 166, 137, 121, 96, 74, 62, 40
720, 703, 680, 660, 649, 634, 599, 588, 553, 543, 510, 493, 466, 455, 432, 402, 376, 370, 337, 319, 299, 266, 251, 250, 240, 241, 204, 196, 197, 167, 136, 120, 95, 73, 63, 41
720, 703, 680, 660, 649, 634, 599, 588, 553, 543, 510, 493, 466, 455, 432, 402, 376, 370, 337, 319, 299, 266, 251, 250, 240, 241, 204, 196, 197, 167, 136, 120, 95, 73, 64, 42
720, 721, 722, 700, 682, 683, 655, 653, 620, 606, 583, 560, 536, 517, 500, 481, 480, 445, 422, 415, 389, 388, 358, 347, 307, 288, 277, 264, 227, 226, 210, 179, 171, 131, 117, 118, 94, 72, 65, 43
720, 721, 722, 700, 682, 683, 655, 653, 620, 606, 583, 560, 536, 517, 500, 481, 480, 445, 422, 415, 389, 388, 358, 347, 307, 288, 277, 264, 227, 212, 181, 172, 154, 116, 92, 69, 67, 44
720, 721, 722, 700, 682, 683, 655, 653, 620, 606, 583, 560, 536, 517, 500, 481, 480, 445, 422, 415, 389, 388, 358, 347, 307, 288, 277, 264, 227, 212, 181, 172, 154, 116, 92, 69, 67, 45
720, 721, 722, 700, 682, 683, 655, 653, 620, 606, 583, 560, 536, 517, 500, 481, 480, 445, 422, 415, 389, 388, 358, 347, 307, 288, 277, 264, 227, 212, 181, 172, 153, 115, 91, 88, 46
720, 721, 722, 700, 682, 683, 655, 653, 620, 606, 583, 560, 536, 517, 500, 481, 480, 445, 422, 415, 389, 388, 358, 347, 307, 288, 277, 264, 227, 212, 181, 172, 153, 115, 91, 88, 47
720, 721, 722, 700, 682, 683, 655, 653, 620, 606, 583, 560, 536, 517, 500, 481, 480, 445, 422, 415, 389, 388, 358, 347, 307, 288, 277, 264, 227, 212, 182, 173, 151, 114, 90, 87, 48
720, 721, 722, 700, 682, 683, 655, 653, 620, 606, 583, 560, 536, 517, 500, 481, 480, 445, 422, 415, 389, 357, 348, 306, 289, 276, 263, 228, 213, 183, 175, 150, 113, 89, 86, 49
720, 703, 680, 660, 649, 634, 599, 588, 554, 542, 512, 494, 465, 453, 429, 400, 374, 350, 334, 323, 295, 269, 270, 256, 233, 219, 190, 158, 146, 147, 148, 110, 108, 85, 50
720, 703, 680, 660, 649, 634, 599, 588, 554, 542, 512, 494, 465, 453, 429, 400, 374, 350, 334, 323, 295, 269, 270, 256, 233, 219, 190, 158, 145, 128, 105, 106, 83, 84, 51
720, 703, 680, 660, 649, 634, 599, 588, 554, 542, 512, 494, 465, 453, 429, 400, 374, 350, 334, 323, 295, 269, 270, 256, 233, 219, 190, 158, 145, 128, 105, 106, 83, 84, 52
720, 703, 680, 660, 649, 634, 599, 588, 554, 542, 512, 494, 465, 453, 429, 400, 374, 350, 334, 323, 295, 269, 270, 256, 233, 219, 190, 158, 145, 128, 105, 82, 54, 53
720, 703, 680, 660, 649, 634, 599, 588, 554, 542, 512, 494, 465, 453, 429, 400, 374, 350, 334, 323, 295, 269, 270, 256, 233, 219, 190, 158, 145, 128, 105, 82, 54
720, 703, 680, 660, 649, 634, 599, 588, 554, 542, 512, 494, 465, 453, 429, 400, 374, 350, 334, 323, 295, 269, 255, 235, 220, 191, 159, 144, 127, 104, 81, 55
720, 703, 680, 660, 649, 634, 599, 588, 554, 542, 512, 494, 465, 453, 429, 400, 374, 350, 334, 323, 295, 269, 255, 235, 220, 191, 160, 143, 126, 103, 80, 56
720, 703, 680, 660, 649, 634, 599, 588, 554, 542, 512, 494, 465, 454, 430, 401, 375, 349, 335, 322, 296, 268, 254, 236, 221, 192, 161, 142, 125, 101, 78, 57
720, 703, 680, 660, 649, 634, 599, 588, 554, 542, 512, 494, 465, 454, 430, 401, 375, 371, 336, 320, 298, 267, 253, 237, 199, 193, 162, 141, 124, 100, 77, 58
720, 703, 680, 660, 649, 634, 599, 588, 554, 542, 512, 494, 465, 454, 430, 401, 375, 371, 336, 320, 298, 267, 253, 237, 199, 193, 162, 141, 124, 100, 77, 76, 59
720, 703, 680, 660, 649, 634, 599, 588, 553, 543, 510, 493, 466, 455, 432, 402, 376, 370, 337, 319, 299, 266, 251, 250, 239, 202, 195, 165, 138, 122, 98, 75, 60
720, 703, 680, 660, 649, 634, 599, 588, 553, 543, 510, 493, 466, 455, 432, 402, 376, 370, 337, 319, 299, 266, 251, 250, 240, 241, 204, 196, 166, 137, 121, 96, 74, 61
720, 703, 680, 660, 649, 634, 599, 588, 553, 543, 510, 493, 466, 455, 432, 402, 376, 370, 337, 319, 299, 266, 251, 250, 240, 241, 204, 196, 166, 137, 121, 96, 74, 62
720, 703, 680, 660, 649, 634, 599, 588, 553, 543, 510, 493, 466, 455, 432, 402, 376, 370, 337, 319, 299, 266, 251, 250, 240, 241, 204, 196, 197, 167, 136, 120, 95, 73, 63
720, 703, 680, 660, 649, 634, 599, 588, 553, 543, 510, 493, 466, 455, 432, 402, 376, 370, 337, 319, 299, 266, 251, 250, 240, 241, 204, 196, 197, 167, 136, 120, 95, 73, 64
720, 721, 722, 700, 682, 683, 655, 653, 620, 606, 583, 560, 536, 517, 500, 481, 480, 445, 422, 415, 389, 388, 358, 347, 307, 288, 277, 264, 227, 226, 210, 179, 171, 131, 117, 118, 94, 72, 65
720, 721, 722, 700, 682, 683, 655, 653, 620, 606, 583, 560, 536, 517, 500, 481, 480, 445, 422, 415, 389, 388, 358, 347, 307, 288, 277, 264, 227, 212, 181, 172, 154, 116, 92, 69, 67, 66
720, 721, 722, 700, 682, 683, 655, 653, 620, 606, 583, 560, 536, 517, 500, 481, 480, 445, 422, 415, 389, 388, 358, 347, 307, 288, 277, 264, 227, 212, 181, 172, 154, 116, 92, 69, 67
720, 721, 722, 700, 682, 683, 655, 653, 620, 606, 583, 560, 536, 517, 500, 481, 480, 445, 422, 415, 389, 388, 358, 347, 307, 288, 277, 264, 227, 212, 181, 172, 153, 115, 91, 68
720, 721, 722, 700, 682, 683, 655, 653, 620, 606, 583, 560, 536, 517, 500, 481, 480, 445, 422, 415, 389, 388, 358, 347, 307, 288, 277, 264, 227, 212, 181, 172, 154, 116, 92, 69
720, 721, 722, 700, 682, 683, 655, 653, 620, 606, 583, 560, 536, 517, 500, 481, 480, 445, 422, 415, 389, 388, 358, 347, 307, 288, 277, 264, 227, 212, 181, 172, 154, 116, 92, 69, 70
720, 721, 722, 700, 682, 683, 655, 653, 620, 606, 583, 560, 536, 517, 500, 481, 480, 445, 422, 415, 389, 388, 358, 347, 307, 288, 277, 264, 227, 212, 181, 172, 154, 116, 92, 69, 70, 71
720, 721, 722, 700, 682, 683, 655, 653, 620, 606, 583, 560, 536, 517, 500, 481, 480, 445, 422, 415, 389, 388, 358, 347, 307, 288, 277, 264, 227, 226, 210, 179, 171, 131, 117, 118, 94, 72
720, 703, 680, 660, 649, 634, 599, 588, 553, 543, 510, 493, 466, 455, 432, 402, 376, 370, 337, 319, 299, 266, 251, 250, 240, 241, 204, 196, 197, 167, 136, 120, 95, 73
720, 703, 680, 660, 649, 634, 599, 588, 553, 543, 510, 493, 466, 455, 432, 402, 376, 370, 337, 319, 299, 266, 251, 250, 240, 241, 204, 196, 166, 137, 121, 96, 74
720, 703, 680, 660, 649, 634, 599, 588, 553, 543, 510, 493, 466, 455, 432, 402, 376, 370, 337, 319, 299, 266, 251, 250, 239, 202, 195, 165, 138, 122, 98, 75
720, 703, 680, 660, 649, 634, 599, 588, 554, 542, 512, 494, 465, 454, 430, 401, 375, 371, 336, 320, 298, 267, 253, 237, 199, 193, 162, 141, 124, 100, 77, 76
720, 703, 680, 660, 649, 634, 599, 588, 554, 542, 512, 494, 465, 454, 430, 401, 375, 371, 336, 320, 298, 267, 253, 237, 199, 193, 162, 141, 124, 100, 77
720, 703, 680, 660, 649, 634, 599, 588, 554, 542, 512, 494, 465, 454, 430, 401, 375, 349, 335, 322, 296, 268, 254, 236, 221, 192, 161, 142, 125, 101, 78
720, 703, 680, 660, 649, 634, 599, 588, 554, 542, 512, 494, 465, 453, 429, 400, 374, 350, 334, 323, 295, 269, 255, 235, 220, 191, 160, 143, 126, 102, 79
720, 703, 680, 660, 649, 634, 599, 588, 554, 542, 512, 494, 465, 453, 429, 400, 374, 350, 334, 323, 295, 269, 255, 235, 220, 191, 160, 143, 126, 103, 80
720, 703, 680, 660, 649, 634, 599, 588, 554, 542, 512, 494, 465, 453, 429, 400, 374, 350, 334, 323, 295, 269, 255, 235, 220, 191, 159, 144, 127, 104, 81
720, 703, 680, 660, 649, 634, 599, 588, 554, 542, 512, 494, 465, 453, 429, 400, 374, 350, 334, 323, 295, 269, 270, 256, 233, 219, 190, 158, 145, 128, 105, 82
720, 703, 680, 660, 649, 634, 599, 588, 554, 542, 512, 494, 465, 453, 429, 400, 374, 350, 334, 323, 295, 269, 270, 256, 233, 219, 190, 158, 145, 128, 105, 106, 83
720, 703, 680, 660, 649, 634, 599, 588, 554, 542, 512, 494, 465, 453, 429, 400, 374, 350, 334, 323, 295, 269, 270, 256, 233, 219, 190, 158, 145, 128, 105, 106, 83, 84
720, 703, 680, 660, 649, 634, 599, 588, 554, 542, 512, 494, 465, 453, 429, 400, 374, 350, 334, 323, 295, 269, 270, 256, 233, 219, 190, 158, 146, 147, 148, 110, 108, 85
720, 721, 722, 700, 682, 683, 655, 653, 620, 606, 583, 560, 536, 517, 500, 481, 480, 445, 422, 415, 389, 357, 348, 306, 289, 276, 263, 228, 213, 183, 175, 150, 113, 89, 86
720, 721, 722, 700, 682, 683, 655, 653, 620, 606, 583, 560, 536, 517, 500, 481, 480, 445, 422, 415, 389, 388, 358, 347, 307, 288, 277, 264, 227, 212, 182, 173, 151, 114, 90, 87
720, 721, 722, 700, 682, 683, 655, 653, 620, 606, 583, 560, 536, 517, 500, 481, 480, 445, 422, 415, 389, 388, 358, 347, 307, 288, 277, 264, 227, 212, 181, 172, 153, 115, 91, 88
720, 721, 722, 700, 682, 683, 655, 653, 620, 606, 583, 560, 536, 517, 500, 481, 480, 445, 422, 415, 389, 357, 348, 306, 289, 276, 263, 228, 213, 183, 175, 150, 113, 89
720, 721, 722, 700, 682, 683, 655, 653, 620, 606, 583, 560, 536, 517, 500, 481, 480, 445, 422, 415, 389, 388, 358, 347, 307, 288, 277, 264, 227, 212, 182, 173, 151, 114, 90
720, 721, 722, 700, 682, 683, 655, 653, 620, 606, 583, 560, 536, 517, 500, 481, 480, 445, 422, 415, 389, 388, 358, 347, 307, 288, 277, 264, 227, 212, 181, 172, 153, 115, 91
720, 721, 722, 700, 682, 683, 655, 653, 620, 606, 583, 560, 536, 517, 500, 481, 480, 445, 422, 415, 389, 388, 358, 347, 307, 288, 277, 264, 227, 212, 181, 172, 154, 116, 92
720, 721, 722, 700, 682, 683, 655, 653, 620, 606, 583, 560, 536, 517, 500, 481, 480, 445, 422, 415, 389, 388, 358, 347, 307, 288, 277, 264, 227, 226, 210, 179, 171, 131, 117, 93
720, 721, 722, 700, 682, 683, 655, 653, 620, 606, 583, 560, 536, 517, 500, 481, 480, 445, 422, 415, 389, 388, 358, 347, 307, 288, 277, 264, 227, 226, 210, 179, 171, 131, 117, 118, 94
720, 703, 680, 660, 649, 634, 599, 588, 553, 543, 510, 493, 466, 455, 432, 402, 376, 370, 337, 319, 299, 266, 251, 250, 240, 241, 204, 196, 197, 167, 136, 120, 95
720, 703, 680, 660, 649, 634, 599, 588, 553, 543, 510, 493, 466, 455, 432, 402, 376, 370, 337, 319, 299, 266, 251, 250, 240, 241, 204, 196, 166, 137, 121, 96
720, 703, 680, 660, 649, 634, 599, 588, 553, 543, 510, 493, 466, 455, 432, 402, 376, 370, 337, 319, 299, 266, 251, 250, 239, 202, 195, 165, 138, 122, 97
720, 703, 680, 660, 649, 634, 599, 588, 553, 543, 510, 493, 466, 455, 432, 402, 376, 370, 337, 319, 299, 266, 251, 250, 239, 202, 195, 165, 138, 122, 98
720, 703, 680, 660, 649, 634, 599, 588, 554, 542, 512, 494, 465, 454, 430, 401, 375, 371, 336, 320, 298, 267, 253, 237, 199, 193, 163, 164, 139, 123, 99
720, 703, 680, 660, 649, 634, 599, 588, 554, 542, 512, 494, 465, 454, 430, 401, 375, 371, 336, 320, 298, 267, 253, 237, 199, 193, 162, 141, 124, 100
720, 703, 680, 660, 649, 634, 599, 588, 554, 542, 512, 494, 465, 454, 430, 401, 375, 349, 335, 322, 296, 268, 254, 236, 221, 192, 161, 142, 125, 101
720, 703, 680, 660, 649, 634, 599, 588, 554, 542, 512, 494, 465, 453, 429, 400, 374, 350, 334, 323, 295, 269, 255, 235, 220, 191, 160, 143, 126, 102
720, 703, 680, 660, 649, 634, 599, 588, 554, 542, 512, 494, 465, 453, 429, 400, 374, 350, 334, 323, 295, 269, 255, 235, 220, 191, 160, 143, 126, 103
720, 703, 680, 660, 649, 634, 599, 588, 554, 542, 512, 494, 465, 453, 429, 400, 374, 350, 334, 323, 295, 269, 255, 235, 220, 191, 159, 144, 127, 104
720, 703, 680, 660, 649, 634, 599, 588, 554, 542, 512, 494, 465, 453, 429, 400, 374, 350, 334, 323, 295, 269, 270, 256, 233, 219, 190, 158, 145, 128, 105
720, 703, 680, 660, 649, 634, 599, 588, 554, 542, 512, 494, 465, 453, 429, 400, 374, 350, 334, 323, 295, 269, 270, 256, 233, 219, 190, 158, 145, 128, 105, 106
720, 703, 680, 660, 649, 634, 599, 588, 554, 542, 512, 494, 465, 453, 429, 400, 374, 350, 334, 323, 295, 269, 270, 256, 233, 219, 190, 158, 145, 128, 105, 106, 107
720, 703, 680, 660, 649, 634, 599, 588, 554, 542, 512, 494, 465, 453, 429, 400, 374, 350, 334, 323, 295, 269, 270, 256, 233, 219, 190, 158, 146, 147, 148, 110, 108
720, 703, 680, 660, 649, 634, 599, 588, 554, 542, 512, 494, 465, 453, 429, 400, 374, 350, 334, 323, 295, 269, 270, 256, 233, 219, 190, 158, 146, 147, 148, 110, 108, 109
720, 703, 680, 660, 649, 634, 599, 588, 554, 542, 512, 494, 465, 453, 429, 400, 374, 350, 334, 323, 295, 269, 270, 256, 233, 219, 190, 158, 146, 147, 148, 110
720, 703, 680, 660, 649, 634, 599, 588, 554, 542, 512, 494, 465, 453, 429, 400, 374, 350, 334, 323, 295, 269, 270, 256, 233, 219, 190, 158, 146, 147, 148, 110, 111
720, 721, 722, 700, 682, 683, 655, 653, 620, 606, 583, 560, 536, 517, 500, 481, 480, 445, 422, 415, 389, 357, 348, 306, 289, 276, 263, 228, 213, 183, 175, 150, 112
720, 721, 722, 700, 682, 683, 655, 653, 620, 606, 583, 560, 536, 517, 500, 481, 480, 445, 422, 415, 389, 357, 348, 306, 289, 276, 263, 228, 213, 183, 175, 150, 113
720, 721, 722, 700, 682, 683, 655, 653, 620, 606, 583, 560, 536, 517, 500, 481, 480, 445, 422, 415, 389, 388, 358, 347, 307, 288, 277, 264, 227, 212, 182, 173, 151, 114
720, 721, 722, 700, 682, 683, 655, 653, 620, 606, 583, 560, 536, 517, 500, 481, 480, 445, 422, 415, 389, 388, 358, 347, 307, 288, 277, 264, 227, 212, 181, 172, 153, 115
720, 721, 722, 700, 682, 683, 655, 653, 620, 606, 583, 560, 536, 517, 500, 481, 480, 445, 422, 415, 389, 388, 358, 347, 307, 288, 277, 264, 227, 212, 181, 172, 154, 116
720, 721, 722, 700, 682, 683, 655, 653, 620, 606, 583, 560, 536, 517, 500, 481, 480, 445, 422, 415, 389, 388, 358, 347, 307, 288, 277, 264, 227, 226, 210, 179, 171, 131, 117
720, 721, 722, 700, 682, 683, 655, 653, 620, 606, 583, 560, 536, 517, 500, 481, 480, 445, 422, 415, 389, 388, 358, 347, 307, 288, 277, 264, 227, 226, 210, 179, 171, 131, 117, 118
720, 737, 736, 705, 677, 662, 647, 632, 596, 571, 572, 550, 547, 507, 489, 470, 458, 435, 405, 380, 365, 364, 341, 312, 303, 282, 247, 222, 206, 198, 169, 134, 119
720, 703, 680, 660, 649, 634, 599, 588, 553, 543, 510, 493, 466, 455, 432, 402, 376, 370, 337, 319, 299, 266, 251, 250, 240, 241, 204, 196, 197, 167, 136, 120
720, 703, 680, 660, 649, 634, 599, 588, 553, 543, 510, 493, 466, 455, 432, 402, 376, 370, 337, 319, 299, 266, 251, 250, 240, 241, 204, 196, 166, 137, 121
720, 703, 680, 660, 649, 634, 599, 588, 553, 543, 510, 493, 466, 455, 432, 402, 376, 370, 337, 319, 299, 266, 251, 250, 239, 202, 195, 165, 138, 122
720, 703, 680, 660, 649, 634, 599, 588, 554, 542, 512, 494, 465, 454, 430, 401, 375, 371, 336, 320, 298, 267, 253, 237, 199, 193, 163, 164, 139, 123
720, 703, 680, 660, 649, 634, 599, 588, 554, 542, 512, 494, 465, 454, 430, 401, 375, 371, 336, 320, 298, 267, 253, 237, 199, 193, 162, 141, 124
720, 703, 680, 660, 649, 634, 599, 588, 554, 542, 512, 494, 465, 454, 430, 401, 375, 349, 335, 322, 296, 268, 254, 236, 221, 192, 161, 142, 125
720, 703, 680, 660, 649, 634, 599, 588, 554, 542, 512, 494, 465, 453, 429, 400, 374, 350, 334, 323, 295, 269, 255, 235, 220, 191, 160, 143, 126
720, 703, 680, 660, 649, 634, 599, 588, 554, 542, 512, 494, 465, 453, 429, 400, 374, 350, 334, 323, 295, 269, 255, 235, 220, 191, 159, 144, 127
720, 703, 680, 660, 649, 634, 599, 588, 554, 542, 512, 494, 465, 453, 429, 400, 374, 350, 334, 323, 295, 269, 270, 256, 233, 219, 190, 158, 145, 128
720, 703, 680, 660, 649, 634, 599, 588, 554, 542, 512, 494, 465, 453, 429, 400, 374, 350, 334, 323, 295, 269, 270, 256, 233, 219, 190, 158, 145, 129
720, 703, 680, 660, 649, 634, 599, 588, 554, 542, 512, 494, 465, 453, 429, 400, 374, 350, 334, 323, 295, 269, 270, 256, 233, 219, 190, 158, 145, 129, 130
720, 721, 722, 700, 682, 683, 655, 653, 620, 606, 583, 560, 536, 517, 500, 481, 480, 445, 422, 415, 389, 388, 358, 347, 307, 288, 277, 264, 227, 226, 210, 179, 171, 131
720, 721, 722, 700, 682, 683, 655, 653, 620, 606, 583, 560, 536, 517, 500, 481, 480, 445, 422, 415, 389, 388, 358, 347, 307, 288, 277, 264, 227, 226, 210, 179, 171, 131, 132
720, 737, 736, 705, 677, 662, 647, 632, 596, 571, 572, 550, 547, 507, 489, 470, 458, 435, 405, 380, 365, 364, 341, 312, 303, 282, 247, 222, 206, 198, 169, 134, 133
720, 737, 736, 705, 677, 662, 647, 632, 596, 571, 572, 550, 547, 507, 489, 470, 458, 435, 405, 380, 365, 364, 341, 312, 303, 282, 247, 222, 206, 198, 169, 134
720, 703, 680, 660, 649, 634, 599, 588, 553, 543, 510, 493, 466, 455, 432, 402, 376, 370, 337, 319, 299, 266, 251, 250, 240, 241, 204, 196, 197, 167, 136, 135
720, 703, 680, 660, 649, 634, 599, 588, 553, 543, 510, 493, 466, 455, 432, 402, 376, 370, 337, 319, 299, 266, 251, 250, 240, 241, 204, 196, 197, 167, 136
720, 703, 680, 660, 649, 634, 599, 588, 553, 543, 510, 493, 466, 455, 432, 402, 376, 370, 337, 319, 299, 266, 251, 250, 240, 241, 204, 196, 166, 137
720, 703, 680, 660, 649, 634, 599, 588, 553, 543, 510, 493, 466, 455, 432, 402, 376, 370, 337, 319, 299, 266, 251, 250, 239, 202, 195, 165, 138
720, 703, 680, 660, 649, 634, 599, 588, 554, 542, 512, 494, 465, 454, 430, 401, 375, 371, 336, 320, 298, 267, 253, 237, 199, 193, 163, 164, 139
720, 703, 680, 660, 649, 634, 599, 588, 554, 542, 512, 494, 465, 454, 430, 401, 375, 371, 336, 320, 298, 267, 253, 237, 199, 193, 163, 140
720, 703, 680, 660, 649, 634, 599, 588, 554, 542, 512, 494, 465, 454, 430, 401, 375, 371, 336, 320, 298, 267, 253, 237, 199, 193, 162, 141
720, 703, 680, 660, 649, 634, 599, 588, 554, 542, 512, 494, 465, 454, 430, 401, 375, 349, 335, 322, 296, 268, 254, 236, 221, 192, 161, 142
720, 703, 680, 660, 649, 634, 599, 588, 554, 542, 512, 494, 465, 453, 429, 400, 374, 350, 334, 323, 295, 269, 255, 235, 220, 191, 160, 143
720, 703, 680, 660, 649, 634, 599, 588, 554, 542, 512, 494, 465, 453, 429, 400, 374, 350, 334, 323, 295, 269, 255, 235, 220, 191, 159, 144
720, 703, 680, 660, 649, 634, 599, 588, 554, 542, 512, 494, 465, 453, 429, 400, 374, 350, 334, 323, 295, 269, 270, 256, 233, 219, 190, 158, 145
720, 703, 680, 660, 649, 634, 599, 588, 554, 542, 512, 494, 465, 453, 429, 400, 374, 350, 334, 323, 295, 269, 270, 256, 233, 219, 190, 158, 146
720, 703, 680, 660, 649, 634, 599, 588, 554, 542, 512, 494, 465, 453, 429, 400, 374, 350, 334, 323, 295, 269, 270, 256, 233, 219, 190, 158, 146, 147
720, 703, 680, 660, 649, 634, 599, 588, 554, 542, 512, 494, 465, 453, 429, 400, 374, 350, 334, 323, 295, 269, 270, 256, 233, 219, 190, 158, 146, 147, 148
720, 721, 722, 700, 682, 683, 655, 653, 620, 606, 583, 560, 536, 517, 500, 481, 480, 445, 422, 415, 389, 357, 348, 306, 290, 275, 261, 229, 214, 184, 176, 149
720, 721, 722, 700, 682, 683, 655, 653, 620, 606, 583, 560, 536, 517, 500, 481, 480, 445, 422, 415, 389, 357, 348, 306, 289, 276, 263, 228, 213, 183, 175, 150
720, 721, 722, 700, 682, 683, 655, 653, 620, 606, 583, 560, 536, 517, 500, 481, 480, 445, 422, 415, 389, 388, 358, 347, 307, 288, 277, 264, 227, 212, 182, 173, 151
720, 721, 722, 700, 682, 683, 655, 653, 620, 606, 583, 560, 536, 517, 500, 481, 480, 445, 422, 415, 389, 388, 358, 347, 307, 288, 277, 264, 227, 212, 182, 173, 152
720, 721, 722, 700, 682, 683, 655, 653, 620, 606, 583, 560, 536, 517, 500, 481, 480, 445, 422, 415, 389, 388, 358, 347, 307, 288, 277, 264, 227, 212, 181, 172, 153
720, 721, 722, 700, 682, 683, 655, 653, 620, 606, 583, 560, 536, 517, 500, 481, 480, 445, 422, 415, 389, 388, 358, 347, 307, 288, 277, 264, 227, 212, 181, 172, 154
720, 721, 722, 700, 682, 683, 655, 653, 620, 606, 583, 560, 536, 517, 500, 481, 480, 445, 422, 415, 389, 388, 358, 347, 307, 288, 277, 264, 227, 212, 181, 172, 154, 155
720, 703, 680, 660, 649, 634, 599, 588, 554, 542, 512, 494, 465, 453, 429, 400, 374, 351, 332, 331, 324, 293, 271, 258, 232, 217, 187, 156
720, 703, 680, 660, 649, 634, 599, 588, 554, 542, 512, 494, 465, 453, 429, 400, 374, 350, 334, 323, 295, 269, 270, 256, 233, 219, 190, 158, 157
720, 703, 680, 660, 649, 634, 599, 588, 554, 542, 512, 494, 465, 453, 429, 400, 374, 350, 334, 323, 295, 269, 270, 256, 233, 219, 190, 158
720, 703, 680, 660, 649, 634, 599, 588, 554, 542, 512, 494, 465, 453, 429, 400, 374, 350, 334, 323, 295, 269, 255, 235, 220, 191, 159
720, 703, 680, 660, 649, 634, 599, 588, 554, 542, 512, 494, 465, 453, 429, 400, 374, 350, 334, 323, 295, 269, 255, 235, 220, 191, 160
720, 703, 680, 660, 649, 634, 599, 588, 554, 542, 512, 494, 465, 454, 430, 401, 375, 349, 335, 322, 296, 268, 254, 236, 221, 192, 161
720, 703, 680, 660, 649, 634, 599, 588, 554, 542, 512, 494, 465, 454, 430, 401, 375, 371, 336, 320, 298, 267, 253, 237, 199, 193, 162
720, 703, 680, 660, 649, 634, 599, 588, 554, 542, 512, 494, 465, 454, 430, 401, 375, 371, 336, 320, 298, 267, 253, 237, 199, 193, 163
720, 703, 680, 660, 649, 634, 599, 588, 554, 542, 512, 494, 465, 454, 430, 401, 375, 371, 336, 320, 298, 267, 253, 237, 199, 193, 163, 164
720, 703, 680, 660, 649, 634, 599, 588, 553, 543, 510, 493, 466, 455, 432, 402, 376, 370, 337, 319, 299, 266, 251, 250, 239, 202, 195, 165
720, 703, 680, 660, 649, 634, 599, 588, 553, 543, 510, 493, 466, 455, 432, 402, 376, 370, 337, 319, 299, 266, 251, 250, 240, 241, 204, 196, 166
720, 703, 680, 660, 649, 634, 599, 588, 553, 543, 510, 493, 466, 455, 432, 402, 376, 370, 337, 319, 299, 266, 251, 250, 240, 241, 204, 196, 197, 167
720, 703, 680, 660, 649, 634, 599, 588, 553, 543, 510, 493, 466, 455, 432, 402, 376, 370, 337, 319, 299, 266, 251, 250, 240, 241, 204, 196, 197, 167, 168
720, 737, 736, 705, 677, 662, 647, 632, 596, 571, 572, 550, 547, 507, 489, 470, 458, 435, 405, 380, 365, 364, 341, 312, 303, 282, 247, 222, 206, 198, 169
720, 721, 722, 700, 682, 683, 655, 653, 620, 606, 583, 560, 536, 517, 500, 481, 480, 445, 422, 415, 389, 388, 358, 347, 307, 288, 277, 264, 227, 226, 210, 179, 171, 170
720, 721, 722, 700, 682, 683, 655, 653, 620, 606, 583, 560, 536, 517, 500, 481, 480, 445, 422, 415, 389, 388, 358, 347, 307, 288, 277, 264, 227, 226, 210, 179, 171
720, 721, 722, 700, 682, 683, 655, 653, 620, 606, 583, 560, 536, 517, 500, 481, 480, 445, 422, 415, 389, 388, 358, 347, 307, 288, 277, 264, 227, 212, 181, 172
720, 721, 722, 700, 682, 683, 655, 653, 620, 606, 583, 560, 536, 517, 500, 481, 480, 445, 422, 415, 389, 388, 358, 347, 307, 288, 277, 264, 227, 212, 182, 173
720, 721, 722, 700, 682, 683, 655, 653, 620, 606, 583, 560, 536, 517, 500, 481, 480, 445, 422, 415, 389, 388, 358, 347, 307, 288, 277, 264, 227, 212, 182, 174
720, 721, 722, 700, 682, 683, 655, 653, 620, 606, 583, 560, 536, 517, 500, 481, 480, 445, 422, 415, 389, 357, 348, 306, 289, 276, 263, 228, 213, 183, 175
720, 721, 722, 700, 682, 683, 655, 653, 620, 606, 583, 560, 536, 517, 500, 481, 480, 445, 422, 415, 389, 357, 348, 306, 290, 275, 261, 229, 214, 184, 176
720, 703, 680, 660, 649, 634, 599, 588, 554, 542, 512, 494, 465, 453, 429, 400, 374, 351, 332, 331, 324, 293, 271, 258, 232, 217, 187, 186, 177
720, 721, 722, 700, 682, 683, 655, 653, 620, 606, 583, 560, 536, 535, 518, 501, 479, 444, 443, 420, 413, 412, 385, 361, 344, 310, 305, 279, 245, 225, 224, 207, 178
720, 721, 722, 700, 682, 683, 655, 653, 620, 606, 583, 560, 536, 517, 500, 481, 480, 445, 422, 415, 389, 388, 358, 347, 307, 288, 277, 264, 227, 226, 210, 179
720, 721, 722, 700, 682, 683, 655, 653, 620, 606, 583, 560, 536, 517, 500, 481, 480, 445, 422, 415, 389, 388, 358, 347, 307, 288, 277, 264, 227, 212, 181, 180
720, 721, 722, 700, 682, 683, 655, 653, 620, 606, 583, 560, 536, 517, 500, 481, 480, 445, 422, 415, 389, 388, 358, 347, 307, 288, 277, 264, 227, 212, 181
720, 721, 722, 700, 682, 683, 655, 653, 620, 606, 583, 560, 536, 517, 500, 481, 480, 445, 422, 415, 389, 388, 358, 347, 307, 288, 277, 264, 227, 212, 182
720, 721, 722, 700, 682, 683, 655, 653, 620, 606, 583, 560, 536, 517, 500, 481, 480, 445, 422, 415, 389, 357, 348, 306, 289, 276, 263, 228, 213, 183
720, 721, 722, 700, 682, 683, 655, 653, 620, 606, 583, 560, 536, 517, 500, 481, 480, 445, 422, 415, 389, 357, 348, 306, 290, 275, 261, 229, 214, 184
720, 703, 680, 660, 649, 634, 599, 588, 554, 542, 512, 494, 465, 453, 429, 400, 374, 351, 332, 331, 324, 293, 271, 258, 232, 217, 187, 186, 185
720, 703, 680, 660, 649, 634, 599, 588, 554, 542, 512, 494, 465, 453, 429, 400, 374, 351, 332, 331, 324, 293, 271, 258, 232, 217, 187, 186
720, 703, 680, 660, 649, 634, 599, 588, 554, 542, 512, 494, 465, 453, 429, 400, 374, 351, 332, 331, 324, 293, 271, 258, 232, 217, 187
720, 703, 680, 660, 649, 634, 599, 588, 554, 542, 512, 494, 465, 453, 429, 400, 374, 351, 332, 331, 324, 293, 271, 258, 232, 217, 188
720, 703, 680, 660, 649, 634, 599, 588, 554, 542, 512, 494, 465, 453, 429, 400, 374, 350, 334, 323, 295, 269, 270, 256, 233, 219, 190, 189
720, 703, 680, 660, 649, 634, 599, 588, 554, 542, 512, 494, 465, 453, 429, 400, 374, 350, 334, 323, 295, 269, 270, 256, 233, 219, 190
720, 703, 680, 660, 649, 634, 599, 588, 554, 542, 512, 494, 465, 453, 429, 400, 374, 350, 334, 323, 295, 269, 255, 235, 220, 191
720, 703, 680, 660, 649, 634, 599, 588, 554, 542, 512, 494, 465, 454, 430, 401, 375, 349, 335, 322, 296, 268, 254, 236, 221, 192
720, 703, 680, 660, 649, 634, 599, 588, 554, 542, 512, 494, 465, 454, 430, 401, 375, 371, 336, 320, 298, 267, 253, 237, 199, 193
720, 703, 680, 660, 649, 634, 599, 588, 554, 542, 512, 494, 465, 454, 430, 401, 375, 371, 336, 320, 298, 267, 253, 237, 199, 193, 194
720, 703, 680, 660, 649, 634, 599, 588, 553, 543, 510, 493, 466, 455, 432, 402, 376, 370, 337, 319, 299, 266, 251, 250, 239, 202, 195
720, 703, 680, 660, 649, 634, 599, 588, 553, 543, 510, 493, 466, 455, 432, 402, 376, 370, 337, 319, 299, 266, 251, 250, 240, 241, 204, 196
720, 703, 680, 660, 649, 634, 599, 588, 553, 543, 510, 493, 466, 455, 432, 402, 376, 370, 337, 319, 299, 266, 251, 250, 240, 241, 204, 196, 197
720, 737, 736, 705, 677, 662, 647, 632, 596, 571, 572, 550, 547, 507, 489, 470, 458, 435, 405, 380, 365, 364, 341, 312, 303, 282, 247, 222, 206, 198
720, 703, 680, 660, 649, 634, 599, 588, 554, 542, 512, 494, 465, 454, 430, 401, 375, 371, 336, 320, 298, 267, 253, 237, 199
