825, 842, 861, 882, 918, 931, 932, 964, 968, 1006, 1029, 1042, 1074, 1092, 1095, 1120, 1155, 1173, 1172, 1201, 1223, 1225, 1253, 1273, 1272, 1310, 1313, 1334, 1352, 1389, 1399, 1425, 1447, 1461, 1490, 1491, 1503, 1530, 1537, 2, 1, 0
825, 842, 861, 882, 918, 931, 932, 964, 968, 1006, 1029, 1042, 1074, 1092, 1095, 1120, 1155, 1173, 1172, 1201, 1223, 1225, 1253, 1273, 1272, 1310, 1313, 1334, 1352, 1389, 1399, 1425, 1447, 1461, 1490, 1491, 1503, 1530, 1537, 2, 1
825, 842, 861, 882, 918, 931, 932, 964, 968, 1006, 1029, 1042, 1074, 1092, 1095, 1120, 1155, 1173, 1172, 1201, 1223, 1225, 1253, 1273, 1272, 1310, 1313, 1334, 1352, 1389, 1399, 1425, 1447, 1461, 1490, 1491, 1503, 1530, 1537, 2
825, 842, 861, 882, 918, 931, 932, 964, 968, 1006, 1029, 1042, 1074, 1092, 1095, 1120, 1155, 1173, 1172, 1201, 1223, 1225, 1253, 1273, 1272, 1310, 1313, 1334, 1352, 1389, 1399, 1425, 1447, 1461, 1490, 1491, 1503, 1530, 1537, 3
825, 799, 768, 746, 731, 714, 691, 668, 641, 626, 612, 577, 565, 564, 533, 521, 504, 477, 443, 420, 414, 387, 358, 347, 307, 288, 277, 264, 227, 212, 182, 173, 151, 114, 90, 87, 48, 24, 4
825, 799, 768, 746, 731, 714, 691, 668, 641, 626, 612, 577, 565, 532, 522, 483, 476, 442, 419, 411, 385, 360, 345, 309, 285, 278, 244, 226, 211, 180, 172, 153, 115, 91, 88, 47, 23, 5
825, 799, 768, 746, 731, 714, 691, 668, 641, 626, 612, 577, 565, 532, 522, 483, 476, 442, 419, 411, 385, 361, 344, 310, 305, 279, 245, 225, 208, 179, 171, 155, 116, 92, 69, 67, 45, 6
825, 799, 768, 746, 731, 714, 691, 668, 641, 626, 612, 577, 565, 532, 522, 483, 476, 442, 419, 411, 385, 361, 344, 310, 305, 279, 245, 225, 224, 207, 178, 170, 132, 117, 93, 71, 66, 44, 7
825, 799, 768, 746, 731, 714, 691, 668, 641, 626, 612, 577, 565, 532, 522, 483, 476, 442, 419, 411, 385, 361, 344, 310, 305, 279, 245, 225, 224, 207, 178, 170, 132, 117, 118, 94, 72, 65, 43, 9, 8
825, 799, 768, 746, 731, 714, 691, 668, 641, 626, 612, 577, 565, 532, 522, 483, 476, 442, 419, 411, 385, 361, 344, 310, 305, 279, 245, 225, 224, 207, 178, 170, 132, 117, 118, 94, 72, 65, 43, 9
825, 798, 767, 747, 732, 711, 692, 667, 642, 627, 613, 576, 567, 530, 523, 484, 475, 440, 418, 410, 384, 362, 343, 311, 304, 281, 247, 222, 206, 198, 168, 135, 120, 95, 73, 63, 41, 10
825, 842, 861, 882, 918, 931, 965, 990, 1008, 1028, 1041, 1072, 1090, 1114, 1118, 1157, 1176, 1182, 1206, 1243, 1249, 1278, 1305, 1327, 1347, 1366, 1382, 1406, 1412, 1439, 1453, 1483, 1496, 1516, 1550, 11
825, 842, 861, 882, 918, 931, 965, 990, 1008, 1028, 1041, 1072, 1090, 1114, 1116, 1158, 1177, 1183, 1208, 1242, 1247, 1279, 1304, 1326, 1346, 1365, 1381, 1407, 1413, 1438, 1452, 1482, 1495, 1518, 1549, 12
825, 841, 862, 879, 916, 929, 947, 988, 1010, 1026, 1040, 1071, 1089, 1113, 1137, 1138, 1178, 1184, 1209, 1240, 1266, 1280, 1302, 1325, 1345, 1364, 1380, 1408, 1414, 1437, 1472, 1481, 1513, 1519, 1546, 13
825, 841, 862, 879, 916, 929, 947, 988, 1010, 1026, 1039, 1070, 1088, 1112, 1111, 1135, 1141, 1160, 1186, 1211, 1237, 1264, 1282, 1300, 1324, 1344, 1363, 1379, 1410, 1415, 1435, 1471, 1480, 1512, 1520, 1545, 14
825, 841, 862, 879, 916, 929, 947, 988, 1010, 1026, 1039, 1070, 1088, 1112, 1111, 1135, 1141, 1160, 1186, 1211, 1237, 1264, 1282, 1300, 1324, 1344, 1363, 1379, 1410, 1415, 1435, 1471, 1480, 1512, 1520, 1521, 1544, 15
825, 841, 862, 879, 916, 929, 947, 988, 1010, 1026, 1039, 1070, 1088, 1112, 1111, 1135, 1134, 1133, 1142, 1161, 1187, 1212, 1236, 1263, 1283, 1298, 1322, 1342, 1361, 1376, 1390, 1417, 1433, 1469, 1477, 1510, 1523, 1543, 16
825, 841, 862, 879, 916, 929, 947, 988, 1010, 1026, 1039, 1070, 1088, 1112, 1111, 1135, 1134, 1133, 1142, 1161, 1187, 1212, 1236, 1263, 1283, 1298, 1322, 1342, 1361, 1376, 1390, 1391, 1418, 1432, 1468, 1476, 1509, 1525, 1542, 17
825, 798, 767, 747, 732, 711, 692, 667, 642, 628, 592, 574, 548, 525, 506, 507, 490, 491, 468, 456, 455, 431, 401, 375, 349, 335, 322, 296, 268, 255, 235, 234, 219, 190, 158, 145, 128, 105, 82, 54, 30, 18
825, 798, 767, 747, 732, 711, 692, 667, 642, 628, 592, 574, 548, 525, 506, 507, 490, 491, 468, 456, 455, 431, 401, 375, 349, 335, 322, 296, 268, 255, 235, 234, 219, 190, 158, 145, 128, 105, 82, 54, 30, 19
825, 842, 861, 882, 918, 931, 932, 964, 968, 1006, 1029, 1042, 1074, 1092, 1095, 1120, 1155, 1173, 1172, 1201, 1223, 1225, 1253, 1273, 1272, 1310, 1313, 1334, 1352, 1389, 1399, 1398, 1424, 1448, 1462, 1492, 1493, 1505, 1528, 1539, 1540, 20
825, 842, 861, 882, 918, 931, 932, 964, 968, 1006, 1029, 1042, 1074, 1092, 1095, 1120, 1155, 1173, 1172, 1201, 1223, 1225, 1253, 1273, 1272, 1310, 1313, 1334, 1352, 1389, 1399, 1398, 1424, 1448, 1462, 1492, 1493, 1505, 1528, 1539, 21
825, 799, 768, 746, 731, 714, 691, 668, 641, 626, 612, 577, 565, 532, 522, 483, 476, 442, 419, 411, 385, 360, 345, 309, 285, 278, 244, 226, 211, 180, 172, 153, 115, 91, 88, 47, 22
825, 799, 768, 746, 731, 714, 691, 668, 641, 626, 612, 577, 565, 532, 522, 483, 476, 442, 419, 411, 385, 360, 345, 309, 285, 278, 244, 226, 211, 180, 172, 153, 115, 91, 88, 47, 23
825, 799, 768, 746, 731, 714, 691, 668, 641, 626, 612, 577, 565, 564, 533, 521, 504, 477, 443, 420, 414, 387, 358, 347, 307, 288, 277, 264, 227, 212, 182, 173, 151, 114, 90, 87, 48, 24
825, 799, 768, 746, 731, 714, 691, 668, 641, 626, 612, 577, 565, 564, 533, 521, 504, 477, 443, 420, 414, 387, 358, 347, 307, 288, 277, 264, 227, 212, 182, 174, 175, 150, 113, 89, 86, 49, 25
825, 842, 861, 882, 918, 931, 932, 964, 968, 1006, 1029, 1042, 1074, 1092, 1095, 1120, 1155, 1173, 1172, 1201, 1223, 1225, 1253, 1273, 1272, 1310, 1313, 1334, 1352, 1389, 1399, 1425, 1447, 1461, 1490, 1491, 1503, 1530, 1537, 2, 26
825, 842, 861, 882, 918, 931, 932, 964, 968, 1006, 1029, 1042, 1074, 1092, 1095, 1120, 1155, 1173, 1172, 1201, 1223, 1225, 1253, 1273, 1272, 1310, 1313, 1334, 1352, 1389, 1399, 1398, 1424, 1448, 1462, 1492, 1493, 1505, 1528, 1539, 21, 27
825, 842, 861, 882, 918, 931, 932, 964, 968, 1006, 1029, 1042, 1074, 1092, 1095, 1120, 1155, 1173, 1172, 1201, 1223, 1225, 1253, 1273, 1272, 1310, 1313, 1334, 1352, 1389, 1399, 1398, 1424, 1448, 1462, 1492, 1493, 1505, 1528, 1539, 21, 28
825, 842, 861, 882, 918, 931, 932, 964, 968, 1006, 1029, 1042, 1074, 1092, 1095, 1120, 1155, 1173, 1172, 1201, 1223, 1225, 1253, 1273, 1272, 1310, 1313, 1334, 1352, 1389, 1399, 1398, 1424, 1448, 1462, 1492, 1493, 1505, 1528, 1539, 21, 28, 29
825, 798, 767, 747, 732, 711, 692, 667, 642, 628, 592, 574, 548, 525, 506, 507, 490, 491, 468, 456, 455, 431, 401, 375, 349, 335, 322, 296, 268, 255, 235, 234, 219, 190, 158, 145, 128, 105, 82, 54, 30
825, 841, 862, 879, 916, 929, 947, 988, 1010, 1026, 1039, 1070, 1088, 1112, 1111, 1135, 1134, 1133, 1142, 1161, 1187, 1212, 1236, 1263, 1283, 1298, 1322, 1342, 1361, 1376, 1390, 1391, 1418, 1432, 1468, 1476, 1509, 1525, 1542, 17, 31
825, 841, 862, 879, 916, 929, 947, 988, 1010, 1026, 1039, 1070, 1088, 1112, 1111, 1135, 1134, 1133, 1142, 1161, 1187, 1212, 1236, 1263, 1283, 1298, 1322, 1342, 1361, 1376, 1390, 1417, 1433, 1469, 1477, 1510, 1523, 1543, 16, 32
825, 841, 862, 879, 916, 929, 947, 988, 1010, 1026, 1039, 1070, 1088, 1112, 1111, 1135, 1141, 1160, 1186, 1211, 1237, 1264, 1282, 1300, 1324, 1344, 1363, 1379, 1410, 1415, 1435, 1471, 1480, 1512, 1520, 1521, 1544, 15, 33
825, 841, 862, 879, 916, 929, 947, 988, 1010, 1026, 1039, 1070, 1088, 1112, 1111, 1135, 1141, 1160, 1186, 1211, 1237, 1264, 1282, 1300, 1324, 1344, 1363, 1379, 1410, 1415, 1435, 1471, 1480, 1512, 1520, 1545, 14, 35, 34
825, 841, 862, 879, 916, 929, 947, 988, 1010, 1026, 1039, 1070, 1088, 1112, 1111, 1135, 1141, 1160, 1186, 1211, 1237, 1264, 1282, 1300, 1324, 1344, 1363, 1379, 1410, 1415, 1435, 1471, 1480, 1512, 1520, 1545, 14, 35
825, 841, 862, 879, 916, 929, 947, 988, 1010, 1026, 1040, 1071, 1089, 1113, 1137, 1138, 1178, 1184, 1209, 1240, 1266, 1280, 1302, 1325, 1345, 1364, 1380, 1408, 1414, 1437, 1472, 1481, 1513, 1519, 1546, 13, 36
825, 842, 861, 882, 918, 931, 965, 990, 1008, 1028, 1041, 1072, 1090, 1114, 1116, 1158, 1177, 1183, 1208, 1242, 1247, 1279, 1304, 1326, 1346, 1365, 1381, 1407, 1413, 1438, 1452, 1482, 1495, 1518, 1549, 12, 37
825, 842, 861, 882, 918, 931, 965, 990, 1008, 1028, 1041, 1072, 1090, 1114, 1116, 1158, 1177, 1183, 1208, 1242, 1247, 1279, 1304, 1326, 1346, 1365, 1381, 1407, 1413, 1438, 1452, 1482, 1495, 1518, 1549, 12, 38
825, 842, 861, 882, 918, 931, 965, 990, 1008, 1028, 1041, 1072, 1090, 1114, 1118, 1157, 1176, 1182, 1206, 1243, 1249, 1278, 1305, 1327, 1347, 1366, 1382, 1406, 1412, 1439, 1453, 1483, 1496, 1516, 1550, 11, 39
825, 842, 861, 882, 918, 931, 965, 990, 1008, 1028, 1041, 1072, 1090, 1114, 1118, 1157, 1176, 1182, 1206, 1243, 1249, 1278, 1305, 1327, 1347, 1366, 1382, 1406, 1412, 1439, 1453, 1483, 1496, 1516, 1550, 11, 40
825, 798, 767, 747, 732, 711, 692, 667, 642, 627, 613, 576, 567, 530, 523, 484, 475, 440, 418, 410, 384, 362, 343, 311, 304, 281, 247, 222, 206, 198, 168, 135, 120, 95, 73, 63, 41
825, 798, 767, 747, 732, 711, 692, 667, 642, 627, 613, 576, 567, 530, 523, 484, 475, 440, 418, 410, 384, 362, 343, 311, 304, 281, 247, 222, 206, 198, 168, 135, 120, 95, 73, 64, 42
825, 799, 768, 746, 731, 714, 691, 668, 641, 626, 612, 577, 565, 532, 522, 483, 476, 442, 419, 411, 385, 361, 344, 310, 305, 279, 245, 225, 224, 207, 178, 170, 132, 117, 118, 94, 72, 65, 43
825, 799, 768, 746, 731, 714, 691, 668, 641, 626, 612, 577, 565, 532, 522, 483, 476, 442, 419, 411, 385, 361, 344, 310, 305, 279, 245, 225, 224, 207, 178, 170, 132, 117, 93, 71, 66, 44
825, 799, 768, 746, 731, 714, 691, 668, 641, 626, 612, 577, 565, 532, 522, 483, 476, 442, 419, 411, 385, 361, 344, 310, 305, 279, 245, 225, 208, 179, 171, 155, 116, 92, 69, 67, 45
825, 799, 768, 746, 731, 714, 691, 668, 641, 626, 612, 577, 565, 532, 522, 483, 476, 442, 419, 411, 385, 360, 345, 309, 285, 278, 244, 226, 211, 180, 172, 153, 115, 91, 88, 46
825, 799, 768, 746, 731, 714, 691, 668, 641, 626, 612, 577, 565, 532, 522, 483, 476, 442, 419, 411, 385, 360, 345, 309, 285, 278, 244, 226, 211, 180, 172, 153, 115, 91, 88, 47
825, 799, 768, 746, 731, 714, 691, 668, 641, 626, 612, 577, 565, 564, 533, 521, 504, 477, 443, 420, 414, 387, 358, 347, 307, 288, 277, 264, 227, 212, 182, 173, 151, 114, 90, 87, 48
825, 799, 768, 746, 731, 714, 691, 668, 641, 626, 612, 577, 565, 564, 533, 521, 504, 477, 443, 420, 414, 387, 358, 347, 307, 288, 277, 264, 227, 212, 182, 174, 175, 150, 113, 89, 86, 49
825, 799, 768, 746, 731, 714, 691, 668, 641, 626, 612, 577, 565, 564, 533, 520, 503, 502, 478, 444, 421, 415, 389, 357, 348, 306, 290, 275, 261, 229, 214, 184, 176, 149, 111, 109, 85, 50
825, 842, 861, 882, 918, 931, 932, 964, 968, 1006, 1029, 1042, 1074, 1092, 1095, 1120, 1155, 1173, 1172, 1201, 1223, 1225, 1253, 1273, 1272, 1310, 1313, 1334, 1352, 1389, 1399, 1425, 1447, 1461, 1490, 1491, 1503, 1530, 1537, 2, 26, 51
825, 842, 861, 882, 918, 931, 932, 964, 968, 1006, 1029, 1042, 1074, 1092, 1095, 1120, 1155, 1173, 1172, 1201, 1223, 1225, 1253, 1273, 1272, 1310, 1313, 1334, 1352, 1389, 1399, 1425, 1447, 1461, 1490, 1491, 1503, 1530, 1537, 2, 26, 51, 52
825, 842, 861, 882, 918, 931, 932, 964, 968, 1006, 1029, 1042, 1074, 1092, 1095, 1120, 1155, 1173, 1172, 1201, 1223, 1225, 1253, 1273, 1272, 1310, 1313, 1334, 1352, 1389, 1399, 1398, 1424, 1448, 1462, 1492, 1493, 1505, 1528, 1539, 21, 28, 29, 53
825, 798, 767, 747, 732, 711, 692, 667, 642, 628, 592, 574, 548, 525, 506, 507, 490, 491, 468, 456, 455, 431, 401, 375, 349, 335, 322, 296, 268, 255, 235, 234, 219, 190, 158, 145, 128, 105, 82, 54
825, 798, 767, 747, 732, 711, 692, 667, 642, 628, 592, 574, 548, 525, 506, 507, 490, 491, 468, 456, 455, 431, 401, 375, 349, 335, 322, 296, 268, 255, 235, 220, 191, 159, 144, 127, 104, 81, 55
825, 798, 767, 747, 732, 711, 692, 667, 642, 628, 592, 574, 548, 525, 506, 507, 490, 491, 468, 456, 433, 403, 377, 370, 337, 319, 299, 266, 252, 238, 200, 193, 162, 141, 142, 125, 101, 102, 80, 56
825, 798, 767, 747, 732, 711, 692, 667, 642, 628, 592, 574, 548, 525, 506, 507, 490, 491, 468, 456, 433, 403, 377, 370, 337, 319, 299, 266, 252, 238, 200, 193, 162, 141, 142, 125, 101, 78, 57
825, 841, 862, 879, 916, 929, 947, 988, 1010, 1026, 1039, 1070, 1088, 1112, 1111, 1135, 1141, 1160, 1186, 1211, 1237, 1264, 1282, 1300, 1324, 1344, 1363, 1379, 1410, 1415, 1435, 1471, 1480, 1512, 1520, 1545, 14, 35, 58
825, 841, 862, 879, 916, 929, 947, 988, 1010, 1026, 1040, 1071, 1089, 1113, 1137, 1138, 1178, 1184, 1209, 1240, 1266, 1280, 1302, 1325, 1345, 1364, 1380, 1408, 1414, 1437, 1472, 1481, 1513, 1519, 1546, 13, 36, 59
825, 842, 861, 882, 918, 931, 965, 990, 1008, 1028, 1041, 1072, 1090, 1114, 1116, 1158, 1177, 1183, 1208, 1242, 1247, 1279, 1304, 1326, 1346, 1365, 1381, 1407, 1413, 1438, 1452, 1482, 1495, 1518, 1549, 12, 37, 60
825, 842, 861, 882, 918, 931, 965, 990, 1008, 1028, 1041, 1072, 1090, 1114, 1116, 1158, 1177, 1183, 1208, 1242, 1247, 1279, 1304, 1326, 1346, 1365, 1381, 1407, 1413, 1438, 1452, 1482, 1495, 1518, 1549, 12, 38, 61
825, 842, 861, 882, 918, 931, 965, 990, 1008, 1028, 1041, 1072, 1090, 1114, 1118, 1157, 1176, 1182, 1206, 1243, 1249, 1278, 1305, 1327, 1347, 1366, 1382, 1406, 1412, 1439, 1453, 1483, 1496, 1516, 1550, 11, 40, 62
825, 798, 767, 747, 732, 711, 692, 667, 642, 627, 613, 576, 567, 530, 523, 484, 475, 440, 418, 410, 384, 362, 343, 311, 304, 281, 247, 222, 206, 198, 168, 135, 120, 95, 73, 63
825, 798, 767, 747, 732, 711, 692, 667, 642, 627, 613, 576, 567, 530, 523, 484, 475, 440, 418, 410, 384, 362, 343, 311, 304, 281, 247, 222, 206, 198, 168, 135, 120, 95, 73, 64
825, 799, 768, 746, 731, 714, 691, 668, 641, 626, 612, 577, 565, 532, 522, 483, 476, 442, 419, 411, 385, 361, 344, 310, 305, 279, 245, 225, 224, 207, 178, 170, 132, 117, 118, 94, 72, 65
825, 799, 768, 746, 731, 714, 691, 668, 641, 626, 612, 577, 565, 532, 522, 483, 476, 442, 419, 411, 385, 361, 344, 310, 305, 279, 245, 225, 224, 207, 178, 170, 132, 117, 93, 71, 66
825, 799, 768, 746, 731, 714, 691, 668, 641, 626, 612, 577, 565, 532, 522, 483, 476, 442, 419, 411, 385, 361, 344, 310, 305, 279, 245, 225, 208, 179, 171, 155, 116, 92, 69, 67
825, 799, 768, 746, 731, 714, 691, 668, 641, 626, 612, 577, 565, 532, 522, 483, 476, 442, 419, 411, 385, 360, 345, 309, 285, 278, 244, 226, 211, 180, 172, 153, 115, 91, 68
825, 799, 768, 746, 731, 714, 691, 668, 641, 626, 612, 577, 565, 532, 522, 483, 476, 442, 419, 411, 385, 361, 344, 310, 305, 279, 245, 225, 208, 179, 171, 155, 116, 92, 69
825, 799, 768, 746, 731, 714, 691, 668, 641, 626, 612, 577, 565, 532, 522, 483, 476, 442, 419, 411, 385, 361, 344, 310, 305, 279, 245, 225, 224, 207, 178, 170, 132, 117, 93, 70
825, 799, 768, 746, 731, 714, 691, 668, 641, 626, 612, 577, 565, 532, 522, 483, 476, 442, 419, 411, 385, 361, 344, 310, 305, 279, 245, 225, 224, 207, 178, 170, 132, 117, 93, 71
825, 799, 768, 746, 731, 714, 691, 668, 641, 626, 612, 577, 565, 532, 522, 483, 476, 442, 419, 411, 385, 361, 344, 310, 305, 279, 245, 225, 224, 207, 178, 170, 132, 117, 118, 94, 72
825, 798, 767, 747, 732, 711, 692, 667, 642, 627, 613, 576, 567, 530, 523, 484, 475, 440, 418, 410, 384, 362, 343, 311, 304, 281, 247, 222, 206, 198, 168, 135, 120, 95, 73
825, 842, 861, 882, 918, 931, 965, 990, 1008, 1028, 1041, 1072, 1090, 1114, 1116, 1158, 1177, 1183, 1208, 1242, 1247, 1279, 1304, 1326, 1346, 1365, 1381, 1407, 1413, 1438, 1452, 1482, 1495, 1518, 1549, 12, 38, 61, 74
825, 842, 861, 882, 918, 931, 965, 990, 1008, 1028, 1041, 1072, 1090, 1114, 1116, 1158, 1177, 1183, 1208, 1242, 1247, 1279, 1304, 1326, 1346, 1365, 1381, 1407, 1413, 1438, 1452, 1482, 1495, 1518, 1549, 12, 37, 60, 75
825, 841, 862, 879, 916, 929, 947, 988, 1010, 1026, 1040, 1071, 1089, 1113, 1137, 1138, 1178, 1184, 1209, 1240, 1266, 1280, 1302, 1325, 1345, 1364, 1380, 1408, 1414, 1437, 1472, 1481, 1513, 1519, 1546, 13, 36, 59, 76
825, 798, 767, 747, 732, 711, 692, 667, 642, 628, 592, 574, 548, 525, 506, 507, 490, 491, 468, 456, 433, 403, 377, 370, 337, 319, 299, 266, 252, 238, 200, 193, 162, 141, 124, 100, 77
825, 798, 767, 747, 732, 711, 692, 667, 642, 628, 592, 574, 548, 525, 506, 507, 490, 491, 468, 456, 433, 403, 377, 370, 337, 319, 299, 266, 252, 238, 200, 193, 162, 141, 142, 125, 101, 78
825, 798, 767, 747, 732, 711, 692, 667, 642, 628, 592, 574, 548, 525, 506, 507, 490, 491, 468, 456, 433, 403, 377, 370, 337, 319, 299, 266, 252, 238, 200, 193, 162, 141, 142, 125, 101, 102, 79
825, 798, 767, 747, 732, 711, 692, 667, 642, 628, 592, 574, 548, 525, 506, 507, 490, 491, 468, 456, 433, 403, 377, 370, 337, 319, 299, 266, 252, 238, 200, 193, 162, 141, 142, 125, 101, 102, 80
825, 798, 767, 747, 732, 711, 692, 667, 642, 628, 592, 574, 548, 525, 506, 507, 490, 491, 468, 456, 455, 431, 401, 375, 349, 335, 322, 296, 268, 255, 235, 220, 191, 159, 144, 127, 104, 81
825, 798, 767, 747, 732, 711, 692, 667, 642, 628, 592, 574, 548, 525, 506, 507, 490, 491, 468, 456, 455, 431, 401, 375, 349, 335, 322, 296, 268, 255, 235, 234, 219, 190, 158, 145, 128, 105, 82
825, 798, 767, 747, 732, 711, 692, 667, 642, 628, 592, 574, 548, 525, 506, 507, 490, 491, 468, 456, 455, 431, 401, 375, 349, 335, 322, 296, 268, 255, 235, 234, 219, 190, 158, 145, 128, 105, 106, 83
825, 842, 861, 882, 918, 931, 932, 964, 968, 1006, 1029, 1042, 1074, 1092, 1095, 1120, 1155, 1173, 1172, 1201, 1223, 1225, 1253, 1273, 1272, 1310, 1313, 1334, 1352, 1389, 1399, 1425, 1447, 1461, 1490, 1491, 1503, 1530, 1537, 2, 26, 51, 84
825, 799, 768, 746, 731, 714, 691, 668, 641, 626, 612, 577, 565, 564, 533, 520, 503, 502, 478, 444, 421, 415, 389, 357, 348, 306, 290, 275, 261, 229, 214, 184, 176, 149, 111, 109, 85
825, 799, 768, 746, 731, 714, 691, 668, 641, 626, 612, 577, 565, 564, 533, 521, 504, 477, 443, 420, 414, 387, 358, 347, 307, 288, 277, 264, 227, 212, 182, 174, 175, 150, 113, 89, 86
825, 799, 768, 746, 731, 714, 691, 668, 641, 626, 612, 577, 565, 564, 533, 521, 504, 477, 443, 420, 414, 387, 358, 347, 307, 288, 277, 264, 227, 212, 182, 173, 151, 114, 90, 87
825, 799, 768, 746, 731, 714, 691, 668, 641, 626, 612, 577, 565, 532, 522, 483, 476, 442, 419, 411, 385, 360, 345, 309, 285, 278, 244, 226, 211, 180, 172, 153, 115, 91, 88
825, 799, 768, 746, 731, 714, 691, 668, 641, 626, 612, 577, 565, 564, 533, 521, 504, 477, 443, 420, 414, 387, 358, 347, 307, 288, 277, 264, 227, 212, 182, 174, 175, 150, 113, 89
825, 799, 768, 746, 731, 714, 691, 668, 641, 626, 612, 577, 565, 564, 533, 521, 504, 477, 443, 420, 414, 387, 358, 347, 307, 288, 277, 264, 227, 212, 182, 173, 151, 114, 90
825, 799, 768, 746, 731, 714, 691, 668, 641, 626, 612, 577, 565, 532, 522, 483, 476, 442, 419, 411, 385, 360, 345, 309, 285, 278, 244, 226, 211, 180, 172, 153, 115, 91
825, 799, 768, 746, 731, 714, 691, 668, 641, 626, 612, 577, 565, 532, 522, 483, 476, 442, 419, 411, 385, 361, 344, 310, 305, 279, 245, 225, 208, 179, 171, 155, 116, 92
825, 799, 768, 746, 731, 714, 691, 668, 641, 626, 612, 577, 565, 532, 522, 483, 476, 442, 419, 411, 385, 361, 344, 310, 305, 279, 245, 225, 224, 207, 178, 170, 132, 117, 93
825, 799, 768, 746, 731, 714, 691, 668, 641, 626, 612, 577, 565, 532, 522, 483, 476, 442, 419, 411, 385, 361, 344, 310, 305, 279, 245, 225, 224, 207, 178, 170, 132, 117, 118, 94
825, 798, 767, 747, 732, 711, 692, 667, 642, 627, 613, 576, 567, 530, 523, 484, 475, 440, 418, 410, 384, 362, 343, 311, 304, 281, 247, 222, 206, 198, 168, 135, 120, 95
825, 798, 767, 747, 732, 711, 692, 667, 642, 628, 592, 574, 548, 525, 506, 488, 470, 458, 435, 405, 380, 365, 340, 316, 301, 284, 249, 241, 204, 196, 166, 137, 121, 96
825, 798, 767, 747, 732, 711, 692, 667, 642, 628, 592, 574, 548, 525, 506, 488, 470, 458, 435, 405, 380, 365, 340, 316, 301, 284, 249, 241, 204, 196, 166, 137, 121, 96, 97
825, 842, 861, 882, 918, 931, 965, 990, 1008, 1028, 1041, 1072, 1090, 1114, 1116, 1158, 1177, 1183, 1208, 1242, 1247, 1279, 1304, 1326, 1346, 1365, 1381, 1407, 1413, 1438, 1452, 1482, 1495, 1518, 1549, 12, 37, 60, 75, 98
825, 798, 767, 747, 732, 711, 692, 667, 642, 628, 592, 574, 548, 525, 506, 488, 470, 458, 435, 434, 404, 378, 369, 338, 318, 300, 265, 250, 239, 201, 194, 164, 139, 123, 99
825, 798, 767, 747, 732, 711, 692, 667, 642, 628, 592, 574, 548, 525, 506, 507, 490, 491, 468, 456, 433, 403, 377, 370, 337, 319, 299, 266, 252, 238, 200, 193, 162, 141, 124, 100
825, 798, 767, 747, 732, 711, 692, 667, 642, 628, 592, 574, 548, 525, 506, 507, 490, 491, 468, 456, 433, 403, 377, 370, 337, 319, 299, 266, 252, 238, 200, 193, 162, 141, 142, 125, 101
825, 798, 767, 747, 732, 711, 692, 667, 642, 628, 592, 574, 548, 525, 506, 507, 490, 491, 468, 456, 433, 403, 377, 370, 337, 319, 299, 266, 252, 238, 200, 193, 162, 141, 142, 125, 101, 102
825, 798, 767, 747, 732, 711, 692, 667, 642, 628, 592, 574, 548, 525, 506, 507, 490, 491, 468, 456, 455, 431, 401, 375, 349, 335, 322, 296, 268, 255, 235, 220, 191, 160, 143, 126, 103
825, 798, 767, 747, 732, 711, 692, 667, 642, 628, 592, 574, 548, 525, 506, 507, 490, 491, 468, 456, 455, 431, 401, 375, 349, 335, 322, 296, 268, 255, 235, 220, 191, 159, 144, 127, 104
825, 798, 767, 747, 732, 711, 692, 667, 642, 628, 592, 574, 548, 525, 506, 507, 490, 491, 468, 456, 455, 431, 401, 375, 349, 335, 322, 296, 268, 255, 235, 234, 219, 190, 158, 145, 128, 105
825, 798, 767, 747, 732, 711, 692, 667, 642, 628, 592, 574, 548, 525, 506, 507, 490, 491, 468, 456, 455, 431, 401, 375, 349, 335, 322, 296, 268, 255, 235, 234, 219, 190, 158, 145, 128, 105, 106
825, 799, 768, 746, 731, 714, 691, 668, 641, 626, 612, 577, 565, 564, 533, 520, 503, 502, 478, 444, 421, 415, 389, 357, 348, 306, 290, 275, 261, 229, 215, 216, 185, 177, 148, 110, 107
825, 799, 768, 746, 731, 714, 691, 668, 641, 626, 612, 577, 565, 564, 533, 520, 503, 502, 478, 444, 421, 415, 389, 357, 348, 306, 290, 275, 261, 229, 214, 184, 176, 149, 111, 109, 108
825, 799, 768, 746, 731, 714, 691, 668, 641, 626, 612, 577, 565, 564, 533, 520, 503, 502, 478, 444, 421, 415, 389, 357, 348, 306, 290, 275, 261, 229, 214, 184, 176, 149, 111, 109
825, 799, 768, 746, 731, 714, 691, 668, 641, 626, 612, 577, 565, 564, 533, 520, 503, 502, 478, 444, 421, 415, 389, 357, 348, 306, 290, 275, 261, 229, 215, 216, 185, 177, 148, 110
825, 799, 768, 746, 731, 714, 691, 668, 641, 626, 612, 577, 565, 564, 533, 520, 503, 502, 478, 444, 421, 415, 389, 357, 348, 306, 290, 275, 261, 229, 214, 184, 176, 149, 111
825, 799, 768, 746, 731, 714, 691, 668, 641, 626, 612, 577, 565, 564, 533, 521, 504, 477, 443, 420, 414, 387, 358, 347, 307, 288, 277, 264, 227, 212, 182, 174, 175, 150, 112
825, 799, 768, 746, 731, 714, 691, 668, 641, 626, 612, 577, 565, 564, 533, 521, 504, 477, 443, 420, 414, 387, 358, 347, 307, 288, 277, 264, 227, 212, 182, 174, 175, 150, 113
825, 799, 768, 746, 731, 714, 691, 668, 641, 626, 612, 577, 565, 564, 533, 521, 504, 477, 443, 420, 414, 387, 358, 347, 307, 288, 277, 264, 227, 212, 182, 173, 151, 114
825, 799, 768, 746, 731, 714, 691, 668, 641, 626, 612, 577, 565, 532, 522, 483, 476, 442, 419, 411, 385, 360, 345, 309, 285, 278, 244, 226, 211, 180, 172, 153, 115
825, 799, 768, 746, 731, 714, 691, 668, 641, 626, 612, 577, 565, 532, 522, 483, 476, 442, 419, 411, 385, 361, 344, 310, 305, 279, 245, 225, 208, 179, 171, 155, 116
825, 799, 768, 746, 731, 714, 691, 668, 641, 626, 612, 577, 565, 532, 522, 483, 476, 442, 419, 411, 385, 361, 344, 310, 305, 279, 245, 225, 224, 207, 178, 170, 132, 117
825, 799, 768, 746, 731, 714, 691, 668, 641, 626, 612, 577, 565, 532, 522, 483, 476, 442, 419, 411, 385, 361, 344, 310, 305, 279, 245, 225, 224, 207, 178, 170, 132, 117, 118
825, 798, 767, 747, 732, 711, 692, 667, 642, 627, 613, 576, 567, 530, 523, 484, 475, 440, 418, 410, 384, 362, 343, 311, 304, 281, 247, 222, 206, 198, 169, 134, 119
825, 798, 767, 747, 732, 711, 692, 667, 642, 627, 613, 576, 567, 530, 523, 484, 475, 440, 418, 410, 384, 362, 343, 311, 304, 281, 247, 222, 206, 198, 168, 135, 120
825, 798, 767, 747, 732, 711, 692, 667, 642, 628, 592, 574, 548, 525, 506, 488, 470, 458, 435, 405, 380, 365, 340, 316, 301, 284, 249, 241, 204, 196, 166, 137, 121
825, 798, 767, 747, 732, 711, 692, 667, 642, 628, 592, 574, 548, 525, 506, 488, 470, 458, 435, 405, 380, 365, 340, 316, 301, 284, 249, 241, 204, 196, 166, 137, 121, 122
825, 798, 767, 747, 732, 711, 692, 667, 642, 628, 592, 574, 548, 525, 506, 488, 470, 458, 435, 434, 404, 378, 369, 338, 318, 300, 265, 250, 239, 201, 194, 164, 139, 123
825, 798, 767, 747, 732, 711, 692, 667, 642, 628, 592, 574, 548, 525, 506, 507, 490, 491, 468, 456, 433, 403, 377, 370, 337, 319, 299, 266, 252, 238, 200, 193, 162, 141, 124
825, 798, 767, 747, 732, 711, 692, 667, 642, 628, 592, 574, 548, 525, 506, 507, 490, 491, 468, 456, 433, 403, 377, 370, 337, 319, 299, 266, 252, 238, 200, 193, 162, 141, 142, 125
825, 798, 767, 747, 732, 711, 692, 667, 642, 628, 592, 574, 548, 525, 506, 507, 490, 491, 468, 456, 455, 431, 401, 375, 349, 335, 322, 296, 268, 255, 235, 220, 191, 160, 143, 126
825, 798, 767, 747, 732, 711, 692, 667, 642, 628, 592, 574, 548, 525, 506, 507, 490, 491, 468, 456, 455, 431, 401, 375, 349, 335, 322, 296, 268, 255, 235, 220, 191, 159, 144, 127
825, 798, 767, 747, 732, 711, 692, 667, 642, 628, 592, 574, 548, 525, 506, 507, 490, 491, 468, 456, 455, 431, 401, 375, 349, 335, 322, 296, 268, 255, 235, 234, 219, 190, 158, 145, 128
825, 798, 767, 747, 732, 711, 692, 667, 642, 628, 592, 574, 548, 525, 506, 507, 490, 491, 468, 456, 455, 431, 401, 375, 349, 335, 322, 296, 268, 255, 235, 234, 219, 190, 158, 145, 129
825, 798, 767, 747, 732, 711, 692, 667, 642, 628, 592, 574, 548, 525, 506, 507, 490, 491, 468, 456, 455, 431, 401, 375, 349, 335, 322, 296, 268, 255, 235, 234, 219, 190, 158, 145, 129, 130
825, 799, 768, 746, 731, 714, 691, 668, 641, 626, 612, 577, 565, 532, 522, 483, 476, 442, 419, 411, 385, 361, 344, 310, 305, 279, 245, 225, 208, 179, 171, 131
825, 799, 768, 746, 731, 714, 691, 668, 641, 626, 612, 577, 565, 532, 522, 483, 476, 442, 419, 411, 385, 361, 344, 310, 305, 279, 245, 225, 224, 207, 178, 170, 132
825, 799, 768, 746, 731, 714, 691, 668, 641, 626, 612, 577, 565, 532, 522, 483, 476, 442, 419, 411, 385, 361, 344, 310, 305, 279, 245, 225, 224, 207, 178, 170, 133
825, 798, 767, 747, 732, 711, 692, 667, 642, 627, 613, 576, 567, 530, 523, 484, 475, 440, 418, 410, 384, 362, 343, 311, 304, 281, 247, 222, 206, 198, 169, 134
825, 798, 767, 747, 732, 711, 692, 667, 642, 627, 613, 576, 567, 530, 523, 484, 475, 440, 418, 410, 384, 362, 343, 311, 304, 281, 247, 222, 206, 198, 168, 135
825, 798, 767, 747, 732, 711, 692, 667, 642, 627, 613, 576, 567, 530, 523, 484, 475, 440, 418, 410, 384, 362, 343, 311, 304, 281, 247, 222, 206, 198, 168, 135, 136
825, 798, 767, 747, 732, 711, 692, 667, 642, 628, 592, 574, 548, 525, 506, 488, 470, 458, 435, 405, 380, 365, 340, 316, 301, 284, 249, 241, 204, 196, 166, 137
825, 798, 767, 747, 732, 711, 692, 667, 642, 628, 592, 574, 548, 525, 506, 488, 470, 458, 435, 405, 380, 365, 340, 316, 301, 284, 249, 241, 240, 203, 195, 165, 138
825, 798, 767, 747, 732, 711, 692, 667, 642, 628, 592, 574, 548, 525, 506, 488, 470, 458, 435, 434, 404, 378, 369, 338, 318, 300, 265, 250, 239, 201, 194, 164, 139
825, 798, 767, 747, 732, 711, 692, 667, 642, 628, 592, 574, 548, 525, 506, 507, 490, 491, 468, 456, 433, 403, 377, 370, 337, 319, 299, 266, 252, 238, 200, 193, 163, 140
825, 798, 767, 747, 732, 711, 692, 667, 642, 628, 592, 574, 548, 525, 506, 507, 490, 491, 468, 456, 433, 403, 377, 370, 337, 319, 299, 266, 252, 238, 200, 193, 162, 141
825, 798, 767, 747, 732, 711, 692, 667, 642, 628, 592, 574, 548, 525, 506, 507, 490, 491, 468, 456, 433, 403, 377, 370, 337, 319, 299, 266, 252, 238, 200, 193, 162, 141, 142
825, 798, 767, 747, 732, 711, 692, 667, 642, 628, 592, 574, 548, 525, 506, 507, 490, 491, 468, 456, 455, 431, 401, 375, 349, 335, 322, 296, 268, 255, 235, 220, 191, 160, 143
825, 798, 767, 747, 732, 711, 692, 667, 642, 628, 592, 574, 548, 525, 506, 507, 490, 491, 468, 456, 455, 431, 401, 375, 349, 335, 322, 296, 268, 255, 235, 220, 191, 159, 144
825, 798, 767, 747, 732, 711, 692, 667, 642, 628, 592, 574, 548, 525, 506, 507, 490, 491, 468, 456, 455, 431, 401, 375, 349, 335, 322, 296, 268, 255, 235, 234, 219, 190, 158, 145
825, 798, 767, 747, 732, 711, 692, 667, 642, 628, 592, 574, 548, 525, 506, 507, 490, 491, 468, 456, 455, 431, 401, 375, 349, 335, 322, 296, 268, 255, 235, 234, 219, 190, 158, 146
825, 799, 768, 746, 731, 714, 691, 668, 641, 626, 612, 577, 565, 564, 533, 520, 503, 502, 478, 444, 421, 415, 389, 357, 348, 306, 290, 291, 274, 260, 259, 231, 217, 187, 156, 147
825, 799, 768, 746, 731, 714, 691, 668, 641, 626, 612, 577, 565, 564, 533, 520, 503, 502, 478, 444, 421, 415, 389, 357, 348, 306, 290, 275, 261, 229, 215, 216, 185, 177, 148
825, 799, 768, 746, 731, 714, 691, 668, 641, 626, 612, 577, 565, 564, 533, 520, 503, 502, 478, 444, 421, 415, 389, 357, 348, 306, 290, 275, 261, 229, 214, 184, 176, 149
825, 799, 768, 746, 731, 714, 691, 668, 641, 626, 612, 577, 565, 564, 533, 521, 504, 477, 443, 420, 414, 387, 358, 347, 307, 288, 277, 264, 227, 212, 182, 174, 175, 150
825, 799, 768, 746, 731, 714, 691, 668, 641, 626, 612, 577, 565, 564, 533, 521, 504, 477, 443, 420, 414, 387, 358, 347, 307, 288, 277, 264, 227, 212, 182, 173, 151
825, 799, 768, 746, 731, 714, 691, 668, 641, 626, 612, 577, 565, 564, 533, 521, 504, 477, 443, 420, 414, 387, 358, 347, 307, 288, 277, 264, 227, 212, 182, 173, 152
825, 799, 768, 746, 731, 714, 691, 668, 641, 626, 612, 577, 565, 532, 522, 483, 476, 442, 419, 411, 385, 360, 345, 309, 285, 278, 244, 226, 211, 180, 172, 153
825, 799, 768, 746, 731, 714, 691, 668, 641, 626, 612, 577, 565, 532, 522, 483, 476, 442, 419, 411, 385, 360, 345, 309, 285, 278, 244, 226, 211, 180, 172, 154
825, 799, 768, 746, 731, 714, 691, 668, 641, 626, 612, 577, 565, 532, 522, 483, 476, 442, 419, 411, 385, 361, 344, 310, 305, 279, 245, 225, 208, 179, 171, 155
825, 799, 768, 746, 731, 714, 691, 668, 641, 626, 612, 577, 565, 564, 533, 520, 503, 502, 478, 444, 421, 415, 389, 357, 348, 306, 290, 291, 274, 260, 259, 231, 217, 187, 156
825, 798, 767, 747, 732, 711, 692, 667, 642, 628, 592, 574, 548, 525, 506, 507, 490, 491, 468, 456, 455, 431, 401, 375, 349, 335, 322, 296, 268, 255, 235, 234, 219, 190, 158, 157
825, 798, 767, 747, 732, 711, 692, 667, 642, 628, 592, 574, 548, 525, 506, 507, 490, 491, 468, 456, 455, 431, 401, 375, 349, 335, 322, 296, 268, 255, 235, 234, 219, 190, 158
825, 798, 767, 747, 732, 711, 692, 667, 642, 628, 592, 574, 548, 525, 506, 507, 490, 491, 468, 456, 455, 431, 401, 375, 349, 335, 322, 296, 268, 255, 235, 220, 191, 159
825, 798, 767, 747, 732, 711, 692, 667, 642, 628, 592, 574, 548, 525, 506, 507, 490, 491, 468, 456, 455, 431, 401, 375, 349, 335, 322, 296, 268, 255, 235, 220, 191, 160
825, 798, 767, 747, 732, 711, 692, 667, 642, 628, 592, 574, 548, 525, 506, 507, 490, 491, 468, 456, 433, 403, 377, 370, 337, 319, 299, 266, 252, 238, 200, 193, 192, 161
825, 798, 767, 747, 732, 711, 692, 667, 642, 628, 592, 574, 548, 525, 506, 507, 490, 491, 468, 456, 433, 403, 377, 370, 337, 319, 299, 266, 252, 238, 200, 193, 162
825, 798, 767, 747, 732, 711, 692, 667, 642, 628, 592, 574, 548, 525, 506, 507, 490, 491, 468, 456, 433, 403, 377, 370, 337, 319, 299, 266, 252, 238, 200, 193, 163
825, 798, 767, 747, 732, 711, 692, 667, 642, 628, 592, 574, 548, 525, 506, 488, 470, 458, 435, 434, 404, 378, 369, 338, 318, 300, 265, 250, 239, 201, 194, 164
825, 798, 767, 747, 732, 711, 692, 667, 642, 628, 592, 574, 548, 525, 506, 488, 470, 458, 435, 405, 380, 365, 340, 316, 301, 284, 249, 241, 240, 203, 195, 165
825, 798, 767, 747, 732, 711, 692, 667, 642, 628, 592, 574, 548, 525, 506, 488, 470, 458, 435, 405, 380, 365, 340, 316, 301, 284, 249, 241, 204, 196, 166
825, 798, 767, 747, 732, 711, 692, 667, 642, 627, 613, 576, 567, 530, 523, 484, 475, 440, 418, 410, 384, 362, 343, 311, 304, 281, 247, 222, 206, 198, 167
825, 798, 767, 747, 732, 711, 692, 667, 642, 627, 613, 576, 567, 530, 523, 484, 475, 440, 418, 410, 384, 362, 343, 311, 304, 281, 247, 222, 206, 198, 168
825, 798, 767, 747, 732, 711, 692, 667, 642, 627, 613, 576, 567, 530, 523, 484, 475, 440, 418, 410, 384, 362, 343, 311, 304, 281, 247, 222, 206, 198, 169
825, 799, 768, 746, 731, 714, 691, 668, 641, 626, 612, 577, 565, 532, 522, 483, 476, 442, 419, 411, 385, 361, 344, 310, 305, 279, 245, 225, 224, 207, 178, 170
825, 799, 768, 746, 731, 714, 691, 668, 641, 626, 612, 577, 565, 532, 522, 483, 476, 442, 419, 411, 385, 361, 344, 310, 305, 279, 245, 225, 208, 179, 171
825, 799, 768, 746, 731, 714, 691, 668, 641, 626, 612, 577, 565, 532, 522, 483, 476, 442, 419, 411, 385, 360, 345, 309, 285, 278, 244, 226, 211, 180, 172
825, 799, 768, 746, 731, 714, 691, 668, 641, 626, 612, 577, 565, 564, 533, 521, 504, 477, 443, 420, 414, 387, 358, 347, 307, 288, 277, 264, 227, 212, 182, 173
825, 799, 768, 746, 731, 714, 691, 668, 641, 626, 612, 577, 565, 564, 533, 521, 504, 477, 443, 420, 414, 387, 358, 347, 307, 288, 277, 264, 227, 212, 182, 174
825, 799, 768, 746, 731, 714, 691, 668, 641, 626, 612, 577, 565, 564, 533, 521, 504, 477, 443, 420, 414, 387, 358, 347, 307, 288, 277, 264, 227, 212, 182, 174, 175
825, 799, 768, 746, 731, 714, 691, 668, 641, 626, 612, 577, 565, 564, 533, 520, 503, 502, 478, 444, 421, 415, 389, 357, 348, 306, 290, 275, 261, 229, 214, 184, 176
825, 799, 768, 746, 731, 714, 691, 668, 641, 626, 612, 577, 565, 564, 533, 520, 503, 502, 478, 444, 421, 415, 389, 357, 348, 306, 290, 275, 261, 229, 215, 216, 185, 177
825, 799, 768, 746, 731, 714, 691, 668, 641, 626, 612, 577, 565, 532, 522, 483, 476, 442, 419, 411, 385, 361, 344, 310, 305, 279, 245, 225, 224, 207, 178
825, 799, 768, 746, 731, 714, 691, 668, 641, 626, 612, 577, 565, 532, 522, 483, 476, 442, 419, 411, 385, 361, 344, 310, 305, 279, 245, 225, 208, 179
825, 799, 768, 746, 731, 714, 691, 668, 641, 626, 612, 577, 565, 532, 522, 483, 476, 442, 419, 411, 385, 360, 345, 309, 285, 278, 244, 226, 211, 180
825, 799, 768, 746, 731, 714, 691, 668, 641, 626, 612, 577, 565, 532, 522, 483, 476, 442, 419, 411, 385, 360, 345, 309, 285, 278, 244, 226, 211, 180, 181
825, 799, 768, 746, 731, 714, 691, 668, 641, 626, 612, 577, 565, 564, 533, 521, 504, 477, 443, 420, 414, 387, 358, 347, 307, 288, 277, 264, 227, 212, 182
825, 799, 768, 746, 731, 714, 691, 668, 641, 626, 612, 577, 565, 564, 533, 521, 504, 477, 443, 420, 414, 387, 358, 347, 307, 288, 277, 264, 227, 228, 213, 183
825, 799, 768, 746, 731, 714, 691, 668, 641, 626, 612, 577, 565, 564, 533, 520, 503, 502, 478, 444, 421, 415, 389, 357, 348, 306, 290, 275, 261, 229, 214, 184
825, 799, 768, 746, 731, 714, 691, 668, 641, 626, 612, 577, 565, 564, 533, 520, 503, 502, 478, 444, 421, 415, 389, 357, 348, 306, 290, 275, 261, 229, 215, 216, 185
825, 799, 768, 746, 731, 714, 691, 668, 641, 626, 612, 577, 565, 564, 533, 520, 503, 502, 478, 444, 421, 415, 389, 357, 348, 306, 290, 275, 261, 229, 215, 216, 186
825, 799, 768, 746, 731, 714, 691, 668, 641, 626, 612, 577, 565, 564, 533, 520, 503, 502, 478, 444, 421, 415, 389, 357, 348, 306, 290, 291, 274, 260, 259, 231, 217, 187
825, 799, 768, 746, 731, 714, 691, 668, 641, 626, 612, 577, 565, 564, 533, 520, 503, 502, 478, 444, 421, 415, 389, 357, 348, 306, 290, 291, 274, 260, 259, 231, 217, 188
825, 798, 767, 747, 732, 711, 692, 667, 642, 628, 592, 574, 548, 525, 506, 507, 490, 491, 468, 456, 455, 431, 401, 375, 349, 335, 322, 296, 268, 255, 235, 234, 219, 190, 189
825, 798, 767, 747, 732, 711, 692, 667, 642, 628, 592, 574, 548, 525, 506, 507, 490, 491, 468, 456, 455, 431, 401, 375, 349, 335, 322, 296, 268, 255, 235, 234, 219, 190
825, 798, 767, 747, 732, 711, 692, 667, 642, 628, 592, 574, 548, 525, 506, 507, 490, 491, 468, 456, 455, 431, 401, 375, 349, 335, 322, 296, 268, 255, 235, 220, 191
825, 798, 767, 747, 732, 711, 692, 667, 642, 628, 592, 574, 548, 525, 506, 507, 490, 491, 468, 456, 433, 403, 377, 370, 337, 319, 299, 266, 252, 238, 200, 193, 192
825, 798, 767, 747, 732, 711, 692, 667, 642, 628, 592, 574, 548, 525, 506, 507, 490, 491, 468, 456, 433, 403, 377, 370, 337, 319, 299, 266, 252, 238, 200, 193
825, 798, 767, 747, 732, 711, 692, 667, 642, 628, 592, 574, 548, 525, 506, 488, 470, 458, 435, 434, 404, 378, 369, 338, 318, 300, 265, 250, 239, 201, 194
825, 798, 767, 747, 732, 711, 692, 667, 642, 628, 592, 574, 548, 525, 506, 488, 470, 458, 435, 405, 380, 365, 340, 316, 301, 284, 249, 241, 240, 203, 195
825, 798, 767, 747, 732, 711, 692, 667, 642, 628, 592, 574, 548, 525, 506, 488, 470, 458, 435, 405, 380, 365, 340, 316, 301, 284, 249, 241, 204, 196
825, 798, 767, 747, 732, 711, 692, 667, 642, 627, 613, 576, 567, 530, 523, 484, 475, 440, 418, 410, 384, 362, 343, 311, 304, 281, 247, 222, 206, 205, 197
825, 798, 767, 747, 732, 711, 692, 667, 642, 627, 613, 576, 567, 530, 523, 484, 475, 440, 418, 410, 384, 362, 343, 311, 304, 281, 247, 222, 206, 198
825, 798, 767, 747, 732, 711, 692, 667, 642, 628, 592, 574, 548, 525, 506, 507, 490, 491, 468, 456, 433, 403, 377, 370, 337, 319, 299, 266, 252, 238, 200, 199
