118, 117, 116, 106, 77, 65, 31, 15, 16, 17, 18, 19, 0
118, 117, 116, 106, 77, 65, 31, 15, 16, 17, 18, 19, 0, 1
118, 119, 120, 121, 122, 123, 124, 125, 126, 97, 96, 68, 51, 22, 2
118, 119, 104, 103, 102, 101, 83, 84, 85, 86, 54, 53, 41, 20, 3
118, 119, 104, 103, 102, 101, 83, 84, 85, 55, 39, 40, 5, 4
118, 119, 104, 103, 102, 101, 83, 84, 85, 55, 39, 40, 5
118, 119, 104, 103, 102, 101, 83, 84, 85, 55, 39, 40, 6
118, 119, 104, 103, 102, 101, 83, 84, 56, 37, 38, 7
118, 119, 104, 103, 102, 101, 83, 84, 56, 37, 8
118, 119, 104, 103, 81, 60, 59, 35, 10, 9
