1323, 1322, 1342, 1361, 1377, 1409, 1389, 1390, 1391, 1392, 1393, 1394, 1422, 1448, 1461, 1492, 1503, 1527, 1551, 0
1323, 1322, 1342, 1361, 1377, 1409, 1389, 1390, 1391, 1392, 1393, 1394, 1422, 1448, 1461, 1492, 1503, 1527, 1551, 1
1323, 1343, 1362, 1378, 1407, 1413, 1412, 1438, 1439, 1440, 1454, 1484, 1485, 1486, 1499, 1500, 1530, 1553, 3, 2
1323, 1343, 1362, 1378, 1407, 1413, 1412, 1438, 1439, 1440, 1454, 1484, 1485, 1486, 1499, 1500, 1530, 1553, 3
1323, 1343, 1362, 1378, 1408, 1414, 1435, 1470, 1479, 1511, 1510, 1509, 1508, 1507, 1506, 1525, 1549, 1550, 4
1323, 1343, 1362, 1378, 1408, 1414, 1435, 1470, 1479, 1511, 1510, 1520, 1521, 1522, 1547, 1548, 6, 5
1323, 1343, 1362, 1378, 1408, 1414, 1435, 1470, 1479, 1511, 1510, 1520, 1521, 1522, 1547, 1548, 6
1323, 1343, 1362, 1378, 1408, 1414, 1435, 1470, 1479, 1511, 1510, 1520, 1521, 1522, 1547, 1548, 7
1323, 1343, 1362, 1378, 1408, 1414, 1435, 1470, 1479, 1511, 1518, 1519, 1545, 1546, 9, 8
1323, 1343, 1362, 1378, 1408, 1414, 1435, 1470, 1479, 1511, 1518, 1519, 1545, 1546, 9
1323, 1343, 1362, 1378, 1408, 1414, 1435, 1470, 1479, 1511, 1518, 1519, 1545, 10
1323, 1343, 1362, 1378, 1408, 1414, 1435, 1470, 1479, 1511, 1518, 1544, 11
1323, 1343, 1362, 1378, 1407, 1413, 1437, 1471, 1480, 1512, 1517, 1543, 12
1323, 1343, 1362, 1378, 1407, 1413, 1437, 1471, 1480, 1512, 1517, 1542, 1541, 13
1323, 1343, 1362, 1378, 1407, 1413, 1437, 1471, 1480, 1512, 1517, 1542, 1541, 1540, 14
1323, 1343, 1362, 1378, 1407, 1413, 1437, 1471, 1480, 1512, 1517, 1542, 1541, 1540, 14, 15
1323, 1343, 1362, 1378, 1407, 1413, 1412, 1438, 1439, 1440, 1454, 1484, 1497, 1513, 1538, 16
1323, 1343, 1362, 1378, 1407, 1413, 1412, 1438, 1439, 1440, 1454, 1484, 1497, 1513, 1538, 17
1323, 1343, 1362, 1378, 1407, 1413, 1412, 1438, 1439, 1440, 1454, 1484, 1497, 1513, 1538, 17, 18
1323, 1343, 1362, 1378, 1407, 1413, 1412, 1438, 1439, 1440, 1454, 1484, 1485, 1498, 1533, 1536, 19
1323, 1343, 1362, 1378, 1407, 1413, 1412, 1438, 1439, 1440, 1454, 1484, 1485, 1486, 1499, 1532, 1535, 20
1323, 1343, 1362, 1378, 1407, 1413, 1412, 1438, 1439, 1440, 1454, 1484, 1485, 1486, 1499, 1532, 1535, 20, 21
1323, 1343, 1362, 1378, 1407, 1413, 1412, 1438, 1439, 1440, 1454, 1484, 1485, 1486, 1499, 1532, 1535, 20, 22
1323, 1343, 1362, 1378, 1407, 1413, 1412, 1438, 1439, 1440, 1454, 1484, 1485, 1486, 1499, 1532, 1535, 20, 23
1323, 1343, 1362, 1378, 1407, 1413, 1412, 1438, 1439, 1440, 1454, 1484, 1485, 1486, 1499, 1500, 1530, 1553, 3, 24
1323, 1343, 1362, 1378, 1407, 1413, 1412, 1438, 1439, 1440, 1454, 1484, 1485, 1486, 1499, 1500, 1530, 1553, 3, 2, 25
1323, 1343, 1362, 1378, 1408, 1414, 1435, 1470, 1479, 1511, 1510, 1509, 1508, 1507, 1506, 1525, 1549, 1550, 4, 26
1323, 1343, 1362, 1378, 1408, 1414, 1435, 1470, 1479, 1511, 1510, 1520, 1521, 1522, 1547, 1548, 6, 5, 28, 27
1323, 1343, 1362, 1378, 1408, 1414, 1435, 1470, 1479, 1511, 1510, 1520, 1521, 1522, 1547, 1548, 6, 5, 28
1323, 1343, 1362, 1378, 1408, 1414, 1435, 1470, 1479, 1511, 1510, 1520, 1521, 1522, 1547, 1548, 6, 29
1323, 1343, 1362, 1378, 1408, 1414, 1435, 1470, 1479, 1511, 1518, 1519, 1545, 1546, 9, 8, 30
1323, 1343, 1362, 1378, 1408, 1414, 1435, 1470, 1479, 1511, 1518, 1544, 11, 34, 33, 32, 31
1323, 1343, 1362, 1378, 1408, 1414, 1435, 1470, 1479, 1511, 1518, 1544, 11, 34, 33, 32
1323, 1343, 1362, 1378, 1408, 1414, 1435, 1470, 1479, 1511, 1518, 1544, 11, 34, 33
1323, 1343, 1362, 1378, 1408, 1414, 1435, 1470, 1479, 1511, 1518, 1544, 11, 34
1323, 1343, 1362, 1378, 1407, 1413, 1437, 1471, 1480, 1512, 1517, 1543, 12, 35
1323, 1343, 1362, 1378, 1407, 1413, 1437, 1471, 1480, 1512, 1517, 1542, 1541, 13, 36
1323, 1343, 1362, 1378, 1407, 1413, 1437, 1471, 1480, 1512, 1517, 1542, 1541, 13, 37
1323, 1343, 1362, 1378, 1407, 1413, 1437, 1471, 1480, 1512, 1517, 1542, 1541, 13, 37, 38
1323, 1343, 1362, 1378, 1407, 1413, 1437, 1471, 1480, 1512, 1517, 1542, 1541, 13, 37, 38, 39
1323, 1343, 1362, 1378, 1407, 1413, 1437, 1471, 1480, 1512, 1517, 1542, 1541, 1540, 14, 15, 40
1323, 1343, 1362, 1378, 1407, 1413, 1437, 1471, 1480, 1512, 1517, 1542, 1541, 1540, 14, 15, 41
1323, 1343, 1362, 1378, 1407, 1413, 1437, 1471, 1480, 1512, 1517, 1542, 1541, 1540, 14, 15, 41, 42
1323, 1343, 1362, 1378, 1407, 1413, 1412, 1438, 1439, 1440, 1454, 1484, 1497, 1513, 1538, 17, 43
1323, 1343, 1362, 1378, 1407, 1413, 1412, 1438, 1439, 1440, 1454, 1484, 1485, 1498, 1533, 1536, 19, 44
1323, 1343, 1362, 1378, 1407, 1413, 1437, 1471, 1480, 1512, 1517, 1542, 1541, 13, 37, 45
1323, 1343, 1362, 1378, 1407, 1413, 1437, 1471, 1480, 1512, 1517, 1542, 1541, 13, 36, 46
1323, 1343, 1362, 1378, 1407, 1413, 1437, 1471, 1480, 1512, 1517, 1542, 1541, 13, 37, 47
1323, 1343, 1362, 1378, 1407, 1413, 1437, 1471, 1480, 1512, 1517, 1542, 1541, 13, 37, 38, 48
1323, 1343, 1362, 1378, 1407, 1413, 1437, 1471, 1480, 1512, 1517, 1542, 1541, 13, 37, 38, 48, 49
1323, 1343, 1362, 1378, 1407, 1413, 1437, 1471, 1480, 1512, 1517, 1542, 1541, 1540, 14, 15, 41, 50
1323, 1343, 1362, 1378, 1407, 1413, 1412, 1438, 1439, 1440, 1454, 1484, 1497, 1513, 1538, 17, 43, 51
1323, 1343, 1362, 1378, 1407, 1413, 1412, 1438, 1439, 1440, 1454, 1484, 1497, 1513, 1538, 17, 43, 52
1323, 1343, 1362, 1378, 1407, 1413, 1412, 1438, 1439, 1440, 1454, 1484, 1497, 1513, 1538, 17, 43, 52, 53
1323, 1343, 1362, 1378, 1407, 1413, 1412, 1438, 1439, 1440, 1454, 1484, 1485, 1486, 1499, 1532, 1535, 20, 23, 54
1323, 1343, 1362, 1378, 1407, 1413, 1412, 1438, 1439, 1440, 1454, 1484, 1485, 1486, 1499, 1532, 1535, 20, 23, 54, 55
1323, 1343, 1362, 1378, 1407, 1413, 1412, 1438, 1439, 1440, 1454, 1484, 1485, 1486, 1499, 1500, 1530, 1553, 3, 2, 25, 56
1323, 1343, 1362, 1378, 1408, 1414, 1435, 1470, 1479, 1511, 1510, 1509, 1508, 1507, 1506, 1525, 1549, 1550, 4, 26, 58, 57
1323, 1343, 1362, 1378, 1408, 1414, 1435, 1470, 1479, 1511, 1510, 1509, 1508, 1507, 1506, 1525, 1549, 1550, 4, 26, 58
1323, 1343, 1362, 1378, 1408, 1414, 1435, 1470, 1479, 1511, 1518, 1519, 1545, 1546, 9, 8, 30, 62, 61, 60, 59
1323, 1343, 1362, 1378, 1408, 1414, 1435, 1470, 1479, 1511, 1518, 1519, 1545, 1546, 9, 8, 30, 62, 61, 60
1323, 1343, 1362, 1378, 1408, 1414, 1435, 1470, 1479, 1511, 1518, 1519, 1545, 1546, 9, 8, 30, 62, 61
1323, 1343, 1362, 1378, 1408, 1414, 1435, 1470, 1479, 1511, 1518, 1519, 1545, 1546, 9, 8, 30, 62
1323, 1343, 1362, 1378, 1408, 1414, 1435, 1470, 1479, 1511, 1518, 1544, 11, 34, 33, 32, 31, 63
1323, 1343, 1362, 1378, 1408, 1414, 1435, 1470, 1479, 1511, 1518, 1544, 11, 34, 33, 64
1323, 1343, 1362, 1378, 1408, 1414, 1435, 1470, 1479, 1511, 1518, 1544, 11, 34, 65
1323, 1343, 1362, 1378, 1407, 1413, 1437, 1471, 1480, 1512, 1517, 1543, 12, 35, 66
1323, 1343, 1362, 1378, 1407, 1413, 1412, 1438, 1439, 1440, 1454, 1484, 1497, 1513, 1538, 17, 43, 52, 67
1323, 1343, 1362, 1378, 1407, 1413, 1412, 1438, 1439, 1440, 1454, 1484, 1497, 1513, 1538, 17, 43, 52, 68
1323, 1343, 1362, 1378, 1407, 1413, 1412, 1438, 1439, 1440, 1454, 1484, 1497, 1513, 1538, 17, 43, 51, 69
1323, 1343, 1362, 1378, 1407, 1413, 1437, 1471, 1480, 1512, 1517, 1542, 1541, 13, 37, 47, 73, 72, 71, 70
1323, 1343, 1362, 1378, 1407, 1413, 1437, 1471, 1480, 1512, 1517, 1542, 1541, 13, 37, 47, 73, 72, 71
1323, 1343, 1362, 1378, 1407, 1413, 1437, 1471, 1480, 1512, 1517, 1542, 1541, 13, 37, 47, 73, 72
1323, 1343, 1362, 1378, 1407, 1413, 1437, 1471, 1480, 1512, 1517, 1542, 1541, 13, 37, 47, 73
1323, 1343, 1362, 1378, 1407, 1413, 1437, 1471, 1480, 1512, 1517, 1542, 1541, 13, 36, 46, 74
1323, 1343, 1362, 1378, 1408, 1414, 1435, 1470, 1479, 1511, 1518, 1544, 11, 34, 65, 75
1323, 1343, 1362, 1378, 1408, 1414, 1435, 1470, 1479, 1511, 1518, 1544, 11, 34, 65, 76
1323, 1343, 1362, 1378, 1408, 1414, 1435, 1470, 1479, 1511, 1518, 1544, 11, 34, 33, 64, 77
1323, 1343, 1362, 1378, 1408, 1414, 1435, 1470, 1479, 1511, 1518, 1544, 11, 34, 33, 64, 77, 78
1323, 1343, 1362, 1378, 1408, 1414, 1435, 1470, 1479, 1511, 1518, 1544, 11, 34, 33, 64, 77, 78, 79
1323, 1343, 1362, 1378, 1408, 1414, 1435, 1470, 1479, 1511, 1518, 1519, 1545, 1546, 9, 8, 30, 62, 80
1323, 1343, 1362, 1378, 1408, 1414, 1435, 1470, 1479, 1511, 1518, 1519, 1545, 1546, 9, 8, 30, 62, 61, 81
1323, 1343, 1362, 1378, 1408, 1414, 1435, 1470, 1479, 1511, 1518, 1519, 1545, 1546, 9, 8, 30, 62, 61, 60, 82
1323, 1343, 1362, 1378, 1408, 1414, 1435, 1470, 1479, 1511, 1510, 1509, 1508, 1507, 1506, 1525, 1549, 1550, 4, 26, 58, 83
1323, 1343, 1362, 1378, 1408, 1414, 1435, 1470, 1479, 1511, 1510, 1509, 1508, 1507, 1506, 1525, 1549, 1550, 4, 26, 58, 83, 84
1323, 1343, 1362, 1378, 1407, 1413, 1412, 1438, 1439, 1440, 1454, 1484, 1485, 1486, 1499, 1532, 1535, 20, 23, 54, 55, 85
1323, 1343, 1362, 1378, 1407, 1413, 1412, 1438, 1439, 1440, 1454, 1484, 1497, 1513, 1538, 17, 43, 52, 67, 87, 86
1323, 1343, 1362, 1378, 1407, 1413, 1412, 1438, 1439, 1440, 1454, 1484, 1497, 1513, 1538, 17, 43, 52, 67, 87
1323, 1343, 1362, 1378, 1407, 1413, 1412, 1438, 1439, 1440, 1454, 1484, 1497, 1513, 1538, 17, 43, 52, 67, 90, 89, 88
1323, 1343, 1362, 1378, 1407, 1413, 1412, 1438, 1439, 1440, 1454, 1484, 1497, 1513, 1538, 17, 43, 52, 67, 90, 89
1323, 1343, 1362, 1378, 1407, 1413, 1412, 1438, 1439, 1440, 1454, 1484, 1497, 1513, 1538, 17, 43, 52, 67, 90
1323, 1343, 1362, 1378, 1407, 1413, 1412, 1438, 1439, 1440, 1454, 1484, 1497, 1513, 1538, 17, 43, 52, 68, 91
1323, 1343, 1362, 1378, 1407, 1413, 1437, 1471, 1480, 1512, 1517, 1542, 1541, 13, 37, 47, 73, 72, 94, 93, 92
1323, 1343, 1362, 1378, 1407, 1413, 1437, 1471, 1480, 1512, 1517, 1542, 1541, 13, 37, 47, 73, 72, 94, 93
1323, 1343, 1362, 1378, 1407, 1413, 1437, 1471, 1480, 1512, 1517, 1542, 1541, 13, 37, 47, 73, 72, 94
1323, 1343, 1362, 1378, 1407, 1413, 1437, 1471, 1480, 1512, 1517, 1542, 1541, 13, 37, 47, 73, 95
1323, 1343, 1362, 1378, 1407, 1413, 1437, 1471, 1480, 1512, 1517, 1542, 1541, 13, 36, 46, 74, 96
1323, 1343, 1362, 1378, 1407, 1413, 1437, 1471, 1480, 1512, 1517, 1542, 1541, 13, 36, 46, 74, 97
1323, 1343, 1362, 1378, 1408, 1414, 1435, 1470, 1479, 1511, 1518, 1544, 11, 34, 65, 75, 98
1323, 1343, 1362, 1378, 1408, 1414, 1435, 1470, 1479, 1511, 1518, 1544, 11, 34, 65, 76, 99
