1289, 1330, 1332, 1350, 1351, 1388, 1397, 1424, 1446, 1459, 1490, 1502, 1528, 1552, 2, 1, 0
1289, 1330, 1332, 1350, 1351, 1388, 1397, 1424, 1446, 1459, 1490, 1502, 1528, 1552, 2, 1
1289, 1330, 1332, 1350, 1351, 1388, 1397, 1424, 1446, 1459, 1490, 1502, 1528, 1552, 2
1289, 1330, 1332, 1350, 1351, 1388, 1397, 1424, 1446, 1459, 1490, 1502, 1528, 1552, 3
1289, 1330, 1332, 1350, 1351, 1388, 1397, 1396, 1423, 1447, 1460, 1461, 1492, 1504, 1526, 1550, 4
1289, 1330, 1332, 1350, 1351, 1388, 1397, 1396, 1423, 1447, 1460, 1461, 1492, 1504, 1526, 1550, 1549, 5
1289, 1330, 1332, 1350, 1351, 1388, 1397, 1396, 1423, 1447, 1460, 1461, 1492, 1504, 1526, 1550, 1549, 5, 6
1289, 1330, 1332, 1350, 1351, 1388, 1397, 1396, 1423, 1447, 1460, 1461, 1492, 1504, 1526, 1550, 1549, 5, 6, 7
1289, 1330, 1332, 1350, 1351, 1388, 1397, 1396, 1423, 1447, 1460, 1461, 1492, 1504, 1526, 1550, 1549, 5, 6, 7, 8
1289, 1330, 1332, 1350, 1351, 1388, 1397, 1396, 1423, 1447, 1460, 1461, 1492, 1504, 1526, 1550, 1549, 5, 6, 7, 8, 9
1289, 1330, 1332, 1350, 1351, 1388, 1397, 1396, 1423, 1447, 1460, 1461, 1492, 1504, 1526, 1550, 1549, 5, 6, 7, 8, 9, 10
1289, 1330, 1331, 1349, 1384, 1383, 1382, 1381, 1380, 1405, 1412, 1438, 1451, 1481, 1494, 1516, 1541, 13, 12, 11
1289, 1330, 1331, 1349, 1384, 1383, 1382, 1381, 1380, 1405, 1412, 1438, 1451, 1481, 1494, 1516, 1541, 13, 12
1289, 1330, 1331, 1349, 1384, 1383, 1382, 1381, 1380, 1405, 1412, 1438, 1451, 1481, 1494, 1516, 1541, 13
1289, 1330, 1331, 1349, 1384, 1383, 1382, 1381, 1404, 1411, 1439, 1452, 1482, 1495, 1515, 1540, 14
1289, 1330, 1331, 1349, 1384, 1401, 1427, 1428, 1441, 1455, 1484, 1497, 1513, 1514, 1539, 15
1289, 1330, 1331, 1349, 1384, 1401, 1427, 1428, 1441, 1455, 1484, 1497, 1513, 1538, 16
1289, 1330, 1331, 1349, 1384, 1401, 1427, 1442, 1456, 1485, 1498, 1533, 1537, 18, 17
1289, 1330, 1331, 1349, 1384, 1401, 1427, 1442, 1456, 1485, 1498, 1533, 1537, 18
1289, 1330, 1331, 1349, 1384, 1401, 1427, 1442, 1456, 1485, 1498, 1533, 1536, 19
1289, 1330, 1332, 1350, 1386, 1399, 1425, 1444, 1458, 1487, 1500, 1531, 1534, 20
1289, 1330, 1332, 1350, 1386, 1399, 1425, 1444, 1458, 1487, 1500, 1531, 1534, 20, 21
1289, 1330, 1332, 1350, 1386, 1399, 1425, 1444, 1458, 1487, 1500, 1531, 1534, 20, 22
1289, 1330, 1332, 1350, 1386, 1399, 1425, 1444, 1458, 1487, 1500, 1531, 1534, 20, 23
1289, 1330, 1332, 1350, 1351, 1388, 1397, 1424, 1446, 1459, 1490, 1502, 1528, 1552, 3, 24
1289, 1330, 1332, 1350, 1351, 1388, 1397, 1424, 1446, 1459, 1490, 1502, 1528, 1552, 2, 25
1289, 1330, 1332, 1350, 1351, 1388, 1397, 1396, 1423, 1447, 1460, 1461, 1492, 1504, 1526, 1550, 4, 26
1289, 1330, 1332, 1350, 1351, 1388, 1397, 1396, 1423, 1447, 1460, 1461, 1492, 1504, 1526, 1550, 4, 27
1289, 1330, 1332, 1350, 1351, 1388, 1397, 1396, 1423, 1447, 1460, 1461, 1492, 1504, 1526, 1550, 4, 27, 28
1289, 1330, 1332, 1350, 1351, 1388, 1397, 1396, 1423, 1447, 1460, 1461, 1492, 1504, 1526, 1550, 1549, 5, 29
1289, 1330, 1332, 1350, 1351, 1388, 1397, 1396, 1423, 1447, 1460, 1461, 1492, 1504, 1526, 1550, 1549, 5, 29, 30
1289, 1330, 1332, 1350, 1351, 1388, 1397, 1396, 1423, 1447, 1460, 1461, 1492, 1504, 1526, 1550, 1549, 5, 29, 30, 31
1289, 1330, 1332, 1350, 1351, 1388, 1397, 1396, 1423, 1447, 1460, 1461, 1492, 1504, 1526, 1550, 1549, 5, 29, 30, 31, 32
1289, 1330, 1332, 1350, 1351, 1388, 1397, 1396, 1423, 1447, 1460, 1461, 1492, 1504, 1526, 1550, 1549, 5, 29, 30, 31, 32, 33
1289, 1330, 1331, 1349, 1384, 1383, 1382, 1381, 1380, 1405, 1412, 1438, 1451, 1481, 1494, 1516, 1541, 13, 36, 35, 34
1289, 1330, 1331, 1349, 1384, 1383, 1382, 1381, 1380, 1405, 1412, 1438, 1451, 1481, 1494, 1516, 1541, 13, 36, 35
1289, 1330, 1331, 1349, 1384, 1383, 1382, 1381, 1380, 1405, 1412, 1438, 1451, 1481, 1494, 1516, 1541, 13, 36
1289, 1330, 1331, 1349, 1384, 1383, 1382, 1381, 1404, 1411, 1439, 1452, 1482, 1495, 1515, 1540, 14, 38, 37
1289, 1330, 1331, 1349, 1384, 1383, 1382, 1381, 1404, 1411, 1439, 1452, 1482, 1495, 1515, 1540, 14, 38
1289, 1330, 1331, 1349, 1384, 1383, 1382, 1381, 1404, 1411, 1439, 1452, 1482, 1495, 1515, 1540, 14, 39
1289, 1330, 1331, 1349, 1384, 1401, 1427, 1428, 1441, 1455, 1484, 1497, 1513, 1514, 1539, 15, 40
1289, 1330, 1331, 1349, 1384, 1401, 1427, 1428, 1441, 1455, 1484, 1497, 1513, 1538, 16, 42, 41
1289, 1330, 1331, 1349, 1384, 1401, 1427, 1428, 1441, 1455, 1484, 1497, 1513, 1538, 16, 42
1289, 1330, 1331, 1349, 1384, 1401, 1427, 1442, 1456, 1485, 1498, 1533, 1537, 18, 43
1289, 1330, 1331, 1349, 1384, 1401, 1427, 1442, 1456, 1485, 1498, 1533, 1536, 19, 44
1289, 1330, 1331, 1349, 1384, 1383, 1382, 1381, 1404, 1411, 1439, 1452, 1482, 1495, 1515, 1540, 14, 38, 37, 45
1289, 1330, 1331, 1349, 1384, 1383, 1382, 1381, 1380, 1405, 1412, 1438, 1451, 1481, 1494, 1516, 1541, 13, 36, 46
1289, 1330, 1331, 1349, 1384, 1383, 1382, 1381, 1404, 1411, 1439, 1452, 1482, 1495, 1515, 1540, 14, 38, 47
1289, 1330, 1331, 1349, 1384, 1383, 1382, 1381, 1404, 1411, 1439, 1452, 1482, 1495, 1515, 1540, 14, 39, 48
1289, 1330, 1331, 1349, 1384, 1401, 1427, 1428, 1441, 1455, 1484, 1497, 1513, 1514, 1539, 15, 40, 49
1289, 1330, 1331, 1349, 1384, 1401, 1427, 1442, 1456, 1485, 1498, 1533, 1537, 18, 43, 51, 50
1289, 1330, 1331, 1349, 1384, 1401, 1427, 1442, 1456, 1485, 1498, 1533, 1537, 18, 43, 51
1289, 1330, 1331, 1349, 1384, 1401, 1427, 1442, 1456, 1485, 1498, 1533, 1537, 18, 43, 52
1289, 1330, 1332, 1350, 1386, 1399, 1425, 1444, 1458, 1487, 1500, 1531, 1534, 20, 22, 53
1289, 1330, 1332, 1350, 1386, 1399, 1425, 1444, 1458, 1487, 1500, 1531, 1534, 20, 23, 54
1289, 1330, 1332, 1350, 1351, 1388, 1397, 1424, 1446, 1459, 1490, 1502, 1528, 1552, 3, 24, 55
1289, 1330, 1332, 1350, 1351, 1388, 1397, 1424, 1446, 1459, 1490, 1502, 1528, 1552, 2, 25, 56
1289, 1330, 1332, 1350, 1351, 1388, 1397, 1424, 1446, 1459, 1490, 1502, 1528, 1552, 2, 25, 57
1289, 1330, 1332, 1350, 1351, 1388, 1397, 1424, 1446, 1459, 1490, 1502, 1528, 1552, 2, 25, 57, 58
1289, 1330, 1332, 1350, 1351, 1388, 1397, 1396, 1423, 1447, 1460, 1461, 1492, 1504, 1526, 1550, 4, 27, 59
1289, 1330, 1332, 1350, 1351, 1388, 1397, 1396, 1423, 1447, 1460, 1461, 1492, 1504, 1526, 1550, 4, 27, 28, 60
1289, 1330, 1332, 1350, 1351, 1388, 1397, 1396, 1423, 1447, 1460, 1461, 1492, 1504, 1526, 1550, 1549, 5, 29, 61
1289, 1330, 1332, 1350, 1351, 1388, 1397, 1396, 1423, 1447, 1460, 1461, 1492, 1504, 1526, 1550, 1549, 5, 29, 61, 62
1289, 1330, 1332, 1350, 1351, 1388, 1397, 1396, 1423, 1447, 1460, 1461, 1492, 1504, 1526, 1550, 1549, 5, 29, 30, 63
1289, 1330, 1332, 1350, 1351, 1388, 1397, 1396, 1423, 1447, 1460, 1461, 1492, 1504, 1526, 1550, 1549, 5, 29, 30, 63, 64
1289, 1330, 1331, 1349, 1384, 1383, 1382, 1381, 1380, 1405, 1412, 1438, 1451, 1481, 1494, 1516, 1541, 13, 36, 35, 34, 65
1289, 1330, 1331, 1349, 1384, 1383, 1382, 1381, 1380, 1405, 1412, 1438, 1451, 1481, 1494, 1516, 1541, 13, 36, 35, 66
1289, 1330, 1331, 1349, 1384, 1401, 1427, 1442, 1456, 1485, 1498, 1533, 1537, 18, 43, 52, 67
1289, 1330, 1331, 1349, 1384, 1401, 1427, 1442, 1456, 1485, 1498, 1533, 1537, 18, 43, 52, 68
1289, 1330, 1331, 1349, 1384, 1401, 1427, 1442, 1456, 1485, 1498, 1533, 1537, 18, 43, 51, 69
1289, 1330, 1331, 1349, 1384, 1401, 1427, 1442, 1456, 1485, 1498, 1533, 1537, 18, 43, 51, 70
1289, 1330, 1331, 1349, 1384, 1401, 1427, 1442, 1456, 1485, 1498, 1533, 1537, 18, 43, 51, 50, 71
1289, 1330, 1331, 1349, 1384, 1401, 1427, 1428, 1441, 1455, 1484, 1497, 1513, 1514, 1539, 15, 40, 49, 72
1289, 1330, 1331, 1349, 1384, 1383, 1382, 1381, 1404, 1411, 1439, 1452, 1482, 1495, 1515, 1540, 14, 38, 47, 73
1289, 1330, 1331, 1349, 1384, 1383, 1382, 1381, 1380, 1405, 1412, 1438, 1451, 1481, 1494, 1516, 1541, 13, 36, 46, 74
1289, 1330, 1331, 1349, 1384, 1383, 1382, 1381, 1380, 1405, 1412, 1438, 1451, 1481, 1494, 1516, 1541, 13, 36, 46, 74, 75
1289, 1330, 1331, 1349, 1384, 1383, 1382, 1381, 1380, 1405, 1412, 1438, 1451, 1481, 1494, 1516, 1541, 13, 36, 46, 74, 75, 76
1289, 1330, 1332, 1350, 1351, 1388, 1397, 1396, 1423, 1447, 1460, 1461, 1492, 1504, 1526, 1550, 1549, 5, 29, 30, 63, 78, 77
1289, 1330, 1332, 1350, 1351, 1388, 1397, 1396, 1423, 1447, 1460, 1461, 1492, 1504, 1526, 1550, 1549, 5, 29, 30, 63, 78
1289, 1330, 1332, 1350, 1351, 1388, 1397, 1396, 1423, 1447, 1460, 1461, 1492, 1504, 1526, 1550, 1549, 5, 29, 30, 63, 79
1289, 1330, 1332, 1350, 1351, 1388, 1397, 1396, 1423, 1447, 1460, 1461, 1492, 1504, 1526, 1550, 1549, 5, 29, 61, 81, 80
1289, 1330, 1332, 1350, 1351, 1388, 1397, 1396, 1423, 1447, 1460, 1461, 1492, 1504, 1526, 1550, 1549, 5, 29, 61, 81
1289, 1330, 1332, 1350, 1351, 1388, 1397, 1396, 1423, 1447, 1460, 1461, 1492, 1504, 1526, 1550, 4, 27, 59, 82
1289, 1330, 1332, 1350, 1351, 1388, 1397, 1424, 1446, 1459, 1490, 1502, 1528, 1552, 2, 25, 57, 83
1289, 1330, 1332, 1350, 1351, 1388, 1397, 1424, 1446, 1459, 1490, 1502, 1528, 1552, 2, 25, 56, 84
1289, 1330, 1332, 1350, 1351, 1388, 1397, 1424, 1446, 1459, 1490, 1502, 1528, 1552, 3, 24, 55, 85
1289, 1330, 1332, 1350, 1386, 1399, 1425, 1444, 1458, 1487, 1500, 1531, 1534, 20, 23, 54, 86
1289, 1330, 1332, 1350, 1386, 1399, 1425, 1444, 1458, 1487, 1500, 1531, 1534, 20, 22, 53, 87
1289, 1330, 1332, 1350, 1351, 1388, 1397, 1424, 1446, 1459, 1490, 1502, 1528, 1552, 3, 24, 55, 85, 88
1289, 1330, 1332, 1350, 1386, 1399, 1425, 1444, 1458, 1487, 1500, 1531, 1534, 20, 23, 54, 86, 89
1289, 1330, 1332, 1350, 1386, 1399, 1425, 1444, 1458, 1487, 1500, 1531, 1534, 20, 22, 53, 87, 90
1289, 1330, 1331, 1349, 1384, 1401, 1427, 1442, 1456, 1485, 1498, 1533, 1537, 18, 43, 52, 68, 91
1289, 1330, 1331, 1349, 1384, 1401, 1427, 1442, 1456, 1485, 1498, 1533, 1537, 18, 43, 51, 70, 92
1289, 1330, 1331, 1349, 1384, 1401, 1427, 1442, 1456, 1485, 1498, 1533, 1537, 18, 43, 51, 50, 71, 93
1289, 1330, 1331, 1349, 1384, 1401, 1427, 1428, 1441, 1455, 1484, 1497, 1513, 1514, 1539, 15, 40, 49, 72, 94
1289, 1330, 1331, 1349, 1384, 1383, 1382, 1381, 1404, 1411, 1439, 1452, 1482, 1495, 1515, 1540, 14, 38, 47, 73, 95
1289, 1330, 1331, 1349, 1384, 1383, 1382, 1381, 1404, 1411, 1439, 1452, 1482, 1495, 1515, 1540, 14, 38, 47, 73, 95, 96
1289, 1330, 1331, 1349, 1384, 1383, 1382, 1381, 1380, 1405, 1412, 1438, 1451, 1481, 1494, 1516, 1541, 13, 36, 46, 74, 97
1289, 1330, 1331, 1349, 1384, 1383, 1382, 1381, 1380, 1405, 1412, 1438, 1451, 1481, 1494, 1516, 1541, 13, 36, 46, 74, 97, 98
1289, 1330, 1331, 1349, 1384, 1383, 1382, 1381, 1380, 1405, 1412, 1438, 1451, 1481, 1494, 1516, 1541, 13, 36, 46, 74, 97, 98, 99
