126, 127, 104, 105, 82, 83, 57, 25, 0
126, 127, 104, 105, 82, 83, 57, 25, 1
126, 127, 104, 105, 82, 83, 57, 25, 2
126, 127, 104, 105, 82, 83, 57, 25, 2, 3
126, 127, 104, 105, 82, 59, 27, 4
126, 127, 104, 81, 61, 29, 5
126, 127, 104, 81, 61, 29, 6
126, 127, 104, 81, 61, 29, 7
126, 103, 80, 62, 30, 8
126, 103, 80, 62, 30, 8, 9
126, 103, 80, 62, 63, 31, 32, 10
126, 103, 80, 62, 63, 31, 32, 33, 34, 11
126, 103, 80, 62, 63, 31, 32, 33, 34, 35, 12
126, 103, 102, 101, 100, 99, 98, 97, 74, 46, 36, 13
126, 103, 102, 101, 100, 99, 98, 97, 96, 95, 73, 47, 38, 14
126, 103, 102, 101, 100, 99, 98, 97, 96, 95, 73, 47, 38, 14, 15
126, 127, 104, 105, 82, 83, 57, 56, 55, 54, 53, 52, 43, 17, 16
126, 127, 104, 105, 82, 83, 57, 56, 55, 54, 53, 52, 43, 17
126, 127, 104, 105, 82, 83, 57, 25, 24, 23, 20, 19, 18
126, 127, 104, 105, 82, 83, 57, 25, 24, 23, 20, 19
126, 127, 104, 105, 82, 83, 57, 25, 24, 23, 20
126, 127, 104, 105, 82, 83, 57, 25, 24, 23, 20, 21
126, 127, 104, 105, 82, 83, 57, 25, 24, 23, 22
126, 127, 104, 105, 82, 83, 57, 25, 24, 23
126, 127, 104, 105, 82, 83, 57, 25, 24
126, 127, 104, 105, 82, 83, 57, 25
126, 127, 104, 105, 82, 59, 26
126, 127, 104, 105, 82, 59, 27
126, 127, 104, 81, 61, 60, 28
126, 127, 104, 81, 61, 29
126, 103, 80, 62, 30
126, 103, 80, 62, 63, 31
126, 103, 80, 62, 63, 31, 32
126, 103, 80, 62, 63, 31, 32, 33
126, 103, 80, 62, 63, 31, 32, 33, 34
126, 103, 80, 62, 63, 31, 32, 33, 34, 35
126, 103, 102, 101, 100, 99, 98, 97, 74, 46, 36
126, 103, 102, 79, 78, 77, 76, 75, 66, 45, 37
126, 103, 102, 101, 100, 99, 98, 97, 96, 95, 73, 47, 38
126, 103, 102, 101, 100, 99, 98, 97, 96, 95, 73, 47, 38, 39
126, 125, 124, 123, 122, 121, 120, 119, 94, 72, 49, 40
126, 125, 124, 123, 122, 121, 120, 119, 94, 72, 49, 40, 41
126, 125, 124, 123, 122, 121, 120, 119, 94, 72, 49, 40, 41, 42
126, 127, 104, 105, 82, 83, 57, 56, 55, 54, 53, 52, 43
126, 127, 104, 105, 82, 83, 57, 25, 24, 23, 20, 19, 44
126, 103, 102, 79, 78, 77, 76, 75, 66, 45
126, 103, 102, 101, 100, 99, 98, 97, 74, 46
126, 103, 102, 101, 100, 99, 98, 97, 96, 95, 73, 47
126, 103, 102, 101, 100, 99, 98, 97, 96, 95, 73, 48
126, 125, 124, 123, 122, 121, 120, 119, 94, 72, 49
126, 125, 124, 123, 122, 121, 120, 119, 94, 72, 49, 50
126, 127, 104, 105, 82, 83, 57, 56, 55, 54, 53, 52, 51
126, 127, 104, 105, 82, 83, 57, 56, 55, 54, 53, 52
126, 127, 104, 105, 82, 83, 57, 56, 55, 54, 53
126, 127, 104, 105, 82, 83, 57, 56, 55, 54
126, 127, 104, 105, 82, 83, 57, 56, 55
126, 127, 104, 105, 82, 83, 57, 56
126, 127, 104, 105, 82, 83, 57
126, 127, 104, 105, 82, 59, 58
126, 127, 104, 105, 82, 59
126, 127, 104, 81, 61, 60
126, 127, 104, 81, 61
126, 103, 80, 62
126, 103, 80, 62, 63
126, 103, 80, 62, 63, 64
126, 103, 80, 62, 63, 64, 65
126, 103, 102, 79, 78, 77, 76, 75, 66
126, 127, 104, 105, 82, 83, 84, 85, 86, 87, 67
126, 127, 104, 105, 82, 83, 84, 85, 86, 87, 67, 68
126, 127, 104, 105, 82, 83, 84, 85, 86, 87, 67, 68, 69
126, 127, 104, 105, 82, 83, 84, 85, 86, 87, 67, 68, 69, 70
126, 125, 124, 123, 122, 121, 120, 119, 94, 72, 71
126, 125, 124, 123, 122, 121, 120, 119, 94, 72
126, 103, 102, 101, 100, 99, 98, 97, 96, 95, 73
126, 103, 102, 101, 100, 99, 98, 97, 74
126, 103, 102, 79, 78, 77, 76, 75
126, 103, 102, 79, 78, 77, 76
126, 103, 102, 79, 78, 77
126, 103, 102, 79, 78
126, 103, 102, 79
126, 103, 80
126, 127, 104, 81
126, 127, 104, 105, 82
126, 127, 104, 105, 82, 83
126, 127, 104, 105, 82, 83, 84
126, 127, 104, 105, 82, 83, 84, 85
126, 127, 104, 105, 82, 83, 84, 85, 86
126, 127, 104, 105, 82, 83, 84, 85, 86, 87
126, 127, 128, 129, 109, 107, 108, 88
126, 127, 128, 129, 109, 107, 108, 88, 89
126, 127, 128, 129, 109, 107, 108, 88, 89, 90
126, 127, 128, 129, 109, 107, 108, 88, 89, 90, 91
126, 127, 128, 129, 109, 107, 108, 88, 89, 90, 91, 92
126, 125, 124, 123, 122, 121, 120, 119, 94, 93
126, 125, 124, 123, 122, 121, 120, 119, 94
126, 103, 102, 101, 100, 99, 98, 97, 96, 95
126, 103, 102, 101, 100, 99, 98, 97, 96
126, 103, 102, 101, 100, 99, 98, 97
126, 103, 102, 101, 100, 99, 98
126, 103, 102, 101, 100, 99
