167, 168, 152, 118, 117, 116, 92, 70, 51, 43, 18, 19, 20, 0
167, 168, 152, 118, 117, 116, 92, 70, 51, 52, 53, 54, 55, 56, 25, 1
167, 168, 152, 118, 117, 116, 92, 70, 51, 52, 53, 54, 55, 24, 3, 2
167, 168, 152, 118, 117, 116, 92, 70, 51, 52, 53, 54, 55, 24, 3
167, 168, 152, 118, 117, 116, 92, 69, 68, 67, 87, 86, 85, 84, 83, 58, 26, 4
167, 153, 154, 120, 95, 96, 74, 75, 65, 64, 63, 30, 29, 5
167, 153, 154, 120, 95, 96, 74, 75, 65, 64, 63, 30, 29, 6
167, 153, 154, 120, 95, 96, 74, 75, 65, 64, 63, 30, 8, 7
167, 153, 154, 120, 95, 96, 74, 75, 65, 64, 63, 30, 8
167, 153, 154, 120, 95, 96, 74, 75, 65, 34, 33, 32, 31, 9
167, 153, 154, 120, 95, 96, 74, 75, 65, 34, 33, 10
167, 153, 154, 120, 95, 73, 47, 37, 13, 12, 11
167, 153, 154, 120, 95, 73, 47, 37, 13, 12
167, 153, 154, 120, 95, 73, 47, 37, 13
167, 153, 119, 94, 72, 49, 40, 15, 14
167, 153, 119, 94, 72, 49, 40, 15
167, 168, 152, 118, 117, 93, 71, 50, 42, 16
167, 168, 152, 118, 117, 93, 71, 50, 42, 16, 17
167, 168, 152, 118, 117, 116, 92, 70, 51, 43, 18
167, 168, 152, 118, 117, 116, 92, 70, 51, 43, 18, 19
167, 168, 152, 118, 117, 116, 92, 70, 51, 43, 18, 19, 20
167, 168, 152, 118, 117, 116, 92, 70, 51, 52, 44, 21
167, 168, 152, 118, 117, 116, 92, 70, 51, 52, 53, 22
167, 168, 152, 118, 117, 116, 92, 70, 51, 52, 53, 54, 23
167, 168, 152, 118, 117, 116, 92, 70, 51, 52, 53, 54, 55, 24
167, 168, 152, 118, 117, 116, 92, 70, 51, 52, 53, 54, 55, 56, 25
167, 168, 152, 118, 117, 116, 92, 69, 68, 67, 87, 86, 85, 84, 83, 58, 26
167, 153, 154, 130, 131, 132, 133, 134, 135, 136, 137, 126, 127, 104, 105, 82, 59, 27
167, 153, 154, 120, 95, 96, 74, 75, 65, 64, 63, 62, 61, 60, 28
167, 153, 154, 120, 95, 96, 74, 75, 65, 64, 63, 30, 29
167, 153, 154, 120, 95, 96, 74, 75, 65, 64, 63, 30
167, 153, 154, 120, 95, 96, 74, 75, 65, 34, 33, 32, 31
167, 153, 154, 120, 95, 96, 74, 75, 65, 34, 33, 32
167, 153, 154, 120, 95, 96, 74, 75, 65, 34, 33
167, 153, 154, 120, 95, 96, 74, 75, 65, 34
167, 153, 154, 120, 95, 73, 45, 66, 35
167, 153, 154, 120, 95, 73, 47, 37, 36
167, 153, 154, 120, 95, 73, 47, 37
167, 153, 154, 120, 95, 73, 47, 38
167, 153, 119, 94, 72, 49, 48, 39
167, 153, 119, 94, 72, 49, 40
167, 153, 119, 94, 72, 49, 40, 41
167, 168, 152, 118, 117, 93, 71, 50, 42
167, 168, 152, 118, 117, 116, 92, 70, 51, 43
167, 168, 152, 118, 117, 116, 92, 70, 51, 52, 44
167, 153, 154, 120, 95, 73, 45
167, 153, 154, 120, 95, 96, 74, 46
167, 153, 154, 120, 95, 73, 47
167, 153, 119, 94, 72, 49, 48
167, 153, 119, 94, 72, 49
167, 168, 152, 118, 117, 93, 71, 50
167, 168, 152, 118, 117, 116, 92, 70, 51
167, 168, 152, 118, 117, 116, 92, 70, 51, 52
167, 168, 152, 118, 117, 116, 92, 70, 51, 52, 53
167, 168, 152, 118, 117, 116, 92, 70, 51, 52, 53, 54
167, 168, 152, 118, 117, 116, 92, 70, 51, 52, 53, 54, 55
167, 168, 152, 118, 117, 116, 92, 70, 51, 52, 53, 54, 55, 56
167, 168, 152, 118, 117, 116, 92, 70, 51, 52, 53, 54, 55, 56, 57
167, 168, 152, 118, 117, 116, 92, 69, 68, 67, 87, 86, 85, 84, 83, 58
167, 153, 154, 130, 131, 132, 133, 134, 135, 136, 137, 126, 127, 104, 105, 82, 59
167, 153, 154, 120, 95, 96, 74, 75, 65, 64, 63, 62, 61, 60
167, 153, 154, 120, 95, 96, 74, 75, 65, 64, 63, 62, 61
167, 153, 154, 120, 95, 96, 74, 75, 65, 64, 63, 62
167, 153, 154, 120, 95, 96, 74, 75, 65, 64, 63
167, 153, 154, 120, 95, 96, 74, 75, 65, 64
167, 153, 154, 120, 95, 96, 74, 75, 65
167, 153, 154, 120, 95, 73, 45, 66
167, 168, 152, 118, 117, 116, 92, 69, 68, 67
167, 168, 152, 118, 117, 116, 92, 69, 68
167, 168, 152, 118, 117, 116, 92, 69
167, 168, 152, 118, 117, 116, 92, 70
167, 168, 152, 118, 117, 93, 71
167, 153, 119, 94, 72
167, 153, 154, 120, 95, 73
167, 153, 154, 120, 95, 96, 74
167, 153, 154, 120, 95, 96, 74, 75
167, 153, 154, 120, 95, 96, 74, 75, 76
167, 153, 154, 120, 95, 96, 74, 75, 76, 77
167, 153, 154, 120, 95, 96, 74, 75, 76, 77, 78
167, 153, 154, 120, 95, 96, 74, 75, 76, 77, 78, 79
167, 153, 154, 120, 95, 96, 74, 75, 76, 77, 78, 79, 80
167, 153, 154, 130, 131, 132, 133, 134, 135, 136, 137, 126, 127, 104, 81
167, 153, 154, 130, 131, 132, 133, 134, 135, 136, 137, 126, 127, 104, 105, 82
167, 168, 152, 118, 117, 116, 92, 69, 68, 67, 87, 86, 85, 84, 83
167, 168, 152, 118, 117, 116, 92, 69, 68, 67, 87, 86, 85, 84
167, 168, 152, 118, 117, 116, 92, 69, 68, 67, 87, 86, 85
167, 168, 152, 118, 117, 116, 92, 69, 68, 67, 87, 86
167, 168, 152, 118, 117, 116, 92, 69, 68, 67, 87
167, 168, 152, 118, 117, 116, 92, 91, 90, 89, 88
167, 168, 152, 118, 117, 116, 92, 91, 90, 89
167, 168, 152, 118, 117, 116, 92, 91, 90
167, 168, 152, 118, 117, 116, 92, 91
167, 168, 152, 118, 117, 116, 92
167, 168, 152, 118, 117, 93
167, 153, 119, 94
167, 153, 154, 120, 95
167, 153, 154, 120, 95, 96
167, 153, 154, 120, 95, 96, 97
167, 153, 154, 120, 95, 96, 97, 98
167, 153, 154, 120, 95, 96, 97, 98, 99
