280, 279, 249, 223, 205, 177, 169, 150, 116, 92, 70, 51, 43, 18, 19, 20, 0
280, 279, 249, 223, 205, 177, 169, 150, 116, 92, 70, 51, 52, 53, 54, 55, 56, 25, 1
280, 279, 249, 223, 205, 177, 169, 150, 116, 92, 70, 51, 52, 53, 54, 55, 24, 3, 2
280, 279, 249, 223, 205, 177, 169, 150, 116, 92, 70, 51, 52, 53, 54, 55, 24, 3
280, 279, 249, 223, 205, 177, 169, 170, 149, 115, 114, 113, 112, 111, 110, 108, 84, 83, 58, 26, 4
280, 248, 221, 204, 197, 167, 153, 154, 120, 95, 96, 74, 75, 65, 64, 63, 30, 29, 5
280, 248, 221, 204, 197, 167, 153, 154, 120, 95, 96, 74, 75, 65, 64, 63, 30, 29, 6
280, 248, 221, 204, 197, 167, 153, 154, 120, 95, 96, 74, 75, 65, 64, 63, 30, 8, 7
280, 248, 221, 204, 197, 167, 153, 154, 120, 95, 96, 74, 75, 65, 64, 63, 30, 8
280, 248, 221, 204, 197, 167, 153, 154, 120, 95, 96, 74, 75, 65, 34, 33, 32, 31, 9
280, 248, 221, 204, 197, 167, 153, 154, 120, 95, 96, 74, 75, 65, 34, 33, 10
280, 248, 221, 204, 197, 167, 153, 154, 120, 95, 73, 47, 37, 13, 12, 11
280, 248, 221, 204, 197, 167, 153, 154, 120, 95, 73, 47, 37, 13, 12
280, 248, 221, 204, 197, 167, 153, 154, 120, 95, 73, 47, 37, 13
280, 248, 221, 204, 197, 167, 153, 119, 94, 72, 49, 40, 15, 14
280, 248, 221, 204, 197, 167, 153, 119, 94, 72, 49, 40, 15
280, 248, 221, 204, 197, 168, 152, 118, 117, 93, 71, 50, 42, 16
280, 248, 221, 204, 197, 168, 152, 118, 117, 93, 71, 50, 42, 16, 17
280, 279, 249, 223, 205, 177, 169, 150, 116, 92, 70, 51, 43, 18
280, 279, 249, 223, 205, 177, 169, 150, 116, 92, 70, 51, 43, 18, 19
280, 279, 249, 223, 205, 177, 169, 150, 116, 92, 70, 51, 43, 18, 19, 20
280, 279, 249, 223, 205, 177, 169, 150, 116, 92, 70, 51, 52, 44, 21
280, 279, 249, 223, 205, 177, 169, 150, 116, 92, 70, 51, 52, 53, 22
280, 279, 249, 223, 205, 177, 169, 150, 116, 92, 70, 51, 52, 53, 54, 23
280, 279, 249, 223, 205, 177, 169, 150, 116, 92, 70, 51, 52, 53, 54, 55, 24
280, 279, 249, 223, 205, 177, 169, 150, 116, 92, 70, 51, 52, 53, 54, 55, 56, 25
280, 279, 249, 223, 205, 177, 169, 170, 149, 115, 114, 113, 112, 111, 110, 108, 84, 83, 58, 26
280, 279, 249, 223, 205, 177, 169, 170, 149, 115, 114, 113, 112, 111, 110, 108, 84, 83, 58, 26, 27
280, 248, 221, 204, 197, 167, 153, 154, 120, 95, 96, 74, 75, 65, 64, 63, 62, 61, 60, 28
280, 248, 221, 204, 197, 167, 153, 154, 120, 95, 96, 74, 75, 65, 64, 63, 30, 29
280, 248, 221, 204, 197, 167, 153, 154, 120, 95, 96, 74, 75, 65, 64, 63, 30
280, 248, 221, 204, 197, 167, 153, 154, 120, 95, 96, 74, 75, 65, 34, 33, 32, 31
280, 248, 221, 204, 197, 167, 153, 154, 120, 95, 96, 74, 75, 65, 34, 33, 32
280, 248, 221, 204, 197, 167, 153, 154, 120, 95, 96, 74, 75, 65, 34, 33
280, 248, 221, 204, 197, 167, 153, 154, 120, 95, 96, 74, 75, 65, 34
280, 248, 221, 204, 197, 167, 153, 154, 120, 95, 73, 45, 66, 35
280, 248, 221, 204, 197, 167, 153, 154, 120, 95, 73, 47, 37, 36
280, 248, 221, 204, 197, 167, 153, 154, 120, 95, 73, 47, 37
280, 248, 221, 204, 197, 167, 153, 154, 120, 95, 73, 47, 38
280, 248, 221, 204, 197, 167, 153, 119, 94, 72, 49, 48, 39
280, 248, 221, 204, 197, 167, 153, 119, 94, 72, 49, 40
280, 248, 221, 204, 197, 167, 153, 119, 94, 72, 49, 40, 41
280, 248, 221, 204, 197, 168, 152, 118, 117, 93, 71, 50, 42
280, 279, 249, 223, 205, 177, 169, 150, 116, 92, 70, 51, 43
280, 279, 249, 223, 205, 177, 169, 150, 116, 92, 70, 51, 52, 44
280, 248, 221, 204, 197, 167, 153, 154, 120, 95, 73, 45
280, 248, 221, 204, 197, 167, 153, 154, 120, 95, 96, 74, 46
280, 248, 221, 204, 197, 167, 153, 154, 120, 95, 73, 47
280, 248, 221, 204, 197, 167, 153, 119, 94, 72, 49, 48
280, 248, 221, 204, 197, 167, 153, 119, 94, 72, 49
280, 248, 221, 204, 197, 168, 152, 118, 117, 93, 71, 50
280, 279, 249, 223, 205, 177, 169, 150, 116, 92, 70, 51
280, 279, 249, 223, 205, 177, 169, 150, 116, 92, 70, 51, 52
280, 279, 249, 223, 205, 177, 169, 150, 116, 92, 70, 51, 52, 53
280, 279, 249, 223, 205, 177, 169, 150, 116, 92, 70, 51, 52, 53, 54
280, 279, 249, 223, 205, 177, 169, 150, 116, 92, 70, 51, 52, 53, 54, 55
280, 279, 249, 223, 205, 177, 169, 150, 116, 92, 70, 51, 52, 53, 54, 55, 56
280, 279, 249, 223, 205, 177, 169, 150, 116, 92, 70, 51, 52, 53, 54, 55, 56, 57
280, 279, 249, 223, 205, 177, 169, 170, 149, 115, 114, 113, 112, 111, 110, 108, 84, 83, 58
280, 281, 282, 247, 240, 239, 238, 237, 199, 198, 220, 219, 190, 158, 138, 127, 104, 105, 82, 59
280, 248, 221, 204, 197, 167, 153, 154, 120, 95, 96, 74, 75, 65, 64, 63, 62, 61, 60
280, 248, 221, 204, 197, 167, 153, 154, 120, 95, 96, 74, 75, 65, 64, 63, 62, 61
280, 248, 221, 204, 197, 167, 153, 154, 120, 95, 96, 74, 75, 65, 64, 63, 62
280, 248, 221, 204, 197, 167, 153, 154, 120, 95, 96, 74, 75, 65, 64, 63
280, 248, 221, 204, 197, 167, 153, 154, 120, 95, 96, 74, 75, 65, 64
280, 248, 221, 204, 197, 167, 153, 154, 120, 95, 96, 74, 75, 65
280, 248, 221, 204, 197, 167, 153, 154, 120, 95, 73, 45, 66
280, 279, 249, 223, 205, 177, 169, 150, 116, 92, 69, 68, 67
280, 279, 249, 223, 205, 177, 169, 150, 116, 92, 69, 68
280, 279, 249, 223, 205, 177, 169, 150, 116, 92, 69
280, 279, 249, 223, 205, 177, 169, 150, 116, 92, 70
280, 248, 221, 204, 197, 168, 152, 118, 117, 93, 71
280, 248, 221, 204, 197, 167, 153, 119, 94, 72
280, 248, 221, 204, 197, 167, 153, 154, 120, 95, 73
280, 248, 221, 204, 197, 167, 153, 154, 120, 95, 96, 74
280, 248, 221, 204, 197, 167, 153, 154, 120, 95, 96, 74, 75
280, 248, 221, 204, 197, 167, 153, 154, 120, 95, 96, 74, 75, 76
280, 248, 221, 204, 197, 167, 153, 154, 120, 95, 96, 74, 75, 76, 77
280, 248, 221, 204, 197, 167, 153, 154, 120, 95, 96, 74, 75, 76, 77, 78
280, 248, 221, 204, 197, 167, 153, 154, 120, 95, 96, 74, 75, 76, 77, 78, 79
280, 248, 221, 204, 197, 167, 153, 154, 120, 95, 96, 74, 75, 76, 77, 78, 79, 80
280, 281, 282, 247, 240, 239, 238, 237, 199, 198, 220, 219, 190, 158, 138, 127, 104, 81
280, 281, 282, 247, 240, 239, 238, 237, 199, 198, 220, 219, 190, 158, 138, 127, 104, 105, 82
280, 279, 249, 223, 205, 177, 169, 170, 149, 115, 114, 113, 112, 111, 110, 108, 84, 83
280, 279, 249, 223, 205, 177, 169, 170, 149, 115, 114, 113, 112, 111, 110, 108, 84
280, 279, 249, 223, 205, 177, 169, 150, 116, 92, 69, 68, 67, 87, 86, 85
280, 279, 249, 223, 205, 177, 169, 150, 116, 92, 69, 68, 67, 87, 86
280, 279, 249, 223, 205, 177, 169, 150, 116, 92, 69, 68, 67, 87
280, 279, 249, 223, 205, 177, 169, 170, 149, 115, 114, 113, 89, 88
280, 279, 249, 223, 205, 177, 169, 170, 149, 115, 114, 113, 89
280, 279, 249, 223, 205, 177, 169, 150, 116, 92, 91, 90
280, 279, 249, 223, 205, 177, 169, 150, 116, 92, 91
280, 279, 249, 223, 205, 177, 169, 150, 116, 92
280, 248, 221, 204, 197, 168, 152, 118, 117, 93
280, 248, 221, 204, 197, 167, 153, 119, 94
280, 248, 221, 204, 197, 167, 153, 154, 120, 95
280, 248, 221, 204, 197, 167, 153, 154, 120, 95, 96
280, 248, 221, 204, 197, 167, 153, 154, 120, 95, 96, 97
280, 248, 221, 204, 197, 167, 153, 154, 120, 95, 96, 97, 98
280, 248, 221, 204, 197, 167, 153, 154, 120, 95, 96, 97, 98, 99
