348, 334, 320, 295, 267, 261, 234, 233, 218, 189, 157, 138, 127, 104, 105, 82, 83, 57, 25, 0
348, 334, 320, 295, 267, 261, 234, 233, 218, 189, 157, 138, 127, 104, 105, 82, 83, 57, 25, 1
348, 334, 320, 295, 267, 261, 234, 233, 218, 189, 157, 138, 127, 104, 105, 82, 83, 57, 25, 2
348, 334, 320, 295, 267, 261, 234, 233, 218, 189, 157, 138, 127, 104, 105, 82, 83, 57, 25, 2, 3
348, 334, 320, 295, 267, 261, 234, 233, 218, 189, 157, 138, 127, 104, 105, 82, 59, 27, 4
348, 334, 320, 295, 267, 261, 234, 233, 218, 189, 157, 138, 127, 104, 81, 61, 29, 5
348, 334, 320, 295, 267, 261, 234, 233, 218, 189, 157, 138, 127, 104, 81, 61, 29, 6
348, 334, 320, 295, 267, 261, 234, 233, 218, 189, 157, 138, 127, 104, 81, 61, 29, 7
348, 334, 320, 295, 267, 261, 234, 219, 190, 158, 137, 126, 103, 80, 62, 30, 8
348, 334, 320, 295, 267, 261, 234, 219, 190, 159, 136, 125, 102, 79, 63, 31, 9
348, 334, 320, 295, 267, 262, 235, 220, 191, 160, 135, 124, 100, 77, 64, 32, 10
348, 334, 320, 295, 296, 297, 266, 263, 236, 198, 192, 161, 134, 123, 99, 76, 65, 34, 11
348, 334, 320, 295, 296, 297, 266, 263, 236, 198, 192, 161, 134, 123, 99, 76, 75, 66, 35, 12
348, 334, 320, 295, 296, 297, 266, 263, 236, 198, 192, 162, 163, 164, 131, 121, 97, 74, 46, 36, 13
348, 334, 320, 295, 296, 297, 266, 263, 236, 198, 192, 162, 163, 164, 131, 121, 96, 95, 73, 47, 38, 14
348, 334, 320, 295, 296, 297, 266, 263, 236, 198, 192, 162, 163, 164, 130, 154, 153, 119, 94, 72, 49, 40, 15
348, 334, 320, 295, 296, 297, 266, 263, 236, 198, 192, 162, 163, 164, 130, 154, 153, 119, 94, 72, 49, 40, 41, 42, 16
348, 334, 320, 295, 296, 297, 266, 263, 236, 198, 192, 162, 163, 164, 130, 154, 153, 119, 94, 72, 49, 40, 41, 42, 16, 17
348, 334, 320, 295, 267, 261, 234, 233, 218, 189, 157, 139, 140, 141, 109, 107, 84, 56, 55, 54, 23, 20, 19, 18
348, 334, 320, 295, 267, 261, 234, 233, 218, 189, 157, 139, 140, 141, 109, 107, 84, 56, 55, 54, 23, 20, 19
348, 334, 320, 295, 267, 261, 234, 233, 218, 189, 157, 139, 140, 141, 109, 107, 84, 56, 55, 54, 23, 20
348, 334, 320, 295, 267, 261, 234, 233, 218, 189, 157, 139, 140, 141, 109, 107, 84, 56, 55, 54, 23, 20, 21
348, 334, 320, 295, 267, 261, 234, 233, 218, 189, 157, 139, 140, 141, 109, 107, 84, 56, 55, 54, 23, 22
348, 334, 320, 295, 267, 261, 234, 233, 218, 189, 157, 139, 140, 141, 109, 107, 84, 56, 55, 54, 23
348, 334, 320, 295, 267, 261, 234, 233, 218, 189, 157, 138, 127, 104, 105, 82, 83, 57, 25, 24
348, 334, 320, 295, 267, 261, 234, 233, 218, 189, 157, 138, 127, 104, 105, 82, 83, 57, 25
348, 334, 320, 295, 267, 261, 234, 233, 218, 189, 157, 138, 127, 104, 105, 82, 59, 26
348, 334, 320, 295, 267, 261, 234, 233, 218, 189, 157, 138, 127, 104, 105, 82, 59, 27
348, 334, 320, 295, 267, 261, 234, 233, 218, 189, 157, 138, 127, 104, 81, 61, 60, 28
348, 334, 320, 295, 267, 261, 234, 233, 218, 189, 157, 138, 127, 104, 81, 61, 29
348, 334, 320, 295, 267, 261, 234, 219, 190, 158, 137, 126, 103, 80, 62, 30
348, 334, 320, 295, 267, 261, 234, 219, 190, 159, 136, 125, 102, 79, 63, 31
348, 334, 320, 295, 267, 262, 235, 220, 191, 160, 135, 124, 100, 77, 64, 32
348, 334, 320, 295, 267, 262, 235, 220, 191, 160, 135, 124, 100, 77, 64, 33
348, 334, 320, 295, 296, 297, 266, 263, 236, 198, 192, 161, 134, 123, 99, 76, 65, 34
348, 334, 320, 295, 296, 297, 266, 263, 236, 198, 192, 161, 134, 123, 99, 76, 75, 66, 35
348, 334, 320, 295, 296, 297, 266, 263, 236, 198, 192, 162, 163, 164, 131, 121, 97, 74, 46, 36
348, 334, 320, 295, 296, 297, 266, 263, 236, 198, 192, 162, 163, 164, 131, 121, 97, 74, 46, 36, 37
348, 334, 320, 295, 296, 297, 266, 263, 236, 198, 192, 162, 163, 164, 131, 121, 96, 95, 73, 47, 38
348, 334, 320, 295, 296, 297, 266, 263, 236, 198, 192, 162, 163, 164, 131, 121, 96, 95, 73, 47, 38, 39
348, 334, 320, 295, 296, 297, 266, 263, 236, 198, 192, 162, 163, 164, 130, 154, 153, 119, 94, 72, 49, 40
348, 334, 320, 295, 296, 297, 266, 263, 236, 198, 192, 162, 163, 164, 130, 154, 153, 119, 94, 72, 49, 40, 41
348, 334, 320, 295, 296, 297, 266, 263, 236, 198, 192, 162, 163, 164, 130, 154, 153, 119, 94, 72, 49, 40, 41, 42
348, 334, 333, 321, 294, 268, 260, 259, 231, 215, 214, 213, 183, 182, 174, 173, 172, 146, 114, 90, 67, 52, 43
348, 334, 320, 295, 267, 261, 234, 233, 218, 189, 157, 139, 140, 141, 109, 107, 84, 56, 55, 54, 23, 20, 19, 44
348, 334, 320, 295, 296, 297, 266, 263, 236, 198, 192, 162, 163, 164, 131, 121, 97, 74, 46, 45
348, 334, 320, 295, 296, 297, 266, 263, 236, 198, 192, 162, 163, 164, 131, 121, 97, 74, 46
348, 334, 320, 295, 296, 297, 266, 263, 236, 198, 192, 162, 163, 164, 131, 121, 96, 95, 73, 47
348, 334, 320, 295, 296, 297, 266, 263, 236, 198, 192, 162, 163, 164, 131, 121, 96, 95, 73, 48
348, 334, 320, 295, 296, 297, 266, 263, 236, 198, 192, 162, 163, 164, 130, 154, 153, 119, 94, 72, 49
348, 334, 320, 295, 296, 297, 266, 263, 236, 198, 192, 162, 163, 164, 130, 154, 153, 119, 94, 72, 49, 50
348, 334, 333, 321, 294, 268, 260, 259, 231, 215, 214, 213, 183, 182, 174, 173, 172, 146, 114, 90, 67, 52, 51
348, 334, 333, 321, 294, 268, 260, 259, 231, 215, 214, 213, 183, 182, 174, 173, 172, 146, 114, 90, 67, 52
348, 334, 320, 295, 267, 261, 234, 233, 218, 189, 157, 139, 140, 141, 109, 107, 84, 56, 55, 54, 53
348, 334, 320, 295, 267, 261, 234, 233, 218, 189, 157, 139, 140, 141, 109, 107, 84, 56, 55, 54
348, 334, 320, 295, 267, 261, 234, 233, 218, 189, 157, 139, 140, 141, 109, 107, 84, 56, 55
348, 334, 320, 295, 267, 261, 234, 233, 218, 189, 157, 139, 140, 141, 109, 107, 84, 56
348, 334, 320, 295, 267, 261, 234, 233, 218, 189, 157, 138, 127, 104, 105, 82, 83, 57
348, 334, 320, 295, 267, 261, 234, 233, 218, 189, 157, 138, 127, 104, 105, 82, 59, 58
348, 334, 320, 295, 267, 261, 234, 233, 218, 189, 157, 138, 127, 104, 105, 82, 59
348, 334, 320, 295, 267, 261, 234, 233, 218, 189, 157, 138, 127, 104, 81, 61, 60
348, 334, 320, 295, 267, 261, 234, 233, 218, 189, 157, 138, 127, 104, 81, 61
348, 334, 320, 295, 267, 261, 234, 219, 190, 158, 137, 126, 103, 80, 62
348, 334, 320, 295, 267, 261, 234, 219, 190, 159, 136, 125, 102, 79, 63
348, 334, 320, 295, 267, 262, 235, 220, 191, 160, 135, 124, 100, 77, 64
348, 334, 320, 295, 296, 297, 266, 263, 236, 198, 192, 161, 134, 123, 99, 76, 65
348, 334, 320, 295, 296, 297, 266, 263, 236, 198, 192, 161, 134, 123, 99, 76, 75, 66
348, 334, 333, 321, 294, 268, 260, 259, 231, 215, 214, 213, 183, 182, 174, 173, 172, 146, 114, 90, 67
348, 334, 333, 321, 294, 268, 260, 259, 231, 215, 214, 213, 183, 182, 174, 173, 172, 146, 114, 90, 67, 68
348, 334, 320, 295, 296, 297, 298, 299, 300, 301, 302, 303, 279, 249, 223, 205, 177, 169, 150, 116, 92, 69
348, 334, 320, 295, 296, 297, 298, 299, 300, 301, 302, 303, 279, 249, 223, 205, 177, 169, 150, 116, 92, 70
348, 334, 320, 295, 296, 297, 266, 263, 236, 198, 192, 162, 163, 164, 130, 154, 153, 119, 94, 72, 71
348, 334, 320, 295, 296, 297, 266, 263, 236, 198, 192, 162, 163, 164, 130, 154, 153, 119, 94, 72
348, 334, 320, 295, 296, 297, 266, 263, 236, 198, 192, 162, 163, 164, 131, 121, 96, 95, 73
348, 334, 320, 295, 296, 297, 266, 263, 236, 198, 192, 162, 163, 164, 131, 121, 97, 74
348, 334, 320, 295, 296, 297, 266, 263, 236, 198, 192, 161, 134, 123, 99, 76, 75
348, 334, 320, 295, 296, 297, 266, 263, 236, 198, 192, 161, 134, 123, 99, 76
348, 334, 320, 295, 267, 262, 235, 220, 191, 160, 135, 124, 100, 77
348, 334, 320, 295, 267, 261, 234, 219, 190, 159, 136, 125, 101, 78
348, 334, 320, 295, 267, 261, 234, 219, 190, 159, 136, 125, 102, 79
348, 334, 320, 295, 267, 261, 234, 219, 190, 158, 137, 126, 103, 80
348, 334, 320, 295, 267, 261, 234, 233, 218, 189, 157, 138, 127, 104, 81
348, 334, 320, 295, 267, 261, 234, 233, 218, 189, 157, 138, 127, 104, 105, 82
348, 334, 320, 295, 267, 261, 234, 233, 218, 189, 157, 138, 127, 104, 105, 82, 83
348, 334, 320, 295, 267, 261, 234, 233, 218, 189, 157, 139, 140, 141, 109, 107, 84
348, 334, 320, 295, 267, 261, 234, 233, 218, 189, 157, 139, 140, 141, 109, 107, 84, 85
348, 334, 320, 295, 267, 261, 234, 233, 218, 189, 157, 139, 140, 141, 109, 107, 84, 85, 86
348, 334, 320, 295, 267, 261, 234, 233, 218, 189, 157, 139, 140, 141, 109, 107, 84, 85, 86, 87
348, 334, 320, 295, 267, 261, 234, 233, 218, 189, 157, 139, 140, 141, 109, 107, 108, 88
348, 334, 320, 295, 267, 261, 234, 233, 218, 189, 157, 139, 140, 141, 109, 107, 108, 88, 89
348, 334, 333, 321, 294, 268, 260, 259, 231, 215, 214, 213, 183, 182, 174, 173, 172, 146, 114, 90
348, 334, 333, 321, 294, 268, 260, 259, 231, 215, 214, 213, 212, 211, 210, 180, 171, 148, 115, 91
348, 334, 320, 295, 296, 297, 298, 299, 300, 301, 302, 303, 279, 249, 223, 205, 177, 169, 150, 116, 92
348, 334, 320, 295, 296, 297, 266, 263, 236, 198, 192, 162, 163, 164, 130, 154, 153, 119, 94, 93
348, 334, 320, 295, 296, 297, 266, 263, 236, 198, 192, 162, 163, 164, 130, 154, 153, 119, 94
348, 334, 320, 295, 296, 297, 266, 263, 236, 198, 192, 162, 163, 164, 131, 121, 96, 95
348, 334, 320, 295, 296, 297, 266, 263, 236, 198, 192, 162, 163, 164, 131, 121, 96
348, 334, 320, 295, 296, 297, 266, 263, 236, 198, 192, 162, 163, 164, 131, 121, 97
348, 334, 320, 295, 296, 297, 266, 263, 236, 198, 192, 162, 163, 132, 122, 98
348, 334, 320, 295, 296, 297, 266, 263, 236, 198, 192, 161, 134, 123, 99
