535, 516, 500, 480, 456, 425, 393, 389, 354, 327, 326, 290, 273, 256, 229, 214, 184, 176, 141, 109, 107, 84, 56, 25, 0
535, 516, 500, 480, 456, 425, 393, 389, 354, 327, 326, 290, 273, 256, 229, 214, 184, 176, 141, 109, 107, 84, 56, 25, 1
535, 516, 500, 480, 456, 425, 393, 389, 354, 327, 326, 290, 273, 256, 229, 214, 184, 176, 141, 109, 107, 84, 56, 25, 2
535, 516, 500, 480, 456, 425, 393, 389, 354, 327, 326, 290, 273, 256, 229, 214, 184, 176, 141, 109, 107, 84, 56, 25, 2, 3
535, 516, 500, 480, 456, 425, 393, 389, 354, 327, 326, 290, 273, 256, 229, 214, 184, 176, 141, 109, 106, 83, 58, 26, 4
535, 516, 500, 480, 456, 425, 393, 389, 354, 327, 326, 290, 273, 256, 229, 214, 184, 176, 141, 109, 106, 83, 58, 26, 4, 5
535, 516, 500, 499, 481, 458, 422, 395, 391, 352, 329, 324, 292, 270, 258, 231, 216, 188, 156, 139, 128, 104, 81, 61, 29, 6
535, 516, 500, 499, 481, 458, 422, 395, 391, 352, 329, 324, 292, 270, 258, 231, 216, 188, 156, 139, 128, 104, 81, 61, 29, 7
535, 516, 500, 499, 481, 458, 422, 395, 391, 352, 329, 324, 292, 270, 258, 231, 216, 188, 156, 139, 128, 104, 81, 61, 62, 30, 8
535, 516, 500, 499, 481, 458, 422, 395, 391, 352, 329, 324, 292, 270, 258, 231, 216, 188, 156, 139, 128, 104, 81, 61, 62, 30, 8, 9
535, 516, 500, 499, 481, 458, 422, 395, 391, 352, 329, 324, 292, 270, 258, 231, 216, 188, 156, 139, 128, 104, 81, 61, 62, 63, 31, 32, 10
535, 534, 517, 501, 478, 454, 453, 428, 412, 411, 384, 360, 361, 342, 310, 303, 280, 248, 221, 204, 197, 167, 153, 154, 120, 95, 73, 47, 37, 13, 12, 11
535, 534, 517, 501, 478, 454, 453, 428, 412, 411, 384, 360, 361, 342, 310, 303, 280, 248, 221, 204, 197, 167, 153, 154, 120, 95, 73, 47, 37, 13, 12
535, 534, 517, 501, 478, 454, 453, 428, 412, 411, 384, 360, 361, 342, 310, 303, 280, 248, 221, 204, 197, 167, 153, 154, 120, 95, 73, 47, 37, 13
535, 534, 517, 501, 478, 454, 453, 428, 412, 411, 384, 360, 361, 342, 310, 303, 280, 248, 221, 204, 197, 167, 153, 119, 94, 72, 49, 40, 15, 14
535, 534, 517, 501, 478, 454, 453, 428, 412, 411, 384, 360, 361, 342, 310, 303, 280, 248, 221, 204, 197, 167, 153, 119, 94, 72, 49, 40, 15
535, 516, 500, 479, 455, 426, 414, 388, 387, 357, 346, 306, 287, 276, 252, 226, 210, 180, 171, 148, 115, 91, 68, 52, 43, 17, 16
535, 516, 500, 479, 455, 426, 414, 388, 387, 357, 346, 306, 287, 276, 252, 226, 210, 180, 171, 148, 115, 91, 68, 52, 43, 17
535, 516, 500, 479, 455, 426, 414, 388, 387, 357, 346, 306, 287, 276, 252, 226, 210, 180, 171, 148, 115, 91, 68, 52, 43, 18
535, 516, 500, 479, 455, 426, 414, 388, 387, 357, 346, 306, 287, 276, 252, 226, 210, 180, 171, 148, 115, 91, 68, 52, 44, 19
535, 516, 500, 479, 455, 426, 414, 388, 387, 357, 346, 306, 287, 276, 252, 226, 210, 180, 171, 147, 114, 90, 87, 53, 22, 20
535, 516, 500, 479, 455, 426, 414, 388, 387, 357, 346, 306, 287, 276, 252, 226, 210, 180, 171, 147, 114, 90, 87, 53, 21
535, 516, 500, 479, 455, 426, 414, 388, 387, 357, 346, 306, 287, 276, 252, 226, 210, 180, 171, 147, 114, 90, 87, 53, 22
535, 516, 500, 479, 455, 426, 414, 388, 356, 347, 305, 288, 275, 253, 227, 211, 181, 172, 144, 113, 89, 86, 54, 23
535, 516, 500, 479, 455, 426, 414, 388, 356, 347, 305, 288, 275, 253, 227, 211, 182, 174, 143, 112, 88, 85, 55, 24
535, 516, 500, 480, 456, 425, 393, 389, 354, 327, 326, 290, 273, 256, 229, 214, 184, 176, 141, 109, 107, 84, 56, 25
535, 516, 500, 480, 456, 425, 393, 389, 354, 327, 326, 290, 273, 256, 229, 214, 184, 176, 141, 109, 106, 83, 58, 26
535, 516, 500, 480, 456, 425, 393, 389, 354, 327, 326, 290, 273, 256, 229, 214, 184, 176, 141, 109, 106, 83, 58, 26, 27
535, 516, 500, 480, 456, 425, 393, 389, 354, 327, 326, 290, 273, 256, 229, 214, 184, 176, 141, 109, 106, 83, 58, 26, 27, 28
535, 516, 500, 499, 481, 458, 422, 395, 391, 352, 329, 324, 292, 270, 258, 231, 216, 188, 156, 139, 128, 104, 81, 61, 29
535, 516, 500, 499, 481, 458, 422, 395, 391, 352, 329, 324, 292, 270, 258, 231, 216, 188, 156, 139, 128, 104, 81, 61, 62, 30
535, 516, 500, 499, 481, 458, 422, 395, 391, 352, 329, 324, 292, 270, 258, 231, 216, 188, 156, 139, 128, 104, 81, 61, 62, 63, 31
535, 516, 500, 499, 481, 458, 422, 395, 391, 352, 329, 324, 292, 270, 258, 231, 216, 188, 156, 139, 128, 104, 81, 61, 62, 63, 31, 32
535, 516, 500, 499, 481, 458, 422, 395, 391, 352, 329, 324, 292, 270, 258, 231, 216, 188, 156, 139, 128, 104, 81, 61, 62, 63, 31, 32, 33
535, 534, 517, 501, 478, 454, 453, 428, 412, 411, 384, 360, 361, 342, 310, 303, 280, 248, 221, 204, 197, 167, 153, 154, 120, 95, 96, 74, 75, 65, 34
535, 534, 517, 501, 478, 454, 453, 428, 412, 411, 384, 360, 361, 342, 310, 303, 280, 248, 221, 204, 197, 167, 153, 154, 120, 95, 73, 45, 66, 35
535, 534, 517, 501, 478, 454, 453, 428, 412, 411, 384, 360, 361, 342, 310, 303, 280, 248, 221, 204, 197, 167, 153, 154, 120, 95, 73, 47, 37, 36
535, 534, 517, 501, 478, 454, 453, 428, 412, 411, 384, 360, 361, 342, 310, 303, 280, 248, 221, 204, 197, 167, 153, 154, 120, 95, 73, 47, 37
535, 534, 517, 501, 478, 454, 453, 428, 412, 411, 384, 360, 361, 342, 310, 303, 280, 248, 221, 204, 197, 167, 153, 154, 120, 95, 73, 47, 38
535, 534, 517, 501, 478, 454, 453, 428, 412, 411, 384, 360, 361, 342, 310, 303, 280, 248, 221, 204, 197, 167, 153, 119, 94, 72, 49, 48, 39
535, 534, 517, 501, 478, 454, 453, 428, 412, 411, 384, 360, 361, 342, 310, 303, 280, 248, 221, 204, 197, 167, 153, 119, 94, 72, 49, 40
535, 534, 517, 501, 478, 454, 453, 428, 412, 411, 384, 360, 343, 309, 304, 278, 250, 224, 205, 177, 169, 150, 117, 93, 71, 50, 41
535, 534, 517, 501, 478, 454, 453, 428, 412, 411, 384, 360, 343, 309, 304, 278, 250, 224, 205, 177, 169, 150, 117, 93, 71, 50, 42
535, 516, 500, 479, 455, 426, 414, 388, 387, 357, 346, 306, 287, 276, 252, 226, 210, 180, 171, 148, 115, 91, 68, 52, 43
535, 516, 500, 479, 455, 426, 414, 388, 387, 357, 346, 306, 287, 276, 252, 226, 210, 180, 171, 148, 115, 91, 68, 52, 44
535, 534, 517, 501, 478, 454, 453, 428, 412, 411, 384, 360, 361, 342, 310, 303, 280, 248, 221, 204, 197, 167, 153, 154, 120, 95, 73, 45
535, 534, 517, 501, 478, 454, 453, 428, 412, 411, 384, 360, 361, 342, 310, 303, 280, 248, 221, 204, 197, 167, 153, 154, 120, 95, 96, 74, 46
535, 534, 517, 501, 478, 454, 453, 428, 412, 411, 384, 360, 361, 342, 310, 303, 280, 248, 221, 204, 197, 167, 153, 154, 120, 95, 73, 47
535, 534, 517, 501, 478, 454, 453, 428, 412, 411, 384, 360, 361, 342, 310, 303, 280, 248, 221, 204, 197, 167, 153, 119, 94, 72, 49, 48
535, 534, 517, 501, 478, 454, 453, 428, 412, 411, 384, 360, 361, 342, 310, 303, 280, 248, 221, 204, 197, 167, 153, 119, 94, 72, 49
535, 534, 517, 501, 478, 454, 453, 428, 412, 411, 384, 360, 343, 309, 304, 278, 250, 224, 205, 177, 169, 150, 117, 93, 71, 50
535, 516, 500, 479, 455, 426, 414, 388, 387, 357, 346, 306, 287, 276, 252, 226, 210, 180, 171, 148, 115, 91, 68, 52, 51
535, 516, 500, 479, 455, 426, 414, 388, 387, 357, 346, 306, 287, 276, 252, 226, 210, 180, 171, 148, 115, 91, 68, 52
535, 516, 500, 479, 455, 426, 414, 388, 387, 357, 346, 306, 287, 276, 252, 226, 210, 180, 171, 147, 114, 90, 87, 53
535, 516, 500, 479, 455, 426, 414, 388, 356, 347, 305, 288, 275, 253, 227, 211, 181, 172, 144, 113, 89, 86, 54
535, 516, 500, 479, 455, 426, 414, 388, 356, 347, 305, 288, 275, 253, 227, 211, 182, 174, 143, 112, 88, 85, 55
535, 516, 500, 480, 456, 425, 393, 389, 354, 327, 326, 290, 273, 256, 229, 214, 184, 176, 141, 109, 107, 84, 56
535, 516, 500, 480, 456, 425, 393, 389, 354, 327, 326, 290, 273, 256, 229, 214, 184, 176, 141, 109, 106, 83, 57
535, 516, 500, 480, 456, 425, 393, 389, 354, 327, 326, 290, 273, 256, 229, 214, 184, 176, 141, 109, 106, 83, 58
535, 516, 500, 480, 457, 424, 394, 390, 353, 328, 325, 291, 272, 257, 230, 215, 186, 155, 140, 129, 105, 82, 59
535, 516, 500, 480, 457, 424, 394, 390, 353, 328, 325, 291, 272, 257, 230, 215, 186, 155, 140, 129, 105, 82, 60
535, 516, 500, 499, 481, 458, 422, 395, 391, 352, 329, 324, 292, 270, 258, 231, 216, 188, 156, 139, 128, 104, 81, 61
535, 516, 500, 499, 481, 458, 422, 395, 391, 352, 329, 324, 292, 270, 258, 231, 216, 188, 156, 139, 128, 104, 81, 61, 62
535, 516, 500, 499, 481, 458, 422, 395, 391, 352, 329, 324, 292, 270, 258, 231, 216, 188, 156, 139, 128, 104, 81, 61, 62, 63
535, 516, 500, 499, 481, 458, 459, 421, 397, 398, 372, 373, 349, 332, 321, 294, 268, 267, 262, 235, 220, 191, 160, 135, 124, 100, 77, 64
535, 534, 517, 501, 478, 454, 453, 428, 412, 411, 384, 360, 361, 342, 310, 303, 280, 248, 221, 204, 197, 167, 153, 154, 120, 95, 96, 74, 75, 65
535, 534, 517, 501, 478, 454, 453, 428, 412, 411, 384, 360, 361, 342, 310, 303, 280, 248, 221, 204, 197, 167, 153, 154, 120, 95, 73, 45, 66
535, 516, 500, 479, 455, 426, 414, 388, 387, 357, 346, 306, 287, 276, 252, 226, 210, 180, 171, 147, 114, 90, 67
535, 516, 500, 479, 455, 426, 414, 388, 387, 357, 346, 306, 287, 276, 252, 226, 210, 180, 171, 148, 115, 91, 68
535, 516, 500, 479, 455, 426, 414, 388, 387, 357, 346, 306, 287, 276, 252, 226, 210, 180, 171, 148, 115, 91, 68, 69
535, 516, 500, 479, 455, 426, 414, 388, 387, 357, 346, 306, 287, 276, 252, 226, 210, 180, 171, 148, 115, 91, 68, 69, 70
535, 534, 517, 501, 478, 454, 453, 428, 412, 411, 384, 360, 343, 309, 304, 278, 250, 224, 205, 177, 169, 150, 117, 93, 71
535, 534, 517, 501, 478, 454, 453, 428, 412, 411, 384, 360, 361, 342, 310, 303, 280, 248, 221, 204, 197, 167, 153, 119, 94, 72
535, 534, 517, 501, 478, 454, 453, 428, 412, 411, 384, 360, 361, 342, 310, 303, 280, 248, 221, 204, 197, 167, 153, 154, 120, 95, 73
535, 534, 517, 501, 478, 454, 453, 428, 412, 411, 384, 360, 361, 342, 310, 303, 280, 248, 221, 204, 197, 167, 153, 154, 120, 95, 96, 74
535, 534, 517, 501, 478, 454, 453, 428, 412, 411, 384, 360, 361, 342, 310, 303, 280, 248, 221, 204, 197, 167, 153, 154, 120, 95, 96, 74, 75
535, 534, 517, 501, 478, 454, 453, 428, 412, 411, 384, 360, 361, 342, 310, 303, 280, 248, 221, 204, 197, 167, 153, 154, 120, 95, 96, 74, 75, 76
535, 516, 500, 499, 481, 458, 459, 421, 397, 398, 372, 373, 349, 332, 321, 294, 268, 267, 262, 235, 220, 191, 160, 135, 124, 100, 77
535, 516, 500, 499, 481, 458, 422, 395, 391, 352, 329, 324, 292, 270, 258, 231, 216, 188, 156, 139, 128, 104, 81, 80, 79, 78
535, 516, 500, 499, 481, 458, 422, 395, 391, 352, 329, 324, 292, 270, 258, 231, 216, 188, 156, 139, 128, 104, 81, 80, 79
535, 516, 500, 499, 481, 458, 422, 395, 391, 352, 329, 324, 292, 270, 258, 231, 216, 188, 156, 139, 128, 104, 81, 80
535, 516, 500, 499, 481, 458, 422, 395, 391, 352, 329, 324, 292, 270, 258, 231, 216, 188, 156, 139, 128, 104, 81
535, 516, 500, 480, 457, 424, 394, 390, 353, 328, 325, 291, 272, 257, 230, 215, 186, 155, 140, 129, 105, 82
535, 516, 500, 480, 456, 425, 393, 389, 354, 327, 326, 290, 273, 256, 229, 214, 184, 176, 141, 109, 106, 83
535, 516, 500, 480, 456, 425, 393, 389, 354, 327, 326, 290, 273, 256, 229, 214, 184, 176, 141, 109, 107, 84
535, 516, 500, 479, 455, 426, 414, 388, 356, 347, 305, 288, 275, 253, 227, 211, 182, 174, 143, 112, 88, 85
535, 516, 500, 479, 455, 426, 414, 388, 356, 347, 305, 288, 275, 253, 227, 211, 181, 172, 144, 113, 89, 86
535, 516, 500, 479, 455, 426, 414, 388, 387, 357, 346, 306, 287, 276, 252, 226, 210, 180, 171, 147, 114, 90, 87
535, 516, 500, 479, 455, 426, 414, 388, 356, 347, 305, 288, 275, 253, 227, 211, 182, 174, 143, 112, 88
535, 516, 500, 479, 455, 426, 414, 388, 356, 347, 305, 288, 275, 253, 227, 211, 181, 172, 144, 113, 89
535, 516, 500, 479, 455, 426, 414, 388, 387, 357, 346, 306, 287, 276, 252, 226, 210, 180, 171, 147, 114, 90
535, 516, 500, 479, 455, 426, 414, 388, 387, 357, 346, 306, 287, 276, 252, 226, 210, 180, 171, 148, 115, 91
535, 534, 517, 501, 478, 454, 453, 428, 412, 411, 384, 360, 343, 309, 304, 278, 250, 224, 205, 177, 169, 150, 116, 92
535, 534, 517, 501, 478, 454, 453, 428, 412, 411, 384, 360, 343, 309, 304, 278, 250, 224, 205, 177, 169, 150, 117, 93
535, 534, 517, 501, 478, 454, 453, 428, 412, 411, 384, 360, 361, 342, 310, 303, 280, 248, 221, 204, 197, 167, 153, 119, 94
535, 534, 517, 501, 478, 454, 453, 428, 412, 411, 384, 360, 361, 342, 310, 303, 280, 248, 221, 204, 197, 167, 153, 154, 120, 95
535, 534, 517, 501, 478, 454, 453, 428, 412, 411, 384, 360, 361, 342, 310, 303, 280, 248, 221, 204, 197, 167, 153, 154, 120, 95, 96
535, 534, 517, 501, 478, 454, 453, 428, 412, 411, 384, 360, 361, 342, 310, 303, 280, 248, 221, 204, 197, 167, 153, 154, 120, 95, 96, 97
535, 534, 517, 501, 478, 454, 453, 428, 412, 411, 384, 360, 361, 342, 310, 303, 280, 248, 221, 204, 197, 167, 153, 154, 120, 95, 96, 97, 98
535, 516, 500, 499, 481, 461, 462, 463, 464, 441, 418, 400, 374, 370, 335, 318, 297, 266, 263, 236, 198, 192, 161, 134, 123, 99
