1287, 1300, 1301, 1329, 1330, 1331, 1342, 1377, 1385, 1418, 1436, 1458, 1483, 1489, 1490, 1491, 1524, 1542, 1541, 1540, 0
1287, 1288, 1320, 1319, 1318, 1324, 1323, 1349, 1350, 1363, 1394, 1407, 1425, 1447, 1474, 1499, 1530, 1537, 2, 1
1287, 1288, 1320, 1319, 1318, 1324, 1323, 1349, 1350, 1363, 1394, 1407, 1425, 1447, 1474, 1499, 1530, 1537, 2
1287, 1288, 1320, 1319, 1318, 1324, 1323, 1349, 1350, 1363, 1394, 1407, 1425, 1447, 1474, 1499, 1530, 1536, 3
1287, 1288, 1320, 1326, 1347, 1382, 1391, 1392, 1404, 1426, 1449, 1475, 1500, 1532, 1534, 4
1287, 1288, 1320, 1326, 1347, 1382, 1391, 1392, 1404, 1426, 1449, 1475, 1500, 1532, 1534, 5
1287, 1288, 1320, 1326, 1347, 1382, 1391, 1392, 1404, 1426, 1449, 1475, 1502, 1512, 1553, 6
1287, 1288, 1320, 1326, 1347, 1382, 1391, 1423, 1429, 1452, 1478, 1507, 1516, 1551, 8, 7
1287, 1288, 1320, 1326, 1347, 1382, 1391, 1423, 1429, 1452, 1478, 1507, 1516, 1551, 8
1287, 1288, 1320, 1326, 1347, 1382, 1391, 1423, 1429, 1452, 1478, 1507, 1516, 1551, 9
1287, 1300, 1328, 1344, 1379, 1387, 1420, 1432, 1455, 1480, 1509, 1508, 1517, 1550, 10
1287, 1300, 1328, 1344, 1379, 1387, 1420, 1432, 1455, 1480, 1509, 1508, 1517, 1549, 11
1287, 1300, 1328, 1344, 1379, 1387, 1420, 1432, 1455, 1480, 1510, 1518, 1548, 12
1287, 1300, 1328, 1344, 1379, 1387, 1420, 1432, 1455, 1480, 1510, 1518, 1548, 1547, 13
1287, 1300, 1328, 1344, 1379, 1387, 1420, 1432, 1455, 1480, 1510, 1518, 1548, 1547, 1546, 14
1287, 1300, 1328, 1344, 1379, 1378, 1386, 1419, 1435, 1457, 1482, 1488, 1520, 1545, 15
1287, 1300, 1301, 1329, 1330, 1331, 1342, 1377, 1385, 1418, 1436, 1458, 1483, 1489, 1522, 1544, 16
1287, 1300, 1301, 1329, 1330, 1331, 1342, 1377, 1385, 1418, 1436, 1458, 1483, 1489, 1522, 1544, 16, 17
1287, 1300, 1301, 1329, 1330, 1331, 1342, 1377, 1385, 1418, 1436, 1458, 1483, 1489, 1490, 1491, 1524, 1542, 18
1287, 1300, 1301, 1329, 1330, 1331, 1342, 1377, 1385, 1418, 1436, 1458, 1483, 1489, 1490, 1491, 1524, 1542, 1541, 19
1287, 1300, 1301, 1329, 1330, 1331, 1342, 1377, 1385, 1418, 1436, 1458, 1483, 1489, 1490, 1491, 1524, 1542, 1541, 20
1287, 1300, 1301, 1329, 1330, 1331, 1342, 1377, 1385, 1418, 1436, 1458, 1483, 1489, 1490, 1491, 1524, 1542, 18, 21
1287, 1300, 1301, 1329, 1330, 1331, 1342, 1377, 1385, 1418, 1436, 1458, 1483, 1489, 1490, 1491, 1524, 1542, 1541, 20, 22
1287, 1300, 1301, 1329, 1330, 1331, 1342, 1377, 1385, 1418, 1436, 1458, 1483, 1489, 1490, 1491, 1524, 1542, 1541, 20, 22, 23
1287, 1300, 1301, 1329, 1330, 1331, 1342, 1377, 1385, 1418, 1436, 1458, 1483, 1489, 1490, 1491, 1524, 1542, 1541, 1540, 0, 24
1287, 1288, 1320, 1319, 1318, 1324, 1323, 1349, 1350, 1363, 1394, 1407, 1425, 1447, 1474, 1499, 1530, 1537, 2, 26, 25
1287, 1288, 1320, 1319, 1318, 1324, 1323, 1349, 1350, 1363, 1394, 1407, 1425, 1447, 1474, 1499, 1530, 1537, 2, 26
1287, 1288, 1320, 1319, 1318, 1324, 1323, 1349, 1350, 1363, 1394, 1407, 1425, 1447, 1474, 1499, 1530, 1536, 3, 27
1287, 1288, 1320, 1326, 1347, 1382, 1391, 1392, 1404, 1426, 1449, 1475, 1500, 1532, 1534, 5, 28
1287, 1288, 1320, 1326, 1347, 1382, 1391, 1392, 1404, 1426, 1449, 1475, 1500, 1532, 1534, 5, 29
1287, 1288, 1320, 1326, 1347, 1382, 1391, 1392, 1404, 1426, 1449, 1475, 1502, 1512, 1553, 6, 30
1287, 1288, 1320, 1326, 1347, 1382, 1391, 1392, 1404, 1426, 1449, 1475, 1502, 1512, 1553, 6, 31
1287, 1288, 1320, 1326, 1347, 1382, 1391, 1423, 1429, 1452, 1478, 1507, 1516, 1551, 8, 7, 32
1287, 1288, 1320, 1326, 1347, 1382, 1391, 1423, 1429, 1452, 1478, 1507, 1516, 1551, 9, 33
1287, 1300, 1328, 1344, 1379, 1387, 1420, 1432, 1455, 1480, 1509, 1508, 1517, 1550, 10, 34
1287, 1300, 1328, 1344, 1379, 1387, 1420, 1432, 1455, 1480, 1509, 1508, 1517, 1549, 11, 35
1287, 1300, 1328, 1344, 1379, 1387, 1420, 1432, 1455, 1480, 1510, 1518, 1548, 12, 36
1287, 1300, 1328, 1344, 1379, 1387, 1420, 1432, 1455, 1480, 1510, 1518, 1548, 1547, 13, 37
1287, 1300, 1328, 1344, 1379, 1378, 1386, 1419, 1435, 1457, 1482, 1488, 1520, 1545, 15, 38
1287, 1300, 1301, 1329, 1330, 1331, 1342, 1377, 1385, 1418, 1436, 1458, 1483, 1489, 1522, 1544, 16, 39
1287, 1300, 1301, 1329, 1330, 1331, 1342, 1377, 1385, 1418, 1436, 1458, 1483, 1489, 1522, 1544, 16, 40
1287, 1300, 1301, 1329, 1330, 1331, 1342, 1377, 1385, 1418, 1436, 1458, 1483, 1489, 1522, 1544, 16, 40, 41
1287, 1288, 1320, 1319, 1318, 1324, 1323, 1349, 1350, 1363, 1394, 1407, 1425, 1447, 1474, 1499, 1530, 1537, 2, 26, 45, 84, 85, 42
1287, 1288, 1320, 1319, 1318, 1324, 1323, 1349, 1350, 1363, 1394, 1407, 1425, 1447, 1474, 1499, 1530, 1537, 2, 26, 44, 43
1287, 1288, 1320, 1319, 1318, 1324, 1323, 1349, 1350, 1363, 1394, 1407, 1425, 1447, 1474, 1499, 1530, 1537, 2, 26, 44
1287, 1288, 1320, 1319, 1318, 1324, 1323, 1349, 1350, 1363, 1394, 1407, 1425, 1447, 1474, 1499, 1530, 1537, 2, 26, 45
1287, 1288, 1320, 1319, 1318, 1324, 1323, 1349, 1350, 1363, 1394, 1407, 1425, 1447, 1474, 1499, 1530, 1536, 3, 27, 46
1287, 1288, 1320, 1319, 1318, 1324, 1323, 1349, 1350, 1363, 1394, 1407, 1425, 1447, 1474, 1499, 1530, 1536, 3, 27, 47
1287, 1288, 1320, 1326, 1347, 1382, 1391, 1392, 1404, 1426, 1449, 1475, 1500, 1532, 1534, 5, 28, 48
1287, 1288, 1320, 1326, 1347, 1382, 1391, 1392, 1404, 1426, 1449, 1475, 1500, 1532, 1534, 5, 29, 49
