285, 263, 251, 235, 204, 188, 171, 141, 118, 96, 88, 65, 22, 23, 0
285, 263, 251, 235, 204, 188, 171, 141, 140, 120, 95, 86, 43, 25, 1
285, 263, 251, 235, 204, 188, 171, 141, 140, 120, 95, 86, 85, 84, 45, 26, 2
285, 263, 251, 235, 204, 188, 171, 170, 169, 168, 139, 122, 92, 83, 46, 27, 3
285, 263, 251, 235, 204, 188, 171, 170, 169, 168, 139, 122, 92, 83, 46, 27, 3, 4
285, 263, 251, 235, 204, 188, 171, 170, 169, 168, 139, 122, 92, 83, 46, 27, 3, 4, 5
285, 263, 251, 235, 204, 188, 171, 170, 169, 168, 139, 122, 92, 83, 46, 27, 3, 4, 5, 6
285, 261, 260, 282, 246, 231, 209, 194, 156, 148, 111, 105, 74, 75, 76, 54, 33, 8, 7
285, 261, 260, 282, 246, 231, 209, 194, 156, 148, 111, 105, 74, 75, 76, 54, 33, 8
285, 261, 260, 282, 246, 231, 209, 194, 156, 148, 111, 105, 74, 75, 76, 54, 33, 9
285, 261, 260, 282, 246, 231, 209, 194, 156, 148, 111, 105, 74, 75, 55, 34, 10
285, 261, 260, 282, 246, 231, 209, 194, 156, 148, 111, 105, 74, 56, 35, 11
285, 262, 250, 234, 206, 192, 193, 175, 154, 147, 113, 104, 72, 58, 36, 12
285, 262, 250, 234, 206, 192, 174, 144, 115, 102, 70, 71, 59, 37, 13
285, 262, 250, 234, 206, 192, 174, 144, 115, 102, 70, 71, 59, 37, 14
285, 262, 250, 234, 206, 192, 174, 144, 115, 102, 70, 61, 39, 38, 15
285, 262, 250, 234, 206, 192, 174, 144, 115, 102, 70, 61, 39, 16
285, 263, 251, 235, 204, 189, 172, 143, 117, 98, 67, 63, 41, 17
285, 263, 251, 235, 204, 189, 172, 143, 117, 98, 67, 63, 41, 17, 18
285, 263, 251, 235, 204, 188, 171, 141, 118, 96, 88, 64, 21, 19
285, 263, 251, 235, 204, 188, 171, 141, 118, 96, 88, 65, 22, 20
285, 263, 251, 235, 204, 188, 171, 141, 118, 96, 88, 64, 21
285, 263, 251, 235, 204, 188, 171, 141, 118, 96, 88, 65, 22
285, 263, 251, 235, 204, 188, 171, 141, 118, 96, 88, 65, 22, 23
285, 263, 251, 235, 204, 188, 171, 141, 118, 96, 88, 65, 22, 23, 24
285, 263, 251, 235, 204, 188, 171, 141, 140, 120, 95, 86, 43, 25
285, 263, 251, 235, 204, 188, 171, 141, 140, 120, 95, 86, 85, 84, 45, 26
285, 263, 251, 235, 204, 188, 171, 170, 169, 168, 139, 122, 92, 83, 46, 27
285, 263, 251, 235, 204, 188, 171, 170, 169, 168, 139, 122, 92, 83, 46, 27, 28
285, 263, 251, 235, 204, 188, 171, 170, 169, 168, 139, 122, 92, 83, 46, 27, 28, 29
285, 263, 251, 235, 204, 188, 171, 170, 169, 168, 139, 122, 92, 83, 46, 27, 28, 29, 30
285, 261, 260, 282, 246, 231, 209, 194, 156, 148, 111, 105, 74, 75, 76, 54, 53, 52, 31
285, 261, 260, 282, 246, 231, 209, 194, 156, 148, 111, 105, 74, 75, 76, 54, 33, 32
285, 261, 260, 282, 246, 231, 209, 194, 156, 148, 111, 105, 74, 75, 76, 54, 33
285, 261, 260, 282, 246, 231, 209, 194, 156, 148, 111, 105, 74, 75, 55, 34
285, 261, 260, 282, 246, 231, 209, 194, 156, 148, 111, 105, 74, 56, 35
285, 262, 250, 234, 206, 192, 193, 175, 154, 147, 113, 104, 72, 58, 36
285, 262, 250, 234, 206, 192, 174, 144, 115, 102, 70, 71, 59, 37
285, 262, 250, 234, 206, 192, 174, 144, 115, 102, 70, 61, 39, 38
285, 262, 250, 234, 206, 192, 174, 144, 115, 102, 70, 61, 39
285, 262, 250, 234, 206, 192, 174, 144, 115, 102, 70, 61, 40
285, 263, 251, 235, 204, 189, 172, 143, 117, 98, 67, 63, 41
285, 263, 251, 235, 204, 188, 171, 141, 140, 120, 95, 86, 43, 42
285, 263, 251, 235, 204, 188, 171, 141, 140, 120, 95, 86, 43
285, 263, 251, 235, 204, 188, 171, 141, 140, 120, 95, 86, 85, 84, 44
285, 263, 251, 235, 204, 188, 171, 141, 140, 120, 95, 86, 85, 84, 45
285, 263, 251, 235, 204, 188, 171, 170, 169, 168, 139, 122, 92, 83, 46
285, 263, 251, 235, 204, 188, 171, 170, 169, 168, 139, 122, 92, 83, 47
285, 263, 251, 235, 204, 188, 171, 170, 169, 168, 139, 122, 92, 83, 47, 48
285, 263, 251, 235, 204, 188, 171, 170, 169, 168, 139, 138, 137, 124, 90, 82, 81, 49
