204, 188, 171, 141, 118, 96, 88, 65, 22, 23, 0
204, 188, 171, 141, 140, 120, 95, 86, 43, 25, 1
204, 188, 171, 141, 140, 120, 95, 86, 85, 84, 45, 26, 2
204, 188, 171, 170, 169, 168, 139, 122, 92, 83, 46, 27, 3
204, 188, 171, 170, 169, 168, 139, 122, 92, 83, 46, 27, 3, 4
204, 188, 171, 170, 169, 168, 139, 122, 92, 83, 46, 27, 3, 4, 5
204, 188, 171, 170, 169, 168, 139, 122, 92, 83, 46, 27, 3, 4, 5, 6
204, 205, 206, 207, 208, 194, 156, 148, 111, 105, 74, 75, 76, 54, 33, 8, 7
204, 205, 206, 207, 208, 194, 156, 148, 111, 105, 74, 75, 76, 54, 33, 8
204, 205, 206, 207, 208, 194, 156, 148, 111, 105, 74, 75, 76, 54, 33, 9
204, 205, 206, 207, 208, 194, 156, 148, 111, 105, 74, 75, 55, 34, 10
204, 190, 173, 174, 175, 154, 147, 113, 104, 72, 58, 36, 12, 11
204, 190, 173, 174, 175, 154, 147, 113, 104, 72, 58, 36, 12
204, 189, 172, 143, 117, 116, 101, 69, 70, 71, 59, 37, 13
204, 189, 172, 143, 117, 116, 101, 69, 70, 71, 59, 37, 14
204, 189, 172, 143, 117, 116, 101, 69, 61, 39, 38, 15
204, 189, 172, 143, 117, 116, 101, 69, 61, 39, 16
204, 189, 172, 143, 117, 98, 67, 63, 41, 17
204, 189, 172, 143, 117, 98, 67, 63, 41, 17, 18
204, 188, 171, 141, 118, 96, 88, 64, 21, 19
204, 188, 171, 141, 118, 96, 88, 65, 22, 20
204, 188, 171, 141, 118, 96, 88, 64, 21
204, 188, 171, 141, 118, 96, 88, 65, 22
204, 188, 171, 141, 118, 96, 88, 65, 22, 23
204, 188, 171, 141, 118, 96, 88, 65, 22, 23, 24
204, 188, 171, 141, 140, 120, 95, 86, 43, 25
204, 188, 171, 141, 140, 120, 95, 86, 85, 84, 45, 26
204, 188, 171, 170, 169, 168, 139, 122, 92, 83, 46, 27
204, 188, 171, 170, 169, 168, 139, 122, 92, 83, 46, 27, 28
204, 188, 171, 170, 169, 168, 139, 122, 92, 83, 46, 27, 28, 29
204, 188, 171, 170, 169, 168, 139, 122, 92, 83, 46, 27, 28, 29, 30
204, 188, 171, 170, 169, 168, 139, 122, 92, 83, 46, 27, 28, 29, 30, 31
204, 205, 206, 207, 208, 194, 156, 148, 111, 105, 74, 75, 76, 54, 33, 32
204, 205, 206, 207, 208, 194, 156, 148, 111, 105, 74, 75, 76, 54, 33
204, 205, 206, 207, 208, 194, 156, 148, 111, 105, 74, 75, 55, 34
204, 190, 173, 174, 175, 154, 147, 113, 104, 72, 58, 36, 35
204, 190, 173, 174, 175, 154, 147, 113, 104, 72, 58, 36
204, 189, 172, 143, 117, 116, 101, 69, 70, 71, 59, 37
204, 189, 172, 143, 117, 116, 101, 69, 61, 39, 38
204, 189, 172, 143, 117, 116, 101, 69, 61, 39
204, 189, 172, 143, 117, 99, 100, 68, 62, 40
204, 189, 172, 143, 117, 98, 67, 63, 41
204, 188, 171, 141, 140, 120, 95, 86, 43, 42
204, 188, 171, 141, 140, 120, 95, 86, 43
204, 188, 171, 141, 140, 120, 95, 86, 85, 84, 44
204, 188, 171, 141, 140, 120, 95, 86, 85, 84, 45
204, 188, 171, 170, 169, 168, 139, 122, 92, 83, 46
204, 188, 171, 170, 169, 168, 139, 122, 92, 83, 47
204, 188, 171, 170, 169, 168, 139, 122, 92, 83, 47, 48
204, 188, 171, 170, 169, 168, 139, 138, 137, 124, 90, 82, 81, 49
