241, 240, 239, 259, 258, 257, 219, 218, 198, 184, 166, 138, 122, 93, 85, 86, 43, 24, 0
241, 240, 239, 259, 258, 257, 219, 218, 198, 184, 166, 138, 122, 93, 85, 42, 25, 1
241, 224, 215, 180, 181, 163, 135, 127, 89, 81, 82, 48, 47, 27, 26, 2
241, 224, 215, 180, 181, 163, 135, 127, 89, 81, 82, 48, 47, 27, 3
241, 224, 215, 180, 181, 163, 135, 127, 89, 81, 49, 28, 4
241, 224, 215, 180, 181, 163, 135, 127, 89, 81, 49, 29, 5
241, 224, 215, 180, 162, 133, 128, 110, 80, 51, 31, 6
241, 224, 214, 178, 161, 152, 130, 108, 77, 53, 32, 7
241, 224, 214, 178, 161, 152, 130, 108, 77, 53, 32, 7, 8
241, 224, 214, 178, 161, 152, 130, 108, 77, 53, 32, 7, 8, 9
241, 224, 214, 178, 161, 152, 151, 132, 106, 75, 55, 34, 10
241, 224, 214, 178, 161, 152, 151, 132, 106, 75, 74, 56, 35, 11
241, 224, 214, 178, 161, 152, 151, 132, 106, 105, 73, 57, 36, 12
241, 224, 214, 178, 161, 152, 151, 132, 106, 105, 73, 57, 36, 12, 13
241, 224, 214, 178, 161, 152, 151, 132, 106, 105, 73, 57, 36, 12, 13, 14
241, 224, 214, 178, 161, 152, 151, 132, 106, 105, 73, 57, 36, 12, 13, 14, 15
241, 224, 214, 178, 161, 160, 159, 158, 149, 112, 113, 114, 102, 70, 61, 39, 16
241, 224, 214, 178, 161, 160, 159, 158, 149, 112, 113, 114, 102, 70, 61, 39, 16, 17
241, 240, 239, 259, 258, 257, 219, 218, 198, 184, 166, 138, 122, 93, 85, 86, 87, 66, 22, 21, 18
241, 240, 239, 259, 258, 257, 219, 218, 198, 184, 166, 138, 122, 93, 85, 86, 87, 66, 22, 20, 19
241, 240, 239, 259, 258, 257, 219, 218, 198, 184, 166, 138, 122, 93, 85, 86, 87, 66, 22, 20
241, 240, 239, 259, 258, 257, 219, 218, 198, 184, 166, 138, 122, 93, 85, 86, 87, 66, 22, 21
241, 240, 239, 259, 258, 257, 219, 218, 198, 184, 166, 138, 122, 93, 85, 86, 87, 66, 22
241, 240, 239, 259, 258, 257, 219, 218, 198, 184, 166, 138, 122, 93, 85, 86, 43, 23
241, 240, 239, 259, 258, 257, 219, 218, 198, 184, 166, 138, 122, 93, 85, 86, 43, 24
241, 240, 239, 259, 258, 257, 219, 218, 198, 184, 166, 138, 122, 93, 85, 42, 25
241, 224, 215, 180, 181, 163, 135, 127, 89, 81, 82, 48, 47, 27, 26
241, 224, 215, 180, 181, 163, 135, 127, 89, 81, 82, 48, 47, 27
241, 224, 215, 180, 181, 163, 135, 127, 89, 81, 49, 28
241, 224, 215, 180, 181, 163, 135, 127, 89, 81, 49, 29
241, 224, 215, 180, 162, 133, 128, 110, 80, 51, 30
241, 224, 215, 180, 162, 133, 128, 110, 80, 51, 31
241, 224, 214, 178, 161, 152, 130, 108, 77, 53, 32
241, 224, 214, 178, 161, 152, 130, 108, 77, 53, 32, 33
241, 224, 214, 178, 161, 152, 151, 132, 106, 75, 55, 34
241, 224, 214, 178, 161, 152, 151, 132, 106, 75, 74, 56, 35
241, 224, 214, 178, 161, 152, 151, 132, 106, 105, 73, 57, 36
241, 224, 214, 178, 161, 152, 151, 132, 106, 105, 73, 57, 36, 37
241, 224, 214, 178, 161, 152, 151, 132, 106, 105, 73, 57, 58, 59, 60, 38
241, 224, 214, 178, 161, 160, 159, 158, 149, 112, 113, 114, 102, 70, 61, 39
241, 224, 214, 178, 161, 160, 159, 158, 149, 112, 113, 114, 102, 70, 61, 40
241, 224, 214, 178, 161, 160, 159, 158, 149, 112, 113, 114, 102, 70, 61, 40, 41
241, 240, 239, 259, 258, 257, 219, 218, 198, 184, 166, 138, 122, 93, 85, 42
241, 240, 239, 259, 258, 257, 219, 218, 198, 184, 166, 138, 122, 93, 85, 86, 43
241, 224, 215, 180, 181, 163, 135, 127, 89, 81, 82, 48, 47, 46, 45, 44
241, 224, 215, 180, 181, 163, 135, 127, 89, 81, 82, 48, 47, 46, 45
241, 224, 215, 180, 181, 163, 135, 127, 89, 81, 82, 48, 47, 46
241, 224, 215, 180, 181, 163, 135, 127, 89, 81, 82, 48, 47
241, 224, 215, 180, 181, 163, 135, 127, 89, 81, 82, 48
241, 224, 215, 180, 181, 163, 135, 127, 89, 81, 49
