361, 333, 315, 304, 260, 261, 250, 251, 235, 204, 188, 171, 141, 118, 96, 88, 65, 22, 23, 0
361, 333, 315, 304, 260, 261, 250, 251, 235, 204, 188, 171, 141, 140, 120, 95, 86, 43, 25, 1
361, 333, 315, 304, 260, 261, 250, 251, 235, 204, 188, 171, 141, 140, 120, 95, 86, 85, 84, 45, 26, 2
361, 332, 314, 303, 281, 245, 230, 210, 195, 157, 149, 150, 132, 107, 108, 109, 110, 80, 51, 50, 29, 28, 4, 3
361, 332, 314, 303, 281, 245, 230, 210, 195, 157, 149, 150, 132, 107, 108, 109, 110, 80, 51, 50, 29, 28, 4
361, 332, 314, 303, 281, 245, 230, 210, 195, 157, 149, 150, 132, 107, 108, 77, 53, 52, 31, 6, 5
361, 332, 314, 303, 281, 245, 230, 210, 195, 157, 149, 150, 132, 107, 108, 77, 53, 52, 31, 6
361, 332, 314, 303, 281, 245, 230, 210, 195, 157, 149, 150, 132, 107, 108, 77, 53, 32, 7
361, 332, 314, 303, 281, 245, 230, 210, 195, 157, 149, 112, 105, 74, 75, 76, 54, 33, 8
361, 332, 314, 303, 281, 245, 230, 210, 195, 157, 149, 112, 105, 74, 75, 76, 54, 33, 9
361, 332, 314, 303, 281, 245, 230, 210, 195, 157, 149, 112, 105, 74, 75, 55, 34, 10
361, 332, 314, 303, 281, 245, 230, 210, 195, 157, 149, 112, 105, 74, 56, 35, 11
361, 332, 314, 303, 281, 245, 230, 210, 195, 157, 149, 112, 105, 73, 57, 36, 12
361, 332, 314, 303, 281, 245, 230, 210, 195, 157, 149, 112, 105, 73, 57, 36, 12, 13
361, 333, 315, 304, 282, 246, 231, 209, 194, 155, 147, 113, 104, 71, 59, 37, 14
361, 333, 315, 304, 282, 247, 232, 207, 193, 175, 146, 114, 102, 70, 61, 39, 38, 15
361, 333, 315, 304, 282, 247, 232, 207, 193, 175, 146, 114, 102, 70, 61, 39, 16
361, 333, 315, 304, 282, 247, 232, 207, 193, 175, 146, 114, 102, 70, 61, 39, 16, 17
361, 333, 315, 304, 282, 247, 232, 207, 193, 175, 146, 114, 102, 70, 61, 39, 16, 17, 18
361, 333, 315, 304, 282, 247, 232, 207, 193, 175, 146, 114, 102, 70, 61, 40, 41, 21, 19
361, 333, 315, 304, 282, 247, 232, 207, 193, 175, 146, 114, 102, 70, 61, 40, 41, 21, 19, 20
361, 333, 315, 304, 282, 247, 232, 207, 193, 175, 146, 114, 102, 70, 61, 40, 41, 21
361, 333, 315, 304, 260, 261, 250, 251, 235, 204, 188, 171, 141, 118, 96, 88, 65, 22
361, 333, 315, 304, 260, 261, 250, 251, 235, 204, 188, 171, 141, 118, 96, 88, 65, 22, 23
361, 333, 315, 304, 260, 261, 250, 251, 235, 204, 188, 171, 141, 118, 96, 88, 65, 22, 23, 24
361, 333, 315, 304, 260, 261, 250, 251, 235, 204, 188, 171, 141, 140, 120, 95, 86, 43, 25
361, 333, 315, 304, 260, 261, 250, 251, 235, 204, 188, 171, 141, 140, 120, 95, 86, 85, 84, 45, 26
361, 333, 315, 304, 260, 261, 250, 251, 235, 204, 188, 171, 170, 169, 168, 139, 122, 92, 83, 46, 27
361, 332, 314, 303, 281, 245, 230, 210, 195, 157, 149, 150, 132, 107, 108, 109, 110, 80, 51, 50, 29, 28
361, 332, 314, 303, 281, 245, 230, 210, 195, 157, 149, 150, 132, 107, 108, 109, 110, 80, 51, 50, 29
361, 332, 314, 303, 281, 245, 230, 210, 195, 157, 149, 150, 132, 107, 108, 77, 53, 52, 31, 30
361, 332, 314, 303, 281, 245, 230, 210, 195, 157, 149, 150, 132, 107, 108, 77, 53, 52, 31
361, 332, 314, 303, 281, 245, 230, 210, 195, 157, 149, 150, 132, 107, 108, 77, 53, 32
361, 332, 314, 303, 281, 245, 230, 210, 195, 157, 149, 112, 105, 74, 75, 76, 54, 33
361, 332, 314, 303, 281, 245, 230, 210, 195, 157, 149, 112, 105, 74, 75, 55, 34
361, 332, 314, 303, 281, 245, 230, 210, 195, 157, 149, 112, 105, 74, 56, 35
361, 332, 314, 303, 281, 245, 230, 210, 195, 157, 149, 112, 105, 73, 57, 36
361, 333, 315, 304, 282, 246, 231, 209, 194, 155, 147, 113, 104, 71, 59, 37
361, 333, 315, 304, 282, 247, 232, 207, 193, 175, 146, 114, 102, 70, 61, 39, 38
361, 333, 315, 304, 282, 247, 232, 207, 193, 175, 146, 114, 102, 70, 61, 39
361, 333, 315, 304, 282, 247, 232, 207, 193, 175, 146, 114, 102, 70, 61, 40
361, 333, 315, 304, 282, 247, 232, 207, 193, 175, 146, 114, 102, 70, 61, 40, 41
361, 333, 315, 304, 260, 261, 250, 251, 235, 204, 188, 171, 141, 140, 120, 95, 86, 43, 42
361, 333, 315, 304, 260, 261, 250, 251, 235, 204, 188, 171, 141, 140, 120, 95, 86, 43
361, 333, 315, 304, 260, 261, 250, 251, 235, 204, 188, 171, 141, 140, 120, 95, 86, 85, 84, 44
361, 333, 315, 304, 260, 261, 250, 251, 235, 204, 188, 171, 141, 140, 120, 95, 86, 85, 84, 45
361, 333, 315, 304, 260, 261, 250, 251, 235, 204, 188, 171, 170, 169, 168, 139, 122, 92, 83, 46
361, 333, 315, 304, 260, 261, 250, 251, 235, 204, 188, 171, 170, 169, 168, 139, 122, 92, 83, 47
361, 332, 314, 303, 281, 245, 230, 210, 195, 158, 159, 160, 161, 162, 163, 135, 127, 89, 81, 82, 48
361, 332, 314, 303, 281, 245, 230, 210, 195, 157, 149, 150, 132, 107, 108, 109, 110, 80, 51, 50, 49
