339, 321, 288, 265, 266, 254, 238, 202, 186, 169, 140, 120, 95, 86, 43, 24, 0
339, 321, 322, 289, 267, 255, 217, 200, 185, 167, 139, 122, 93, 85, 42, 25, 1
339, 321, 322, 289, 267, 255, 217, 200, 185, 167, 139, 122, 93, 84, 45, 26, 2
339, 321, 322, 289, 267, 255, 217, 200, 185, 167, 139, 122, 92, 83, 46, 27, 3
339, 321, 322, 289, 267, 255, 217, 200, 185, 167, 139, 122, 92, 83, 46, 27, 3, 4
339, 321, 322, 289, 267, 255, 217, 200, 185, 167, 139, 122, 92, 83, 46, 27, 3, 4, 5
339, 321, 322, 289, 267, 255, 217, 200, 185, 167, 139, 122, 92, 83, 46, 27, 3, 4, 5, 6
339, 321, 322, 289, 267, 255, 217, 200, 185, 167, 139, 122, 92, 83, 46, 27, 3, 4, 5, 6, 7
339, 321, 322, 289, 267, 255, 217, 200, 185, 167, 139, 122, 92, 83, 46, 27, 3, 4, 5, 6, 7, 8
339, 321, 322, 289, 267, 255, 217, 200, 185, 167, 139, 122, 92, 83, 46, 27, 3, 4, 5, 6, 7, 8, 9
339, 338, 320, 319, 318, 283, 304, 282, 246, 231, 209, 194, 156, 148, 111, 105, 74, 75, 55, 34, 10
339, 338, 320, 319, 318, 283, 304, 282, 246, 231, 209, 194, 156, 148, 111, 105, 74, 56, 35, 11
339, 321, 288, 265, 253, 237, 236, 204, 190, 173, 174, 175, 154, 147, 113, 104, 72, 58, 36, 12
339, 321, 288, 265, 253, 237, 236, 204, 189, 172, 143, 117, 116, 101, 69, 70, 71, 59, 37, 13
339, 321, 288, 265, 253, 237, 236, 204, 189, 172, 143, 117, 116, 101, 69, 70, 71, 59, 37, 14
339, 321, 288, 265, 253, 237, 236, 204, 189, 172, 143, 117, 116, 101, 69, 61, 39, 38, 15
339, 321, 288, 265, 253, 237, 236, 204, 189, 172, 143, 117, 116, 101, 69, 61, 39, 16
339, 321, 288, 265, 253, 237, 236, 204, 189, 172, 143, 117, 98, 67, 63, 41, 17
339, 321, 288, 265, 253, 237, 203, 187, 170, 141, 118, 96, 88, 64, 21, 18
339, 321, 288, 265, 253, 237, 203, 187, 170, 141, 118, 96, 88, 64, 21, 19
339, 321, 288, 265, 253, 237, 203, 187, 170, 141, 118, 96, 88, 65, 22, 20
339, 321, 288, 265, 253, 237, 203, 187, 170, 141, 118, 96, 88, 64, 21
339, 321, 288, 265, 253, 237, 203, 187, 170, 141, 118, 96, 88, 65, 22
339, 321, 288, 265, 266, 254, 238, 202, 186, 169, 140, 120, 95, 86, 43, 23
339, 321, 288, 265, 266, 254, 238, 202, 186, 169, 140, 120, 95, 86, 43, 24
339, 321, 322, 289, 267, 255, 217, 200, 185, 167, 139, 122, 93, 85, 42, 25
339, 321, 322, 289, 267, 255, 217, 200, 185, 167, 139, 122, 93, 84, 45, 26
339, 321, 322, 289, 267, 255, 217, 200, 185, 167, 139, 122, 92, 83, 46, 27
339, 321, 322, 289, 267, 255, 217, 200, 185, 167, 139, 122, 92, 83, 46, 27, 28
339, 321, 322, 289, 267, 255, 217, 200, 185, 167, 139, 122, 92, 83, 46, 27, 28, 29
339, 321, 322, 289, 267, 255, 217, 200, 185, 167, 139, 122, 92, 83, 46, 27, 28, 29, 30
339, 321, 322, 289, 267, 255, 217, 200, 185, 167, 139, 122, 92, 83, 46, 27, 28, 29, 30, 31
339, 321, 322, 289, 267, 255, 217, 200, 185, 167, 139, 122, 92, 83, 46, 27, 28, 29, 30, 31, 32
339, 321, 322, 289, 267, 255, 217, 200, 185, 167, 139, 122, 92, 83, 46, 27, 28, 29, 30, 31, 32, 33
339, 338, 320, 319, 318, 283, 304, 282, 246, 231, 209, 194, 156, 148, 111, 105, 74, 75, 55, 34
339, 338, 320, 319, 318, 283, 304, 282, 246, 231, 209, 194, 156, 148, 111, 105, 74, 56, 35
339, 321, 288, 265, 253, 237, 236, 204, 190, 173, 174, 175, 154, 147, 113, 104, 72, 58, 36
339, 321, 288, 265, 253, 237, 236, 204, 189, 172, 143, 117, 116, 101, 69, 70, 71, 59, 37
339, 321, 288, 265, 253, 237, 236, 204, 189, 172, 143, 117, 116, 101, 69, 61, 39, 38
339, 321, 288, 265, 253, 237, 236, 204, 189, 172, 143, 117, 116, 101, 69, 61, 39
339, 321, 288, 265, 253, 237, 236, 204, 189, 172, 143, 117, 99, 100, 68, 62, 40
339, 321, 288, 265, 253, 237, 236, 204, 189, 172, 143, 117, 98, 67, 63, 41
339, 321, 322, 289, 267, 255, 217, 200, 185, 167, 139, 122, 93, 85, 42
339, 321, 288, 265, 266, 254, 238, 202, 186, 169, 140, 120, 95, 86, 43
339, 321, 322, 289, 267, 255, 217, 200, 185, 167, 139, 122, 93, 84, 44
339, 321, 322, 289, 267, 255, 217, 200, 185, 167, 139, 122, 93, 84, 45
339, 321, 322, 289, 267, 255, 217, 200, 185, 167, 139, 122, 92, 83, 46
339, 321, 322, 289, 267, 255, 217, 200, 185, 167, 139, 122, 92, 83, 47
339, 321, 322, 289, 267, 255, 217, 200, 185, 167, 139, 122, 92, 83, 47, 48
339, 321, 322, 289, 267, 255, 217, 200, 185, 167, 139, 138, 137, 124, 90, 82, 81, 49
