415, 414, 413, 390, 353, 343, 323, 290, 268, 255, 217, 200, 185, 167, 139, 122, 93, 85, 86, 43, 24, 0
415, 414, 413, 390, 353, 343, 323, 290, 268, 255, 217, 200, 185, 167, 139, 122, 93, 85, 42, 25, 1
415, 414, 413, 390, 353, 343, 323, 290, 268, 255, 217, 200, 185, 167, 139, 122, 93, 84, 45, 26, 2
415, 414, 413, 390, 353, 343, 323, 290, 268, 255, 217, 200, 185, 167, 139, 122, 92, 83, 46, 27, 3
415, 388, 372, 344, 325, 294, 272, 259, 221, 216, 182, 164, 136, 126, 89, 81, 49, 28, 4
415, 388, 372, 344, 325, 294, 272, 259, 221, 216, 182, 164, 136, 126, 89, 81, 49, 29, 5
415, 388, 372, 344, 325, 294, 272, 259, 221, 216, 182, 164, 136, 126, 89, 81, 49, 29, 30, 6
415, 388, 372, 344, 325, 294, 272, 259, 221, 216, 181, 163, 134, 128, 110, 78, 52, 53, 32, 7
415, 388, 372, 344, 325, 294, 272, 259, 221, 216, 181, 163, 134, 128, 110, 78, 52, 53, 32, 7, 8
415, 388, 372, 344, 325, 294, 272, 259, 221, 216, 181, 163, 134, 128, 110, 78, 52, 53, 32, 7, 8, 9
415, 388, 372, 344, 325, 294, 272, 259, 221, 216, 181, 163, 134, 128, 110, 78, 52, 53, 32, 7, 8, 9, 10
415, 388, 372, 344, 325, 294, 272, 273, 239, 223, 215, 214, 178, 161, 152, 151, 132, 106, 75, 74, 56, 35, 11
415, 388, 372, 344, 325, 294, 272, 273, 239, 223, 215, 214, 178, 161, 152, 151, 132, 106, 105, 73, 57, 36, 12
415, 388, 372, 344, 325, 294, 272, 273, 239, 223, 215, 214, 178, 161, 152, 151, 132, 106, 105, 73, 57, 36, 12, 13
415, 388, 372, 344, 325, 294, 272, 273, 239, 223, 215, 214, 178, 161, 152, 151, 132, 106, 105, 73, 57, 36, 12, 13, 14
415, 414, 413, 390, 353, 343, 323, 290, 268, 255, 254, 238, 237, 236, 204, 189, 172, 143, 117, 116, 101, 69, 61, 39, 38, 15
415, 414, 413, 390, 353, 343, 323, 290, 268, 255, 254, 238, 237, 236, 204, 189, 172, 143, 117, 116, 101, 69, 61, 39, 16
415, 414, 413, 390, 353, 343, 323, 290, 268, 255, 254, 238, 237, 236, 204, 189, 172, 143, 117, 98, 67, 63, 41, 17
415, 414, 413, 390, 353, 343, 323, 290, 268, 255, 217, 200, 185, 168, 169, 140, 120, 95, 87, 66, 22, 21, 18
415, 414, 413, 390, 353, 343, 323, 290, 268, 255, 217, 200, 185, 168, 169, 140, 120, 95, 87, 66, 22, 20, 19
415, 414, 413, 390, 353, 343, 323, 290, 268, 255, 217, 200, 185, 168, 169, 140, 120, 95, 87, 66, 22, 20
415, 414, 413, 390, 353, 343, 323, 290, 268, 255, 217, 200, 185, 168, 169, 140, 120, 95, 87, 66, 22, 21
415, 414, 413, 390, 353, 343, 323, 290, 268, 255, 217, 200, 185, 168, 169, 140, 120, 95, 87, 66, 22
415, 414, 413, 390, 353, 343, 323, 290, 268, 255, 217, 200, 185, 167, 139, 122, 93, 85, 86, 43, 23
415, 414, 413, 390, 353, 343, 323, 290, 268, 255, 217, 200, 185, 167, 139, 122, 93, 85, 86, 43, 24
415, 414, 413, 390, 353, 343, 323, 290, 268, 255, 217, 200, 185, 167, 139, 122, 93, 85, 42, 25
415, 414, 413, 390, 353, 343, 323, 290, 268, 255, 217, 200, 185, 167, 139, 122, 93, 84, 45, 26
415, 414, 413, 390, 353, 343, 323, 290, 268, 255, 217, 200, 185, 167, 139, 122, 92, 83, 46, 27
415, 388, 372, 344, 325, 294, 272, 259, 221, 216, 182, 164, 136, 126, 89, 81, 49, 28
415, 388, 372, 344, 325, 294, 272, 259, 221, 216, 182, 164, 136, 126, 89, 81, 49, 29
415, 388, 372, 344, 325, 294, 272, 259, 221, 216, 182, 164, 136, 126, 89, 81, 49, 29, 30
415, 388, 372, 344, 325, 294, 272, 259, 221, 216, 181, 163, 134, 128, 110, 80, 51, 31
415, 388, 372, 344, 325, 294, 272, 259, 221, 216, 181, 163, 134, 128, 110, 78, 52, 53, 32
415, 388, 372, 344, 325, 294, 272, 259, 221, 216, 181, 163, 134, 128, 110, 78, 52, 53, 32, 33
415, 388, 372, 344, 325, 294, 272, 259, 221, 216, 181, 163, 134, 128, 110, 78, 52, 53, 54, 34
415, 388, 372, 344, 325, 294, 272, 273, 239, 223, 215, 214, 178, 161, 152, 151, 132, 106, 75, 74, 56, 35
415, 388, 372, 344, 325, 294, 272, 273, 239, 223, 215, 214, 178, 161, 152, 151, 132, 106, 105, 73, 57, 36
415, 388, 372, 344, 325, 294, 272, 273, 239, 223, 215, 214, 178, 161, 152, 151, 132, 106, 105, 73, 57, 36, 37
415, 414, 413, 390, 353, 343, 323, 290, 268, 255, 254, 238, 237, 236, 204, 189, 172, 143, 117, 116, 101, 69, 61, 39, 38
415, 414, 413, 390, 353, 343, 323, 290, 268, 255, 254, 238, 237, 236, 204, 189, 172, 143, 117, 116, 101, 69, 61, 39
415, 414, 413, 390, 353, 343, 323, 290, 268, 255, 254, 238, 237, 236, 204, 189, 172, 143, 117, 99, 100, 68, 62, 40
415, 414, 413, 390, 353, 343, 323, 290, 268, 255, 254, 238, 237, 236, 204, 189, 172, 143, 117, 98, 67, 63, 41
415, 414, 413, 390, 353, 343, 323, 290, 268, 255, 217, 200, 185, 167, 139, 122, 93, 85, 42
415, 414, 413, 390, 353, 343, 323, 290, 268, 255, 217, 200, 185, 167, 139, 122, 93, 85, 86, 43
415, 414, 413, 390, 353, 343, 323, 290, 268, 255, 217, 200, 185, 167, 139, 122, 93, 84, 44
415, 414, 413, 390, 353, 343, 323, 290, 268, 255, 217, 200, 185, 167, 139, 122, 93, 84, 45
415, 414, 413, 390, 353, 343, 323, 290, 268, 255, 217, 200, 185, 167, 139, 122, 92, 83, 46
415, 414, 413, 390, 353, 343, 323, 290, 268, 255, 217, 200, 185, 167, 139, 122, 92, 83, 47
415, 388, 372, 344, 325, 294, 272, 259, 221, 216, 182, 164, 136, 126, 89, 81, 82, 48
415, 388, 372, 344, 325, 294, 272, 259, 221, 216, 182, 164, 136, 126, 89, 81, 49
