684, 683, 656, 639, 628, 600, 570, 549, 535, 506, 493, 474, 445, 430, 413, 390, 353, 343, 323, 290, 268, 255, 217, 200, 185, 167, 139, 122, 93, 85, 86, 43, 24, 0
684, 683, 656, 639, 628, 600, 570, 549, 535, 506, 493, 474, 445, 430, 413, 390, 353, 343, 323, 290, 268, 255, 217, 200, 185, 167, 139, 122, 93, 85, 42, 25, 1
684, 683, 656, 639, 628, 600, 570, 549, 535, 506, 493, 474, 445, 430, 413, 390, 353, 343, 323, 290, 268, 255, 217, 200, 185, 167, 139, 122, 93, 84, 45, 26, 2
684, 683, 656, 639, 628, 600, 570, 549, 535, 506, 493, 474, 445, 430, 413, 390, 353, 343, 323, 290, 268, 255, 217, 200, 185, 167, 139, 122, 92, 83, 46, 27, 3
684, 683, 656, 639, 628, 600, 570, 549, 535, 506, 493, 474, 444, 433, 394, 387, 370, 345, 327, 294, 272, 259, 221, 216, 182, 164, 136, 126, 89, 81, 49, 28, 4
684, 683, 656, 639, 628, 600, 570, 549, 535, 506, 493, 474, 444, 433, 394, 387, 370, 345, 327, 294, 272, 259, 221, 216, 182, 164, 136, 126, 89, 81, 49, 29, 5
684, 683, 656, 639, 628, 627, 601, 571, 550, 537, 501, 490, 478, 441, 436, 396, 385, 367, 348, 308, 296, 274, 241, 224, 215, 180, 162, 133, 128, 110, 80, 51, 31, 6
684, 683, 656, 639, 628, 627, 601, 571, 550, 537, 501, 490, 478, 441, 436, 396, 385, 367, 348, 308, 296, 274, 241, 224, 214, 178, 161, 152, 130, 108, 77, 53, 32, 7
684, 683, 656, 639, 628, 627, 601, 571, 550, 537, 501, 490, 478, 441, 436, 396, 385, 367, 348, 308, 296, 274, 241, 224, 214, 178, 161, 152, 130, 108, 77, 53, 32, 7, 8
684, 683, 656, 639, 628, 627, 601, 571, 550, 537, 501, 490, 478, 441, 436, 396, 385, 367, 348, 308, 296, 274, 241, 224, 214, 178, 161, 152, 130, 108, 77, 53, 32, 7, 8, 9
684, 683, 656, 639, 628, 627, 601, 571, 550, 537, 501, 490, 478, 441, 436, 396, 385, 367, 348, 308, 296, 274, 241, 224, 214, 178, 161, 152, 151, 132, 106, 75, 55, 34, 10
684, 683, 656, 639, 628, 627, 601, 571, 550, 537, 501, 490, 478, 441, 436, 396, 385, 367, 348, 308, 296, 274, 241, 224, 214, 178, 161, 152, 151, 132, 106, 75, 74, 56, 35, 11
684, 683, 656, 639, 628, 627, 601, 571, 550, 537, 538, 539, 521, 488, 460, 437, 416, 399, 381, 363, 330, 312, 301, 280, 245, 230, 210, 195, 157, 149, 112, 105, 73, 57, 36, 12
684, 683, 656, 639, 628, 627, 601, 571, 550, 537, 538, 539, 521, 488, 460, 437, 416, 399, 381, 363, 330, 312, 301, 280, 245, 230, 210, 195, 157, 149, 112, 105, 73, 57, 36, 12, 13
684, 715, 716, 750, 767, 797, 831, 845, 863, 881, 911, 942, 952, 964, 1005, 1006, 1034, 1064, 1082, 1105, 1134, 1136, 1137, 1165, 1179, 1221, 1224, 1258, 1263, 1280, 1307, 1335, 1358, 1372, 1403, 1414, 1438, 1460, 1459, 1485, 1489, 1521, 1545, 15, 14
684, 715, 716, 750, 767, 797, 831, 845, 863, 881, 911, 942, 952, 964, 1005, 1006, 1034, 1064, 1082, 1105, 1134, 1136, 1137, 1165, 1179, 1221, 1224, 1258, 1263, 1280, 1307, 1335, 1358, 1372, 1403, 1414, 1438, 1460, 1459, 1485, 1489, 1521, 1545, 15
684, 655, 637, 636, 607, 596, 567, 566, 565, 531, 510, 498, 470, 450, 427, 410, 373, 356, 337, 319, 287, 264, 252, 236, 204, 189, 172, 143, 117, 116, 101, 69, 61, 39, 16
684, 655, 637, 636, 607, 596, 567, 566, 565, 531, 510, 498, 470, 450, 427, 410, 373, 356, 337, 319, 287, 264, 252, 236, 204, 189, 172, 143, 117, 98, 67, 63, 41, 17
684, 715, 716, 750, 767, 797, 831, 845, 863, 881, 911, 942, 952, 964, 1005, 1006, 1034, 1064, 1082, 1105, 1134, 1136, 1164, 1200, 1219, 1222, 1259, 1262, 1298, 1309, 1336, 1357, 1370, 1401, 1413, 1440, 1462, 1466, 1493, 1525, 1542, 18
684, 683, 656, 639, 628, 600, 570, 549, 535, 506, 493, 474, 445, 430, 413, 390, 353, 343, 323, 290, 268, 255, 217, 200, 185, 168, 169, 140, 120, 95, 87, 66, 22, 20, 19
684, 683, 656, 639, 628, 600, 570, 549, 535, 506, 493, 474, 445, 430, 413, 390, 353, 343, 323, 290, 268, 255, 217, 200, 185, 168, 169, 140, 120, 95, 87, 66, 22, 20
684, 683, 656, 639, 628, 600, 570, 549, 535, 506, 493, 474, 445, 430, 413, 390, 353, 343, 323, 290, 268, 255, 217, 200, 185, 168, 169, 140, 120, 95, 87, 66, 22, 21
684, 683, 656, 639, 628, 600, 570, 549, 535, 506, 493, 474, 445, 430, 413, 390, 353, 343, 323, 290, 268, 255, 217, 200, 185, 168, 169, 140, 120, 95, 87, 66, 22
684, 683, 656, 639, 628, 600, 570, 549, 535, 506, 493, 474, 445, 430, 413, 390, 353, 343, 323, 290, 268, 255, 217, 200, 185, 167, 139, 122, 93, 85, 86, 43, 23
684, 683, 656, 639, 628, 600, 570, 549, 535, 506, 493, 474, 445, 430, 413, 390, 353, 343, 323, 290, 268, 255, 217, 200, 185, 167, 139, 122, 93, 85, 86, 43, 24
684, 683, 656, 639, 628, 600, 570, 549, 535, 506, 493, 474, 445, 430, 413, 390, 353, 343, 323, 290, 268, 255, 217, 200, 185, 167, 139, 122, 93, 85, 42, 25
684, 683, 656, 639, 628, 600, 570, 549, 535, 506, 493, 474, 445, 430, 413, 390, 353, 343, 323, 290, 268, 255, 217, 200, 185, 167, 139, 122, 93, 84, 45, 26
684, 683, 656, 639, 628, 600, 570, 549, 535, 506, 493, 474, 445, 430, 413, 390, 353, 343, 323, 290, 268, 255, 217, 200, 185, 167, 139, 122, 92, 83, 46, 27
684, 683, 656, 639, 628, 600, 570, 549, 535, 506, 493, 474, 444, 433, 394, 387, 370, 345, 327, 294, 272, 259, 221, 216, 182, 164, 136, 126, 89, 81, 49, 28
684, 683, 656, 639, 628, 600, 570, 549, 535, 506, 493, 474, 444, 433, 394, 387, 370, 345, 327, 294, 272, 259, 221, 216, 182, 164, 136, 126, 89, 81, 49, 29
684, 683, 656, 639, 628, 627, 601, 571, 550, 537, 501, 490, 478, 441, 436, 396, 385, 367, 348, 308, 296, 274, 241, 224, 215, 180, 162, 133, 128, 110, 80, 51, 30
684, 683, 656, 639, 628, 627, 601, 571, 550, 537, 501, 490, 478, 441, 436, 396, 385, 367, 348, 308, 296, 274, 241, 224, 215, 180, 162, 133, 128, 110, 80, 51, 31
684, 683, 656, 639, 628, 627, 601, 571, 550, 537, 501, 490, 478, 441, 436, 396, 385, 367, 348, 308, 296, 274, 241, 224, 214, 178, 161, 152, 130, 108, 77, 53, 32
684, 683, 656, 639, 628, 627, 601, 571, 550, 537, 501, 490, 478, 441, 436, 396, 385, 367, 348, 308, 296, 274, 241, 224, 214, 178, 161, 152, 130, 108, 77, 53, 32, 33
684, 683, 656, 639, 628, 627, 601, 571, 550, 537, 501, 490, 478, 441, 436, 396, 385, 367, 348, 308, 296, 274, 241, 224, 214, 178, 161, 152, 151, 132, 106, 75, 55, 34
684, 683, 656, 639, 628, 627, 601, 571, 550, 537, 501, 490, 478, 441, 436, 396, 385, 367, 348, 308, 296, 274, 241, 224, 214, 178, 161, 152, 151, 132, 106, 75, 74, 56, 35
684, 683, 656, 639, 628, 627, 601, 571, 550, 537, 538, 539, 521, 488, 460, 437, 416, 399, 381, 363, 330, 312, 301, 280, 245, 230, 210, 195, 157, 149, 112, 105, 73, 57, 36
684, 683, 656, 639, 628, 627, 601, 571, 550, 537, 538, 539, 521, 488, 460, 437, 416, 399, 381, 363, 330, 312, 301, 280, 245, 230, 210, 195, 157, 149, 112, 105, 73, 57, 36, 37
684, 655, 637, 636, 607, 596, 567, 566, 565, 531, 510, 498, 470, 450, 427, 410, 373, 356, 337, 319, 287, 264, 252, 236, 204, 189, 172, 143, 117, 116, 101, 69, 61, 39, 38
684, 655, 637, 636, 607, 596, 567, 566, 565, 531, 510, 498, 470, 450, 427, 410, 373, 356, 337, 319, 287, 264, 252, 236, 204, 189, 172, 143, 117, 116, 101, 69, 61, 39
684, 655, 637, 636, 607, 596, 567, 566, 565, 531, 510, 498, 470, 450, 427, 410, 373, 356, 337, 319, 287, 264, 252, 236, 204, 189, 172, 143, 117, 99, 100, 68, 62, 40
684, 655, 637, 636, 607, 596, 567, 566, 565, 531, 510, 498, 470, 450, 427, 410, 373, 356, 337, 319, 287, 264, 252, 236, 204, 189, 172, 143, 117, 98, 67, 63, 41
684, 683, 656, 639, 628, 600, 570, 549, 535, 506, 493, 474, 445, 430, 413, 390, 353, 343, 323, 290, 268, 255, 217, 200, 185, 167, 139, 122, 93, 85, 42
684, 683, 656, 639, 628, 600, 570, 549, 535, 506, 493, 474, 445, 430, 413, 390, 353, 343, 323, 290, 268, 255, 217, 200, 185, 167, 139, 122, 93, 85, 86, 43
684, 683, 656, 639, 628, 600, 570, 549, 535, 506, 493, 474, 445, 430, 413, 390, 353, 343, 323, 290, 268, 255, 217, 200, 185, 167, 139, 122, 93, 84, 44
684, 683, 656, 639, 628, 600, 570, 549, 535, 506, 493, 474, 445, 430, 413, 390, 353, 343, 323, 290, 268, 255, 217, 200, 185, 167, 139, 122, 93, 84, 45
684, 683, 656, 639, 628, 600, 570, 549, 535, 506, 493, 474, 445, 430, 413, 390, 353, 343, 323, 290, 268, 255, 217, 200, 185, 167, 139, 122, 92, 83, 46
684, 683, 656, 639, 628, 600, 570, 549, 535, 506, 493, 474, 445, 430, 413, 390, 353, 343, 323, 290, 268, 255, 217, 200, 185, 167, 139, 122, 92, 83, 47
684, 683, 656, 639, 628, 600, 570, 549, 535, 506, 493, 474, 445, 430, 413, 390, 353, 343, 323, 290, 268, 255, 217, 200, 185, 167, 139, 122, 92, 83, 47, 48
684, 683, 656, 639, 628, 600, 570, 549, 535, 506, 493, 474, 444, 433, 394, 387, 370, 345, 327, 294, 272, 259, 221, 216, 182, 164, 136, 126, 89, 81, 49
