63, 64, 21, 19, 20, 0
63, 64, 21, 19, 20, 0, 1
63, 64, 21, 19, 20, 0, 1, 2
63, 64, 88, 87, 86, 85, 84, 83, 46, 27, 3
63, 64, 88, 87, 86, 85, 84, 83, 46, 27, 3, 4
63, 64, 88, 87, 86, 85, 84, 83, 46, 27, 3, 4, 5
63, 64, 88, 87, 86, 85, 84, 83, 46, 27, 3, 4, 5, 6
63, 62, 61, 60, 59, 37, 13, 12, 11, 10, 9, 8, 7
63, 62, 61, 60, 59, 37, 13, 12, 11, 10, 9, 8
63, 62, 61, 60, 59, 37, 13, 12, 11, 10, 9
63, 62, 61, 60, 59, 37, 13, 12, 11, 10
63, 62, 61, 60, 59, 37, 13, 12, 11
63, 62, 61, 60, 59, 37, 13, 12
63, 62, 61, 60, 59, 37, 13
63, 62, 61, 60, 59, 37, 14
63, 62, 61, 39, 38, 15
63, 62, 40, 16
63, 41, 17
63, 41, 17, 18
63, 64, 21, 19
63, 64, 21, 19, 20
63, 64, 21
63, 64, 21, 22
63, 64, 21, 22, 23
63, 64, 21, 22, 23, 24
63, 64, 21, 22, 23, 24, 25
63, 64, 88, 87, 86, 85, 84, 45, 26
63, 64, 88, 87, 86, 85, 84, 83, 46, 27
63, 64, 88, 87, 86, 85, 84, 83, 46, 27, 28
63, 64, 88, 87, 86, 85, 84, 83, 46, 27, 28, 29
63, 64, 88, 87, 86, 85, 84, 83, 46, 27, 28, 29, 30
63, 64, 88, 87, 86, 85, 84, 83, 46, 27, 28, 29, 30, 31
63, 62, 61, 60, 59, 37, 36, 35, 34, 33, 32
63, 62, 61, 60, 59, 37, 36, 35, 34, 33
63, 62, 61, 60, 59, 37, 36, 35, 34
63, 62, 61, 60, 59, 37, 36, 35
63, 62, 61, 60, 59, 37, 36
63, 62, 61, 60, 59, 37
63, 62, 61, 39, 38
63, 62, 61, 39
63, 62, 40
63, 64, 65, 66, 42
63, 64, 21, 22, 23, 43
63, 64, 88, 87, 86, 85, 84, 44
63, 64, 88, 87, 86, 85, 84, 45
63, 64, 88, 87, 86, 85, 84, 83, 46
63, 64, 88, 87, 86, 85, 84, 83, 47
63, 64, 88, 87, 86, 85, 84, 83, 47, 48
63, 64, 88, 87, 86, 85, 84, 83, 82, 81, 49
