216, 215, 178, 170, 153, 117, 93, 71, 47, 48, 49, 50, 51, 52, 26, 0
216, 215, 178, 170, 153, 117, 93, 71, 47, 48, 49, 50, 51, 52, 26, 1
216, 215, 178, 170, 153, 117, 93, 71, 47, 48, 49, 50, 51, 25, 3, 2
216, 215, 178, 170, 153, 117, 93, 71, 47, 48, 49, 50, 51, 25, 3
216, 215, 178, 170, 153, 117, 93, 71, 47, 44, 7, 6, 5, 4
216, 215, 178, 170, 153, 117, 93, 71, 47, 44, 7, 6, 5
216, 215, 178, 170, 153, 117, 93, 71, 47, 44, 7, 6
216, 215, 178, 170, 153, 117, 93, 71, 47, 44, 7
216, 198, 169, 155, 119, 118, 94, 72, 67, 43, 9, 8
216, 198, 169, 155, 119, 118, 94, 72, 67, 43, 9
