317, 318, 319, 320, 321, 296, 268, 256, 235, 234, 203, 190, 158, 142, 128, 105, 106, 83, 84, 53, 26, 0
317, 318, 319, 320, 321, 296, 268, 256, 235, 234, 203, 190, 158, 142, 128, 105, 106, 83, 84, 53, 26, 1
317, 318, 319, 320, 321, 296, 268, 256, 235, 234, 203, 190, 158, 142, 128, 105, 106, 83, 84, 53, 26, 2
317, 318, 319, 320, 321, 296, 268, 256, 235, 234, 203, 190, 158, 142, 128, 105, 106, 83, 84, 53, 26, 2, 3
317, 301, 302, 303, 304, 280, 244, 223, 215, 178, 170, 153, 117, 93, 71, 47, 44, 7, 6, 5, 4
317, 301, 302, 303, 304, 280, 244, 223, 215, 178, 170, 153, 117, 93, 71, 47, 44, 7, 6, 5
317, 301, 302, 303, 304, 280, 244, 223, 215, 178, 170, 153, 117, 93, 71, 47, 44, 7, 6
317, 301, 302, 303, 304, 280, 244, 223, 215, 178, 170, 153, 117, 93, 71, 47, 44, 7
317, 301, 284, 262, 241, 218, 196, 197, 167, 132, 120, 95, 73, 66, 41, 42, 43, 9, 8
317, 301, 284, 262, 241, 218, 196, 197, 167, 132, 120, 95, 73, 66, 41, 42, 43, 9
