188, 165, 139, 116, 97, 98, 99, 100, 101, 102, 103, 73, 41, 23, 0
188, 165, 139, 116, 97, 98, 99, 100, 101, 102, 103, 73, 41, 23, 1
188, 165, 139, 116, 117, 118, 119, 120, 121, 122, 104, 72, 40, 22, 2
188, 165, 139, 116, 117, 118, 119, 120, 121, 122, 104, 72, 40, 22, 2, 3
188, 189, 166, 167, 137, 136, 111, 92, 63, 54, 55, 36, 37, 38, 39, 20, 4
188, 189, 166, 167, 137, 136, 111, 92, 63, 54, 35, 9, 8, 7, 6, 5
188, 189, 166, 167, 137, 136, 111, 92, 63, 54, 35, 9, 8, 7, 6
188, 189, 166, 167, 137, 136, 111, 92, 63, 54, 35, 9, 8, 7
188, 189, 166, 167, 137, 136, 111, 92, 63, 54, 35, 9, 8
188, 189, 166, 167, 137, 136, 111, 92, 63, 54, 35, 9
