139, 116, 97, 98, 99, 100, 101, 102, 103, 73, 41, 23, 0
139, 116, 97, 98, 99, 100, 101, 102, 103, 73, 41, 23, 1
139, 116, 117, 118, 119, 120, 121, 122, 104, 72, 40, 22, 2
139, 116, 117, 118, 119, 120, 121, 122, 104, 72, 40, 22, 2, 3
139, 116, 117, 118, 119, 120, 121, 122, 104, 72, 40, 22, 2, 3, 4
139, 138, 137, 136, 111, 92, 63, 54, 35, 9, 8, 7, 6, 5
139, 138, 137, 136, 111, 92, 63, 54, 35, 9, 8, 7, 6
139, 138, 137, 136, 111, 92, 63, 54, 35, 9, 8, 7
139, 138, 137, 136, 111, 92, 63, 54, 35, 9, 8
139, 138, 137, 136, 111, 92, 63, 54, 35, 9
