1347, 1367, 1368, 1369, 1384, 1385, 1402, 1427, 1426, 1445, 1446, 1461, 1490, 1491, 1503, 1530, 1537, 2, 1, 0
1347, 1367, 1368, 1369, 1384, 1385, 1402, 1427, 1426, 1445, 1446, 1461, 1490, 1491, 1503, 1530, 1537, 2, 1
1347, 1367, 1368, 1369, 1384, 1385, 1402, 1427, 1426, 1445, 1446, 1461, 1490, 1491, 1503, 1530, 1537, 2
1347, 1367, 1368, 1369, 1384, 1385, 1402, 1427, 1426, 1445, 1446, 1461, 1490, 1491, 1503, 1530, 1537, 3
1347, 1366, 1382, 1406, 1412, 1439, 1440, 1455, 1485, 1486, 1487, 1500, 1533, 1532, 1531, 1536, 4
1347, 1366, 1382, 1406, 1412, 1439, 1440, 1455, 1485, 1486, 1499, 1534, 1553, 1554, 6, 5
1347, 1366, 1382, 1406, 1412, 1439, 1440, 1455, 1485, 1486, 1499, 1534, 1553, 1554, 6
1347, 1366, 1382, 1406, 1412, 1439, 1440, 1455, 1485, 1498, 1514, 1552, 8, 7
1347, 1366, 1382, 1406, 1412, 1439, 1440, 1455, 1485, 1498, 1514, 1552, 8
1347, 1366, 1382, 1406, 1412, 1439, 1440, 1455, 1485, 1498, 1514, 1552, 9
1347, 1366, 1382, 1406, 1412, 1439, 1453, 1483, 1496, 1516, 1550, 11, 10
1347, 1366, 1382, 1406, 1412, 1439, 1453, 1483, 1496, 1516, 1550, 11
1347, 1346, 1365, 1381, 1407, 1413, 1438, 1452, 1482, 1495, 1517, 1549, 12
1347, 1346, 1365, 1381, 1407, 1413, 1438, 1452, 1482, 1495, 1517, 1549, 1548, 13
1347, 1346, 1365, 1381, 1407, 1413, 1438, 1452, 1482, 1495, 1517, 1549, 1548, 13, 14
1347, 1346, 1365, 1381, 1407, 1413, 1438, 1452, 1482, 1495, 1517, 1549, 1548, 13, 14, 15
1347, 1346, 1365, 1381, 1407, 1413, 1438, 1452, 1482, 1495, 1517, 1549, 1548, 13, 14, 15, 16
1347, 1346, 1365, 1381, 1407, 1413, 1438, 1452, 1482, 1495, 1517, 1549, 1548, 13, 14, 15, 16, 17
1347, 1346, 1365, 1381, 1407, 1413, 1438, 1452, 1482, 1495, 1517, 1549, 1548, 1547, 1546, 1545, 1544, 1543, 1542, 1541, 18
1347, 1346, 1365, 1381, 1407, 1413, 1438, 1452, 1482, 1495, 1517, 1549, 1548, 1547, 1546, 1545, 1544, 1543, 1542, 1541, 19
1347, 1367, 1368, 1369, 1384, 1385, 1402, 1427, 1426, 1445, 1446, 1461, 1462, 1492, 1493, 1505, 1528, 1539, 1540, 20
1347, 1367, 1368, 1369, 1384, 1385, 1402, 1427, 1426, 1445, 1446, 1461, 1462, 1492, 1493, 1505, 1528, 1539, 21
1347, 1366, 1382, 1406, 1412, 1439, 1440, 1455, 1485, 1498, 1514, 1552, 8, 44, 45, 22
1347, 1366, 1382, 1406, 1412, 1439, 1440, 1455, 1485, 1498, 1514, 1552, 8, 44, 46, 67, 23
1347, 1366, 1382, 1406, 1412, 1439, 1440, 1455, 1485, 1498, 1514, 1552, 8, 44, 46, 67, 23, 24
1347, 1367, 1368, 1369, 1384, 1385, 1402, 1427, 1426, 1445, 1446, 1461, 1490, 1491, 1503, 1530, 1537, 3, 25
1347, 1367, 1368, 1369, 1384, 1385, 1402, 1427, 1426, 1445, 1446, 1461, 1490, 1491, 1503, 1530, 1537, 2, 26
1347, 1367, 1368, 1369, 1384, 1385, 1402, 1427, 1426, 1445, 1446, 1461, 1462, 1492, 1493, 1505, 1528, 1539, 21, 27
1347, 1367, 1368, 1369, 1384, 1385, 1402, 1427, 1426, 1445, 1446, 1461, 1462, 1492, 1493, 1505, 1528, 1539, 21, 28
1347, 1367, 1368, 1369, 1384, 1385, 1402, 1427, 1426, 1445, 1446, 1461, 1462, 1492, 1493, 1505, 1528, 1539, 21, 28, 29
1347, 1346, 1365, 1381, 1407, 1413, 1438, 1452, 1482, 1495, 1517, 1549, 1548, 1547, 1546, 1545, 1544, 1543, 1542, 1541, 19, 30
1347, 1346, 1365, 1381, 1407, 1413, 1438, 1452, 1482, 1495, 1517, 1549, 1548, 13, 14, 15, 16, 17, 31
1347, 1346, 1365, 1381, 1407, 1413, 1438, 1452, 1482, 1495, 1517, 1549, 12, 37, 36, 35, 34, 33, 32
1347, 1346, 1365, 1381, 1407, 1413, 1438, 1452, 1482, 1495, 1517, 1549, 12, 37, 36, 35, 34, 33
1347, 1346, 1365, 1381, 1407, 1413, 1438, 1452, 1482, 1495, 1517, 1549, 12, 37, 36, 35, 34
1347, 1346, 1365, 1381, 1407, 1413, 1438, 1452, 1482, 1495, 1517, 1549, 12, 37, 36, 35
1347, 1346, 1365, 1381, 1407, 1413, 1438, 1452, 1482, 1495, 1517, 1549, 12, 37, 36
1347, 1346, 1365, 1381, 1407, 1413, 1438, 1452, 1482, 1495, 1517, 1549, 12, 37
1347, 1366, 1382, 1406, 1412, 1439, 1453, 1483, 1496, 1516, 1550, 11, 39, 38
1347, 1366, 1382, 1406, 1412, 1439, 1453, 1483, 1496, 1516, 1550, 11, 39
1347, 1366, 1382, 1406, 1412, 1439, 1453, 1483, 1496, 1516, 1550, 11, 40
1347, 1366, 1382, 1406, 1412, 1439, 1453, 1483, 1496, 1516, 1550, 11, 10, 41
1347, 1366, 1382, 1406, 1412, 1439, 1453, 1483, 1496, 1516, 1550, 11, 10, 42
1347, 1366, 1382, 1406, 1412, 1439, 1440, 1455, 1485, 1498, 1514, 1552, 9, 43
1347, 1366, 1382, 1406, 1412, 1439, 1440, 1455, 1485, 1498, 1514, 1552, 8, 44
1347, 1366, 1382, 1406, 1412, 1439, 1440, 1455, 1485, 1498, 1514, 1552, 8, 44, 45
1347, 1366, 1382, 1406, 1412, 1439, 1440, 1455, 1485, 1498, 1514, 1552, 8, 44, 46
1347, 1366, 1382, 1406, 1412, 1439, 1440, 1455, 1485, 1498, 1514, 1552, 8, 44, 47
1347, 1366, 1382, 1406, 1412, 1439, 1440, 1455, 1485, 1498, 1514, 1552, 8, 44, 48
1347, 1366, 1382, 1406, 1412, 1439, 1440, 1455, 1485, 1498, 1514, 1552, 9, 43, 49
1347, 1366, 1382, 1406, 1412, 1439, 1453, 1483, 1496, 1516, 1550, 11, 10, 41, 50
1347, 1366, 1382, 1406, 1412, 1439, 1453, 1483, 1496, 1516, 1550, 11, 40, 51
1347, 1366, 1382, 1406, 1412, 1439, 1453, 1483, 1496, 1516, 1550, 11, 40, 51, 52
1347, 1366, 1382, 1406, 1412, 1439, 1453, 1483, 1496, 1516, 1550, 11, 40, 51, 52, 53
1347, 1346, 1365, 1381, 1407, 1413, 1438, 1452, 1482, 1495, 1517, 1549, 12, 37, 54
1347, 1346, 1365, 1381, 1407, 1413, 1438, 1452, 1482, 1495, 1517, 1549, 12, 37, 54, 55
1347, 1346, 1365, 1381, 1407, 1413, 1438, 1452, 1482, 1495, 1517, 1549, 12, 37, 54, 55, 56
1347, 1346, 1365, 1381, 1407, 1413, 1438, 1452, 1482, 1495, 1517, 1549, 12, 37, 36, 35, 34, 57
1347, 1346, 1365, 1381, 1407, 1413, 1438, 1452, 1482, 1495, 1517, 1549, 12, 37, 36, 35, 34, 33, 32, 58
1347, 1346, 1365, 1381, 1407, 1413, 1438, 1452, 1482, 1495, 1517, 1549, 1548, 13, 14, 15, 16, 17, 31, 59
1347, 1346, 1365, 1381, 1407, 1413, 1438, 1452, 1482, 1495, 1517, 1549, 1548, 13, 14, 15, 16, 17, 31, 59, 60
1347, 1367, 1368, 1369, 1384, 1385, 1402, 1427, 1426, 1445, 1446, 1461, 1462, 1492, 1493, 1505, 1528, 1539, 21, 28, 29, 61
1347, 1367, 1368, 1369, 1384, 1385, 1402, 1427, 1426, 1445, 1446, 1461, 1490, 1491, 1503, 1530, 1537, 2, 26, 63, 62
1347, 1367, 1368, 1369, 1384, 1385, 1402, 1427, 1426, 1445, 1446, 1461, 1490, 1491, 1503, 1530, 1537, 2, 26, 63
1347, 1367, 1368, 1369, 1384, 1385, 1402, 1427, 1426, 1445, 1446, 1461, 1490, 1491, 1503, 1530, 1537, 2, 26, 64
1347, 1366, 1382, 1406, 1412, 1439, 1440, 1455, 1485, 1498, 1514, 1552, 8, 44, 46, 67, 66, 65
1347, 1366, 1382, 1406, 1412, 1439, 1440, 1455, 1485, 1498, 1514, 1552, 8, 44, 46, 67, 66
1347, 1366, 1382, 1406, 1412, 1439, 1440, 1455, 1485, 1498, 1514, 1552, 8, 44, 46, 67
1347, 1366, 1382, 1406, 1412, 1439, 1440, 1455, 1485, 1498, 1514, 1552, 8, 44, 47, 68
1347, 1366, 1382, 1406, 1412, 1439, 1440, 1455, 1485, 1498, 1514, 1552, 8, 44, 46, 69
1347, 1366, 1382, 1406, 1412, 1439, 1440, 1455, 1485, 1498, 1514, 1552, 8, 44, 48, 70
1347, 1366, 1382, 1406, 1412, 1439, 1440, 1455, 1485, 1498, 1514, 1552, 8, 44, 48, 71
1347, 1366, 1382, 1406, 1412, 1439, 1440, 1455, 1485, 1498, 1514, 1552, 9, 43, 49, 72
1347, 1366, 1382, 1406, 1412, 1439, 1453, 1483, 1496, 1516, 1550, 11, 10, 41, 50, 73
1347, 1366, 1382, 1406, 1412, 1439, 1453, 1483, 1496, 1516, 1550, 11, 40, 51, 74
1347, 1346, 1365, 1381, 1407, 1413, 1438, 1452, 1482, 1495, 1517, 1549, 12, 37, 54, 75
1347, 1346, 1365, 1381, 1407, 1413, 1438, 1452, 1482, 1495, 1517, 1549, 12, 37, 54, 55, 76
1347, 1346, 1365, 1381, 1407, 1413, 1438, 1452, 1482, 1495, 1517, 1549, 12, 37, 54, 55, 76, 77
1347, 1346, 1365, 1381, 1407, 1413, 1438, 1452, 1482, 1495, 1517, 1549, 12, 37, 54, 55, 76, 77, 78
1347, 1346, 1365, 1381, 1407, 1413, 1438, 1452, 1482, 1495, 1517, 1549, 12, 37, 54, 55, 76, 77, 78, 79
1347, 1346, 1365, 1381, 1407, 1413, 1438, 1452, 1482, 1495, 1517, 1549, 12, 37, 54, 55, 76, 77, 78, 79, 80
1347, 1346, 1365, 1381, 1407, 1413, 1438, 1452, 1482, 1495, 1517, 1549, 1548, 13, 14, 15, 16, 17, 31, 59, 81
1347, 1346, 1365, 1381, 1407, 1413, 1438, 1452, 1482, 1495, 1517, 1549, 1548, 13, 14, 15, 16, 17, 31, 59, 60, 82
1347, 1367, 1368, 1369, 1384, 1385, 1402, 1427, 1426, 1445, 1446, 1461, 1490, 1491, 1503, 1530, 1537, 2, 26, 63, 84, 83
1347, 1367, 1368, 1369, 1384, 1385, 1402, 1427, 1426, 1445, 1446, 1461, 1490, 1491, 1503, 1530, 1537, 2, 26, 63, 84
1347, 1367, 1368, 1369, 1384, 1385, 1402, 1427, 1426, 1445, 1446, 1461, 1490, 1491, 1503, 1530, 1537, 2, 26, 64, 85
1347, 1366, 1382, 1406, 1412, 1439, 1440, 1455, 1485, 1498, 1514, 1552, 8, 44, 47, 68, 88, 87, 86
1347, 1366, 1382, 1406, 1412, 1439, 1440, 1455, 1485, 1498, 1514, 1552, 8, 44, 47, 68, 88, 87
1347, 1366, 1382, 1406, 1412, 1439, 1440, 1455, 1485, 1498, 1514, 1552, 8, 44, 47, 68, 88
1347, 1366, 1382, 1406, 1412, 1439, 1440, 1455, 1485, 1498, 1514, 1552, 8, 44, 47, 68, 91, 90, 89
1347, 1366, 1382, 1406, 1412, 1439, 1440, 1455, 1485, 1498, 1514, 1552, 8, 44, 47, 68, 91, 90
1347, 1366, 1382, 1406, 1412, 1439, 1440, 1455, 1485, 1498, 1514, 1552, 8, 44, 47, 68, 91
1347, 1366, 1382, 1406, 1412, 1439, 1440, 1455, 1485, 1498, 1514, 1552, 8, 44, 46, 69, 92
1347, 1366, 1382, 1406, 1412, 1439, 1440, 1455, 1485, 1498, 1514, 1552, 9, 43, 49, 72, 94, 93
1347, 1366, 1382, 1406, 1412, 1439, 1440, 1455, 1485, 1498, 1514, 1552, 9, 43, 49, 72, 94
1347, 1366, 1382, 1406, 1412, 1439, 1453, 1483, 1496, 1516, 1550, 11, 10, 41, 50, 73, 95
1347, 1366, 1382, 1406, 1412, 1439, 1453, 1483, 1496, 1516, 1550, 11, 40, 51, 74, 96
1347, 1346, 1365, 1381, 1407, 1413, 1438, 1452, 1482, 1495, 1517, 1549, 12, 37, 54, 75, 97
1347, 1346, 1365, 1381, 1407, 1413, 1438, 1452, 1482, 1495, 1517, 1549, 12, 37, 54, 75, 98
1347, 1346, 1365, 1381, 1407, 1413, 1438, 1452, 1482, 1495, 1517, 1549, 12, 37, 54, 75, 98, 99
1347, 1346, 1365, 1381, 1407, 1413, 1438, 1452, 1482, 1495, 1517, 1549, 12, 37, 54, 55, 76, 77, 100
1347, 1346, 1365, 1381, 1407, 1413, 1438, 1452, 1482, 1495, 1517, 1549, 12, 37, 54, 55, 76, 77, 78, 101
1347, 1346, 1365, 1381, 1407, 1413, 1438, 1452, 1482, 1495, 1517, 1549, 12, 37, 54, 55, 76, 77, 78, 79, 102
1347, 1346, 1365, 1381, 1407, 1413, 1438, 1452, 1482, 1495, 1517, 1549, 12, 37, 54, 55, 76, 77, 78, 79, 80, 103
1347, 1346, 1365, 1381, 1407, 1413, 1438, 1452, 1482, 1495, 1517, 1549, 1548, 13, 14, 15, 16, 17, 31, 59, 81, 104
1347, 1346, 1365, 1381, 1407, 1413, 1438, 1452, 1482, 1495, 1517, 1549, 1548, 13, 14, 15, 16, 17, 31, 59, 60, 82, 105
1347, 1367, 1368, 1369, 1384, 1385, 1402, 1427, 1426, 1445, 1446, 1461, 1490, 1491, 1503, 1530, 1537, 2, 26, 63, 84, 83, 106
1347, 1367, 1368, 1369, 1384, 1385, 1402, 1427, 1426, 1445, 1446, 1461, 1490, 1491, 1503, 1530, 1537, 2, 26, 63, 84, 107
1347, 1367, 1368, 1369, 1384, 1385, 1402, 1427, 1426, 1445, 1446, 1461, 1490, 1491, 1503, 1530, 1537, 2, 26, 64, 85, 108
1347, 1366, 1382, 1406, 1412, 1439, 1440, 1455, 1485, 1498, 1514, 1552, 8, 44, 47, 68, 91, 90, 89, 109
1347, 1367, 1368, 1369, 1384, 1385, 1402, 1427, 1426, 1445, 1446, 1461, 1490, 1491, 1503, 1530, 1537, 2, 26, 64, 85, 108, 110
1347, 1366, 1382, 1406, 1412, 1439, 1440, 1455, 1485, 1498, 1514, 1552, 8, 44, 47, 68, 91, 90, 89, 112, 111
1347, 1366, 1382, 1406, 1412, 1439, 1440, 1455, 1485, 1498, 1514, 1552, 8, 44, 47, 68, 91, 90, 89, 112
1347, 1366, 1382, 1406, 1412, 1439, 1440, 1455, 1485, 1498, 1514, 1552, 8, 44, 47, 68, 91, 115, 114, 113
1347, 1366, 1382, 1406, 1412, 1439, 1440, 1455, 1485, 1498, 1514, 1552, 8, 44, 47, 68, 91, 115, 114
1347, 1366, 1382, 1406, 1412, 1439, 1440, 1455, 1485, 1498, 1514, 1552, 8, 44, 47, 68, 91, 115
1347, 1366, 1382, 1406, 1412, 1439, 1440, 1455, 1485, 1498, 1514, 1552, 8, 44, 46, 69, 92, 116
1347, 1366, 1382, 1406, 1412, 1439, 1440, 1455, 1485, 1498, 1514, 1552, 9, 43, 49, 72, 94, 118, 117
1347, 1366, 1382, 1406, 1412, 1439, 1440, 1455, 1485, 1498, 1514, 1552, 9, 43, 49, 72, 94, 118
1347, 1366, 1382, 1406, 1412, 1439, 1453, 1483, 1496, 1516, 1550, 11, 10, 41, 50, 73, 95, 119
1347, 1366, 1382, 1406, 1412, 1439, 1453, 1483, 1496, 1516, 1550, 11, 10, 41, 50, 73, 95, 120
1347, 1366, 1382, 1406, 1412, 1439, 1453, 1483, 1496, 1516, 1550, 11, 40, 51, 74, 96, 121
1347, 1346, 1365, 1381, 1407, 1413, 1438, 1452, 1482, 1495, 1517, 1549, 12, 37, 54, 75, 98, 122
1347, 1346, 1365, 1381, 1407, 1413, 1438, 1452, 1482, 1495, 1517, 1549, 12, 37, 54, 75, 98, 122, 123
1347, 1346, 1365, 1381, 1407, 1413, 1438, 1452, 1482, 1495, 1517, 1549, 12, 37, 54, 55, 76, 77, 100, 124
1347, 1346, 1365, 1381, 1407, 1413, 1438, 1452, 1482, 1495, 1517, 1549, 12, 37, 54, 55, 76, 77, 78, 101, 125
1347, 1346, 1365, 1381, 1407, 1413, 1438, 1452, 1482, 1495, 1517, 1549, 12, 37, 54, 55, 76, 77, 78, 79, 102, 126
1347, 1346, 1365, 1381, 1407, 1413, 1438, 1452, 1482, 1495, 1517, 1549, 1548, 13, 14, 15, 16, 17, 31, 59, 81, 104, 127
1347, 1346, 1365, 1381, 1407, 1413, 1438, 1452, 1482, 1495, 1517, 1549, 1548, 13, 14, 15, 16, 17, 31, 59, 81, 104, 127, 128
1347, 1346, 1365, 1381, 1407, 1413, 1438, 1452, 1482, 1495, 1517, 1549, 1548, 13, 14, 15, 16, 17, 31, 59, 60, 82, 105, 129
1347, 1367, 1368, 1369, 1384, 1385, 1402, 1427, 1426, 1445, 1446, 1461, 1490, 1491, 1503, 1530, 1537, 2, 26, 63, 84, 83, 106, 130
1347, 1366, 1382, 1406, 1412, 1439, 1453, 1483, 1496, 1516, 1550, 11, 10, 41, 50, 73, 95, 120, 131
1347, 1366, 1382, 1406, 1412, 1439, 1453, 1483, 1496, 1516, 1550, 11, 10, 41, 50, 73, 95, 120, 131, 132
1347, 1366, 1382, 1406, 1412, 1439, 1440, 1455, 1485, 1498, 1514, 1552, 9, 43, 49, 72, 94, 118, 133
1347, 1366, 1382, 1406, 1412, 1439, 1440, 1455, 1485, 1498, 1514, 1552, 9, 43, 49, 72, 94, 118, 117, 134
1347, 1366, 1382, 1406, 1412, 1439, 1440, 1455, 1485, 1498, 1514, 1552, 8, 44, 46, 69, 92, 116, 135
1347, 1366, 1382, 1406, 1412, 1439, 1440, 1455, 1485, 1498, 1514, 1552, 8, 44, 46, 69, 92, 116, 136
1347, 1366, 1382, 1406, 1412, 1439, 1440, 1455, 1485, 1498, 1514, 1552, 8, 44, 46, 69, 92, 116, 136, 137
1347, 1366, 1382, 1406, 1412, 1439, 1440, 1455, 1485, 1498, 1514, 1552, 8, 44, 46, 69, 92, 116, 136, 137, 138
1347, 1366, 1382, 1406, 1412, 1439, 1440, 1455, 1485, 1498, 1514, 1552, 8, 44, 46, 69, 92, 116, 136, 137, 138, 139
1347, 1366, 1382, 1406, 1412, 1439, 1440, 1455, 1485, 1498, 1514, 1552, 8, 44, 46, 69, 92, 116, 136, 137, 138, 139, 140
1347, 1366, 1382, 1406, 1412, 1439, 1440, 1455, 1485, 1498, 1514, 1552, 8, 44, 46, 69, 92, 116, 136, 137, 138, 139, 140, 141
1347, 1367, 1368, 1369, 1384, 1385, 1402, 1427, 1426, 1445, 1446, 1461, 1490, 1491, 1503, 1530, 1537, 2, 26, 64, 85, 108, 110, 142
1347, 1367, 1368, 1369, 1384, 1385, 1402, 1427, 1426, 1445, 1446, 1461, 1490, 1491, 1503, 1530, 1537, 2, 26, 63, 84, 83, 106, 130, 143
1347, 1346, 1365, 1381, 1407, 1413, 1438, 1452, 1482, 1495, 1517, 1549, 1548, 13, 14, 15, 16, 17, 31, 59, 81, 104, 127, 128, 145, 144
1347, 1346, 1365, 1381, 1407, 1413, 1438, 1452, 1482, 1495, 1517, 1549, 1548, 13, 14, 15, 16, 17, 31, 59, 81, 104, 127, 128, 145
1347, 1346, 1365, 1381, 1407, 1413, 1438, 1452, 1482, 1495, 1517, 1549, 1548, 13, 14, 15, 16, 17, 31, 59, 81, 104, 127, 146
1347, 1346, 1365, 1381, 1407, 1413, 1438, 1452, 1482, 1495, 1517, 1549, 12, 37, 54, 55, 76, 77, 78, 79, 102, 126, 147
1347, 1346, 1365, 1381, 1407, 1413, 1438, 1452, 1482, 1495, 1517, 1549, 12, 37, 54, 55, 76, 77, 78, 101, 125, 148
1347, 1346, 1365, 1381, 1407, 1413, 1438, 1452, 1482, 1495, 1517, 1549, 12, 37, 54, 55, 76, 77, 100, 124, 149
1347, 1346, 1365, 1381, 1407, 1413, 1438, 1452, 1482, 1495, 1517, 1549, 12, 37, 54, 75, 98, 122, 152, 151, 150
1347, 1346, 1365, 1381, 1407, 1413, 1438, 1452, 1482, 1495, 1517, 1549, 12, 37, 54, 75, 98, 122, 152, 151
1347, 1346, 1365, 1381, 1407, 1413, 1438, 1452, 1482, 1495, 1517, 1549, 12, 37, 54, 75, 98, 122, 152
1347, 1366, 1382, 1406, 1412, 1439, 1453, 1483, 1496, 1516, 1550, 11, 40, 51, 74, 96, 121, 153
1347, 1366, 1382, 1406, 1412, 1439, 1453, 1483, 1496, 1516, 1550, 11, 40, 51, 74, 96, 121, 154
1347, 1366, 1382, 1406, 1412, 1439, 1453, 1483, 1496, 1516, 1550, 11, 10, 41, 50, 73, 95, 120, 155
1347, 1367, 1368, 1369, 1384, 1385, 1402, 1427, 1426, 1445, 1446, 1461, 1490, 1491, 1503, 1530, 1537, 2, 26, 63, 84, 83, 106, 130, 143, 156
1347, 1346, 1365, 1381, 1407, 1413, 1438, 1452, 1482, 1495, 1517, 1549, 1548, 13, 14, 15, 16, 17, 31, 59, 81, 104, 127, 146, 159, 158, 157
1347, 1346, 1365, 1381, 1407, 1413, 1438, 1452, 1482, 1495, 1517, 1549, 1548, 13, 14, 15, 16, 17, 31, 59, 81, 104, 127, 146, 159, 158
1347, 1346, 1365, 1381, 1407, 1413, 1438, 1452, 1482, 1495, 1517, 1549, 1548, 13, 14, 15, 16, 17, 31, 59, 81, 104, 127, 146, 159
1347, 1346, 1365, 1381, 1407, 1413, 1438, 1452, 1482, 1495, 1517, 1549, 12, 37, 54, 55, 76, 77, 78, 79, 102, 126, 147, 160
1347, 1346, 1365, 1381, 1407, 1413, 1438, 1452, 1482, 1495, 1517, 1549, 12, 37, 54, 55, 76, 77, 78, 101, 125, 148, 161
1347, 1346, 1365, 1381, 1407, 1413, 1438, 1452, 1482, 1495, 1517, 1549, 12, 37, 54, 55, 76, 77, 100, 124, 149, 162
1347, 1346, 1365, 1381, 1407, 1413, 1438, 1452, 1482, 1495, 1517, 1549, 12, 37, 54, 75, 98, 122, 152, 165, 164, 163
1347, 1346, 1365, 1381, 1407, 1413, 1438, 1452, 1482, 1495, 1517, 1549, 12, 37, 54, 75, 98, 122, 152, 165, 164
1347, 1346, 1365, 1381, 1407, 1413, 1438, 1452, 1482, 1495, 1517, 1549, 12, 37, 54, 75, 98, 122, 152, 165
1347, 1366, 1382, 1406, 1412, 1439, 1453, 1483, 1496, 1516, 1550, 11, 40, 51, 74, 96, 121, 153, 166
1347, 1366, 1382, 1406, 1412, 1439, 1453, 1483, 1496, 1516, 1550, 11, 40, 51, 74, 96, 121, 154, 167
1347, 1366, 1382, 1406, 1412, 1439, 1453, 1483, 1496, 1516, 1550, 11, 10, 41, 50, 73, 95, 120, 155, 168
1347, 1366, 1382, 1406, 1412, 1439, 1453, 1483, 1496, 1516, 1550, 11, 10, 41, 50, 73, 95, 120, 131, 169
1347, 1366, 1382, 1406, 1412, 1439, 1440, 1455, 1485, 1498, 1514, 1552, 9, 43, 49, 72, 94, 118, 117, 134, 170
1347, 1366, 1382, 1406, 1412, 1439, 1440, 1455, 1485, 1498, 1514, 1552, 9, 43, 49, 72, 94, 118, 117, 134, 170, 171
1347, 1366, 1382, 1406, 1412, 1439, 1440, 1455, 1485, 1498, 1514, 1552, 8, 44, 46, 69, 92, 116, 136, 172
1347, 1366, 1382, 1406, 1412, 1439, 1440, 1455, 1485, 1498, 1514, 1552, 8, 44, 46, 69, 92, 116, 136, 172, 173
1347, 1366, 1382, 1406, 1412, 1439, 1440, 1455, 1485, 1498, 1514, 1552, 8, 44, 46, 69, 92, 116, 136, 172, 173, 174
1347, 1366, 1382, 1406, 1412, 1439, 1440, 1455, 1485, 1498, 1514, 1552, 8, 44, 46, 69, 92, 116, 136, 172, 173, 174, 175
1347, 1366, 1382, 1406, 1412, 1439, 1440, 1455, 1485, 1498, 1514, 1552, 8, 44, 46, 69, 92, 116, 136, 172, 173, 174, 175, 176
1347, 1366, 1382, 1406, 1412, 1439, 1440, 1455, 1485, 1498, 1514, 1552, 8, 44, 46, 69, 92, 116, 136, 172, 173, 174, 175, 176, 177
1347, 1366, 1382, 1406, 1412, 1439, 1440, 1455, 1485, 1498, 1514, 1552, 9, 43, 49, 72, 94, 118, 117, 134, 170, 178
1347, 1366, 1382, 1406, 1412, 1439, 1440, 1455, 1485, 1498, 1514, 1552, 9, 43, 49, 72, 94, 118, 117, 134, 170, 171, 179
1347, 1366, 1382, 1406, 1412, 1439, 1440, 1455, 1485, 1498, 1514, 1552, 8, 44, 46, 69, 92, 116, 136, 172, 180
1347, 1366, 1382, 1406, 1412, 1439, 1440, 1455, 1485, 1498, 1514, 1552, 8, 44, 46, 69, 92, 116, 136, 172, 181
1347, 1366, 1382, 1406, 1412, 1439, 1440, 1455, 1485, 1498, 1514, 1552, 8, 44, 46, 69, 92, 116, 136, 172, 181, 182
1347, 1366, 1382, 1406, 1412, 1439, 1440, 1455, 1485, 1498, 1514, 1552, 8, 44, 46, 69, 92, 116, 136, 172, 181, 182, 183
1347, 1366, 1382, 1406, 1412, 1439, 1440, 1455, 1485, 1498, 1514, 1552, 8, 44, 46, 69, 92, 116, 136, 172, 181, 182, 183, 184
1347, 1366, 1382, 1406, 1412, 1439, 1440, 1455, 1485, 1498, 1514, 1552, 8, 44, 46, 69, 92, 116, 136, 172, 181, 182, 183, 184, 185
1347, 1366, 1382, 1406, 1412, 1439, 1440, 1455, 1485, 1498, 1514, 1552, 8, 44, 46, 69, 92, 116, 136, 172, 181, 182, 183, 184, 185, 186
1347, 1366, 1382, 1406, 1412, 1439, 1440, 1455, 1485, 1498, 1514, 1552, 8, 44, 46, 69, 92, 116, 136, 172, 181, 182, 183, 184, 185, 186, 187
1347, 1367, 1368, 1369, 1384, 1385, 1402, 1427, 1426, 1445, 1446, 1461, 1490, 1491, 1503, 1530, 1537, 2, 26, 63, 84, 83, 106, 130, 143, 156, 188
1347, 1346, 1365, 1381, 1407, 1413, 1438, 1452, 1482, 1495, 1517, 1549, 1548, 13, 14, 15, 16, 17, 31, 59, 81, 104, 127, 146, 159, 190, 189
1347, 1346, 1365, 1381, 1407, 1413, 1438, 1452, 1482, 1495, 1517, 1549, 1548, 13, 14, 15, 16, 17, 31, 59, 81, 104, 127, 146, 159, 190
1347, 1346, 1365, 1381, 1407, 1413, 1438, 1452, 1482, 1495, 1517, 1549, 12, 37, 54, 55, 76, 77, 78, 79, 102, 126, 147, 160, 191
1347, 1346, 1365, 1381, 1407, 1413, 1438, 1452, 1482, 1495, 1517, 1549, 12, 37, 54, 55, 76, 77, 78, 101, 125, 148, 161, 192
1347, 1346, 1365, 1381, 1407, 1413, 1438, 1452, 1482, 1495, 1517, 1549, 12, 37, 54, 75, 98, 122, 152, 165, 164, 163, 193
1347, 1346, 1365, 1381, 1407, 1413, 1438, 1452, 1482, 1495, 1517, 1549, 12, 37, 54, 75, 98, 122, 152, 165, 164, 194
1347, 1346, 1365, 1381, 1407, 1413, 1438, 1452, 1482, 1495, 1517, 1549, 12, 37, 54, 75, 98, 122, 152, 165, 195
1347, 1366, 1382, 1406, 1412, 1439, 1453, 1483, 1496, 1516, 1550, 11, 40, 51, 74, 96, 121, 153, 166, 196
1347, 1366, 1382, 1406, 1412, 1439, 1453, 1483, 1496, 1516, 1550, 11, 40, 51, 74, 96, 121, 154, 167, 197
1347, 1366, 1382, 1406, 1412, 1439, 1453, 1483, 1496, 1516, 1550, 11, 10, 41, 50, 73, 95, 120, 131, 169, 198
1347, 1346, 1365, 1381, 1407, 1413, 1438, 1452, 1482, 1495, 1517, 1549, 12, 37, 54, 75, 98, 122, 152, 165, 164, 163, 193, 199
