1497, 1515, 1514, 1534, 1533, 1532, 1531, 1536, 1537, 2, 1, 0
1497, 1515, 1514, 1534, 1533, 1532, 1531, 1536, 1537, 2, 1
1497, 1515, 1514, 1534, 1533, 1532, 1531, 1536, 1537, 2
1497, 1515, 1551, 1552, 8, 7, 6, 5, 4, 3
1497, 1515, 1551, 1552, 8, 7, 6, 5, 4
1497, 1515, 1551, 1552, 8, 7, 6, 5
1497, 1515, 1551, 1552, 8, 7, 6
1497, 1515, 1551, 1552, 8, 7
1497, 1515, 1551, 1552, 8
1497, 1515, 1551, 1552, 9
1497, 1515, 1551, 10
1497, 1496, 1516, 1550, 11
1497, 1496, 1516, 1550, 11, 12
1497, 1496, 1516, 1550, 11, 12, 13
1497, 1496, 1516, 1550, 11, 12, 13, 14
1497, 1496, 1516, 1550, 11, 12, 13, 14, 15
1497, 1496, 1516, 1550, 11, 12, 13, 14, 15, 16
1497, 1496, 1516, 1550, 11, 12, 13, 14, 15, 16, 17
1497, 1496, 1516, 1550, 11, 12, 13, 14, 15, 16, 17, 18
1497, 1496, 1516, 1550, 1549, 1548, 1547, 1546, 1545, 1544, 1543, 1542, 1541, 19
1497, 1498, 1499, 1500, 1501, 1502, 1503, 1504, 1505, 1528, 1539, 1540, 20
1497, 1515, 1514, 1534, 1533, 1532, 1531, 1536, 1537, 2, 1, 0, 21
1497, 1515, 1551, 1552, 8, 44, 45, 22
1497, 1515, 1551, 1552, 8, 44, 46, 67, 23
1497, 1515, 1551, 1552, 8, 44, 46, 67, 23, 24
1497, 1515, 1551, 1552, 8, 44, 46, 67, 66, 65, 25
1497, 1515, 1514, 1534, 1533, 1532, 1531, 1536, 1537, 2, 26
1497, 1515, 1514, 1534, 1533, 1532, 1531, 1536, 1537, 2, 26, 27
1497, 1515, 1514, 1534, 1533, 1532, 1531, 1536, 1537, 2, 26, 27, 28
1497, 1515, 1514, 1534, 1533, 1532, 1531, 1536, 1537, 2, 26, 27, 28, 29
1497, 1496, 1516, 1550, 1549, 1548, 1547, 1546, 1545, 1544, 1543, 1542, 1541, 19, 30
1497, 1496, 1516, 1550, 11, 39, 38, 37, 36, 35, 34, 33, 32, 31
1497, 1496, 1516, 1550, 11, 39, 38, 37, 36, 35, 34, 33, 32
1497, 1496, 1516, 1550, 11, 39, 38, 37, 36, 35, 34, 33
1497, 1496, 1516, 1550, 11, 39, 38, 37, 36, 35, 34
1497, 1496, 1516, 1550, 11, 39, 38, 37, 36, 35
1497, 1496, 1516, 1550, 11, 39, 38, 37, 36
1497, 1496, 1516, 1550, 11, 39, 38, 37
1497, 1496, 1516, 1550, 11, 39, 38
1497, 1496, 1516, 1550, 11, 39
1497, 1496, 1516, 1550, 11, 40
1497, 1515, 1551, 10, 41
1497, 1515, 1551, 10, 42
1497, 1515, 1551, 10, 42, 43
1497, 1515, 1551, 1552, 8, 44
1497, 1515, 1551, 1552, 8, 44, 45
1497, 1515, 1551, 1552, 8, 44, 46
1497, 1515, 1551, 1552, 8, 44, 47
1497, 1515, 1551, 1552, 8, 44, 48
1497, 1515, 1551, 10, 42, 49
1497, 1515, 1551, 10, 41, 50
1497, 1515, 1551, 10, 41, 50, 51
1497, 1515, 1551, 10, 41, 50, 51, 52
1497, 1515, 1551, 10, 41, 50, 51, 52, 53
1497, 1515, 1551, 10, 41, 50, 51, 52, 53, 54
1497, 1515, 1551, 10, 41, 50, 51, 52, 53, 54, 55
1497, 1515, 1551, 10, 41, 50, 51, 52, 53, 54, 55, 56
1497, 1496, 1516, 1550, 11, 39, 38, 37, 36, 35, 34, 57
1497, 1496, 1516, 1550, 11, 39, 38, 37, 36, 35, 34, 33, 32, 58
1497, 1496, 1516, 1550, 11, 39, 38, 37, 36, 35, 34, 33, 32, 31, 59
1497, 1496, 1516, 1550, 11, 39, 38, 37, 36, 35, 34, 33, 32, 31, 59, 60
1497, 1515, 1514, 1534, 1533, 1532, 1531, 1536, 1537, 2, 26, 27, 28, 29, 61
1497, 1515, 1514, 1534, 1533, 1532, 1531, 1536, 1537, 2, 26, 63, 62
1497, 1515, 1514, 1534, 1533, 1532, 1531, 1536, 1537, 2, 26, 63
1497, 1515, 1551, 1552, 8, 44, 46, 67, 66, 65, 64
1497, 1515, 1551, 1552, 8, 44, 46, 67, 66, 65
1497, 1515, 1551, 1552, 8, 44, 46, 67, 66
1497, 1515, 1551, 1552, 8, 44, 46, 67
1497, 1515, 1551, 1552, 8, 44, 47, 68
1497, 1515, 1551, 1552, 8, 44, 46, 69
1497, 1515, 1551, 1552, 8, 44, 48, 70
1497, 1515, 1551, 1552, 8, 44, 48, 71
1497, 1515, 1551, 10, 42, 49, 72
1497, 1515, 1551, 10, 41, 50, 73
1497, 1515, 1551, 10, 41, 50, 73, 74
1497, 1515, 1551, 10, 41, 50, 73, 74, 75
1497, 1515, 1551, 10, 41, 50, 73, 74, 75, 76
1497, 1515, 1551, 10, 41, 50, 73, 74, 75, 76, 77
1497, 1515, 1551, 10, 41, 50, 73, 74, 75, 76, 77, 78
1497, 1515, 1551, 10, 41, 50, 73, 74, 75, 76, 77, 78, 79
1497, 1515, 1551, 10, 41, 50, 73, 74, 75, 76, 77, 78, 79, 80
1497, 1496, 1516, 1550, 11, 39, 38, 37, 36, 35, 34, 33, 32, 31, 59, 81
1497, 1496, 1516, 1550, 11, 39, 38, 37, 36, 35, 34, 33, 32, 31, 59, 60, 82
1497, 1515, 1514, 1534, 1533, 1532, 1531, 1536, 1537, 2, 26, 63, 84, 83
1497, 1515, 1514, 1534, 1533, 1532, 1531, 1536, 1537, 2, 26, 63, 84
1497, 1515, 1551, 1552, 8, 44, 47, 68, 88, 87, 86, 85
1497, 1515, 1551, 1552, 8, 44, 47, 68, 88, 87, 86
1497, 1515, 1551, 1552, 8, 44, 47, 68, 88, 87
1497, 1515, 1551, 1552, 8, 44, 47, 68, 88
1497, 1515, 1551, 1552, 8, 44, 47, 68, 91, 90, 89
1497, 1515, 1551, 1552, 8, 44, 47, 68, 91, 90
1497, 1515, 1551, 1552, 8, 44, 47, 68, 91
1497, 1515, 1551, 1552, 8, 44, 46, 69, 92
1497, 1515, 1551, 10, 42, 49, 72, 94, 93
1497, 1515, 1551, 10, 42, 49, 72, 94
1497, 1515, 1551, 10, 41, 50, 73, 95
1497, 1515, 1551, 10, 41, 50, 73, 74, 96
1497, 1515, 1551, 10, 41, 50, 73, 74, 96, 97
1497, 1515, 1551, 10, 41, 50, 73, 74, 96, 97, 98
1497, 1515, 1551, 10, 41, 50, 73, 74, 96, 97, 98, 99
1497, 1515, 1551, 10, 41, 50, 73, 74, 96, 97, 98, 99, 100
1497, 1515, 1551, 10, 41, 50, 73, 74, 96, 97, 98, 99, 100, 101
1497, 1515, 1551, 10, 41, 50, 73, 74, 75, 76, 77, 78, 79, 102
1497, 1515, 1551, 10, 41, 50, 73, 74, 75, 76, 77, 78, 79, 80, 103
1497, 1496, 1516, 1550, 11, 39, 38, 37, 36, 35, 34, 33, 32, 31, 59, 81, 104
1497, 1515, 1514, 1534, 1533, 1532, 1531, 1536, 1537, 2, 26, 63, 84, 83, 106, 105
1497, 1515, 1514, 1534, 1533, 1532, 1531, 1536, 1537, 2, 26, 63, 84, 83, 106
1497, 1515, 1551, 1552, 8, 44, 47, 68, 91, 90, 89, 109, 108, 107
1497, 1515, 1551, 1552, 8, 44, 47, 68, 91, 90, 89, 109, 108
1497, 1515, 1551, 1552, 8, 44, 47, 68, 91, 90, 89, 109
1497, 1515, 1551, 1552, 8, 44, 47, 68, 91, 90, 89, 109, 108, 110
1497, 1515, 1551, 1552, 8, 44, 47, 68, 91, 90, 89, 112, 111
1497, 1515, 1551, 1552, 8, 44, 47, 68, 91, 90, 89, 112
1497, 1515, 1551, 1552, 8, 44, 47, 68, 91, 115, 114, 113
1497, 1515, 1551, 1552, 8, 44, 47, 68, 91, 115, 114
1497, 1515, 1551, 1552, 8, 44, 47, 68, 91, 115
1497, 1515, 1551, 1552, 8, 44, 46, 69, 92, 116
1497, 1515, 1551, 10, 42, 49, 72, 94, 118, 117
1497, 1515, 1551, 10, 42, 49, 72, 94, 118
1497, 1515, 1551, 10, 41, 50, 73, 95, 119
1497, 1515, 1551, 10, 41, 50, 73, 95, 120
1497, 1515, 1551, 10, 41, 50, 73, 95, 120, 121
1497, 1515, 1551, 10, 41, 50, 73, 74, 96, 97, 122
1497, 1515, 1551, 10, 41, 50, 73, 74, 96, 97, 122, 123
1497, 1515, 1551, 10, 41, 50, 73, 74, 96, 97, 122, 123, 124
1497, 1515, 1551, 10, 41, 50, 73, 74, 96, 97, 122, 123, 124, 125
1497, 1515, 1551, 10, 41, 50, 73, 74, 75, 76, 77, 78, 79, 102, 126
1497, 1496, 1516, 1550, 11, 39, 38, 37, 36, 35, 34, 33, 32, 31, 59, 81, 104, 127
1497, 1515, 1514, 1534, 1533, 1532, 1531, 1536, 1537, 2, 26, 63, 84, 83, 106, 105, 128
1497, 1515, 1551, 1552, 8, 44, 47, 68, 91, 90, 89, 109, 108, 110, 130, 129
1497, 1515, 1551, 1552, 8, 44, 47, 68, 91, 90, 89, 109, 108, 110, 130
1497, 1515, 1551, 10, 41, 50, 73, 95, 120, 131
1497, 1515, 1551, 10, 41, 50, 73, 95, 120, 131, 132
1497, 1515, 1551, 10, 42, 49, 72, 94, 118, 133
1497, 1515, 1551, 10, 42, 49, 72, 94, 118, 117, 134
1497, 1515, 1551, 1552, 8, 44, 46, 69, 92, 116, 135
1497, 1515, 1551, 1552, 8, 44, 46, 69, 92, 116, 136
1497, 1515, 1551, 1552, 8, 44, 46, 69, 92, 116, 136, 137
1497, 1515, 1551, 1552, 8, 44, 46, 69, 92, 116, 136, 137, 138
1497, 1515, 1551, 1552, 8, 44, 46, 69, 92, 116, 136, 137, 138, 139
1497, 1515, 1551, 1552, 8, 44, 46, 69, 92, 116, 136, 137, 138, 139, 140
1497, 1515, 1551, 1552, 8, 44, 46, 69, 92, 116, 136, 137, 138, 139, 140, 141
1497, 1515, 1551, 1552, 8, 44, 47, 68, 91, 90, 89, 109, 108, 110, 142
1497, 1515, 1551, 1552, 8, 44, 47, 68, 91, 90, 89, 109, 108, 110, 142, 143
1497, 1515, 1551, 1552, 8, 44, 47, 68, 91, 90, 89, 109, 108, 110, 142, 143, 144
1497, 1515, 1551, 1552, 8, 44, 47, 68, 91, 90, 89, 109, 108, 110, 130, 129, 145
1497, 1496, 1516, 1550, 11, 39, 38, 37, 36, 35, 34, 33, 32, 31, 59, 81, 104, 127, 146
1497, 1515, 1551, 10, 41, 50, 73, 74, 75, 76, 77, 78, 79, 102, 126, 147
1497, 1515, 1551, 10, 41, 50, 73, 74, 96, 97, 122, 123, 124, 149, 148
1497, 1515, 1551, 10, 41, 50, 73, 74, 96, 97, 122, 123, 124, 149
1497, 1515, 1551, 10, 41, 50, 73, 95, 120, 155, 154, 153, 152, 151, 150
1497, 1515, 1551, 10, 41, 50, 73, 95, 120, 155, 154, 153, 152, 151
1497, 1515, 1551, 10, 41, 50, 73, 95, 120, 155, 154, 153, 152
1497, 1515, 1551, 10, 41, 50, 73, 95, 120, 155, 154, 153
1497, 1515, 1551, 10, 41, 50, 73, 95, 120, 155, 154
1497, 1515, 1551, 10, 41, 50, 73, 95, 120, 155
1497, 1515, 1551, 1552, 8, 44, 46, 69, 92, 116, 136, 172, 173, 174, 175, 176, 177, 156
1497, 1515, 1551, 1552, 8, 44, 46, 69, 92, 116, 136, 172, 173, 174, 175, 176, 177, 156, 157
1497, 1515, 1551, 1552, 8, 44, 47, 68, 91, 90, 89, 109, 108, 110, 142, 143, 144, 158
1497, 1496, 1516, 1550, 11, 39, 38, 37, 36, 35, 34, 33, 32, 31, 59, 81, 104, 127, 146, 159
1497, 1515, 1551, 10, 41, 50, 73, 74, 75, 76, 77, 78, 79, 102, 126, 147, 160
1497, 1515, 1551, 10, 41, 50, 73, 74, 96, 97, 122, 123, 124, 149, 148, 161
1497, 1515, 1551, 10, 41, 50, 73, 95, 120, 155, 154, 153, 152, 165, 164, 163, 162
1497, 1515, 1551, 10, 41, 50, 73, 95, 120, 155, 154, 153, 152, 165, 164, 163
1497, 1515, 1551, 10, 41, 50, 73, 95, 120, 155, 154, 153, 152, 165, 164
1497, 1515, 1551, 10, 41, 50, 73, 95, 120, 155, 154, 153, 152, 165
1497, 1515, 1551, 10, 41, 50, 73, 95, 120, 155, 154, 153, 166
1497, 1515, 1551, 10, 41, 50, 73, 95, 120, 155, 167
1497, 1515, 1551, 10, 41, 50, 73, 95, 120, 155, 168
1497, 1515, 1551, 10, 41, 50, 73, 95, 120, 131, 169
1497, 1515, 1551, 10, 42, 49, 72, 94, 118, 117, 134, 170
1497, 1515, 1551, 10, 42, 49, 72, 94, 118, 117, 134, 170, 171
1497, 1515, 1551, 1552, 8, 44, 46, 69, 92, 116, 136, 172
1497, 1515, 1551, 1552, 8, 44, 46, 69, 92, 116, 136, 172, 173
1497, 1515, 1551, 1552, 8, 44, 46, 69, 92, 116, 136, 172, 173, 174
1497, 1515, 1551, 1552, 8, 44, 46, 69, 92, 116, 136, 172, 173, 174, 175
1497, 1515, 1551, 1552, 8, 44, 46, 69, 92, 116, 136, 172, 173, 174, 175, 176
1497, 1515, 1551, 1552, 8, 44, 46, 69, 92, 116, 136, 172, 173, 174, 175, 176, 177
1497, 1515, 1551, 10, 42, 49, 72, 94, 118, 117, 134, 170, 178
1497, 1515, 1551, 10, 42, 49, 72, 94, 118, 117, 134, 170, 171, 179
1497, 1515, 1551, 1552, 8, 44, 46, 69, 92, 116, 136, 172, 180
1497, 1515, 1551, 1552, 8, 44, 46, 69, 92, 116, 136, 172, 181
1497, 1515, 1551, 1552, 8, 44, 46, 69, 92, 116, 136, 172, 181, 182
1497, 1515, 1551, 1552, 8, 44, 46, 69, 92, 116, 136, 172, 181, 182, 183
1497, 1515, 1551, 1552, 8, 44, 46, 69, 92, 116, 136, 172, 181, 182, 183, 184
1497, 1515, 1551, 1552, 8, 44, 46, 69, 92, 116, 136, 172, 181, 182, 183, 184, 185
1497, 1515, 1551, 1552, 8, 44, 46, 69, 92, 116, 136, 172, 181, 182, 183, 184, 185, 186
1497, 1515, 1551, 1552, 8, 44, 46, 69, 92, 116, 136, 172, 181, 182, 183, 184, 185, 186, 187
1497, 1515, 1551, 1552, 8, 44, 46, 69, 92, 116, 136, 172, 181, 182, 183, 184, 185, 186, 187, 188
1497, 1515, 1551, 1552, 8, 44, 46, 69, 92, 116, 136, 172, 181, 182, 183, 184, 185, 186, 187, 188, 189
1497, 1515, 1551, 1552, 8, 44, 47, 68, 91, 90, 89, 109, 108, 110, 142, 143, 144, 158, 190
1497, 1515, 1551, 10, 41, 50, 73, 74, 75, 76, 77, 78, 79, 102, 126, 147, 160, 191
1497, 1515, 1551, 10, 41, 50, 73, 74, 96, 97, 122, 123, 124, 149, 148, 161, 192
1497, 1515, 1551, 10, 41, 50, 73, 95, 120, 155, 154, 153, 152, 165, 164, 163, 193
1497, 1515, 1551, 10, 41, 50, 73, 95, 120, 155, 154, 153, 152, 165, 164, 194
1497, 1515, 1551, 10, 41, 50, 73, 95, 120, 155, 167, 197, 196, 195
1497, 1515, 1551, 10, 41, 50, 73, 95, 120, 155, 167, 197, 196
1497, 1515, 1551, 10, 41, 50, 73, 95, 120, 155, 167, 197
1497, 1515, 1551, 10, 41, 50, 73, 95, 120, 131, 169, 198
1497, 1515, 1551, 10, 41, 50, 73, 95, 120, 155, 154, 153, 152, 165, 164, 163, 193, 199
