425, 400, 374, 350, 334, 323, 295, 269, 270, 254, 233, 219, 190, 158, 145, 128, 105, 106, 83, 84, 63, 26, 0
425, 400, 374, 350, 334, 323, 295, 269, 270, 254, 233, 219, 190, 158, 145, 128, 105, 106, 83, 84, 63, 26, 1
425, 400, 374, 350, 334, 323, 295, 269, 270, 254, 233, 219, 190, 158, 145, 128, 105, 106, 83, 84, 63, 26, 2
425, 400, 374, 350, 334, 323, 295, 269, 270, 254, 233, 219, 190, 158, 145, 128, 105, 106, 83, 84, 63, 26, 2, 3
425, 400, 374, 350, 334, 323, 295, 269, 270, 254, 233, 219, 190, 158, 145, 128, 105, 106, 83, 84, 63, 26, 2, 3, 4
425, 400, 374, 350, 334, 323, 295, 269, 270, 254, 233, 219, 190, 158, 145, 128, 105, 106, 83, 84, 63, 26, 2, 3, 4, 5
425, 400, 374, 351, 332, 331, 324, 293, 272, 273, 251, 250, 249, 248, 228, 227, 212, 181, 172, 136, 116, 92, 69, 47, 45, 6
425, 400, 374, 351, 332, 331, 324, 293, 272, 273, 251, 250, 249, 248, 228, 227, 212, 181, 172, 136, 116, 92, 69, 46, 44, 7
425, 400, 374, 351, 332, 331, 324, 293, 272, 273, 251, 250, 249, 248, 228, 227, 212, 181, 172, 136, 116, 92, 69, 46, 44, 8
425, 424, 401, 375, 371, 336, 320, 298, 267, 257, 237, 199, 193, 163, 164, 165, 152, 153, 154, 155, 120, 95, 94, 72, 49, 43, 9
425, 424, 401, 375, 371, 336, 320, 298, 267, 257, 237, 199, 193, 163, 164, 165, 152, 153, 154, 155, 120, 95, 73, 50, 41, 10
425, 424, 401, 375, 371, 336, 320, 298, 267, 257, 237, 199, 193, 163, 164, 165, 152, 122, 97, 96, 74, 51, 40, 11
425, 424, 401, 375, 371, 336, 320, 298, 267, 257, 237, 199, 193, 163, 164, 165, 152, 122, 98, 75, 54, 37, 12
425, 424, 401, 375, 371, 336, 320, 298, 267, 257, 237, 199, 193, 162, 149, 124, 100, 77, 56, 35, 36, 13
425, 424, 401, 375, 371, 336, 320, 298, 267, 257, 237, 199, 193, 162, 149, 124, 100, 77, 56, 35, 14
425, 400, 374, 350, 349, 335, 322, 296, 268, 256, 236, 221, 192, 161, 148, 125, 101, 78, 57, 33, 15
425, 400, 374, 350, 334, 323, 295, 269, 255, 235, 220, 191, 160, 147, 126, 103, 80, 58, 32, 16
425, 400, 374, 350, 334, 323, 295, 269, 270, 254, 233, 219, 190, 159, 146, 127, 104, 81, 59, 31, 17
425, 400, 374, 350, 334, 323, 295, 269, 270, 254, 233, 219, 190, 158, 145, 128, 105, 82, 60, 30, 18
425, 400, 374, 350, 334, 323, 295, 269, 270, 254, 233, 219, 190, 158, 145, 128, 105, 82, 60, 30, 19
425, 400, 374, 350, 334, 323, 295, 269, 270, 254, 233, 219, 190, 158, 145, 128, 105, 82, 60, 30, 19, 20
425, 400, 374, 350, 334, 323, 295, 269, 270, 254, 233, 219, 190, 158, 145, 128, 105, 82, 60, 30, 29, 28, 21
425, 400, 374, 350, 334, 323, 295, 269, 270, 254, 233, 219, 190, 158, 145, 128, 105, 106, 83, 84, 63, 26, 2, 3, 4, 5, 22
425, 400, 374, 350, 334, 323, 295, 269, 270, 254, 233, 219, 190, 158, 145, 128, 105, 106, 83, 84, 63, 26, 25, 24, 23
425, 400, 374, 350, 334, 323, 295, 269, 270, 254, 233, 219, 190, 158, 145, 128, 105, 106, 83, 84, 63, 26, 25, 24
425, 400, 374, 350, 334, 323, 295, 269, 270, 254, 233, 219, 190, 158, 145, 128, 105, 106, 83, 84, 63, 26, 25
425, 400, 374, 350, 334, 323, 295, 269, 270, 254, 233, 219, 190, 158, 145, 128, 105, 106, 83, 84, 63, 26
425, 400, 374, 350, 334, 323, 295, 269, 270, 254, 233, 219, 190, 158, 145, 128, 105, 82, 60, 30, 29, 28, 27
425, 400, 374, 350, 334, 323, 295, 269, 270, 254, 233, 219, 190, 158, 145, 128, 105, 82, 60, 30, 29, 28
425, 400, 374, 350, 334, 323, 295, 269, 270, 254, 233, 219, 190, 158, 145, 128, 105, 82, 60, 30, 29
425, 400, 374, 350, 334, 323, 295, 269, 270, 254, 233, 219, 190, 158, 145, 128, 105, 82, 60, 30
425, 400, 374, 350, 334, 323, 295, 269, 270, 254, 233, 219, 190, 159, 146, 127, 104, 81, 59, 31
425, 400, 374, 350, 334, 323, 295, 269, 255, 235, 220, 191, 160, 147, 126, 103, 80, 58, 32
425, 400, 374, 350, 349, 335, 322, 296, 268, 256, 236, 221, 192, 161, 148, 125, 101, 78, 57, 33
425, 400, 374, 350, 349, 335, 322, 296, 268, 256, 236, 221, 192, 161, 148, 125, 101, 78, 57, 34
425, 424, 401, 375, 371, 336, 320, 298, 267, 257, 237, 199, 193, 162, 149, 124, 100, 77, 56, 35
425, 424, 401, 375, 371, 336, 320, 298, 267, 257, 237, 199, 193, 162, 149, 124, 100, 77, 56, 35, 36
425, 424, 401, 375, 371, 336, 320, 298, 267, 257, 237, 199, 193, 163, 164, 165, 152, 122, 98, 75, 54, 37
425, 424, 401, 375, 371, 336, 320, 298, 267, 257, 237, 199, 193, 163, 164, 165, 152, 122, 98, 75, 54, 37, 38
425, 424, 401, 375, 371, 336, 320, 298, 267, 257, 237, 199, 193, 163, 164, 165, 152, 122, 97, 96, 74, 52, 39
425, 424, 401, 375, 371, 336, 320, 298, 267, 257, 237, 199, 193, 163, 164, 165, 152, 122, 97, 96, 74, 51, 40
425, 424, 401, 375, 371, 336, 320, 298, 267, 257, 237, 199, 193, 163, 164, 165, 152, 153, 154, 155, 120, 95, 73, 50, 41
425, 424, 401, 375, 371, 336, 320, 298, 267, 257, 237, 199, 193, 163, 164, 165, 152, 153, 154, 155, 120, 95, 73, 50, 41, 42
425, 424, 401, 375, 371, 336, 320, 298, 267, 257, 237, 199, 193, 163, 164, 165, 152, 153, 154, 155, 120, 95, 94, 72, 49, 43
425, 400, 374, 351, 332, 331, 324, 293, 272, 273, 251, 250, 249, 248, 228, 227, 212, 181, 172, 136, 116, 92, 69, 46, 44
425, 400, 374, 351, 332, 331, 324, 293, 272, 273, 251, 250, 249, 248, 228, 227, 212, 181, 172, 136, 116, 92, 69, 47, 45
425, 400, 374, 351, 332, 331, 324, 293, 272, 273, 251, 250, 249, 248, 228, 227, 212, 181, 172, 136, 116, 92, 69, 46
425, 400, 374, 351, 332, 331, 324, 293, 272, 273, 251, 250, 249, 248, 228, 227, 212, 181, 172, 136, 116, 92, 69, 47
425, 400, 374, 351, 332, 331, 324, 293, 272, 273, 251, 250, 249, 248, 228, 227, 212, 181, 172, 136, 116, 92, 69, 46, 44, 48
425, 424, 401, 375, 371, 336, 320, 298, 267, 257, 237, 199, 193, 163, 164, 165, 152, 153, 154, 155, 120, 95, 94, 72, 49
425, 424, 401, 375, 371, 336, 320, 298, 267, 257, 237, 199, 193, 163, 164, 165, 152, 153, 154, 155, 120, 95, 73, 50
425, 424, 401, 375, 371, 336, 320, 298, 267, 257, 237, 199, 193, 163, 164, 165, 152, 122, 97, 96, 74, 51
425, 424, 401, 375, 371, 336, 320, 298, 267, 257, 237, 199, 193, 163, 164, 165, 152, 122, 97, 96, 74, 52
425, 424, 401, 375, 371, 336, 320, 298, 267, 257, 237, 199, 193, 163, 164, 165, 152, 122, 97, 96, 74, 53
425, 424, 401, 375, 371, 336, 320, 298, 267, 257, 237, 199, 193, 163, 164, 165, 152, 122, 98, 75, 54
425, 424, 401, 375, 371, 336, 320, 298, 267, 257, 237, 199, 193, 162, 149, 124, 100, 77, 76, 55
425, 424, 401, 375, 371, 336, 320, 298, 267, 257, 237, 199, 193, 162, 149, 124, 100, 77, 56
425, 400, 374, 350, 349, 335, 322, 296, 268, 256, 236, 221, 192, 161, 148, 125, 101, 78, 57
425, 400, 374, 350, 334, 323, 295, 269, 255, 235, 220, 191, 160, 147, 126, 103, 80, 58
425, 400, 374, 350, 334, 323, 295, 269, 270, 254, 233, 219, 190, 159, 146, 127, 104, 81, 59
425, 400, 374, 350, 334, 323, 295, 269, 270, 254, 233, 219, 190, 158, 145, 128, 105, 82, 60
425, 400, 374, 350, 334, 323, 295, 269, 270, 254, 233, 219, 190, 158, 145, 128, 105, 82, 60, 61
425, 400, 374, 350, 334, 323, 295, 269, 270, 254, 233, 219, 190, 158, 145, 128, 105, 106, 83, 84, 62
425, 400, 374, 350, 334, 323, 295, 269, 270, 254, 233, 219, 190, 158, 145, 128, 105, 106, 83, 84, 63
425, 400, 374, 350, 334, 323, 295, 269, 270, 254, 233, 219, 190, 158, 144, 143, 142, 110, 108, 85, 64
425, 400, 374, 350, 334, 323, 295, 269, 270, 254, 233, 219, 190, 158, 144, 143, 142, 110, 108, 85, 64, 65
425, 400, 374, 350, 334, 323, 295, 269, 270, 254, 233, 219, 190, 158, 144, 143, 142, 110, 108, 85, 64, 65, 66
425, 400, 374, 350, 334, 323, 295, 269, 270, 254, 233, 219, 190, 158, 144, 143, 142, 110, 108, 85, 64, 65, 66, 67
425, 400, 374, 351, 332, 331, 324, 293, 272, 273, 251, 250, 249, 248, 228, 227, 212, 181, 172, 137, 115, 91, 68
425, 400, 374, 351, 332, 331, 324, 293, 272, 273, 251, 250, 249, 248, 228, 227, 212, 181, 172, 136, 116, 92, 69
425, 400, 374, 351, 332, 331, 324, 293, 272, 273, 251, 250, 249, 248, 228, 227, 212, 181, 172, 136, 116, 92, 69, 70
425, 400, 374, 351, 332, 331, 324, 293, 272, 273, 251, 250, 249, 248, 228, 227, 212, 181, 172, 136, 116, 92, 69, 70, 71
425, 424, 401, 375, 371, 336, 320, 298, 267, 257, 237, 199, 193, 163, 164, 165, 152, 153, 154, 155, 120, 95, 94, 72
425, 424, 401, 375, 371, 336, 320, 298, 267, 257, 237, 199, 193, 163, 164, 165, 152, 153, 154, 155, 120, 95, 73
425, 424, 401, 375, 371, 336, 320, 298, 267, 257, 237, 199, 193, 163, 164, 165, 152, 122, 97, 96, 74
425, 424, 401, 375, 371, 336, 320, 298, 267, 257, 237, 199, 193, 163, 164, 165, 152, 122, 98, 75
425, 424, 401, 375, 371, 336, 320, 298, 267, 257, 237, 199, 193, 162, 149, 124, 100, 77, 76
425, 424, 401, 375, 371, 336, 320, 298, 267, 257, 237, 199, 193, 162, 149, 124, 100, 77
425, 400, 374, 350, 349, 335, 322, 296, 268, 256, 236, 221, 192, 161, 148, 125, 101, 78
425, 400, 374, 350, 334, 323, 295, 269, 255, 235, 220, 191, 160, 147, 126, 102, 79
425, 400, 374, 350, 334, 323, 295, 269, 255, 235, 220, 191, 160, 147, 126, 103, 80
425, 400, 374, 350, 334, 323, 295, 269, 270, 254, 233, 219, 190, 159, 146, 127, 104, 81
425, 400, 374, 350, 334, 323, 295, 269, 270, 254, 233, 219, 190, 158, 145, 128, 105, 82
425, 400, 374, 350, 334, 323, 295, 269, 270, 254, 233, 219, 190, 158, 145, 128, 105, 106, 83
425, 400, 374, 350, 334, 323, 295, 269, 270, 254, 233, 219, 190, 158, 145, 128, 105, 106, 83, 84
425, 400, 374, 350, 334, 323, 295, 269, 270, 254, 233, 219, 190, 158, 144, 143, 142, 110, 108, 85
425, 400, 374, 350, 334, 323, 295, 269, 270, 254, 233, 219, 190, 158, 144, 143, 142, 110, 108, 85, 86
425, 400, 374, 350, 334, 323, 295, 269, 270, 254, 233, 219, 190, 158, 144, 143, 142, 110, 108, 85, 86, 87
425, 400, 374, 351, 332, 331, 324, 293, 272, 273, 251, 250, 249, 248, 228, 227, 212, 181, 172, 137, 115, 91, 88
425, 400, 374, 350, 334, 323, 295, 269, 270, 254, 233, 219, 190, 158, 144, 143, 142, 110, 108, 109, 89
425, 400, 374, 350, 334, 323, 295, 269, 270, 254, 233, 219, 190, 158, 144, 143, 142, 110, 108, 109, 89, 90
425, 400, 374, 351, 332, 331, 324, 293, 272, 273, 251, 250, 249, 248, 228, 227, 212, 181, 172, 137, 115, 91
425, 400, 374, 351, 332, 331, 324, 293, 272, 273, 251, 250, 249, 248, 228, 227, 212, 181, 172, 136, 116, 92
425, 400, 374, 351, 332, 331, 324, 293, 272, 273, 251, 250, 249, 248, 228, 227, 212, 181, 172, 136, 116, 92, 93
425, 424, 401, 375, 371, 336, 320, 298, 267, 257, 237, 199, 193, 163, 164, 165, 152, 153, 154, 155, 120, 95, 94
425, 424, 401, 375, 371, 336, 320, 298, 267, 257, 237, 199, 193, 163, 164, 165, 152, 153, 154, 155, 120, 95
425, 424, 401, 375, 371, 336, 320, 298, 267, 257, 237, 199, 193, 163, 164, 165, 152, 122, 97, 96
425, 424, 401, 375, 371, 336, 320, 298, 267, 257, 237, 199, 193, 163, 164, 165, 152, 122, 97
425, 424, 401, 375, 371, 336, 320, 298, 267, 257, 237, 199, 193, 163, 164, 165, 152, 122, 98
425, 424, 401, 375, 371, 336, 320, 298, 267, 257, 237, 199, 193, 163, 164, 151, 123, 99
425, 424, 401, 375, 371, 336, 320, 298, 267, 257, 237, 199, 193, 162, 149, 124, 100
425, 400, 374, 350, 349, 335, 322, 296, 268, 256, 236, 221, 192, 161, 148, 125, 101
425, 400, 374, 350, 334, 323, 295, 269, 255, 235, 220, 191, 160, 147, 126, 102
425, 400, 374, 350, 334, 323, 295, 269, 255, 235, 220, 191, 160, 147, 126, 103
425, 400, 374, 350, 334, 323, 295, 269, 270, 254, 233, 219, 190, 159, 146, 127, 104
425, 400, 374, 350, 334, 323, 295, 269, 270, 254, 233, 219, 190, 158, 145, 128, 105
425, 400, 374, 350, 334, 323, 295, 269, 270, 254, 233, 219, 190, 158, 145, 128, 105, 106
425, 400, 374, 350, 334, 323, 295, 269, 270, 254, 233, 219, 190, 158, 145, 128, 105, 106, 107
425, 400, 374, 350, 334, 323, 295, 269, 270, 254, 233, 219, 190, 158, 144, 143, 142, 110, 108
425, 400, 374, 350, 334, 323, 295, 269, 270, 254, 233, 219, 190, 158, 144, 143, 142, 110, 108, 109
425, 400, 374, 350, 334, 323, 295, 269, 270, 254, 233, 219, 190, 158, 144, 143, 142, 110
425, 400, 374, 350, 334, 323, 295, 269, 270, 254, 233, 219, 190, 158, 144, 143, 142, 110, 111
425, 400, 374, 350, 334, 323, 295, 269, 270, 254, 233, 219, 190, 158, 144, 143, 142, 110, 111, 112
425, 400, 374, 351, 332, 331, 324, 293, 271, 252, 232, 217, 216, 215, 184, 183, 175, 140, 113
425, 400, 374, 351, 332, 331, 324, 293, 271, 252, 232, 217, 216, 215, 184, 183, 175, 174, 139, 114
425, 400, 374, 351, 332, 331, 324, 293, 272, 273, 251, 250, 249, 248, 228, 227, 212, 181, 172, 137, 115
425, 400, 374, 351, 332, 331, 324, 293, 272, 273, 251, 250, 249, 248, 228, 227, 212, 181, 172, 136, 116
425, 424, 423, 422, 402, 376, 370, 337, 319, 299, 266, 259, 260, 240, 241, 242, 222, 223, 207, 178, 170, 134, 117
425, 424, 401, 375, 371, 336, 320, 298, 267, 257, 237, 199, 193, 163, 164, 165, 166, 167, 168, 169, 132, 133, 118
425, 424, 401, 375, 371, 336, 320, 298, 267, 257, 237, 199, 193, 163, 164, 165, 166, 167, 168, 169, 132, 119
425, 424, 401, 375, 371, 336, 320, 298, 267, 257, 237, 199, 193, 163, 164, 165, 152, 153, 154, 155, 120
425, 424, 401, 375, 371, 336, 320, 298, 267, 257, 237, 199, 193, 163, 164, 165, 152, 122, 121
425, 424, 401, 375, 371, 336, 320, 298, 267, 257, 237, 199, 193, 163, 164, 165, 152, 122
425, 424, 401, 375, 371, 336, 320, 298, 267, 257, 237, 199, 193, 163, 164, 151, 123
425, 424, 401, 375, 371, 336, 320, 298, 267, 257, 237, 199, 193, 162, 149, 124
425, 400, 374, 350, 349, 335, 322, 296, 268, 256, 236, 221, 192, 161, 148, 125
425, 400, 374, 350, 334, 323, 295, 269, 255, 235, 220, 191, 160, 147, 126
425, 400, 374, 350, 334, 323, 295, 269, 270, 254, 233, 219, 190, 159, 146, 127
425, 400, 374, 350, 334, 323, 295, 269, 270, 254, 233, 219, 190, 158, 145, 128
425, 400, 374, 350, 334, 323, 295, 269, 270, 254, 233, 219, 190, 158, 145, 129
425, 400, 374, 350, 334, 323, 295, 269, 270, 254, 233, 219, 190, 158, 145, 129, 130
425, 424, 401, 375, 371, 336, 320, 298, 267, 257, 237, 199, 193, 163, 164, 165, 152, 153, 154, 155, 131
425, 424, 401, 375, 371, 336, 320, 298, 267, 257, 237, 199, 193, 163, 164, 165, 166, 167, 168, 169, 132
425, 424, 401, 375, 371, 336, 320, 298, 267, 257, 237, 199, 193, 163, 164, 165, 166, 167, 168, 169, 132, 133
425, 424, 423, 422, 402, 376, 370, 337, 319, 299, 266, 259, 260, 240, 241, 242, 222, 223, 207, 178, 170, 134
425, 400, 374, 351, 332, 331, 324, 293, 272, 273, 251, 250, 249, 248, 228, 227, 212, 181, 172, 136, 135
425, 400, 374, 351, 332, 331, 324, 293, 272, 273, 251, 250, 249, 248, 228, 227, 212, 181, 172, 136
425, 400, 374, 351, 332, 331, 324, 293, 272, 273, 251, 250, 249, 248, 228, 227, 212, 181, 172, 137
425, 400, 374, 351, 332, 331, 324, 293, 271, 252, 232, 217, 216, 215, 184, 183, 175, 174, 139, 138
425, 400, 374, 351, 332, 331, 324, 293, 271, 252, 232, 217, 216, 215, 184, 183, 175, 174, 139
425, 400, 374, 351, 332, 331, 324, 293, 271, 252, 232, 217, 216, 215, 184, 183, 175, 140
425, 400, 374, 351, 332, 331, 324, 293, 271, 252, 232, 217, 187, 186, 177, 176, 141
425, 400, 374, 350, 334, 323, 295, 269, 270, 254, 233, 219, 190, 158, 144, 143, 142
425, 400, 374, 350, 334, 323, 295, 269, 270, 254, 233, 219, 190, 158, 144, 143
425, 400, 374, 350, 334, 323, 295, 269, 270, 254, 233, 219, 190, 158, 144
425, 400, 374, 350, 334, 323, 295, 269, 270, 254, 233, 219, 190, 158, 145
425, 400, 374, 350, 334, 323, 295, 269, 270, 254, 233, 219, 190, 159, 146
425, 400, 374, 350, 334, 323, 295, 269, 255, 235, 220, 191, 160, 147
425, 400, 374, 350, 349, 335, 322, 296, 268, 256, 236, 221, 192, 161, 148
425, 424, 401, 375, 371, 336, 320, 298, 267, 257, 237, 199, 193, 162, 149
425, 424, 401, 375, 371, 336, 320, 298, 267, 257, 237, 199, 193, 163, 150
425, 424, 401, 375, 371, 336, 320, 298, 267, 257, 237, 199, 193, 163, 164, 151
425, 424, 401, 375, 371, 336, 320, 298, 267, 257, 237, 199, 193, 163, 164, 165, 152
425, 424, 401, 375, 371, 336, 320, 298, 267, 257, 237, 199, 193, 163, 164, 165, 152, 153
425, 424, 401, 375, 371, 336, 320, 298, 267, 257, 237, 199, 193, 163, 164, 165, 152, 153, 154
425, 424, 401, 375, 371, 336, 320, 298, 267, 257, 237, 199, 193, 163, 164, 165, 152, 153, 154, 155
425, 400, 374, 351, 332, 331, 324, 293, 271, 252, 232, 217, 187, 156
425, 400, 374, 350, 334, 323, 295, 269, 270, 254, 233, 219, 190, 158, 157
425, 400, 374, 350, 334, 323, 295, 269, 270, 254, 233, 219, 190, 158
425, 400, 374, 350, 334, 323, 295, 269, 270, 254, 233, 219, 190, 159
425, 400, 374, 350, 334, 323, 295, 269, 255, 235, 220, 191, 160
425, 400, 374, 350, 349, 335, 322, 296, 268, 256, 236, 221, 192, 161
425, 424, 401, 375, 371, 336, 320, 298, 267, 257, 237, 199, 193, 162
425, 424, 401, 375, 371, 336, 320, 298, 267, 257, 237, 199, 193, 163
425, 424, 401, 375, 371, 336, 320, 298, 267, 257, 237, 199, 193, 163, 164
425, 424, 401, 375, 371, 336, 320, 298, 267, 257, 237, 199, 193, 163, 164, 165
425, 424, 401, 375, 371, 336, 320, 298, 267, 257, 237, 199, 193, 163, 164, 165, 166
425, 424, 401, 375, 371, 336, 320, 298, 267, 257, 237, 199, 193, 163, 164, 165, 166, 167
425, 424, 401, 375, 371, 336, 320, 298, 267, 257, 237, 199, 193, 163, 164, 165, 166, 167, 168
425, 424, 401, 375, 371, 336, 320, 298, 267, 257, 237, 199, 193, 163, 164, 165, 166, 167, 168, 169
425, 424, 423, 422, 402, 376, 370, 337, 319, 299, 266, 259, 260, 240, 241, 242, 222, 223, 207, 178, 170
425, 400, 374, 351, 332, 331, 324, 293, 272, 273, 251, 250, 249, 248, 228, 227, 226, 210, 179, 171
425, 400, 374, 351, 332, 331, 324, 293, 272, 273, 251, 250, 249, 248, 228, 227, 212, 181, 172
425, 400, 374, 351, 332, 331, 324, 293, 271, 252, 232, 217, 216, 215, 184, 183, 175, 174, 173
425, 400, 374, 351, 332, 331, 324, 293, 271, 252, 232, 217, 216, 215, 184, 183, 175, 174
425, 400, 374, 351, 332, 331, 324, 293, 271, 252, 232, 217, 216, 215, 184, 183, 175
425, 400, 374, 351, 332, 331, 324, 293, 271, 252, 232, 217, 187, 186, 177, 176
425, 400, 374, 351, 332, 331, 324, 293, 271, 252, 232, 217, 187, 186, 177
425, 424, 423, 422, 402, 376, 370, 337, 319, 299, 266, 259, 260, 240, 241, 242, 222, 223, 207, 178
425, 400, 374, 351, 332, 331, 324, 293, 272, 273, 251, 250, 249, 248, 228, 227, 226, 210, 179
425, 400, 374, 351, 332, 331, 324, 293, 272, 273, 251, 250, 249, 248, 228, 227, 212, 181, 180
425, 400, 374, 351, 332, 331, 324, 293, 272, 273, 251, 250, 249, 248, 228, 227, 212, 181
425, 400, 374, 351, 332, 331, 324, 293, 271, 252, 232, 217, 216, 215, 184, 183, 182
425, 400, 374, 351, 332, 331, 324, 293, 271, 252, 232, 217, 216, 215, 184, 183
425, 400, 374, 351, 332, 331, 324, 293, 271, 252, 232, 217, 216, 215, 184
425, 400, 374, 351, 332, 331, 324, 293, 271, 252, 232, 217, 216, 185
425, 400, 374, 351, 332, 331, 324, 293, 271, 252, 232, 217, 187, 186
425, 400, 374, 351, 332, 331, 324, 293, 271, 252, 232, 217, 187
425, 400, 374, 351, 332, 331, 324, 293, 271, 252, 232, 217, 188
425, 400, 374, 350, 334, 323, 295, 269, 270, 254, 233, 219, 190, 189
425, 400, 374, 350, 334, 323, 295, 269, 270, 254, 233, 219, 190
425, 400, 374, 350, 334, 323, 295, 269, 255, 235, 220, 191
425, 400, 374, 350, 349, 335, 322, 296, 268, 256, 236, 221, 192
425, 424, 401, 375, 371, 336, 320, 298, 267, 257, 237, 199, 193
425, 424, 401, 375, 371, 336, 320, 298, 267, 257, 237, 199, 193, 194
425, 424, 401, 375, 371, 336, 320, 298, 267, 257, 237, 199, 193, 194, 195
425, 424, 401, 375, 371, 336, 320, 298, 267, 257, 237, 199, 193, 194, 195, 196
425, 424, 401, 375, 371, 336, 320, 298, 267, 257, 237, 199, 193, 194, 195, 196, 197
425, 424, 401, 375, 371, 336, 320, 298, 267, 257, 237, 199, 193, 194, 195, 196, 197, 198
425, 424, 401, 375, 371, 336, 320, 298, 267, 257, 237, 199
