494, 466, 446, 423, 401, 375, 349, 335, 322, 296, 268, 255, 235, 234, 219, 190, 158, 145, 128, 105, 106, 83, 84, 63, 26, 0
494, 466, 446, 423, 401, 375, 349, 335, 322, 296, 268, 255, 235, 234, 219, 190, 158, 145, 128, 105, 106, 83, 84, 63, 26, 1
494, 466, 446, 423, 401, 375, 349, 335, 322, 296, 268, 255, 235, 234, 219, 190, 158, 145, 128, 105, 106, 83, 84, 63, 26, 2
494, 466, 446, 423, 401, 375, 349, 335, 322, 296, 268, 255, 235, 234, 219, 190, 158, 145, 128, 105, 106, 83, 84, 63, 26, 2, 3
494, 466, 446, 423, 401, 375, 349, 335, 322, 296, 268, 255, 235, 234, 219, 190, 158, 145, 128, 105, 106, 83, 84, 63, 26, 2, 3, 4
494, 466, 446, 423, 401, 375, 349, 335, 322, 296, 268, 255, 235, 234, 219, 190, 158, 145, 128, 105, 106, 83, 84, 63, 26, 2, 3, 4, 5
494, 493, 467, 445, 421, 403, 378, 369, 338, 318, 300, 265, 260, 240, 241, 242, 222, 223, 207, 178, 170, 134, 117, 93, 71, 48, 44, 7, 6
494, 493, 467, 445, 421, 403, 378, 369, 338, 318, 300, 265, 260, 240, 241, 242, 222, 223, 207, 178, 170, 134, 117, 93, 71, 48, 44, 7
494, 493, 467, 445, 421, 403, 378, 369, 338, 318, 300, 265, 260, 240, 203, 204, 196, 197, 167, 168, 169, 132, 133, 118, 94, 72, 49, 43, 9, 8
494, 493, 467, 445, 421, 403, 378, 369, 338, 318, 300, 265, 260, 240, 203, 204, 196, 197, 167, 168, 169, 132, 133, 118, 94, 72, 49, 43, 9
494, 493, 467, 445, 421, 403, 378, 369, 338, 318, 300, 265, 260, 240, 203, 204, 196, 197, 167, 155, 120, 95, 73, 50, 41, 10
494, 493, 467, 445, 421, 403, 378, 369, 338, 318, 300, 265, 260, 240, 203, 204, 196, 166, 153, 121, 96, 74, 51, 40, 11
494, 466, 446, 422, 402, 376, 370, 337, 319, 299, 266, 258, 238, 201, 194, 164, 165, 152, 122, 98, 75, 54, 37, 12
494, 466, 446, 422, 402, 376, 370, 337, 319, 299, 266, 258, 238, 201, 194, 164, 151, 123, 99, 76, 55, 36, 13
494, 466, 446, 422, 402, 376, 370, 337, 319, 299, 266, 258, 238, 201, 193, 162, 149, 124, 100, 77, 56, 35, 14
494, 466, 446, 422, 402, 376, 370, 337, 319, 299, 266, 258, 238, 201, 193, 162, 149, 148, 125, 101, 78, 57, 33, 15
494, 466, 446, 423, 401, 375, 349, 335, 322, 296, 268, 255, 235, 220, 191, 160, 147, 126, 103, 80, 58, 32, 16
494, 466, 446, 423, 401, 375, 349, 335, 322, 296, 268, 255, 235, 220, 191, 160, 147, 126, 103, 80, 58, 59, 31, 17
494, 466, 446, 423, 401, 375, 349, 335, 322, 296, 268, 255, 235, 234, 219, 190, 158, 145, 128, 105, 82, 60, 30, 18
494, 466, 446, 423, 401, 375, 349, 335, 322, 296, 268, 255, 235, 234, 219, 190, 158, 145, 128, 105, 82, 60, 30, 19
494, 466, 446, 423, 401, 375, 349, 335, 322, 296, 268, 255, 235, 234, 219, 190, 158, 145, 128, 105, 82, 60, 30, 19, 20
494, 466, 446, 423, 401, 375, 349, 335, 322, 296, 268, 255, 235, 234, 219, 190, 158, 145, 128, 105, 82, 60, 30, 29, 28, 21
494, 466, 446, 423, 401, 375, 349, 335, 322, 296, 268, 255, 235, 234, 219, 190, 158, 145, 128, 105, 106, 83, 84, 63, 26, 2, 3, 4, 5, 22
494, 466, 446, 423, 401, 375, 349, 335, 322, 296, 268, 255, 235, 234, 219, 190, 158, 145, 128, 105, 106, 83, 84, 63, 26, 25, 24, 23
494, 466, 446, 423, 401, 375, 349, 335, 322, 296, 268, 255, 235, 234, 219, 190, 158, 145, 128, 105, 106, 83, 84, 63, 26, 25, 24
494, 466, 446, 423, 401, 375, 349, 335, 322, 296, 268, 255, 235, 234, 219, 190, 158, 145, 128, 105, 106, 83, 84, 63, 26, 25
494, 466, 446, 423, 401, 375, 349, 335, 322, 296, 268, 255, 235, 234, 219, 190, 158, 145, 128, 105, 106, 83, 84, 63, 26
494, 466, 446, 423, 401, 375, 349, 335, 322, 296, 268, 255, 235, 234, 219, 190, 158, 145, 128, 105, 82, 60, 30, 29, 28, 27
494, 466, 446, 423, 401, 375, 349, 335, 322, 296, 268, 255, 235, 234, 219, 190, 158, 145, 128, 105, 82, 60, 30, 29, 28
494, 466, 446, 423, 401, 375, 349, 335, 322, 296, 268, 255, 235, 234, 219, 190, 158, 145, 128, 105, 82, 60, 30, 29
494, 466, 446, 423, 401, 375, 349, 335, 322, 296, 268, 255, 235, 234, 219, 190, 158, 145, 128, 105, 82, 60, 30
494, 466, 446, 423, 401, 375, 349, 335, 322, 296, 268, 255, 235, 220, 191, 160, 147, 126, 103, 80, 58, 59, 31
494, 466, 446, 423, 401, 375, 349, 335, 322, 296, 268, 255, 235, 220, 191, 160, 147, 126, 103, 80, 58, 32
494, 466, 446, 422, 402, 376, 370, 337, 319, 299, 266, 258, 238, 201, 193, 162, 149, 148, 125, 101, 78, 57, 33
494, 466, 446, 422, 402, 376, 370, 337, 319, 299, 266, 258, 238, 201, 193, 162, 149, 148, 125, 101, 78, 57, 34
494, 466, 446, 422, 402, 376, 370, 337, 319, 299, 266, 258, 238, 201, 193, 162, 149, 124, 100, 77, 56, 35
494, 466, 446, 422, 402, 376, 370, 337, 319, 299, 266, 258, 238, 201, 194, 164, 151, 123, 99, 76, 55, 36
494, 466, 446, 422, 402, 376, 370, 337, 319, 299, 266, 258, 238, 201, 194, 164, 165, 152, 122, 98, 75, 54, 37
494, 493, 467, 445, 421, 403, 378, 369, 338, 318, 300, 265, 260, 240, 203, 204, 196, 166, 153, 121, 96, 74, 53, 38
494, 493, 467, 445, 421, 403, 378, 369, 338, 318, 300, 265, 260, 240, 203, 204, 196, 166, 153, 121, 96, 74, 52, 39
494, 493, 467, 445, 421, 403, 378, 369, 338, 318, 300, 265, 260, 240, 203, 204, 196, 166, 153, 121, 96, 74, 51, 40
494, 493, 467, 445, 421, 403, 378, 369, 338, 318, 300, 265, 260, 240, 203, 204, 196, 197, 167, 155, 120, 95, 73, 50, 41
494, 493, 467, 445, 421, 403, 378, 369, 338, 318, 300, 265, 260, 240, 203, 204, 196, 197, 167, 155, 120, 95, 73, 50, 41, 42
494, 493, 467, 445, 421, 403, 378, 369, 338, 318, 300, 265, 260, 240, 203, 204, 196, 197, 167, 168, 169, 132, 133, 118, 94, 72, 49, 43
494, 493, 467, 445, 421, 403, 378, 369, 338, 318, 300, 265, 260, 240, 241, 242, 222, 223, 207, 178, 170, 134, 117, 93, 71, 48, 44
494, 493, 467, 445, 421, 403, 378, 369, 338, 318, 300, 265, 260, 240, 241, 242, 222, 223, 207, 178, 170, 134, 117, 93, 71, 48, 44, 45
494, 493, 467, 445, 421, 403, 378, 369, 338, 318, 300, 265, 260, 240, 241, 242, 222, 223, 207, 178, 170, 134, 117, 93, 71, 48, 44, 46
494, 493, 467, 445, 421, 403, 378, 369, 338, 318, 300, 265, 260, 240, 241, 242, 222, 223, 207, 178, 170, 134, 117, 93, 71, 48, 47
494, 493, 467, 445, 421, 403, 378, 369, 338, 318, 300, 265, 260, 240, 241, 242, 222, 223, 207, 178, 170, 134, 117, 93, 71, 48
494, 493, 467, 445, 421, 403, 378, 369, 338, 318, 300, 265, 260, 240, 203, 204, 196, 197, 167, 168, 169, 132, 133, 118, 94, 72, 49
494, 493, 467, 445, 421, 403, 378, 369, 338, 318, 300, 265, 260, 240, 203, 204, 196, 197, 167, 155, 120, 95, 73, 50
494, 493, 467, 445, 421, 403, 378, 369, 338, 318, 300, 265, 260, 240, 203, 204, 196, 166, 153, 121, 96, 74, 51
494, 493, 467, 445, 421, 403, 378, 369, 338, 318, 300, 265, 260, 240, 203, 204, 196, 166, 153, 121, 96, 74, 52
494, 493, 467, 445, 421, 403, 378, 369, 338, 318, 300, 265, 260, 240, 203, 204, 196, 166, 153, 121, 96, 74, 53
494, 466, 446, 422, 402, 376, 370, 337, 319, 299, 266, 258, 238, 201, 194, 164, 165, 152, 122, 98, 75, 54
494, 466, 446, 422, 402, 376, 370, 337, 319, 299, 266, 258, 238, 201, 194, 164, 151, 123, 99, 76, 55
494, 466, 446, 422, 402, 376, 370, 337, 319, 299, 266, 258, 238, 201, 193, 162, 149, 124, 100, 77, 56
494, 466, 446, 422, 402, 376, 370, 337, 319, 299, 266, 258, 238, 201, 193, 162, 149, 148, 125, 101, 78, 57
494, 466, 446, 423, 401, 375, 349, 335, 322, 296, 268, 255, 235, 220, 191, 160, 147, 126, 103, 80, 58
494, 466, 446, 423, 401, 375, 349, 335, 322, 296, 268, 255, 235, 220, 191, 160, 147, 126, 103, 80, 58, 59
494, 466, 446, 423, 401, 375, 349, 335, 322, 296, 268, 255, 235, 234, 219, 190, 158, 145, 128, 105, 82, 60
494, 466, 446, 423, 401, 375, 349, 335, 322, 296, 268, 255, 235, 234, 219, 190, 158, 145, 128, 105, 82, 60, 61
494, 466, 446, 423, 401, 375, 349, 335, 322, 296, 268, 255, 235, 234, 219, 190, 158, 145, 128, 105, 106, 83, 84, 62
494, 466, 446, 423, 401, 375, 349, 335, 322, 296, 268, 255, 235, 234, 219, 190, 158, 145, 128, 105, 106, 83, 84, 63
494, 466, 446, 423, 401, 375, 349, 335, 322, 296, 268, 255, 235, 234, 219, 190, 158, 144, 143, 142, 110, 108, 85, 64
494, 466, 446, 423, 401, 375, 349, 335, 322, 296, 268, 255, 235, 234, 219, 190, 158, 144, 143, 142, 110, 108, 85, 64, 65
494, 466, 446, 423, 401, 375, 349, 335, 322, 296, 268, 255, 235, 234, 219, 190, 158, 144, 143, 142, 110, 108, 85, 64, 65, 66
494, 466, 446, 423, 401, 375, 349, 335, 322, 296, 268, 255, 235, 234, 219, 190, 158, 144, 143, 142, 110, 108, 85, 64, 65, 66, 67
494, 493, 467, 445, 421, 403, 378, 369, 338, 318, 300, 265, 260, 240, 241, 242, 222, 223, 224, 225, 208, 179, 171, 135, 116, 92, 69, 68
494, 493, 467, 445, 421, 403, 378, 369, 338, 318, 300, 265, 260, 240, 241, 242, 222, 223, 224, 225, 208, 179, 171, 135, 116, 92, 69
494, 493, 467, 445, 421, 403, 378, 369, 338, 318, 300, 265, 260, 240, 241, 242, 222, 223, 207, 178, 170, 134, 117, 93, 70
494, 493, 467, 445, 421, 403, 378, 369, 338, 318, 300, 265, 260, 240, 241, 242, 222, 223, 207, 178, 170, 134, 117, 93, 71
494, 493, 467, 445, 421, 403, 378, 369, 338, 318, 300, 265, 260, 240, 203, 204, 196, 197, 167, 168, 169, 132, 133, 118, 94, 72
494, 493, 467, 445, 421, 403, 378, 369, 338, 318, 300, 265, 260, 240, 203, 204, 196, 197, 167, 155, 120, 95, 73
494, 493, 467, 445, 421, 403, 378, 369, 338, 318, 300, 265, 260, 240, 203, 204, 196, 166, 153, 121, 96, 74
494, 466, 446, 422, 402, 376, 370, 337, 319, 299, 266, 258, 238, 201, 194, 164, 165, 152, 122, 98, 75
494, 466, 446, 422, 402, 376, 370, 337, 319, 299, 266, 258, 238, 201, 194, 164, 151, 123, 99, 76
494, 466, 446, 422, 402, 376, 370, 337, 319, 299, 266, 258, 238, 201, 193, 162, 149, 124, 100, 77
494, 466, 446, 422, 402, 376, 370, 337, 319, 299, 266, 258, 238, 201, 193, 162, 149, 148, 125, 101, 78
494, 466, 446, 423, 401, 375, 349, 335, 322, 296, 268, 255, 235, 220, 191, 160, 147, 126, 102, 79
494, 466, 446, 423, 401, 375, 349, 335, 322, 296, 268, 255, 235, 220, 191, 160, 147, 126, 103, 80
494, 466, 446, 423, 401, 375, 349, 335, 322, 296, 268, 255, 235, 234, 219, 190, 159, 146, 127, 104, 81
494, 466, 446, 423, 401, 375, 349, 335, 322, 296, 268, 255, 235, 234, 219, 190, 158, 145, 128, 105, 82
494, 466, 446, 423, 401, 375, 349, 335, 322, 296, 268, 255, 235, 234, 219, 190, 158, 145, 128, 105, 106, 83
494, 466, 446, 423, 401, 375, 349, 335, 322, 296, 268, 255, 235, 234, 219, 190, 158, 145, 128, 105, 106, 83, 84
494, 466, 446, 423, 401, 375, 349, 335, 322, 296, 268, 255, 235, 234, 219, 190, 158, 144, 143, 142, 110, 108, 85
494, 466, 446, 423, 401, 375, 349, 335, 322, 296, 268, 255, 235, 234, 219, 190, 158, 144, 143, 142, 110, 108, 85, 86
494, 466, 446, 423, 401, 375, 349, 335, 322, 296, 268, 255, 235, 234, 219, 190, 158, 144, 143, 142, 110, 108, 85, 86, 87
494, 495, 465, 464, 450, 426, 427, 397, 392, 353, 354, 355, 356, 348, 347, 307, 288, 277, 246, 227, 212, 181, 172, 137, 115, 91, 88
494, 466, 446, 423, 401, 375, 349, 335, 322, 296, 268, 255, 235, 234, 219, 190, 158, 144, 143, 142, 110, 108, 109, 89
494, 466, 446, 423, 401, 375, 349, 335, 322, 296, 268, 255, 235, 234, 219, 190, 158, 144, 143, 142, 110, 108, 109, 89, 90
494, 495, 465, 464, 450, 426, 427, 397, 392, 353, 354, 355, 356, 348, 347, 307, 288, 277, 246, 227, 212, 181, 172, 137, 115, 91
494, 493, 467, 445, 421, 403, 378, 369, 338, 318, 300, 265, 260, 240, 241, 242, 222, 223, 224, 225, 208, 179, 171, 135, 116, 92
494, 493, 467, 445, 421, 403, 378, 369, 338, 318, 300, 265, 260, 240, 241, 242, 222, 223, 207, 178, 170, 134, 117, 93
494, 493, 467, 445, 421, 403, 378, 369, 338, 318, 300, 265, 260, 240, 203, 204, 196, 197, 167, 168, 169, 132, 133, 118, 94
494, 493, 467, 445, 421, 403, 378, 369, 338, 318, 300, 265, 260, 240, 203, 204, 196, 197, 167, 155, 120, 95
494, 493, 467, 445, 421, 403, 378, 369, 338, 318, 300, 265, 260, 240, 203, 204, 196, 166, 153, 121, 96
494, 466, 446, 422, 402, 376, 370, 337, 319, 299, 266, 258, 238, 201, 194, 164, 165, 152, 122, 97
494, 466, 446, 422, 402, 376, 370, 337, 319, 299, 266, 258, 238, 201, 194, 164, 165, 152, 122, 98
494, 466, 446, 422, 402, 376, 370, 337, 319, 299, 266, 258, 238, 201, 194, 164, 151, 123, 99
494, 466, 446, 422, 402, 376, 370, 337, 319, 299, 266, 258, 238, 201, 193, 162, 149, 124, 100
494, 466, 446, 422, 402, 376, 370, 337, 319, 299, 266, 258, 238, 201, 193, 162, 149, 148, 125, 101
494, 466, 446, 423, 401, 375, 349, 335, 322, 296, 268, 255, 235, 220, 191, 160, 147, 126, 102
494, 466, 446, 423, 401, 375, 349, 335, 322, 296, 268, 255, 235, 220, 191, 160, 147, 126, 103
494, 466, 446, 423, 401, 375, 349, 335, 322, 296, 268, 255, 235, 234, 219, 190, 159, 146, 127, 104
494, 466, 446, 423, 401, 375, 349, 335, 322, 296, 268, 255, 235, 234, 219, 190, 158, 145, 128, 105
494, 466, 446, 423, 401, 375, 349, 335, 322, 296, 268, 255, 235, 234, 219, 190, 158, 145, 128, 105, 106
494, 466, 446, 423, 401, 375, 349, 335, 322, 296, 268, 255, 235, 234, 219, 190, 158, 145, 128, 105, 106, 107
494, 466, 446, 423, 401, 375, 349, 335, 322, 296, 268, 255, 235, 234, 219, 190, 158, 144, 143, 142, 110, 108
494, 466, 446, 423, 401, 375, 349, 335, 322, 296, 268, 255, 235, 234, 219, 190, 158, 144, 143, 142, 110, 108, 109
494, 466, 446, 423, 401, 375, 349, 335, 322, 296, 268, 255, 235, 234, 219, 190, 158, 144, 143, 142, 110
494, 466, 446, 423, 401, 375, 349, 335, 322, 296, 268, 255, 235, 234, 219, 190, 158, 144, 143, 142, 110, 111
494, 466, 446, 423, 401, 375, 349, 335, 322, 296, 268, 255, 235, 234, 219, 190, 158, 144, 143, 142, 110, 111, 112
494, 466, 446, 423, 401, 375, 349, 335, 322, 296, 268, 255, 235, 234, 219, 190, 158, 144, 143, 142, 110, 111, 112, 113
494, 495, 465, 448, 425, 400, 374, 351, 332, 331, 324, 293, 271, 252, 232, 217, 216, 215, 184, 183, 175, 174, 139, 114
494, 495, 465, 464, 450, 426, 427, 397, 392, 353, 354, 355, 356, 348, 347, 307, 288, 277, 246, 227, 212, 181, 172, 137, 115
494, 493, 467, 445, 421, 403, 378, 369, 338, 318, 300, 265, 260, 240, 241, 242, 222, 223, 224, 225, 208, 179, 171, 135, 116
494, 493, 467, 445, 421, 403, 378, 369, 338, 318, 300, 265, 260, 240, 241, 242, 222, 223, 207, 178, 170, 134, 117
494, 493, 467, 445, 421, 403, 378, 369, 338, 318, 300, 265, 260, 240, 203, 204, 196, 197, 167, 168, 169, 132, 133, 118
494, 493, 467, 445, 421, 403, 378, 369, 338, 318, 300, 265, 260, 240, 203, 204, 196, 197, 167, 168, 169, 132, 119
494, 493, 467, 445, 421, 403, 378, 369, 338, 318, 300, 265, 260, 240, 203, 204, 196, 197, 167, 155, 120
494, 493, 467, 445, 421, 403, 378, 369, 338, 318, 300, 265, 260, 240, 203, 204, 196, 166, 153, 121
494, 466, 446, 422, 402, 376, 370, 337, 319, 299, 266, 258, 238, 201, 194, 164, 165, 152, 122
494, 466, 446, 422, 402, 376, 370, 337, 319, 299, 266, 258, 238, 201, 194, 164, 151, 123
494, 466, 446, 422, 402, 376, 370, 337, 319, 299, 266, 258, 238, 201, 193, 162, 149, 124
494, 466, 446, 422, 402, 376, 370, 337, 319, 299, 266, 258, 238, 201, 193, 162, 149, 148, 125
494, 466, 446, 423, 401, 375, 349, 335, 322, 296, 268, 255, 235, 220, 191, 160, 147, 126
494, 466, 446, 423, 401, 375, 349, 335, 322, 296, 268, 255, 235, 234, 219, 190, 159, 146, 127
494, 466, 446, 423, 401, 375, 349, 335, 322, 296, 268, 255, 235, 234, 219, 190, 158, 145, 128
494, 466, 446, 423, 401, 375, 349, 335, 322, 296, 268, 255, 235, 234, 219, 190, 158, 145, 129
494, 466, 446, 423, 401, 375, 349, 335, 322, 296, 268, 255, 235, 234, 219, 190, 158, 145, 129, 130
494, 493, 467, 445, 421, 403, 378, 369, 338, 318, 300, 265, 260, 240, 203, 204, 196, 197, 167, 168, 169, 131
494, 493, 467, 445, 421, 403, 378, 369, 338, 318, 300, 265, 260, 240, 203, 204, 196, 197, 167, 168, 169, 132
494, 493, 467, 445, 421, 403, 378, 369, 338, 318, 300, 265, 260, 240, 203, 204, 196, 197, 167, 168, 169, 132, 133
494, 493, 467, 445, 421, 403, 378, 369, 338, 318, 300, 265, 260, 240, 241, 242, 222, 223, 207, 178, 170, 134
494, 493, 467, 445, 421, 403, 378, 369, 338, 318, 300, 265, 260, 240, 241, 242, 222, 223, 224, 225, 208, 179, 171, 135
494, 493, 467, 445, 421, 403, 378, 369, 338, 318, 300, 265, 260, 240, 241, 242, 222, 223, 224, 225, 208, 179, 171, 135, 136
494, 495, 465, 464, 450, 426, 427, 397, 392, 353, 354, 355, 356, 348, 347, 307, 288, 277, 246, 227, 212, 181, 172, 137
494, 495, 465, 448, 425, 400, 374, 351, 332, 331, 324, 293, 271, 252, 232, 217, 216, 215, 184, 183, 175, 174, 139, 138
494, 495, 465, 448, 425, 400, 374, 351, 332, 331, 324, 293, 271, 252, 232, 217, 216, 215, 184, 183, 175, 174, 139
494, 495, 465, 448, 425, 400, 374, 351, 332, 331, 324, 293, 271, 252, 232, 217, 216, 215, 184, 183, 175, 140
494, 466, 446, 423, 401, 375, 349, 335, 322, 296, 268, 255, 235, 234, 219, 190, 158, 144, 143, 142, 141
494, 466, 446, 423, 401, 375, 349, 335, 322, 296, 268, 255, 235, 234, 219, 190, 158, 144, 143, 142
494, 466, 446, 423, 401, 375, 349, 335, 322, 296, 268, 255, 235, 234, 219, 190, 158, 144, 143
494, 466, 446, 423, 401, 375, 349, 335, 322, 296, 268, 255, 235, 234, 219, 190, 158, 144
494, 466, 446, 423, 401, 375, 349, 335, 322, 296, 268, 255, 235, 234, 219, 190, 158, 145
494, 466, 446, 423, 401, 375, 349, 335, 322, 296, 268, 255, 235, 234, 219, 190, 159, 146
494, 466, 446, 423, 401, 375, 349, 335, 322, 296, 268, 255, 235, 220, 191, 160, 147
494, 466, 446, 422, 402, 376, 370, 337, 319, 299, 266, 258, 238, 201, 193, 162, 149, 148
494, 466, 446, 422, 402, 376, 370, 337, 319, 299, 266, 258, 238, 201, 193, 162, 149
494, 466, 446, 422, 402, 376, 370, 337, 319, 299, 266, 258, 238, 201, 193, 163, 150
494, 466, 446, 422, 402, 376, 370, 337, 319, 299, 266, 258, 238, 201, 194, 164, 151
494, 466, 446, 422, 402, 376, 370, 337, 319, 299, 266, 258, 238, 201, 194, 164, 165, 152
494, 493, 467, 445, 421, 403, 378, 369, 338, 318, 300, 265, 260, 240, 203, 204, 196, 166, 153
494, 493, 467, 445, 421, 403, 378, 369, 338, 318, 300, 265, 260, 240, 203, 204, 196, 166, 153, 154
494, 493, 467, 445, 421, 403, 378, 369, 338, 318, 300, 265, 260, 240, 203, 204, 196, 197, 167, 155
494, 466, 446, 423, 401, 375, 349, 335, 322, 296, 268, 255, 235, 234, 219, 190, 158, 157, 156
494, 466, 446, 423, 401, 375, 349, 335, 322, 296, 268, 255, 235, 234, 219, 190, 158, 157
494, 466, 446, 423, 401, 375, 349, 335, 322, 296, 268, 255, 235, 234, 219, 190, 158
494, 466, 446, 423, 401, 375, 349, 335, 322, 296, 268, 255, 235, 234, 219, 190, 159
494, 466, 446, 423, 401, 375, 349, 335, 322, 296, 268, 255, 235, 220, 191, 160
494, 466, 446, 423, 401, 375, 349, 335, 322, 296, 268, 256, 236, 221, 192, 161
494, 466, 446, 422, 402, 376, 370, 337, 319, 299, 266, 258, 238, 201, 193, 162
494, 466, 446, 422, 402, 376, 370, 337, 319, 299, 266, 258, 238, 201, 193, 163
494, 466, 446, 422, 402, 376, 370, 337, 319, 299, 266, 258, 238, 201, 194, 164
494, 466, 446, 422, 402, 376, 370, 337, 319, 299, 266, 258, 238, 201, 194, 164, 165
494, 493, 467, 445, 421, 403, 378, 369, 338, 318, 300, 265, 260, 240, 203, 204, 196, 166
494, 493, 467, 445, 421, 403, 378, 369, 338, 318, 300, 265, 260, 240, 203, 204, 196, 197, 167
494, 493, 467, 445, 421, 403, 378, 369, 338, 318, 300, 265, 260, 240, 203, 204, 196, 197, 167, 168
494, 493, 467, 445, 421, 403, 378, 369, 338, 318, 300, 265, 260, 240, 203, 204, 196, 197, 167, 168, 169
494, 493, 467, 445, 421, 403, 378, 369, 338, 318, 300, 265, 260, 240, 241, 242, 222, 223, 207, 178, 170
494, 493, 467, 445, 421, 403, 378, 369, 338, 318, 300, 265, 260, 240, 241, 242, 222, 223, 224, 225, 208, 179, 171
494, 495, 465, 464, 450, 426, 427, 397, 392, 353, 354, 355, 356, 348, 347, 307, 288, 277, 246, 227, 212, 181, 172
494, 495, 465, 448, 425, 400, 374, 351, 332, 331, 324, 293, 271, 252, 232, 217, 216, 215, 184, 183, 175, 174, 173
494, 495, 465, 448, 425, 400, 374, 351, 332, 331, 324, 293, 271, 252, 232, 217, 216, 215, 184, 183, 175, 174
494, 495, 465, 448, 425, 400, 374, 351, 332, 331, 324, 293, 271, 252, 232, 217, 216, 215, 184, 183, 175
494, 495, 465, 448, 425, 400, 374, 351, 332, 331, 324, 293, 271, 252, 232, 217, 187, 186, 177, 176
494, 495, 465, 448, 425, 400, 374, 351, 332, 331, 324, 293, 271, 252, 232, 217, 187, 186, 177
494, 493, 467, 445, 421, 403, 378, 369, 338, 318, 300, 265, 260, 240, 241, 242, 222, 223, 207, 178
494, 493, 467, 445, 421, 403, 378, 369, 338, 318, 300, 265, 260, 240, 241, 242, 222, 223, 224, 225, 208, 179
494, 495, 465, 464, 450, 426, 427, 397, 392, 353, 354, 355, 356, 348, 347, 307, 288, 277, 246, 227, 212, 181, 180
494, 495, 465, 464, 450, 426, 427, 397, 392, 353, 354, 355, 356, 348, 347, 307, 288, 277, 246, 227, 212, 181
494, 495, 465, 464, 450, 426, 427, 397, 392, 353, 354, 355, 356, 348, 347, 307, 288, 277, 246, 227, 212, 182
494, 495, 465, 448, 425, 400, 374, 351, 332, 331, 324, 293, 271, 252, 232, 217, 216, 215, 184, 183
494, 495, 465, 448, 425, 400, 374, 351, 332, 331, 324, 293, 271, 252, 232, 217, 216, 215, 184
494, 495, 465, 448, 425, 400, 374, 351, 332, 331, 324, 293, 271, 252, 232, 217, 216, 185
494, 495, 465, 448, 425, 400, 374, 351, 332, 331, 324, 293, 271, 252, 232, 217, 187, 186
494, 495, 465, 448, 425, 400, 374, 351, 332, 331, 324, 293, 271, 252, 232, 217, 187
494, 495, 465, 448, 425, 400, 374, 351, 332, 331, 324, 293, 271, 252, 232, 217, 188
494, 466, 446, 423, 401, 375, 349, 335, 322, 296, 268, 255, 235, 234, 219, 190, 189
494, 466, 446, 423, 401, 375, 349, 335, 322, 296, 268, 255, 235, 234, 219, 190
494, 466, 446, 423, 401, 375, 349, 335, 322, 296, 268, 255, 235, 220, 191
494, 466, 446, 423, 401, 375, 349, 335, 322, 296, 268, 256, 236, 221, 192
494, 466, 446, 422, 402, 376, 370, 337, 319, 299, 266, 258, 238, 201, 193
494, 466, 446, 422, 402, 376, 370, 337, 319, 299, 266, 258, 238, 201, 194
494, 493, 467, 445, 421, 403, 378, 369, 338, 318, 300, 265, 260, 239, 202, 195
494, 493, 467, 445, 421, 403, 378, 369, 338, 318, 300, 265, 260, 240, 203, 204, 196
494, 493, 467, 445, 421, 403, 378, 369, 338, 318, 300, 265, 260, 240, 203, 204, 196, 197
494, 493, 467, 445, 421, 403, 378, 369, 338, 318, 300, 265, 260, 240, 203, 204, 196, 197, 198
494, 466, 446, 423, 401, 375, 371, 336, 320, 298, 267, 257, 237, 199
