727, 699, 688, 658, 637, 621, 598, 580, 562, 535, 518, 502, 479, 457, 433, 415, 389, 357, 348, 306, 290, 275, 249, 229, 214, 184, 176, 141, 111, 109, 85, 64, 26, 0
727, 699, 688, 658, 637, 621, 598, 580, 562, 535, 518, 502, 479, 457, 433, 415, 389, 357, 348, 306, 290, 275, 249, 229, 214, 184, 176, 141, 111, 109, 85, 64, 26, 1
727, 699, 688, 658, 637, 621, 598, 580, 562, 535, 518, 502, 479, 457, 433, 415, 389, 357, 348, 306, 289, 276, 247, 228, 213, 183, 175, 140, 113, 89, 86, 65, 25, 3, 2
727, 699, 688, 658, 637, 621, 598, 580, 562, 535, 518, 502, 479, 457, 433, 415, 389, 357, 348, 306, 289, 276, 247, 228, 213, 183, 175, 140, 113, 89, 86, 65, 25, 3
727, 699, 688, 658, 637, 621, 598, 580, 562, 535, 518, 502, 479, 457, 433, 415, 389, 388, 358, 347, 307, 288, 277, 246, 227, 212, 182, 173, 139, 114, 90, 87, 66, 24, 4
727, 699, 688, 658, 637, 621, 598, 580, 562, 535, 518, 502, 479, 457, 433, 415, 389, 388, 358, 347, 307, 288, 277, 246, 227, 212, 181, 172, 137, 115, 91, 88, 67, 23, 5
727, 699, 688, 658, 637, 621, 598, 580, 562, 535, 518, 502, 479, 457, 433, 415, 389, 388, 358, 347, 307, 288, 277, 246, 227, 212, 181, 172, 136, 116, 92, 69, 47, 45, 6
727, 699, 688, 658, 637, 621, 598, 580, 562, 535, 518, 502, 479, 457, 433, 415, 389, 388, 358, 347, 307, 288, 277, 246, 227, 212, 181, 172, 136, 116, 92, 69, 46, 44, 7
727, 699, 688, 658, 637, 621, 598, 580, 562, 535, 518, 502, 479, 457, 433, 415, 389, 388, 358, 347, 307, 288, 277, 246, 227, 212, 181, 172, 136, 116, 92, 69, 46, 44, 8
727, 699, 688, 658, 637, 621, 598, 580, 562, 535, 518, 502, 479, 457, 433, 415, 389, 388, 358, 347, 307, 288, 277, 246, 227, 212, 181, 172, 136, 116, 92, 69, 46, 44, 8, 9
727, 699, 688, 658, 637, 621, 598, 580, 562, 535, 518, 502, 479, 457, 458, 434, 413, 412, 385, 361, 344, 310, 305, 279, 243, 224, 207, 178, 170, 134, 117, 118, 94, 72, 49, 42, 10
727, 699, 688, 658, 637, 621, 598, 580, 562, 535, 518, 502, 479, 457, 458, 434, 413, 412, 385, 361, 344, 310, 305, 279, 243, 224, 207, 178, 170, 134, 117, 118, 94, 72, 49, 42, 10, 11
727, 699, 688, 658, 637, 621, 598, 580, 562, 535, 518, 502, 479, 457, 458, 434, 413, 412, 385, 361, 362, 343, 311, 304, 281, 263, 222, 206, 198, 167, 154, 121, 96, 74, 53, 38, 12
727, 699, 688, 658, 637, 621, 598, 580, 562, 535, 518, 502, 479, 457, 458, 434, 413, 412, 385, 361, 362, 343, 311, 304, 281, 263, 222, 206, 198, 167, 154, 121, 96, 74, 53, 38, 12, 13
727, 699, 688, 658, 637, 621, 598, 580, 562, 535, 518, 502, 479, 457, 458, 434, 413, 412, 385, 361, 362, 343, 311, 304, 281, 263, 222, 206, 198, 167, 154, 121, 96, 74, 53, 38, 12, 13, 14
727, 699, 688, 687, 657, 636, 620, 600, 582, 561, 536, 517, 501, 481, 454, 430, 395, 391, 354, 329, 326, 325, 324, 294, 270, 269, 268, 256, 236, 221, 192, 161, 148, 125, 101, 78, 57, 33, 15
727, 699, 688, 687, 657, 636, 620, 600, 582, 561, 536, 517, 501, 481, 454, 430, 395, 391, 354, 329, 326, 325, 324, 294, 270, 254, 233, 219, 190, 159, 146, 127, 104, 81, 59, 31, 17, 16
727, 699, 688, 687, 657, 636, 620, 600, 582, 561, 536, 517, 501, 481, 454, 430, 395, 391, 354, 329, 326, 325, 324, 294, 270, 254, 233, 219, 190, 159, 146, 127, 104, 81, 59, 31, 17
727, 699, 688, 687, 657, 636, 620, 600, 582, 561, 536, 517, 501, 481, 454, 430, 395, 391, 354, 329, 326, 325, 293, 271, 252, 232, 218, 189, 157, 144, 129, 105, 82, 60, 30, 18
727, 699, 688, 687, 657, 636, 620, 600, 582, 561, 536, 517, 501, 481, 454, 430, 395, 391, 354, 329, 326, 325, 293, 271, 252, 232, 218, 189, 157, 144, 129, 105, 82, 60, 30, 19
727, 699, 688, 687, 657, 636, 620, 600, 582, 561, 536, 517, 501, 481, 454, 430, 395, 391, 354, 329, 326, 292, 273, 251, 231, 217, 187, 156, 143, 130, 106, 83, 61, 29, 20
727, 699, 688, 658, 637, 621, 598, 580, 562, 535, 518, 502, 479, 457, 433, 415, 389, 357, 348, 306, 290, 275, 249, 229, 215, 216, 185, 177, 142, 110, 107, 84, 62, 27, 21
727, 699, 688, 658, 637, 621, 598, 580, 562, 535, 518, 502, 479, 457, 433, 415, 389, 388, 358, 347, 307, 288, 277, 246, 227, 212, 181, 172, 137, 115, 91, 88, 67, 22
727, 699, 688, 658, 637, 621, 598, 580, 562, 535, 518, 502, 479, 457, 433, 415, 389, 388, 358, 347, 307, 288, 277, 246, 227, 212, 181, 172, 137, 115, 91, 88, 67, 23
727, 699, 688, 658, 637, 621, 598, 580, 562, 535, 518, 502, 479, 457, 433, 415, 389, 388, 358, 347, 307, 288, 277, 246, 227, 212, 182, 173, 139, 114, 90, 87, 66, 24
727, 699, 688, 658, 637, 621, 598, 580, 562, 535, 518, 502, 479, 457, 433, 415, 389, 357, 348, 306, 289, 276, 247, 228, 213, 183, 175, 140, 113, 89, 86, 65, 25
727, 699, 688, 658, 637, 621, 598, 580, 562, 535, 518, 502, 479, 457, 433, 415, 389, 357, 348, 306, 290, 275, 249, 229, 214, 184, 176, 141, 111, 109, 85, 64, 26
727, 699, 688, 658, 637, 621, 598, 580, 562, 535, 518, 502, 479, 457, 433, 415, 389, 357, 348, 306, 290, 275, 249, 229, 215, 216, 185, 177, 142, 110, 107, 84, 62, 27
727, 699, 688, 658, 637, 621, 598, 580, 562, 535, 518, 502, 479, 457, 433, 415, 389, 357, 348, 306, 290, 275, 249, 229, 215, 216, 185, 177, 142, 110, 107, 84, 62, 28
727, 699, 688, 687, 657, 636, 620, 600, 582, 561, 536, 517, 501, 481, 454, 430, 395, 391, 354, 329, 326, 292, 273, 251, 231, 217, 187, 156, 143, 130, 106, 83, 61, 29
727, 699, 688, 687, 657, 636, 620, 600, 582, 561, 536, 517, 501, 481, 454, 430, 395, 391, 354, 329, 326, 325, 293, 271, 252, 232, 218, 189, 157, 144, 129, 105, 82, 60, 30
727, 699, 688, 687, 657, 636, 620, 600, 582, 561, 536, 517, 501, 481, 454, 430, 395, 391, 354, 329, 326, 325, 324, 294, 270, 254, 233, 219, 190, 159, 146, 127, 104, 81, 59, 31
727, 699, 688, 687, 657, 636, 620, 600, 582, 561, 536, 517, 501, 481, 454, 430, 395, 391, 354, 329, 326, 325, 324, 294, 270, 254, 233, 219, 190, 159, 146, 127, 104, 81, 59, 31, 32
727, 699, 688, 687, 657, 636, 620, 600, 582, 561, 536, 517, 501, 481, 454, 430, 395, 391, 354, 329, 326, 325, 324, 294, 270, 269, 268, 256, 236, 221, 192, 161, 148, 125, 101, 78, 57, 33
727, 699, 688, 687, 657, 636, 620, 600, 582, 561, 536, 517, 501, 481, 454, 430, 395, 391, 354, 329, 326, 325, 324, 294, 270, 269, 268, 256, 236, 221, 192, 161, 148, 125, 101, 78, 57, 34
727, 699, 688, 658, 637, 621, 598, 580, 562, 535, 518, 502, 479, 457, 458, 434, 413, 412, 385, 361, 362, 343, 311, 304, 281, 263, 222, 206, 198, 167, 154, 121, 96, 97, 98, 99, 76, 56, 35
727, 699, 688, 658, 637, 621, 598, 580, 562, 535, 518, 502, 479, 457, 458, 434, 413, 412, 385, 361, 362, 343, 311, 304, 281, 263, 222, 206, 198, 167, 154, 121, 96, 97, 75, 54, 55, 36
727, 699, 688, 658, 637, 621, 598, 580, 562, 535, 518, 502, 479, 457, 458, 434, 413, 412, 385, 361, 362, 343, 311, 304, 281, 263, 222, 206, 198, 167, 154, 121, 96, 74, 53, 38, 37
727, 699, 688, 658, 637, 621, 598, 580, 562, 535, 518, 502, 479, 457, 458, 434, 413, 412, 385, 361, 362, 343, 311, 304, 281, 263, 222, 206, 198, 167, 154, 121, 96, 74, 53, 38
727, 699, 688, 658, 637, 621, 598, 580, 562, 535, 518, 502, 479, 457, 458, 434, 413, 412, 385, 361, 362, 343, 311, 304, 281, 263, 222, 206, 198, 167, 154, 121, 96, 74, 52, 39
727, 699, 688, 658, 637, 621, 598, 580, 562, 535, 518, 502, 479, 457, 458, 434, 413, 412, 385, 361, 362, 343, 311, 304, 281, 263, 222, 206, 198, 169, 131, 120, 95, 73, 50, 51, 40
727, 699, 688, 658, 637, 621, 598, 580, 562, 535, 518, 502, 479, 457, 458, 434, 413, 412, 385, 361, 344, 310, 305, 279, 243, 224, 207, 178, 170, 134, 117, 118, 94, 72, 49, 42, 41
727, 699, 688, 658, 637, 621, 598, 580, 562, 535, 518, 502, 479, 457, 458, 434, 413, 412, 385, 361, 344, 310, 305, 279, 243, 224, 207, 178, 170, 134, 117, 118, 94, 72, 49, 42
727, 699, 688, 658, 637, 621, 598, 580, 562, 535, 518, 502, 479, 457, 458, 434, 413, 412, 385, 361, 344, 310, 305, 279, 243, 224, 207, 178, 170, 134, 117, 118, 94, 72, 49, 43
727, 699, 688, 658, 637, 621, 598, 580, 562, 535, 518, 502, 479, 457, 433, 415, 389, 388, 358, 347, 307, 288, 277, 246, 227, 212, 181, 172, 136, 116, 92, 69, 46, 44
727, 699, 688, 658, 637, 621, 598, 580, 562, 535, 518, 502, 479, 457, 433, 415, 389, 388, 358, 347, 307, 288, 277, 246, 227, 212, 181, 172, 136, 116, 92, 69, 47, 45
727, 699, 688, 658, 637, 621, 598, 580, 562, 535, 518, 502, 479, 457, 433, 415, 389, 388, 358, 347, 307, 288, 277, 246, 227, 212, 181, 172, 136, 116, 92, 69, 46
727, 699, 688, 658, 637, 621, 598, 580, 562, 535, 518, 502, 479, 457, 433, 415, 389, 388, 358, 347, 307, 288, 277, 246, 227, 212, 181, 172, 136, 116, 92, 69, 47
727, 699, 688, 658, 637, 621, 598, 580, 562, 535, 518, 502, 479, 457, 433, 415, 389, 388, 358, 347, 307, 288, 277, 246, 227, 212, 181, 172, 136, 116, 92, 69, 46, 44, 48
727, 699, 688, 658, 637, 621, 598, 580, 562, 535, 518, 502, 479, 457, 458, 434, 413, 412, 385, 361, 344, 310, 305, 279, 243, 224, 207, 178, 170, 134, 117, 118, 94, 72, 49
727, 699, 688, 658, 637, 621, 598, 580, 562, 535, 518, 502, 479, 457, 458, 434, 413, 412, 385, 361, 362, 343, 311, 304, 281, 263, 222, 206, 198, 169, 131, 120, 95, 73, 50
727, 699, 688, 658, 637, 621, 598, 580, 562, 535, 518, 502, 479, 457, 458, 434, 413, 412, 385, 361, 362, 343, 311, 304, 281, 263, 222, 206, 198, 169, 131, 120, 95, 73, 50, 51
727, 699, 688, 658, 637, 621, 598, 580, 562, 535, 518, 502, 479, 457, 458, 434, 413, 412, 385, 361, 362, 343, 311, 304, 281, 263, 222, 206, 198, 167, 154, 121, 96, 74, 52
727, 699, 688, 658, 637, 621, 598, 580, 562, 535, 518, 502, 479, 457, 458, 434, 413, 412, 385, 361, 362, 343, 311, 304, 281, 263, 222, 206, 198, 167, 154, 121, 96, 74, 53
727, 699, 688, 658, 637, 621, 598, 580, 562, 535, 518, 502, 479, 457, 458, 434, 413, 412, 385, 361, 362, 343, 311, 304, 281, 263, 222, 206, 198, 167, 154, 121, 96, 97, 75, 54
727, 699, 688, 658, 637, 621, 598, 580, 562, 535, 518, 502, 479, 457, 458, 434, 413, 412, 385, 361, 362, 343, 311, 304, 281, 263, 222, 206, 198, 167, 154, 121, 96, 97, 75, 54, 55
727, 699, 688, 658, 637, 621, 598, 580, 562, 535, 518, 502, 479, 457, 458, 434, 413, 412, 385, 361, 362, 343, 311, 304, 281, 263, 222, 206, 198, 167, 154, 121, 96, 97, 98, 99, 76, 56
727, 699, 688, 687, 657, 636, 620, 600, 582, 561, 536, 517, 501, 481, 454, 430, 395, 391, 354, 329, 326, 325, 324, 294, 270, 269, 268, 256, 236, 221, 192, 161, 148, 125, 101, 78, 57
727, 699, 688, 687, 657, 636, 620, 600, 582, 561, 536, 517, 501, 481, 454, 430, 395, 391, 354, 329, 326, 325, 324, 294, 270, 254, 233, 219, 190, 159, 146, 127, 104, 81, 59, 58
727, 699, 688, 687, 657, 636, 620, 600, 582, 561, 536, 517, 501, 481, 454, 430, 395, 391, 354, 329, 326, 325, 324, 294, 270, 254, 233, 219, 190, 159, 146, 127, 104, 81, 59
727, 699, 688, 687, 657, 636, 620, 600, 582, 561, 536, 517, 501, 481, 454, 430, 395, 391, 354, 329, 326, 325, 293, 271, 252, 232, 218, 189, 157, 144, 129, 105, 82, 60
727, 699, 688, 687, 657, 636, 620, 600, 582, 561, 536, 517, 501, 481, 454, 430, 395, 391, 354, 329, 326, 292, 273, 251, 231, 217, 187, 156, 143, 130, 106, 83, 61
727, 699, 688, 658, 637, 621, 598, 580, 562, 535, 518, 502, 479, 457, 433, 415, 389, 357, 348, 306, 290, 275, 249, 229, 215, 216, 185, 177, 142, 110, 107, 84, 62
727, 699, 688, 658, 637, 621, 598, 580, 562, 535, 518, 502, 479, 457, 433, 415, 389, 357, 348, 306, 290, 275, 249, 229, 214, 184, 176, 141, 111, 109, 85, 64, 63
727, 699, 688, 658, 637, 621, 598, 580, 562, 535, 518, 502, 479, 457, 433, 415, 389, 357, 348, 306, 290, 275, 249, 229, 214, 184, 176, 141, 111, 109, 85, 64
727, 699, 688, 658, 637, 621, 598, 580, 562, 535, 518, 502, 479, 457, 433, 415, 389, 357, 348, 306, 289, 276, 247, 228, 213, 183, 175, 140, 113, 89, 86, 65
727, 699, 688, 658, 637, 621, 598, 580, 562, 535, 518, 502, 479, 457, 433, 415, 389, 388, 358, 347, 307, 288, 277, 246, 227, 212, 182, 173, 139, 114, 90, 87, 66
727, 699, 688, 658, 637, 621, 598, 580, 562, 535, 518, 502, 479, 457, 433, 415, 389, 388, 358, 347, 307, 288, 277, 246, 227, 212, 181, 172, 137, 115, 91, 88, 67
727, 699, 688, 658, 637, 621, 598, 580, 562, 535, 518, 502, 479, 457, 433, 415, 389, 388, 358, 347, 307, 288, 277, 246, 227, 212, 181, 172, 137, 115, 91, 68
727, 699, 688, 658, 637, 621, 598, 580, 562, 535, 518, 502, 479, 457, 433, 415, 389, 388, 358, 347, 307, 288, 277, 246, 227, 212, 181, 172, 136, 116, 92, 69
727, 699, 688, 658, 637, 621, 598, 580, 562, 535, 518, 502, 479, 457, 433, 415, 389, 388, 358, 347, 307, 288, 277, 246, 227, 212, 181, 172, 136, 116, 92, 69, 70
727, 699, 688, 658, 637, 621, 598, 580, 562, 535, 518, 502, 479, 457, 433, 415, 389, 388, 358, 347, 307, 288, 277, 246, 227, 212, 181, 172, 136, 116, 92, 69, 70, 71
727, 699, 688, 658, 637, 621, 598, 580, 562, 535, 518, 502, 479, 457, 458, 434, 413, 412, 385, 361, 344, 310, 305, 279, 243, 224, 207, 178, 170, 134, 117, 118, 94, 72
727, 699, 688, 658, 637, 621, 598, 580, 562, 535, 518, 502, 479, 457, 458, 434, 413, 412, 385, 361, 362, 343, 311, 304, 281, 263, 222, 206, 198, 169, 131, 120, 95, 73
727, 699, 688, 658, 637, 621, 598, 580, 562, 535, 518, 502, 479, 457, 458, 434, 413, 412, 385, 361, 362, 343, 311, 304, 281, 263, 222, 206, 198, 167, 154, 121, 96, 74
727, 699, 688, 658, 637, 621, 598, 580, 562, 535, 518, 502, 479, 457, 458, 434, 413, 412, 385, 361, 362, 343, 311, 304, 281, 263, 222, 206, 198, 167, 154, 121, 96, 97, 75
727, 699, 688, 658, 637, 621, 598, 580, 562, 535, 518, 502, 479, 457, 458, 434, 413, 412, 385, 361, 362, 343, 311, 304, 281, 263, 222, 206, 198, 167, 154, 121, 96, 97, 98, 99, 76
727, 728, 729, 730, 702, 691, 662, 663, 642, 626, 591, 574, 548, 525, 506, 507, 491, 469, 445, 421, 403, 377, 370, 337, 319, 299, 266, 258, 238, 201, 193, 162, 149, 124, 100, 77
727, 699, 688, 687, 657, 636, 620, 600, 582, 561, 536, 517, 501, 481, 454, 430, 395, 391, 354, 329, 326, 325, 324, 294, 270, 269, 268, 256, 236, 221, 192, 161, 148, 125, 101, 78
727, 699, 688, 687, 657, 636, 620, 600, 582, 561, 536, 517, 501, 481, 454, 430, 395, 391, 354, 329, 326, 325, 324, 294, 270, 269, 255, 235, 220, 191, 160, 147, 126, 102, 79
727, 699, 688, 687, 657, 636, 620, 600, 582, 561, 536, 517, 501, 481, 454, 430, 395, 391, 354, 329, 326, 325, 324, 294, 270, 269, 255, 235, 220, 191, 160, 147, 126, 103, 80
727, 699, 688, 687, 657, 636, 620, 600, 582, 561, 536, 517, 501, 481, 454, 430, 395, 391, 354, 329, 326, 325, 324, 294, 270, 254, 233, 219, 190, 159, 146, 127, 104, 81
727, 699, 688, 687, 657, 636, 620, 600, 582, 561, 536, 517, 501, 481, 454, 430, 395, 391, 354, 329, 326, 325, 293, 271, 252, 232, 218, 189, 157, 144, 129, 105, 82
727, 699, 688, 687, 657, 636, 620, 600, 582, 561, 536, 517, 501, 481, 454, 430, 395, 391, 354, 329, 326, 292, 273, 251, 231, 217, 187, 156, 143, 130, 106, 83
727, 699, 688, 658, 637, 621, 598, 580, 562, 535, 518, 502, 479, 457, 433, 415, 389, 357, 348, 306, 290, 275, 249, 229, 215, 216, 185, 177, 142, 110, 107, 84
727, 699, 688, 658, 637, 621, 598, 580, 562, 535, 518, 502, 479, 457, 433, 415, 389, 357, 348, 306, 290, 275, 249, 229, 214, 184, 176, 141, 111, 109, 85
727, 699, 688, 658, 637, 621, 598, 580, 562, 535, 518, 502, 479, 457, 433, 415, 389, 357, 348, 306, 289, 276, 247, 228, 213, 183, 175, 140, 113, 89, 86
727, 699, 688, 658, 637, 621, 598, 580, 562, 535, 518, 502, 479, 457, 433, 415, 389, 388, 358, 347, 307, 288, 277, 246, 227, 212, 182, 173, 139, 114, 90, 87
727, 699, 688, 658, 637, 621, 598, 580, 562, 535, 518, 502, 479, 457, 433, 415, 389, 388, 358, 347, 307, 288, 277, 246, 227, 212, 181, 172, 137, 115, 91, 88
727, 699, 688, 658, 637, 621, 598, 580, 562, 535, 518, 502, 479, 457, 433, 415, 389, 357, 348, 306, 289, 276, 247, 228, 213, 183, 175, 140, 113, 89
727, 699, 688, 658, 637, 621, 598, 580, 562, 535, 518, 502, 479, 457, 433, 415, 389, 388, 358, 347, 307, 288, 277, 246, 227, 212, 182, 173, 139, 114, 90
727, 699, 688, 658, 637, 621, 598, 580, 562, 535, 518, 502, 479, 457, 433, 415, 389, 388, 358, 347, 307, 288, 277, 246, 227, 212, 181, 172, 137, 115, 91
727, 699, 688, 658, 637, 621, 598, 580, 562, 535, 518, 502, 479, 457, 433, 415, 389, 388, 358, 347, 307, 288, 277, 246, 227, 212, 181, 172, 136, 116, 92
727, 699, 688, 658, 637, 621, 598, 580, 562, 535, 518, 502, 479, 457, 433, 415, 389, 388, 358, 347, 307, 288, 277, 246, 227, 212, 181, 172, 136, 116, 92, 93
727, 699, 688, 658, 637, 621, 598, 580, 562, 535, 518, 502, 479, 457, 458, 434, 413, 412, 385, 361, 344, 310, 305, 279, 243, 224, 207, 178, 170, 134, 117, 118, 94
727, 699, 688, 658, 637, 621, 598, 580, 562, 535, 518, 502, 479, 457, 458, 434, 413, 412, 385, 361, 362, 343, 311, 304, 281, 263, 222, 206, 198, 169, 131, 120, 95
727, 699, 688, 658, 637, 621, 598, 580, 562, 535, 518, 502, 479, 457, 458, 434, 413, 412, 385, 361, 362, 343, 311, 304, 281, 263, 222, 206, 198, 167, 154, 121, 96
727, 699, 688, 658, 637, 621, 598, 580, 562, 535, 518, 502, 479, 457, 458, 434, 413, 412, 385, 361, 362, 343, 311, 304, 281, 263, 222, 206, 198, 167, 154, 121, 96, 97
727, 699, 688, 658, 637, 621, 598, 580, 562, 535, 518, 502, 479, 457, 458, 434, 413, 412, 385, 361, 362, 343, 311, 304, 281, 263, 222, 206, 198, 167, 154, 121, 96, 97, 98
727, 699, 688, 658, 637, 621, 598, 580, 562, 535, 518, 502, 479, 457, 458, 434, 413, 412, 385, 361, 362, 343, 311, 304, 281, 263, 222, 206, 198, 167, 154, 121, 96, 97, 98, 99
727, 728, 729, 730, 702, 691, 662, 663, 642, 626, 591, 574, 548, 525, 506, 507, 491, 469, 445, 421, 403, 377, 370, 337, 319, 299, 266, 258, 238, 201, 193, 162, 149, 124, 100
727, 699, 688, 687, 657, 636, 620, 600, 582, 561, 536, 517, 501, 481, 454, 430, 395, 391, 354, 329, 326, 325, 324, 294, 270, 269, 268, 256, 236, 221, 192, 161, 148, 125, 101
727, 699, 688, 687, 657, 636, 620, 600, 582, 561, 536, 517, 501, 481, 454, 430, 395, 391, 354, 329, 326, 325, 324, 294, 270, 269, 255, 235, 220, 191, 160, 147, 126, 102
727, 699, 688, 687, 657, 636, 620, 600, 582, 561, 536, 517, 501, 481, 454, 430, 395, 391, 354, 329, 326, 325, 324, 294, 270, 269, 255, 235, 220, 191, 160, 147, 126, 103
727, 699, 688, 687, 657, 636, 620, 600, 582, 561, 536, 517, 501, 481, 454, 430, 395, 391, 354, 329, 326, 325, 324, 294, 270, 254, 233, 219, 190, 159, 146, 127, 104
727, 699, 688, 687, 657, 636, 620, 600, 582, 561, 536, 517, 501, 481, 454, 430, 395, 391, 354, 329, 326, 325, 293, 271, 252, 232, 218, 189, 157, 144, 129, 105
727, 699, 688, 687, 657, 636, 620, 600, 582, 561, 536, 517, 501, 481, 454, 430, 395, 391, 354, 329, 326, 292, 273, 251, 231, 217, 187, 156, 143, 130, 106
727, 699, 688, 658, 637, 621, 598, 580, 562, 535, 518, 502, 479, 457, 433, 415, 389, 357, 348, 306, 290, 275, 249, 229, 215, 216, 185, 177, 142, 110, 107
727, 699, 688, 658, 637, 621, 598, 580, 562, 535, 518, 502, 479, 457, 433, 415, 389, 357, 348, 306, 290, 275, 249, 229, 214, 184, 176, 141, 111, 109, 108
727, 699, 688, 658, 637, 621, 598, 580, 562, 535, 518, 502, 479, 457, 433, 415, 389, 357, 348, 306, 290, 275, 249, 229, 214, 184, 176, 141, 111, 109
727, 699, 688, 658, 637, 621, 598, 580, 562, 535, 518, 502, 479, 457, 433, 415, 389, 357, 348, 306, 290, 275, 249, 229, 215, 216, 185, 177, 142, 110
727, 699, 688, 658, 637, 621, 598, 580, 562, 535, 518, 502, 479, 457, 433, 415, 389, 357, 348, 306, 290, 275, 249, 229, 214, 184, 176, 141, 111
727, 699, 688, 658, 637, 621, 598, 580, 562, 535, 518, 502, 479, 457, 433, 415, 389, 357, 348, 306, 289, 276, 247, 228, 213, 183, 175, 140, 112
727, 699, 688, 658, 637, 621, 598, 580, 562, 535, 518, 502, 479, 457, 433, 415, 389, 357, 348, 306, 289, 276, 247, 228, 213, 183, 175, 140, 113
727, 699, 688, 658, 637, 621, 598, 580, 562, 535, 518, 502, 479, 457, 433, 415, 389, 388, 358, 347, 307, 288, 277, 246, 227, 212, 182, 173, 139, 114
727, 699, 688, 658, 637, 621, 598, 580, 562, 535, 518, 502, 479, 457, 433, 415, 389, 388, 358, 347, 307, 288, 277, 246, 227, 212, 181, 172, 137, 115
727, 699, 688, 658, 637, 621, 598, 580, 562, 535, 518, 502, 479, 457, 433, 415, 389, 388, 358, 347, 307, 288, 277, 246, 227, 212, 181, 172, 136, 116
727, 699, 688, 658, 637, 621, 598, 580, 562, 535, 518, 502, 479, 457, 458, 434, 413, 412, 385, 361, 344, 310, 305, 279, 243, 224, 207, 178, 170, 134, 117
727, 699, 688, 658, 637, 621, 598, 580, 562, 535, 518, 502, 479, 457, 458, 434, 413, 412, 385, 361, 344, 310, 305, 279, 243, 224, 207, 178, 170, 134, 117, 118
727, 699, 688, 658, 637, 621, 598, 580, 562, 535, 518, 502, 479, 457, 458, 434, 413, 412, 385, 361, 362, 343, 311, 304, 281, 263, 222, 206, 198, 169, 132, 119
727, 699, 688, 658, 637, 621, 598, 580, 562, 535, 518, 502, 479, 457, 458, 434, 413, 412, 385, 361, 362, 343, 311, 304, 281, 263, 222, 206, 198, 169, 131, 120
727, 699, 688, 658, 637, 621, 598, 580, 562, 535, 518, 502, 479, 457, 458, 434, 413, 412, 385, 361, 362, 343, 311, 304, 281, 263, 222, 206, 198, 167, 154, 121
727, 699, 688, 658, 637, 621, 598, 580, 562, 535, 518, 502, 479, 457, 458, 434, 413, 412, 385, 361, 362, 343, 311, 304, 281, 263, 222, 206, 198, 167, 154, 121, 122
727, 699, 688, 658, 637, 621, 598, 580, 562, 535, 518, 502, 479, 457, 458, 434, 413, 412, 385, 361, 362, 343, 311, 304, 281, 263, 222, 206, 198, 167, 154, 121, 122, 123
727, 728, 729, 730, 702, 691, 662, 663, 642, 626, 591, 574, 548, 525, 506, 507, 491, 469, 445, 421, 403, 377, 370, 337, 319, 299, 266, 258, 238, 201, 193, 162, 149, 124
727, 699, 688, 687, 657, 636, 620, 600, 582, 561, 536, 517, 501, 481, 454, 430, 395, 391, 354, 329, 326, 325, 324, 294, 270, 269, 268, 256, 236, 221, 192, 161, 148, 125
727, 699, 688, 687, 657, 636, 620, 600, 582, 561, 536, 517, 501, 481, 454, 430, 395, 391, 354, 329, 326, 325, 324, 294, 270, 269, 255, 235, 220, 191, 160, 147, 126
727, 699, 688, 687, 657, 636, 620, 600, 582, 561, 536, 517, 501, 481, 454, 430, 395, 391, 354, 329, 326, 325, 324, 294, 270, 254, 233, 219, 190, 159, 146, 127
727, 699, 688, 687, 657, 636, 620, 600, 582, 561, 536, 517, 501, 481, 454, 430, 395, 391, 354, 329, 326, 325, 293, 271, 252, 232, 218, 189, 157, 158, 145, 128
727, 699, 688, 687, 657, 636, 620, 600, 582, 561, 536, 517, 501, 481, 454, 430, 395, 391, 354, 329, 326, 325, 293, 271, 252, 232, 218, 189, 157, 144, 129
727, 699, 688, 687, 657, 636, 620, 600, 582, 561, 536, 517, 501, 481, 454, 430, 395, 391, 354, 329, 326, 292, 273, 251, 231, 217, 187, 156, 143, 130
727, 699, 688, 658, 637, 621, 598, 580, 562, 535, 518, 502, 479, 457, 458, 434, 413, 412, 385, 361, 362, 343, 311, 304, 281, 263, 222, 206, 198, 169, 131
727, 699, 688, 658, 637, 621, 598, 580, 562, 535, 518, 502, 479, 457, 458, 434, 413, 412, 385, 361, 362, 343, 311, 304, 281, 263, 222, 206, 198, 169, 132
727, 699, 688, 658, 637, 621, 598, 580, 562, 535, 518, 502, 479, 457, 458, 434, 413, 412, 385, 361, 344, 310, 305, 279, 243, 224, 207, 178, 170, 133
727, 699, 688, 658, 637, 621, 598, 580, 562, 535, 518, 502, 479, 457, 458, 434, 413, 412, 385, 361, 344, 310, 305, 279, 243, 224, 207, 178, 170, 134
727, 699, 688, 658, 637, 621, 598, 580, 562, 535, 518, 502, 479, 457, 433, 415, 389, 388, 358, 347, 307, 288, 277, 246, 227, 212, 181, 172, 136, 135
727, 699, 688, 658, 637, 621, 598, 580, 562, 535, 518, 502, 479, 457, 433, 415, 389, 388, 358, 347, 307, 288, 277, 246, 227, 212, 181, 172, 136
727, 699, 688, 658, 637, 621, 598, 580, 562, 535, 518, 502, 479, 457, 433, 415, 389, 388, 358, 347, 307, 288, 277, 246, 227, 212, 181, 172, 137
727, 699, 688, 658, 637, 621, 598, 580, 562, 535, 518, 502, 479, 457, 433, 415, 389, 388, 358, 347, 307, 288, 277, 246, 227, 212, 182, 173, 138
727, 699, 688, 658, 637, 621, 598, 580, 562, 535, 518, 502, 479, 457, 433, 415, 389, 388, 358, 347, 307, 288, 277, 246, 227, 212, 182, 173, 139
727, 699, 688, 658, 637, 621, 598, 580, 562, 535, 518, 502, 479, 457, 433, 415, 389, 357, 348, 306, 289, 276, 247, 228, 213, 183, 175, 140
727, 699, 688, 658, 637, 621, 598, 580, 562, 535, 518, 502, 479, 457, 433, 415, 389, 357, 348, 306, 290, 275, 249, 229, 214, 184, 176, 141
727, 699, 688, 658, 637, 621, 598, 580, 562, 535, 518, 502, 479, 457, 433, 415, 389, 357, 348, 306, 290, 275, 249, 229, 215, 216, 185, 177, 142
727, 699, 688, 687, 657, 636, 620, 600, 582, 561, 536, 517, 501, 481, 454, 430, 395, 391, 354, 329, 326, 292, 273, 251, 231, 217, 187, 156, 143
727, 699, 688, 687, 657, 636, 620, 600, 582, 561, 536, 517, 501, 481, 454, 430, 395, 391, 354, 329, 326, 325, 293, 271, 252, 232, 218, 189, 157, 144
727, 699, 688, 687, 657, 636, 620, 600, 582, 561, 536, 517, 501, 481, 454, 430, 395, 391, 354, 329, 326, 325, 293, 271, 252, 232, 218, 189, 157, 158, 145
727, 699, 688, 687, 657, 636, 620, 600, 582, 561, 536, 517, 501, 481, 454, 430, 395, 391, 354, 329, 326, 325, 324, 294, 270, 254, 233, 219, 190, 159, 146
727, 699, 688, 687, 657, 636, 620, 600, 582, 561, 536, 517, 501, 481, 454, 430, 395, 391, 354, 329, 326, 325, 324, 294, 270, 269, 255, 235, 220, 191, 160, 147
727, 699, 688, 687, 657, 636, 620, 600, 582, 561, 536, 517, 501, 481, 454, 430, 395, 391, 354, 329, 326, 325, 324, 294, 270, 269, 268, 256, 236, 221, 192, 161, 148
727, 728, 729, 730, 702, 691, 662, 663, 642, 626, 591, 574, 548, 525, 506, 507, 491, 469, 445, 421, 403, 377, 370, 337, 319, 299, 266, 258, 238, 201, 193, 162, 149
727, 728, 729, 730, 702, 691, 662, 663, 642, 626, 591, 574, 548, 525, 506, 507, 491, 469, 445, 421, 403, 377, 370, 337, 319, 299, 266, 258, 238, 201, 193, 163, 150
727, 699, 688, 658, 637, 621, 598, 580, 562, 535, 518, 502, 479, 457, 458, 434, 413, 412, 385, 361, 362, 343, 311, 304, 281, 263, 222, 206, 198, 167, 154, 153, 152, 151
727, 699, 688, 658, 637, 621, 598, 580, 562, 535, 518, 502, 479, 457, 458, 434, 413, 412, 385, 361, 362, 343, 311, 304, 281, 263, 222, 206, 198, 167, 154, 153, 152
727, 699, 688, 658, 637, 621, 598, 580, 562, 535, 518, 502, 479, 457, 458, 434, 413, 412, 385, 361, 362, 343, 311, 304, 281, 263, 222, 206, 198, 167, 154, 153
727, 699, 688, 658, 637, 621, 598, 580, 562, 535, 518, 502, 479, 457, 458, 434, 413, 412, 385, 361, 362, 343, 311, 304, 281, 263, 222, 206, 198, 167, 154
727, 699, 688, 658, 637, 621, 598, 580, 562, 535, 518, 502, 479, 457, 458, 434, 413, 412, 385, 361, 362, 343, 311, 304, 281, 263, 222, 206, 198, 168, 155
727, 699, 688, 687, 657, 636, 620, 600, 582, 561, 536, 517, 501, 481, 454, 430, 395, 391, 354, 329, 326, 292, 273, 251, 231, 217, 187, 156
727, 699, 688, 687, 657, 636, 620, 600, 582, 561, 536, 517, 501, 481, 454, 430, 395, 391, 354, 329, 326, 325, 293, 271, 252, 232, 218, 189, 157
727, 699, 688, 687, 657, 636, 620, 600, 582, 561, 536, 517, 501, 481, 454, 430, 395, 391, 354, 329, 326, 325, 293, 271, 252, 232, 218, 189, 157, 158
727, 699, 688, 687, 657, 636, 620, 600, 582, 561, 536, 517, 501, 481, 454, 430, 395, 391, 354, 329, 326, 325, 324, 294, 270, 254, 233, 219, 190, 159
727, 699, 688, 687, 657, 636, 620, 600, 582, 561, 536, 517, 501, 481, 454, 430, 395, 391, 354, 329, 326, 325, 324, 294, 270, 269, 255, 235, 220, 191, 160
727, 699, 688, 687, 657, 636, 620, 600, 582, 561, 536, 517, 501, 481, 454, 430, 395, 391, 354, 329, 326, 325, 324, 294, 270, 269, 268, 256, 236, 221, 192, 161
727, 728, 729, 730, 702, 691, 662, 663, 642, 626, 591, 574, 548, 525, 506, 507, 491, 469, 445, 421, 403, 377, 370, 337, 319, 299, 266, 258, 238, 201, 193, 162
727, 728, 729, 730, 702, 691, 662, 663, 642, 626, 591, 574, 548, 525, 506, 507, 491, 469, 445, 421, 403, 377, 370, 337, 319, 299, 266, 258, 238, 201, 193, 163
727, 728, 729, 730, 702, 691, 662, 663, 642, 626, 591, 574, 548, 525, 506, 507, 491, 469, 445, 421, 403, 377, 370, 337, 319, 299, 266, 258, 238, 201, 194, 164
727, 728, 729, 730, 702, 691, 662, 663, 642, 626, 591, 574, 548, 525, 506, 489, 470, 443, 419, 405, 380, 365, 340, 315, 301, 284, 261, 241, 240, 203, 195, 165
727, 699, 688, 658, 637, 621, 598, 580, 562, 535, 518, 502, 479, 457, 458, 434, 413, 412, 385, 361, 362, 343, 311, 304, 281, 263, 222, 206, 198, 167, 166
727, 699, 688, 658, 637, 621, 598, 580, 562, 535, 518, 502, 479, 457, 458, 434, 413, 412, 385, 361, 362, 343, 311, 304, 281, 263, 222, 206, 198, 167
727, 699, 688, 658, 637, 621, 598, 580, 562, 535, 518, 502, 479, 457, 458, 434, 413, 412, 385, 361, 362, 343, 311, 304, 281, 263, 222, 206, 198, 168
727, 699, 688, 658, 637, 621, 598, 580, 562, 535, 518, 502, 479, 457, 458, 434, 413, 412, 385, 361, 362, 343, 311, 304, 281, 263, 222, 206, 198, 169
727, 699, 688, 658, 637, 621, 598, 580, 562, 535, 518, 502, 479, 457, 458, 434, 413, 412, 385, 361, 344, 310, 305, 279, 243, 224, 207, 178, 170
727, 699, 688, 658, 637, 621, 598, 580, 562, 535, 518, 502, 479, 457, 433, 415, 389, 388, 358, 347, 307, 288, 277, 246, 227, 226, 210, 179, 171
727, 699, 688, 658, 637, 621, 598, 580, 562, 535, 518, 502, 479, 457, 433, 415, 389, 388, 358, 347, 307, 288, 277, 246, 227, 212, 181, 172
727, 699, 688, 658, 637, 621, 598, 580, 562, 535, 518, 502, 479, 457, 433, 415, 389, 388, 358, 347, 307, 288, 277, 246, 227, 212, 182, 173
727, 699, 688, 658, 637, 621, 598, 580, 562, 535, 518, 502, 479, 457, 433, 415, 389, 388, 358, 347, 307, 288, 277, 246, 227, 212, 182, 174
727, 699, 688, 658, 637, 621, 598, 580, 562, 535, 518, 502, 479, 457, 433, 415, 389, 357, 348, 306, 289, 276, 247, 228, 213, 183, 175
727, 699, 688, 658, 637, 621, 598, 580, 562, 535, 518, 502, 479, 457, 433, 415, 389, 357, 348, 306, 290, 275, 249, 229, 214, 184, 176
727, 699, 688, 658, 637, 621, 598, 580, 562, 535, 518, 502, 479, 457, 433, 415, 389, 357, 348, 306, 290, 275, 249, 229, 215, 216, 185, 177
727, 699, 688, 658, 637, 621, 598, 580, 562, 535, 518, 502, 479, 457, 458, 434, 413, 412, 385, 361, 344, 310, 305, 279, 243, 224, 207, 178
727, 699, 688, 658, 637, 621, 598, 580, 562, 535, 518, 502, 479, 457, 433, 415, 389, 388, 358, 347, 307, 288, 277, 246, 227, 226, 210, 179
727, 699, 688, 658, 637, 621, 598, 580, 562, 535, 518, 502, 479, 457, 433, 415, 389, 388, 358, 347, 307, 288, 277, 246, 227, 212, 181, 180
727, 699, 688, 658, 637, 621, 598, 580, 562, 535, 518, 502, 479, 457, 433, 415, 389, 388, 358, 347, 307, 288, 277, 246, 227, 212, 181
727, 699, 688, 658, 637, 621, 598, 580, 562, 535, 518, 502, 479, 457, 433, 415, 389, 388, 358, 347, 307, 288, 277, 246, 227, 212, 182
727, 699, 688, 658, 637, 621, 598, 580, 562, 535, 518, 502, 479, 457, 433, 415, 389, 357, 348, 306, 289, 276, 247, 228, 213, 183
727, 699, 688, 658, 637, 621, 598, 580, 562, 535, 518, 502, 479, 457, 433, 415, 389, 357, 348, 306, 290, 275, 249, 229, 214, 184
727, 699, 688, 658, 637, 621, 598, 580, 562, 535, 518, 502, 479, 457, 433, 415, 389, 357, 348, 306, 290, 275, 249, 229, 215, 216, 185
727, 699, 688, 658, 637, 621, 598, 580, 562, 535, 518, 502, 479, 457, 433, 415, 389, 357, 348, 306, 290, 275, 249, 229, 215, 216, 186
727, 699, 688, 687, 657, 636, 620, 600, 582, 561, 536, 517, 501, 481, 454, 430, 395, 391, 354, 329, 326, 292, 273, 251, 231, 217, 187
727, 699, 688, 687, 657, 636, 620, 600, 582, 561, 536, 517, 501, 481, 454, 430, 395, 391, 354, 329, 326, 292, 273, 251, 231, 217, 188
727, 699, 688, 687, 657, 636, 620, 600, 582, 561, 536, 517, 501, 481, 454, 430, 395, 391, 354, 329, 326, 325, 293, 271, 252, 232, 218, 189
727, 699, 688, 687, 657, 636, 620, 600, 582, 561, 536, 517, 501, 481, 454, 430, 395, 391, 354, 329, 326, 325, 324, 294, 270, 254, 233, 219, 190
727, 699, 688, 687, 657, 636, 620, 600, 582, 561, 536, 517, 501, 481, 454, 430, 395, 391, 354, 329, 326, 325, 324, 294, 270, 269, 255, 235, 220, 191
727, 699, 688, 687, 657, 636, 620, 600, 582, 561, 536, 517, 501, 481, 454, 430, 395, 391, 354, 329, 326, 325, 324, 294, 270, 269, 268, 256, 236, 221, 192
727, 728, 729, 730, 702, 691, 662, 663, 642, 626, 591, 574, 548, 525, 506, 507, 491, 469, 445, 421, 403, 377, 370, 337, 319, 299, 266, 258, 238, 201, 193
727, 728, 729, 730, 702, 691, 662, 663, 642, 626, 591, 574, 548, 525, 506, 507, 491, 469, 445, 421, 403, 377, 370, 337, 319, 299, 266, 258, 238, 201, 194
727, 728, 729, 730, 702, 691, 662, 663, 642, 626, 591, 574, 548, 525, 506, 489, 470, 443, 419, 405, 380, 365, 340, 315, 301, 284, 261, 241, 240, 203, 195
727, 728, 729, 730, 702, 691, 662, 663, 642, 626, 591, 574, 548, 525, 506, 489, 470, 443, 419, 405, 380, 365, 340, 315, 301, 284, 261, 241, 204, 196
727, 699, 688, 658, 637, 621, 598, 580, 562, 535, 518, 502, 479, 457, 458, 434, 413, 412, 385, 361, 362, 343, 311, 304, 281, 263, 222, 206, 205, 197
727, 699, 688, 658, 637, 621, 598, 580, 562, 535, 518, 502, 479, 457, 458, 434, 413, 412, 385, 361, 362, 343, 311, 304, 281, 263, 222, 206, 198
727, 728, 729, 730, 702, 691, 662, 663, 642, 626, 591, 574, 548, 525, 506, 507, 491, 469, 445, 421, 403, 377, 370, 337, 319, 299, 266, 258, 238, 201, 200, 199
