809, 852, 875, 891, 902, 944, 959, 973, 1000, 1015, 1047, 1071, 1093, 1102, 1125, 1150, 1169, 1196, 1209, 1229, 1256, 1270, 1292, 1316, 1337, 1355, 1371, 1396, 1423, 1449, 1463, 1493, 1504, 1529, 1538, 0
809, 852, 875, 891, 902, 944, 959, 973, 1000, 1015, 1047, 1071, 1093, 1102, 1125, 1150, 1169, 1196, 1209, 1229, 1256, 1270, 1292, 1316, 1337, 1355, 1371, 1396, 1423, 1449, 1463, 1493, 1504, 1529, 1538, 1
809, 852, 875, 891, 902, 944, 959, 973, 1000, 1015, 1047, 1071, 1093, 1102, 1125, 1150, 1169, 1196, 1209, 1229, 1256, 1269, 1291, 1315, 1336, 1354, 1370, 1398, 1424, 1448, 1462, 1491, 1503, 1530, 1537, 2
809, 852, 875, 891, 902, 944, 959, 973, 1000, 1015, 1047, 1071, 1093, 1102, 1125, 1150, 1169, 1196, 1209, 1229, 1256, 1269, 1291, 1315, 1336, 1354, 1370, 1398, 1424, 1448, 1462, 1491, 1503, 1530, 1537, 3
809, 852, 875, 891, 902, 944, 959, 973, 1000, 1015, 1047, 1072, 1094, 1101, 1124, 1151, 1170, 1199, 1207, 1226, 1254, 1289, 1310, 1313, 1334, 1352, 1389, 1399, 1425, 1447, 1461, 1490, 1502, 1531, 1536, 4
809, 852, 875, 891, 902, 944, 959, 973, 1000, 1015, 1047, 1072, 1094, 1101, 1124, 1151, 1170, 1199, 1207, 1226, 1254, 1289, 1310, 1313, 1334, 1352, 1388, 1400, 1426, 1444, 1460, 1488, 1501, 1532, 1535, 5
809, 785, 778, 757, 722, 717, 682, 674, 652, 653, 618, 602, 583, 560, 536, 517, 501, 481, 480, 456, 432, 415, 389, 388, 358, 347, 307, 288, 277, 246, 227, 212, 181, 172, 136, 116, 92, 69, 47, 45, 6
809, 785, 778, 757, 722, 717, 682, 674, 652, 653, 618, 602, 583, 560, 536, 517, 501, 481, 480, 456, 432, 415, 389, 388, 358, 347, 307, 288, 277, 246, 227, 212, 181, 172, 136, 116, 92, 69, 46, 44, 7
809, 785, 778, 757, 722, 717, 682, 674, 652, 653, 618, 602, 583, 560, 536, 517, 501, 481, 480, 456, 432, 415, 389, 388, 358, 347, 307, 288, 277, 246, 227, 212, 181, 172, 136, 116, 92, 69, 46, 44, 8
809, 785, 778, 757, 722, 717, 682, 674, 652, 653, 618, 602, 583, 560, 536, 517, 501, 481, 480, 456, 432, 415, 389, 388, 358, 347, 307, 288, 277, 246, 227, 212, 181, 172, 136, 116, 92, 69, 46, 44, 8, 9
809, 785, 778, 757, 722, 717, 682, 674, 652, 653, 618, 602, 583, 560, 536, 517, 501, 481, 480, 456, 432, 415, 389, 388, 358, 347, 307, 288, 277, 246, 227, 212, 181, 172, 136, 116, 92, 69, 46, 44, 43, 42, 10
809, 810, 811, 812, 830, 871, 895, 909, 939, 953, 979, 995, 1020, 1033, 1063, 1088, 1108, 1132, 1145, 1162, 1189, 1215, 1235, 1262, 1277, 1299, 1323, 1343, 1344, 1363, 1379, 1409, 1414, 1437, 1472, 1481, 1513, 1518, 1549, 1550, 11
809, 810, 811, 812, 830, 871, 895, 909, 939, 953, 979, 995, 1020, 1033, 1063, 1088, 1108, 1132, 1145, 1162, 1189, 1215, 1235, 1262, 1277, 1299, 1323, 1343, 1344, 1363, 1379, 1409, 1414, 1437, 1472, 1481, 1513, 1518, 1549, 12
809, 810, 811, 812, 830, 871, 895, 909, 939, 953, 979, 995, 1020, 1033, 1063, 1088, 1108, 1132, 1145, 1162, 1189, 1215, 1235, 1262, 1277, 1299, 1323, 1343, 1344, 1363, 1379, 1409, 1414, 1437, 1472, 1481, 1513, 1519, 1547, 13
809, 785, 778, 757, 722, 717, 682, 674, 652, 616, 604, 585, 557, 540, 514, 497, 463, 464, 465, 447, 424, 401, 375, 371, 336, 320, 298, 267, 257, 237, 199, 193, 162, 149, 124, 100, 77, 56, 35, 14
809, 785, 778, 757, 722, 717, 682, 674, 652, 616, 604, 585, 557, 540, 514, 497, 463, 451, 426, 399, 373, 374, 350, 349, 335, 322, 296, 268, 256, 236, 221, 192, 161, 148, 125, 101, 78, 57, 33, 15
809, 785, 778, 757, 722, 717, 682, 674, 652, 616, 604, 585, 557, 540, 514, 497, 463, 451, 426, 399, 373, 374, 350, 334, 323, 295, 269, 255, 235, 220, 191, 160, 147, 126, 103, 80, 58, 32, 16
809, 785, 778, 757, 722, 717, 682, 674, 652, 616, 604, 585, 558, 539, 515, 499, 462, 452, 427, 398, 372, 352, 331, 324, 294, 270, 254, 233, 219, 190, 159, 146, 127, 104, 81, 59, 31, 17
809, 785, 778, 757, 722, 717, 682, 674, 652, 616, 604, 585, 558, 539, 515, 499, 462, 452, 427, 398, 372, 352, 331, 324, 294, 270, 254, 233, 219, 190, 158, 145, 128, 105, 82, 60, 30, 18
809, 785, 778, 757, 722, 717, 682, 674, 652, 616, 604, 585, 558, 539, 515, 499, 462, 452, 427, 398, 372, 352, 331, 324, 294, 270, 254, 233, 219, 190, 158, 145, 128, 105, 82, 60, 30, 19
809, 785, 778, 757, 722, 717, 682, 674, 652, 616, 604, 585, 558, 539, 515, 499, 462, 452, 427, 398, 372, 352, 331, 324, 294, 270, 254, 233, 219, 190, 158, 145, 128, 105, 82, 60, 30, 19, 20
809, 852, 875, 891, 902, 944, 959, 973, 1000, 1015, 1047, 1071, 1093, 1102, 1125, 1150, 1169, 1196, 1209, 1229, 1256, 1270, 1292, 1316, 1337, 1355, 1371, 1396, 1423, 1449, 1463, 1493, 1505, 1528, 1539, 21
809, 852, 875, 891, 902, 944, 959, 973, 1000, 1015, 1047, 1072, 1094, 1101, 1124, 1151, 1170, 1199, 1207, 1226, 1254, 1289, 1310, 1313, 1334, 1352, 1388, 1400, 1426, 1444, 1460, 1488, 1501, 1532, 1535, 5, 22
809, 852, 875, 891, 902, 944, 959, 973, 1000, 1015, 1047, 1072, 1094, 1101, 1124, 1151, 1170, 1199, 1207, 1226, 1254, 1289, 1310, 1313, 1334, 1352, 1388, 1400, 1426, 1444, 1460, 1488, 1501, 1532, 1535, 5, 23
809, 852, 875, 891, 902, 944, 959, 973, 1000, 1015, 1047, 1072, 1094, 1101, 1124, 1151, 1170, 1199, 1207, 1226, 1254, 1289, 1310, 1313, 1334, 1352, 1389, 1399, 1425, 1447, 1461, 1490, 1502, 1531, 1536, 4, 24
809, 852, 875, 891, 902, 944, 959, 973, 1000, 1015, 1047, 1071, 1093, 1102, 1125, 1150, 1169, 1196, 1209, 1229, 1256, 1269, 1291, 1315, 1336, 1354, 1370, 1398, 1424, 1448, 1462, 1491, 1503, 1530, 1537, 3, 25
809, 852, 875, 891, 902, 944, 959, 973, 1000, 1015, 1047, 1071, 1093, 1102, 1125, 1150, 1169, 1196, 1209, 1229, 1256, 1270, 1292, 1316, 1337, 1355, 1371, 1396, 1423, 1449, 1463, 1493, 1504, 1529, 1538, 0, 26
809, 852, 875, 891, 902, 944, 959, 973, 1000, 1015, 1047, 1071, 1093, 1102, 1125, 1150, 1169, 1196, 1209, 1229, 1256, 1270, 1292, 1316, 1337, 1355, 1371, 1396, 1423, 1449, 1463, 1493, 1505, 1528, 1539, 21, 27
809, 852, 875, 891, 902, 944, 959, 973, 1000, 1015, 1047, 1071, 1093, 1102, 1125, 1150, 1169, 1196, 1209, 1229, 1256, 1270, 1292, 1316, 1337, 1355, 1371, 1396, 1423, 1449, 1463, 1493, 1505, 1528, 1539, 21, 28
809, 785, 778, 757, 722, 717, 682, 674, 652, 616, 604, 585, 558, 539, 515, 499, 462, 452, 427, 397, 392, 353, 330, 325, 293, 271, 252, 232, 217, 187, 156, 143, 130, 106, 83, 61, 29
809, 785, 778, 757, 722, 717, 682, 674, 652, 616, 604, 585, 558, 539, 515, 499, 462, 452, 427, 398, 372, 352, 331, 324, 294, 270, 254, 233, 219, 190, 158, 145, 128, 105, 82, 60, 30
809, 785, 778, 757, 722, 717, 682, 674, 652, 616, 604, 585, 558, 539, 515, 499, 462, 452, 427, 398, 372, 352, 331, 324, 294, 270, 254, 233, 219, 190, 159, 146, 127, 104, 81, 59, 31
809, 785, 778, 757, 722, 717, 682, 674, 652, 616, 604, 585, 557, 540, 514, 497, 463, 451, 426, 399, 373, 374, 350, 334, 323, 295, 269, 255, 235, 220, 191, 160, 147, 126, 103, 80, 58, 32
809, 785, 778, 757, 722, 717, 682, 674, 652, 616, 604, 585, 557, 540, 514, 497, 463, 451, 426, 399, 373, 374, 350, 349, 335, 322, 296, 268, 256, 236, 221, 192, 161, 148, 125, 101, 78, 57, 33
809, 785, 778, 757, 722, 717, 682, 674, 652, 616, 604, 585, 557, 540, 514, 497, 463, 451, 426, 399, 373, 374, 350, 349, 335, 322, 296, 268, 256, 236, 221, 192, 161, 148, 125, 101, 78, 57, 34
809, 785, 778, 757, 722, 717, 682, 674, 652, 616, 604, 585, 557, 540, 514, 497, 463, 464, 465, 447, 424, 401, 375, 371, 336, 320, 298, 267, 257, 237, 199, 193, 162, 149, 124, 100, 77, 56, 35
809, 810, 811, 812, 830, 871, 895, 909, 939, 953, 979, 995, 1020, 1033, 1063, 1088, 1108, 1132, 1145, 1162, 1189, 1215, 1235, 1262, 1277, 1299, 1323, 1343, 1344, 1363, 1379, 1409, 1414, 1437, 1472, 1481, 1513, 1519, 1547, 13, 36
809, 810, 811, 812, 830, 871, 895, 909, 939, 953, 979, 995, 1020, 1033, 1063, 1088, 1108, 1132, 1145, 1162, 1189, 1215, 1235, 1262, 1277, 1299, 1323, 1343, 1344, 1363, 1379, 1409, 1414, 1437, 1472, 1481, 1513, 1518, 1549, 12, 37
809, 810, 811, 812, 830, 871, 895, 909, 939, 953, 979, 995, 1020, 1033, 1063, 1088, 1108, 1132, 1145, 1162, 1189, 1215, 1235, 1262, 1277, 1299, 1323, 1343, 1344, 1363, 1379, 1409, 1414, 1437, 1472, 1481, 1513, 1518, 1549, 12, 38
809, 810, 811, 812, 830, 871, 895, 909, 939, 953, 979, 995, 1020, 1033, 1063, 1088, 1108, 1132, 1145, 1162, 1189, 1215, 1235, 1262, 1277, 1299, 1323, 1343, 1344, 1363, 1379, 1409, 1414, 1437, 1472, 1481, 1513, 1518, 1549, 12, 38, 39
809, 810, 811, 812, 830, 871, 895, 909, 939, 953, 979, 995, 1020, 1033, 1063, 1088, 1108, 1132, 1145, 1162, 1189, 1215, 1235, 1262, 1277, 1299, 1323, 1343, 1344, 1363, 1379, 1409, 1414, 1437, 1472, 1481, 1513, 1518, 1549, 12, 38, 39, 40
809, 785, 778, 757, 722, 717, 682, 674, 652, 653, 618, 602, 583, 560, 536, 517, 501, 481, 480, 456, 432, 415, 389, 388, 358, 347, 307, 288, 277, 246, 227, 212, 181, 172, 136, 116, 92, 69, 46, 44, 43, 42, 41
809, 785, 778, 757, 722, 717, 682, 674, 652, 653, 618, 602, 583, 560, 536, 517, 501, 481, 480, 456, 432, 415, 389, 388, 358, 347, 307, 288, 277, 246, 227, 212, 181, 172, 136, 116, 92, 69, 46, 44, 43, 42
809, 785, 778, 757, 722, 717, 682, 674, 652, 653, 618, 602, 583, 560, 536, 517, 501, 481, 480, 456, 432, 415, 389, 388, 358, 347, 307, 288, 277, 246, 227, 212, 181, 172, 136, 116, 92, 69, 46, 44, 43
809, 785, 778, 757, 722, 717, 682, 674, 652, 653, 618, 602, 583, 560, 536, 517, 501, 481, 480, 456, 432, 415, 389, 388, 358, 347, 307, 288, 277, 246, 227, 212, 181, 172, 136, 116, 92, 69, 46, 44
809, 785, 778, 757, 722, 717, 682, 674, 652, 653, 618, 602, 583, 560, 536, 517, 501, 481, 480, 456, 432, 415, 389, 388, 358, 347, 307, 288, 277, 246, 227, 212, 181, 172, 136, 116, 92, 69, 47, 45
809, 785, 778, 757, 722, 717, 682, 674, 652, 653, 618, 602, 583, 560, 536, 517, 501, 481, 480, 456, 432, 415, 389, 388, 358, 347, 307, 288, 277, 246, 227, 212, 181, 172, 136, 116, 92, 69, 46
809, 785, 778, 757, 722, 717, 682, 674, 652, 653, 618, 602, 583, 560, 536, 517, 501, 481, 480, 456, 432, 415, 389, 388, 358, 347, 307, 288, 277, 246, 227, 212, 181, 172, 136, 116, 92, 69, 47
809, 785, 778, 757, 722, 717, 682, 674, 652, 653, 618, 602, 583, 560, 536, 517, 501, 481, 480, 456, 432, 415, 389, 388, 358, 347, 307, 288, 277, 246, 227, 212, 181, 172, 136, 116, 92, 69, 46, 44, 48
809, 785, 778, 757, 722, 717, 682, 674, 652, 653, 618, 602, 583, 560, 536, 517, 501, 481, 480, 456, 432, 415, 389, 388, 358, 347, 307, 288, 277, 246, 227, 212, 181, 172, 136, 116, 92, 69, 46, 44, 48, 49
809, 785, 778, 757, 722, 717, 682, 674, 652, 653, 618, 602, 583, 560, 536, 535, 518, 502, 479, 457, 458, 434, 413, 412, 385, 361, 362, 343, 311, 304, 281, 263, 222, 206, 198, 169, 131, 120, 95, 73, 50
809, 810, 811, 812, 830, 871, 895, 909, 939, 953, 979, 995, 1020, 1033, 1063, 1088, 1108, 1132, 1145, 1162, 1189, 1215, 1235, 1262, 1277, 1299, 1323, 1343, 1344, 1363, 1379, 1409, 1414, 1437, 1472, 1481, 1513, 1518, 1549, 12, 38, 39, 40, 51
809, 810, 811, 812, 830, 871, 895, 909, 939, 953, 979, 995, 1020, 1033, 1063, 1088, 1108, 1132, 1145, 1162, 1189, 1215, 1235, 1262, 1277, 1299, 1323, 1343, 1344, 1363, 1379, 1409, 1414, 1437, 1472, 1481, 1513, 1518, 1549, 12, 38, 53, 52
809, 810, 811, 812, 830, 871, 895, 909, 939, 953, 979, 995, 1020, 1033, 1063, 1088, 1108, 1132, 1145, 1162, 1189, 1215, 1235, 1262, 1277, 1299, 1323, 1343, 1344, 1363, 1379, 1409, 1414, 1437, 1472, 1481, 1513, 1518, 1549, 12, 38, 53
809, 810, 811, 812, 830, 871, 895, 909, 939, 953, 979, 995, 1020, 1033, 1063, 1088, 1108, 1132, 1145, 1162, 1189, 1215, 1235, 1262, 1277, 1299, 1323, 1343, 1344, 1363, 1379, 1409, 1414, 1437, 1472, 1481, 1513, 1518, 1549, 12, 37, 54
809, 785, 778, 757, 722, 717, 682, 674, 652, 616, 604, 585, 557, 540, 514, 497, 463, 464, 465, 447, 424, 401, 375, 371, 336, 320, 298, 267, 257, 237, 199, 193, 162, 149, 124, 100, 77, 76, 55
809, 785, 778, 757, 722, 717, 682, 674, 652, 616, 604, 585, 557, 540, 514, 497, 463, 464, 465, 447, 424, 401, 375, 371, 336, 320, 298, 267, 257, 237, 199, 193, 162, 149, 124, 100, 77, 56
809, 785, 778, 757, 722, 717, 682, 674, 652, 616, 604, 585, 557, 540, 514, 497, 463, 451, 426, 399, 373, 374, 350, 349, 335, 322, 296, 268, 256, 236, 221, 192, 161, 148, 125, 101, 78, 57
809, 785, 778, 757, 722, 717, 682, 674, 652, 616, 604, 585, 557, 540, 514, 497, 463, 451, 426, 399, 373, 374, 350, 334, 323, 295, 269, 255, 235, 220, 191, 160, 147, 126, 103, 80, 58
809, 785, 778, 757, 722, 717, 682, 674, 652, 616, 604, 585, 558, 539, 515, 499, 462, 452, 427, 398, 372, 352, 331, 324, 294, 270, 254, 233, 219, 190, 159, 146, 127, 104, 81, 59
809, 785, 778, 757, 722, 717, 682, 674, 652, 616, 604, 585, 558, 539, 515, 499, 462, 452, 427, 398, 372, 352, 331, 324, 294, 270, 254, 233, 219, 190, 158, 145, 128, 105, 82, 60
809, 785, 778, 757, 722, 717, 682, 674, 652, 616, 604, 585, 558, 539, 515, 499, 462, 452, 427, 397, 392, 353, 330, 325, 293, 271, 252, 232, 217, 187, 156, 143, 130, 106, 83, 61
809, 785, 778, 757, 722, 717, 682, 674, 652, 653, 618, 602, 583, 560, 536, 517, 501, 481, 455, 431, 394, 390, 355, 328, 327, 291, 274, 250, 230, 216, 185, 177, 142, 110, 107, 84, 62
809, 785, 778, 757, 722, 717, 682, 674, 652, 653, 618, 602, 583, 560, 536, 517, 501, 481, 455, 431, 394, 390, 355, 328, 327, 291, 274, 250, 230, 216, 185, 177, 142, 110, 107, 84, 63
809, 785, 778, 757, 722, 717, 682, 674, 652, 653, 618, 602, 583, 560, 536, 517, 501, 481, 455, 431, 394, 390, 355, 328, 327, 291, 274, 250, 230, 216, 185, 177, 142, 110, 108, 85, 64
809, 785, 778, 757, 722, 717, 682, 674, 652, 653, 618, 602, 583, 560, 536, 517, 501, 481, 480, 456, 432, 415, 389, 357, 348, 306, 289, 276, 247, 228, 213, 183, 175, 140, 113, 89, 86, 65
809, 785, 778, 757, 722, 717, 682, 674, 652, 653, 618, 602, 583, 560, 536, 517, 501, 481, 480, 456, 432, 415, 389, 388, 358, 347, 307, 288, 277, 246, 227, 212, 182, 173, 139, 114, 90, 87, 66
809, 785, 778, 757, 722, 717, 682, 674, 652, 653, 618, 602, 583, 560, 536, 517, 501, 481, 480, 456, 432, 415, 389, 388, 358, 347, 307, 288, 277, 246, 227, 212, 181, 172, 137, 115, 91, 88, 67
809, 785, 778, 757, 722, 717, 682, 674, 652, 653, 618, 602, 583, 560, 536, 517, 501, 481, 480, 456, 432, 415, 389, 388, 358, 347, 307, 288, 277, 246, 227, 212, 181, 172, 137, 115, 91, 68
809, 785, 778, 757, 722, 717, 682, 674, 652, 653, 618, 602, 583, 560, 536, 517, 501, 481, 480, 456, 432, 415, 389, 388, 358, 347, 307, 288, 277, 246, 227, 212, 181, 172, 136, 116, 92, 69
809, 785, 778, 757, 722, 717, 682, 674, 652, 653, 618, 602, 583, 560, 536, 517, 501, 481, 480, 456, 432, 415, 389, 388, 358, 347, 307, 288, 277, 246, 227, 212, 181, 172, 136, 116, 92, 69, 70
809, 785, 778, 757, 722, 717, 682, 674, 652, 653, 618, 602, 583, 560, 536, 517, 501, 481, 480, 456, 432, 415, 389, 388, 358, 347, 307, 288, 277, 246, 227, 212, 181, 172, 136, 116, 92, 69, 70, 71
809, 785, 778, 757, 722, 717, 682, 674, 652, 653, 618, 602, 583, 560, 536, 517, 501, 481, 480, 456, 432, 415, 389, 388, 358, 347, 307, 288, 277, 246, 227, 212, 181, 172, 136, 116, 117, 118, 94, 72
809, 785, 778, 757, 722, 717, 682, 674, 652, 653, 618, 602, 583, 560, 536, 535, 518, 502, 479, 457, 458, 434, 413, 412, 385, 361, 362, 343, 311, 304, 281, 263, 222, 206, 198, 169, 131, 120, 95, 73
809, 810, 811, 812, 830, 871, 895, 909, 939, 953, 979, 995, 1020, 1033, 1063, 1088, 1108, 1132, 1145, 1162, 1189, 1215, 1235, 1262, 1277, 1299, 1323, 1343, 1344, 1363, 1379, 1409, 1414, 1437, 1472, 1481, 1513, 1518, 1549, 12, 38, 53, 74
809, 785, 778, 757, 722, 716, 715, 681, 672, 650, 633, 607, 587, 588, 553, 544, 510, 494, 466, 446, 422, 402, 376, 370, 337, 319, 299, 266, 258, 238, 201, 194, 164, 165, 152, 122, 98, 75
809, 785, 778, 757, 722, 717, 682, 674, 652, 616, 604, 585, 557, 540, 514, 497, 463, 464, 465, 447, 424, 401, 375, 371, 336, 320, 298, 267, 257, 237, 199, 193, 162, 149, 124, 100, 77, 76
809, 785, 778, 757, 722, 717, 682, 674, 652, 616, 604, 585, 557, 540, 514, 497, 463, 464, 465, 447, 424, 401, 375, 371, 336, 320, 298, 267, 257, 237, 199, 193, 162, 149, 124, 100, 77
809, 785, 778, 757, 722, 717, 682, 674, 652, 616, 604, 585, 557, 540, 514, 497, 463, 451, 426, 399, 373, 374, 350, 349, 335, 322, 296, 268, 256, 236, 221, 192, 161, 148, 125, 101, 78
809, 785, 778, 757, 722, 717, 682, 674, 652, 616, 604, 585, 557, 540, 514, 497, 463, 451, 426, 399, 373, 374, 350, 334, 323, 295, 269, 255, 235, 220, 191, 160, 147, 126, 102, 79
809, 785, 778, 757, 722, 717, 682, 674, 652, 616, 604, 585, 557, 540, 514, 497, 463, 451, 426, 399, 373, 374, 350, 334, 323, 295, 269, 255, 235, 220, 191, 160, 147, 126, 103, 80
809, 785, 778, 757, 722, 717, 682, 674, 652, 616, 604, 585, 558, 539, 515, 499, 462, 452, 427, 398, 372, 352, 331, 324, 294, 270, 254, 233, 219, 190, 159, 146, 127, 104, 81
809, 785, 778, 757, 722, 717, 682, 674, 652, 616, 604, 585, 558, 539, 515, 499, 462, 452, 427, 398, 372, 352, 331, 324, 294, 270, 254, 233, 219, 190, 158, 145, 128, 105, 82
809, 785, 778, 757, 722, 717, 682, 674, 652, 616, 604, 585, 558, 539, 515, 499, 462, 452, 427, 397, 392, 353, 330, 325, 293, 271, 252, 232, 217, 187, 156, 143, 130, 106, 83
809, 785, 778, 757, 722, 717, 682, 674, 652, 653, 618, 602, 583, 560, 536, 517, 501, 481, 455, 431, 394, 390, 355, 328, 327, 291, 274, 250, 230, 216, 185, 177, 142, 110, 107, 84
809, 785, 778, 757, 722, 717, 682, 674, 652, 653, 618, 602, 583, 560, 536, 517, 501, 481, 455, 431, 394, 390, 355, 328, 327, 291, 274, 250, 230, 216, 185, 177, 142, 110, 108, 85
809, 785, 778, 757, 722, 717, 682, 674, 652, 653, 618, 602, 583, 560, 536, 517, 501, 481, 480, 456, 432, 415, 389, 357, 348, 306, 289, 276, 247, 228, 213, 183, 175, 140, 113, 89, 86
809, 785, 778, 757, 722, 717, 682, 674, 652, 653, 618, 602, 583, 560, 536, 517, 501, 481, 480, 456, 432, 415, 389, 388, 358, 347, 307, 288, 277, 246, 227, 212, 182, 173, 139, 114, 90, 87
809, 785, 778, 757, 722, 717, 682, 674, 652, 653, 618, 602, 583, 560, 536, 517, 501, 481, 480, 456, 432, 415, 389, 388, 358, 347, 307, 288, 277, 246, 227, 212, 181, 172, 137, 115, 91, 88
809, 785, 778, 757, 722, 717, 682, 674, 652, 653, 618, 602, 583, 560, 536, 517, 501, 481, 480, 456, 432, 415, 389, 357, 348, 306, 289, 276, 247, 228, 213, 183, 175, 140, 113, 89
809, 785, 778, 757, 722, 717, 682, 674, 652, 653, 618, 602, 583, 560, 536, 517, 501, 481, 480, 456, 432, 415, 389, 388, 358, 347, 307, 288, 277, 246, 227, 212, 182, 173, 139, 114, 90
809, 785, 778, 757, 722, 717, 682, 674, 652, 653, 618, 602, 583, 560, 536, 517, 501, 481, 480, 456, 432, 415, 389, 388, 358, 347, 307, 288, 277, 246, 227, 212, 181, 172, 137, 115, 91
809, 785, 778, 757, 722, 717, 682, 674, 652, 653, 618, 602, 583, 560, 536, 517, 501, 481, 480, 456, 432, 415, 389, 388, 358, 347, 307, 288, 277, 246, 227, 212, 181, 172, 136, 116, 92
809, 785, 778, 757, 722, 717, 682, 674, 652, 653, 618, 602, 583, 560, 536, 517, 501, 481, 480, 456, 432, 415, 389, 388, 358, 347, 307, 288, 277, 246, 227, 212, 181, 172, 136, 116, 92, 93
809, 785, 778, 757, 722, 717, 682, 674, 652, 653, 618, 602, 583, 560, 536, 517, 501, 481, 480, 456, 432, 415, 389, 388, 358, 347, 307, 288, 277, 246, 227, 212, 181, 172, 136, 116, 117, 118, 94
809, 785, 778, 757, 722, 717, 682, 674, 652, 653, 618, 602, 583, 560, 536, 535, 518, 502, 479, 457, 458, 434, 413, 412, 385, 361, 362, 343, 311, 304, 281, 263, 222, 206, 198, 169, 131, 120, 95
809, 785, 778, 757, 722, 717, 682, 674, 652, 653, 618, 602, 583, 560, 536, 535, 518, 502, 479, 457, 458, 434, 413, 412, 385, 361, 362, 343, 311, 304, 281, 263, 222, 206, 198, 167, 154, 121, 96
809, 785, 778, 757, 722, 716, 715, 681, 672, 650, 633, 607, 587, 588, 553, 544, 510, 494, 466, 446, 422, 402, 376, 370, 337, 319, 299, 266, 258, 238, 201, 194, 164, 165, 152, 122, 97
809, 785, 778, 757, 722, 716, 715, 681, 672, 650, 633, 607, 587, 588, 553, 544, 510, 494, 466, 446, 422, 402, 376, 370, 337, 319, 299, 266, 258, 238, 201, 194, 164, 165, 152, 122, 98
809, 785, 778, 757, 722, 716, 715, 681, 672, 650, 633, 607, 587, 588, 553, 544, 510, 494, 466, 446, 422, 402, 376, 370, 337, 319, 299, 266, 258, 238, 201, 194, 164, 151, 123, 99
809, 785, 778, 757, 722, 717, 682, 674, 652, 616, 604, 585, 557, 540, 514, 497, 463, 464, 465, 447, 424, 401, 375, 371, 336, 320, 298, 267, 257, 237, 199, 193, 162, 149, 124, 100
809, 785, 778, 757, 722, 717, 682, 674, 652, 616, 604, 585, 557, 540, 514, 497, 463, 451, 426, 399, 373, 374, 350, 349, 335, 322, 296, 268, 256, 236, 221, 192, 161, 148, 125, 101
809, 785, 778, 757, 722, 717, 682, 674, 652, 616, 604, 585, 557, 540, 514, 497, 463, 451, 426, 399, 373, 374, 350, 334, 323, 295, 269, 255, 235, 220, 191, 160, 147, 126, 102
809, 785, 778, 757, 722, 717, 682, 674, 652, 616, 604, 585, 557, 540, 514, 497, 463, 451, 426, 399, 373, 374, 350, 334, 323, 295, 269, 255, 235, 220, 191, 160, 147, 126, 103
809, 785, 778, 757, 722, 717, 682, 674, 652, 616, 604, 585, 558, 539, 515, 499, 462, 452, 427, 398, 372, 352, 331, 324, 294, 270, 254, 233, 219, 190, 159, 146, 127, 104
809, 785, 778, 757, 722, 717, 682, 674, 652, 616, 604, 585, 558, 539, 515, 499, 462, 452, 427, 398, 372, 352, 331, 324, 294, 270, 254, 233, 219, 190, 158, 145, 128, 105
809, 785, 778, 757, 722, 717, 682, 674, 652, 616, 604, 585, 558, 539, 515, 499, 462, 452, 427, 397, 392, 353, 330, 325, 293, 271, 252, 232, 217, 187, 156, 143, 130, 106
809, 785, 778, 757, 722, 717, 682, 674, 652, 653, 618, 602, 583, 560, 536, 517, 501, 481, 455, 431, 394, 390, 355, 328, 327, 291, 274, 250, 230, 216, 185, 177, 142, 110, 107
809, 785, 778, 757, 722, 717, 682, 674, 652, 653, 618, 602, 583, 560, 536, 517, 501, 481, 455, 431, 394, 390, 355, 328, 327, 291, 274, 250, 230, 216, 185, 177, 142, 110, 108
809, 785, 778, 757, 722, 717, 682, 674, 652, 653, 618, 602, 583, 560, 536, 517, 501, 481, 480, 456, 432, 415, 389, 357, 348, 306, 290, 275, 249, 229, 214, 184, 176, 141, 111, 109
809, 785, 778, 757, 722, 717, 682, 674, 652, 653, 618, 602, 583, 560, 536, 517, 501, 481, 455, 431, 394, 390, 355, 328, 327, 291, 274, 250, 230, 216, 185, 177, 142, 110
809, 785, 778, 757, 722, 717, 682, 674, 652, 653, 618, 602, 583, 560, 536, 517, 501, 481, 480, 456, 432, 415, 389, 357, 348, 306, 290, 275, 249, 229, 214, 184, 176, 141, 111
809, 785, 778, 757, 722, 717, 682, 674, 652, 653, 618, 602, 583, 560, 536, 517, 501, 481, 480, 456, 432, 415, 389, 357, 348, 306, 289, 276, 247, 228, 213, 183, 175, 140, 112
809, 785, 778, 757, 722, 717, 682, 674, 652, 653, 618, 602, 583, 560, 536, 517, 501, 481, 480, 456, 432, 415, 389, 357, 348, 306, 289, 276, 247, 228, 213, 183, 175, 140, 113
809, 785, 778, 757, 722, 717, 682, 674, 652, 653, 618, 602, 583, 560, 536, 517, 501, 481, 480, 456, 432, 415, 389, 388, 358, 347, 307, 288, 277, 246, 227, 212, 182, 173, 139, 114
809, 785, 778, 757, 722, 717, 682, 674, 652, 653, 618, 602, 583, 560, 536, 517, 501, 481, 480, 456, 432, 415, 389, 388, 358, 347, 307, 288, 277, 246, 227, 212, 181, 172, 137, 115
809, 785, 778, 757, 722, 717, 682, 674, 652, 653, 618, 602, 583, 560, 536, 517, 501, 481, 480, 456, 432, 415, 389, 388, 358, 347, 307, 288, 277, 246, 227, 212, 181, 172, 136, 116
809, 785, 778, 757, 722, 717, 682, 674, 652, 653, 618, 602, 583, 560, 536, 517, 501, 481, 480, 456, 432, 415, 389, 388, 358, 347, 307, 288, 277, 246, 227, 212, 181, 172, 136, 116, 117
809, 785, 778, 757, 722, 717, 682, 674, 652, 653, 618, 602, 583, 560, 536, 517, 501, 481, 480, 456, 432, 415, 389, 388, 358, 347, 307, 288, 277, 246, 227, 212, 181, 172, 136, 116, 117, 118
809, 785, 778, 757, 722, 717, 682, 674, 652, 653, 618, 602, 583, 560, 536, 517, 501, 481, 480, 456, 432, 415, 389, 388, 358, 347, 307, 288, 277, 246, 227, 212, 181, 172, 136, 116, 117, 118, 119
809, 785, 778, 757, 722, 717, 682, 674, 652, 653, 618, 602, 583, 560, 536, 535, 518, 502, 479, 457, 458, 434, 413, 412, 385, 361, 362, 343, 311, 304, 281, 263, 222, 206, 198, 169, 131, 120
809, 785, 778, 757, 722, 717, 682, 674, 652, 653, 618, 602, 583, 560, 536, 535, 518, 502, 479, 457, 458, 434, 413, 412, 385, 361, 362, 343, 311, 304, 281, 263, 222, 206, 198, 167, 154, 121
809, 785, 778, 757, 722, 716, 715, 681, 672, 650, 633, 607, 587, 588, 553, 544, 510, 494, 466, 446, 422, 402, 376, 370, 337, 319, 299, 266, 258, 238, 201, 194, 164, 165, 152, 122
809, 785, 778, 757, 722, 716, 715, 681, 672, 650, 633, 607, 587, 588, 553, 544, 510, 494, 466, 446, 422, 402, 376, 370, 337, 319, 299, 266, 258, 238, 201, 194, 164, 151, 123
809, 785, 778, 757, 722, 717, 682, 674, 652, 616, 604, 585, 557, 540, 514, 497, 463, 464, 465, 447, 424, 401, 375, 371, 336, 320, 298, 267, 257, 237, 199, 193, 162, 149, 124
809, 785, 778, 757, 722, 717, 682, 674, 652, 616, 604, 585, 557, 540, 514, 497, 463, 451, 426, 399, 373, 374, 350, 349, 335, 322, 296, 268, 256, 236, 221, 192, 161, 148, 125
809, 785, 778, 757, 722, 717, 682, 674, 652, 616, 604, 585, 557, 540, 514, 497, 463, 451, 426, 399, 373, 374, 350, 334, 323, 295, 269, 255, 235, 220, 191, 160, 147, 126
809, 785, 778, 757, 722, 717, 682, 674, 652, 616, 604, 585, 558, 539, 515, 499, 462, 452, 427, 398, 372, 352, 331, 324, 294, 270, 254, 233, 219, 190, 159, 146, 127
809, 785, 778, 757, 722, 717, 682, 674, 652, 616, 604, 585, 558, 539, 515, 499, 462, 452, 427, 398, 372, 352, 331, 324, 294, 270, 254, 233, 219, 190, 158, 145, 128
809, 785, 778, 757, 722, 717, 682, 674, 652, 616, 604, 585, 558, 539, 515, 499, 462, 452, 427, 398, 372, 352, 331, 324, 294, 270, 254, 233, 219, 190, 158, 145, 129
809, 785, 778, 757, 722, 717, 682, 674, 652, 616, 604, 585, 558, 539, 515, 499, 462, 452, 427, 397, 392, 353, 330, 325, 293, 271, 252, 232, 217, 187, 156, 143, 130
809, 785, 778, 757, 722, 717, 682, 674, 652, 653, 618, 602, 583, 560, 536, 535, 518, 502, 479, 457, 458, 434, 413, 412, 385, 361, 362, 343, 311, 304, 281, 263, 222, 206, 198, 169, 131
809, 785, 778, 757, 722, 717, 682, 674, 652, 653, 618, 602, 583, 560, 536, 517, 501, 481, 480, 456, 432, 415, 389, 388, 358, 347, 307, 288, 277, 246, 227, 226, 210, 179, 171, 170, 133, 132
809, 785, 778, 757, 722, 717, 682, 674, 652, 653, 618, 602, 583, 560, 536, 517, 501, 481, 480, 456, 432, 415, 389, 388, 358, 347, 307, 288, 277, 246, 227, 226, 210, 179, 171, 170, 133
809, 785, 778, 757, 722, 717, 682, 674, 652, 653, 618, 602, 583, 560, 536, 517, 501, 481, 480, 456, 432, 415, 389, 388, 358, 347, 307, 288, 277, 246, 227, 226, 210, 179, 171, 170, 134
809, 785, 778, 757, 722, 717, 682, 674, 652, 653, 618, 602, 583, 560, 536, 517, 501, 481, 480, 456, 432, 415, 389, 388, 358, 347, 307, 288, 277, 246, 227, 212, 181, 172, 136, 135
809, 785, 778, 757, 722, 717, 682, 674, 652, 653, 618, 602, 583, 560, 536, 517, 501, 481, 480, 456, 432, 415, 389, 388, 358, 347, 307, 288, 277, 246, 227, 212, 181, 172, 136
809, 785, 778, 757, 722, 717, 682, 674, 652, 653, 618, 602, 583, 560, 536, 517, 501, 481, 480, 456, 432, 415, 389, 388, 358, 347, 307, 288, 277, 246, 227, 212, 181, 172, 137
809, 785, 778, 757, 722, 717, 682, 674, 652, 653, 618, 602, 583, 560, 536, 517, 501, 481, 480, 456, 432, 415, 389, 388, 358, 347, 307, 288, 277, 246, 227, 212, 182, 173, 138
809, 785, 778, 757, 722, 717, 682, 674, 652, 653, 618, 602, 583, 560, 536, 517, 501, 481, 480, 456, 432, 415, 389, 388, 358, 347, 307, 288, 277, 246, 227, 212, 182, 173, 139
809, 785, 778, 757, 722, 717, 682, 674, 652, 653, 618, 602, 583, 560, 536, 517, 501, 481, 480, 456, 432, 415, 389, 357, 348, 306, 289, 276, 247, 228, 213, 183, 175, 140
809, 785, 778, 757, 722, 717, 682, 674, 652, 653, 618, 602, 583, 560, 536, 517, 501, 481, 480, 456, 432, 415, 389, 357, 348, 306, 290, 275, 249, 229, 214, 184, 176, 141
809, 785, 778, 757, 722, 717, 682, 674, 652, 653, 618, 602, 583, 560, 536, 517, 501, 481, 455, 431, 394, 390, 355, 328, 327, 291, 274, 250, 230, 216, 185, 177, 142
809, 785, 778, 757, 722, 717, 682, 674, 652, 616, 604, 585, 558, 539, 515, 499, 462, 452, 427, 397, 392, 353, 330, 325, 293, 271, 252, 232, 217, 187, 156, 143
809, 785, 778, 757, 722, 717, 682, 674, 652, 616, 604, 585, 558, 539, 515, 499, 462, 452, 427, 398, 372, 352, 331, 324, 294, 270, 254, 233, 219, 190, 158, 144
809, 785, 778, 757, 722, 717, 682, 674, 652, 616, 604, 585, 558, 539, 515, 499, 462, 452, 427, 398, 372, 352, 331, 324, 294, 270, 254, 233, 219, 190, 158, 145
809, 785, 778, 757, 722, 717, 682, 674, 652, 616, 604, 585, 558, 539, 515, 499, 462, 452, 427, 398, 372, 352, 331, 324, 294, 270, 254, 233, 219, 190, 159, 146
809, 785, 778, 757, 722, 717, 682, 674, 652, 616, 604, 585, 557, 540, 514, 497, 463, 451, 426, 399, 373, 374, 350, 334, 323, 295, 269, 255, 235, 220, 191, 160, 147
809, 785, 778, 757, 722, 717, 682, 674, 652, 616, 604, 585, 557, 540, 514, 497, 463, 451, 426, 399, 373, 374, 350, 349, 335, 322, 296, 268, 256, 236, 221, 192, 161, 148
809, 785, 778, 757, 722, 717, 682, 674, 652, 616, 604, 585, 557, 540, 514, 497, 463, 464, 465, 447, 424, 401, 375, 371, 336, 320, 298, 267, 257, 237, 199, 193, 162, 149
809, 785, 778, 757, 722, 717, 682, 674, 652, 616, 604, 585, 557, 540, 514, 497, 463, 464, 465, 447, 424, 401, 375, 371, 336, 320, 298, 267, 257, 237, 199, 193, 163, 150
809, 785, 778, 757, 722, 716, 715, 681, 672, 650, 633, 607, 587, 588, 553, 544, 510, 494, 466, 446, 422, 402, 376, 370, 337, 319, 299, 266, 258, 238, 201, 194, 164, 151
809, 785, 778, 757, 722, 716, 715, 681, 672, 650, 633, 607, 587, 588, 553, 544, 510, 494, 466, 446, 422, 402, 376, 370, 337, 319, 299, 266, 258, 238, 201, 194, 164, 165, 152
809, 785, 778, 757, 722, 717, 682, 674, 652, 653, 618, 602, 583, 560, 536, 535, 518, 502, 479, 457, 458, 434, 413, 412, 385, 361, 362, 343, 311, 304, 281, 263, 222, 206, 198, 167, 154, 153
809, 785, 778, 757, 722, 717, 682, 674, 652, 653, 618, 602, 583, 560, 536, 535, 518, 502, 479, 457, 458, 434, 413, 412, 385, 361, 362, 343, 311, 304, 281, 263, 222, 206, 198, 167, 154
809, 785, 778, 757, 722, 717, 682, 674, 652, 653, 618, 602, 583, 560, 536, 535, 518, 502, 479, 457, 458, 434, 413, 412, 385, 361, 362, 343, 311, 304, 281, 263, 222, 206, 198, 168, 155
809, 785, 778, 757, 722, 717, 682, 674, 652, 616, 604, 585, 558, 539, 515, 499, 462, 452, 427, 397, 392, 353, 330, 325, 293, 271, 252, 232, 217, 187, 156
809, 785, 778, 757, 722, 717, 682, 674, 652, 616, 604, 585, 558, 539, 515, 499, 462, 452, 427, 398, 372, 352, 331, 324, 294, 270, 254, 233, 219, 190, 158, 157
809, 785, 778, 757, 722, 717, 682, 674, 652, 616, 604, 585, 558, 539, 515, 499, 462, 452, 427, 398, 372, 352, 331, 324, 294, 270, 254, 233, 219, 190, 158
809, 785, 778, 757, 722, 717, 682, 674, 652, 616, 604, 585, 558, 539, 515, 499, 462, 452, 427, 398, 372, 352, 331, 324, 294, 270, 254, 233, 219, 190, 159
809, 785, 778, 757, 722, 717, 682, 674, 652, 616, 604, 585, 557, 540, 514, 497, 463, 451, 426, 399, 373, 374, 350, 334, 323, 295, 269, 255, 235, 220, 191, 160
809, 785, 778, 757, 722, 717, 682, 674, 652, 616, 604, 585, 557, 540, 514, 497, 463, 451, 426, 399, 373, 374, 350, 349, 335, 322, 296, 268, 256, 236, 221, 192, 161
809, 785, 778, 757, 722, 717, 682, 674, 652, 616, 604, 585, 557, 540, 514, 497, 463, 464, 465, 447, 424, 401, 375, 371, 336, 320, 298, 267, 257, 237, 199, 193, 162
809, 785, 778, 757, 722, 717, 682, 674, 652, 616, 604, 585, 557, 540, 514, 497, 463, 464, 465, 447, 424, 401, 375, 371, 336, 320, 298, 267, 257, 237, 199, 193, 163
809, 785, 778, 757, 722, 716, 715, 681, 672, 650, 633, 607, 587, 588, 553, 544, 510, 494, 466, 446, 422, 402, 376, 370, 337, 319, 299, 266, 258, 238, 201, 194, 164
809, 785, 778, 757, 722, 716, 715, 681, 672, 650, 633, 607, 587, 588, 553, 544, 510, 494, 466, 446, 422, 402, 376, 370, 337, 319, 299, 266, 258, 238, 201, 194, 164, 165
809, 785, 778, 757, 722, 716, 715, 681, 672, 650, 633, 607, 587, 588, 553, 544, 510, 494, 493, 467, 445, 421, 403, 378, 369, 338, 318, 300, 265, 260, 240, 203, 204, 196, 166
809, 785, 778, 757, 722, 717, 682, 674, 652, 653, 618, 602, 583, 560, 536, 535, 518, 502, 479, 457, 458, 434, 413, 412, 385, 361, 362, 343, 311, 304, 281, 263, 222, 206, 198, 167
809, 785, 778, 757, 722, 717, 682, 674, 652, 653, 618, 602, 583, 560, 536, 535, 518, 502, 479, 457, 458, 434, 413, 412, 385, 361, 362, 343, 311, 304, 281, 263, 222, 206, 198, 168
809, 785, 778, 757, 722, 717, 682, 674, 652, 653, 618, 602, 583, 560, 536, 535, 518, 502, 479, 457, 458, 434, 413, 412, 385, 361, 362, 343, 311, 304, 281, 263, 222, 206, 198, 169
809, 785, 778, 757, 722, 717, 682, 674, 652, 653, 618, 602, 583, 560, 536, 517, 501, 481, 480, 456, 432, 415, 389, 388, 358, 347, 307, 288, 277, 246, 227, 226, 210, 179, 171, 170
809, 785, 778, 757, 722, 717, 682, 674, 652, 653, 618, 602, 583, 560, 536, 517, 501, 481, 480, 456, 432, 415, 389, 388, 358, 347, 307, 288, 277, 246, 227, 226, 210, 179, 171
809, 785, 778, 757, 722, 717, 682, 674, 652, 653, 618, 602, 583, 560, 536, 517, 501, 481, 480, 456, 432, 415, 389, 388, 358, 347, 307, 288, 277, 246, 227, 212, 181, 172
809, 785, 778, 757, 722, 717, 682, 674, 652, 653, 618, 602, 583, 560, 536, 517, 501, 481, 480, 456, 432, 415, 389, 388, 358, 347, 307, 288, 277, 246, 227, 212, 182, 173
809, 785, 778, 757, 722, 717, 682, 674, 652, 653, 618, 602, 583, 560, 536, 517, 501, 481, 480, 456, 432, 415, 389, 388, 358, 347, 307, 288, 277, 246, 227, 212, 182, 174
809, 785, 778, 757, 722, 717, 682, 674, 652, 653, 618, 602, 583, 560, 536, 517, 501, 481, 480, 456, 432, 415, 389, 357, 348, 306, 289, 276, 247, 228, 213, 183, 175
809, 785, 778, 757, 722, 717, 682, 674, 652, 653, 618, 602, 583, 560, 536, 517, 501, 481, 480, 456, 432, 415, 389, 357, 348, 306, 290, 275, 249, 229, 214, 184, 176
809, 785, 778, 757, 722, 717, 682, 674, 652, 653, 618, 602, 583, 560, 536, 517, 501, 481, 455, 431, 394, 390, 355, 328, 327, 291, 274, 250, 230, 216, 185, 177
809, 785, 778, 757, 722, 717, 682, 674, 652, 653, 618, 602, 583, 560, 536, 517, 501, 481, 480, 456, 432, 415, 389, 388, 358, 347, 307, 288, 277, 278, 279, 243, 224, 207, 178
809, 785, 778, 757, 722, 717, 682, 674, 652, 653, 618, 602, 583, 560, 536, 517, 501, 481, 480, 456, 432, 415, 389, 388, 358, 347, 307, 288, 277, 246, 227, 226, 210, 179
809, 785, 778, 757, 722, 717, 682, 674, 652, 653, 618, 602, 583, 560, 536, 517, 501, 481, 480, 456, 432, 415, 389, 388, 358, 347, 307, 288, 277, 246, 227, 212, 181, 180
809, 785, 778, 757, 722, 717, 682, 674, 652, 653, 618, 602, 583, 560, 536, 517, 501, 481, 480, 456, 432, 415, 389, 388, 358, 347, 307, 288, 277, 246, 227, 212, 181
809, 785, 778, 757, 722, 717, 682, 674, 652, 653, 618, 602, 583, 560, 536, 517, 501, 481, 480, 456, 432, 415, 389, 388, 358, 347, 307, 288, 277, 246, 227, 212, 182
809, 785, 778, 757, 722, 717, 682, 674, 652, 653, 618, 602, 583, 560, 536, 517, 501, 481, 480, 456, 432, 415, 389, 357, 348, 306, 289, 276, 247, 228, 213, 183
809, 785, 778, 757, 722, 717, 682, 674, 652, 653, 618, 602, 583, 560, 536, 517, 501, 481, 480, 456, 432, 415, 389, 357, 348, 306, 290, 275, 249, 229, 214, 184
809, 785, 778, 757, 722, 717, 682, 674, 652, 653, 618, 602, 583, 560, 536, 517, 501, 481, 455, 431, 394, 390, 355, 328, 327, 291, 274, 250, 230, 216, 185
809, 785, 778, 757, 722, 717, 682, 674, 652, 653, 618, 602, 583, 560, 536, 517, 501, 481, 455, 431, 394, 390, 355, 328, 327, 291, 274, 250, 230, 216, 186
809, 785, 778, 757, 722, 717, 682, 674, 652, 616, 604, 585, 558, 539, 515, 499, 462, 452, 427, 397, 392, 353, 330, 325, 293, 271, 252, 232, 217, 187
809, 785, 778, 757, 722, 717, 682, 674, 652, 616, 604, 585, 558, 539, 515, 499, 462, 452, 427, 397, 392, 353, 330, 325, 293, 271, 252, 232, 217, 188
809, 785, 778, 757, 722, 717, 682, 674, 652, 616, 604, 585, 558, 539, 515, 499, 462, 452, 427, 397, 392, 353, 330, 325, 293, 271, 252, 232, 218, 189
809, 785, 778, 757, 722, 717, 682, 674, 652, 616, 604, 585, 558, 539, 515, 499, 462, 452, 427, 398, 372, 352, 331, 324, 294, 270, 254, 233, 219, 190
809, 785, 778, 757, 722, 717, 682, 674, 652, 616, 604, 585, 557, 540, 514, 497, 463, 451, 426, 399, 373, 374, 350, 334, 323, 295, 269, 255, 235, 220, 191
809, 785, 778, 757, 722, 717, 682, 674, 652, 616, 604, 585, 557, 540, 514, 497, 463, 451, 426, 399, 373, 374, 350, 349, 335, 322, 296, 268, 256, 236, 221, 192
809, 785, 778, 757, 722, 717, 682, 674, 652, 616, 604, 585, 557, 540, 514, 497, 463, 464, 465, 447, 424, 401, 375, 371, 336, 320, 298, 267, 257, 237, 199, 193
809, 785, 778, 757, 722, 716, 715, 681, 672, 650, 633, 607, 587, 588, 553, 544, 510, 494, 466, 446, 422, 402, 376, 370, 337, 319, 299, 266, 258, 238, 201, 194
809, 785, 778, 757, 722, 716, 715, 681, 672, 650, 633, 607, 587, 588, 553, 544, 510, 494, 493, 467, 445, 421, 403, 378, 369, 338, 318, 300, 265, 260, 239, 202, 195
809, 785, 778, 757, 722, 716, 715, 681, 672, 650, 633, 607, 587, 588, 553, 544, 510, 494, 493, 467, 445, 421, 403, 378, 369, 338, 318, 300, 265, 260, 240, 203, 204, 196
809, 785, 778, 757, 722, 717, 682, 674, 652, 653, 618, 602, 583, 560, 536, 535, 518, 502, 479, 457, 458, 434, 413, 412, 385, 361, 362, 343, 311, 304, 281, 263, 222, 206, 205, 197
809, 785, 778, 757, 722, 717, 682, 674, 652, 653, 618, 602, 583, 560, 536, 535, 518, 502, 479, 457, 458, 434, 413, 412, 385, 361, 362, 343, 311, 304, 281, 263, 222, 206, 198
809, 785, 778, 757, 722, 717, 682, 674, 652, 616, 604, 585, 557, 540, 514, 497, 463, 464, 465, 447, 424, 401, 375, 371, 336, 320, 298, 267, 257, 237, 199
