961, 971, 1003, 1012, 1013, 1046, 1073, 1075, 1100, 1124, 1151, 1170, 1199, 1207, 1228, 1255, 1256, 1270, 1292, 1316, 1337, 1355, 1371, 1396, 1423, 1449, 1463, 1493, 1504, 1529, 1538, 0
961, 971, 1003, 1012, 1045, 1074, 1078, 1098, 1121, 1153, 1171, 1200, 1206, 1225, 1226, 1254, 1289, 1310, 1313, 1334, 1352, 1389, 1399, 1425, 1447, 1461, 1490, 1491, 1503, 1530, 1537, 2, 1
961, 971, 1003, 1012, 1045, 1074, 1078, 1098, 1121, 1153, 1171, 1200, 1206, 1225, 1226, 1254, 1289, 1310, 1313, 1334, 1352, 1389, 1399, 1425, 1447, 1461, 1490, 1491, 1503, 1530, 1537, 2
961, 971, 1003, 1012, 1045, 1074, 1078, 1098, 1121, 1153, 1171, 1200, 1206, 1225, 1226, 1254, 1289, 1310, 1313, 1334, 1352, 1389, 1399, 1425, 1447, 1461, 1490, 1491, 1503, 1530, 1537, 3
961, 971, 1003, 1012, 1045, 1074, 1078, 1098, 1121, 1153, 1171, 1200, 1206, 1225, 1226, 1254, 1289, 1310, 1313, 1334, 1352, 1389, 1399, 1425, 1447, 1461, 1490, 1502, 1531, 1536, 4
961, 971, 1003, 1012, 1045, 1074, 1078, 1098, 1121, 1153, 1171, 1200, 1206, 1225, 1253, 1288, 1309, 1312, 1333, 1351, 1386, 1401, 1427, 1426, 1444, 1460, 1488, 1501, 1532, 1535, 5
961, 971, 1003, 1012, 1045, 1074, 1078, 1098, 1121, 1154, 1172, 1202, 1205, 1246, 1252, 1285, 1308, 1331, 1332, 1350, 1385, 1403, 1428, 1442, 1458, 1487, 1500, 1533, 1554, 6
961, 971, 1003, 1012, 1045, 1074, 1078, 1098, 1121, 1154, 1172, 1202, 1205, 1246, 1252, 1285, 1308, 1331, 1332, 1350, 1385, 1403, 1428, 1442, 1458, 1486, 1499, 1534, 1553, 7
961, 971, 1003, 1012, 1045, 1074, 1078, 1098, 1121, 1154, 1172, 1202, 1205, 1246, 1252, 1285, 1308, 1331, 1332, 1350, 1385, 1403, 1428, 1442, 1458, 1486, 1499, 1534, 1553, 7, 8
961, 971, 970, 1004, 1031, 1044, 1052, 1079, 1095, 1120, 1155, 1174, 1180, 1203, 1245, 1251, 1284, 1307, 1329, 1349, 1369, 1384, 1404, 1430, 1441, 1457, 1485, 1498, 1514, 1552, 9
961, 971, 970, 1004, 1031, 1044, 1052, 1079, 1095, 1120, 1155, 1174, 1180, 1203, 1245, 1251, 1284, 1307, 1329, 1349, 1369, 1368, 1383, 1405, 1411, 1440, 1454, 1484, 1497, 1515, 1551, 10
961, 971, 970, 1004, 1031, 1044, 1052, 1079, 1095, 1120, 1155, 1174, 1180, 1203, 1245, 1251, 1284, 1307, 1329, 1349, 1369, 1368, 1367, 1382, 1406, 1412, 1439, 1453, 1483, 1496, 1516, 1550, 11
961, 971, 970, 1004, 1031, 1044, 1052, 1079, 1095, 1120, 1155, 1174, 1180, 1203, 1245, 1251, 1250, 1249, 1248, 1281, 1304, 1326, 1346, 1365, 1381, 1407, 1413, 1438, 1452, 1482, 1495, 1517, 1549, 12
961, 971, 970, 1004, 1031, 1044, 1052, 1079, 1095, 1120, 1155, 1174, 1180, 1203, 1245, 1251, 1250, 1249, 1248, 1281, 1304, 1326, 1346, 1365, 1381, 1407, 1413, 1438, 1452, 1482, 1495, 1517, 1549, 1548, 13
961, 971, 970, 1004, 1031, 1044, 1052, 1079, 1095, 1120, 1155, 1174, 1180, 1203, 1245, 1251, 1250, 1249, 1248, 1281, 1304, 1326, 1346, 1365, 1381, 1407, 1413, 1438, 1452, 1482, 1495, 1517, 1549, 1548, 13, 14
961, 971, 1003, 1012, 1013, 1046, 1073, 1075, 1100, 1124, 1151, 1170, 1199, 1207, 1228, 1255, 1256, 1270, 1292, 1316, 1317, 1338, 1357, 1358, 1374, 1392, 1419, 1432, 1468, 1476, 1509, 1524, 1523, 1522, 1544, 15
961, 971, 1003, 1012, 1013, 1046, 1073, 1075, 1100, 1124, 1151, 1170, 1199, 1207, 1228, 1255, 1256, 1270, 1292, 1316, 1317, 1338, 1357, 1358, 1374, 1392, 1419, 1432, 1468, 1476, 1509, 1525, 1542, 17, 16
961, 971, 1003, 1012, 1013, 1046, 1073, 1075, 1100, 1124, 1151, 1170, 1199, 1207, 1228, 1255, 1256, 1270, 1292, 1316, 1317, 1338, 1357, 1358, 1374, 1392, 1419, 1432, 1468, 1476, 1509, 1525, 1542, 17
961, 971, 1003, 1012, 1013, 1046, 1073, 1075, 1100, 1124, 1151, 1170, 1199, 1207, 1228, 1255, 1256, 1270, 1292, 1316, 1337, 1355, 1371, 1396, 1423, 1449, 1463, 1493, 1505, 1528, 1539, 1540, 20, 19, 18
961, 971, 1003, 1012, 1013, 1046, 1073, 1075, 1100, 1124, 1151, 1170, 1199, 1207, 1228, 1255, 1256, 1270, 1292, 1316, 1337, 1355, 1371, 1396, 1423, 1449, 1463, 1493, 1505, 1528, 1539, 1540, 20, 19
961, 971, 1003, 1012, 1013, 1046, 1073, 1075, 1100, 1124, 1151, 1170, 1199, 1207, 1228, 1255, 1256, 1270, 1292, 1316, 1337, 1355, 1371, 1396, 1423, 1449, 1463, 1493, 1505, 1528, 1539, 1540, 20
961, 971, 1003, 1012, 1013, 1046, 1073, 1075, 1100, 1124, 1151, 1170, 1199, 1207, 1228, 1255, 1256, 1270, 1292, 1316, 1337, 1355, 1371, 1396, 1423, 1449, 1463, 1493, 1505, 1528, 1539, 21
961, 971, 1003, 1012, 1045, 1074, 1078, 1098, 1121, 1153, 1171, 1200, 1206, 1225, 1253, 1288, 1309, 1312, 1333, 1351, 1386, 1401, 1427, 1426, 1444, 1460, 1488, 1501, 1532, 1535, 5, 22
961, 971, 1003, 1012, 1045, 1074, 1078, 1098, 1121, 1153, 1171, 1200, 1206, 1225, 1253, 1288, 1309, 1312, 1333, 1351, 1386, 1401, 1427, 1426, 1444, 1460, 1488, 1501, 1532, 1535, 5, 23
961, 971, 1003, 1012, 1045, 1074, 1078, 1098, 1121, 1153, 1171, 1200, 1206, 1225, 1226, 1254, 1289, 1310, 1313, 1334, 1352, 1389, 1399, 1425, 1447, 1461, 1490, 1502, 1531, 1536, 4, 24
961, 971, 1003, 1012, 1045, 1074, 1078, 1098, 1121, 1153, 1171, 1200, 1206, 1225, 1226, 1254, 1289, 1310, 1313, 1334, 1352, 1389, 1399, 1425, 1447, 1461, 1490, 1491, 1503, 1530, 1537, 3, 25
961, 971, 1003, 1012, 1045, 1074, 1078, 1098, 1121, 1153, 1171, 1200, 1206, 1225, 1226, 1254, 1289, 1310, 1313, 1334, 1352, 1389, 1399, 1425, 1447, 1461, 1490, 1491, 1503, 1530, 1537, 2, 26
961, 971, 1003, 1012, 1013, 1046, 1073, 1075, 1100, 1124, 1151, 1170, 1199, 1207, 1228, 1255, 1256, 1270, 1292, 1316, 1337, 1355, 1371, 1396, 1423, 1449, 1463, 1493, 1505, 1528, 1539, 21, 27
961, 971, 1003, 1012, 1013, 1046, 1073, 1075, 1100, 1124, 1151, 1170, 1199, 1207, 1228, 1255, 1256, 1270, 1292, 1316, 1337, 1355, 1371, 1396, 1423, 1449, 1463, 1493, 1505, 1528, 1539, 21, 28
961, 971, 1003, 1012, 1013, 1046, 1073, 1075, 1100, 1124, 1151, 1170, 1199, 1207, 1228, 1255, 1256, 1270, 1292, 1316, 1337, 1355, 1371, 1396, 1423, 1449, 1463, 1493, 1505, 1528, 1539, 21, 28, 29
961, 971, 1003, 1012, 1013, 1046, 1073, 1075, 1100, 1124, 1151, 1170, 1199, 1207, 1228, 1255, 1256, 1270, 1292, 1316, 1337, 1355, 1371, 1396, 1423, 1449, 1463, 1493, 1505, 1528, 1539, 1540, 20, 19, 30
961, 946, 923, 888, 853, 848, 807, 783, 776, 739, 724, 719, 684, 654, 653, 617, 603, 584, 559, 539, 515, 499, 462, 452, 427, 398, 372, 352, 331, 324, 294, 270, 254, 233, 219, 190, 159, 146, 127, 104, 81, 59, 31
961, 946, 923, 888, 853, 848, 807, 783, 776, 739, 724, 719, 684, 654, 653, 617, 603, 584, 559, 539, 515, 499, 462, 452, 427, 398, 372, 352, 331, 332, 323, 295, 269, 255, 235, 220, 191, 160, 147, 126, 103, 80, 58, 32
961, 946, 923, 888, 853, 848, 807, 783, 776, 739, 724, 719, 684, 654, 653, 617, 603, 584, 559, 539, 515, 499, 462, 452, 427, 398, 372, 352, 351, 350, 349, 335, 322, 296, 268, 256, 236, 221, 192, 161, 148, 125, 101, 78, 57, 33
961, 971, 1003, 1012, 1013, 1046, 1073, 1075, 1100, 1124, 1151, 1170, 1199, 1207, 1228, 1255, 1256, 1270, 1292, 1316, 1317, 1338, 1357, 1358, 1374, 1392, 1419, 1432, 1468, 1476, 1509, 1524, 1523, 1522, 1544, 15, 34
961, 971, 970, 1004, 1031, 1044, 1052, 1079, 1095, 1120, 1155, 1174, 1180, 1203, 1245, 1251, 1250, 1249, 1248, 1281, 1304, 1326, 1346, 1365, 1381, 1407, 1413, 1438, 1452, 1482, 1495, 1517, 1549, 12, 37, 36, 35
961, 971, 970, 1004, 1031, 1044, 1052, 1079, 1095, 1120, 1155, 1174, 1180, 1203, 1245, 1251, 1250, 1249, 1248, 1281, 1304, 1326, 1346, 1365, 1381, 1407, 1413, 1438, 1452, 1482, 1495, 1517, 1549, 12, 37, 36
961, 971, 970, 1004, 1031, 1044, 1052, 1079, 1095, 1120, 1155, 1174, 1180, 1203, 1245, 1251, 1250, 1249, 1248, 1281, 1304, 1326, 1346, 1365, 1381, 1407, 1413, 1438, 1452, 1482, 1495, 1517, 1549, 12, 37
961, 971, 970, 1004, 1031, 1044, 1052, 1079, 1095, 1120, 1155, 1174, 1180, 1203, 1245, 1251, 1284, 1307, 1329, 1349, 1369, 1368, 1367, 1382, 1406, 1412, 1439, 1453, 1483, 1496, 1516, 1550, 11, 39, 38
961, 971, 970, 1004, 1031, 1044, 1052, 1079, 1095, 1120, 1155, 1174, 1180, 1203, 1245, 1251, 1284, 1307, 1329, 1349, 1369, 1368, 1367, 1382, 1406, 1412, 1439, 1453, 1483, 1496, 1516, 1550, 11, 39
961, 971, 970, 1004, 1031, 1044, 1052, 1079, 1095, 1120, 1155, 1174, 1180, 1203, 1245, 1251, 1284, 1307, 1329, 1349, 1369, 1368, 1367, 1382, 1406, 1412, 1439, 1453, 1483, 1496, 1516, 1550, 11, 40
961, 971, 970, 1004, 1031, 1044, 1052, 1079, 1095, 1120, 1155, 1174, 1180, 1203, 1245, 1251, 1284, 1307, 1329, 1349, 1369, 1368, 1383, 1405, 1411, 1440, 1454, 1484, 1497, 1515, 1551, 10, 41
961, 971, 970, 1004, 1031, 1044, 1052, 1079, 1095, 1120, 1155, 1174, 1180, 1203, 1245, 1251, 1284, 1307, 1329, 1349, 1369, 1384, 1404, 1430, 1441, 1457, 1485, 1498, 1514, 1552, 9, 43, 42
961, 971, 970, 1004, 1031, 1044, 1052, 1079, 1095, 1120, 1155, 1174, 1180, 1203, 1245, 1251, 1284, 1307, 1329, 1349, 1369, 1384, 1404, 1430, 1441, 1457, 1485, 1498, 1514, 1552, 9, 43
961, 971, 1003, 1012, 1045, 1074, 1078, 1098, 1121, 1154, 1172, 1202, 1205, 1246, 1252, 1285, 1308, 1331, 1332, 1350, 1385, 1403, 1428, 1442, 1458, 1486, 1499, 1534, 1553, 7, 44
961, 971, 1003, 1012, 1045, 1074, 1078, 1098, 1121, 1154, 1172, 1202, 1205, 1246, 1252, 1285, 1308, 1331, 1332, 1350, 1385, 1403, 1428, 1442, 1458, 1487, 1500, 1533, 1554, 6, 45
961, 971, 1003, 1012, 1045, 1074, 1078, 1098, 1121, 1154, 1172, 1202, 1205, 1246, 1252, 1285, 1308, 1331, 1332, 1350, 1385, 1403, 1428, 1442, 1458, 1486, 1499, 1534, 1553, 7, 44, 46
961, 971, 1003, 1012, 1045, 1074, 1078, 1098, 1121, 1154, 1172, 1202, 1205, 1246, 1252, 1285, 1308, 1331, 1332, 1350, 1385, 1403, 1428, 1442, 1458, 1486, 1499, 1534, 1553, 7, 44, 47
961, 971, 1003, 1012, 1045, 1074, 1078, 1098, 1121, 1154, 1172, 1202, 1205, 1246, 1252, 1285, 1308, 1331, 1332, 1350, 1385, 1403, 1428, 1442, 1458, 1486, 1499, 1534, 1553, 7, 44, 48
961, 971, 970, 1004, 1031, 1044, 1052, 1079, 1095, 1120, 1155, 1174, 1180, 1203, 1245, 1251, 1284, 1307, 1329, 1349, 1369, 1384, 1404, 1430, 1441, 1457, 1485, 1498, 1514, 1552, 9, 43, 49
961, 971, 970, 1004, 1031, 1044, 1052, 1079, 1095, 1120, 1155, 1174, 1180, 1203, 1245, 1251, 1284, 1307, 1329, 1349, 1369, 1368, 1383, 1405, 1411, 1440, 1454, 1484, 1497, 1515, 1551, 10, 41, 50
961, 971, 970, 1004, 1031, 1044, 1052, 1079, 1095, 1120, 1155, 1174, 1180, 1203, 1245, 1251, 1284, 1307, 1329, 1349, 1369, 1368, 1367, 1382, 1406, 1412, 1439, 1453, 1483, 1496, 1516, 1550, 11, 40, 51
961, 971, 970, 1004, 1031, 1044, 1052, 1079, 1095, 1120, 1155, 1174, 1180, 1203, 1245, 1251, 1284, 1307, 1329, 1349, 1369, 1368, 1367, 1382, 1406, 1412, 1439, 1453, 1483, 1496, 1516, 1550, 11, 40, 51, 52
961, 971, 970, 1004, 1031, 1044, 1052, 1079, 1095, 1120, 1155, 1174, 1180, 1203, 1245, 1251, 1284, 1307, 1329, 1349, 1369, 1368, 1367, 1382, 1406, 1412, 1439, 1453, 1483, 1496, 1516, 1550, 11, 40, 51, 52, 53
961, 971, 970, 1004, 1031, 1044, 1052, 1079, 1095, 1120, 1155, 1174, 1180, 1203, 1245, 1251, 1250, 1249, 1248, 1281, 1304, 1326, 1346, 1365, 1381, 1407, 1413, 1438, 1452, 1482, 1495, 1517, 1549, 12, 37, 54
961, 971, 970, 1004, 1031, 1044, 1052, 1079, 1095, 1120, 1155, 1174, 1180, 1203, 1245, 1251, 1250, 1249, 1248, 1281, 1304, 1326, 1346, 1365, 1381, 1407, 1413, 1438, 1452, 1482, 1495, 1517, 1549, 12, 37, 54, 55
961, 971, 970, 1004, 1031, 1044, 1052, 1079, 1095, 1120, 1155, 1174, 1180, 1203, 1245, 1251, 1250, 1249, 1248, 1281, 1304, 1326, 1346, 1365, 1381, 1407, 1413, 1438, 1452, 1482, 1495, 1517, 1549, 12, 37, 54, 55, 56
961, 946, 923, 888, 853, 848, 807, 783, 776, 739, 724, 719, 684, 654, 653, 617, 603, 584, 559, 539, 515, 499, 462, 452, 427, 398, 372, 352, 351, 350, 349, 335, 322, 296, 268, 256, 236, 221, 192, 161, 148, 125, 101, 78, 57
961, 946, 923, 888, 853, 848, 807, 783, 776, 739, 724, 719, 684, 654, 653, 617, 603, 584, 559, 539, 515, 499, 462, 452, 427, 398, 372, 352, 331, 332, 323, 295, 269, 255, 235, 220, 191, 160, 147, 126, 103, 80, 58
961, 946, 923, 888, 853, 848, 807, 783, 776, 739, 724, 719, 684, 654, 653, 617, 603, 584, 559, 539, 515, 499, 462, 452, 427, 398, 372, 352, 331, 324, 294, 270, 254, 233, 219, 190, 159, 146, 127, 104, 81, 59
961, 971, 1003, 1012, 1013, 1046, 1073, 1075, 1100, 1124, 1151, 1170, 1199, 1207, 1228, 1255, 1256, 1270, 1292, 1316, 1337, 1355, 1371, 1396, 1423, 1449, 1463, 1493, 1505, 1528, 1539, 1540, 20, 19, 30, 60
961, 971, 1003, 1012, 1013, 1046, 1073, 1075, 1100, 1124, 1151, 1170, 1199, 1207, 1228, 1255, 1256, 1270, 1292, 1316, 1337, 1355, 1371, 1396, 1423, 1449, 1463, 1493, 1505, 1528, 1539, 21, 28, 29, 61
961, 971, 1003, 1012, 1013, 1046, 1073, 1075, 1100, 1124, 1151, 1170, 1199, 1207, 1228, 1255, 1256, 1270, 1292, 1316, 1337, 1355, 1371, 1396, 1423, 1449, 1463, 1493, 1505, 1528, 1539, 21, 27, 62
961, 971, 1003, 1012, 1045, 1074, 1078, 1098, 1121, 1153, 1171, 1200, 1206, 1225, 1226, 1254, 1289, 1310, 1313, 1334, 1352, 1389, 1399, 1425, 1447, 1461, 1490, 1491, 1503, 1530, 1537, 2, 26, 63
961, 971, 1003, 1012, 1045, 1074, 1078, 1098, 1121, 1153, 1171, 1200, 1206, 1225, 1226, 1254, 1289, 1310, 1313, 1334, 1352, 1389, 1399, 1425, 1447, 1461, 1490, 1491, 1503, 1530, 1537, 2, 26, 64
961, 971, 1003, 1012, 1045, 1074, 1078, 1098, 1121, 1153, 1171, 1200, 1206, 1225, 1226, 1254, 1289, 1310, 1313, 1334, 1352, 1389, 1399, 1425, 1447, 1461, 1490, 1491, 1503, 1530, 1537, 3, 25, 65
961, 971, 1003, 1012, 1045, 1074, 1078, 1098, 1121, 1153, 1171, 1200, 1206, 1225, 1226, 1254, 1289, 1310, 1313, 1334, 1352, 1389, 1399, 1425, 1447, 1461, 1490, 1502, 1531, 1536, 4, 24, 66
961, 971, 1003, 1012, 1045, 1074, 1078, 1098, 1121, 1153, 1171, 1200, 1206, 1225, 1253, 1288, 1309, 1312, 1333, 1351, 1386, 1401, 1427, 1426, 1444, 1460, 1488, 1501, 1532, 1535, 5, 23, 67
961, 971, 1003, 1012, 1045, 1074, 1078, 1098, 1121, 1154, 1172, 1202, 1205, 1246, 1252, 1285, 1308, 1331, 1332, 1350, 1385, 1403, 1428, 1442, 1458, 1486, 1499, 1534, 1553, 7, 44, 47, 68
961, 971, 1003, 1012, 1045, 1074, 1078, 1098, 1121, 1154, 1172, 1202, 1205, 1246, 1252, 1285, 1308, 1331, 1332, 1350, 1385, 1403, 1428, 1442, 1458, 1486, 1499, 1534, 1553, 7, 44, 46, 69
961, 971, 1003, 1012, 1045, 1074, 1078, 1098, 1121, 1154, 1172, 1202, 1205, 1246, 1252, 1285, 1308, 1331, 1332, 1350, 1385, 1403, 1428, 1442, 1458, 1486, 1499, 1534, 1553, 7, 44, 48, 70
961, 971, 1003, 1012, 1045, 1074, 1078, 1098, 1121, 1154, 1172, 1202, 1205, 1246, 1252, 1285, 1308, 1331, 1332, 1350, 1385, 1403, 1428, 1442, 1458, 1486, 1499, 1534, 1553, 7, 44, 48, 71
961, 971, 970, 1004, 1031, 1044, 1052, 1079, 1095, 1120, 1155, 1174, 1180, 1203, 1245, 1251, 1284, 1307, 1329, 1349, 1369, 1384, 1404, 1430, 1441, 1457, 1485, 1498, 1514, 1552, 9, 43, 49, 72
961, 971, 970, 1004, 1031, 1044, 1052, 1079, 1095, 1120, 1155, 1174, 1180, 1203, 1245, 1251, 1284, 1307, 1329, 1349, 1369, 1368, 1383, 1405, 1411, 1440, 1454, 1484, 1497, 1515, 1551, 10, 41, 50, 73
961, 971, 970, 1004, 1031, 1044, 1052, 1079, 1095, 1120, 1155, 1174, 1180, 1203, 1245, 1251, 1284, 1307, 1329, 1349, 1369, 1368, 1367, 1382, 1406, 1412, 1439, 1453, 1483, 1496, 1516, 1550, 11, 40, 51, 74
961, 971, 970, 1004, 1031, 1044, 1052, 1079, 1095, 1120, 1155, 1174, 1180, 1203, 1245, 1251, 1250, 1249, 1248, 1281, 1304, 1326, 1346, 1365, 1381, 1407, 1413, 1438, 1452, 1482, 1495, 1517, 1549, 12, 37, 54, 75
961, 971, 970, 1004, 1031, 1044, 1052, 1079, 1095, 1120, 1155, 1174, 1180, 1203, 1245, 1251, 1250, 1249, 1248, 1281, 1304, 1326, 1346, 1365, 1381, 1407, 1413, 1438, 1452, 1482, 1495, 1517, 1549, 12, 37, 54, 55, 76
961, 946, 923, 888, 853, 848, 807, 783, 776, 739, 724, 723, 718, 683, 674, 652, 616, 604, 585, 557, 540, 514, 497, 463, 464, 465, 447, 424, 401, 375, 371, 336, 320, 298, 267, 257, 237, 199, 193, 162, 149, 124, 100, 77
961, 946, 923, 888, 853, 848, 807, 783, 776, 739, 724, 719, 684, 654, 653, 617, 603, 584, 559, 539, 515, 499, 462, 452, 427, 398, 372, 352, 351, 350, 349, 335, 322, 296, 268, 256, 236, 221, 192, 161, 148, 125, 101, 78
961, 946, 923, 888, 853, 848, 807, 783, 776, 739, 724, 719, 684, 654, 653, 617, 603, 584, 559, 539, 515, 499, 462, 452, 427, 398, 372, 352, 331, 332, 323, 295, 269, 255, 235, 220, 191, 160, 147, 126, 102, 79
961, 946, 923, 888, 853, 848, 807, 783, 776, 739, 724, 719, 684, 654, 653, 617, 603, 584, 559, 539, 515, 499, 462, 452, 427, 398, 372, 352, 331, 332, 323, 295, 269, 255, 235, 220, 191, 160, 147, 126, 103, 80
961, 946, 923, 888, 853, 848, 807, 783, 776, 739, 724, 719, 684, 654, 653, 617, 603, 584, 559, 539, 515, 499, 462, 452, 427, 398, 372, 352, 331, 324, 294, 270, 254, 233, 219, 190, 159, 146, 127, 104, 81
961, 946, 923, 888, 853, 848, 807, 783, 776, 739, 724, 719, 684, 654, 653, 617, 603, 584, 559, 539, 515, 499, 462, 452, 427, 398, 372, 352, 331, 324, 294, 270, 254, 233, 219, 190, 158, 145, 128, 105, 82
961, 971, 1003, 1012, 1013, 1046, 1073, 1075, 1100, 1124, 1151, 1170, 1199, 1207, 1228, 1255, 1256, 1270, 1292, 1316, 1337, 1355, 1371, 1396, 1423, 1449, 1463, 1493, 1505, 1528, 1539, 21, 28, 29, 61, 83
961, 971, 1003, 1012, 1045, 1074, 1078, 1098, 1121, 1153, 1171, 1200, 1206, 1225, 1226, 1254, 1289, 1310, 1313, 1334, 1352, 1389, 1399, 1425, 1447, 1461, 1490, 1491, 1503, 1530, 1537, 2, 26, 63, 84
961, 971, 1003, 1012, 1045, 1074, 1078, 1098, 1121, 1153, 1171, 1200, 1206, 1225, 1226, 1254, 1289, 1310, 1313, 1334, 1352, 1389, 1399, 1425, 1447, 1461, 1490, 1491, 1503, 1530, 1537, 2, 26, 64, 85
961, 971, 1003, 1012, 1045, 1074, 1078, 1098, 1121, 1153, 1171, 1200, 1206, 1225, 1226, 1254, 1289, 1310, 1313, 1334, 1352, 1389, 1399, 1425, 1447, 1461, 1490, 1491, 1503, 1530, 1537, 3, 25, 65, 86
961, 971, 1003, 1012, 1045, 1074, 1078, 1098, 1121, 1153, 1171, 1200, 1206, 1225, 1226, 1254, 1289, 1310, 1313, 1334, 1352, 1389, 1399, 1425, 1447, 1461, 1490, 1502, 1531, 1536, 4, 24, 66, 87
961, 971, 1003, 1012, 1045, 1074, 1078, 1098, 1121, 1153, 1171, 1200, 1206, 1225, 1253, 1288, 1309, 1312, 1333, 1351, 1386, 1401, 1427, 1426, 1444, 1460, 1488, 1501, 1532, 1535, 5, 23, 67, 88
961, 946, 923, 888, 853, 848, 807, 783, 775, 740, 725, 697, 686, 657, 636, 620, 599, 581, 562, 535, 518, 502, 479, 457, 433, 415, 389, 357, 348, 306, 289, 276, 247, 228, 213, 183, 175, 140, 113, 89
961, 971, 1003, 1012, 1045, 1074, 1078, 1098, 1121, 1153, 1171, 1200, 1206, 1225, 1226, 1254, 1289, 1310, 1313, 1334, 1352, 1389, 1399, 1425, 1447, 1461, 1490, 1502, 1531, 1536, 4, 24, 66, 87, 90
961, 971, 1003, 1012, 1045, 1074, 1078, 1098, 1121, 1154, 1172, 1202, 1205, 1246, 1252, 1285, 1308, 1331, 1332, 1350, 1385, 1403, 1428, 1442, 1458, 1486, 1499, 1534, 1553, 7, 44, 47, 68, 91
961, 971, 1003, 1012, 1045, 1074, 1078, 1098, 1121, 1154, 1172, 1202, 1205, 1246, 1252, 1285, 1308, 1331, 1332, 1350, 1385, 1403, 1428, 1442, 1458, 1486, 1499, 1534, 1553, 7, 44, 46, 69, 92
961, 971, 1003, 1012, 1045, 1074, 1078, 1098, 1121, 1154, 1172, 1202, 1205, 1246, 1252, 1285, 1308, 1331, 1332, 1350, 1385, 1403, 1428, 1442, 1458, 1486, 1499, 1534, 1553, 7, 44, 48, 71, 93
961, 971, 970, 1004, 1031, 1044, 1052, 1079, 1095, 1120, 1155, 1174, 1180, 1203, 1245, 1251, 1284, 1307, 1329, 1349, 1369, 1384, 1404, 1430, 1441, 1457, 1485, 1498, 1514, 1552, 9, 43, 49, 72, 94
961, 971, 970, 1004, 1031, 1044, 1052, 1079, 1095, 1120, 1155, 1174, 1180, 1203, 1245, 1251, 1284, 1307, 1329, 1349, 1369, 1368, 1383, 1405, 1411, 1440, 1454, 1484, 1497, 1515, 1551, 10, 41, 50, 73, 95
961, 971, 970, 1004, 1031, 1044, 1052, 1079, 1095, 1120, 1155, 1174, 1180, 1203, 1245, 1251, 1284, 1307, 1329, 1349, 1369, 1368, 1367, 1382, 1406, 1412, 1439, 1453, 1483, 1496, 1516, 1550, 11, 40, 51, 74, 96
961, 971, 970, 1004, 1031, 1044, 1052, 1079, 1095, 1120, 1155, 1174, 1180, 1203, 1245, 1251, 1284, 1307, 1329, 1349, 1369, 1368, 1367, 1382, 1406, 1412, 1439, 1453, 1483, 1496, 1516, 1550, 11, 40, 51, 74, 96, 97
961, 971, 970, 1004, 1031, 1044, 1052, 1079, 1095, 1120, 1155, 1174, 1180, 1203, 1245, 1251, 1250, 1249, 1248, 1281, 1304, 1326, 1346, 1365, 1381, 1407, 1413, 1438, 1452, 1482, 1495, 1517, 1549, 12, 37, 54, 75, 98
961, 971, 970, 1004, 1031, 1044, 1052, 1079, 1095, 1120, 1155, 1174, 1180, 1203, 1245, 1251, 1250, 1249, 1248, 1281, 1304, 1326, 1346, 1365, 1381, 1407, 1413, 1438, 1452, 1482, 1495, 1517, 1549, 12, 37, 54, 75, 98, 99
961, 946, 923, 888, 853, 848, 807, 783, 776, 739, 724, 723, 718, 683, 674, 652, 616, 604, 585, 557, 540, 514, 497, 463, 464, 465, 447, 424, 401, 375, 371, 336, 320, 298, 267, 257, 237, 199, 193, 162, 149, 124, 100
961, 946, 923, 888, 853, 848, 807, 783, 776, 739, 724, 719, 684, 654, 653, 617, 603, 584, 559, 539, 515, 499, 462, 452, 427, 398, 372, 352, 351, 350, 349, 335, 322, 296, 268, 256, 236, 221, 192, 161, 148, 125, 101
961, 946, 923, 888, 853, 848, 807, 783, 776, 739, 724, 719, 684, 654, 653, 617, 603, 584, 559, 539, 515, 499, 462, 452, 427, 398, 372, 352, 331, 332, 323, 295, 269, 255, 235, 220, 191, 160, 147, 126, 102
961, 946, 923, 888, 853, 848, 807, 783, 776, 739, 724, 719, 684, 654, 653, 617, 603, 584, 559, 539, 515, 499, 462, 452, 427, 398, 372, 352, 331, 332, 323, 295, 269, 255, 235, 220, 191, 160, 147, 126, 103
961, 946, 923, 888, 853, 848, 807, 783, 776, 739, 724, 719, 684, 654, 653, 617, 603, 584, 559, 539, 515, 499, 462, 452, 427, 398, 372, 352, 331, 324, 294, 270, 254, 233, 219, 190, 159, 146, 127, 104
961, 946, 923, 888, 853, 848, 807, 783, 776, 739, 724, 719, 684, 654, 653, 617, 603, 584, 559, 539, 515, 499, 462, 452, 427, 398, 372, 352, 331, 324, 294, 270, 254, 233, 219, 190, 158, 145, 128, 105
961, 971, 1003, 1012, 1013, 1046, 1073, 1075, 1100, 1124, 1151, 1170, 1199, 1207, 1228, 1255, 1256, 1270, 1292, 1316, 1337, 1355, 1371, 1396, 1423, 1449, 1463, 1493, 1505, 1528, 1539, 21, 28, 29, 61, 83, 106
961, 971, 1003, 1012, 1045, 1074, 1078, 1098, 1121, 1153, 1171, 1200, 1206, 1225, 1226, 1254, 1289, 1310, 1313, 1334, 1352, 1389, 1399, 1425, 1447, 1461, 1490, 1491, 1503, 1530, 1537, 2, 26, 63, 84, 107
961, 971, 1003, 1012, 1045, 1074, 1078, 1098, 1121, 1153, 1171, 1200, 1206, 1225, 1226, 1254, 1289, 1310, 1313, 1334, 1352, 1389, 1399, 1425, 1447, 1461, 1490, 1491, 1503, 1530, 1537, 2, 26, 64, 85, 108
961, 946, 923, 888, 853, 848, 807, 783, 775, 740, 725, 697, 686, 657, 636, 620, 599, 581, 562, 535, 518, 502, 479, 457, 433, 415, 389, 357, 348, 306, 290, 275, 249, 229, 214, 184, 176, 141, 111, 109
961, 946, 923, 888, 853, 848, 807, 783, 775, 740, 725, 695, 685, 655, 635, 619, 601, 583, 560, 536, 517, 501, 481, 455, 431, 394, 390, 355, 328, 327, 291, 274, 250, 230, 216, 185, 177, 142, 110
961, 946, 923, 888, 853, 848, 807, 783, 775, 740, 725, 697, 686, 657, 636, 620, 599, 581, 562, 535, 518, 502, 479, 457, 433, 415, 389, 357, 348, 306, 290, 275, 249, 229, 214, 184, 176, 141, 111
961, 946, 923, 888, 853, 848, 807, 783, 775, 740, 725, 697, 686, 657, 636, 620, 599, 581, 562, 535, 518, 502, 479, 457, 433, 415, 389, 357, 348, 306, 289, 276, 247, 228, 213, 183, 175, 140, 112
961, 946, 923, 888, 853, 848, 807, 783, 775, 740, 725, 697, 686, 657, 636, 620, 599, 581, 562, 535, 518, 502, 479, 457, 433, 415, 389, 357, 348, 306, 289, 276, 247, 228, 213, 183, 175, 140, 113
961, 946, 923, 888, 853, 848, 807, 783, 775, 740, 725, 697, 686, 657, 636, 620, 599, 581, 562, 535, 518, 502, 479, 457, 433, 415, 389, 388, 358, 347, 307, 288, 277, 246, 227, 212, 182, 173, 139, 114
961, 946, 923, 888, 853, 848, 807, 783, 775, 740, 725, 697, 686, 657, 636, 620, 599, 581, 562, 535, 518, 502, 479, 457, 433, 415, 389, 388, 358, 347, 307, 288, 277, 246, 227, 212, 181, 172, 137, 115
961, 971, 1003, 1012, 1045, 1074, 1078, 1098, 1121, 1154, 1172, 1202, 1205, 1246, 1252, 1285, 1308, 1331, 1332, 1350, 1385, 1403, 1428, 1442, 1458, 1486, 1499, 1534, 1553, 7, 44, 46, 69, 92, 116
961, 971, 1003, 1012, 1045, 1074, 1078, 1098, 1121, 1154, 1172, 1202, 1205, 1246, 1252, 1285, 1308, 1331, 1332, 1350, 1385, 1403, 1428, 1442, 1458, 1486, 1499, 1534, 1553, 7, 44, 48, 71, 93, 117
961, 971, 970, 1004, 1031, 1044, 1052, 1079, 1095, 1120, 1155, 1174, 1180, 1203, 1245, 1251, 1284, 1307, 1329, 1349, 1369, 1384, 1404, 1430, 1441, 1457, 1485, 1498, 1514, 1552, 9, 43, 49, 72, 94, 118
961, 971, 970, 1004, 1031, 1044, 1052, 1079, 1095, 1120, 1155, 1174, 1180, 1203, 1245, 1251, 1284, 1307, 1329, 1349, 1369, 1384, 1404, 1430, 1441, 1457, 1485, 1498, 1514, 1552, 9, 43, 49, 72, 94, 118, 119
961, 971, 970, 1004, 1031, 1044, 1052, 1079, 1095, 1120, 1155, 1174, 1180, 1203, 1245, 1251, 1284, 1307, 1329, 1349, 1369, 1368, 1383, 1405, 1411, 1440, 1454, 1484, 1497, 1515, 1551, 10, 41, 50, 73, 95, 120
961, 971, 970, 1004, 1031, 1044, 1052, 1079, 1095, 1120, 1155, 1174, 1180, 1203, 1245, 1251, 1284, 1307, 1329, 1349, 1369, 1368, 1383, 1405, 1411, 1440, 1454, 1484, 1497, 1515, 1551, 10, 41, 50, 73, 95, 120, 121
961, 971, 970, 1004, 1031, 1044, 1052, 1079, 1095, 1120, 1155, 1174, 1180, 1203, 1245, 1251, 1250, 1249, 1248, 1281, 1304, 1326, 1346, 1365, 1381, 1407, 1413, 1438, 1452, 1482, 1495, 1517, 1549, 12, 37, 54, 75, 98, 122
961, 971, 970, 1004, 1031, 1044, 1052, 1079, 1095, 1120, 1155, 1174, 1180, 1203, 1245, 1251, 1250, 1249, 1248, 1281, 1304, 1326, 1346, 1365, 1381, 1407, 1413, 1438, 1452, 1482, 1495, 1517, 1549, 12, 37, 54, 75, 98, 122, 123
961, 946, 923, 888, 853, 848, 807, 783, 776, 739, 724, 723, 718, 683, 674, 652, 616, 604, 585, 557, 540, 514, 497, 463, 464, 465, 447, 424, 401, 375, 371, 336, 320, 298, 267, 257, 237, 199, 193, 162, 149, 124
961, 946, 923, 888, 853, 848, 807, 783, 776, 739, 724, 719, 684, 654, 653, 617, 603, 584, 559, 539, 515, 499, 462, 452, 427, 398, 372, 352, 351, 350, 349, 335, 322, 296, 268, 256, 236, 221, 192, 161, 148, 125
961, 946, 923, 888, 853, 848, 807, 783, 776, 739, 724, 719, 684, 654, 653, 617, 603, 584, 559, 539, 515, 499, 462, 452, 427, 398, 372, 352, 331, 332, 323, 295, 269, 255, 235, 220, 191, 160, 147, 126
961, 946, 923, 888, 853, 848, 807, 783, 776, 739, 724, 719, 684, 654, 653, 617, 603, 584, 559, 539, 515, 499, 462, 452, 427, 398, 372, 352, 331, 324, 294, 270, 254, 233, 219, 190, 159, 146, 127
961, 946, 923, 888, 853, 848, 807, 783, 776, 739, 724, 719, 684, 654, 653, 617, 603, 584, 559, 539, 515, 499, 462, 452, 427, 398, 372, 352, 331, 324, 294, 270, 254, 233, 219, 190, 158, 145, 128
961, 946, 923, 888, 853, 848, 807, 783, 776, 739, 724, 719, 684, 654, 653, 617, 603, 584, 559, 539, 515, 499, 462, 452, 427, 398, 372, 352, 331, 324, 294, 270, 254, 233, 219, 190, 158, 145, 129
961, 946, 923, 888, 853, 848, 807, 783, 775, 740, 725, 695, 685, 655, 635, 619, 601, 583, 560, 536, 517, 501, 481, 454, 430, 395, 391, 354, 329, 326, 292, 273, 251, 231, 217, 187, 156, 143, 130
961, 971, 970, 1004, 1031, 1044, 1052, 1079, 1095, 1120, 1155, 1174, 1180, 1203, 1245, 1251, 1284, 1307, 1329, 1349, 1369, 1384, 1404, 1430, 1441, 1457, 1485, 1498, 1514, 1552, 9, 43, 49, 72, 94, 118, 133, 132, 131
961, 971, 970, 1004, 1031, 1044, 1052, 1079, 1095, 1120, 1155, 1174, 1180, 1203, 1245, 1251, 1284, 1307, 1329, 1349, 1369, 1384, 1404, 1430, 1441, 1457, 1485, 1498, 1514, 1552, 9, 43, 49, 72, 94, 118, 133, 132
961, 971, 970, 1004, 1031, 1044, 1052, 1079, 1095, 1120, 1155, 1174, 1180, 1203, 1245, 1251, 1284, 1307, 1329, 1349, 1369, 1384, 1404, 1430, 1441, 1457, 1485, 1498, 1514, 1552, 9, 43, 49, 72, 94, 118, 133
961, 971, 1003, 1012, 1045, 1074, 1078, 1098, 1121, 1154, 1172, 1202, 1205, 1246, 1252, 1285, 1308, 1331, 1332, 1350, 1385, 1403, 1428, 1442, 1458, 1486, 1499, 1534, 1553, 7, 44, 48, 71, 93, 117, 134
961, 971, 1003, 1012, 1045, 1074, 1078, 1098, 1121, 1154, 1172, 1202, 1205, 1246, 1252, 1285, 1308, 1331, 1332, 1350, 1385, 1403, 1428, 1442, 1458, 1486, 1499, 1534, 1553, 7, 44, 46, 69, 92, 116, 135
961, 971, 1003, 1012, 1045, 1074, 1078, 1098, 1121, 1154, 1172, 1202, 1205, 1246, 1252, 1285, 1308, 1331, 1332, 1350, 1385, 1403, 1428, 1442, 1458, 1486, 1499, 1534, 1553, 7, 44, 46, 69, 92, 116, 136
961, 946, 923, 888, 853, 848, 807, 783, 775, 740, 725, 697, 686, 657, 636, 620, 599, 581, 562, 535, 518, 502, 479, 457, 433, 415, 389, 388, 358, 347, 307, 288, 277, 246, 227, 212, 181, 172, 137
961, 946, 923, 888, 853, 848, 807, 783, 775, 740, 725, 697, 686, 657, 636, 620, 599, 581, 562, 535, 518, 502, 479, 457, 433, 415, 389, 388, 358, 347, 307, 288, 277, 246, 227, 212, 182, 173, 138
961, 946, 923, 888, 853, 848, 807, 783, 775, 740, 725, 697, 686, 657, 636, 620, 599, 581, 562, 535, 518, 502, 479, 457, 433, 415, 389, 388, 358, 347, 307, 288, 277, 246, 227, 212, 182, 173, 139
961, 946, 923, 888, 853, 848, 807, 783, 775, 740, 725, 697, 686, 657, 636, 620, 599, 581, 562, 535, 518, 502, 479, 457, 433, 415, 389, 357, 348, 306, 289, 276, 247, 228, 213, 183, 175, 140
961, 946, 923, 888, 853, 848, 807, 783, 775, 740, 725, 697, 686, 657, 636, 620, 599, 581, 562, 535, 518, 502, 479, 457, 433, 415, 389, 357, 348, 306, 290, 275, 249, 229, 214, 184, 176, 141
961, 946, 923, 888, 853, 848, 807, 783, 775, 740, 725, 695, 685, 655, 635, 619, 601, 583, 560, 536, 517, 501, 481, 455, 431, 394, 390, 355, 328, 327, 291, 274, 250, 230, 216, 185, 177, 142
961, 946, 923, 888, 853, 848, 807, 783, 775, 740, 725, 695, 685, 655, 635, 619, 601, 583, 560, 536, 517, 501, 481, 454, 430, 395, 391, 354, 329, 326, 292, 273, 251, 231, 217, 187, 156, 143
961, 946, 923, 888, 853, 848, 807, 783, 776, 739, 724, 719, 684, 654, 653, 617, 603, 584, 559, 539, 515, 499, 462, 452, 427, 398, 372, 352, 331, 324, 294, 270, 254, 233, 219, 190, 158, 144
961, 946, 923, 888, 853, 848, 807, 783, 776, 739, 724, 719, 684, 654, 653, 617, 603, 584, 559, 539, 515, 499, 462, 452, 427, 398, 372, 352, 331, 324, 294, 270, 254, 233, 219, 190, 158, 145
961, 946, 923, 888, 853, 848, 807, 783, 776, 739, 724, 719, 684, 654, 653, 617, 603, 584, 559, 539, 515, 499, 462, 452, 427, 398, 372, 352, 331, 324, 294, 270, 254, 233, 219, 190, 159, 146
961, 946, 923, 888, 853, 848, 807, 783, 776, 739, 724, 719, 684, 654, 653, 617, 603, 584, 559, 539, 515, 499, 462, 452, 427, 398, 372, 352, 331, 332, 323, 295, 269, 255, 235, 220, 191, 160, 147
961, 946, 923, 888, 853, 848, 807, 783, 776, 739, 724, 719, 684, 654, 653, 617, 603, 584, 559, 539, 515, 499, 462, 452, 427, 398, 372, 352, 351, 350, 349, 335, 322, 296, 268, 256, 236, 221, 192, 161, 148
961, 946, 923, 888, 853, 848, 807, 783, 776, 739, 724, 723, 718, 683, 674, 652, 616, 604, 585, 557, 540, 514, 497, 463, 464, 465, 447, 424, 401, 375, 371, 336, 320, 298, 267, 257, 237, 199, 193, 162, 149
961, 946, 923, 888, 853, 848, 807, 783, 776, 739, 724, 723, 718, 683, 674, 652, 616, 604, 585, 557, 540, 514, 497, 463, 464, 465, 447, 424, 401, 375, 371, 336, 320, 298, 267, 257, 237, 199, 193, 163, 150
961, 946, 923, 888, 853, 848, 807, 783, 776, 739, 724, 723, 718, 683, 674, 652, 616, 604, 585, 557, 540, 514, 497, 463, 464, 465, 447, 424, 401, 375, 371, 336, 320, 298, 267, 257, 237, 199, 193, 163, 164, 151
961, 971, 970, 1004, 1031, 1044, 1052, 1079, 1095, 1120, 1155, 1174, 1180, 1203, 1245, 1251, 1250, 1249, 1248, 1281, 1304, 1326, 1346, 1365, 1381, 1407, 1413, 1438, 1452, 1482, 1495, 1517, 1549, 12, 37, 54, 75, 98, 122, 152
961, 971, 970, 1004, 1031, 1044, 1052, 1079, 1095, 1120, 1155, 1174, 1180, 1203, 1245, 1251, 1284, 1307, 1329, 1349, 1369, 1368, 1383, 1405, 1411, 1440, 1454, 1484, 1497, 1515, 1551, 10, 41, 50, 73, 95, 120, 155, 154, 153
961, 971, 970, 1004, 1031, 1044, 1052, 1079, 1095, 1120, 1155, 1174, 1180, 1203, 1245, 1251, 1284, 1307, 1329, 1349, 1369, 1368, 1383, 1405, 1411, 1440, 1454, 1484, 1497, 1515, 1551, 10, 41, 50, 73, 95, 120, 155, 154
961, 971, 970, 1004, 1031, 1044, 1052, 1079, 1095, 1120, 1155, 1174, 1180, 1203, 1245, 1251, 1284, 1307, 1329, 1349, 1369, 1368, 1383, 1405, 1411, 1440, 1454, 1484, 1497, 1515, 1551, 10, 41, 50, 73, 95, 120, 155
961, 946, 923, 888, 853, 848, 807, 783, 775, 740, 725, 695, 685, 655, 635, 619, 601, 583, 560, 536, 517, 501, 481, 454, 430, 395, 391, 354, 329, 326, 292, 273, 251, 231, 217, 187, 156
961, 946, 923, 888, 853, 848, 807, 783, 776, 739, 724, 719, 684, 654, 653, 617, 603, 584, 559, 539, 515, 499, 462, 452, 427, 398, 372, 352, 331, 324, 294, 270, 254, 233, 219, 190, 158, 157
961, 946, 923, 888, 853, 848, 807, 783, 776, 739, 724, 719, 684, 654, 653, 617, 603, 584, 559, 539, 515, 499, 462, 452, 427, 398, 372, 352, 331, 324, 294, 270, 254, 233, 219, 190, 158
961, 946, 923, 888, 853, 848, 807, 783, 776, 739, 724, 719, 684, 654, 653, 617, 603, 584, 559, 539, 515, 499, 462, 452, 427, 398, 372, 352, 331, 324, 294, 270, 254, 233, 219, 190, 159
961, 946, 923, 888, 853, 848, 807, 783, 776, 739, 724, 719, 684, 654, 653, 617, 603, 584, 559, 539, 515, 499, 462, 452, 427, 398, 372, 352, 331, 332, 323, 295, 269, 255, 235, 220, 191, 160
961, 946, 923, 888, 853, 848, 807, 783, 776, 739, 724, 719, 684, 654, 653, 617, 603, 584, 559, 539, 515, 499, 462, 452, 427, 398, 372, 352, 351, 350, 349, 335, 322, 296, 268, 256, 236, 221, 192, 161
961, 946, 923, 888, 853, 848, 807, 783, 776, 739, 724, 723, 718, 683, 674, 652, 616, 604, 585, 557, 540, 514, 497, 463, 464, 465, 447, 424, 401, 375, 371, 336, 320, 298, 267, 257, 237, 199, 193, 162
961, 946, 923, 888, 853, 848, 807, 783, 776, 739, 724, 723, 718, 683, 674, 652, 616, 604, 585, 557, 540, 514, 497, 463, 464, 465, 447, 424, 401, 375, 371, 336, 320, 298, 267, 257, 237, 199, 193, 163
961, 946, 923, 888, 853, 848, 807, 783, 776, 739, 724, 723, 718, 683, 674, 652, 616, 604, 585, 557, 540, 514, 497, 463, 464, 465, 447, 424, 401, 375, 371, 336, 320, 298, 267, 257, 237, 199, 193, 163, 164
961, 971, 970, 1004, 1031, 1044, 1052, 1079, 1095, 1120, 1155, 1174, 1180, 1203, 1245, 1251, 1250, 1249, 1248, 1281, 1304, 1326, 1346, 1365, 1381, 1407, 1413, 1438, 1452, 1482, 1495, 1517, 1549, 12, 37, 54, 75, 98, 122, 152, 165
961, 971, 970, 1004, 1031, 1044, 1052, 1079, 1095, 1120, 1155, 1174, 1180, 1203, 1245, 1251, 1284, 1307, 1329, 1349, 1369, 1368, 1383, 1405, 1411, 1440, 1454, 1484, 1497, 1515, 1551, 10, 41, 50, 73, 95, 120, 155, 154, 153, 166
961, 971, 970, 1004, 1031, 1044, 1052, 1079, 1095, 1120, 1155, 1174, 1180, 1203, 1245, 1251, 1284, 1307, 1329, 1349, 1369, 1368, 1383, 1405, 1411, 1440, 1454, 1484, 1497, 1515, 1551, 10, 41, 50, 73, 95, 120, 155, 167
961, 971, 970, 1004, 1031, 1044, 1052, 1079, 1095, 1120, 1155, 1174, 1180, 1203, 1245, 1251, 1284, 1307, 1329, 1349, 1369, 1384, 1404, 1430, 1441, 1457, 1485, 1498, 1514, 1552, 9, 43, 49, 72, 94, 118, 133, 132, 169, 168
961, 971, 970, 1004, 1031, 1044, 1052, 1079, 1095, 1120, 1155, 1174, 1180, 1203, 1245, 1251, 1284, 1307, 1329, 1349, 1369, 1384, 1404, 1430, 1441, 1457, 1485, 1498, 1514, 1552, 9, 43, 49, 72, 94, 118, 133, 132, 169
961, 971, 1003, 1012, 1045, 1074, 1078, 1098, 1121, 1154, 1172, 1202, 1205, 1246, 1252, 1285, 1308, 1331, 1332, 1350, 1385, 1403, 1428, 1442, 1458, 1486, 1499, 1534, 1553, 7, 44, 48, 71, 93, 117, 134, 170
961, 971, 1003, 1012, 1045, 1074, 1078, 1098, 1121, 1154, 1172, 1202, 1205, 1246, 1252, 1285, 1308, 1331, 1332, 1350, 1385, 1403, 1428, 1442, 1458, 1486, 1499, 1534, 1553, 7, 44, 46, 69, 92, 116, 135, 171
961, 946, 923, 888, 853, 848, 807, 783, 775, 740, 725, 697, 686, 657, 636, 620, 599, 581, 562, 535, 518, 502, 479, 457, 433, 415, 389, 388, 358, 347, 307, 288, 277, 246, 227, 212, 181, 172
961, 946, 923, 888, 853, 848, 807, 783, 775, 740, 725, 697, 686, 657, 636, 620, 599, 581, 562, 535, 518, 502, 479, 457, 433, 415, 389, 388, 358, 347, 307, 288, 277, 246, 227, 212, 182, 173
961, 946, 923, 888, 853, 848, 807, 783, 775, 740, 725, 697, 686, 657, 636, 620, 599, 581, 562, 535, 518, 502, 479, 457, 433, 415, 389, 388, 358, 347, 307, 288, 277, 246, 227, 212, 182, 174
961, 946, 923, 888, 853, 848, 807, 783, 775, 740, 725, 697, 686, 657, 636, 620, 599, 581, 562, 535, 518, 502, 479, 457, 433, 415, 389, 357, 348, 306, 289, 276, 247, 228, 213, 183, 175
961, 946, 923, 888, 853, 848, 807, 783, 775, 740, 725, 697, 686, 657, 636, 620, 599, 581, 562, 535, 518, 502, 479, 457, 433, 415, 389, 357, 348, 306, 290, 275, 249, 229, 214, 184, 176
961, 946, 923, 888, 853, 848, 807, 783, 775, 740, 725, 695, 685, 655, 635, 619, 601, 583, 560, 536, 517, 501, 481, 455, 431, 394, 390, 355, 328, 327, 291, 274, 250, 230, 216, 185, 177
961, 971, 1003, 1012, 1045, 1074, 1078, 1098, 1121, 1154, 1172, 1202, 1205, 1246, 1252, 1285, 1308, 1331, 1332, 1350, 1385, 1403, 1428, 1442, 1458, 1486, 1499, 1534, 1553, 7, 44, 48, 71, 93, 117, 134, 170, 178
961, 971, 1003, 1012, 1045, 1074, 1078, 1098, 1121, 1154, 1172, 1202, 1205, 1246, 1252, 1285, 1308, 1331, 1332, 1350, 1385, 1403, 1428, 1442, 1458, 1486, 1499, 1534, 1553, 7, 44, 46, 69, 92, 116, 135, 171, 179
961, 946, 923, 888, 853, 848, 807, 783, 775, 740, 725, 697, 686, 657, 636, 620, 599, 581, 562, 535, 518, 502, 479, 457, 433, 415, 389, 388, 358, 347, 307, 288, 277, 246, 227, 212, 181, 180
961, 946, 923, 888, 853, 848, 807, 783, 775, 740, 725, 697, 686, 657, 636, 620, 599, 581, 562, 535, 518, 502, 479, 457, 433, 415, 389, 388, 358, 347, 307, 288, 277, 246, 227, 212, 181
961, 946, 923, 888, 853, 848, 807, 783, 775, 740, 725, 697, 686, 657, 636, 620, 599, 581, 562, 535, 518, 502, 479, 457, 433, 415, 389, 388, 358, 347, 307, 288, 277, 246, 227, 212, 182
961, 946, 923, 888, 853, 848, 807, 783, 775, 740, 725, 697, 686, 657, 636, 620, 599, 581, 562, 535, 518, 502, 479, 457, 433, 415, 389, 357, 348, 306, 289, 276, 247, 228, 213, 183
961, 946, 923, 888, 853, 848, 807, 783, 775, 740, 725, 697, 686, 657, 636, 620, 599, 581, 562, 535, 518, 502, 479, 457, 433, 415, 389, 357, 348, 306, 290, 275, 249, 229, 214, 184
961, 946, 923, 888, 853, 848, 807, 783, 775, 740, 725, 695, 685, 655, 635, 619, 601, 583, 560, 536, 517, 501, 481, 455, 431, 394, 390, 355, 328, 327, 291, 274, 250, 230, 216, 185
961, 946, 923, 888, 853, 848, 807, 783, 775, 740, 725, 695, 685, 655, 635, 619, 601, 583, 560, 536, 517, 501, 481, 455, 431, 394, 390, 355, 328, 327, 291, 274, 250, 230, 216, 186
961, 946, 923, 888, 853, 848, 807, 783, 775, 740, 725, 695, 685, 655, 635, 619, 601, 583, 560, 536, 517, 501, 481, 454, 430, 395, 391, 354, 329, 326, 292, 273, 251, 231, 217, 187
961, 946, 923, 888, 853, 848, 807, 783, 775, 740, 725, 695, 685, 655, 635, 619, 601, 583, 560, 536, 517, 501, 481, 454, 430, 395, 391, 354, 329, 326, 292, 273, 251, 231, 217, 188
961, 946, 923, 888, 853, 848, 807, 783, 775, 740, 725, 695, 685, 655, 635, 619, 601, 583, 560, 537, 516, 500, 482, 453, 428, 396, 392, 353, 330, 325, 293, 271, 252, 232, 218, 189
961, 946, 923, 888, 853, 848, 807, 783, 776, 739, 724, 719, 684, 654, 653, 617, 603, 584, 559, 539, 515, 499, 462, 452, 427, 398, 372, 352, 331, 324, 294, 270, 254, 233, 219, 190
961, 946, 923, 888, 853, 848, 807, 783, 776, 739, 724, 719, 684, 654, 653, 617, 603, 584, 559, 539, 515, 499, 462, 452, 427, 398, 372, 352, 331, 332, 323, 295, 269, 255, 235, 220, 191
961, 946, 923, 888, 853, 848, 807, 783, 776, 739, 724, 719, 684, 654, 653, 617, 603, 584, 559, 539, 515, 499, 462, 452, 427, 398, 372, 352, 351, 350, 349, 335, 322, 296, 268, 256, 236, 221, 192
961, 946, 923, 888, 853, 848, 807, 783, 776, 739, 724, 723, 718, 683, 674, 652, 616, 604, 585, 557, 540, 514, 497, 463, 464, 465, 447, 424, 401, 375, 371, 336, 320, 298, 267, 257, 237, 199, 193
961, 946, 923, 888, 853, 848, 807, 783, 776, 739, 724, 723, 718, 683, 674, 652, 616, 604, 585, 557, 540, 514, 497, 463, 464, 465, 447, 424, 401, 375, 371, 336, 320, 298, 267, 257, 237, 199, 193, 194
961, 946, 923, 888, 853, 848, 807, 783, 775, 740, 725, 697, 686, 657, 636, 620, 599, 581, 562, 535, 518, 502, 479, 457, 458, 434, 413, 412, 385, 361, 362, 343, 311, 304, 281, 282, 283, 262, 241, 240, 203, 195
961, 971, 970, 1004, 1031, 1044, 1052, 1079, 1095, 1120, 1155, 1174, 1180, 1203, 1245, 1251, 1284, 1307, 1329, 1349, 1369, 1368, 1383, 1405, 1411, 1440, 1454, 1484, 1497, 1515, 1551, 10, 41, 50, 73, 95, 120, 155, 167, 197, 196
961, 971, 970, 1004, 1031, 1044, 1052, 1079, 1095, 1120, 1155, 1174, 1180, 1203, 1245, 1251, 1284, 1307, 1329, 1349, 1369, 1368, 1383, 1405, 1411, 1440, 1454, 1484, 1497, 1515, 1551, 10, 41, 50, 73, 95, 120, 155, 167, 197
961, 946, 923, 888, 853, 848, 807, 783, 775, 740, 725, 697, 686, 657, 636, 620, 599, 581, 562, 535, 518, 502, 479, 457, 458, 434, 413, 412, 385, 361, 362, 343, 311, 304, 281, 263, 222, 206, 198
961, 946, 923, 888, 853, 848, 807, 783, 776, 739, 724, 723, 718, 683, 674, 652, 616, 604, 585, 557, 540, 514, 497, 463, 464, 465, 447, 424, 401, 375, 371, 336, 320, 298, 267, 257, 237, 199
