1344, 1345, 1346, 1347, 1348, 1349, 1350, 1351, 1365, 1383, 1419, 1432, 1457, 1482, 1495, 1514, 1548, 0
1344, 1345, 1346, 1347, 1348, 1349, 1350, 1351, 1365, 1383, 1419, 1432, 1457, 1482, 1494, 1515, 1547, 1
1344, 1345, 1346, 1347, 1348, 1349, 1350, 1351, 1365, 1383, 1419, 1432, 1457, 1482, 1494, 1515, 1547, 2
1344, 1377, 1392, 1408, 1440, 1446, 1473, 1474, 1502, 1528, 1535, 10, 9, 8, 7, 6, 5, 4, 3
1344, 1377, 1392, 1408, 1440, 1446, 1473, 1474, 1502, 1528, 1535, 10, 9, 8, 7, 6, 5, 4
1344, 1377, 1392, 1408, 1440, 1446, 1473, 1474, 1502, 1528, 1535, 10, 9, 8, 7, 6, 5
1344, 1377, 1392, 1408, 1440, 1446, 1473, 1474, 1502, 1528, 1535, 10, 9, 8, 7, 6
1344, 1377, 1392, 1408, 1440, 1446, 1473, 1474, 1502, 1528, 1535, 10, 9, 8, 7
1344, 1377, 1392, 1408, 1440, 1446, 1473, 1474, 1502, 1528, 1535, 10, 9, 8
1344, 1377, 1392, 1408, 1440, 1446, 1473, 1474, 1502, 1528, 1535, 10, 9
1344, 1377, 1392, 1408, 1440, 1446, 1473, 1474, 1502, 1528, 1535, 10
1344, 1377, 1392, 1408, 1440, 1446, 1473, 1474, 1502, 1528, 1536, 11
1344, 1377, 1392, 1408, 1440, 1446, 1472, 1504, 1526, 1537, 12
1344, 1377, 1392, 1408, 1440, 1446, 1472, 1504, 1525, 1524, 1538, 13
1344, 1377, 1392, 1408, 1440, 1446, 1472, 1504, 1525, 1524, 1538, 14
1344, 1377, 1392, 1408, 1440, 1446, 1472, 1504, 1525, 1524, 1538, 15
1344, 1377, 1392, 1408, 1440, 1446, 1472, 1504, 1525, 1524, 1538, 15, 16
1344, 1377, 1392, 1408, 1440, 1446, 1472, 1504, 1525, 1524, 1538, 15, 16, 17
1344, 1345, 1378, 1388, 1406, 1438, 1467, 1466, 1470, 1508, 1522, 1540, 18
1344, 1345, 1378, 1388, 1406, 1438, 1467, 1466, 1465, 1490, 1509, 1519, 1542, 19
1344, 1345, 1378, 1388, 1406, 1438, 1467, 1466, 1465, 1490, 1509, 1519, 1542, 20
1344, 1345, 1378, 1388, 1406, 1438, 1467, 1466, 1465, 1490, 1509, 1519, 1542, 20, 21
1344, 1345, 1378, 1379, 1387, 1386, 1403, 1422, 1435, 1462, 1488, 1510, 1511, 1518, 1544, 1545, 22
1344, 1345, 1378, 1379, 1387, 1386, 1403, 1422, 1435, 1462, 1488, 1510, 1511, 1518, 1544, 1545, 23
1344, 1345, 1346, 1347, 1348, 1381, 1362, 1384, 1421, 1433, 1458, 1485, 1492, 1516, 1546, 24
1344, 1377, 1392, 1408, 1440, 1446, 1473, 1474, 1502, 1528, 1535, 10, 9, 28, 27, 26, 25
1344, 1377, 1392, 1408, 1440, 1446, 1473, 1474, 1502, 1528, 1535, 10, 9, 28, 27, 26
1344, 1377, 1392, 1408, 1440, 1446, 1473, 1474, 1502, 1528, 1535, 10, 9, 28, 27
1344, 1377, 1392, 1408, 1440, 1446, 1473, 1474, 1502, 1528, 1535, 10, 9, 28
1344, 1377, 1392, 1408, 1440, 1446, 1473, 1474, 1502, 1528, 1535, 10, 29
1344, 1377, 1392, 1408, 1440, 1446, 1473, 1474, 1502, 1528, 1535, 10, 30
1344, 1377, 1392, 1408, 1440, 1446, 1472, 1504, 1526, 1537, 12, 31
1344, 1377, 1392, 1408, 1440, 1446, 1472, 1504, 1526, 1537, 12, 31, 32
1344, 1377, 1392, 1408, 1440, 1446, 1472, 1504, 1525, 1524, 1538, 15, 33
1344, 1377, 1392, 1408, 1440, 1446, 1472, 1504, 1525, 1524, 1538, 15, 33, 34
1344, 1377, 1392, 1408, 1440, 1446, 1472, 1504, 1525, 1524, 1538, 15, 33, 34, 35
1344, 1377, 1392, 1408, 1440, 1446, 1472, 1504, 1525, 1524, 1538, 15, 33, 34, 35, 36
1344, 1345, 1378, 1388, 1406, 1438, 1467, 1466, 1465, 1490, 1509, 1519, 1542, 19, 37
1344, 1345, 1378, 1388, 1406, 1438, 1467, 1466, 1465, 1490, 1509, 1519, 1542, 20, 38
1344, 1345, 1378, 1388, 1406, 1438, 1467, 1466, 1465, 1490, 1509, 1519, 1542, 20, 39
1344, 1345, 1378, 1388, 1406, 1438, 1467, 1466, 1465, 1490, 1509, 1519, 1542, 20, 39, 40
1344, 1345, 1378, 1379, 1387, 1386, 1403, 1422, 1435, 1462, 1488, 1510, 1511, 1518, 1544, 1545, 23, 41
1344, 1345, 1378, 1379, 1387, 1386, 1403, 1422, 1435, 1462, 1488, 1510, 1511, 1518, 1544, 1545, 23, 41, 42
1344, 1345, 1346, 1347, 1348, 1349, 1350, 1351, 1365, 1383, 1419, 1432, 1457, 1482, 1494, 1515, 1547, 1, 43
1344, 1377, 1392, 1408, 1440, 1446, 1473, 1474, 1502, 1528, 1535, 10, 9, 28, 27, 26, 25, 46, 45, 44
1344, 1377, 1392, 1408, 1440, 1446, 1473, 1474, 1502, 1528, 1535, 10, 9, 28, 27, 26, 25, 46, 45
1344, 1377, 1392, 1408, 1440, 1446, 1473, 1474, 1502, 1528, 1535, 10, 9, 28, 27, 26, 25, 46
1344, 1345, 1378, 1379, 1387, 1386, 1403, 1422, 1435, 1462, 1488, 1510, 1511, 1518, 1544, 1545, 23, 41, 47
1344, 1345, 1378, 1379, 1387, 1386, 1403, 1422, 1435, 1462, 1488, 1510, 1511, 1518, 1544, 1545, 23, 41, 42, 48
1344, 1345, 1346, 1347, 1348, 1349, 1350, 1351, 1365, 1383, 1419, 1432, 1457, 1482, 1494, 1515, 1547, 1, 43, 49
1344, 1345, 1346, 1347, 1348, 1349, 1350, 1351, 1365, 1383, 1419, 1432, 1457, 1482, 1494, 1515, 1547, 1, 43, 50
1344, 1377, 1392, 1408, 1440, 1446, 1473, 1474, 1502, 1528, 1535, 10, 9, 28, 58, 57, 56, 55, 54, 53, 52, 51
1344, 1377, 1392, 1408, 1440, 1446, 1473, 1474, 1502, 1528, 1535, 10, 9, 28, 58, 57, 56, 55, 54, 53, 52
1344, 1377, 1392, 1408, 1440, 1446, 1473, 1474, 1502, 1528, 1535, 10, 9, 28, 58, 57, 56, 55, 54, 53
1344, 1377, 1392, 1408, 1440, 1446, 1473, 1474, 1502, 1528, 1535, 10, 9, 28, 58, 57, 56, 55, 54
1344, 1377, 1392, 1408, 1440, 1446, 1473, 1474, 1502, 1528, 1535, 10, 9, 28, 58, 57, 56, 55
1344, 1377, 1392, 1408, 1440, 1446, 1473, 1474, 1502, 1528, 1535, 10, 9, 28, 58, 57, 56
1344, 1377, 1392, 1408, 1440, 1446, 1473, 1474, 1502, 1528, 1535, 10, 9, 28, 58, 57
1344, 1377, 1392, 1408, 1440, 1446, 1473, 1474, 1502, 1528, 1535, 10, 9, 28, 58
1344, 1377, 1392, 1408, 1440, 1446, 1473, 1474, 1502, 1528, 1535, 10, 9, 28, 59
1344, 1377, 1392, 1408, 1440, 1446, 1473, 1474, 1502, 1528, 1535, 10, 30, 60
1344, 1377, 1392, 1408, 1440, 1446, 1473, 1474, 1502, 1528, 1535, 10, 30, 61
1344, 1377, 1392, 1408, 1440, 1446, 1472, 1504, 1526, 1537, 12, 31, 62
1344, 1377, 1392, 1408, 1440, 1446, 1472, 1504, 1525, 1524, 1538, 15, 33, 63
1344, 1377, 1392, 1408, 1440, 1446, 1472, 1504, 1525, 1524, 1538, 15, 33, 63, 64
1344, 1377, 1392, 1408, 1440, 1446, 1472, 1504, 1525, 1524, 1538, 15, 33, 34, 35, 36, 65
1344, 1345, 1378, 1388, 1406, 1438, 1467, 1466, 1465, 1490, 1509, 1519, 1542, 19, 37, 66
1344, 1345, 1378, 1388, 1406, 1438, 1467, 1466, 1465, 1490, 1509, 1519, 1542, 19, 37, 67
1344, 1345, 1378, 1388, 1406, 1438, 1467, 1466, 1465, 1490, 1509, 1519, 1542, 20, 38, 68
1344, 1377, 1392, 1408, 1440, 1446, 1472, 1504, 1525, 1524, 1538, 15, 33, 63, 69
1344, 1377, 1392, 1408, 1440, 1446, 1472, 1504, 1525, 1524, 1538, 15, 33, 63, 70
1344, 1377, 1392, 1408, 1440, 1446, 1472, 1504, 1526, 1537, 12, 31, 62, 71
1344, 1377, 1392, 1408, 1440, 1446, 1473, 1474, 1502, 1528, 1535, 10, 30, 61, 72
1344, 1377, 1392, 1408, 1440, 1446, 1473, 1474, 1502, 1528, 1535, 10, 30, 60, 73
1344, 1377, 1392, 1408, 1440, 1446, 1473, 1474, 1502, 1528, 1535, 10, 9, 28, 59, 74
1344, 1377, 1392, 1408, 1440, 1446, 1473, 1474, 1502, 1528, 1535, 10, 9, 28, 59, 74, 75
1344, 1377, 1392, 1408, 1440, 1446, 1473, 1474, 1502, 1528, 1535, 10, 9, 28, 59, 74, 75, 76
1344, 1377, 1392, 1408, 1440, 1446, 1473, 1474, 1502, 1528, 1535, 10, 9, 28, 59, 74, 75, 76, 77
1344, 1377, 1392, 1408, 1440, 1446, 1473, 1474, 1502, 1528, 1535, 10, 9, 28, 59, 74, 75, 76, 77, 78
1344, 1377, 1392, 1408, 1440, 1446, 1473, 1474, 1502, 1528, 1535, 10, 9, 28, 59, 74, 75, 76, 77, 78, 79
1344, 1377, 1392, 1408, 1440, 1446, 1473, 1474, 1502, 1528, 1535, 10, 9, 28, 58, 57, 56, 55, 54, 53, 52, 51, 80
1344, 1345, 1378, 1379, 1387, 1386, 1403, 1422, 1435, 1462, 1488, 1510, 1511, 1518, 1544, 1545, 23, 41, 42, 48, 81
1344, 1345, 1378, 1379, 1387, 1386, 1403, 1422, 1435, 1462, 1488, 1510, 1511, 1518, 1544, 1545, 23, 41, 42, 48, 82
1344, 1345, 1378, 1379, 1387, 1386, 1403, 1422, 1435, 1462, 1488, 1510, 1511, 1518, 1544, 1545, 23, 41, 42, 48, 83
1344, 1345, 1378, 1379, 1387, 1386, 1403, 1422, 1435, 1462, 1488, 1510, 1511, 1518, 1544, 1545, 23, 41, 47, 84
1344, 1345, 1378, 1388, 1406, 1438, 1467, 1466, 1465, 1490, 1509, 1519, 1542, 20, 38, 68, 86, 85
1344, 1345, 1378, 1388, 1406, 1438, 1467, 1466, 1465, 1490, 1509, 1519, 1542, 20, 38, 68, 86
1344, 1345, 1378, 1388, 1406, 1438, 1467, 1466, 1465, 1490, 1509, 1519, 1542, 19, 37, 67, 87
1344, 1377, 1392, 1408, 1440, 1446, 1472, 1504, 1525, 1524, 1538, 15, 33, 34, 35, 36, 65, 89, 88
1344, 1377, 1392, 1408, 1440, 1446, 1472, 1504, 1525, 1524, 1538, 15, 33, 34, 35, 36, 65, 89
1344, 1377, 1392, 1408, 1440, 1446, 1472, 1504, 1525, 1524, 1538, 15, 33, 63, 64, 90
1344, 1345, 1378, 1388, 1406, 1438, 1467, 1466, 1465, 1490, 1509, 1519, 1542, 20, 38, 68, 86, 91
1344, 1345, 1378, 1388, 1406, 1438, 1467, 1466, 1465, 1490, 1509, 1519, 1542, 20, 38, 68, 86, 92
1344, 1345, 1378, 1388, 1406, 1438, 1467, 1466, 1465, 1490, 1509, 1519, 1542, 20, 38, 68, 86, 92, 93
1344, 1345, 1378, 1388, 1406, 1438, 1467, 1466, 1465, 1490, 1509, 1519, 1542, 20, 38, 68, 86, 92, 93, 94
1344, 1345, 1378, 1379, 1387, 1386, 1403, 1422, 1435, 1462, 1488, 1510, 1511, 1518, 1544, 1545, 23, 41, 42, 48, 82, 95
1344, 1377, 1392, 1408, 1440, 1446, 1473, 1474, 1502, 1528, 1535, 10, 9, 28, 59, 74, 75, 76, 77, 78, 79, 97, 96
1344, 1377, 1392, 1408, 1440, 1446, 1473, 1474, 1502, 1528, 1535, 10, 9, 28, 59, 74, 75, 76, 77, 78, 79, 97
1344, 1377, 1392, 1408, 1440, 1446, 1473, 1474, 1502, 1528, 1535, 10, 9, 28, 59, 74, 75, 100, 99, 98
1344, 1377, 1392, 1408, 1440, 1446, 1473, 1474, 1502, 1528, 1535, 10, 9, 28, 59, 74, 75, 100, 99
