151, 150, 133, 112, 101, 100, 99, 77, 53, 46, 45, 44, 4, 1548, 0
151, 150, 133, 112, 101, 100, 99, 77, 53, 46, 45, 44, 43, 1
151, 150, 133, 112, 101, 100, 99, 77, 53, 46, 45, 44, 43, 2
151, 150, 133, 112, 101, 100, 99, 77, 53, 46, 45, 44, 4, 3
151, 150, 133, 112, 101, 100, 99, 77, 53, 46, 45, 44, 4
151, 150, 133, 112, 101, 100, 99, 77, 53, 46, 5
151, 132, 104, 103, 73, 60, 29, 9, 8, 7, 6
151, 132, 104, 103, 73, 60, 29, 9, 8, 7
151, 132, 104, 103, 73, 60, 29, 9, 8
151, 132, 104, 103, 73, 60, 29, 9
151, 132, 104, 103, 73, 60, 30, 10
151, 132, 104, 103, 73, 60, 30, 11
151, 132, 131, 105, 71, 62, 31, 12
151, 132, 131, 105, 71, 62, 32, 13
151, 132, 131, 105, 71, 62, 32, 14
151, 132, 131, 105, 71, 62, 32, 14, 15
151, 132, 131, 105, 71, 62, 63, 33, 16
151, 132, 131, 105, 71, 62, 63, 33, 16, 17
151, 132, 131, 105, 71, 62, 63, 34, 35, 36, 18
151, 132, 131, 105, 71, 62, 63, 34, 35, 36, 18, 19
151, 132, 131, 105, 71, 62, 63, 34, 35, 36, 18, 19, 20
151, 132, 131, 105, 71, 62, 63, 34, 35, 36, 18, 19, 20, 21
151, 132, 131, 105, 71, 62, 63, 34, 35, 36, 18, 19, 20, 21, 22
151, 132, 131, 105, 71, 62, 63, 34, 35, 36, 18, 19, 20, 21, 22, 23
151, 152, 130, 106, 69, 90, 89, 88, 87, 86, 85, 47, 41, 24
151, 132, 104, 103, 73, 60, 29, 28, 27, 26, 25
151, 132, 104, 103, 73, 60, 29, 28, 27, 26
151, 132, 104, 103, 73, 60, 29, 28, 27
151, 132, 104, 103, 73, 60, 29, 28
151, 132, 104, 103, 73, 60, 29
151, 132, 104, 103, 73, 60, 30
151, 132, 131, 105, 71, 62, 31
151, 132, 131, 105, 71, 62, 32
151, 132, 131, 105, 71, 62, 63, 33
151, 132, 131, 105, 71, 62, 63, 34
151, 132, 131, 105, 71, 62, 63, 34, 35
151, 132, 131, 105, 71, 62, 63, 34, 35, 36
151, 132, 131, 105, 71, 62, 63, 34, 35, 36, 37
151, 132, 131, 105, 71, 62, 63, 34, 35, 36, 37, 38
151, 132, 131, 105, 71, 62, 63, 34, 35, 36, 37, 38, 39
151, 132, 131, 105, 71, 62, 63, 34, 35, 36, 37, 38, 39, 40
151, 152, 130, 106, 69, 90, 89, 88, 87, 86, 85, 47, 41
151, 152, 130, 106, 69, 90, 89, 88, 87, 86, 85, 47, 41, 42
151, 150, 133, 112, 101, 100, 99, 77, 53, 46, 45, 44, 43
151, 150, 133, 112, 101, 100, 99, 77, 53, 46, 45, 44
151, 150, 133, 112, 101, 100, 99, 77, 53, 46, 45
151, 150, 133, 112, 101, 100, 99, 77, 53, 46
151, 152, 130, 106, 69, 90, 89, 88, 87, 86, 85, 47
151, 150, 149, 148, 147, 146, 115, 116, 117, 118, 97, 96, 95, 82, 48
151, 150, 133, 112, 101, 100, 99, 77, 78, 79, 80, 49
151, 150, 133, 112, 101, 100, 99, 77, 78, 79, 80, 50
151, 150, 133, 112, 101, 100, 99, 77, 78, 52, 51
151, 150, 133, 112, 101, 100, 99, 77, 78, 52
151, 150, 133, 112, 101, 100, 99, 77, 53
151, 132, 104, 103, 73, 60, 59, 58, 57, 56, 55, 54
151, 132, 104, 103, 73, 60, 59, 58, 57, 56, 55
151, 132, 104, 103, 73, 60, 59, 58, 57, 56
151, 132, 104, 103, 73, 60, 59, 58, 57
151, 132, 104, 103, 73, 60, 59, 58
151, 132, 104, 103, 73, 60, 59
151, 132, 104, 103, 73, 60
151, 132, 104, 72, 61
151, 132, 131, 105, 71, 62
151, 132, 131, 105, 71, 62, 63
151, 132, 131, 105, 71, 62, 63, 64
151, 132, 131, 105, 71, 62, 63, 64, 65
151, 132, 131, 105, 71, 62, 63, 64, 65, 66
151, 132, 131, 105, 71, 62, 63, 64, 65, 66, 67
151, 152, 130, 106, 69, 90, 89, 88, 87, 68
151, 152, 130, 106, 69
151, 132, 131, 105, 71, 70
151, 132, 131, 105, 71
151, 132, 104, 72
151, 132, 104, 103, 73
151, 132, 104, 103, 102, 74
151, 132, 104, 103, 102, 74, 75
151, 132, 104, 103, 102, 74, 75, 76
151, 150, 133, 112, 101, 100, 99, 77
151, 150, 133, 112, 101, 100, 99, 77, 78
151, 150, 133, 112, 101, 100, 99, 77, 78, 79
151, 150, 133, 112, 101, 100, 99, 77, 78, 79, 80
151, 150, 149, 148, 147, 146, 115, 116, 117, 118, 97, 96, 95, 81
151, 150, 149, 148, 147, 146, 115, 116, 117, 118, 97, 96, 95, 82
151, 150, 149, 148, 147, 146, 115, 116, 117, 118, 97, 96, 95, 83
151, 152, 130, 106, 69, 90, 89, 88, 87, 86, 85, 84
151, 152, 130, 106, 69, 90, 89, 88, 87, 86, 85
151, 152, 130, 106, 69, 90, 89, 88, 87, 86
151, 152, 130, 106, 69, 90, 89, 88, 87
151, 152, 130, 106, 69, 90, 89, 88
151, 152, 130, 106, 69, 90, 89
151, 152, 130, 106, 69, 90
151, 152, 130, 106, 107, 108, 109, 110, 111, 91
151, 152, 130, 106, 107, 108, 109, 110, 111, 91, 92
151, 152, 130, 129, 128, 127, 126, 125, 124, 123, 93
151, 152, 130, 129, 128, 127, 126, 125, 124, 123, 94
151, 150, 149, 148, 147, 146, 115, 116, 117, 118, 97, 96, 95
151, 150, 149, 148, 147, 146, 115, 116, 117, 118, 97, 96
151, 150, 149, 148, 147, 146, 115, 116, 117, 118, 97
151, 150, 133, 112, 101, 100, 99, 98
151, 150, 133, 112, 101, 100, 99
