1062, 1078, 1111, 1116, 1155, 1171, 1194, 1205, 1233, 1249, 1274, 1280, 1308, 1327, 1352, 1365, 1383, 1419, 1432, 1457, 1482, 1495, 1514, 1548, 0
1062, 1078, 1111, 1116, 1155, 1171, 1194, 1205, 1233, 1249, 1274, 1280, 1308, 1327, 1352, 1365, 1383, 1419, 1432, 1457, 1482, 1494, 1515, 1547, 1
1062, 1078, 1111, 1116, 1155, 1171, 1194, 1205, 1233, 1249, 1274, 1280, 1308, 1327, 1352, 1365, 1383, 1419, 1432, 1457, 1482, 1494, 1515, 1547, 2
1062, 1078, 1111, 1116, 1155, 1171, 1194, 1205, 1233, 1249, 1274, 1280, 1308, 1327, 1352, 1365, 1383, 1419, 1432, 1457, 1482, 1495, 1514, 1548, 3
1062, 1078, 1111, 1116, 1155, 1171, 1194, 1205, 1233, 1249, 1274, 1280, 1308, 1327, 1352, 1365, 1383, 1419, 1432, 1457, 1482, 1495, 1514, 1548, 4
1062, 1078, 1111, 1116, 1155, 1171, 1194, 1205, 1233, 1249, 1274, 1280, 1308, 1327, 1352, 1365, 1383, 1419, 1432, 1457, 1482, 1495, 1514, 1548, 4, 5
1062, 1078, 1111, 1116, 1155, 1171, 1194, 1205, 1233, 1249, 1274, 1280, 1308, 1327, 1352, 1365, 1383, 1419, 1432, 1457, 1482, 1495, 1514, 1548, 4, 5, 6
1062, 1078, 1111, 1116, 1155, 1171, 1195, 1203, 1236, 1237, 1252, 1270, 1297, 1296, 1313, 1333, 1357, 1370, 1398, 1413, 1424, 1451, 1477, 1500, 1499, 1531, 1553, 7
1062, 1078, 1111, 1116, 1155, 1171, 1195, 1203, 1236, 1237, 1252, 1270, 1297, 1296, 1313, 1333, 1357, 1370, 1398, 1413, 1424, 1451, 1476, 1501, 1529, 1533, 8
1062, 1061, 1060, 1080, 1108, 1135, 1157, 1169, 1192, 1207, 1231, 1247, 1277, 1283, 1304, 1324, 1348, 1347, 1379, 1378, 1390, 1391, 1408, 1440, 1446, 1473, 1474, 1502, 1528, 1535, 10, 9
1062, 1061, 1060, 1080, 1108, 1135, 1157, 1169, 1192, 1207, 1231, 1247, 1277, 1283, 1304, 1324, 1348, 1347, 1379, 1378, 1390, 1391, 1408, 1440, 1446, 1473, 1474, 1502, 1528, 1535, 10
1062, 1061, 1060, 1080, 1108, 1135, 1157, 1169, 1192, 1207, 1231, 1247, 1277, 1283, 1304, 1324, 1348, 1347, 1380, 1387, 1405, 1437, 1466, 1467, 1471, 1506, 1505, 1525, 1537, 12, 11
1062, 1061, 1060, 1080, 1108, 1135, 1157, 1169, 1192, 1207, 1231, 1247, 1277, 1283, 1304, 1324, 1348, 1347, 1380, 1387, 1405, 1437, 1466, 1467, 1471, 1506, 1505, 1525, 1537, 12
1062, 1061, 1060, 1080, 1108, 1135, 1157, 1169, 1192, 1207, 1231, 1247, 1277, 1283, 1304, 1324, 1348, 1347, 1380, 1387, 1405, 1437, 1466, 1467, 1471, 1506, 1524, 1538, 13
1062, 1061, 1060, 1080, 1108, 1135, 1157, 1169, 1192, 1207, 1231, 1247, 1277, 1283, 1304, 1324, 1348, 1347, 1380, 1387, 1405, 1437, 1466, 1467, 1471, 1506, 1524, 1538, 14
1062, 1061, 1060, 1080, 1108, 1135, 1157, 1169, 1192, 1207, 1231, 1247, 1277, 1283, 1304, 1324, 1348, 1347, 1380, 1387, 1405, 1437, 1466, 1470, 1507, 1523, 1539, 16, 15
1062, 1061, 1060, 1080, 1108, 1135, 1157, 1169, 1192, 1207, 1231, 1247, 1277, 1283, 1304, 1324, 1348, 1347, 1380, 1387, 1405, 1437, 1466, 1470, 1507, 1523, 1539, 16
1062, 1078, 1111, 1116, 1155, 1171, 1194, 1205, 1233, 1249, 1274, 1275, 1281, 1307, 1326, 1350, 1363, 1385, 1422, 1435, 1463, 1489, 1509, 1521, 1541, 18, 17
1062, 1078, 1111, 1116, 1155, 1171, 1194, 1205, 1233, 1249, 1274, 1275, 1281, 1307, 1326, 1350, 1363, 1385, 1422, 1435, 1463, 1489, 1509, 1521, 1541, 18
1062, 1078, 1111, 1116, 1155, 1171, 1194, 1205, 1233, 1249, 1274, 1275, 1281, 1307, 1326, 1350, 1363, 1385, 1422, 1435, 1462, 1488, 1510, 1519, 1542, 19
1062, 1078, 1111, 1116, 1155, 1171, 1194, 1205, 1233, 1249, 1274, 1275, 1281, 1307, 1326, 1350, 1363, 1385, 1422, 1435, 1462, 1488, 1510, 1519, 1542, 20
1062, 1078, 1111, 1116, 1155, 1171, 1194, 1205, 1233, 1249, 1274, 1280, 1308, 1327, 1351, 1364, 1384, 1421, 1433, 1460, 1486, 1511, 1518, 1543, 21
1062, 1078, 1111, 1116, 1155, 1171, 1194, 1205, 1233, 1249, 1274, 1280, 1308, 1327, 1351, 1364, 1384, 1421, 1433, 1458, 1485, 1492, 1517, 1545, 22
1062, 1078, 1111, 1116, 1155, 1171, 1194, 1205, 1233, 1249, 1274, 1280, 1308, 1327, 1351, 1364, 1384, 1421, 1433, 1458, 1485, 1492, 1516, 1546, 23
1062, 1078, 1111, 1116, 1155, 1171, 1194, 1205, 1233, 1249, 1274, 1280, 1308, 1327, 1351, 1364, 1384, 1421, 1433, 1458, 1485, 1492, 1516, 1546, 24
1062, 1078, 1111, 1116, 1155, 1171, 1194, 1205, 1233, 1249, 1274, 1280, 1308, 1327, 1352, 1365, 1383, 1419, 1432, 1457, 1482, 1495, 1514, 1548, 4, 44, 45, 46, 25
1062, 1078, 1111, 1116, 1155, 1171, 1194, 1205, 1233, 1249, 1274, 1280, 1308, 1327, 1352, 1365, 1383, 1419, 1432, 1457, 1482, 1495, 1514, 1548, 4, 44, 45, 46, 25, 26
1062, 1078, 1111, 1116, 1155, 1171, 1195, 1203, 1236, 1237, 1252, 1270, 1297, 1296, 1313, 1333, 1357, 1370, 1398, 1413, 1424, 1451, 1476, 1501, 1529, 1533, 8, 27
1062, 1061, 1060, 1080, 1108, 1135, 1157, 1169, 1192, 1207, 1231, 1247, 1277, 1283, 1304, 1324, 1348, 1347, 1379, 1378, 1390, 1391, 1408, 1440, 1446, 1473, 1474, 1502, 1528, 1535, 10, 9, 28
1062, 1061, 1060, 1080, 1108, 1135, 1157, 1169, 1192, 1207, 1231, 1247, 1277, 1283, 1304, 1324, 1348, 1347, 1379, 1378, 1390, 1391, 1408, 1440, 1446, 1473, 1474, 1502, 1528, 1535, 10, 29
1062, 1061, 1060, 1080, 1108, 1135, 1157, 1169, 1192, 1207, 1231, 1247, 1277, 1283, 1304, 1324, 1348, 1347, 1379, 1378, 1390, 1391, 1408, 1440, 1446, 1473, 1474, 1502, 1528, 1535, 10, 30
1062, 1061, 1060, 1080, 1108, 1135, 1157, 1169, 1192, 1207, 1231, 1247, 1277, 1283, 1304, 1324, 1348, 1347, 1380, 1387, 1405, 1437, 1466, 1467, 1471, 1506, 1505, 1525, 1537, 12, 31
1062, 1061, 1060, 1080, 1108, 1135, 1157, 1169, 1192, 1207, 1231, 1247, 1277, 1283, 1304, 1324, 1348, 1347, 1380, 1387, 1405, 1437, 1466, 1467, 1471, 1506, 1524, 1538, 13, 32
1062, 1061, 1060, 1080, 1108, 1135, 1157, 1169, 1192, 1207, 1231, 1247, 1277, 1283, 1304, 1324, 1348, 1347, 1380, 1387, 1405, 1437, 1466, 1470, 1507, 1523, 1539, 16, 33
1062, 1061, 1060, 1080, 1108, 1135, 1157, 1169, 1192, 1207, 1231, 1247, 1277, 1283, 1304, 1324, 1348, 1347, 1380, 1387, 1405, 1437, 1466, 1470, 1507, 1523, 1539, 16, 34
1062, 1078, 1111, 1116, 1155, 1171, 1194, 1205, 1233, 1249, 1274, 1275, 1281, 1307, 1326, 1350, 1363, 1385, 1422, 1435, 1463, 1489, 1509, 1521, 1541, 18, 36, 35
1062, 1078, 1111, 1116, 1155, 1171, 1194, 1205, 1233, 1249, 1274, 1275, 1281, 1307, 1326, 1350, 1363, 1385, 1422, 1435, 1463, 1489, 1509, 1521, 1541, 18, 36
1062, 1078, 1111, 1116, 1155, 1171, 1194, 1205, 1233, 1249, 1274, 1275, 1281, 1307, 1326, 1350, 1363, 1385, 1422, 1435, 1462, 1488, 1510, 1519, 1542, 19, 37
1062, 1078, 1111, 1116, 1155, 1171, 1194, 1205, 1233, 1249, 1274, 1280, 1308, 1327, 1351, 1364, 1384, 1421, 1433, 1460, 1486, 1511, 1518, 1543, 21, 40, 39, 38
1062, 1078, 1111, 1116, 1155, 1171, 1194, 1205, 1233, 1249, 1274, 1280, 1308, 1327, 1351, 1364, 1384, 1421, 1433, 1460, 1486, 1511, 1518, 1543, 21, 40, 39
1062, 1078, 1111, 1116, 1155, 1171, 1194, 1205, 1233, 1249, 1274, 1280, 1308, 1327, 1351, 1364, 1384, 1421, 1433, 1460, 1486, 1511, 1518, 1543, 21, 40
1062, 1078, 1111, 1116, 1155, 1171, 1194, 1205, 1233, 1249, 1274, 1280, 1308, 1327, 1351, 1364, 1384, 1421, 1433, 1458, 1485, 1492, 1516, 1546, 23, 41
1062, 1078, 1111, 1116, 1155, 1171, 1194, 1205, 1233, 1249, 1274, 1280, 1308, 1327, 1351, 1364, 1384, 1421, 1433, 1458, 1485, 1492, 1516, 1546, 23, 41, 42
1062, 1078, 1111, 1116, 1155, 1171, 1194, 1205, 1233, 1249, 1274, 1280, 1308, 1327, 1352, 1365, 1383, 1419, 1432, 1457, 1482, 1494, 1515, 1547, 1, 43
1062, 1078, 1111, 1116, 1155, 1171, 1194, 1205, 1233, 1249, 1274, 1280, 1308, 1327, 1352, 1365, 1383, 1419, 1432, 1457, 1482, 1495, 1514, 1548, 4, 44
1062, 1078, 1111, 1116, 1155, 1171, 1194, 1205, 1233, 1249, 1274, 1280, 1308, 1327, 1352, 1365, 1383, 1419, 1432, 1457, 1482, 1495, 1514, 1548, 4, 44, 45
1062, 1078, 1111, 1116, 1155, 1171, 1194, 1205, 1233, 1249, 1274, 1280, 1308, 1327, 1352, 1365, 1383, 1419, 1432, 1457, 1482, 1495, 1514, 1548, 4, 44, 45, 46
1062, 1078, 1111, 1116, 1155, 1171, 1194, 1205, 1233, 1249, 1274, 1280, 1308, 1327, 1351, 1364, 1384, 1421, 1433, 1458, 1485, 1492, 1516, 1546, 23, 41, 47
1062, 1078, 1111, 1116, 1155, 1171, 1194, 1205, 1233, 1249, 1274, 1280, 1308, 1327, 1351, 1364, 1384, 1421, 1433, 1458, 1485, 1492, 1516, 1546, 23, 41, 42, 48
1062, 1078, 1111, 1116, 1155, 1171, 1194, 1205, 1233, 1249, 1274, 1280, 1308, 1327, 1352, 1365, 1383, 1419, 1432, 1457, 1482, 1494, 1515, 1547, 1, 43, 49
1062, 1078, 1111, 1116, 1155, 1171, 1194, 1205, 1233, 1249, 1274, 1280, 1308, 1327, 1352, 1365, 1383, 1419, 1432, 1457, 1482, 1494, 1515, 1547, 1, 43, 50
1062, 1078, 1111, 1116, 1155, 1171, 1194, 1205, 1233, 1249, 1274, 1280, 1308, 1327, 1352, 1365, 1383, 1419, 1432, 1457, 1482, 1495, 1514, 1548, 4, 44, 51
1062, 1078, 1111, 1116, 1155, 1171, 1194, 1205, 1233, 1249, 1274, 1280, 1308, 1327, 1352, 1365, 1383, 1419, 1432, 1457, 1482, 1495, 1514, 1548, 4, 44, 45, 46, 52
1062, 1078, 1111, 1116, 1155, 1171, 1194, 1205, 1233, 1249, 1274, 1280, 1308, 1327, 1352, 1365, 1383, 1419, 1432, 1457, 1482, 1495, 1514, 1548, 4, 44, 45, 46, 53
1062, 1078, 1111, 1116, 1155, 1171, 1194, 1205, 1233, 1249, 1274, 1280, 1308, 1327, 1352, 1365, 1383, 1419, 1432, 1457, 1482, 1495, 1514, 1548, 4, 44, 45, 46, 53, 54
1062, 1078, 1111, 1116, 1155, 1171, 1194, 1205, 1233, 1249, 1274, 1280, 1308, 1327, 1352, 1365, 1383, 1419, 1432, 1457, 1482, 1495, 1514, 1548, 4, 44, 45, 46, 53, 54, 55
1062, 1078, 1111, 1116, 1155, 1171, 1194, 1205, 1233, 1249, 1274, 1280, 1308, 1327, 1352, 1365, 1383, 1419, 1432, 1457, 1482, 1495, 1514, 1548, 4, 44, 45, 46, 53, 54, 55, 56
1062, 1078, 1111, 1116, 1155, 1171, 1195, 1203, 1236, 1237, 1252, 1270, 1297, 1296, 1313, 1333, 1357, 1370, 1398, 1413, 1424, 1451, 1476, 1501, 1529, 1533, 8, 27, 57
1062, 1061, 1060, 1080, 1108, 1135, 1157, 1169, 1192, 1207, 1231, 1247, 1277, 1283, 1304, 1324, 1348, 1347, 1379, 1378, 1390, 1391, 1408, 1440, 1446, 1473, 1474, 1502, 1528, 1535, 10, 9, 28, 58
1062, 1061, 1060, 1080, 1108, 1135, 1157, 1169, 1192, 1207, 1231, 1247, 1277, 1283, 1304, 1324, 1348, 1347, 1379, 1378, 1390, 1391, 1408, 1440, 1446, 1473, 1474, 1502, 1528, 1535, 10, 9, 28, 59
1062, 1061, 1060, 1080, 1108, 1135, 1157, 1169, 1192, 1207, 1231, 1247, 1277, 1283, 1304, 1324, 1348, 1347, 1379, 1378, 1390, 1391, 1408, 1440, 1446, 1473, 1474, 1502, 1528, 1535, 10, 30, 60
1062, 1061, 1060, 1080, 1108, 1135, 1157, 1169, 1192, 1207, 1231, 1247, 1277, 1283, 1304, 1324, 1348, 1347, 1379, 1378, 1390, 1391, 1408, 1440, 1446, 1473, 1474, 1502, 1528, 1535, 10, 30, 61
1062, 1061, 1060, 1080, 1108, 1135, 1157, 1169, 1192, 1207, 1231, 1247, 1277, 1283, 1304, 1324, 1348, 1347, 1380, 1387, 1405, 1437, 1466, 1467, 1471, 1506, 1524, 1538, 13, 32, 62
1062, 1061, 1060, 1080, 1108, 1135, 1157, 1169, 1192, 1207, 1231, 1247, 1277, 1283, 1304, 1324, 1348, 1347, 1380, 1387, 1405, 1437, 1466, 1470, 1507, 1523, 1539, 16, 33, 63
1062, 1078, 1111, 1116, 1155, 1171, 1194, 1205, 1233, 1249, 1274, 1275, 1281, 1307, 1326, 1350, 1363, 1385, 1422, 1435, 1463, 1489, 1509, 1521, 1541, 18, 36, 64
1062, 1078, 1111, 1116, 1155, 1171, 1194, 1205, 1233, 1249, 1274, 1275, 1281, 1307, 1326, 1350, 1363, 1385, 1422, 1435, 1462, 1488, 1510, 1519, 1542, 19, 37, 66, 65
1062, 1078, 1111, 1116, 1155, 1171, 1194, 1205, 1233, 1249, 1274, 1275, 1281, 1307, 1326, 1350, 1363, 1385, 1422, 1435, 1462, 1488, 1510, 1519, 1542, 19, 37, 66
1062, 1078, 1111, 1116, 1155, 1171, 1194, 1205, 1233, 1249, 1274, 1275, 1281, 1307, 1326, 1350, 1363, 1385, 1422, 1435, 1462, 1488, 1510, 1519, 1542, 19, 37, 67
1062, 1078, 1111, 1116, 1155, 1171, 1194, 1205, 1233, 1249, 1274, 1280, 1308, 1327, 1351, 1364, 1384, 1421, 1433, 1460, 1486, 1511, 1518, 1543, 21, 40, 68
1062, 1061, 1060, 1080, 1108, 1135, 1157, 1169, 1192, 1207, 1231, 1247, 1277, 1283, 1304, 1324, 1348, 1347, 1380, 1387, 1405, 1437, 1466, 1470, 1507, 1523, 1539, 16, 33, 63, 69
1062, 1061, 1060, 1080, 1108, 1135, 1157, 1169, 1192, 1207, 1231, 1247, 1277, 1283, 1304, 1324, 1348, 1347, 1380, 1387, 1405, 1437, 1466, 1470, 1507, 1523, 1539, 16, 33, 63, 70
1062, 1061, 1060, 1080, 1108, 1135, 1157, 1169, 1192, 1207, 1231, 1247, 1277, 1283, 1304, 1324, 1348, 1347, 1380, 1387, 1405, 1437, 1466, 1467, 1471, 1506, 1524, 1538, 13, 32, 62, 71
1062, 1061, 1060, 1080, 1108, 1135, 1157, 1169, 1192, 1207, 1231, 1247, 1277, 1283, 1304, 1324, 1348, 1347, 1380, 1387, 1405, 1437, 1466, 1467, 1471, 1506, 1524, 1538, 13, 32, 62, 71, 72
1062, 1061, 1060, 1080, 1108, 1135, 1157, 1169, 1192, 1207, 1231, 1247, 1277, 1283, 1304, 1324, 1348, 1347, 1379, 1378, 1390, 1391, 1408, 1440, 1446, 1473, 1474, 1502, 1528, 1535, 10, 30, 60, 73
1062, 1061, 1060, 1080, 1108, 1135, 1157, 1169, 1192, 1207, 1231, 1247, 1277, 1283, 1304, 1324, 1348, 1347, 1379, 1378, 1390, 1391, 1408, 1440, 1446, 1473, 1474, 1502, 1528, 1535, 10, 9, 28, 59, 74
1062, 1078, 1111, 1116, 1155, 1171, 1194, 1205, 1233, 1249, 1274, 1280, 1308, 1327, 1352, 1365, 1383, 1419, 1432, 1457, 1482, 1495, 1514, 1548, 4, 44, 45, 46, 53, 77, 76, 75
1062, 1078, 1111, 1116, 1155, 1171, 1194, 1205, 1233, 1249, 1274, 1280, 1308, 1327, 1352, 1365, 1383, 1419, 1432, 1457, 1482, 1495, 1514, 1548, 4, 44, 45, 46, 53, 77, 76
1062, 1078, 1111, 1116, 1155, 1171, 1194, 1205, 1233, 1249, 1274, 1280, 1308, 1327, 1352, 1365, 1383, 1419, 1432, 1457, 1482, 1495, 1514, 1548, 4, 44, 45, 46, 53, 77
1062, 1078, 1111, 1116, 1155, 1171, 1194, 1205, 1233, 1249, 1274, 1280, 1308, 1327, 1352, 1365, 1383, 1419, 1432, 1457, 1482, 1495, 1514, 1548, 4, 44, 45, 46, 53, 78
1062, 1078, 1111, 1116, 1155, 1171, 1194, 1205, 1233, 1249, 1274, 1280, 1308, 1327, 1352, 1365, 1383, 1419, 1432, 1457, 1482, 1495, 1514, 1548, 4, 44, 51, 79
1062, 1078, 1111, 1116, 1155, 1171, 1194, 1205, 1233, 1249, 1274, 1280, 1308, 1327, 1352, 1365, 1383, 1419, 1432, 1457, 1482, 1494, 1515, 1547, 1, 43, 50, 80
1062, 1078, 1111, 1116, 1155, 1171, 1194, 1205, 1233, 1249, 1274, 1280, 1308, 1327, 1351, 1364, 1384, 1421, 1433, 1458, 1485, 1492, 1516, 1546, 23, 41, 42, 48, 81
1062, 1078, 1111, 1116, 1155, 1171, 1194, 1205, 1233, 1249, 1274, 1280, 1308, 1327, 1351, 1364, 1384, 1421, 1433, 1458, 1485, 1492, 1516, 1546, 23, 41, 42, 48, 82
1062, 1078, 1111, 1116, 1155, 1171, 1194, 1205, 1233, 1249, 1274, 1280, 1308, 1327, 1351, 1364, 1384, 1421, 1433, 1458, 1485, 1492, 1516, 1546, 23, 41, 42, 48, 83
1062, 1078, 1111, 1116, 1155, 1171, 1194, 1205, 1233, 1249, 1274, 1280, 1308, 1327, 1351, 1364, 1384, 1421, 1433, 1458, 1485, 1492, 1516, 1546, 23, 41, 47, 84
1062, 1078, 1111, 1116, 1155, 1171, 1194, 1205, 1233, 1249, 1274, 1280, 1308, 1327, 1351, 1364, 1384, 1421, 1433, 1458, 1485, 1492, 1516, 1546, 23, 41, 47, 85
1062, 1078, 1111, 1116, 1155, 1171, 1194, 1205, 1233, 1249, 1274, 1280, 1308, 1327, 1351, 1364, 1384, 1421, 1433, 1460, 1486, 1511, 1518, 1543, 21, 40, 68, 86
1062, 1078, 1111, 1116, 1155, 1171, 1194, 1205, 1233, 1249, 1274, 1280, 1308, 1327, 1351, 1364, 1384, 1421, 1433, 1460, 1486, 1511, 1518, 1543, 21, 40, 68, 87
1062, 1078, 1111, 1116, 1155, 1171, 1194, 1205, 1233, 1249, 1274, 1275, 1281, 1307, 1326, 1350, 1363, 1385, 1422, 1435, 1462, 1488, 1510, 1519, 1542, 19, 37, 66, 88
1062, 1078, 1111, 1116, 1155, 1171, 1194, 1205, 1233, 1249, 1274, 1275, 1281, 1307, 1326, 1350, 1363, 1385, 1422, 1435, 1462, 1488, 1510, 1519, 1542, 19, 37, 66, 88, 89
1062, 1078, 1111, 1116, 1155, 1171, 1194, 1205, 1233, 1249, 1274, 1275, 1281, 1307, 1326, 1350, 1363, 1385, 1422, 1435, 1462, 1488, 1510, 1519, 1542, 19, 37, 66, 65, 90
1062, 1078, 1111, 1116, 1155, 1171, 1194, 1205, 1233, 1249, 1274, 1280, 1308, 1327, 1351, 1364, 1384, 1421, 1433, 1460, 1486, 1511, 1518, 1543, 21, 40, 68, 86, 91
1062, 1078, 1111, 1116, 1155, 1171, 1194, 1205, 1233, 1249, 1274, 1280, 1308, 1327, 1351, 1364, 1384, 1421, 1433, 1458, 1485, 1492, 1516, 1546, 23, 41, 47, 85, 93, 92
1062, 1078, 1111, 1116, 1155, 1171, 1194, 1205, 1233, 1249, 1274, 1280, 1308, 1327, 1351, 1364, 1384, 1421, 1433, 1458, 1485, 1492, 1516, 1546, 23, 41, 47, 85, 93
1062, 1078, 1111, 1116, 1155, 1171, 1194, 1205, 1233, 1249, 1274, 1280, 1308, 1327, 1351, 1364, 1384, 1421, 1433, 1458, 1485, 1492, 1516, 1546, 23, 41, 47, 84, 94
1062, 1078, 1111, 1116, 1155, 1171, 1194, 1205, 1233, 1249, 1274, 1280, 1308, 1327, 1351, 1364, 1384, 1421, 1433, 1458, 1485, 1492, 1516, 1546, 23, 41, 42, 48, 82, 95
1062, 1078, 1111, 1116, 1155, 1171, 1194, 1205, 1233, 1249, 1274, 1280, 1308, 1327, 1352, 1365, 1383, 1419, 1432, 1457, 1482, 1494, 1515, 1547, 1, 43, 50, 80, 96
1062, 1078, 1111, 1116, 1155, 1171, 1194, 1205, 1233, 1249, 1274, 1280, 1308, 1327, 1352, 1365, 1383, 1419, 1432, 1457, 1482, 1494, 1515, 1547, 1, 43, 50, 80, 97
1062, 1078, 1111, 1116, 1155, 1171, 1194, 1205, 1233, 1249, 1274, 1280, 1308, 1327, 1352, 1365, 1383, 1419, 1432, 1457, 1482, 1495, 1514, 1548, 4, 44, 45, 46, 53, 78, 98
1062, 1078, 1111, 1116, 1155, 1171, 1194, 1205, 1233, 1249, 1274, 1280, 1308, 1327, 1352, 1365, 1383, 1419, 1432, 1457, 1482, 1495, 1514, 1548, 4, 44, 45, 46, 53, 77, 99
