1186, 1185, 1213, 1224, 1240, 1239, 1264, 1292, 1318, 1317, 1335, 1360, 1371, 1398, 1414, 1427, 1453, 1454, 1481, 1496, 1514, 1548, 0
1186, 1187, 1188, 1189, 1190, 1191, 1207, 1232, 1248, 1275, 1281, 1307, 1326, 1327, 1352, 1365, 1383, 1419, 1432, 1457, 1482, 1494, 1515, 1547, 1
1186, 1187, 1188, 1189, 1190, 1191, 1207, 1232, 1248, 1275, 1281, 1307, 1326, 1327, 1352, 1365, 1383, 1419, 1432, 1457, 1482, 1494, 1515, 1547, 2
1186, 1212, 1226, 1241, 1261, 1289, 1320, 1338, 1342, 1375, 1394, 1410, 1411, 1444, 1450, 1476, 1500, 1499, 1532, 1552, 1551, 5, 4, 3
1186, 1212, 1226, 1241, 1261, 1289, 1320, 1338, 1342, 1375, 1394, 1410, 1411, 1444, 1450, 1476, 1500, 1499, 1532, 1552, 1551, 5, 4
1186, 1212, 1226, 1241, 1261, 1289, 1320, 1338, 1342, 1375, 1394, 1410, 1411, 1444, 1450, 1476, 1500, 1499, 1532, 1552, 1551, 5
1186, 1212, 1226, 1241, 1261, 1289, 1320, 1338, 1342, 1375, 1394, 1410, 1411, 1444, 1450, 1476, 1500, 1499, 1532, 1552, 6
1186, 1212, 1226, 1241, 1261, 1289, 1320, 1338, 1342, 1375, 1394, 1410, 1411, 1444, 1450, 1476, 1500, 1499, 1531, 1553, 7
1186, 1212, 1226, 1241, 1261, 1289, 1320, 1338, 1342, 1375, 1394, 1410, 1443, 1447, 1474, 1502, 1528, 1535, 10, 9, 8
1186, 1212, 1226, 1241, 1261, 1289, 1320, 1338, 1342, 1375, 1394, 1410, 1443, 1447, 1474, 1502, 1528, 1535, 10, 9
1186, 1212, 1226, 1241, 1261, 1289, 1320, 1338, 1342, 1375, 1394, 1410, 1443, 1447, 1474, 1502, 1528, 1535, 10
1186, 1212, 1226, 1241, 1261, 1289, 1320, 1338, 1342, 1375, 1394, 1410, 1443, 1447, 1474, 1502, 1528, 1536, 11
1186, 1212, 1226, 1242, 1260, 1287, 1301, 1321, 1344, 1377, 1392, 1408, 1440, 1446, 1472, 1504, 1526, 1537, 12
1186, 1212, 1226, 1242, 1260, 1287, 1301, 1321, 1344, 1377, 1392, 1408, 1440, 1446, 1472, 1504, 1525, 1524, 1538, 13
1186, 1212, 1226, 1242, 1260, 1287, 1301, 1321, 1344, 1377, 1392, 1408, 1440, 1446, 1472, 1504, 1525, 1524, 1538, 14
1186, 1212, 1226, 1242, 1260, 1287, 1301, 1321, 1344, 1377, 1392, 1408, 1440, 1446, 1472, 1504, 1525, 1524, 1538, 15
1186, 1212, 1226, 1242, 1260, 1287, 1301, 1321, 1344, 1377, 1392, 1408, 1440, 1446, 1472, 1504, 1525, 1524, 1538, 15, 16
1186, 1212, 1226, 1242, 1260, 1287, 1301, 1321, 1344, 1377, 1392, 1408, 1440, 1446, 1472, 1504, 1525, 1524, 1538, 15, 16, 17
1186, 1187, 1211, 1227, 1243, 1258, 1285, 1302, 1323, 1347, 1380, 1387, 1405, 1437, 1466, 1470, 1508, 1522, 1540, 18
1186, 1187, 1211, 1227, 1243, 1258, 1285, 1302, 1323, 1347, 1380, 1387, 1405, 1437, 1436, 1465, 1490, 1509, 1519, 1542, 19
1186, 1187, 1211, 1227, 1243, 1258, 1285, 1302, 1323, 1347, 1380, 1387, 1405, 1437, 1436, 1465, 1490, 1509, 1519, 1542, 20
1186, 1187, 1211, 1227, 1243, 1258, 1285, 1302, 1323, 1347, 1380, 1387, 1405, 1437, 1436, 1465, 1490, 1509, 1519, 1542, 20, 21
1186, 1187, 1188, 1189, 1190, 1191, 1207, 1232, 1248, 1275, 1281, 1307, 1326, 1350, 1362, 1384, 1421, 1433, 1458, 1485, 1492, 1517, 1545, 22
1186, 1187, 1188, 1189, 1190, 1191, 1207, 1232, 1248, 1275, 1281, 1307, 1326, 1350, 1362, 1384, 1421, 1433, 1458, 1485, 1492, 1516, 1546, 23
1186, 1187, 1188, 1189, 1190, 1191, 1207, 1232, 1248, 1275, 1281, 1307, 1326, 1350, 1362, 1384, 1421, 1433, 1458, 1485, 1492, 1516, 1546, 24
1186, 1212, 1226, 1241, 1261, 1289, 1320, 1338, 1342, 1375, 1394, 1410, 1411, 1444, 1450, 1476, 1500, 1499, 1532, 1552, 6, 25
1186, 1212, 1226, 1241, 1261, 1289, 1320, 1338, 1342, 1375, 1394, 1410, 1411, 1444, 1450, 1476, 1500, 1499, 1532, 1552, 6, 26
1186, 1212, 1226, 1241, 1261, 1289, 1320, 1338, 1342, 1375, 1394, 1410, 1443, 1447, 1474, 1502, 1528, 1535, 10, 9, 28, 27
1186, 1212, 1226, 1241, 1261, 1289, 1320, 1338, 1342, 1375, 1394, 1410, 1443, 1447, 1474, 1502, 1528, 1535, 10, 9, 28
1186, 1212, 1226, 1241, 1261, 1289, 1320, 1338, 1342, 1375, 1394, 1410, 1443, 1447, 1474, 1502, 1528, 1535, 10, 29
1186, 1212, 1226, 1241, 1261, 1289, 1320, 1338, 1342, 1375, 1394, 1410, 1443, 1447, 1474, 1502, 1528, 1535, 10, 30
1186, 1212, 1226, 1242, 1260, 1287, 1301, 1321, 1344, 1377, 1392, 1408, 1440, 1446, 1472, 1504, 1526, 1537, 12, 31
1186, 1212, 1226, 1242, 1260, 1287, 1301, 1321, 1344, 1377, 1392, 1408, 1440, 1446, 1472, 1504, 1526, 1537, 12, 31, 32
1186, 1212, 1226, 1242, 1260, 1287, 1301, 1321, 1344, 1377, 1392, 1408, 1440, 1446, 1472, 1504, 1525, 1524, 1538, 15, 33
1186, 1212, 1226, 1242, 1260, 1287, 1301, 1321, 1344, 1377, 1392, 1408, 1440, 1446, 1472, 1504, 1525, 1524, 1538, 15, 33, 34
1186, 1212, 1226, 1242, 1260, 1287, 1301, 1321, 1344, 1377, 1392, 1408, 1440, 1446, 1472, 1504, 1525, 1524, 1538, 15, 33, 34, 35
1186, 1212, 1226, 1242, 1260, 1287, 1301, 1321, 1344, 1377, 1392, 1408, 1440, 1446, 1472, 1504, 1525, 1524, 1538, 15, 33, 34, 35, 36
1186, 1187, 1211, 1227, 1243, 1258, 1285, 1302, 1323, 1347, 1380, 1387, 1405, 1437, 1436, 1465, 1490, 1509, 1519, 1542, 19, 37
1186, 1187, 1211, 1227, 1243, 1258, 1285, 1302, 1323, 1347, 1380, 1387, 1405, 1437, 1436, 1465, 1490, 1509, 1519, 1542, 20, 38
1186, 1187, 1211, 1227, 1243, 1258, 1285, 1302, 1323, 1347, 1380, 1387, 1405, 1437, 1436, 1465, 1490, 1509, 1519, 1542, 20, 39
1186, 1187, 1211, 1227, 1243, 1258, 1285, 1302, 1323, 1347, 1380, 1387, 1405, 1437, 1436, 1465, 1490, 1509, 1519, 1542, 20, 39, 40
1186, 1187, 1188, 1189, 1190, 1191, 1207, 1232, 1248, 1275, 1281, 1307, 1326, 1350, 1362, 1384, 1421, 1433, 1458, 1485, 1492, 1516, 1546, 23, 41
1186, 1187, 1188, 1189, 1190, 1191, 1207, 1232, 1248, 1275, 1281, 1307, 1326, 1350, 1362, 1384, 1421, 1433, 1458, 1485, 1492, 1516, 1546, 23, 41, 42
1186, 1185, 1213, 1224, 1240, 1239, 1264, 1292, 1318, 1317, 1335, 1360, 1371, 1398, 1414, 1427, 1453, 1454, 1481, 1496, 1514, 1548, 0, 43
1186, 1212, 1226, 1241, 1261, 1289, 1320, 1338, 1342, 1375, 1394, 1410, 1411, 1444, 1450, 1476, 1500, 1499, 1532, 1552, 1551, 5, 45, 44
1186, 1212, 1226, 1241, 1261, 1289, 1320, 1338, 1342, 1375, 1394, 1410, 1411, 1444, 1450, 1476, 1500, 1499, 1532, 1552, 1551, 5, 45
1186, 1212, 1226, 1241, 1261, 1289, 1320, 1338, 1342, 1375, 1394, 1410, 1411, 1444, 1450, 1476, 1500, 1499, 1532, 1552, 6, 25, 46
1186, 1187, 1188, 1189, 1190, 1191, 1207, 1232, 1248, 1275, 1281, 1307, 1326, 1350, 1362, 1384, 1421, 1433, 1458, 1485, 1492, 1516, 1546, 23, 41, 47
1186, 1187, 1188, 1189, 1190, 1191, 1207, 1232, 1248, 1275, 1281, 1307, 1326, 1350, 1362, 1384, 1421, 1433, 1458, 1485, 1492, 1516, 1546, 23, 41, 42, 48
1186, 1185, 1213, 1224, 1240, 1239, 1264, 1292, 1318, 1317, 1335, 1360, 1371, 1398, 1414, 1427, 1453, 1454, 1481, 1496, 1514, 1548, 0, 43, 49
1186, 1185, 1213, 1224, 1240, 1239, 1264, 1292, 1318, 1317, 1335, 1360, 1371, 1398, 1414, 1427, 1453, 1454, 1481, 1496, 1514, 1548, 0, 43, 50
1186, 1212, 1226, 1241, 1261, 1289, 1320, 1338, 1342, 1375, 1394, 1410, 1411, 1444, 1450, 1476, 1500, 1499, 1532, 1552, 1551, 5, 45, 51
1186, 1212, 1226, 1241, 1261, 1289, 1320, 1338, 1342, 1375, 1394, 1410, 1411, 1444, 1450, 1476, 1500, 1499, 1532, 1552, 6, 25, 53, 52
1186, 1212, 1226, 1241, 1261, 1289, 1320, 1338, 1342, 1375, 1394, 1410, 1411, 1444, 1450, 1476, 1500, 1499, 1532, 1552, 6, 25, 53
1186, 1212, 1226, 1241, 1261, 1289, 1320, 1338, 1342, 1375, 1394, 1410, 1411, 1444, 1450, 1476, 1500, 1499, 1532, 1552, 6, 26, 54
1186, 1212, 1226, 1241, 1261, 1289, 1320, 1338, 1342, 1375, 1394, 1410, 1443, 1447, 1474, 1502, 1528, 1535, 10, 9, 28, 58, 57, 56, 55
1186, 1212, 1226, 1241, 1261, 1289, 1320, 1338, 1342, 1375, 1394, 1410, 1443, 1447, 1474, 1502, 1528, 1535, 10, 9, 28, 58, 57, 56
1186, 1212, 1226, 1241, 1261, 1289, 1320, 1338, 1342, 1375, 1394, 1410, 1443, 1447, 1474, 1502, 1528, 1535, 10, 9, 28, 58, 57
1186, 1212, 1226, 1241, 1261, 1289, 1320, 1338, 1342, 1375, 1394, 1410, 1443, 1447, 1474, 1502, 1528, 1535, 10, 9, 28, 58
1186, 1212, 1226, 1241, 1261, 1289, 1320, 1338, 1342, 1375, 1394, 1410, 1443, 1447, 1474, 1502, 1528, 1535, 10, 9, 28, 59
1186, 1212, 1226, 1241, 1261, 1289, 1320, 1338, 1342, 1375, 1394, 1410, 1443, 1447, 1474, 1502, 1528, 1535, 10, 30, 60
1186, 1212, 1226, 1241, 1261, 1289, 1320, 1338, 1342, 1375, 1394, 1410, 1443, 1447, 1474, 1502, 1528, 1535, 10, 30, 61
1186, 1212, 1226, 1242, 1260, 1287, 1301, 1321, 1344, 1377, 1392, 1408, 1440, 1446, 1472, 1504, 1526, 1537, 12, 31, 62
1186, 1212, 1226, 1242, 1260, 1287, 1301, 1321, 1344, 1377, 1392, 1408, 1440, 1446, 1472, 1504, 1525, 1524, 1538, 15, 33, 63
1186, 1212, 1226, 1242, 1260, 1287, 1301, 1321, 1344, 1377, 1392, 1408, 1440, 1446, 1472, 1504, 1525, 1524, 1538, 15, 33, 63, 64
1186, 1212, 1226, 1242, 1260, 1287, 1301, 1321, 1344, 1377, 1392, 1408, 1440, 1446, 1472, 1504, 1525, 1524, 1538, 15, 33, 34, 35, 36, 65
1186, 1187, 1211, 1227, 1243, 1258, 1285, 1302, 1323, 1347, 1380, 1387, 1405, 1437, 1436, 1465, 1490, 1509, 1519, 1542, 19, 37, 66
1186, 1187, 1211, 1227, 1243, 1258, 1285, 1302, 1323, 1347, 1380, 1387, 1405, 1437, 1436, 1465, 1490, 1509, 1519, 1542, 19, 37, 67
1186, 1187, 1211, 1227, 1243, 1258, 1285, 1302, 1323, 1347, 1380, 1387, 1405, 1437, 1436, 1465, 1490, 1509, 1519, 1542, 20, 38, 68
1186, 1212, 1226, 1242, 1260, 1287, 1301, 1321, 1344, 1377, 1392, 1408, 1440, 1446, 1472, 1504, 1525, 1524, 1538, 15, 33, 63, 69
1186, 1212, 1226, 1242, 1260, 1287, 1301, 1321, 1344, 1377, 1392, 1408, 1440, 1446, 1472, 1504, 1525, 1524, 1538, 15, 33, 63, 70
1186, 1212, 1226, 1242, 1260, 1287, 1301, 1321, 1344, 1377, 1392, 1408, 1440, 1446, 1472, 1504, 1526, 1537, 12, 31, 62, 71
1186, 1212, 1226, 1241, 1261, 1289, 1320, 1338, 1342, 1375, 1394, 1410, 1443, 1447, 1474, 1502, 1528, 1535, 10, 30, 61, 72
1186, 1212, 1226, 1241, 1261, 1289, 1320, 1338, 1342, 1375, 1394, 1410, 1443, 1447, 1474, 1502, 1528, 1535, 10, 30, 60, 73
1186, 1212, 1226, 1241, 1261, 1289, 1320, 1338, 1342, 1375, 1394, 1410, 1443, 1447, 1474, 1502, 1528, 1535, 10, 9, 28, 59, 74
1186, 1212, 1226, 1241, 1261, 1289, 1320, 1338, 1342, 1375, 1394, 1410, 1443, 1447, 1474, 1502, 1528, 1535, 10, 9, 28, 59, 74, 75
1186, 1212, 1226, 1241, 1261, 1289, 1320, 1338, 1342, 1375, 1394, 1410, 1411, 1444, 1450, 1476, 1500, 1499, 1532, 1552, 6, 26, 54, 76
1186, 1212, 1226, 1241, 1261, 1289, 1320, 1338, 1342, 1375, 1394, 1410, 1411, 1444, 1450, 1476, 1500, 1499, 1532, 1552, 6, 26, 54, 76, 77
1186, 1212, 1226, 1241, 1261, 1289, 1320, 1338, 1342, 1375, 1394, 1410, 1411, 1444, 1450, 1476, 1500, 1499, 1532, 1552, 6, 25, 53, 78
1186, 1212, 1226, 1241, 1261, 1289, 1320, 1338, 1342, 1375, 1394, 1410, 1411, 1444, 1450, 1476, 1500, 1499, 1532, 1552, 1551, 5, 45, 51, 79
1186, 1212, 1226, 1241, 1261, 1289, 1320, 1338, 1342, 1375, 1394, 1410, 1411, 1444, 1450, 1476, 1500, 1499, 1532, 1552, 1551, 5, 45, 51, 80
1186, 1187, 1188, 1189, 1190, 1191, 1207, 1232, 1248, 1275, 1281, 1307, 1326, 1350, 1362, 1384, 1421, 1433, 1458, 1485, 1492, 1516, 1546, 23, 41, 42, 48, 81
1186, 1187, 1188, 1189, 1190, 1191, 1207, 1232, 1248, 1275, 1281, 1307, 1326, 1350, 1362, 1384, 1421, 1433, 1458, 1485, 1492, 1516, 1546, 23, 41, 42, 48, 82
1186, 1187, 1188, 1189, 1190, 1191, 1207, 1232, 1248, 1275, 1281, 1307, 1326, 1350, 1362, 1384, 1421, 1433, 1458, 1485, 1492, 1516, 1546, 23, 41, 42, 48, 83
1186, 1187, 1188, 1189, 1190, 1191, 1207, 1232, 1248, 1275, 1281, 1307, 1326, 1350, 1362, 1384, 1421, 1433, 1458, 1485, 1492, 1516, 1546, 23, 41, 47, 84
1186, 1187, 1188, 1189, 1190, 1191, 1207, 1232, 1248, 1275, 1281, 1307, 1326, 1350, 1362, 1384, 1421, 1433, 1458, 1485, 1492, 1516, 1546, 23, 41, 47, 85
1186, 1187, 1211, 1227, 1243, 1258, 1285, 1302, 1323, 1347, 1380, 1387, 1405, 1437, 1436, 1465, 1490, 1509, 1519, 1542, 20, 38, 68, 86
1186, 1187, 1211, 1227, 1243, 1258, 1285, 1302, 1323, 1347, 1380, 1387, 1405, 1437, 1436, 1465, 1490, 1509, 1519, 1542, 19, 37, 67, 87
1186, 1187, 1211, 1227, 1243, 1258, 1285, 1302, 1323, 1347, 1380, 1387, 1405, 1437, 1436, 1465, 1490, 1509, 1519, 1542, 19, 37, 66, 88
1186, 1212, 1226, 1242, 1260, 1287, 1301, 1321, 1344, 1377, 1392, 1408, 1440, 1446, 1472, 1504, 1525, 1524, 1538, 15, 33, 34, 35, 36, 65, 89
1186, 1212, 1226, 1242, 1260, 1287, 1301, 1321, 1344, 1377, 1392, 1408, 1440, 1446, 1472, 1504, 1525, 1524, 1538, 15, 33, 63, 64, 90
1186, 1187, 1211, 1227, 1243, 1258, 1285, 1302, 1323, 1347, 1380, 1387, 1405, 1437, 1436, 1465, 1490, 1509, 1519, 1542, 20, 38, 68, 86, 91
1186, 1187, 1211, 1227, 1243, 1258, 1285, 1302, 1323, 1347, 1380, 1387, 1405, 1437, 1436, 1465, 1490, 1509, 1519, 1542, 20, 38, 68, 86, 92
1186, 1187, 1188, 1189, 1190, 1191, 1207, 1232, 1248, 1275, 1281, 1307, 1326, 1350, 1362, 1384, 1421, 1433, 1458, 1485, 1492, 1516, 1546, 23, 41, 47, 85, 93
1186, 1187, 1188, 1189, 1190, 1191, 1207, 1232, 1248, 1275, 1281, 1307, 1326, 1350, 1362, 1384, 1421, 1433, 1458, 1485, 1492, 1516, 1546, 23, 41, 47, 84, 94
1186, 1187, 1188, 1189, 1190, 1191, 1207, 1232, 1248, 1275, 1281, 1307, 1326, 1350, 1362, 1384, 1421, 1433, 1458, 1485, 1492, 1516, 1546, 23, 41, 42, 48, 82, 95
1186, 1212, 1226, 1241, 1261, 1289, 1320, 1338, 1342, 1375, 1394, 1410, 1411, 1444, 1450, 1476, 1500, 1499, 1532, 1552, 1551, 5, 45, 51, 80, 96
1186, 1212, 1226, 1241, 1261, 1289, 1320, 1338, 1342, 1375, 1394, 1410, 1411, 1444, 1450, 1476, 1500, 1499, 1532, 1552, 1551, 5, 45, 51, 80, 97
1186, 1212, 1226, 1241, 1261, 1289, 1320, 1338, 1342, 1375, 1394, 1410, 1411, 1444, 1450, 1476, 1500, 1499, 1532, 1552, 6, 25, 53, 78, 98
1186, 1212, 1226, 1241, 1261, 1289, 1320, 1338, 1342, 1375, 1394, 1410, 1411, 1444, 1450, 1476, 1500, 1499, 1532, 1552, 6, 26, 54, 76, 99
