182, 181, 173, 138, 139, 123, 93, 85, 47, 41, 24, 0
182, 181, 173, 138, 139, 123, 93, 85, 47, 41, 42, 43, 1
182, 181, 173, 138, 139, 123, 93, 85, 47, 41, 23, 1546, 1547, 2
182, 181, 173, 138, 139, 123, 93, 85, 47, 41, 42, 43, 3
182, 181, 173, 138, 139, 123, 93, 85, 47, 41, 42, 43, 3, 4
182, 181, 180, 179, 178, 177, 176, 156, 142, 120, 96, 80, 51, 45, 5
182, 181, 180, 179, 178, 177, 176, 156, 142, 120, 96, 80, 51, 45, 5, 6
182, 183, 184, 185, 186, 187, 168, 167, 152, 131, 132, 104, 103, 73, 60, 29, 9, 8, 7
182, 183, 184, 185, 186, 187, 168, 167, 152, 131, 132, 104, 103, 73, 60, 29, 9, 8
182, 183, 184, 185, 186, 187, 168, 167, 152, 131, 132, 104, 103, 73, 60, 29, 9
182, 183, 184, 185, 186, 187, 168, 167, 152, 131, 132, 104, 103, 73, 60, 30, 10
182, 172, 136, 125, 110, 109, 90, 64, 63, 33, 15, 14, 13, 12, 11
182, 172, 136, 125, 110, 109, 90, 64, 63, 33, 15, 14, 13, 12
182, 172, 136, 125, 110, 109, 90, 64, 63, 33, 15, 14, 13
182, 172, 136, 125, 110, 109, 90, 64, 63, 33, 15, 14
182, 172, 136, 125, 110, 109, 90, 64, 63, 33, 15
182, 172, 136, 125, 110, 109, 90, 64, 35, 34, 16
182, 172, 136, 125, 110, 109, 90, 64, 35, 17
182, 172, 136, 125, 110, 109, 90, 64, 36, 18
182, 172, 136, 125, 110, 88, 66, 37, 19
182, 181, 173, 138, 124, 91, 86, 68, 38, 20
182, 181, 173, 138, 124, 91, 86, 68, 40, 21
182, 181, 173, 138, 139, 123, 93, 85, 47, 41, 22
182, 181, 173, 138, 139, 123, 93, 85, 47, 41, 23
182, 181, 173, 138, 139, 123, 93, 85, 47, 41, 24
182, 181, 180, 179, 178, 177, 176, 156, 142, 120, 96, 80, 51, 52, 53, 25
182, 181, 180, 179, 178, 177, 176, 156, 142, 120, 96, 80, 51, 52, 53, 25, 26
182, 183, 184, 185, 186, 187, 168, 167, 152, 131, 132, 104, 103, 73, 60, 29, 28, 27
182, 183, 184, 185, 186, 187, 168, 167, 152, 131, 132, 104, 103, 73, 60, 29, 28
182, 183, 184, 185, 186, 187, 168, 167, 152, 131, 132, 104, 103, 73, 60, 29
182, 183, 184, 185, 186, 187, 168, 167, 152, 131, 132, 104, 103, 73, 60, 30
182, 172, 136, 125, 110, 109, 90, 64, 63, 62, 31
182, 172, 136, 125, 110, 109, 90, 64, 63, 62, 32
182, 172, 136, 125, 110, 109, 90, 64, 63, 33
182, 172, 136, 125, 110, 109, 90, 64, 35, 34
182, 172, 136, 125, 110, 109, 90, 64, 35
182, 172, 136, 125, 110, 109, 90, 64, 36
182, 172, 136, 125, 110, 88, 66, 37
182, 181, 173, 138, 124, 91, 86, 68, 38
182, 181, 173, 138, 124, 91, 86, 68, 39
182, 181, 173, 138, 124, 91, 86, 68, 40
182, 181, 173, 138, 139, 123, 93, 85, 47, 41
182, 181, 173, 138, 139, 123, 93, 85, 47, 41, 42
182, 181, 173, 138, 139, 123, 93, 85, 47, 41, 42, 43
182, 181, 180, 179, 178, 177, 176, 156, 142, 120, 96, 80, 51, 44
182, 181, 180, 179, 178, 177, 176, 156, 142, 120, 96, 80, 51, 45
182, 181, 180, 179, 178, 177, 176, 156, 142, 120, 96, 80, 51, 45, 46
182, 181, 173, 138, 139, 123, 93, 85, 47
182, 181, 173, 138, 139, 123, 93, 85, 47, 48
182, 181, 173, 138, 139, 123, 93, 85, 47, 48, 49
182, 181, 173, 138, 139, 123, 93, 85, 47, 48, 49, 50
182, 181, 180, 179, 178, 177, 176, 156, 142, 120, 96, 80, 51
182, 181, 180, 179, 178, 177, 176, 156, 142, 120, 96, 80, 51, 52
182, 181, 180, 179, 178, 177, 176, 156, 142, 120, 96, 80, 51, 52, 53
182, 181, 180, 179, 178, 177, 176, 156, 142, 120, 96, 80, 51, 52, 53, 54
182, 183, 184, 185, 186, 187, 168, 167, 152, 131, 132, 104, 103, 73, 60, 59, 58, 57, 56, 55
182, 183, 184, 185, 186, 187, 168, 167, 152, 131, 132, 104, 103, 73, 60, 59, 58, 57, 56
182, 183, 184, 185, 186, 187, 168, 167, 152, 131, 132, 104, 103, 73, 60, 59, 58, 57
182, 183, 184, 185, 186, 187, 168, 167, 152, 131, 132, 104, 103, 73, 60, 59, 58
182, 183, 184, 185, 186, 187, 168, 167, 152, 131, 132, 104, 103, 73, 60, 59
182, 183, 184, 185, 186, 187, 168, 167, 152, 131, 132, 104, 103, 73, 60
182, 183, 184, 185, 186, 187, 168, 167, 152, 131, 105, 71, 72, 61
182, 172, 136, 125, 110, 109, 90, 64, 63, 62
182, 172, 136, 125, 110, 109, 90, 64, 63
182, 172, 136, 125, 110, 109, 90, 64
182, 172, 136, 125, 110, 88, 89, 65
182, 172, 136, 125, 110, 88, 66
182, 172, 136, 125, 110, 88, 66, 67
182, 181, 173, 138, 124, 91, 86, 68
182, 172, 136, 125, 126, 127, 128, 107, 69
182, 172, 136, 125, 126, 127, 128, 107, 69, 70
182, 183, 184, 185, 186, 187, 168, 167, 152, 131, 105, 71
182, 183, 184, 185, 186, 187, 168, 167, 152, 131, 105, 71, 72
182, 183, 184, 185, 186, 187, 168, 167, 152, 131, 132, 104, 103, 73
182, 183, 184, 185, 186, 187, 168, 167, 152, 131, 132, 104, 103, 102, 74
182, 183, 184, 185, 186, 187, 168, 167, 152, 131, 132, 104, 103, 102, 74, 75
182, 181, 180, 179, 178, 177, 176, 156, 142, 120, 97, 79, 78, 77, 76
182, 181, 180, 179, 178, 177, 176, 156, 142, 120, 97, 79, 78, 77
182, 181, 180, 179, 178, 177, 176, 156, 142, 120, 97, 79, 78
182, 181, 180, 179, 178, 177, 176, 156, 142, 120, 97, 79
182, 181, 180, 179, 178, 177, 176, 156, 142, 120, 96, 80
182, 181, 173, 138, 139, 123, 94, 84, 83, 82, 81
182, 181, 173, 138, 139, 123, 94, 84, 83, 82
182, 181, 173, 138, 139, 123, 94, 84, 83
182, 181, 173, 138, 139, 123, 94, 84
182, 181, 173, 138, 139, 123, 93, 85
182, 181, 173, 138, 124, 91, 86
182, 181, 173, 138, 124, 111, 87
182, 172, 136, 125, 110, 88
182, 172, 136, 125, 110, 88, 89
182, 172, 136, 125, 110, 109, 90
182, 181, 173, 138, 124, 91
182, 181, 173, 138, 124, 91, 92
182, 181, 173, 138, 139, 123, 93
182, 181, 173, 138, 139, 123, 94
182, 181, 173, 174, 140, 141, 121, 95
182, 181, 180, 179, 178, 177, 176, 156, 142, 120, 96
182, 181, 180, 179, 178, 177, 176, 156, 142, 120, 97
182, 181, 180, 179, 178, 177, 176, 156, 142, 120, 97, 98
182, 181, 180, 179, 178, 177, 176, 156, 142, 120, 97, 98, 99
