1377, 1392, 1408, 1409, 1441, 1447, 1475, 1476, 1500, 1499, 1498, 1512, 1513, 1514, 1548, 0
1377, 1378, 1379, 1387, 1386, 1403, 1422, 1421, 1433, 1458, 1485, 1492, 1493, 1515, 1547, 1
1377, 1378, 1379, 1387, 1386, 1403, 1422, 1421, 1433, 1458, 1485, 1492, 1493, 1515, 1547, 2
1377, 1392, 1408, 1440, 1446, 1473, 1474, 1502, 1528, 1535, 10, 9, 8, 7, 6, 5, 4, 3
1377, 1392, 1408, 1440, 1446, 1473, 1474, 1502, 1528, 1535, 10, 9, 8, 7, 6, 5, 4
1377, 1392, 1408, 1440, 1446, 1473, 1474, 1502, 1528, 1535, 10, 9, 8, 7, 6, 5
1377, 1392, 1408, 1440, 1446, 1473, 1474, 1502, 1528, 1535, 10, 9, 8, 7, 6
1377, 1392, 1408, 1440, 1446, 1473, 1474, 1502, 1528, 1535, 10, 9, 8, 7
1377, 1392, 1408, 1440, 1446, 1473, 1474, 1502, 1528, 1535, 10, 9, 8
1377, 1392, 1408, 1440, 1446, 1473, 1474, 1502, 1528, 1535, 10, 9
1377, 1392, 1408, 1440, 1446, 1473, 1474, 1502, 1528, 1535, 10
1377, 1392, 1408, 1440, 1446, 1473, 1474, 1502, 1528, 1536, 11
1377, 1392, 1408, 1440, 1446, 1472, 1504, 1526, 1537, 12
1377, 1392, 1408, 1440, 1446, 1472, 1504, 1525, 1524, 1538, 13
1377, 1392, 1408, 1440, 1446, 1472, 1504, 1525, 1524, 1538, 14
1377, 1392, 1408, 1440, 1446, 1472, 1504, 1525, 1524, 1538, 15
1377, 1392, 1408, 1440, 1446, 1472, 1504, 1525, 1524, 1538, 15, 16
1377, 1392, 1408, 1440, 1446, 1472, 1504, 1525, 1524, 1538, 15, 16, 17
1377, 1378, 1388, 1406, 1438, 1467, 1466, 1470, 1508, 1522, 1540, 18
1377, 1378, 1388, 1406, 1438, 1467, 1466, 1465, 1490, 1509, 1519, 1542, 19
1377, 1378, 1388, 1406, 1438, 1467, 1466, 1465, 1490, 1509, 1519, 1542, 20
1377, 1378, 1388, 1406, 1438, 1467, 1466, 1465, 1490, 1509, 1519, 1542, 20, 21
1377, 1378, 1379, 1387, 1386, 1403, 1422, 1435, 1462, 1488, 1510, 1511, 1518, 1544, 1545, 22
1377, 1378, 1379, 1387, 1386, 1403, 1422, 1435, 1462, 1488, 1510, 1511, 1518, 1544, 1545, 23
1377, 1378, 1379, 1387, 1386, 1403, 1422, 1421, 1433, 1458, 1485, 1492, 1516, 1546, 24
1377, 1392, 1408, 1440, 1446, 1473, 1474, 1502, 1528, 1535, 10, 9, 28, 27, 26, 25
1377, 1392, 1408, 1440, 1446, 1473, 1474, 1502, 1528, 1535, 10, 9, 28, 27, 26
1377, 1392, 1408, 1440, 1446, 1473, 1474, 1502, 1528, 1535, 10, 9, 28, 27
1377, 1392, 1408, 1440, 1446, 1473, 1474, 1502, 1528, 1535, 10, 9, 28
1377, 1392, 1408, 1440, 1446, 1473, 1474, 1502, 1528, 1535, 10, 29
1377, 1392, 1408, 1440, 1446, 1473, 1474, 1502, 1528, 1535, 10, 30
1377, 1392, 1408, 1440, 1446, 1472, 1504, 1526, 1537, 12, 31
1377, 1392, 1408, 1440, 1446, 1472, 1504, 1526, 1537, 12, 31, 32
1377, 1392, 1408, 1440, 1446, 1472, 1504, 1525, 1524, 1538, 15, 33
1377, 1392, 1408, 1440, 1446, 1472, 1504, 1525, 1524, 1538, 15, 33, 34
1377, 1392, 1408, 1440, 1446, 1472, 1504, 1525, 1524, 1538, 15, 33, 34, 35
1377, 1392, 1408, 1440, 1446, 1472, 1504, 1525, 1524, 1538, 15, 33, 34, 35, 36
1377, 1378, 1388, 1406, 1438, 1467, 1466, 1465, 1490, 1509, 1519, 1542, 19, 37
1377, 1378, 1388, 1406, 1438, 1467, 1466, 1465, 1490, 1509, 1519, 1542, 20, 38
1377, 1378, 1388, 1406, 1438, 1467, 1466, 1465, 1490, 1509, 1519, 1542, 20, 39
1377, 1378, 1388, 1406, 1438, 1467, 1466, 1465, 1490, 1509, 1519, 1542, 20, 39, 40
1377, 1378, 1379, 1387, 1386, 1403, 1422, 1435, 1462, 1488, 1510, 1511, 1518, 1544, 1545, 23, 41
1377, 1378, 1379, 1387, 1386, 1403, 1422, 1435, 1462, 1488, 1510, 1511, 1518, 1544, 1545, 23, 41, 42
1377, 1392, 1408, 1440, 1446, 1473, 1474, 1502, 1528, 1535, 10, 9, 8, 7, 6, 5, 4, 3, 43
1377, 1392, 1408, 1440, 1446, 1473, 1474, 1502, 1528, 1535, 10, 9, 28, 27, 26, 25, 46, 45, 44
1377, 1392, 1408, 1440, 1446, 1473, 1474, 1502, 1528, 1535, 10, 9, 28, 27, 26, 25, 46, 45
1377, 1392, 1408, 1440, 1446, 1473, 1474, 1502, 1528, 1535, 10, 9, 28, 27, 26, 25, 46
1377, 1378, 1379, 1387, 1386, 1403, 1422, 1435, 1462, 1488, 1510, 1511, 1518, 1544, 1545, 23, 41, 47
1377, 1378, 1379, 1387, 1386, 1403, 1422, 1435, 1462, 1488, 1510, 1511, 1518, 1544, 1545, 23, 41, 42, 48
1377, 1392, 1408, 1440, 1446, 1473, 1474, 1502, 1528, 1535, 10, 9, 8, 7, 6, 5, 4, 3, 43, 49
1377, 1392, 1408, 1440, 1446, 1473, 1474, 1502, 1528, 1535, 10, 9, 28, 58, 57, 56, 55, 54, 53, 52, 51, 50
1377, 1392, 1408, 1440, 1446, 1473, 1474, 1502, 1528, 1535, 10, 9, 28, 58, 57, 56, 55, 54, 53, 52, 51
1377, 1392, 1408, 1440, 1446, 1473, 1474, 1502, 1528, 1535, 10, 9, 28, 58, 57, 56, 55, 54, 53, 52
1377, 1392, 1408, 1440, 1446, 1473, 1474, 1502, 1528, 1535, 10, 9, 28, 58, 57, 56, 55, 54, 53
1377, 1392, 1408, 1440, 1446, 1473, 1474, 1502, 1528, 1535, 10, 9, 28, 58, 57, 56, 55, 54
1377, 1392, 1408, 1440, 1446, 1473, 1474, 1502, 1528, 1535, 10, 9, 28, 58, 57, 56, 55
1377, 1392, 1408, 1440, 1446, 1473, 1474, 1502, 1528, 1535, 10, 9, 28, 58, 57, 56
1377, 1392, 1408, 1440, 1446, 1473, 1474, 1502, 1528, 1535, 10, 9, 28, 58, 57
1377, 1392, 1408, 1440, 1446, 1473, 1474, 1502, 1528, 1535, 10, 9, 28, 58
1377, 1392, 1408, 1440, 1446, 1473, 1474, 1502, 1528, 1535, 10, 9, 28, 59
1377, 1392, 1408, 1440, 1446, 1473, 1474, 1502, 1528, 1535, 10, 30, 60
1377, 1392, 1408, 1440, 1446, 1473, 1474, 1502, 1528, 1535, 10, 30, 61
1377, 1392, 1408, 1440, 1446, 1472, 1504, 1526, 1537, 12, 31, 62
1377, 1392, 1408, 1440, 1446, 1472, 1504, 1525, 1524, 1538, 15, 33, 63
1377, 1392, 1408, 1440, 1446, 1472, 1504, 1525, 1524, 1538, 15, 33, 63, 64
1377, 1392, 1408, 1440, 1446, 1472, 1504, 1525, 1524, 1538, 15, 33, 34, 35, 36, 65
1377, 1378, 1388, 1406, 1438, 1467, 1466, 1465, 1490, 1509, 1519, 1542, 19, 37, 66
1377, 1378, 1388, 1406, 1438, 1467, 1466, 1465, 1490, 1509, 1519, 1542, 19, 37, 67
1377, 1378, 1388, 1406, 1438, 1467, 1466, 1465, 1490, 1509, 1519, 1542, 20, 38, 68
1377, 1392, 1408, 1440, 1446, 1472, 1504, 1525, 1524, 1538, 15, 33, 63, 69
1377, 1392, 1408, 1440, 1446, 1472, 1504, 1525, 1524, 1538, 15, 33, 63, 70
1377, 1392, 1408, 1440, 1446, 1472, 1504, 1526, 1537, 12, 31, 62, 71
1377, 1392, 1408, 1440, 1446, 1473, 1474, 1502, 1528, 1535, 10, 30, 61, 72
1377, 1392, 1408, 1440, 1446, 1473, 1474, 1502, 1528, 1535, 10, 30, 60, 73
1377, 1392, 1408, 1440, 1446, 1473, 1474, 1502, 1528, 1535, 10, 9, 28, 59, 74
1377, 1392, 1408, 1440, 1446, 1473, 1474, 1502, 1528, 1535, 10, 9, 28, 59, 74, 75
1377, 1392, 1408, 1440, 1446, 1473, 1474, 1502, 1528, 1535, 10, 9, 28, 59, 74, 75, 76
1377, 1392, 1408, 1440, 1446, 1473, 1474, 1502, 1528, 1535, 10, 9, 28, 59, 74, 75, 76, 77
1377, 1392, 1408, 1440, 1446, 1473, 1474, 1502, 1528, 1535, 10, 9, 28, 59, 74, 75, 76, 77, 78
1377, 1392, 1408, 1440, 1446, 1473, 1474, 1502, 1528, 1535, 10, 9, 28, 59, 74, 75, 76, 77, 78, 79
1377, 1392, 1408, 1440, 1446, 1473, 1474, 1502, 1528, 1535, 10, 9, 28, 58, 57, 56, 55, 54, 53, 52, 51, 80
1377, 1378, 1379, 1387, 1386, 1403, 1422, 1435, 1462, 1488, 1510, 1511, 1518, 1544, 1545, 23, 41, 42, 48, 81
1377, 1378, 1379, 1387, 1386, 1403, 1422, 1435, 1462, 1488, 1510, 1511, 1518, 1544, 1545, 23, 41, 42, 48, 82
1377, 1378, 1379, 1387, 1386, 1403, 1422, 1435, 1462, 1488, 1510, 1511, 1518, 1544, 1545, 23, 41, 42, 48, 83
1377, 1378, 1379, 1387, 1386, 1403, 1422, 1435, 1462, 1488, 1510, 1511, 1518, 1544, 1545, 23, 41, 47, 84
1377, 1378, 1388, 1406, 1438, 1467, 1466, 1465, 1490, 1509, 1519, 1542, 20, 38, 68, 86, 85
1377, 1378, 1388, 1406, 1438, 1467, 1466, 1465, 1490, 1509, 1519, 1542, 20, 38, 68, 86
1377, 1378, 1388, 1406, 1438, 1467, 1466, 1465, 1490, 1509, 1519, 1542, 19, 37, 67, 87
1377, 1392, 1408, 1440, 1446, 1472, 1504, 1525, 1524, 1538, 15, 33, 34, 35, 36, 65, 89, 88
1377, 1392, 1408, 1440, 1446, 1472, 1504, 1525, 1524, 1538, 15, 33, 34, 35, 36, 65, 89
1377, 1392, 1408, 1440, 1446, 1472, 1504, 1525, 1524, 1538, 15, 33, 63, 64, 90
1377, 1378, 1388, 1406, 1438, 1467, 1466, 1465, 1490, 1509, 1519, 1542, 20, 38, 68, 86, 91
1377, 1378, 1388, 1406, 1438, 1467, 1466, 1465, 1490, 1509, 1519, 1542, 20, 38, 68, 86, 92
1377, 1378, 1388, 1406, 1438, 1467, 1466, 1465, 1490, 1509, 1519, 1542, 20, 38, 68, 86, 92, 93
1377, 1378, 1388, 1406, 1438, 1467, 1466, 1465, 1490, 1509, 1519, 1542, 20, 38, 68, 86, 92, 93, 94
1377, 1378, 1379, 1387, 1386, 1403, 1422, 1435, 1462, 1488, 1510, 1511, 1518, 1544, 1545, 23, 41, 42, 48, 82, 95
1377, 1392, 1408, 1440, 1446, 1473, 1474, 1502, 1528, 1535, 10, 9, 28, 59, 74, 75, 76, 77, 78, 79, 97, 96
1377, 1392, 1408, 1440, 1446, 1473, 1474, 1502, 1528, 1535, 10, 9, 28, 59, 74, 75, 76, 77, 78, 79, 97
1377, 1392, 1408, 1440, 1446, 1473, 1474, 1502, 1528, 1535, 10, 9, 28, 59, 74, 75, 100, 99, 98
1377, 1392, 1408, 1440, 1446, 1473, 1474, 1502, 1528, 1535, 10, 9, 28, 59, 74, 75, 100, 99
