1119, 1153, 1173, 1197, 1202, 1237, 1252, 1271, 1299, 1310, 1330, 1354, 1367, 1402, 1417, 1430, 1457, 1482, 1495, 1514, 1548, 0
1119, 1153, 1173, 1197, 1202, 1237, 1252, 1271, 1299, 1310, 1330, 1354, 1367, 1402, 1417, 1430, 1457, 1482, 1494, 1515, 1547, 1
1119, 1153, 1173, 1197, 1202, 1237, 1252, 1271, 1299, 1310, 1330, 1354, 1367, 1402, 1417, 1430, 1457, 1482, 1494, 1515, 1547, 2
1119, 1153, 1173, 1197, 1202, 1237, 1252, 1271, 1299, 1310, 1330, 1354, 1367, 1402, 1417, 1430, 1457, 1482, 1495, 1514, 1548, 3
1119, 1153, 1173, 1197, 1202, 1237, 1252, 1271, 1299, 1310, 1330, 1354, 1367, 1402, 1417, 1430, 1457, 1482, 1495, 1514, 1548, 4
1119, 1153, 1173, 1197, 1202, 1237, 1252, 1271, 1299, 1310, 1330, 1354, 1367, 1402, 1416, 1429, 1456, 1455, 1481, 1497, 1513, 1549, 5
1119, 1153, 1152, 1174, 1198, 1200, 1218, 1254, 1268, 1296, 1313, 1333, 1357, 1370, 1398, 1413, 1424, 1451, 1477, 1500, 1499, 1532, 1552, 6
1119, 1153, 1152, 1174, 1198, 1200, 1218, 1254, 1268, 1296, 1313, 1333, 1357, 1370, 1398, 1413, 1424, 1451, 1477, 1500, 1499, 1531, 1553, 7
1119, 1153, 1152, 1174, 1198, 1200, 1218, 1254, 1268, 1296, 1313, 1333, 1357, 1370, 1398, 1413, 1424, 1451, 1476, 1501, 1529, 1533, 8
1119, 1153, 1152, 1174, 1198, 1200, 1201, 1219, 1220, 1257, 1266, 1265, 1293, 1317, 1336, 1361, 1372, 1396, 1412, 1444, 1448, 1475, 1502, 1528, 1535, 10, 9
1119, 1153, 1152, 1174, 1198, 1200, 1201, 1219, 1220, 1257, 1266, 1265, 1293, 1317, 1336, 1361, 1372, 1396, 1412, 1444, 1448, 1475, 1502, 1528, 1535, 10
1119, 1153, 1152, 1174, 1198, 1200, 1201, 1219, 1220, 1257, 1266, 1265, 1293, 1317, 1336, 1361, 1372, 1396, 1412, 1444, 1448, 1475, 1502, 1528, 1536, 11
1119, 1153, 1152, 1174, 1198, 1200, 1201, 1219, 1220, 1257, 1266, 1265, 1293, 1317, 1336, 1361, 1372, 1395, 1411, 1410, 1443, 1447, 1474, 1503, 1527, 1537, 12
1119, 1118, 1117, 1155, 1171, 1194, 1205, 1233, 1249, 1274, 1275, 1281, 1307, 1326, 1350, 1363, 1385, 1422, 1435, 1464, 1465, 1469, 1508, 1507, 1506, 1524, 1538, 13
1119, 1118, 1117, 1155, 1171, 1194, 1205, 1233, 1249, 1274, 1275, 1281, 1307, 1326, 1350, 1363, 1385, 1422, 1435, 1464, 1465, 1469, 1508, 1507, 1506, 1524, 1538, 14
1119, 1118, 1117, 1155, 1171, 1194, 1205, 1233, 1249, 1274, 1275, 1281, 1307, 1326, 1350, 1363, 1385, 1422, 1435, 1464, 1465, 1469, 1508, 1523, 1539, 16, 15
1119, 1118, 1117, 1155, 1171, 1194, 1205, 1233, 1249, 1274, 1275, 1281, 1307, 1326, 1350, 1363, 1385, 1422, 1435, 1464, 1465, 1469, 1508, 1523, 1539, 16
1119, 1118, 1117, 1155, 1171, 1194, 1205, 1233, 1249, 1274, 1275, 1281, 1307, 1326, 1350, 1363, 1385, 1422, 1435, 1463, 1489, 1509, 1521, 1541, 18, 17
1119, 1118, 1117, 1155, 1171, 1194, 1205, 1233, 1249, 1274, 1275, 1281, 1307, 1326, 1350, 1363, 1385, 1422, 1435, 1463, 1489, 1509, 1521, 1541, 18
1119, 1118, 1117, 1155, 1171, 1194, 1205, 1233, 1249, 1274, 1275, 1281, 1307, 1326, 1350, 1363, 1385, 1422, 1435, 1462, 1488, 1510, 1519, 1542, 19
1119, 1118, 1117, 1155, 1171, 1194, 1205, 1233, 1249, 1274, 1275, 1281, 1307, 1326, 1350, 1363, 1385, 1422, 1435, 1462, 1488, 1510, 1519, 1542, 20
1119, 1153, 1173, 1197, 1202, 1237, 1252, 1271, 1299, 1310, 1330, 1354, 1367, 1402, 1417, 1430, 1457, 1484, 1485, 1492, 1517, 1545, 22, 21
1119, 1153, 1173, 1197, 1202, 1237, 1252, 1271, 1299, 1310, 1330, 1354, 1367, 1402, 1417, 1430, 1457, 1484, 1485, 1492, 1517, 1545, 22
1119, 1153, 1173, 1197, 1202, 1237, 1252, 1271, 1299, 1310, 1330, 1354, 1367, 1402, 1417, 1430, 1457, 1484, 1485, 1492, 1516, 1546, 23
1119, 1153, 1173, 1197, 1202, 1237, 1252, 1271, 1299, 1310, 1330, 1354, 1367, 1402, 1417, 1430, 1457, 1484, 1485, 1492, 1516, 1546, 24
1119, 1153, 1152, 1174, 1198, 1200, 1218, 1254, 1268, 1296, 1313, 1333, 1357, 1370, 1398, 1413, 1424, 1451, 1477, 1500, 1499, 1532, 1552, 6, 25
1119, 1153, 1152, 1174, 1198, 1200, 1218, 1254, 1268, 1296, 1313, 1333, 1357, 1370, 1398, 1413, 1424, 1451, 1477, 1500, 1499, 1532, 1552, 6, 26
1119, 1153, 1152, 1174, 1198, 1200, 1218, 1254, 1268, 1296, 1313, 1333, 1357, 1370, 1398, 1413, 1424, 1451, 1476, 1501, 1529, 1533, 8, 27
1119, 1153, 1152, 1174, 1198, 1200, 1201, 1219, 1220, 1257, 1266, 1265, 1293, 1317, 1336, 1361, 1372, 1396, 1412, 1444, 1448, 1475, 1502, 1528, 1535, 10, 9, 28
1119, 1153, 1152, 1174, 1198, 1200, 1201, 1219, 1220, 1257, 1266, 1265, 1293, 1317, 1336, 1361, 1372, 1396, 1412, 1444, 1448, 1475, 1502, 1528, 1535, 10, 29
1119, 1153, 1152, 1174, 1198, 1200, 1201, 1219, 1220, 1257, 1266, 1265, 1293, 1317, 1336, 1361, 1372, 1396, 1412, 1444, 1448, 1475, 1502, 1528, 1535, 10, 30
1119, 1153, 1152, 1174, 1198, 1200, 1201, 1219, 1220, 1257, 1266, 1265, 1293, 1317, 1336, 1361, 1372, 1395, 1411, 1410, 1443, 1447, 1474, 1503, 1527, 1537, 12, 31
1119, 1153, 1152, 1174, 1198, 1200, 1201, 1219, 1220, 1257, 1266, 1265, 1293, 1317, 1336, 1361, 1372, 1395, 1411, 1410, 1443, 1447, 1474, 1503, 1527, 1537, 12, 31, 32
1119, 1118, 1117, 1155, 1171, 1194, 1205, 1233, 1249, 1274, 1275, 1281, 1307, 1326, 1350, 1363, 1385, 1422, 1435, 1464, 1465, 1469, 1508, 1523, 1539, 16, 33
1119, 1118, 1117, 1155, 1171, 1194, 1205, 1233, 1249, 1274, 1275, 1281, 1307, 1326, 1350, 1363, 1385, 1422, 1435, 1463, 1489, 1509, 1521, 1541, 18, 36, 35, 34
1119, 1118, 1117, 1155, 1171, 1194, 1205, 1233, 1249, 1274, 1275, 1281, 1307, 1326, 1350, 1363, 1385, 1422, 1435, 1463, 1489, 1509, 1521, 1541, 18, 36, 35
1119, 1118, 1117, 1155, 1171, 1194, 1205, 1233, 1249, 1274, 1275, 1281, 1307, 1326, 1350, 1363, 1385, 1422, 1435, 1463, 1489, 1509, 1521, 1541, 18, 36
1119, 1118, 1117, 1155, 1171, 1194, 1205, 1233, 1249, 1274, 1275, 1281, 1307, 1326, 1350, 1363, 1385, 1422, 1435, 1462, 1488, 1510, 1519, 1542, 19, 37
1119, 1153, 1173, 1197, 1202, 1237, 1252, 1271, 1299, 1310, 1330, 1354, 1367, 1402, 1417, 1430, 1457, 1484, 1485, 1492, 1517, 1545, 22, 21, 40, 39, 38
1119, 1153, 1173, 1197, 1202, 1237, 1252, 1271, 1299, 1310, 1330, 1354, 1367, 1402, 1417, 1430, 1457, 1484, 1485, 1492, 1517, 1545, 22, 21, 40, 39
1119, 1153, 1173, 1197, 1202, 1237, 1252, 1271, 1299, 1310, 1330, 1354, 1367, 1402, 1417, 1430, 1457, 1484, 1485, 1492, 1517, 1545, 22, 21, 40
1119, 1153, 1173, 1197, 1202, 1237, 1252, 1271, 1299, 1310, 1330, 1354, 1367, 1402, 1417, 1430, 1457, 1484, 1485, 1492, 1516, 1546, 23, 41
1119, 1153, 1173, 1197, 1202, 1237, 1252, 1271, 1299, 1310, 1330, 1354, 1367, 1402, 1417, 1430, 1457, 1484, 1485, 1492, 1516, 1546, 23, 41, 42
1119, 1153, 1173, 1197, 1202, 1237, 1252, 1271, 1299, 1310, 1330, 1354, 1367, 1402, 1417, 1430, 1457, 1482, 1494, 1515, 1547, 1, 43
1119, 1153, 1173, 1197, 1202, 1237, 1252, 1271, 1299, 1310, 1330, 1354, 1367, 1402, 1417, 1430, 1457, 1482, 1495, 1514, 1548, 4, 44
1119, 1153, 1173, 1197, 1202, 1237, 1252, 1271, 1299, 1310, 1330, 1354, 1367, 1402, 1417, 1430, 1457, 1482, 1495, 1514, 1548, 4, 44, 45
1119, 1153, 1173, 1197, 1202, 1237, 1252, 1271, 1299, 1310, 1330, 1354, 1367, 1402, 1416, 1429, 1456, 1455, 1481, 1497, 1513, 1549, 5, 46
1119, 1153, 1173, 1197, 1202, 1237, 1252, 1271, 1299, 1310, 1330, 1354, 1367, 1402, 1417, 1430, 1457, 1484, 1485, 1492, 1516, 1546, 23, 41, 47
1119, 1153, 1173, 1197, 1202, 1237, 1252, 1271, 1299, 1310, 1330, 1354, 1367, 1402, 1417, 1430, 1457, 1484, 1485, 1492, 1516, 1546, 23, 41, 42, 48
1119, 1153, 1173, 1197, 1202, 1237, 1252, 1271, 1299, 1310, 1330, 1354, 1367, 1402, 1417, 1430, 1457, 1482, 1494, 1515, 1547, 1, 43, 49
1119, 1153, 1173, 1197, 1202, 1237, 1252, 1271, 1299, 1310, 1330, 1354, 1367, 1402, 1417, 1430, 1457, 1482, 1494, 1515, 1547, 1, 43, 50
1119, 1153, 1173, 1197, 1202, 1237, 1252, 1271, 1299, 1310, 1330, 1354, 1367, 1402, 1417, 1430, 1457, 1482, 1495, 1514, 1548, 4, 44, 51
1119, 1153, 1173, 1197, 1202, 1237, 1252, 1271, 1299, 1310, 1330, 1354, 1367, 1402, 1416, 1429, 1456, 1455, 1481, 1497, 1513, 1549, 5, 46, 52
1119, 1153, 1173, 1197, 1202, 1237, 1252, 1271, 1299, 1310, 1330, 1354, 1367, 1402, 1416, 1429, 1456, 1455, 1481, 1497, 1513, 1549, 5, 46, 53
1119, 1153, 1152, 1174, 1198, 1200, 1218, 1254, 1268, 1296, 1313, 1333, 1357, 1370, 1398, 1413, 1424, 1451, 1477, 1500, 1499, 1532, 1552, 6, 26, 54
1119, 1153, 1152, 1174, 1198, 1200, 1218, 1254, 1268, 1296, 1313, 1333, 1357, 1370, 1398, 1413, 1424, 1451, 1477, 1500, 1499, 1532, 1552, 6, 26, 55
1119, 1153, 1152, 1174, 1198, 1200, 1218, 1254, 1268, 1296, 1313, 1333, 1357, 1370, 1398, 1413, 1424, 1451, 1476, 1501, 1529, 1533, 8, 27, 56
1119, 1153, 1152, 1174, 1198, 1200, 1218, 1254, 1268, 1296, 1313, 1333, 1357, 1370, 1398, 1413, 1424, 1451, 1476, 1501, 1529, 1533, 8, 27, 57
1119, 1153, 1152, 1174, 1198, 1200, 1201, 1219, 1220, 1257, 1266, 1265, 1293, 1317, 1336, 1361, 1372, 1396, 1412, 1444, 1448, 1475, 1502, 1528, 1535, 10, 9, 28, 58
1119, 1153, 1152, 1174, 1198, 1200, 1201, 1219, 1220, 1257, 1266, 1265, 1293, 1317, 1336, 1361, 1372, 1396, 1412, 1444, 1448, 1475, 1502, 1528, 1535, 10, 9, 28, 59
1119, 1153, 1152, 1174, 1198, 1200, 1201, 1219, 1220, 1257, 1266, 1265, 1293, 1317, 1336, 1361, 1372, 1396, 1412, 1444, 1448, 1475, 1502, 1528, 1535, 10, 30, 60
1119, 1153, 1152, 1174, 1198, 1200, 1201, 1219, 1220, 1257, 1266, 1265, 1293, 1317, 1336, 1361, 1372, 1396, 1412, 1444, 1448, 1475, 1502, 1528, 1535, 10, 30, 61
1119, 1153, 1152, 1174, 1198, 1200, 1201, 1219, 1220, 1257, 1266, 1265, 1293, 1317, 1336, 1361, 1372, 1395, 1411, 1410, 1443, 1447, 1474, 1503, 1527, 1537, 12, 31, 62
1119, 1118, 1117, 1155, 1171, 1194, 1205, 1233, 1249, 1274, 1275, 1281, 1307, 1326, 1350, 1363, 1385, 1422, 1435, 1464, 1465, 1469, 1508, 1523, 1539, 16, 33, 63
1119, 1118, 1117, 1155, 1171, 1194, 1205, 1233, 1249, 1274, 1275, 1281, 1307, 1326, 1350, 1363, 1385, 1422, 1435, 1463, 1489, 1509, 1521, 1541, 18, 36, 64
1119, 1118, 1117, 1155, 1171, 1194, 1205, 1233, 1249, 1274, 1275, 1281, 1307, 1326, 1350, 1363, 1385, 1422, 1435, 1462, 1488, 1510, 1519, 1542, 19, 37, 66, 65
1119, 1118, 1117, 1155, 1171, 1194, 1205, 1233, 1249, 1274, 1275, 1281, 1307, 1326, 1350, 1363, 1385, 1422, 1435, 1462, 1488, 1510, 1519, 1542, 19, 37, 66
1119, 1118, 1117, 1155, 1171, 1194, 1205, 1233, 1249, 1274, 1275, 1281, 1307, 1326, 1350, 1363, 1385, 1422, 1435, 1462, 1488, 1510, 1519, 1542, 19, 37, 67
1119, 1153, 1173, 1197, 1202, 1237, 1252, 1271, 1299, 1310, 1330, 1354, 1367, 1402, 1417, 1430, 1457, 1484, 1485, 1492, 1517, 1545, 22, 21, 40, 68
1119, 1118, 1117, 1155, 1171, 1194, 1205, 1233, 1249, 1274, 1275, 1281, 1307, 1326, 1350, 1363, 1385, 1422, 1435, 1464, 1465, 1469, 1508, 1523, 1539, 16, 33, 63, 69
1119, 1118, 1117, 1155, 1171, 1194, 1205, 1233, 1249, 1274, 1275, 1281, 1307, 1326, 1350, 1363, 1385, 1422, 1435, 1464, 1465, 1469, 1508, 1523, 1539, 16, 33, 63, 70
1119, 1153, 1152, 1174, 1198, 1200, 1201, 1219, 1220, 1257, 1266, 1265, 1293, 1317, 1336, 1361, 1372, 1395, 1411, 1410, 1443, 1447, 1474, 1503, 1527, 1537, 12, 31, 62, 71
1119, 1153, 1152, 1174, 1198, 1200, 1201, 1219, 1220, 1257, 1266, 1265, 1293, 1317, 1336, 1361, 1372, 1396, 1412, 1444, 1448, 1475, 1502, 1528, 1535, 10, 30, 61, 72
1119, 1153, 1152, 1174, 1198, 1200, 1201, 1219, 1220, 1257, 1266, 1265, 1293, 1317, 1336, 1361, 1372, 1396, 1412, 1444, 1448, 1475, 1502, 1528, 1535, 10, 30, 60, 73
1119, 1153, 1152, 1174, 1198, 1200, 1201, 1219, 1220, 1257, 1266, 1265, 1293, 1317, 1336, 1361, 1372, 1396, 1412, 1444, 1448, 1475, 1502, 1528, 1535, 10, 9, 28, 59, 74
1119, 1153, 1152, 1174, 1198, 1200, 1218, 1254, 1268, 1296, 1313, 1333, 1357, 1370, 1398, 1413, 1424, 1451, 1476, 1501, 1529, 1533, 8, 27, 56, 75
1119, 1153, 1152, 1174, 1198, 1200, 1218, 1254, 1268, 1296, 1313, 1333, 1357, 1370, 1398, 1413, 1424, 1451, 1477, 1500, 1499, 1532, 1552, 6, 26, 54, 76
1119, 1153, 1173, 1197, 1202, 1237, 1252, 1271, 1299, 1310, 1330, 1354, 1367, 1402, 1416, 1429, 1456, 1455, 1481, 1497, 1513, 1549, 5, 46, 53, 77
1119, 1153, 1173, 1197, 1202, 1237, 1252, 1271, 1299, 1310, 1330, 1354, 1367, 1402, 1416, 1429, 1456, 1455, 1481, 1497, 1513, 1549, 5, 46, 53, 78
1119, 1153, 1173, 1197, 1202, 1237, 1252, 1271, 1299, 1310, 1330, 1354, 1367, 1402, 1417, 1430, 1457, 1482, 1495, 1514, 1548, 4, 44, 51, 79
1119, 1153, 1173, 1197, 1202, 1237, 1252, 1271, 1299, 1310, 1330, 1354, 1367, 1402, 1417, 1430, 1457, 1482, 1494, 1515, 1547, 1, 43, 50, 80
1119, 1153, 1173, 1197, 1202, 1237, 1252, 1271, 1299, 1310, 1330, 1354, 1367, 1402, 1417, 1430, 1457, 1484, 1485, 1492, 1516, 1546, 23, 41, 42, 48, 81
1119, 1153, 1173, 1197, 1202, 1237, 1252, 1271, 1299, 1310, 1330, 1354, 1367, 1402, 1417, 1430, 1457, 1484, 1485, 1492, 1516, 1546, 23, 41, 42, 48, 82
1119, 1153, 1173, 1197, 1202, 1237, 1252, 1271, 1299, 1310, 1330, 1354, 1367, 1402, 1417, 1430, 1457, 1484, 1485, 1492, 1516, 1546, 23, 41, 42, 48, 83
1119, 1153, 1173, 1197, 1202, 1237, 1252, 1271, 1299, 1310, 1330, 1354, 1367, 1402, 1417, 1430, 1457, 1484, 1485, 1492, 1516, 1546, 23, 41, 47, 84
1119, 1153, 1173, 1197, 1202, 1237, 1252, 1271, 1299, 1310, 1330, 1354, 1367, 1402, 1417, 1430, 1457, 1484, 1485, 1492, 1516, 1546, 23, 41, 47, 85
1119, 1153, 1173, 1197, 1202, 1237, 1252, 1271, 1299, 1310, 1330, 1354, 1367, 1402, 1417, 1430, 1457, 1484, 1485, 1492, 1516, 1546, 23, 41, 47, 85, 86
1119, 1153, 1173, 1197, 1202, 1237, 1252, 1271, 1299, 1310, 1330, 1354, 1367, 1402, 1417, 1430, 1457, 1484, 1485, 1492, 1517, 1545, 22, 21, 40, 68, 87
1119, 1118, 1117, 1155, 1171, 1194, 1205, 1233, 1249, 1274, 1275, 1281, 1307, 1326, 1350, 1363, 1385, 1422, 1435, 1462, 1488, 1510, 1519, 1542, 19, 37, 66, 88
1119, 1118, 1117, 1155, 1171, 1194, 1205, 1233, 1249, 1274, 1275, 1281, 1307, 1326, 1350, 1363, 1385, 1422, 1435, 1462, 1488, 1510, 1519, 1542, 19, 37, 66, 88, 89
1119, 1118, 1117, 1155, 1171, 1194, 1205, 1233, 1249, 1274, 1275, 1281, 1307, 1326, 1350, 1363, 1385, 1422, 1435, 1462, 1488, 1510, 1519, 1542, 19, 37, 66, 65, 90
1119, 1153, 1173, 1197, 1202, 1237, 1252, 1271, 1299, 1310, 1330, 1354, 1367, 1402, 1417, 1430, 1457, 1484, 1485, 1492, 1516, 1546, 23, 41, 47, 85, 93, 92, 91
1119, 1153, 1173, 1197, 1202, 1237, 1252, 1271, 1299, 1310, 1330, 1354, 1367, 1402, 1417, 1430, 1457, 1484, 1485, 1492, 1516, 1546, 23, 41, 47, 85, 93, 92
1119, 1153, 1173, 1197, 1202, 1237, 1252, 1271, 1299, 1310, 1330, 1354, 1367, 1402, 1417, 1430, 1457, 1484, 1485, 1492, 1516, 1546, 23, 41, 47, 85, 93
1119, 1153, 1173, 1197, 1202, 1237, 1252, 1271, 1299, 1310, 1330, 1354, 1367, 1402, 1417, 1430, 1457, 1484, 1485, 1492, 1516, 1546, 23, 41, 47, 84, 94
1119, 1153, 1173, 1197, 1202, 1237, 1252, 1271, 1299, 1310, 1330, 1354, 1367, 1402, 1417, 1430, 1457, 1482, 1494, 1515, 1547, 1, 43, 50, 80, 96, 95
1119, 1153, 1173, 1197, 1202, 1237, 1252, 1271, 1299, 1310, 1330, 1354, 1367, 1402, 1417, 1430, 1457, 1482, 1494, 1515, 1547, 1, 43, 50, 80, 96
1119, 1153, 1173, 1197, 1202, 1237, 1252, 1271, 1299, 1310, 1330, 1354, 1367, 1402, 1417, 1430, 1457, 1482, 1494, 1515, 1547, 1, 43, 50, 80, 97
1119, 1153, 1173, 1197, 1202, 1237, 1252, 1271, 1299, 1310, 1330, 1354, 1367, 1402, 1416, 1429, 1456, 1455, 1481, 1497, 1513, 1549, 5, 46, 53, 78, 98
1119, 1153, 1173, 1197, 1202, 1237, 1252, 1271, 1299, 1310, 1330, 1354, 1367, 1402, 1416, 1429, 1456, 1455, 1481, 1497, 1513, 1549, 5, 46, 53, 77, 99
