1310, 1330, 1354, 1367, 1402, 1417, 1430, 1457, 1482, 1495, 1514, 1548, 0
1310, 1330, 1354, 1367, 1402, 1417, 1430, 1457, 1482, 1494, 1515, 1547, 1
1310, 1330, 1354, 1367, 1402, 1417, 1430, 1457, 1482, 1494, 1515, 1547, 2
1310, 1330, 1354, 1367, 1402, 1417, 1430, 1457, 1482, 1495, 1514, 1548, 3
1310, 1330, 1354, 1367, 1402, 1417, 1430, 1457, 1482, 1495, 1514, 1548, 4
1310, 1330, 1354, 1367, 1402, 1416, 1429, 1456, 1455, 1481, 1497, 1513, 1549, 5
1310, 1330, 1354, 1367, 1402, 1416, 1429, 1456, 1455, 1481, 1497, 1513, 1549, 5, 6
1310, 1311, 1312, 1333, 1357, 1370, 1398, 1413, 1424, 1451, 1477, 1500, 1499, 1531, 1553, 7
1310, 1311, 1312, 1333, 1357, 1370, 1398, 1413, 1424, 1451, 1476, 1501, 1529, 1533, 8
1310, 1311, 1312, 1333, 1357, 1370, 1398, 1413, 1412, 1444, 1448, 1475, 1502, 1528, 1535, 10, 9
1310, 1311, 1312, 1333, 1357, 1370, 1398, 1413, 1412, 1444, 1448, 1475, 1502, 1528, 1535, 10
1310, 1311, 1312, 1333, 1357, 1370, 1398, 1413, 1412, 1444, 1448, 1475, 1502, 1528, 1536, 11
1310, 1311, 1312, 1333, 1357, 1370, 1371, 1397, 1396, 1395, 1411, 1410, 1443, 1447, 1474, 1503, 1527, 1537, 12
1310, 1309, 1308, 1327, 1351, 1364, 1384, 1421, 1434, 1435, 1464, 1465, 1469, 1508, 1507, 1506, 1524, 1538, 13
1310, 1309, 1308, 1327, 1351, 1364, 1384, 1421, 1434, 1435, 1464, 1465, 1469, 1508, 1507, 1506, 1524, 1538, 14
1310, 1309, 1308, 1327, 1351, 1364, 1384, 1421, 1434, 1435, 1464, 1465, 1469, 1508, 1523, 1539, 16, 15
1310, 1309, 1308, 1327, 1351, 1364, 1384, 1421, 1434, 1435, 1464, 1465, 1469, 1508, 1523, 1539, 16
1310, 1309, 1308, 1327, 1351, 1364, 1384, 1421, 1434, 1435, 1463, 1489, 1509, 1521, 1541, 18, 17
1310, 1309, 1308, 1327, 1351, 1364, 1384, 1421, 1434, 1435, 1463, 1489, 1509, 1521, 1541, 18
1310, 1330, 1354, 1367, 1402, 1417, 1430, 1457, 1484, 1485, 1492, 1517, 1545, 22, 21, 20, 19
1310, 1330, 1354, 1367, 1402, 1417, 1430, 1457, 1484, 1485, 1492, 1517, 1545, 22, 21, 20
1310, 1330, 1354, 1367, 1402, 1417, 1430, 1457, 1484, 1485, 1492, 1517, 1545, 22, 21
1310, 1330, 1354, 1367, 1402, 1417, 1430, 1457, 1484, 1485, 1492, 1517, 1545, 22
1310, 1330, 1354, 1367, 1402, 1417, 1430, 1457, 1484, 1485, 1492, 1516, 1546, 23
1310, 1330, 1354, 1367, 1402, 1417, 1430, 1457, 1484, 1485, 1492, 1516, 1546, 24
1310, 1330, 1354, 1367, 1402, 1416, 1429, 1456, 1455, 1481, 1497, 1513, 1549, 5, 46, 25
1310, 1330, 1354, 1367, 1402, 1416, 1429, 1456, 1455, 1481, 1497, 1513, 1549, 5, 6, 26
1310, 1311, 1312, 1333, 1357, 1370, 1398, 1413, 1424, 1451, 1476, 1501, 1529, 1533, 8, 27
1310, 1311, 1312, 1333, 1357, 1370, 1398, 1413, 1412, 1444, 1448, 1475, 1502, 1528, 1535, 10, 9, 28
1310, 1311, 1312, 1333, 1357, 1370, 1398, 1413, 1412, 1444, 1448, 1475, 1502, 1528, 1535, 10, 29
1310, 1311, 1312, 1333, 1357, 1370, 1398, 1413, 1412, 1444, 1448, 1475, 1502, 1528, 1535, 10, 30
1310, 1311, 1312, 1333, 1357, 1370, 1398, 1413, 1412, 1444, 1448, 1475, 1502, 1528, 1535, 10, 30, 31
1310, 1309, 1308, 1327, 1351, 1364, 1384, 1421, 1434, 1435, 1464, 1465, 1469, 1508, 1507, 1506, 1524, 1538, 13, 32
1310, 1309, 1308, 1327, 1351, 1364, 1384, 1421, 1434, 1435, 1464, 1465, 1469, 1508, 1523, 1539, 16, 33
1310, 1309, 1308, 1327, 1351, 1364, 1384, 1421, 1434, 1435, 1463, 1489, 1509, 1521, 1541, 18, 36, 35, 34
1310, 1309, 1308, 1327, 1351, 1364, 1384, 1421, 1434, 1435, 1463, 1489, 1509, 1521, 1541, 18, 36, 35
1310, 1309, 1308, 1327, 1351, 1364, 1384, 1421, 1434, 1435, 1463, 1489, 1509, 1521, 1541, 18, 36
1310, 1330, 1354, 1367, 1402, 1417, 1430, 1457, 1484, 1485, 1492, 1517, 1545, 22, 21, 20, 19, 37
1310, 1330, 1354, 1367, 1402, 1417, 1430, 1457, 1484, 1485, 1492, 1517, 1545, 22, 21, 40, 39, 38
1310, 1330, 1354, 1367, 1402, 1417, 1430, 1457, 1484, 1485, 1492, 1517, 1545, 22, 21, 40, 39
1310, 1330, 1354, 1367, 1402, 1417, 1430, 1457, 1484, 1485, 1492, 1517, 1545, 22, 21, 40
1310, 1330, 1354, 1367, 1402, 1417, 1430, 1457, 1484, 1485, 1492, 1516, 1546, 23, 41
1310, 1330, 1354, 1367, 1402, 1417, 1430, 1457, 1484, 1485, 1492, 1516, 1546, 23, 41, 42
1310, 1330, 1354, 1367, 1402, 1417, 1430, 1457, 1482, 1494, 1515, 1547, 1, 43
1310, 1330, 1354, 1367, 1402, 1417, 1430, 1457, 1482, 1495, 1514, 1548, 4, 44
1310, 1330, 1354, 1367, 1402, 1417, 1430, 1457, 1482, 1495, 1514, 1548, 4, 44, 45
1310, 1330, 1354, 1367, 1402, 1416, 1429, 1456, 1455, 1481, 1497, 1513, 1549, 5, 46
1310, 1330, 1354, 1367, 1402, 1417, 1430, 1457, 1484, 1485, 1492, 1516, 1546, 23, 41, 47
1310, 1330, 1354, 1367, 1402, 1417, 1430, 1457, 1484, 1485, 1492, 1516, 1546, 23, 41, 42, 48
1310, 1330, 1354, 1367, 1402, 1417, 1430, 1457, 1482, 1494, 1515, 1547, 1, 43, 49
1310, 1330, 1354, 1367, 1402, 1417, 1430, 1457, 1482, 1494, 1515, 1547, 1, 43, 50
1310, 1330, 1354, 1367, 1402, 1417, 1430, 1457, 1482, 1495, 1514, 1548, 4, 44, 51
1310, 1330, 1354, 1367, 1402, 1416, 1429, 1456, 1455, 1481, 1497, 1513, 1549, 5, 46, 52
1310, 1330, 1354, 1367, 1402, 1416, 1429, 1456, 1455, 1481, 1497, 1513, 1549, 5, 46, 53
1310, 1330, 1354, 1367, 1402, 1416, 1429, 1456, 1455, 1481, 1497, 1513, 1549, 5, 6, 26, 54
1310, 1330, 1354, 1367, 1402, 1416, 1429, 1456, 1455, 1481, 1497, 1513, 1549, 5, 6, 26, 55
1310, 1311, 1312, 1333, 1357, 1370, 1398, 1413, 1424, 1451, 1476, 1501, 1529, 1533, 8, 27, 56
1310, 1311, 1312, 1333, 1357, 1370, 1398, 1413, 1424, 1451, 1476, 1501, 1529, 1533, 8, 27, 57
1310, 1311, 1312, 1333, 1357, 1370, 1398, 1413, 1412, 1444, 1448, 1475, 1502, 1528, 1535, 10, 9, 28, 58
1310, 1311, 1312, 1333, 1357, 1370, 1398, 1413, 1412, 1444, 1448, 1475, 1502, 1528, 1535, 10, 9, 28, 59
1310, 1311, 1312, 1333, 1357, 1370, 1398, 1413, 1412, 1444, 1448, 1475, 1502, 1528, 1535, 10, 30, 60
1310, 1311, 1312, 1333, 1357, 1370, 1398, 1413, 1412, 1444, 1448, 1475, 1502, 1528, 1535, 10, 30, 61
1310, 1309, 1308, 1327, 1351, 1364, 1384, 1421, 1434, 1435, 1464, 1465, 1469, 1508, 1523, 1539, 16, 33, 63, 62
1310, 1309, 1308, 1327, 1351, 1364, 1384, 1421, 1434, 1435, 1464, 1465, 1469, 1508, 1523, 1539, 16, 33, 63
1310, 1309, 1308, 1327, 1351, 1364, 1384, 1421, 1434, 1435, 1463, 1489, 1509, 1521, 1541, 18, 36, 64
1310, 1330, 1354, 1367, 1402, 1417, 1430, 1457, 1484, 1485, 1492, 1517, 1545, 22, 21, 40, 68, 67, 66, 65
1310, 1330, 1354, 1367, 1402, 1417, 1430, 1457, 1484, 1485, 1492, 1517, 1545, 22, 21, 40, 68, 67, 66
1310, 1330, 1354, 1367, 1402, 1417, 1430, 1457, 1484, 1485, 1492, 1517, 1545, 22, 21, 40, 68, 67
1310, 1330, 1354, 1367, 1402, 1417, 1430, 1457, 1484, 1485, 1492, 1517, 1545, 22, 21, 40, 68
1310, 1309, 1308, 1327, 1351, 1364, 1384, 1421, 1434, 1435, 1464, 1465, 1469, 1508, 1523, 1539, 16, 33, 63, 69
1310, 1309, 1308, 1327, 1351, 1364, 1384, 1421, 1434, 1435, 1464, 1465, 1469, 1508, 1523, 1539, 16, 33, 63, 70
1310, 1309, 1308, 1327, 1351, 1364, 1384, 1421, 1434, 1435, 1464, 1465, 1469, 1508, 1523, 1539, 16, 33, 63, 62, 71
1310, 1311, 1312, 1333, 1357, 1370, 1398, 1413, 1412, 1444, 1448, 1475, 1502, 1528, 1535, 10, 30, 61, 72
1310, 1311, 1312, 1333, 1357, 1370, 1398, 1413, 1412, 1444, 1448, 1475, 1502, 1528, 1535, 10, 30, 60, 73
1310, 1311, 1312, 1333, 1357, 1370, 1398, 1413, 1412, 1444, 1448, 1475, 1502, 1528, 1535, 10, 9, 28, 59, 74
1310, 1330, 1354, 1367, 1402, 1416, 1429, 1456, 1455, 1481, 1497, 1513, 1549, 5, 46, 53, 77, 76, 75
1310, 1330, 1354, 1367, 1402, 1416, 1429, 1456, 1455, 1481, 1497, 1513, 1549, 5, 46, 53, 77, 76
1310, 1330, 1354, 1367, 1402, 1416, 1429, 1456, 1455, 1481, 1497, 1513, 1549, 5, 46, 53, 77
1310, 1330, 1354, 1367, 1402, 1416, 1429, 1456, 1455, 1481, 1497, 1513, 1549, 5, 46, 53, 78
1310, 1330, 1354, 1367, 1402, 1417, 1430, 1457, 1482, 1495, 1514, 1548, 4, 44, 51, 79
1310, 1330, 1354, 1367, 1402, 1417, 1430, 1457, 1482, 1494, 1515, 1547, 1, 43, 50, 80
1310, 1330, 1354, 1367, 1402, 1417, 1430, 1457, 1484, 1485, 1492, 1516, 1546, 23, 41, 42, 48, 81
1310, 1330, 1354, 1367, 1402, 1417, 1430, 1457, 1484, 1485, 1492, 1516, 1546, 23, 41, 42, 48, 82
1310, 1330, 1354, 1367, 1402, 1417, 1430, 1457, 1484, 1485, 1492, 1516, 1546, 23, 41, 42, 48, 83
1310, 1330, 1354, 1367, 1402, 1417, 1430, 1457, 1484, 1485, 1492, 1516, 1546, 23, 41, 47, 84
1310, 1330, 1354, 1367, 1402, 1417, 1430, 1457, 1484, 1485, 1492, 1516, 1546, 23, 41, 47, 85
1310, 1330, 1354, 1367, 1402, 1417, 1430, 1457, 1484, 1485, 1492, 1516, 1546, 23, 41, 47, 85, 86
1310, 1330, 1354, 1367, 1402, 1417, 1430, 1457, 1484, 1485, 1492, 1517, 1545, 22, 21, 40, 68, 87
1310, 1330, 1354, 1367, 1402, 1417, 1430, 1457, 1484, 1485, 1492, 1517, 1545, 22, 21, 40, 68, 87, 88
1310, 1330, 1354, 1367, 1402, 1417, 1430, 1457, 1484, 1485, 1492, 1517, 1545, 22, 21, 40, 68, 87, 88, 89
1310, 1330, 1354, 1367, 1402, 1417, 1430, 1457, 1484, 1485, 1492, 1517, 1545, 22, 21, 40, 68, 87, 88, 89, 90
1310, 1330, 1354, 1367, 1402, 1417, 1430, 1457, 1484, 1485, 1492, 1516, 1546, 23, 41, 47, 85, 93, 92, 91
1310, 1330, 1354, 1367, 1402, 1417, 1430, 1457, 1484, 1485, 1492, 1516, 1546, 23, 41, 47, 85, 93, 92
1310, 1330, 1354, 1367, 1402, 1417, 1430, 1457, 1484, 1485, 1492, 1516, 1546, 23, 41, 47, 85, 93
1310, 1330, 1354, 1367, 1402, 1417, 1430, 1457, 1484, 1485, 1492, 1516, 1546, 23, 41, 47, 84, 94
1310, 1330, 1354, 1367, 1402, 1417, 1430, 1457, 1482, 1494, 1515, 1547, 1, 43, 50, 80, 96, 95
1310, 1330, 1354, 1367, 1402, 1417, 1430, 1457, 1482, 1494, 1515, 1547, 1, 43, 50, 80, 96
1310, 1330, 1354, 1367, 1402, 1417, 1430, 1457, 1482, 1494, 1515, 1547, 1, 43, 50, 80, 97
1310, 1330, 1354, 1367, 1402, 1416, 1429, 1456, 1455, 1481, 1497, 1513, 1549, 5, 46, 53, 78, 98
1310, 1330, 1354, 1367, 1402, 1416, 1429, 1456, 1455, 1481, 1497, 1513, 1549, 5, 46, 53, 77, 99
