1252, 1271, 1299, 1310, 1330, 1354, 1367, 1402, 1417, 1430, 1457, 1482, 1495, 1514, 1548, 0
1252, 1271, 1299, 1310, 1330, 1354, 1367, 1402, 1417, 1430, 1457, 1482, 1494, 1515, 1547, 1
1252, 1271, 1299, 1310, 1330, 1354, 1367, 1402, 1417, 1430, 1457, 1482, 1494, 1515, 1547, 2
1252, 1271, 1299, 1310, 1330, 1354, 1367, 1402, 1417, 1430, 1457, 1482, 1495, 1514, 1548, 3
1252, 1271, 1299, 1310, 1330, 1354, 1367, 1402, 1417, 1430, 1457, 1482, 1495, 1514, 1548, 4
1252, 1271, 1299, 1310, 1330, 1354, 1367, 1402, 1416, 1429, 1456, 1455, 1481, 1497, 1513, 1549, 5
1252, 1270, 1297, 1296, 1313, 1333, 1357, 1370, 1398, 1413, 1424, 1451, 1477, 1500, 1499, 1532, 1552, 6
1252, 1270, 1297, 1296, 1313, 1333, 1357, 1370, 1398, 1413, 1424, 1451, 1477, 1500, 1499, 1531, 1553, 7
1252, 1270, 1297, 1296, 1313, 1333, 1357, 1370, 1398, 1413, 1424, 1451, 1476, 1501, 1529, 1533, 8
1252, 1270, 1297, 1296, 1313, 1333, 1357, 1370, 1398, 1413, 1412, 1444, 1448, 1475, 1502, 1528, 1535, 10, 9
1252, 1270, 1297, 1296, 1313, 1333, 1357, 1370, 1398, 1413, 1412, 1444, 1448, 1475, 1502, 1528, 1535, 10
1252, 1270, 1297, 1296, 1313, 1333, 1357, 1370, 1398, 1413, 1412, 1444, 1448, 1475, 1502, 1528, 1536, 11
1252, 1270, 1297, 1296, 1313, 1314, 1334, 1335, 1336, 1361, 1372, 1395, 1411, 1410, 1443, 1447, 1474, 1503, 1527, 1537, 12
1252, 1270, 1297, 1296, 1313, 1314, 1334, 1335, 1336, 1361, 1372, 1395, 1411, 1410, 1443, 1447, 1474, 1503, 1527, 1537, 12, 13
1252, 1270, 1297, 1296, 1313, 1314, 1334, 1335, 1336, 1361, 1372, 1395, 1411, 1410, 1443, 1447, 1474, 1503, 1527, 1537, 12, 13, 14
1252, 1251, 1250, 1273, 1280, 1308, 1327, 1351, 1364, 1384, 1421, 1434, 1435, 1464, 1465, 1469, 1508, 1523, 1539, 16, 15
1252, 1251, 1250, 1273, 1280, 1308, 1327, 1351, 1364, 1384, 1421, 1434, 1435, 1464, 1465, 1469, 1508, 1523, 1539, 16
1252, 1251, 1250, 1273, 1280, 1308, 1327, 1351, 1364, 1384, 1421, 1434, 1435, 1463, 1489, 1509, 1521, 1541, 18, 17
1252, 1251, 1250, 1273, 1280, 1308, 1327, 1351, 1364, 1384, 1421, 1434, 1435, 1463, 1489, 1509, 1521, 1541, 18
1252, 1251, 1250, 1273, 1280, 1308, 1327, 1351, 1364, 1384, 1421, 1434, 1435, 1462, 1488, 1510, 1519, 1542, 19
1252, 1271, 1299, 1310, 1330, 1354, 1367, 1402, 1417, 1430, 1457, 1484, 1485, 1492, 1517, 1545, 22, 21, 20
1252, 1271, 1299, 1310, 1330, 1354, 1367, 1402, 1417, 1430, 1457, 1484, 1485, 1492, 1517, 1545, 22, 21
1252, 1271, 1299, 1310, 1330, 1354, 1367, 1402, 1417, 1430, 1457, 1484, 1485, 1492, 1517, 1545, 22
1252, 1271, 1299, 1310, 1330, 1354, 1367, 1402, 1417, 1430, 1457, 1484, 1485, 1492, 1516, 1546, 23
1252, 1271, 1299, 1310, 1330, 1354, 1367, 1402, 1417, 1430, 1457, 1484, 1485, 1492, 1516, 1546, 24
1252, 1270, 1297, 1296, 1313, 1333, 1357, 1370, 1398, 1413, 1424, 1451, 1477, 1500, 1499, 1532, 1552, 6, 25
1252, 1270, 1297, 1296, 1313, 1333, 1357, 1370, 1398, 1413, 1424, 1451, 1477, 1500, 1499, 1532, 1552, 6, 26
1252, 1270, 1297, 1296, 1313, 1333, 1357, 1370, 1398, 1413, 1424, 1451, 1476, 1501, 1529, 1533, 8, 27
1252, 1270, 1297, 1296, 1313, 1333, 1357, 1370, 1398, 1413, 1412, 1444, 1448, 1475, 1502, 1528, 1535, 10, 9, 28
1252, 1270, 1297, 1296, 1313, 1333, 1357, 1370, 1398, 1413, 1412, 1444, 1448, 1475, 1502, 1528, 1535, 10, 29
1252, 1270, 1297, 1296, 1313, 1333, 1357, 1370, 1398, 1413, 1412, 1444, 1448, 1475, 1502, 1528, 1535, 10, 30
1252, 1270, 1297, 1296, 1313, 1314, 1334, 1335, 1336, 1361, 1372, 1395, 1411, 1410, 1443, 1447, 1474, 1503, 1527, 1537, 12, 31
1252, 1270, 1297, 1296, 1313, 1314, 1334, 1335, 1336, 1361, 1372, 1395, 1411, 1410, 1443, 1447, 1474, 1503, 1527, 1537, 12, 31, 32
1252, 1251, 1250, 1273, 1280, 1308, 1327, 1351, 1364, 1384, 1421, 1434, 1435, 1464, 1465, 1469, 1508, 1523, 1539, 16, 33
1252, 1251, 1250, 1273, 1280, 1308, 1327, 1351, 1364, 1384, 1421, 1434, 1435, 1463, 1489, 1509, 1521, 1541, 18, 36, 35, 34
1252, 1251, 1250, 1273, 1280, 1308, 1327, 1351, 1364, 1384, 1421, 1434, 1435, 1463, 1489, 1509, 1521, 1541, 18, 36, 35
1252, 1251, 1250, 1273, 1280, 1308, 1327, 1351, 1364, 1384, 1421, 1434, 1435, 1463, 1489, 1509, 1521, 1541, 18, 36
1252, 1251, 1250, 1273, 1280, 1308, 1327, 1351, 1364, 1384, 1421, 1434, 1435, 1462, 1488, 1510, 1519, 1542, 19, 37
1252, 1271, 1299, 1310, 1330, 1354, 1367, 1402, 1417, 1430, 1457, 1484, 1485, 1492, 1517, 1545, 22, 21, 40, 39, 38
1252, 1271, 1299, 1310, 1330, 1354, 1367, 1402, 1417, 1430, 1457, 1484, 1485, 1492, 1517, 1545, 22, 21, 40, 39
1252, 1271, 1299, 1310, 1330, 1354, 1367, 1402, 1417, 1430, 1457, 1484, 1485, 1492, 1517, 1545, 22, 21, 40
1252, 1271, 1299, 1310, 1330, 1354, 1367, 1402, 1417, 1430, 1457, 1484, 1485, 1492, 1516, 1546, 23, 41
1252, 1271, 1299, 1310, 1330, 1354, 1367, 1402, 1417, 1430, 1457, 1484, 1485, 1492, 1516, 1546, 23, 41, 42
1252, 1271, 1299, 1310, 1330, 1354, 1367, 1402, 1417, 1430, 1457, 1482, 1494, 1515, 1547, 1, 43
1252, 1271, 1299, 1310, 1330, 1354, 1367, 1402, 1417, 1430, 1457, 1482, 1495, 1514, 1548, 4, 44
1252, 1271, 1299, 1310, 1330, 1354, 1367, 1402, 1417, 1430, 1457, 1482, 1495, 1514, 1548, 4, 44, 45
1252, 1271, 1299, 1310, 1330, 1354, 1367, 1402, 1416, 1429, 1456, 1455, 1481, 1497, 1513, 1549, 5, 46
1252, 1271, 1299, 1310, 1330, 1354, 1367, 1402, 1417, 1430, 1457, 1484, 1485, 1492, 1516, 1546, 23, 41, 47
1252, 1271, 1299, 1310, 1330, 1354, 1367, 1402, 1417, 1430, 1457, 1484, 1485, 1492, 1516, 1546, 23, 41, 42, 48
1252, 1271, 1299, 1310, 1330, 1354, 1367, 1402, 1417, 1430, 1457, 1482, 1494, 1515, 1547, 1, 43, 49
1252, 1271, 1299, 1310, 1330, 1354, 1367, 1402, 1417, 1430, 1457, 1482, 1494, 1515, 1547, 1, 43, 50
1252, 1271, 1299, 1310, 1330, 1354, 1367, 1402, 1417, 1430, 1457, 1482, 1495, 1514, 1548, 4, 44, 51
1252, 1271, 1299, 1310, 1330, 1354, 1367, 1402, 1416, 1429, 1456, 1455, 1481, 1497, 1513, 1549, 5, 46, 52
1252, 1271, 1299, 1310, 1330, 1354, 1367, 1402, 1416, 1429, 1456, 1455, 1481, 1497, 1513, 1549, 5, 46, 53
1252, 1270, 1297, 1296, 1313, 1333, 1357, 1370, 1398, 1413, 1424, 1451, 1477, 1500, 1499, 1532, 1552, 6, 26, 54
1252, 1270, 1297, 1296, 1313, 1333, 1357, 1370, 1398, 1413, 1424, 1451, 1477, 1500, 1499, 1532, 1552, 6, 26, 55
1252, 1270, 1297, 1296, 1313, 1333, 1357, 1370, 1398, 1413, 1424, 1451, 1476, 1501, 1529, 1533, 8, 27, 56
1252, 1270, 1297, 1296, 1313, 1333, 1357, 1370, 1398, 1413, 1424, 1451, 1476, 1501, 1529, 1533, 8, 27, 57
1252, 1270, 1297, 1296, 1313, 1333, 1357, 1370, 1398, 1413, 1412, 1444, 1448, 1475, 1502, 1528, 1535, 10, 9, 28, 58
1252, 1270, 1297, 1296, 1313, 1333, 1357, 1370, 1398, 1413, 1412, 1444, 1448, 1475, 1502, 1528, 1535, 10, 9, 28, 59
1252, 1270, 1297, 1296, 1313, 1333, 1357, 1370, 1398, 1413, 1412, 1444, 1448, 1475, 1502, 1528, 1535, 10, 30, 60
1252, 1270, 1297, 1296, 1313, 1333, 1357, 1370, 1398, 1413, 1412, 1444, 1448, 1475, 1502, 1528, 1535, 10, 30, 61
1252, 1270, 1297, 1296, 1313, 1314, 1334, 1335, 1336, 1361, 1372, 1395, 1411, 1410, 1443, 1447, 1474, 1503, 1527, 1537, 12, 31, 62
1252, 1251, 1250, 1273, 1280, 1308, 1327, 1351, 1364, 1384, 1421, 1434, 1435, 1464, 1465, 1469, 1508, 1523, 1539, 16, 33, 63
1252, 1251, 1250, 1273, 1280, 1308, 1327, 1351, 1364, 1384, 1421, 1434, 1435, 1463, 1489, 1509, 1521, 1541, 18, 36, 64
1252, 1251, 1250, 1273, 1280, 1308, 1327, 1351, 1364, 1384, 1421, 1434, 1435, 1462, 1488, 1510, 1519, 1542, 19, 37, 66, 65
1252, 1251, 1250, 1273, 1280, 1308, 1327, 1351, 1364, 1384, 1421, 1434, 1435, 1462, 1488, 1510, 1519, 1542, 19, 37, 66
1252, 1271, 1299, 1310, 1330, 1354, 1367, 1402, 1417, 1430, 1457, 1484, 1485, 1492, 1517, 1545, 22, 21, 40, 68, 67
1252, 1271, 1299, 1310, 1330, 1354, 1367, 1402, 1417, 1430, 1457, 1484, 1485, 1492, 1517, 1545, 22, 21, 40, 68
1252, 1251, 1250, 1273, 1280, 1308, 1327, 1351, 1364, 1384, 1421, 1434, 1435, 1464, 1465, 1469, 1508, 1523, 1539, 16, 33, 63, 69
1252, 1251, 1250, 1273, 1280, 1308, 1327, 1351, 1364, 1384, 1421, 1434, 1435, 1464, 1465, 1469, 1508, 1523, 1539, 16, 33, 63, 70
1252, 1270, 1297, 1296, 1313, 1333, 1357, 1370, 1398, 1413, 1412, 1444, 1448, 1475, 1502, 1528, 1535, 10, 30, 61, 72, 71
1252, 1270, 1297, 1296, 1313, 1333, 1357, 1370, 1398, 1413, 1412, 1444, 1448, 1475, 1502, 1528, 1535, 10, 30, 61, 72
1252, 1270, 1297, 1296, 1313, 1333, 1357, 1370, 1398, 1413, 1412, 1444, 1448, 1475, 1502, 1528, 1535, 10, 30, 60, 73
1252, 1270, 1297, 1296, 1313, 1333, 1357, 1370, 1398, 1413, 1412, 1444, 1448, 1475, 1502, 1528, 1535, 10, 9, 28, 59, 74
1252, 1270, 1297, 1296, 1313, 1333, 1357, 1370, 1398, 1413, 1424, 1451, 1476, 1501, 1529, 1533, 8, 27, 56, 75
1252, 1270, 1297, 1296, 1313, 1333, 1357, 1370, 1398, 1413, 1424, 1451, 1477, 1500, 1499, 1532, 1552, 6, 26, 54, 76
1252, 1271, 1299, 1310, 1330, 1354, 1367, 1402, 1416, 1429, 1456, 1455, 1481, 1497, 1513, 1549, 5, 46, 53, 77
1252, 1271, 1299, 1310, 1330, 1354, 1367, 1402, 1416, 1429, 1456, 1455, 1481, 1497, 1513, 1549, 5, 46, 53, 78
1252, 1271, 1299, 1310, 1330, 1354, 1367, 1402, 1417, 1430, 1457, 1482, 1495, 1514, 1548, 4, 44, 51, 79
1252, 1271, 1299, 1310, 1330, 1354, 1367, 1402, 1417, 1430, 1457, 1482, 1494, 1515, 1547, 1, 43, 50, 80
1252, 1271, 1299, 1310, 1330, 1354, 1367, 1402, 1417, 1430, 1457, 1484, 1485, 1492, 1516, 1546, 23, 41, 42, 48, 81
1252, 1271, 1299, 1310, 1330, 1354, 1367, 1402, 1417, 1430, 1457, 1484, 1485, 1492, 1516, 1546, 23, 41, 42, 48, 82
1252, 1271, 1299, 1310, 1330, 1354, 1367, 1402, 1417, 1430, 1457, 1484, 1485, 1492, 1516, 1546, 23, 41, 42, 48, 83
1252, 1271, 1299, 1310, 1330, 1354, 1367, 1402, 1417, 1430, 1457, 1484, 1485, 1492, 1516, 1546, 23, 41, 47, 84
1252, 1271, 1299, 1310, 1330, 1354, 1367, 1402, 1417, 1430, 1457, 1484, 1485, 1492, 1516, 1546, 23, 41, 47, 85
1252, 1271, 1299, 1310, 1330, 1354, 1367, 1402, 1417, 1430, 1457, 1484, 1485, 1492, 1516, 1546, 23, 41, 47, 85, 86
1252, 1271, 1299, 1310, 1330, 1354, 1367, 1402, 1417, 1430, 1457, 1484, 1485, 1492, 1517, 1545, 22, 21, 40, 68, 87
1252, 1251, 1250, 1273, 1280, 1308, 1327, 1351, 1364, 1384, 1421, 1434, 1435, 1462, 1488, 1510, 1519, 1542, 19, 37, 66, 88
1252, 1251, 1250, 1273, 1280, 1308, 1327, 1351, 1364, 1384, 1421, 1434, 1435, 1462, 1488, 1510, 1519, 1542, 19, 37, 66, 88, 89
1252, 1251, 1250, 1273, 1280, 1308, 1327, 1351, 1364, 1384, 1421, 1434, 1435, 1462, 1488, 1510, 1519, 1542, 19, 37, 66, 65, 90
1252, 1271, 1299, 1310, 1330, 1354, 1367, 1402, 1417, 1430, 1457, 1484, 1485, 1492, 1516, 1546, 23, 41, 47, 85, 93, 92, 91
1252, 1271, 1299, 1310, 1330, 1354, 1367, 1402, 1417, 1430, 1457, 1484, 1485, 1492, 1516, 1546, 23, 41, 47, 85, 93, 92
1252, 1271, 1299, 1310, 1330, 1354, 1367, 1402, 1417, 1430, 1457, 1484, 1485, 1492, 1516, 1546, 23, 41, 47, 85, 93
1252, 1271, 1299, 1310, 1330, 1354, 1367, 1402, 1417, 1430, 1457, 1484, 1485, 1492, 1516, 1546, 23, 41, 47, 84, 94
1252, 1271, 1299, 1310, 1330, 1354, 1367, 1402, 1417, 1430, 1457, 1482, 1494, 1515, 1547, 1, 43, 50, 80, 96, 95
1252, 1271, 1299, 1310, 1330, 1354, 1367, 1402, 1417, 1430, 1457, 1482, 1494, 1515, 1547, 1, 43, 50, 80, 96
1252, 1271, 1299, 1310, 1330, 1354, 1367, 1402, 1417, 1430, 1457, 1482, 1494, 1515, 1547, 1, 43, 50, 80, 97
1252, 1271, 1299, 1310, 1330, 1354, 1367, 1402, 1416, 1429, 1456, 1455, 1481, 1497, 1513, 1549, 5, 46, 53, 78, 98
1252, 1271, 1299, 1310, 1330, 1354, 1367, 1402, 1416, 1429, 1456, 1455, 1481, 1497, 1513, 1549, 5, 46, 53, 77, 99
