228, 215, 177, 176, 156, 142, 120, 96, 80, 50, 43, 0
228, 215, 177, 176, 156, 142, 120, 96, 80, 50, 43, 1
228, 215, 177, 176, 156, 142, 120, 96, 80, 50, 43, 2
228, 215, 177, 176, 156, 142, 120, 96, 80, 50, 43, 3
228, 215, 177, 176, 156, 142, 120, 96, 80, 51, 44, 4
228, 215, 177, 176, 156, 142, 120, 96, 80, 51, 45, 5
228, 215, 177, 176, 156, 142, 120, 96, 80, 51, 45, 5, 6
228, 215, 177, 176, 156, 142, 120, 96, 80, 51, 45, 5, 6, 7
228, 215, 177, 176, 156, 142, 120, 96, 80, 51, 45, 5, 6, 7, 8
228, 215, 177, 176, 156, 142, 120, 97, 79, 78, 77, 76, 75, 74, 59, 28, 9
228, 215, 177, 176, 156, 142, 120, 97, 79, 78, 77, 76, 75, 74, 59, 28, 9, 10
228, 215, 177, 176, 156, 142, 120, 97, 79, 78, 77, 76, 75, 74, 59, 28, 29, 30, 11
228, 229, 230, 231, 197, 180, 173, 137, 125, 110, 109, 90, 64, 63, 33, 15, 14, 13, 12
228, 229, 230, 231, 197, 180, 173, 137, 125, 110, 109, 90, 64, 63, 33, 15, 14, 13
228, 229, 230, 231, 197, 180, 173, 137, 125, 110, 109, 90, 64, 63, 33, 15, 14
228, 229, 230, 231, 197, 180, 173, 137, 125, 110, 109, 90, 64, 63, 33, 15
228, 229, 230, 231, 197, 180, 173, 137, 125, 110, 109, 90, 64, 35, 34, 16
228, 229, 230, 231, 197, 180, 173, 137, 125, 110, 109, 90, 64, 35, 17
228, 216, 178, 154, 141, 122, 94, 93, 92, 86, 68, 38, 20, 19, 18
228, 216, 178, 154, 141, 122, 94, 93, 92, 86, 68, 38, 20, 19
228, 216, 178, 154, 141, 122, 94, 93, 92, 86, 68, 38, 20
228, 216, 178, 154, 141, 122, 94, 84, 47, 41, 22, 21
228, 216, 178, 154, 141, 122, 94, 84, 47, 41, 22
228, 216, 178, 154, 141, 122, 94, 84, 47, 41, 23
228, 216, 178, 154, 141, 122, 94, 84, 47, 41, 24
228, 215, 177, 176, 156, 142, 120, 96, 80, 51, 52, 53, 25
228, 215, 177, 176, 156, 142, 120, 96, 80, 51, 52, 53, 25, 26
228, 215, 177, 176, 156, 142, 120, 96, 80, 51, 52, 53, 25, 26, 27
228, 215, 177, 176, 156, 142, 120, 97, 79, 78, 77, 76, 75, 74, 59, 28
228, 215, 177, 176, 156, 142, 120, 97, 79, 78, 77, 76, 75, 74, 59, 28, 29
228, 215, 177, 176, 156, 142, 120, 97, 79, 78, 77, 76, 75, 74, 59, 28, 29, 30
228, 229, 230, 231, 197, 180, 173, 137, 125, 110, 109, 90, 64, 63, 62, 31
228, 229, 230, 231, 197, 180, 173, 137, 125, 110, 109, 90, 64, 63, 62, 32
228, 229, 230, 231, 197, 180, 173, 137, 125, 110, 109, 90, 64, 63, 33
228, 229, 230, 231, 197, 180, 173, 137, 125, 110, 109, 90, 64, 35, 34
228, 229, 230, 231, 197, 180, 173, 137, 125, 110, 109, 90, 64, 35
228, 229, 230, 231, 197, 180, 173, 137, 125, 110, 109, 90, 64, 36
228, 216, 178, 154, 141, 122, 94, 93, 92, 86, 87, 67, 37
228, 216, 178, 154, 141, 122, 94, 93, 92, 86, 68, 38
228, 216, 178, 154, 141, 122, 94, 93, 92, 86, 68, 39
228, 216, 178, 154, 141, 122, 94, 93, 92, 86, 68, 40
228, 216, 178, 154, 141, 122, 94, 84, 47, 41
228, 216, 178, 154, 141, 122, 94, 84, 47, 41, 42
228, 215, 177, 176, 156, 142, 120, 96, 80, 50, 43
228, 215, 177, 176, 156, 142, 120, 96, 80, 51, 44
228, 215, 177, 176, 156, 142, 120, 96, 80, 51, 45
228, 215, 177, 176, 156, 142, 120, 96, 80, 51, 45, 46
228, 216, 178, 154, 141, 122, 94, 84, 47
228, 216, 178, 154, 141, 122, 94, 84, 47, 48
228, 215, 177, 176, 156, 142, 120, 96, 80, 49
228, 215, 177, 176, 156, 142, 120, 96, 80, 50
228, 215, 177, 176, 156, 142, 120, 96, 80, 51
228, 215, 177, 176, 156, 142, 120, 96, 80, 51, 52
228, 215, 177, 176, 156, 142, 120, 96, 80, 51, 52, 53
228, 215, 177, 176, 156, 142, 120, 96, 80, 51, 52, 53, 54
228, 215, 177, 176, 156, 142, 120, 97, 79, 78, 77, 76, 55
228, 215, 177, 176, 156, 142, 120, 97, 79, 78, 77, 76, 55, 56
228, 215, 177, 176, 156, 142, 120, 97, 79, 78, 77, 76, 55, 56, 57
228, 215, 177, 176, 156, 142, 120, 97, 79, 78, 77, 76, 55, 56, 57, 58
228, 215, 177, 176, 156, 142, 120, 97, 79, 78, 77, 76, 75, 74, 59
228, 215, 177, 176, 156, 142, 120, 97, 79, 78, 77, 76, 75, 74, 59, 60
228, 215, 177, 176, 156, 142, 120, 97, 98, 99, 100, 101, 102, 73, 61
228, 229, 230, 231, 197, 180, 173, 137, 125, 110, 109, 90, 64, 63, 62
228, 229, 230, 231, 197, 180, 173, 137, 125, 110, 109, 90, 64, 63
228, 229, 230, 231, 197, 180, 173, 137, 125, 110, 109, 90, 64
228, 229, 230, 231, 197, 180, 173, 137, 125, 110, 88, 89, 65
228, 216, 178, 154, 141, 122, 94, 93, 92, 86, 87, 67, 66
228, 216, 178, 154, 141, 122, 94, 93, 92, 86, 87, 67
228, 216, 178, 154, 141, 122, 94, 93, 92, 86, 68
228, 229, 230, 231, 197, 180, 173, 137, 125, 126, 127, 128, 107, 69
228, 229, 230, 231, 197, 180, 173, 137, 125, 126, 127, 128, 107, 69, 70
228, 229, 230, 231, 197, 180, 173, 137, 125, 126, 127, 128, 107, 69, 70, 71
228, 229, 230, 231, 197, 180, 173, 137, 125, 126, 127, 128, 107, 69, 70, 71, 72
228, 215, 177, 176, 156, 142, 120, 97, 98, 99, 100, 101, 102, 73
228, 215, 177, 176, 156, 142, 120, 97, 79, 78, 77, 76, 75, 74
228, 215, 177, 176, 156, 142, 120, 97, 79, 78, 77, 76, 75
228, 215, 177, 176, 156, 142, 120, 97, 79, 78, 77, 76
228, 215, 177, 176, 156, 142, 120, 97, 79, 78, 77
228, 215, 177, 176, 156, 142, 120, 97, 79, 78
228, 215, 177, 176, 156, 142, 120, 97, 79
228, 215, 177, 176, 156, 142, 120, 96, 80
228, 216, 178, 154, 141, 121, 95, 81
228, 216, 178, 154, 141, 121, 95, 82
228, 216, 178, 154, 141, 121, 95, 83
228, 216, 178, 154, 141, 122, 94, 84
228, 216, 178, 154, 141, 122, 94, 85
228, 216, 178, 154, 141, 122, 94, 93, 92, 86
228, 216, 178, 154, 141, 122, 94, 93, 92, 86, 87
228, 229, 230, 231, 197, 180, 173, 137, 125, 110, 88
228, 229, 230, 231, 197, 180, 173, 137, 125, 110, 88, 89
228, 229, 230, 231, 197, 180, 173, 137, 125, 110, 109, 90
228, 216, 178, 154, 141, 122, 94, 93, 92, 91
228, 216, 178, 154, 141, 122, 94, 93, 92
228, 216, 178, 154, 141, 122, 94, 93
228, 216, 178, 154, 141, 122, 94
228, 216, 178, 154, 141, 121, 95
228, 215, 177, 176, 156, 142, 120, 96
228, 215, 177, 176, 156, 142, 120, 97
228, 215, 177, 176, 156, 142, 120, 97, 98
228, 215, 177, 176, 156, 142, 120, 97, 98, 99
