262, 219, 208, 209, 193, 162, 146, 115, 99, 77, 53, 46, 45, 44, 4, 1548, 0
262, 219, 208, 209, 193, 162, 146, 115, 99, 77, 53, 46, 45, 44, 43, 1
262, 219, 208, 209, 193, 162, 146, 115, 99, 77, 53, 46, 45, 44, 43, 2
262, 219, 208, 209, 193, 162, 146, 115, 99, 77, 53, 46, 45, 44, 4, 3
262, 219, 208, 209, 193, 162, 146, 115, 99, 77, 53, 46, 45, 44, 4
262, 219, 208, 209, 193, 162, 146, 115, 99, 77, 53, 46, 5
262, 218, 206, 207, 192, 164, 150, 133, 102, 74, 58, 57, 56, 55, 26, 6
262, 218, 206, 207, 192, 164, 150, 133, 102, 73, 60, 29, 9, 8, 7
262, 218, 206, 207, 192, 164, 150, 133, 102, 73, 60, 29, 9, 8
262, 218, 206, 207, 192, 164, 150, 133, 102, 73, 60, 29, 9
262, 218, 206, 207, 192, 164, 150, 133, 102, 73, 60, 30, 10
262, 218, 206, 207, 192, 164, 150, 133, 102, 73, 60, 30, 11
262, 240, 205, 189, 167, 152, 131, 105, 71, 62, 31, 12
262, 240, 205, 189, 167, 152, 131, 105, 71, 62, 32, 13
262, 240, 205, 189, 167, 152, 131, 105, 71, 62, 32, 14
262, 240, 205, 189, 167, 152, 130, 106, 69, 63, 33, 15
262, 240, 205, 189, 167, 152, 130, 106, 69, 63, 33, 16
262, 240, 205, 189, 167, 152, 130, 106, 69, 63, 33, 16, 17
262, 240, 205, 189, 167, 152, 130, 106, 69, 63, 34, 35, 36, 18
262, 240, 205, 189, 167, 152, 130, 106, 69, 63, 34, 35, 36, 18, 19
262, 240, 205, 189, 167, 152, 130, 106, 69, 63, 34, 35, 36, 18, 19, 20
262, 240, 205, 189, 167, 152, 130, 106, 69, 63, 34, 35, 36, 18, 19, 20, 21
262, 240, 205, 189, 167, 152, 130, 106, 69, 63, 34, 35, 36, 18, 19, 20, 21, 22
262, 240, 205, 189, 167, 152, 130, 106, 69, 63, 34, 35, 36, 18, 19, 20, 21, 22, 23
262, 261, 239, 203, 188, 168, 153, 128, 127, 126, 125, 124, 123, 93, 85, 47, 41, 24
262, 218, 206, 207, 192, 164, 150, 133, 102, 74, 58, 57, 56, 55, 26, 25
262, 218, 206, 207, 192, 164, 150, 133, 102, 74, 58, 57, 56, 55, 26
262, 218, 206, 207, 192, 164, 150, 133, 102, 74, 58, 57, 27
262, 218, 206, 207, 192, 164, 150, 133, 102, 73, 60, 29, 28
262, 218, 206, 207, 192, 164, 150, 133, 102, 73, 60, 29
262, 218, 206, 207, 192, 164, 150, 133, 102, 73, 60, 30
262, 240, 205, 189, 167, 152, 131, 105, 71, 62, 31
262, 240, 205, 189, 167, 152, 131, 105, 71, 62, 32
262, 240, 205, 189, 167, 152, 130, 106, 69, 63, 33
262, 240, 205, 189, 167, 152, 130, 106, 69, 63, 34
262, 240, 205, 189, 167, 152, 130, 106, 69, 63, 34, 35
262, 240, 205, 189, 167, 152, 130, 106, 69, 63, 34, 35, 36
262, 240, 205, 189, 167, 152, 130, 106, 69, 63, 34, 35, 36, 37
262, 240, 205, 189, 167, 152, 130, 106, 69, 63, 34, 35, 36, 37, 38
262, 240, 205, 189, 167, 152, 130, 106, 69, 63, 34, 35, 36, 37, 38, 39
262, 240, 205, 189, 167, 152, 130, 106, 69, 63, 34, 35, 36, 37, 38, 39, 40
262, 261, 239, 203, 188, 168, 153, 128, 127, 126, 125, 124, 123, 93, 85, 47, 41
262, 261, 239, 203, 188, 168, 153, 128, 127, 126, 125, 124, 123, 93, 85, 47, 41, 42
262, 219, 208, 209, 193, 162, 146, 115, 99, 77, 53, 46, 45, 44, 43
262, 219, 208, 209, 193, 162, 146, 115, 99, 77, 53, 46, 45, 44
262, 219, 208, 209, 193, 162, 146, 115, 99, 77, 53, 46, 45
262, 219, 208, 209, 193, 162, 146, 115, 99, 77, 53, 46
262, 261, 239, 203, 188, 168, 153, 128, 127, 126, 125, 124, 123, 93, 85, 47
262, 261, 239, 203, 188, 168, 153, 128, 127, 126, 125, 124, 123, 93, 85, 47, 48
262, 219, 208, 209, 193, 162, 146, 115, 99, 77, 78, 79, 80, 49
262, 219, 208, 209, 193, 162, 146, 115, 99, 77, 78, 79, 80, 50
262, 219, 208, 209, 193, 162, 146, 115, 99, 77, 78, 52, 51
262, 219, 208, 209, 193, 162, 146, 115, 99, 77, 78, 52
262, 219, 208, 209, 193, 162, 146, 115, 99, 77, 53
262, 218, 206, 207, 192, 164, 150, 133, 102, 74, 58, 57, 56, 55, 54
262, 218, 206, 207, 192, 164, 150, 133, 102, 74, 58, 57, 56, 55
262, 218, 206, 207, 192, 164, 150, 133, 102, 74, 58, 57, 56
262, 218, 206, 207, 192, 164, 150, 133, 102, 74, 58, 57
262, 218, 206, 207, 192, 164, 150, 133, 102, 74, 58
262, 218, 206, 207, 192, 164, 150, 133, 102, 74, 59
262, 218, 206, 207, 192, 164, 150, 133, 102, 73, 60
262, 218, 206, 207, 192, 164, 150, 133, 102, 73, 61
262, 240, 205, 189, 167, 152, 131, 105, 71, 62
262, 240, 205, 189, 167, 152, 130, 106, 69, 63
262, 240, 205, 189, 167, 152, 130, 106, 69, 63, 64
262, 240, 205, 189, 167, 152, 130, 106, 69, 63, 64, 65
262, 240, 205, 189, 167, 152, 130, 106, 69, 63, 64, 65, 66
262, 240, 205, 189, 167, 152, 130, 106, 69, 63, 64, 65, 66, 67
262, 240, 205, 189, 167, 152, 130, 106, 69, 90, 89, 88, 87, 68
262, 240, 205, 189, 167, 152, 130, 106, 69
262, 240, 205, 189, 167, 152, 130, 106, 70
262, 240, 205, 189, 167, 152, 131, 105, 71
262, 218, 206, 191, 165, 151, 132, 104, 72
262, 218, 206, 207, 192, 164, 150, 133, 102, 73
262, 218, 206, 207, 192, 164, 150, 133, 102, 74
262, 218, 206, 207, 192, 164, 150, 133, 102, 74, 75
262, 219, 208, 209, 193, 162, 146, 115, 99, 76
262, 219, 208, 209, 193, 162, 146, 115, 99, 77
262, 219, 208, 209, 193, 162, 146, 115, 99, 77, 78
262, 219, 208, 209, 193, 162, 146, 115, 99, 77, 78, 79
262, 219, 208, 209, 193, 162, 146, 115, 99, 77, 78, 79, 80
262, 219, 208, 209, 193, 162, 146, 115, 116, 117, 118, 97, 96, 95, 81
262, 261, 239, 203, 188, 168, 153, 128, 127, 126, 125, 124, 123, 94, 84, 83, 82
262, 261, 239, 203, 188, 168, 153, 128, 127, 126, 125, 124, 123, 94, 84, 83
262, 261, 239, 203, 188, 168, 153, 128, 127, 126, 125, 124, 123, 94, 84
262, 261, 239, 203, 188, 168, 153, 128, 127, 126, 125, 124, 123, 93, 85
262, 240, 205, 189, 167, 152, 130, 106, 69, 90, 89, 88, 87, 86
262, 240, 205, 189, 167, 152, 130, 106, 69, 90, 89, 88, 87
262, 240, 205, 189, 167, 152, 130, 106, 69, 90, 89, 88
262, 240, 205, 189, 167, 152, 130, 106, 69, 90, 89
262, 240, 205, 189, 167, 152, 130, 106, 69, 90
262, 261, 239, 203, 188, 168, 153, 128, 127, 126, 125, 124, 91
262, 261, 239, 203, 188, 168, 153, 128, 127, 126, 125, 124, 91, 92
262, 261, 239, 203, 188, 168, 153, 128, 127, 126, 125, 124, 123, 93
262, 261, 239, 203, 188, 168, 153, 128, 127, 126, 125, 124, 123, 94
262, 219, 208, 209, 193, 162, 146, 115, 116, 117, 118, 97, 96, 95
262, 219, 208, 209, 193, 162, 146, 115, 116, 117, 118, 97, 96
262, 219, 208, 209, 193, 162, 146, 115, 116, 117, 118, 97
262, 219, 208, 209, 193, 162, 146, 115, 99, 98
262, 219, 208, 209, 193, 162, 146, 115, 99
