658, 629, 626, 589, 572, 549, 540, 518, 488, 465, 447, 427, 411, 382, 365, 366, 367, 332, 318, 317, 297, 278, 279, 247, 225, 213, 175, 158, 143, 119, 97, 80, 50, 43, 0
658, 629, 626, 589, 572, 549, 540, 518, 488, 465, 447, 427, 411, 382, 365, 366, 367, 332, 318, 317, 297, 278, 279, 247, 225, 213, 175, 158, 143, 119, 97, 80, 50, 43, 1
658, 629, 626, 589, 572, 549, 540, 518, 488, 465, 447, 427, 411, 382, 365, 366, 367, 332, 318, 317, 297, 278, 279, 247, 225, 213, 175, 158, 143, 119, 97, 80, 50, 43, 2
658, 629, 626, 589, 572, 549, 540, 518, 488, 465, 447, 427, 411, 382, 365, 333, 319, 294, 274, 241, 221, 209, 193, 162, 146, 115, 99, 77, 53, 46, 45, 44, 4, 3
658, 629, 626, 589, 572, 549, 540, 518, 488, 465, 447, 427, 411, 382, 365, 333, 319, 294, 274, 241, 221, 209, 193, 162, 146, 115, 99, 77, 53, 46, 45, 44, 4
658, 629, 626, 589, 572, 549, 540, 518, 488, 465, 447, 427, 411, 382, 365, 333, 319, 294, 274, 241, 221, 209, 193, 162, 146, 115, 99, 77, 53, 46, 5
658, 629, 626, 589, 572, 549, 540, 518, 488, 465, 447, 427, 411, 382, 365, 333, 319, 294, 274, 241, 221, 209, 193, 162, 146, 115, 99, 76, 54, 26, 6
658, 629, 626, 589, 572, 549, 540, 518, 488, 465, 447, 427, 411, 382, 365, 333, 319, 294, 274, 241, 221, 209, 193, 162, 147, 113, 101, 75, 56, 27, 8, 7
658, 629, 626, 589, 572, 549, 540, 518, 488, 465, 447, 427, 411, 382, 365, 333, 319, 294, 274, 241, 221, 209, 193, 162, 147, 113, 101, 75, 56, 27, 8
658, 629, 626, 589, 572, 549, 540, 518, 488, 465, 448, 425, 413, 380, 363, 336, 323, 291, 272, 262, 218, 206, 207, 192, 164, 150, 133, 102, 73, 60, 29, 9
658, 629, 626, 589, 572, 549, 540, 518, 488, 465, 448, 425, 413, 380, 363, 336, 323, 291, 272, 262, 218, 206, 207, 192, 164, 150, 133, 102, 73, 60, 30, 10
658, 629, 626, 589, 572, 549, 540, 518, 488, 465, 448, 425, 413, 380, 363, 336, 323, 291, 272, 262, 218, 206, 207, 192, 164, 150, 133, 102, 73, 60, 30, 11
658, 629, 626, 589, 572, 549, 540, 518, 488, 465, 448, 425, 413, 380, 363, 336, 323, 291, 272, 262, 240, 205, 189, 167, 152, 131, 105, 71, 62, 31, 12
658, 629, 626, 589, 572, 549, 540, 518, 488, 465, 448, 425, 413, 380, 363, 336, 323, 291, 272, 262, 240, 205, 189, 167, 152, 131, 105, 71, 62, 32, 13
658, 629, 626, 589, 572, 549, 540, 518, 488, 465, 448, 425, 413, 380, 363, 336, 323, 291, 272, 262, 240, 205, 189, 167, 152, 131, 105, 71, 62, 32, 14
658, 629, 626, 589, 572, 549, 540, 518, 488, 465, 448, 425, 413, 380, 363, 336, 323, 291, 272, 262, 240, 205, 189, 167, 152, 130, 106, 69, 63, 33, 15
658, 629, 626, 589, 572, 549, 540, 518, 488, 465, 448, 425, 413, 380, 363, 336, 323, 291, 272, 262, 240, 205, 189, 167, 152, 130, 106, 69, 63, 33, 16
658, 629, 630, 625, 605, 576, 546, 537, 515, 493, 462, 451, 422, 416, 377, 360, 338, 326, 289, 270, 259, 236, 202, 186, 169, 134, 127, 108, 90, 64, 35, 17
658, 629, 630, 625, 605, 576, 546, 537, 515, 493, 462, 451, 422, 416, 377, 360, 338, 326, 289, 270, 259, 236, 202, 186, 169, 134, 127, 108, 90, 64, 36, 18
658, 629, 630, 625, 605, 576, 546, 537, 515, 493, 462, 451, 422, 416, 377, 360, 338, 326, 289, 270, 259, 236, 202, 186, 169, 134, 127, 109, 89, 88, 66, 37, 19
658, 629, 630, 625, 605, 576, 546, 537, 515, 493, 462, 451, 422, 416, 377, 360, 338, 326, 289, 270, 259, 236, 202, 186, 169, 134, 127, 109, 89, 88, 66, 37, 19, 20
658, 629, 630, 625, 605, 576, 546, 537, 515, 493, 462, 451, 422, 416, 377, 360, 338, 326, 289, 270, 259, 236, 202, 186, 169, 134, 127, 109, 89, 88, 87, 68, 40, 21
658, 629, 630, 625, 605, 576, 546, 537, 515, 493, 462, 451, 422, 421, 417, 375, 357, 340, 328, 287, 268, 257, 234, 233, 199, 181, 173, 138, 139, 123, 93, 85, 47, 41, 22
658, 629, 630, 625, 605, 576, 546, 537, 515, 493, 462, 451, 422, 421, 417, 375, 357, 340, 328, 287, 268, 257, 234, 233, 199, 181, 173, 138, 139, 123, 93, 85, 47, 41, 23
658, 629, 630, 625, 605, 576, 546, 537, 515, 493, 462, 451, 422, 421, 417, 375, 357, 340, 328, 287, 268, 257, 234, 233, 199, 181, 173, 138, 139, 123, 93, 85, 47, 41, 24
658, 629, 626, 589, 572, 549, 540, 518, 488, 465, 447, 427, 411, 382, 365, 333, 319, 294, 274, 241, 221, 209, 193, 162, 146, 115, 99, 76, 54, 26, 25
658, 629, 626, 589, 572, 549, 540, 518, 488, 465, 447, 427, 411, 382, 365, 333, 319, 294, 274, 241, 221, 209, 193, 162, 146, 115, 99, 76, 54, 26
658, 629, 626, 589, 572, 549, 540, 518, 488, 465, 447, 427, 411, 382, 365, 333, 319, 294, 274, 241, 221, 209, 193, 162, 147, 113, 101, 75, 56, 27
658, 629, 626, 589, 572, 549, 540, 518, 488, 465, 448, 425, 413, 380, 363, 336, 323, 291, 272, 262, 218, 206, 207, 192, 164, 150, 133, 102, 73, 60, 29, 28
658, 629, 626, 589, 572, 549, 540, 518, 488, 465, 448, 425, 413, 380, 363, 336, 323, 291, 272, 262, 218, 206, 207, 192, 164, 150, 133, 102, 73, 60, 29
658, 629, 626, 589, 572, 549, 540, 518, 488, 465, 448, 425, 413, 380, 363, 336, 323, 291, 272, 262, 218, 206, 207, 192, 164, 150, 133, 102, 73, 60, 30
658, 629, 626, 589, 572, 549, 540, 518, 488, 465, 448, 425, 413, 380, 363, 336, 323, 291, 272, 262, 240, 205, 189, 167, 152, 131, 105, 71, 62, 31
658, 629, 626, 589, 572, 549, 540, 518, 488, 465, 448, 425, 413, 380, 363, 336, 323, 291, 272, 262, 240, 205, 189, 167, 152, 131, 105, 71, 62, 32
658, 629, 626, 589, 572, 549, 540, 518, 488, 465, 448, 425, 413, 380, 363, 336, 323, 291, 272, 262, 240, 205, 189, 167, 152, 130, 106, 69, 63, 33
658, 629, 626, 589, 572, 549, 540, 518, 488, 465, 448, 425, 413, 380, 363, 336, 323, 291, 272, 262, 240, 205, 189, 167, 152, 130, 106, 69, 63, 34
658, 629, 630, 625, 605, 576, 546, 537, 515, 493, 462, 451, 422, 416, 377, 360, 338, 326, 289, 270, 259, 236, 202, 186, 169, 134, 127, 108, 90, 64, 35
658, 629, 630, 625, 605, 576, 546, 537, 515, 493, 462, 451, 422, 416, 377, 360, 338, 326, 289, 270, 259, 236, 202, 186, 169, 134, 127, 108, 90, 64, 36
658, 629, 630, 625, 605, 576, 546, 537, 515, 493, 462, 451, 422, 416, 377, 360, 338, 326, 289, 270, 259, 236, 202, 186, 169, 134, 127, 109, 89, 88, 66, 37
658, 629, 630, 625, 605, 576, 546, 537, 515, 493, 462, 451, 422, 416, 377, 360, 338, 326, 289, 270, 259, 236, 202, 186, 169, 134, 127, 109, 89, 88, 87, 68, 38
658, 629, 630, 625, 605, 576, 546, 537, 515, 493, 462, 451, 422, 416, 377, 360, 338, 326, 289, 270, 259, 236, 202, 186, 169, 134, 127, 109, 89, 88, 87, 68, 39
658, 629, 630, 625, 605, 576, 546, 537, 515, 493, 462, 451, 422, 416, 377, 360, 338, 326, 289, 270, 259, 236, 202, 186, 169, 134, 127, 109, 89, 88, 87, 68, 40
658, 629, 630, 625, 605, 576, 546, 537, 515, 493, 462, 451, 422, 421, 417, 375, 357, 340, 328, 287, 268, 257, 234, 233, 199, 181, 173, 138, 139, 123, 93, 85, 47, 41
658, 629, 630, 625, 605, 576, 546, 537, 515, 493, 462, 451, 422, 421, 417, 375, 357, 340, 328, 287, 268, 257, 234, 233, 199, 181, 173, 138, 139, 123, 93, 85, 47, 41, 42
658, 629, 626, 589, 572, 549, 540, 518, 488, 465, 447, 427, 411, 382, 365, 366, 367, 332, 318, 317, 297, 278, 279, 247, 225, 213, 175, 158, 143, 119, 97, 80, 50, 43
658, 629, 626, 589, 572, 549, 540, 518, 488, 465, 447, 427, 411, 382, 365, 333, 319, 294, 274, 241, 221, 209, 193, 162, 146, 115, 99, 77, 53, 46, 45, 44
658, 629, 626, 589, 572, 549, 540, 518, 488, 465, 447, 427, 411, 382, 365, 333, 319, 294, 274, 241, 221, 209, 193, 162, 146, 115, 99, 77, 53, 46, 45
658, 629, 626, 589, 572, 549, 540, 518, 488, 465, 447, 427, 411, 382, 365, 333, 319, 294, 274, 241, 221, 209, 193, 162, 146, 115, 99, 77, 53, 46
658, 629, 630, 625, 605, 576, 546, 537, 515, 493, 462, 451, 422, 421, 417, 375, 357, 340, 328, 287, 268, 257, 234, 233, 199, 181, 173, 138, 139, 123, 93, 85, 47
658, 629, 630, 625, 605, 576, 546, 537, 515, 493, 462, 451, 422, 421, 417, 375, 357, 340, 328, 287, 268, 257, 234, 233, 199, 181, 173, 138, 139, 123, 93, 85, 47, 48
658, 629, 626, 589, 572, 549, 540, 518, 488, 465, 447, 427, 411, 382, 365, 366, 367, 332, 318, 317, 297, 278, 279, 247, 225, 213, 175, 158, 143, 119, 97, 80, 49
658, 629, 626, 589, 572, 549, 540, 518, 488, 465, 447, 427, 411, 382, 365, 366, 367, 332, 318, 317, 297, 278, 279, 247, 225, 213, 175, 158, 143, 119, 97, 80, 50
658, 629, 626, 589, 572, 549, 540, 518, 488, 465, 447, 427, 411, 382, 365, 333, 319, 294, 274, 241, 221, 209, 193, 162, 146, 115, 99, 77, 78, 52, 51
658, 629, 626, 589, 572, 549, 540, 518, 488, 465, 447, 427, 411, 382, 365, 333, 319, 294, 274, 241, 221, 209, 193, 162, 146, 115, 99, 77, 78, 52
658, 629, 626, 589, 572, 549, 540, 518, 488, 465, 447, 427, 411, 382, 365, 333, 319, 294, 274, 241, 221, 209, 193, 162, 146, 115, 99, 77, 53
658, 629, 626, 589, 572, 549, 540, 518, 488, 465, 447, 427, 411, 382, 365, 333, 319, 294, 274, 241, 221, 209, 193, 162, 146, 115, 99, 76, 54
658, 629, 626, 589, 572, 549, 540, 518, 488, 465, 447, 427, 411, 382, 365, 333, 319, 294, 274, 241, 221, 209, 193, 162, 147, 113, 101, 75, 56, 55
658, 629, 626, 589, 572, 549, 540, 518, 488, 465, 447, 427, 411, 382, 365, 333, 319, 294, 274, 241, 221, 209, 193, 162, 147, 113, 101, 75, 56
658, 629, 626, 589, 572, 549, 540, 518, 488, 465, 447, 427, 411, 382, 365, 333, 319, 294, 274, 241, 221, 209, 193, 162, 147, 113, 101, 75, 57
658, 629, 626, 589, 572, 549, 540, 518, 488, 465, 448, 425, 413, 380, 363, 336, 323, 291, 272, 262, 218, 206, 207, 192, 164, 150, 133, 102, 74, 58
658, 629, 626, 589, 572, 549, 540, 518, 488, 465, 448, 425, 413, 380, 363, 336, 323, 291, 272, 262, 218, 206, 207, 192, 164, 150, 133, 102, 74, 59
658, 629, 626, 589, 572, 549, 540, 518, 488, 465, 448, 425, 413, 380, 363, 336, 323, 291, 272, 262, 218, 206, 207, 192, 164, 150, 133, 102, 73, 60
658, 629, 626, 589, 572, 549, 540, 518, 488, 465, 448, 425, 413, 380, 363, 336, 323, 291, 272, 262, 218, 206, 207, 192, 164, 150, 133, 102, 73, 61
658, 629, 626, 589, 572, 549, 540, 518, 488, 465, 448, 425, 413, 380, 363, 336, 323, 291, 272, 262, 240, 205, 189, 167, 152, 131, 105, 71, 62
658, 629, 626, 589, 572, 549, 540, 518, 488, 465, 448, 425, 413, 380, 363, 336, 323, 291, 272, 262, 240, 205, 189, 167, 152, 130, 106, 69, 63
658, 629, 630, 625, 605, 576, 546, 537, 515, 493, 462, 451, 422, 416, 377, 360, 338, 326, 289, 270, 259, 236, 202, 186, 169, 134, 127, 108, 90, 64
658, 629, 630, 625, 605, 576, 546, 537, 515, 493, 462, 451, 422, 416, 377, 360, 338, 326, 289, 270, 259, 236, 202, 186, 169, 134, 127, 108, 90, 65
658, 629, 630, 625, 605, 576, 546, 537, 515, 493, 462, 451, 422, 416, 377, 360, 338, 326, 289, 270, 259, 236, 202, 186, 169, 134, 127, 109, 89, 88, 66
658, 629, 630, 625, 605, 576, 546, 537, 515, 493, 462, 451, 422, 416, 377, 360, 338, 326, 289, 270, 259, 236, 202, 186, 169, 134, 127, 109, 89, 88, 66, 67
658, 629, 630, 625, 605, 576, 546, 537, 515, 493, 462, 451, 422, 416, 377, 360, 338, 326, 289, 270, 259, 236, 202, 186, 169, 134, 127, 109, 89, 88, 87, 68
658, 629, 626, 589, 572, 549, 540, 518, 488, 465, 448, 425, 413, 380, 363, 336, 323, 291, 272, 262, 240, 205, 189, 167, 152, 130, 106, 69
658, 629, 626, 589, 572, 549, 540, 518, 488, 465, 448, 425, 413, 380, 363, 336, 323, 291, 272, 262, 240, 205, 189, 167, 152, 130, 106, 70
658, 629, 626, 589, 572, 549, 540, 518, 488, 465, 448, 425, 413, 380, 363, 336, 323, 291, 272, 262, 240, 205, 189, 167, 152, 131, 105, 71
658, 629, 626, 589, 572, 549, 540, 518, 488, 465, 448, 425, 413, 380, 363, 336, 323, 291, 272, 262, 218, 206, 191, 165, 151, 132, 104, 72
658, 629, 626, 589, 572, 549, 540, 518, 488, 465, 448, 425, 413, 380, 363, 336, 323, 291, 272, 262, 218, 206, 207, 192, 164, 150, 133, 102, 73
658, 629, 626, 589, 572, 549, 540, 518, 488, 465, 448, 425, 413, 380, 363, 336, 323, 291, 272, 262, 218, 206, 207, 192, 164, 150, 133, 102, 74
658, 629, 626, 589, 572, 549, 540, 518, 488, 465, 447, 427, 411, 382, 365, 333, 319, 294, 274, 241, 221, 209, 193, 162, 147, 113, 101, 75
658, 629, 626, 589, 572, 549, 540, 518, 488, 465, 447, 427, 411, 382, 365, 333, 319, 294, 274, 241, 221, 209, 193, 162, 146, 115, 99, 76
658, 629, 626, 589, 572, 549, 540, 518, 488, 465, 447, 427, 411, 382, 365, 333, 319, 294, 274, 241, 221, 209, 193, 162, 146, 115, 99, 77
658, 629, 626, 589, 572, 549, 540, 518, 488, 465, 447, 427, 411, 382, 365, 333, 319, 294, 274, 241, 221, 209, 193, 162, 146, 115, 99, 77, 78
658, 629, 626, 589, 572, 549, 540, 518, 488, 465, 447, 427, 411, 382, 365, 333, 319, 294, 274, 241, 221, 209, 193, 162, 146, 115, 99, 77, 78, 79
658, 629, 626, 589, 572, 549, 540, 518, 488, 465, 447, 427, 411, 382, 365, 366, 367, 332, 318, 317, 297, 278, 279, 247, 225, 213, 175, 158, 143, 119, 97, 80
658, 629, 630, 625, 605, 576, 546, 537, 515, 493, 462, 451, 422, 421, 417, 375, 357, 340, 328, 287, 268, 257, 234, 233, 199, 181, 173, 138, 139, 123, 94, 84, 83, 82, 81
658, 629, 630, 625, 605, 576, 546, 537, 515, 493, 462, 451, 422, 421, 417, 375, 357, 340, 328, 287, 268, 257, 234, 233, 199, 181, 173, 138, 139, 123, 94, 84, 83, 82
658, 629, 630, 625, 605, 576, 546, 537, 515, 493, 462, 451, 422, 421, 417, 375, 357, 340, 328, 287, 268, 257, 234, 233, 199, 181, 173, 138, 139, 123, 94, 84, 83
658, 629, 630, 625, 605, 576, 546, 537, 515, 493, 462, 451, 422, 421, 417, 375, 357, 340, 328, 287, 268, 257, 234, 233, 199, 181, 173, 138, 139, 123, 94, 84
658, 629, 630, 625, 605, 576, 546, 537, 515, 493, 462, 451, 422, 421, 417, 375, 357, 340, 328, 287, 268, 257, 234, 233, 199, 181, 173, 138, 139, 123, 93, 85
658, 629, 630, 625, 605, 576, 546, 537, 515, 493, 462, 451, 422, 421, 417, 375, 357, 340, 328, 287, 268, 257, 234, 233, 199, 181, 173, 138, 124, 91, 86
658, 629, 630, 625, 605, 576, 546, 537, 515, 493, 462, 451, 422, 416, 377, 360, 338, 326, 289, 270, 259, 236, 202, 186, 169, 134, 127, 109, 89, 88, 87
658, 629, 630, 625, 605, 576, 546, 537, 515, 493, 462, 451, 422, 416, 377, 360, 338, 326, 289, 270, 259, 236, 202, 186, 169, 134, 127, 109, 89, 88
658, 629, 630, 625, 605, 576, 546, 537, 515, 493, 462, 451, 422, 416, 377, 360, 338, 326, 289, 270, 259, 236, 202, 186, 169, 134, 127, 109, 89
658, 629, 630, 625, 605, 576, 546, 537, 515, 493, 462, 451, 422, 416, 377, 360, 338, 326, 289, 270, 259, 236, 202, 186, 169, 134, 127, 108, 90
658, 629, 630, 625, 605, 576, 546, 537, 515, 493, 462, 451, 422, 421, 417, 375, 357, 340, 328, 287, 268, 257, 234, 233, 199, 181, 173, 138, 124, 91
658, 629, 630, 625, 605, 576, 546, 537, 515, 493, 462, 451, 422, 421, 417, 375, 357, 340, 328, 287, 268, 257, 234, 233, 199, 181, 173, 138, 124, 91, 92
658, 629, 630, 625, 605, 576, 546, 537, 515, 493, 462, 451, 422, 421, 417, 375, 357, 340, 328, 287, 268, 257, 234, 233, 199, 181, 173, 138, 139, 123, 93
658, 629, 630, 625, 605, 576, 546, 537, 515, 493, 462, 451, 422, 421, 417, 375, 357, 340, 328, 287, 268, 257, 234, 233, 199, 181, 173, 138, 139, 123, 94
658, 629, 626, 589, 572, 549, 540, 518, 488, 465, 447, 427, 411, 382, 365, 366, 367, 332, 318, 317, 297, 278, 279, 247, 225, 213, 175, 158, 143, 119, 97, 96, 95
658, 629, 626, 589, 572, 549, 540, 518, 488, 465, 447, 427, 411, 382, 365, 366, 367, 332, 318, 317, 297, 278, 279, 247, 225, 213, 175, 158, 143, 119, 97, 96
658, 629, 626, 589, 572, 549, 540, 518, 488, 465, 447, 427, 411, 382, 365, 366, 367, 332, 318, 317, 297, 278, 279, 247, 225, 213, 175, 158, 143, 119, 97
658, 629, 626, 589, 572, 549, 540, 518, 488, 465, 447, 427, 411, 382, 365, 333, 319, 294, 274, 241, 221, 209, 193, 162, 146, 115, 99, 98
658, 629, 626, 589, 572, 549, 540, 518, 488, 465, 447, 427, 411, 382, 365, 333, 319, 294, 274, 241, 221, 209, 193, 162, 146, 115, 99
