632, 633, 634, 635, 621, 602, 581, 562, 532, 511, 498, 478, 456, 437, 400, 393, 353, 344, 309, 304, 284, 252, 228, 215, 177, 176, 156, 142, 120, 96, 80, 50, 43, 0
632, 633, 634, 635, 621, 602, 581, 562, 532, 511, 498, 478, 456, 437, 400, 393, 353, 344, 309, 304, 284, 252, 228, 215, 177, 176, 156, 142, 120, 96, 80, 50, 43, 1
632, 633, 634, 635, 621, 602, 581, 562, 532, 511, 498, 478, 456, 437, 400, 393, 353, 344, 309, 304, 284, 252, 228, 215, 177, 176, 156, 142, 120, 96, 80, 50, 43, 2
632, 633, 634, 635, 621, 602, 581, 562, 532, 511, 498, 478, 456, 437, 400, 393, 353, 344, 309, 304, 284, 252, 228, 215, 177, 176, 156, 142, 120, 96, 80, 50, 43, 3
632, 633, 634, 635, 621, 602, 581, 562, 532, 511, 498, 478, 456, 437, 400, 393, 353, 344, 309, 304, 284, 252, 228, 215, 177, 176, 156, 142, 120, 96, 80, 51, 44, 4
632, 623, 624, 625, 606, 575, 547, 538, 516, 490, 489, 465, 447, 427, 411, 382, 365, 333, 319, 294, 274, 241, 221, 209, 193, 162, 146, 115, 99, 77, 53, 46, 5
632, 623, 624, 625, 606, 575, 547, 538, 516, 490, 489, 465, 447, 427, 411, 382, 365, 333, 319, 294, 274, 241, 221, 209, 193, 162, 146, 115, 99, 76, 54, 26, 6
632, 623, 604, 577, 545, 535, 514, 494, 461, 452, 422, 416, 377, 361, 337, 325, 290, 271, 261, 239, 204, 189, 190, 165, 151, 132, 104, 103, 73, 60, 29, 9, 8, 7
632, 623, 604, 577, 545, 535, 514, 494, 461, 452, 422, 416, 377, 361, 337, 325, 290, 271, 261, 239, 204, 189, 190, 165, 151, 132, 104, 103, 73, 60, 29, 9, 8
632, 623, 604, 577, 545, 535, 514, 494, 461, 452, 422, 416, 377, 361, 337, 325, 290, 271, 261, 239, 204, 189, 190, 165, 151, 132, 104, 103, 73, 60, 29, 9
632, 623, 604, 577, 545, 535, 514, 494, 461, 452, 422, 416, 377, 361, 337, 325, 290, 271, 261, 239, 204, 189, 190, 165, 151, 132, 104, 103, 73, 60, 30, 10
632, 623, 604, 577, 545, 535, 514, 494, 461, 452, 422, 416, 377, 361, 337, 325, 290, 271, 261, 239, 204, 189, 190, 165, 151, 132, 104, 103, 73, 60, 30, 11
632, 623, 604, 577, 545, 535, 514, 494, 461, 452, 422, 416, 377, 361, 337, 325, 290, 271, 261, 239, 204, 189, 167, 152, 131, 105, 71, 62, 31, 12
632, 623, 604, 577, 545, 535, 514, 494, 461, 452, 422, 416, 377, 361, 337, 325, 290, 271, 261, 239, 204, 189, 167, 152, 131, 105, 71, 62, 32, 13
632, 623, 604, 577, 545, 535, 514, 494, 461, 452, 422, 416, 377, 361, 337, 325, 290, 271, 261, 239, 204, 189, 167, 152, 131, 105, 71, 62, 32, 14
632, 623, 604, 577, 545, 535, 514, 494, 461, 452, 422, 416, 377, 361, 337, 325, 290, 271, 261, 239, 204, 189, 167, 152, 130, 106, 69, 63, 33, 15
632, 623, 604, 577, 545, 535, 514, 494, 461, 452, 422, 416, 377, 361, 337, 325, 290, 271, 261, 239, 204, 189, 167, 152, 130, 106, 69, 63, 33, 16
632, 623, 604, 577, 545, 535, 514, 494, 461, 452, 422, 416, 377, 360, 338, 326, 289, 270, 259, 236, 202, 186, 169, 134, 127, 108, 90, 64, 35, 17
632, 623, 604, 577, 545, 535, 514, 494, 461, 452, 422, 416, 377, 360, 338, 326, 289, 270, 259, 236, 202, 186, 169, 134, 127, 108, 90, 64, 36, 18
632, 633, 622, 603, 579, 563, 533, 512, 497, 460, 453, 419, 396, 374, 357, 340, 328, 287, 268, 258, 235, 201, 185, 170, 135, 126, 110, 88, 66, 37, 19
632, 633, 622, 603, 579, 563, 533, 512, 497, 460, 453, 419, 396, 374, 357, 340, 328, 287, 268, 258, 235, 201, 185, 170, 135, 126, 110, 88, 66, 37, 19, 20
632, 633, 622, 603, 579, 563, 533, 512, 497, 460, 453, 419, 396, 374, 357, 340, 328, 287, 268, 257, 234, 233, 199, 181, 173, 138, 124, 91, 86, 68, 40, 21
632, 633, 622, 603, 579, 563, 533, 512, 497, 460, 453, 419, 396, 374, 357, 340, 328, 287, 268, 257, 234, 233, 199, 181, 173, 138, 139, 123, 93, 85, 47, 41, 22
632, 633, 622, 603, 579, 563, 533, 512, 497, 460, 453, 419, 396, 374, 357, 340, 328, 287, 268, 257, 234, 233, 199, 181, 173, 138, 139, 123, 93, 85, 47, 41, 23
632, 633, 622, 603, 579, 563, 533, 512, 497, 460, 453, 419, 396, 374, 357, 340, 328, 287, 268, 257, 234, 233, 199, 181, 173, 138, 139, 123, 93, 85, 47, 41, 24
632, 623, 624, 625, 606, 575, 547, 538, 516, 490, 489, 465, 447, 427, 411, 382, 365, 333, 319, 294, 274, 241, 221, 209, 193, 162, 146, 115, 99, 76, 54, 26, 25
632, 623, 624, 625, 606, 575, 547, 538, 516, 490, 489, 465, 447, 427, 411, 382, 365, 333, 319, 294, 274, 241, 221, 209, 193, 162, 146, 115, 99, 76, 54, 26
632, 623, 604, 577, 545, 535, 514, 494, 461, 452, 422, 416, 377, 361, 337, 325, 290, 271, 261, 239, 204, 189, 190, 165, 151, 132, 104, 103, 73, 60, 29, 28, 27
632, 623, 604, 577, 545, 535, 514, 494, 461, 452, 422, 416, 377, 361, 337, 325, 290, 271, 261, 239, 204, 189, 190, 165, 151, 132, 104, 103, 73, 60, 29, 28
632, 623, 604, 577, 545, 535, 514, 494, 461, 452, 422, 416, 377, 361, 337, 325, 290, 271, 261, 239, 204, 189, 190, 165, 151, 132, 104, 103, 73, 60, 29
632, 623, 604, 577, 545, 535, 514, 494, 461, 452, 422, 416, 377, 361, 337, 325, 290, 271, 261, 239, 204, 189, 190, 165, 151, 132, 104, 103, 73, 60, 30
632, 623, 604, 577, 545, 535, 514, 494, 461, 452, 422, 416, 377, 361, 337, 325, 290, 271, 261, 239, 204, 189, 167, 152, 131, 105, 71, 62, 31
632, 623, 604, 577, 545, 535, 514, 494, 461, 452, 422, 416, 377, 361, 337, 325, 290, 271, 261, 239, 204, 189, 167, 152, 131, 105, 71, 62, 32
632, 623, 604, 577, 545, 535, 514, 494, 461, 452, 422, 416, 377, 361, 337, 325, 290, 271, 261, 239, 204, 189, 167, 152, 130, 106, 69, 63, 33
632, 623, 604, 577, 545, 535, 514, 494, 461, 452, 422, 416, 377, 361, 337, 325, 290, 271, 261, 239, 204, 189, 167, 152, 130, 106, 69, 63, 34
632, 623, 604, 577, 545, 535, 514, 494, 461, 452, 422, 416, 377, 360, 338, 326, 289, 270, 259, 236, 202, 186, 169, 134, 127, 108, 90, 64, 35
632, 623, 604, 577, 545, 535, 514, 494, 461, 452, 422, 416, 377, 360, 338, 326, 289, 270, 259, 236, 202, 186, 169, 134, 127, 108, 90, 64, 36
632, 633, 622, 603, 579, 563, 533, 512, 497, 460, 453, 419, 396, 374, 357, 340, 328, 287, 268, 258, 235, 201, 185, 170, 135, 126, 110, 88, 66, 37
632, 633, 622, 603, 579, 563, 533, 512, 497, 460, 453, 419, 396, 374, 357, 340, 328, 287, 268, 257, 234, 233, 199, 181, 173, 138, 124, 91, 86, 68, 38
632, 633, 622, 603, 579, 563, 533, 512, 497, 460, 453, 419, 396, 374, 357, 340, 328, 287, 268, 257, 234, 233, 199, 181, 173, 138, 124, 91, 86, 68, 39
632, 633, 622, 603, 579, 563, 533, 512, 497, 460, 453, 419, 396, 374, 357, 340, 328, 287, 268, 257, 234, 233, 199, 181, 173, 138, 124, 91, 86, 68, 40
632, 633, 622, 603, 579, 563, 533, 512, 497, 460, 453, 419, 396, 374, 357, 340, 328, 287, 268, 257, 234, 233, 199, 181, 173, 138, 139, 123, 93, 85, 47, 41
632, 633, 622, 603, 579, 563, 533, 512, 497, 460, 453, 419, 396, 374, 357, 340, 328, 287, 268, 257, 234, 233, 199, 181, 173, 138, 139, 123, 93, 85, 47, 41, 42
632, 633, 634, 635, 621, 602, 581, 562, 532, 511, 498, 478, 456, 437, 400, 393, 353, 344, 309, 304, 284, 252, 228, 215, 177, 176, 156, 142, 120, 96, 80, 50, 43
632, 633, 634, 635, 621, 602, 581, 562, 532, 511, 498, 478, 456, 437, 400, 393, 353, 344, 309, 304, 284, 252, 228, 215, 177, 176, 156, 142, 120, 96, 80, 51, 44
632, 633, 634, 635, 621, 602, 581, 562, 532, 511, 498, 478, 456, 437, 400, 393, 353, 344, 309, 304, 284, 252, 228, 215, 177, 176, 156, 142, 120, 96, 80, 51, 45
632, 623, 624, 625, 606, 575, 547, 538, 516, 490, 489, 465, 447, 427, 411, 382, 365, 333, 319, 294, 274, 241, 221, 209, 193, 162, 146, 115, 99, 77, 53, 46
632, 633, 622, 603, 579, 563, 533, 512, 497, 460, 453, 419, 396, 374, 357, 340, 328, 287, 268, 257, 234, 233, 199, 181, 173, 138, 139, 123, 93, 85, 47
632, 633, 622, 603, 579, 563, 533, 512, 497, 460, 453, 419, 396, 374, 357, 340, 328, 287, 268, 257, 234, 233, 199, 181, 173, 138, 139, 123, 93, 85, 47, 48
632, 633, 634, 635, 621, 602, 581, 562, 532, 511, 498, 478, 456, 437, 400, 393, 353, 344, 309, 304, 284, 252, 228, 215, 177, 176, 156, 142, 120, 96, 80, 49
632, 633, 634, 635, 621, 602, 581, 562, 532, 511, 498, 478, 456, 437, 400, 393, 353, 344, 309, 304, 284, 252, 228, 215, 177, 176, 156, 142, 120, 96, 80, 50
632, 633, 634, 635, 621, 602, 581, 562, 532, 511, 498, 478, 456, 437, 400, 393, 353, 344, 309, 304, 284, 252, 228, 215, 177, 176, 156, 142, 120, 96, 80, 51
632, 623, 624, 625, 606, 575, 547, 538, 516, 490, 489, 465, 447, 427, 411, 382, 365, 333, 319, 294, 274, 241, 221, 209, 193, 162, 146, 115, 99, 77, 78, 52
632, 623, 624, 625, 606, 575, 547, 538, 516, 490, 489, 465, 447, 427, 411, 382, 365, 333, 319, 294, 274, 241, 221, 209, 193, 162, 146, 115, 99, 77, 53
632, 623, 624, 625, 606, 575, 547, 538, 516, 490, 489, 465, 447, 427, 411, 382, 365, 333, 319, 294, 274, 241, 221, 209, 193, 162, 146, 115, 99, 76, 54
632, 623, 624, 625, 606, 575, 547, 538, 516, 490, 489, 465, 447, 427, 411, 382, 365, 333, 319, 294, 274, 241, 221, 209, 193, 162, 147, 113, 101, 75, 56, 55
632, 623, 624, 625, 606, 575, 547, 538, 516, 490, 489, 465, 447, 427, 411, 382, 365, 333, 319, 294, 274, 241, 221, 209, 193, 162, 147, 113, 101, 75, 56
632, 623, 624, 625, 606, 575, 547, 538, 516, 490, 489, 465, 447, 427, 411, 382, 365, 333, 319, 294, 274, 241, 221, 209, 193, 162, 147, 113, 101, 75, 57
632, 623, 604, 577, 545, 535, 514, 494, 461, 452, 422, 416, 377, 361, 337, 325, 290, 291, 272, 262, 218, 206, 207, 192, 164, 150, 133, 102, 74, 58
632, 623, 604, 577, 545, 535, 514, 494, 461, 452, 422, 416, 377, 361, 337, 325, 290, 271, 261, 239, 204, 189, 190, 165, 151, 132, 104, 103, 73, 60, 59
632, 623, 604, 577, 545, 535, 514, 494, 461, 452, 422, 416, 377, 361, 337, 325, 290, 271, 261, 239, 204, 189, 190, 165, 151, 132, 104, 103, 73, 60
632, 623, 604, 577, 545, 535, 514, 494, 461, 452, 422, 416, 377, 361, 337, 325, 290, 271, 261, 239, 204, 189, 190, 165, 151, 132, 104, 72, 61
632, 623, 604, 577, 545, 535, 514, 494, 461, 452, 422, 416, 377, 361, 337, 325, 290, 271, 261, 239, 204, 189, 167, 152, 131, 105, 71, 62
632, 623, 604, 577, 545, 535, 514, 494, 461, 452, 422, 416, 377, 361, 337, 325, 290, 271, 261, 239, 204, 189, 167, 152, 130, 106, 69, 63
632, 623, 604, 577, 545, 535, 514, 494, 461, 452, 422, 416, 377, 360, 338, 326, 289, 270, 259, 236, 202, 186, 169, 134, 127, 108, 90, 64
632, 623, 604, 577, 545, 535, 514, 494, 461, 452, 422, 416, 377, 360, 338, 326, 289, 270, 259, 236, 202, 186, 169, 134, 127, 108, 90, 65
632, 633, 622, 603, 579, 563, 533, 512, 497, 460, 453, 419, 396, 374, 357, 340, 328, 287, 268, 258, 235, 201, 185, 170, 135, 126, 110, 88, 66
632, 633, 622, 603, 579, 563, 533, 512, 497, 460, 453, 419, 396, 374, 357, 340, 328, 287, 268, 258, 235, 201, 185, 170, 135, 126, 110, 88, 66, 67
632, 633, 622, 603, 579, 563, 533, 512, 497, 460, 453, 419, 396, 374, 357, 340, 328, 287, 268, 257, 234, 233, 199, 181, 173, 138, 124, 91, 86, 68
632, 623, 604, 577, 545, 535, 514, 494, 461, 452, 422, 416, 377, 361, 337, 325, 290, 271, 261, 239, 204, 189, 167, 152, 130, 106, 69
632, 623, 604, 577, 545, 535, 514, 494, 461, 452, 422, 416, 377, 361, 337, 325, 290, 271, 261, 239, 204, 189, 167, 152, 130, 106, 70
632, 623, 604, 577, 545, 535, 514, 494, 461, 452, 422, 416, 377, 361, 337, 325, 290, 271, 261, 239, 204, 189, 167, 152, 131, 105, 71
632, 623, 604, 577, 545, 535, 514, 494, 461, 452, 422, 416, 377, 361, 337, 325, 290, 271, 261, 239, 204, 189, 190, 165, 151, 132, 104, 72
632, 623, 604, 577, 545, 535, 514, 494, 461, 452, 422, 416, 377, 361, 337, 325, 290, 271, 261, 239, 204, 189, 190, 165, 151, 132, 104, 103, 73
632, 623, 604, 577, 545, 535, 514, 494, 461, 452, 422, 416, 377, 361, 337, 325, 290, 291, 272, 262, 218, 206, 207, 192, 164, 150, 133, 102, 74
632, 623, 624, 625, 606, 575, 547, 538, 516, 490, 489, 465, 447, 427, 411, 382, 365, 333, 319, 294, 274, 241, 221, 209, 193, 162, 147, 113, 101, 75
632, 623, 624, 625, 606, 575, 547, 538, 516, 490, 489, 465, 447, 427, 411, 382, 365, 333, 319, 294, 274, 241, 221, 209, 193, 162, 146, 115, 99, 76
632, 623, 624, 625, 606, 575, 547, 538, 516, 490, 489, 465, 447, 427, 411, 382, 365, 333, 319, 294, 274, 241, 221, 209, 193, 162, 146, 115, 99, 77
632, 623, 624, 625, 606, 575, 547, 538, 516, 490, 489, 465, 447, 427, 411, 382, 365, 333, 319, 294, 274, 241, 221, 209, 193, 162, 146, 115, 99, 77, 78
632, 633, 634, 635, 621, 602, 581, 562, 532, 511, 498, 478, 456, 437, 400, 393, 353, 344, 309, 304, 284, 252, 228, 215, 177, 176, 156, 142, 120, 97, 79
632, 633, 634, 635, 621, 602, 581, 562, 532, 511, 498, 478, 456, 437, 400, 393, 353, 344, 309, 304, 284, 252, 228, 215, 177, 176, 156, 142, 120, 96, 80
632, 633, 634, 635, 621, 602, 581, 562, 532, 511, 498, 478, 456, 437, 400, 393, 353, 344, 309, 304, 284, 252, 229, 216, 178, 154, 141, 121, 95, 81
632, 633, 634, 635, 621, 602, 581, 562, 532, 511, 498, 478, 456, 437, 400, 393, 353, 344, 309, 304, 284, 252, 229, 216, 178, 154, 141, 121, 95, 82
632, 633, 634, 635, 621, 602, 581, 562, 532, 511, 498, 478, 456, 437, 400, 393, 353, 344, 309, 304, 284, 252, 229, 216, 178, 154, 141, 121, 95, 83
632, 633, 622, 603, 579, 563, 533, 512, 497, 460, 453, 419, 396, 374, 357, 340, 328, 287, 268, 257, 234, 233, 199, 181, 173, 138, 139, 123, 94, 84
632, 633, 622, 603, 579, 563, 533, 512, 497, 460, 453, 419, 396, 374, 357, 340, 328, 287, 268, 257, 234, 233, 199, 181, 173, 138, 139, 123, 93, 85
632, 633, 622, 603, 579, 563, 533, 512, 497, 460, 453, 419, 396, 374, 357, 340, 328, 287, 268, 257, 234, 233, 199, 181, 173, 138, 124, 91, 86
632, 633, 622, 603, 579, 563, 533, 512, 497, 460, 453, 419, 396, 374, 357, 340, 328, 287, 268, 258, 235, 201, 185, 170, 135, 126, 110, 88, 87
632, 633, 622, 603, 579, 563, 533, 512, 497, 460, 453, 419, 396, 374, 357, 340, 328, 287, 268, 258, 235, 201, 185, 170, 135, 126, 110, 88
632, 623, 604, 577, 545, 535, 514, 494, 461, 452, 422, 416, 377, 360, 338, 326, 289, 270, 259, 236, 202, 186, 169, 134, 127, 109, 89
632, 623, 604, 577, 545, 535, 514, 494, 461, 452, 422, 416, 377, 360, 338, 326, 289, 270, 259, 236, 202, 186, 169, 134, 127, 108, 90
632, 633, 622, 603, 579, 563, 533, 512, 497, 460, 453, 419, 396, 374, 357, 340, 328, 287, 268, 257, 234, 233, 199, 181, 173, 138, 124, 91
632, 633, 622, 603, 579, 563, 533, 512, 497, 460, 453, 419, 396, 374, 357, 340, 328, 287, 268, 257, 234, 233, 199, 181, 173, 138, 124, 91, 92
632, 633, 622, 603, 579, 563, 533, 512, 497, 460, 453, 419, 396, 374, 357, 340, 328, 287, 268, 257, 234, 233, 199, 181, 173, 138, 139, 123, 93
632, 633, 622, 603, 579, 563, 533, 512, 497, 460, 453, 419, 396, 374, 357, 340, 328, 287, 268, 257, 234, 233, 199, 181, 173, 138, 139, 123, 94
632, 633, 634, 635, 621, 602, 581, 562, 532, 511, 498, 478, 456, 437, 400, 393, 353, 344, 309, 304, 284, 252, 229, 216, 178, 154, 141, 121, 95
632, 633, 634, 635, 621, 602, 581, 562, 532, 511, 498, 478, 456, 437, 400, 393, 353, 344, 309, 304, 284, 252, 228, 215, 177, 176, 156, 142, 120, 96
632, 633, 634, 635, 621, 602, 581, 562, 532, 511, 498, 478, 456, 437, 400, 393, 353, 344, 309, 304, 284, 252, 228, 215, 177, 176, 156, 142, 120, 97
632, 623, 624, 625, 606, 575, 547, 538, 516, 490, 489, 465, 447, 427, 411, 382, 365, 333, 319, 294, 274, 241, 221, 209, 193, 162, 146, 115, 99, 98
632, 623, 624, 625, 606, 575, 547, 538, 516, 490, 489, 465, 447, 427, 411, 382, 365, 333, 319, 294, 274, 241, 221, 209, 193, 162, 146, 115, 99
