608, 590, 571, 550, 551, 522, 521, 485, 484, 470, 443, 430, 406, 386, 370, 350, 316, 300, 280, 248, 226, 213, 175, 158, 143, 119, 97, 80, 50, 43, 0
608, 590, 571, 550, 551, 522, 521, 485, 484, 470, 443, 430, 406, 386, 370, 350, 316, 300, 280, 248, 226, 213, 175, 158, 143, 119, 97, 80, 50, 43, 1
608, 590, 571, 550, 551, 522, 521, 485, 484, 470, 443, 430, 406, 386, 370, 350, 316, 300, 280, 248, 226, 213, 175, 158, 143, 119, 97, 80, 50, 43, 2
608, 590, 571, 550, 551, 522, 521, 485, 484, 470, 443, 430, 406, 386, 370, 350, 316, 300, 280, 248, 226, 213, 175, 158, 143, 119, 97, 80, 50, 43, 3
608, 590, 571, 550, 551, 522, 521, 485, 484, 470, 443, 430, 406, 386, 370, 350, 316, 300, 280, 248, 226, 213, 175, 158, 143, 119, 97, 80, 51, 44, 4
608, 590, 571, 550, 542, 519, 487, 466, 447, 427, 411, 382, 365, 333, 319, 294, 274, 241, 221, 209, 193, 162, 146, 115, 99, 77, 53, 46, 5
608, 590, 571, 550, 542, 519, 487, 466, 447, 427, 411, 382, 365, 333, 319, 294, 274, 241, 221, 209, 193, 162, 146, 115, 99, 76, 54, 26, 6
608, 590, 571, 550, 542, 519, 487, 466, 447, 427, 411, 382, 365, 333, 319, 294, 274, 241, 221, 209, 193, 162, 147, 113, 101, 75, 56, 27, 8, 7
608, 590, 571, 550, 542, 519, 487, 466, 447, 427, 411, 382, 365, 333, 319, 294, 274, 241, 221, 209, 193, 162, 147, 113, 101, 75, 56, 27, 8
608, 590, 571, 550, 542, 519, 487, 466, 447, 427, 411, 382, 365, 333, 319, 294, 274, 243, 220, 208, 192, 164, 150, 133, 102, 73, 60, 29, 9
608, 590, 571, 550, 542, 519, 487, 466, 447, 427, 411, 382, 365, 333, 319, 294, 274, 243, 220, 208, 192, 164, 150, 133, 102, 73, 60, 30, 10
608, 590, 571, 550, 542, 519, 487, 466, 447, 427, 411, 382, 365, 333, 319, 294, 274, 243, 220, 208, 192, 164, 150, 133, 102, 73, 60, 30, 11
608, 590, 571, 550, 542, 519, 487, 466, 447, 448, 425, 413, 380, 363, 336, 323, 291, 272, 262, 240, 205, 189, 167, 152, 131, 105, 71, 62, 31, 12
608, 590, 571, 550, 542, 519, 487, 466, 447, 448, 425, 413, 380, 363, 336, 323, 291, 272, 262, 240, 205, 189, 167, 152, 131, 105, 71, 62, 32, 13
608, 590, 571, 550, 542, 519, 487, 466, 447, 448, 425, 413, 380, 363, 336, 323, 291, 272, 262, 240, 205, 189, 167, 152, 131, 105, 71, 62, 32, 14
608, 590, 571, 550, 542, 519, 487, 466, 447, 448, 425, 413, 380, 363, 336, 323, 291, 272, 262, 240, 205, 189, 167, 152, 130, 106, 69, 63, 33, 15
608, 590, 571, 550, 542, 519, 487, 466, 447, 448, 425, 413, 380, 363, 336, 323, 291, 272, 262, 240, 205, 189, 167, 152, 130, 106, 69, 63, 33, 16
608, 590, 571, 550, 542, 519, 487, 466, 447, 448, 425, 413, 380, 363, 336, 323, 291, 272, 262, 240, 205, 189, 167, 152, 130, 106, 69, 63, 33, 16, 17
608, 590, 571, 550, 542, 519, 487, 466, 447, 448, 425, 413, 380, 363, 336, 323, 291, 272, 262, 240, 205, 189, 167, 152, 130, 106, 69, 63, 34, 35, 36, 18
608, 590, 571, 572, 549, 539, 517, 516, 491, 492, 463, 449, 423, 415, 377, 360, 338, 326, 289, 270, 259, 236, 202, 186, 169, 134, 127, 109, 89, 88, 66, 37, 19
608, 590, 571, 572, 549, 539, 517, 516, 491, 492, 463, 449, 423, 415, 377, 360, 338, 326, 289, 270, 259, 236, 202, 186, 169, 134, 127, 109, 89, 88, 66, 37, 19, 20
608, 590, 571, 572, 549, 539, 517, 516, 491, 492, 463, 449, 423, 415, 377, 360, 338, 326, 289, 270, 259, 236, 202, 186, 169, 134, 127, 109, 89, 88, 87, 68, 40, 21
608, 590, 571, 550, 551, 522, 521, 485, 484, 470, 443, 430, 406, 386, 370, 350, 316, 300, 280, 281, 251, 228, 216, 178, 154, 141, 122, 94, 84, 47, 41, 22
608, 590, 571, 550, 551, 522, 521, 485, 484, 470, 443, 430, 406, 386, 370, 350, 316, 300, 280, 281, 251, 228, 216, 178, 154, 141, 122, 94, 84, 47, 41, 23
608, 590, 571, 550, 551, 522, 521, 485, 484, 470, 443, 430, 406, 386, 370, 350, 316, 300, 280, 281, 251, 228, 216, 178, 154, 141, 122, 94, 84, 47, 41, 24
608, 590, 571, 550, 542, 519, 487, 466, 447, 427, 411, 382, 365, 333, 319, 294, 274, 241, 221, 209, 193, 162, 146, 115, 99, 76, 54, 26, 25
608, 590, 571, 550, 542, 519, 487, 466, 447, 427, 411, 382, 365, 333, 319, 294, 274, 241, 221, 209, 193, 162, 146, 115, 99, 76, 54, 26
608, 590, 571, 550, 542, 519, 487, 466, 447, 427, 411, 382, 365, 333, 319, 294, 274, 241, 221, 209, 193, 162, 147, 113, 101, 75, 56, 27
608, 590, 571, 550, 542, 519, 487, 466, 447, 427, 411, 382, 365, 333, 319, 294, 274, 243, 220, 208, 192, 164, 150, 133, 102, 73, 60, 29, 28
608, 590, 571, 550, 542, 519, 487, 466, 447, 427, 411, 382, 365, 333, 319, 294, 274, 243, 220, 208, 192, 164, 150, 133, 102, 73, 60, 29
608, 590, 571, 550, 542, 519, 487, 466, 447, 427, 411, 382, 365, 333, 319, 294, 274, 243, 220, 208, 192, 164, 150, 133, 102, 73, 60, 30
608, 590, 571, 550, 542, 519, 487, 466, 447, 448, 425, 413, 380, 363, 336, 323, 291, 272, 262, 240, 205, 189, 167, 152, 131, 105, 71, 62, 31
608, 590, 571, 550, 542, 519, 487, 466, 447, 448, 425, 413, 380, 363, 336, 323, 291, 272, 262, 240, 205, 189, 167, 152, 131, 105, 71, 62, 32
608, 590, 571, 550, 542, 519, 487, 466, 447, 448, 425, 413, 380, 363, 336, 323, 291, 272, 262, 240, 205, 189, 167, 152, 130, 106, 69, 63, 33
608, 590, 571, 550, 542, 519, 487, 466, 447, 448, 425, 413, 380, 363, 336, 323, 291, 272, 262, 240, 205, 189, 167, 152, 130, 106, 69, 63, 34
608, 590, 571, 550, 542, 519, 487, 466, 447, 448, 425, 413, 380, 363, 336, 323, 291, 272, 262, 240, 205, 189, 167, 152, 130, 106, 69, 63, 34, 35
608, 590, 571, 550, 542, 519, 487, 466, 447, 448, 425, 413, 380, 363, 336, 323, 291, 272, 262, 240, 205, 189, 167, 152, 130, 106, 69, 63, 34, 35, 36
608, 590, 571, 572, 549, 539, 517, 516, 491, 492, 463, 449, 423, 415, 377, 360, 338, 326, 289, 270, 259, 236, 202, 186, 169, 134, 127, 109, 89, 88, 66, 37
608, 590, 571, 572, 549, 539, 517, 516, 491, 492, 463, 449, 423, 415, 377, 360, 338, 326, 289, 270, 259, 236, 202, 186, 169, 134, 127, 109, 89, 88, 87, 68, 38
608, 590, 571, 572, 549, 539, 517, 516, 491, 492, 463, 449, 423, 415, 377, 360, 338, 326, 289, 270, 259, 236, 202, 186, 169, 134, 127, 109, 89, 88, 87, 68, 39
608, 590, 571, 572, 549, 539, 517, 516, 491, 492, 463, 449, 423, 415, 377, 360, 338, 326, 289, 270, 259, 236, 202, 186, 169, 134, 127, 109, 89, 88, 87, 68, 40
608, 590, 571, 550, 551, 522, 521, 485, 484, 470, 443, 430, 406, 386, 370, 350, 316, 300, 280, 281, 251, 228, 216, 178, 154, 141, 122, 94, 84, 47, 41
608, 590, 571, 550, 551, 522, 521, 485, 484, 470, 443, 430, 406, 386, 370, 350, 316, 300, 280, 281, 251, 228, 216, 178, 154, 141, 122, 94, 84, 47, 41, 42
608, 590, 571, 550, 551, 522, 521, 485, 484, 470, 443, 430, 406, 386, 370, 350, 316, 300, 280, 248, 226, 213, 175, 158, 143, 119, 97, 80, 50, 43
608, 590, 571, 550, 551, 522, 521, 485, 484, 470, 443, 430, 406, 386, 370, 350, 316, 300, 280, 248, 226, 213, 175, 158, 143, 119, 97, 80, 51, 44
608, 590, 571, 550, 542, 519, 487, 466, 447, 427, 411, 382, 365, 333, 319, 294, 274, 241, 221, 209, 193, 162, 146, 115, 99, 77, 53, 46, 45
608, 590, 571, 550, 542, 519, 487, 466, 447, 427, 411, 382, 365, 333, 319, 294, 274, 241, 221, 209, 193, 162, 146, 115, 99, 77, 53, 46
608, 590, 571, 550, 551, 522, 521, 485, 484, 470, 443, 430, 406, 386, 370, 350, 316, 300, 280, 281, 251, 228, 216, 178, 154, 141, 122, 94, 84, 47
608, 590, 571, 550, 551, 522, 521, 485, 484, 470, 443, 430, 406, 386, 370, 350, 316, 300, 280, 248, 226, 213, 175, 158, 143, 119, 97, 96, 95, 82, 48
608, 590, 571, 550, 551, 522, 521, 485, 484, 470, 443, 430, 406, 386, 370, 350, 316, 300, 280, 248, 226, 213, 175, 158, 143, 119, 97, 80, 49
608, 590, 571, 550, 551, 522, 521, 485, 484, 470, 443, 430, 406, 386, 370, 350, 316, 300, 280, 248, 226, 213, 175, 158, 143, 119, 97, 80, 50
608, 590, 571, 550, 551, 522, 521, 485, 484, 470, 443, 430, 406, 386, 370, 350, 316, 300, 280, 248, 226, 213, 175, 158, 143, 119, 97, 80, 51
608, 590, 571, 550, 542, 519, 487, 466, 447, 427, 411, 382, 365, 333, 319, 294, 274, 241, 221, 209, 193, 162, 146, 115, 99, 77, 78, 52
608, 590, 571, 550, 542, 519, 487, 466, 447, 427, 411, 382, 365, 333, 319, 294, 274, 241, 221, 209, 193, 162, 146, 115, 99, 77, 53
608, 590, 571, 550, 542, 519, 487, 466, 447, 427, 411, 382, 365, 333, 319, 294, 274, 241, 221, 209, 193, 162, 146, 115, 99, 76, 54
608, 590, 571, 550, 542, 519, 487, 466, 447, 427, 411, 382, 365, 333, 319, 294, 274, 241, 221, 209, 193, 162, 147, 113, 101, 75, 56, 55
608, 590, 571, 550, 542, 519, 487, 466, 447, 427, 411, 382, 365, 333, 319, 294, 274, 241, 221, 209, 193, 162, 147, 113, 101, 75, 56
608, 590, 571, 550, 542, 519, 487, 466, 447, 427, 411, 382, 365, 333, 319, 294, 274, 241, 221, 209, 193, 162, 147, 113, 101, 75, 57
608, 590, 571, 550, 542, 519, 487, 466, 447, 427, 411, 382, 365, 333, 319, 294, 274, 243, 220, 208, 192, 164, 150, 133, 102, 74, 58
608, 590, 571, 550, 542, 519, 487, 466, 447, 427, 411, 382, 365, 333, 319, 294, 274, 243, 220, 208, 192, 164, 150, 133, 102, 74, 59
608, 590, 571, 550, 542, 519, 487, 466, 447, 427, 411, 382, 365, 333, 319, 294, 274, 243, 220, 208, 192, 164, 150, 133, 102, 73, 60
608, 590, 571, 550, 542, 519, 487, 466, 447, 427, 411, 382, 365, 333, 319, 294, 274, 243, 220, 208, 192, 164, 150, 133, 102, 73, 61
608, 590, 571, 550, 542, 519, 487, 466, 447, 448, 425, 413, 380, 363, 336, 323, 291, 272, 262, 240, 205, 189, 167, 152, 131, 105, 71, 62
608, 590, 571, 550, 542, 519, 487, 466, 447, 448, 425, 413, 380, 363, 336, 323, 291, 272, 262, 240, 205, 189, 167, 152, 130, 106, 69, 63
608, 590, 571, 550, 542, 519, 487, 466, 447, 448, 425, 413, 380, 363, 336, 323, 291, 272, 262, 240, 205, 189, 167, 152, 130, 106, 69, 63, 64
608, 590, 571, 572, 549, 539, 517, 516, 491, 492, 463, 449, 423, 415, 377, 360, 338, 326, 289, 270, 259, 236, 202, 186, 169, 134, 127, 108, 90, 65
608, 590, 571, 572, 549, 539, 517, 516, 491, 492, 463, 449, 423, 415, 377, 360, 338, 326, 289, 270, 259, 236, 202, 186, 169, 134, 127, 109, 89, 88, 66
608, 590, 571, 572, 549, 539, 517, 516, 491, 492, 463, 449, 423, 415, 377, 360, 338, 326, 289, 270, 259, 236, 202, 186, 169, 134, 127, 109, 89, 88, 66, 67
608, 590, 571, 572, 549, 539, 517, 516, 491, 492, 463, 449, 423, 415, 377, 360, 338, 326, 289, 270, 259, 236, 202, 186, 169, 134, 127, 109, 89, 88, 87, 68
608, 590, 571, 550, 542, 519, 487, 466, 447, 448, 425, 413, 380, 363, 336, 323, 291, 272, 262, 240, 205, 189, 167, 152, 130, 106, 69
608, 590, 571, 550, 542, 519, 487, 466, 447, 448, 425, 413, 380, 363, 336, 323, 291, 272, 262, 240, 205, 189, 167, 152, 130, 106, 70
608, 590, 571, 550, 542, 519, 487, 466, 447, 448, 425, 413, 380, 363, 336, 323, 291, 272, 262, 240, 205, 189, 167, 152, 131, 105, 71
608, 590, 571, 550, 542, 519, 487, 466, 447, 427, 411, 382, 365, 333, 319, 294, 274, 243, 220, 208, 192, 164, 151, 132, 104, 72
608, 590, 571, 550, 542, 519, 487, 466, 447, 427, 411, 382, 365, 333, 319, 294, 274, 243, 220, 208, 192, 164, 150, 133, 102, 73
608, 590, 571, 550, 542, 519, 487, 466, 447, 427, 411, 382, 365, 333, 319, 294, 274, 243, 220, 208, 192, 164, 150, 133, 102, 74
608, 590, 571, 550, 542, 519, 487, 466, 447, 427, 411, 382, 365, 333, 319, 294, 274, 241, 221, 209, 193, 162, 147, 113, 101, 75
608, 590, 571, 550, 542, 519, 487, 466, 447, 427, 411, 382, 365, 333, 319, 294, 274, 241, 221, 209, 193, 162, 146, 115, 99, 76
608, 590, 571, 550, 542, 519, 487, 466, 447, 427, 411, 382, 365, 333, 319, 294, 274, 241, 221, 209, 193, 162, 146, 115, 99, 77
608, 590, 571, 550, 542, 519, 487, 466, 447, 427, 411, 382, 365, 333, 319, 294, 274, 241, 221, 209, 193, 162, 146, 115, 99, 77, 78
608, 590, 571, 550, 551, 522, 521, 485, 484, 470, 443, 430, 406, 386, 370, 350, 316, 300, 280, 248, 226, 213, 175, 158, 143, 119, 97, 79
608, 590, 571, 550, 551, 522, 521, 485, 484, 470, 443, 430, 406, 386, 370, 350, 316, 300, 280, 248, 226, 213, 175, 158, 143, 119, 97, 80
608, 590, 571, 550, 551, 522, 521, 485, 484, 470, 443, 430, 406, 386, 370, 350, 316, 300, 280, 248, 226, 213, 175, 158, 143, 119, 97, 96, 95, 81
608, 590, 571, 550, 551, 522, 521, 485, 484, 470, 443, 430, 406, 386, 370, 350, 316, 300, 280, 248, 226, 213, 175, 158, 143, 119, 97, 96, 95, 82
608, 590, 571, 550, 551, 522, 521, 485, 484, 470, 443, 430, 406, 386, 370, 350, 316, 300, 280, 248, 226, 213, 175, 158, 143, 119, 97, 96, 95, 83
608, 590, 571, 550, 551, 522, 521, 485, 484, 470, 443, 430, 406, 386, 370, 350, 316, 300, 280, 281, 251, 228, 216, 178, 154, 141, 122, 94, 84
608, 590, 571, 550, 551, 522, 521, 485, 484, 470, 443, 430, 406, 386, 370, 350, 316, 300, 280, 281, 251, 228, 216, 178, 154, 141, 122, 94, 85
608, 590, 571, 572, 549, 539, 517, 516, 491, 492, 463, 449, 423, 415, 377, 360, 338, 326, 289, 270, 259, 236, 202, 186, 169, 134, 127, 109, 89, 88, 87, 86
608, 590, 571, 572, 549, 539, 517, 516, 491, 492, 463, 449, 423, 415, 377, 360, 338, 326, 289, 270, 259, 236, 202, 186, 169, 134, 127, 109, 89, 88, 87
608, 590, 571, 572, 549, 539, 517, 516, 491, 492, 463, 449, 423, 415, 377, 360, 338, 326, 289, 270, 259, 236, 202, 186, 169, 134, 127, 109, 89, 88
608, 590, 571, 572, 549, 539, 517, 516, 491, 492, 463, 449, 423, 415, 377, 360, 338, 326, 289, 270, 259, 236, 202, 186, 169, 134, 127, 109, 89
608, 590, 571, 572, 549, 539, 517, 516, 491, 492, 463, 449, 423, 415, 377, 360, 338, 326, 289, 270, 259, 236, 202, 186, 169, 134, 127, 108, 90
608, 590, 571, 572, 549, 539, 517, 516, 491, 492, 463, 449, 423, 415, 377, 360, 338, 326, 289, 270, 259, 236, 202, 186, 169, 134, 127, 126, 125, 124, 91
608, 590, 571, 550, 551, 522, 521, 485, 484, 470, 443, 430, 406, 386, 370, 350, 316, 300, 280, 281, 251, 228, 216, 178, 154, 141, 122, 94, 93, 92
608, 590, 571, 550, 551, 522, 521, 485, 484, 470, 443, 430, 406, 386, 370, 350, 316, 300, 280, 281, 251, 228, 216, 178, 154, 141, 122, 94, 93
608, 590, 571, 550, 551, 522, 521, 485, 484, 470, 443, 430, 406, 386, 370, 350, 316, 300, 280, 281, 251, 228, 216, 178, 154, 141, 122, 94
608, 590, 571, 550, 551, 522, 521, 485, 484, 470, 443, 430, 406, 386, 370, 350, 316, 300, 280, 248, 226, 213, 175, 158, 143, 119, 97, 96, 95
608, 590, 571, 550, 551, 522, 521, 485, 484, 470, 443, 430, 406, 386, 370, 350, 316, 300, 280, 248, 226, 213, 175, 158, 143, 119, 97, 96
608, 590, 571, 550, 551, 522, 521, 485, 484, 470, 443, 430, 406, 386, 370, 350, 316, 300, 280, 248, 226, 213, 175, 158, 143, 119, 97
608, 590, 571, 550, 542, 519, 487, 466, 447, 427, 411, 382, 365, 333, 319, 294, 274, 241, 221, 209, 193, 162, 146, 115, 99, 98
608, 590, 571, 550, 542, 519, 487, 466, 447, 427, 411, 382, 365, 333, 319, 294, 274, 241, 221, 209, 193, 162, 146, 115, 99
