1319, 1320, 1332, 1355, 1356, 1357, 1381, 1382, 1402, 1421, 1436, 1452, 1451, 1478, 1495, 1531, 1540, 18, 19, 0
1319, 1320, 1332, 1355, 1356, 1357, 1381, 1382, 1402, 1421, 1436, 1452, 1451, 1478, 1495, 1531, 1540, 18, 19, 0, 1
1319, 1320, 1332, 1355, 1356, 1357, 1381, 1382, 1402, 1421, 1436, 1452, 1451, 1478, 1495, 1531, 1540, 18, 19, 0, 1, 2
1319, 1318, 1317, 1316, 1315, 1348, 1347, 1369, 1392, 1393, 1411, 1446, 1464, 1489, 1504, 1519, 1547, 5, 4, 3
1319, 1318, 1317, 1316, 1315, 1348, 1347, 1369, 1392, 1393, 1411, 1446, 1464, 1489, 1504, 1519, 1547, 5, 4
1319, 1318, 1317, 1316, 1315, 1348, 1347, 1369, 1392, 1393, 1411, 1446, 1464, 1489, 1504, 1519, 1547, 5
1319, 1331, 1353, 1377, 1376, 1375, 1374, 1373, 1394, 1412, 1447, 1463, 1488, 1505, 1520, 1548, 6
1319, 1331, 1353, 1377, 1398, 1416, 1415, 1414, 1450, 1449, 1461, 1487, 1506, 1521, 1549, 7
1319, 1331, 1353, 1377, 1398, 1416, 1415, 1414, 1450, 1460, 1486, 1507, 1522, 1551, 8
1319, 1331, 1353, 1377, 1398, 1416, 1415, 1431, 1459, 1485, 1509, 1523, 1552, 9
