278, 248, 238, 211, 212, 213, 214, 215, 192, 193, 194, 195, 184, 160, 144, 120, 102, 74, 43, 24, 19, 0
278, 248, 238, 211, 212, 213, 214, 215, 192, 193, 194, 195, 184, 160, 144, 120, 102, 74, 43, 24, 19, 0, 1
278, 277, 247, 237, 210, 171, 169, 135, 110, 92, 63, 54, 55, 36, 37, 38, 39, 20, 21, 3, 2
278, 277, 247, 237, 210, 171, 169, 135, 110, 92, 63, 54, 55, 36, 37, 38, 39, 20, 21, 3
278, 277, 247, 237, 210, 171, 169, 135, 110, 92, 63, 54, 55, 36, 37, 38, 6, 5, 4
278, 277, 247, 237, 210, 171, 169, 135, 110, 92, 63, 54, 55, 36, 37, 38, 6, 5
278, 277, 247, 237, 210, 171, 169, 135, 110, 92, 63, 54, 55, 36, 37, 38, 6
278, 277, 247, 237, 210, 171, 169, 135, 110, 92, 63, 54, 55, 36, 37, 7
278, 277, 247, 237, 210, 171, 169, 135, 110, 92, 63, 54, 35, 9, 8
278, 277, 247, 237, 210, 171, 169, 135, 110, 92, 63, 54, 35, 9
