263, 256, 225, 196, 183, 159, 146, 121, 103, 73, 41, 23, 0
263, 256, 225, 196, 183, 159, 146, 121, 103, 73, 41, 23, 1
263, 256, 225, 196, 183, 159, 146, 121, 103, 73, 41, 23, 1, 2
263, 256, 225, 196, 183, 159, 146, 121, 103, 73, 41, 23, 1, 2, 3
263, 256, 225, 196, 183, 159, 146, 121, 103, 73, 41, 23, 1, 2, 3, 4
263, 264, 257, 226, 197, 182, 157, 147, 123, 124, 84, 85, 70, 69, 68, 58, 39, 5
263, 264, 257, 226, 197, 182, 157, 147, 123, 124, 84, 85, 86, 87, 67, 57, 38, 6
263, 264, 257, 226, 197, 182, 157, 147, 123, 124, 125, 126, 127, 107, 88, 66, 56, 37, 7
263, 264, 257, 226, 197, 182, 157, 156, 155, 154, 153, 152, 151, 133, 108, 90, 65, 55, 36, 8
263, 256, 225, 224, 223, 193, 192, 215, 214, 188, 189, 166, 167, 137, 136, 111, 92, 63, 54, 35, 9
