225, 196, 183, 159, 146, 121, 103, 73, 41, 23, 0
225, 196, 183, 159, 146, 121, 103, 73, 41, 23, 1
225, 196, 183, 159, 146, 121, 103, 73, 41, 23, 1, 2
225, 196, 183, 159, 146, 121, 103, 73, 41, 23, 1, 2, 3
225, 196, 183, 159, 146, 121, 103, 73, 41, 23, 1, 2, 3, 4
225, 196, 183, 159, 146, 121, 103, 73, 41, 23, 1, 2, 3, 4, 5
225, 196, 183, 159, 146, 121, 103, 73, 41, 40, 60, 59, 58, 57, 38, 6
225, 196, 183, 159, 146, 121, 103, 104, 105, 106, 83, 84, 85, 86, 87, 88, 66, 56, 37, 7
225, 196, 183, 159, 146, 121, 122, 123, 124, 125, 126, 127, 107, 108, 90, 65, 55, 36, 8
225, 224, 223, 193, 192, 215, 214, 188, 189, 166, 167, 137, 136, 111, 92, 63, 54, 35, 9
