458, 459, 433, 413, 399, 385, 355, 330, 311, 294, 280, 281, 282, 260, 261, 255, 224, 195, 184, 160, 144, 120, 102, 74, 43, 24, 19, 0
458, 459, 433, 413, 399, 385, 355, 330, 311, 294, 280, 281, 282, 260, 261, 255, 224, 195, 184, 160, 144, 120, 102, 74, 43, 24, 19, 0, 1
458, 459, 433, 413, 399, 385, 355, 330, 311, 294, 280, 281, 282, 260, 261, 255, 224, 195, 184, 160, 144, 120, 102, 74, 43, 24, 19, 0, 1, 2
458, 434, 414, 397, 386, 354, 332, 309, 293, 292, 277, 247, 237, 210, 171, 169, 135, 110, 92, 63, 54, 55, 36, 37, 38, 39, 20, 21, 3
458, 434, 414, 397, 386, 354, 332, 309, 293, 292, 277, 247, 237, 210, 171, 169, 135, 110, 92, 63, 54, 55, 36, 37, 38, 6, 5, 4
458, 434, 414, 397, 386, 354, 332, 309, 293, 292, 277, 247, 237, 210, 171, 169, 135, 110, 92, 63, 54, 55, 36, 37, 38, 6, 5
458, 434, 414, 397, 386, 354, 332, 309, 293, 292, 277, 247, 237, 210, 171, 169, 135, 110, 92, 63, 54, 55, 36, 37, 38, 6
458, 434, 414, 397, 386, 354, 332, 309, 293, 292, 277, 247, 237, 210, 171, 169, 135, 110, 92, 63, 54, 55, 36, 37, 7
458, 434, 414, 397, 386, 354, 332, 309, 293, 292, 277, 247, 237, 210, 171, 169, 135, 110, 92, 63, 54, 35, 9, 8
458, 434, 414, 397, 386, 354, 332, 309, 293, 292, 277, 247, 237, 210, 171, 169, 135, 110, 92, 63, 54, 35, 9
