258, 227, 198, 181, 156, 148, 124, 123, 106, 72, 40, 41, 23, 0
258, 227, 198, 181, 156, 148, 124, 123, 106, 72, 40, 22, 2, 1
258, 227, 198, 181, 156, 148, 124, 123, 106, 72, 40, 22, 2
258, 227, 198, 181, 156, 148, 124, 83, 71, 60, 21, 3
258, 227, 198, 181, 156, 148, 124, 83, 71, 60, 21, 3, 4
258, 227, 198, 181, 156, 148, 124, 83, 71, 60, 21, 3, 4, 5
258, 227, 198, 181, 156, 148, 124, 83, 71, 60, 21, 3, 4, 5, 6
258, 227, 198, 181, 156, 148, 124, 83, 71, 60, 21, 3, 4, 5, 6, 7
258, 227, 198, 181, 156, 148, 124, 83, 71, 60, 21, 20, 39, 38, 37, 36, 8
258, 227, 198, 181, 156, 148, 124, 83, 71, 60, 59, 58, 57, 56, 55, 54, 35, 9
