1364, 1398, 1399, 1400, 1410, 1411, 1444, 1425, 1447, 1446, 1483, 1494, 1511, 1553, 0
1364, 1398, 1399, 1400, 1410, 1411, 1444, 1425, 1447, 1446, 1483, 1494, 1511, 1553, 1
1364, 1398, 1399, 1409, 1442, 1450, 1449, 1479, 1480, 1481, 1496, 1509, 1510, 1551, 3, 2
1364, 1398, 1399, 1409, 1442, 1450, 1449, 1479, 1480, 1481, 1496, 1509, 1510, 1551, 3
1364, 1398, 1399, 1409, 1442, 1450, 1449, 1479, 1480, 1481, 1496, 1508, 1550, 4
1364, 1398, 1399, 1409, 1442, 1450, 1449, 1479, 1480, 1498, 1530, 1547, 6, 5
1364, 1398, 1399, 1409, 1442, 1450, 1449, 1479, 1480, 1498, 1530, 1547, 6
1364, 1398, 1399, 1409, 1442, 1450, 1477, 1500, 1499, 1527, 1545, 7
1364, 1398, 1399, 1409, 1442, 1450, 1477, 1500, 1526, 1544, 8
1364, 1398, 1399, 1409, 1442, 1450, 1477, 1500, 1526, 1544, 9
1364, 1398, 1407, 1440, 1455, 1474, 1503, 1522, 1542, 11, 10
1364, 1398, 1407, 1440, 1455, 1474, 1503, 1522, 1542, 11
1364, 1398, 1407, 1440, 1455, 1474, 1503, 1522, 1542, 12
1364, 1398, 1407, 1440, 1455, 1474, 1503, 1522, 1541, 13
1364, 1398, 1407, 1440, 1455, 1474, 1503, 1522, 1541, 1540, 14
1364, 1398, 1407, 1440, 1455, 1474, 1503, 1522, 1541, 1540, 14, 15
1364, 1363, 1397, 1406, 1439, 1456, 1473, 1504, 1521, 1520, 1519, 1538, 16
1364, 1363, 1397, 1406, 1439, 1456, 1473, 1504, 1521, 1520, 1519, 1538, 16, 17
1364, 1363, 1397, 1406, 1439, 1456, 1473, 1504, 1521, 1520, 1519, 1538, 16, 17, 18
1364, 1363, 1382, 1395, 1405, 1438, 1457, 1472, 1471, 1507, 1486, 1487, 1488, 1489, 1490, 1515, 1534, 19
1364, 1363, 1382, 1395, 1405, 1438, 1457, 1472, 1471, 1507, 1486, 1487, 1488, 1489, 1490, 1515, 1534, 19, 20
1364, 1363, 1397, 1406, 1439, 1456, 1473, 1504, 1521, 1520, 1519, 1538, 16, 17, 41, 21
1364, 1363, 1397, 1406, 1439, 1456, 1473, 1504, 1521, 1520, 1519, 1538, 16, 17, 41, 21, 22
1364, 1398, 1399, 1400, 1410, 1411, 1444, 1425, 1447, 1446, 1483, 1494, 1511, 1553, 0, 23
1364, 1398, 1399, 1409, 1442, 1450, 1449, 1479, 1480, 1481, 1496, 1508, 1550, 4, 25, 24
1364, 1398, 1399, 1409, 1442, 1450, 1449, 1479, 1480, 1481, 1496, 1508, 1550, 4, 25
1364, 1398, 1399, 1409, 1442, 1450, 1449, 1479, 1480, 1481, 1496, 1508, 1550, 4, 26
1364, 1398, 1399, 1409, 1442, 1450, 1449, 1479, 1480, 1498, 1530, 1547, 6, 5, 27
1364, 1398, 1399, 1409, 1442, 1450, 1477, 1500, 1499, 1527, 1545, 7, 29, 28
1364, 1398, 1399, 1409, 1442, 1450, 1477, 1500, 1499, 1527, 1545, 7, 29
1364, 1398, 1399, 1409, 1442, 1450, 1477, 1500, 1499, 1527, 1545, 7, 30
1364, 1398, 1399, 1409, 1442, 1450, 1477, 1500, 1526, 1544, 8, 31
1364, 1398, 1399, 1409, 1442, 1450, 1477, 1500, 1526, 1544, 9, 32
1364, 1398, 1407, 1440, 1455, 1474, 1503, 1522, 1542, 12, 34, 33
1364, 1398, 1407, 1440, 1455, 1474, 1503, 1522, 1542, 12, 34
1364, 1398, 1407, 1440, 1455, 1474, 1503, 1522, 1542, 12, 35
1364, 1398, 1407, 1440, 1455, 1474, 1503, 1522, 1541, 13, 36
1364, 1398, 1407, 1440, 1455, 1474, 1503, 1522, 1541, 1540, 14, 37
1364, 1398, 1407, 1440, 1455, 1474, 1503, 1522, 1541, 1540, 14, 37, 38
1364, 1363, 1397, 1406, 1439, 1456, 1473, 1504, 1521, 1520, 1519, 1538, 16, 39
1364, 1363, 1397, 1406, 1439, 1456, 1473, 1504, 1521, 1520, 1519, 1538, 16, 17, 40
1364, 1363, 1397, 1406, 1439, 1456, 1473, 1504, 1521, 1520, 1519, 1538, 16, 17, 41
1364, 1363, 1397, 1406, 1439, 1456, 1473, 1504, 1521, 1520, 1519, 1538, 16, 39, 42
1364, 1363, 1397, 1406, 1439, 1456, 1473, 1504, 1521, 1520, 1519, 1538, 16, 17, 41, 43
1364, 1363, 1397, 1406, 1439, 1456, 1473, 1504, 1521, 1520, 1519, 1538, 16, 17, 41, 43, 44
1364, 1363, 1397, 1406, 1439, 1456, 1473, 1504, 1521, 1520, 1519, 1538, 16, 17, 41, 43, 44, 45
1364, 1363, 1397, 1406, 1439, 1456, 1473, 1504, 1521, 1520, 1519, 1538, 16, 17, 41, 43, 44, 45, 46
1364, 1398, 1399, 1409, 1442, 1450, 1449, 1479, 1480, 1481, 1496, 1508, 1550, 4, 25, 24, 48, 47
1364, 1398, 1399, 1409, 1442, 1450, 1449, 1479, 1480, 1481, 1496, 1508, 1550, 4, 25, 24, 48
1364, 1398, 1399, 1409, 1442, 1450, 1449, 1479, 1480, 1481, 1496, 1508, 1550, 4, 26, 49
1364, 1398, 1399, 1409, 1442, 1450, 1449, 1479, 1480, 1481, 1496, 1508, 1550, 4, 26, 50
1364, 1398, 1399, 1409, 1442, 1450, 1449, 1479, 1480, 1498, 1530, 1547, 6, 5, 27, 51
1364, 1398, 1399, 1409, 1442, 1450, 1449, 1479, 1480, 1498, 1530, 1547, 6, 5, 27, 52
1364, 1398, 1399, 1409, 1442, 1450, 1477, 1500, 1499, 1527, 1545, 7, 29, 28, 53
1364, 1398, 1399, 1409, 1442, 1450, 1477, 1500, 1499, 1527, 1545, 7, 30, 54
1364, 1398, 1399, 1409, 1442, 1450, 1477, 1500, 1526, 1544, 8, 31, 55
1364, 1398, 1399, 1409, 1442, 1450, 1477, 1500, 1526, 1544, 9, 32, 56
1364, 1398, 1407, 1440, 1455, 1474, 1503, 1522, 1542, 12, 34, 33, 57
1364, 1398, 1407, 1440, 1455, 1474, 1503, 1522, 1542, 12, 35, 58
1364, 1398, 1407, 1440, 1455, 1474, 1503, 1522, 1541, 13, 36, 59
1364, 1398, 1407, 1440, 1455, 1474, 1503, 1522, 1541, 1540, 14, 37, 60
1364, 1398, 1407, 1440, 1455, 1474, 1503, 1522, 1541, 1540, 14, 37, 61
1364, 1398, 1407, 1440, 1455, 1474, 1503, 1522, 1541, 1540, 14, 37, 61, 62
1364, 1363, 1397, 1406, 1439, 1456, 1473, 1504, 1521, 1520, 1519, 1538, 16, 17, 41, 43, 63
1364, 1363, 1397, 1406, 1439, 1456, 1473, 1504, 1521, 1520, 1519, 1538, 16, 17, 41, 43, 64
1364, 1398, 1407, 1440, 1455, 1474, 1503, 1522, 1541, 1540, 14, 37, 60, 68, 67, 66, 65
1364, 1398, 1407, 1440, 1455, 1474, 1503, 1522, 1541, 1540, 14, 37, 60, 68, 67, 66
1364, 1398, 1407, 1440, 1455, 1474, 1503, 1522, 1541, 1540, 14, 37, 60, 68, 67
1364, 1398, 1407, 1440, 1455, 1474, 1503, 1522, 1541, 1540, 14, 37, 60, 68
1364, 1398, 1407, 1440, 1455, 1474, 1503, 1522, 1541, 13, 36, 59, 69
1364, 1398, 1407, 1440, 1455, 1474, 1503, 1522, 1542, 12, 35, 58, 70
1364, 1398, 1407, 1440, 1455, 1474, 1503, 1522, 1542, 12, 34, 33, 57, 71
1364, 1398, 1407, 1440, 1455, 1474, 1503, 1522, 1542, 12, 34, 33, 57, 72
1364, 1398, 1407, 1440, 1455, 1474, 1503, 1522, 1542, 12, 34, 33, 57, 72, 73
1364, 1398, 1399, 1409, 1442, 1450, 1477, 1500, 1526, 1544, 8, 31, 55, 74
1364, 1398, 1399, 1409, 1442, 1450, 1477, 1500, 1526, 1544, 8, 31, 55, 75
1364, 1398, 1399, 1409, 1442, 1450, 1477, 1500, 1499, 1527, 1545, 7, 29, 28, 53, 76
1364, 1398, 1399, 1409, 1442, 1450, 1477, 1500, 1499, 1527, 1545, 7, 29, 28, 53, 76, 77
1364, 1398, 1399, 1409, 1442, 1450, 1449, 1479, 1480, 1498, 1530, 1547, 6, 5, 27, 52, 78
1364, 1398, 1399, 1409, 1442, 1450, 1449, 1479, 1480, 1481, 1496, 1508, 1550, 4, 26, 50, 79
1364, 1398, 1399, 1409, 1442, 1450, 1449, 1479, 1480, 1481, 1496, 1508, 1550, 4, 26, 50, 80
1364, 1398, 1399, 1409, 1442, 1450, 1449, 1479, 1480, 1481, 1496, 1508, 1550, 4, 26, 49, 81
1364, 1398, 1399, 1409, 1442, 1450, 1449, 1479, 1480, 1481, 1496, 1508, 1550, 4, 26, 49, 82
1364, 1398, 1399, 1409, 1442, 1450, 1449, 1479, 1480, 1481, 1496, 1508, 1550, 4, 25, 24, 48, 83
1364, 1398, 1399, 1409, 1442, 1450, 1449, 1479, 1480, 1481, 1496, 1508, 1550, 4, 25, 24, 48, 84
1364, 1363, 1397, 1406, 1439, 1456, 1473, 1504, 1521, 1520, 1519, 1538, 16, 17, 41, 43, 44, 87, 86, 85
1364, 1363, 1397, 1406, 1439, 1456, 1473, 1504, 1521, 1520, 1519, 1538, 16, 17, 41, 43, 44, 87, 86
1364, 1363, 1397, 1406, 1439, 1456, 1473, 1504, 1521, 1520, 1519, 1538, 16, 17, 41, 43, 44, 87
1364, 1398, 1407, 1440, 1455, 1474, 1503, 1522, 1541, 1540, 14, 37, 60, 68, 67, 89, 88
1364, 1398, 1407, 1440, 1455, 1474, 1503, 1522, 1541, 1540, 14, 37, 60, 68, 67, 89
1364, 1398, 1407, 1440, 1455, 1474, 1503, 1522, 1541, 1540, 14, 37, 60, 68, 90
1364, 1398, 1407, 1440, 1455, 1474, 1503, 1522, 1541, 1540, 14, 37, 60, 68, 91
1364, 1398, 1407, 1440, 1455, 1474, 1503, 1522, 1542, 12, 35, 58, 70, 92
1364, 1398, 1407, 1440, 1455, 1474, 1503, 1522, 1542, 12, 35, 58, 70, 92, 93
1364, 1398, 1407, 1440, 1455, 1474, 1503, 1522, 1542, 12, 34, 33, 57, 72, 94
1364, 1398, 1407, 1440, 1455, 1474, 1503, 1522, 1542, 12, 34, 33, 57, 72, 94, 95
1364, 1398, 1399, 1409, 1442, 1450, 1477, 1500, 1526, 1544, 8, 31, 55, 74, 96
1364, 1398, 1399, 1409, 1442, 1450, 1477, 1500, 1526, 1544, 8, 31, 55, 74, 97
1364, 1398, 1399, 1409, 1442, 1450, 1477, 1500, 1499, 1527, 1545, 7, 29, 28, 53, 76, 98
1364, 1398, 1399, 1409, 1442, 1450, 1477, 1500, 1499, 1527, 1545, 7, 29, 28, 53, 76, 77, 99
