1247, 1246, 1278, 1285, 1301, 1328, 1355, 1379, 1392, 1423, 1434, 1461, 1468, 1467, 1490, 1515, 1534, 19, 20, 0
1247, 1246, 1278, 1285, 1301, 1328, 1355, 1379, 1392, 1423, 1434, 1461, 1468, 1467, 1490, 1515, 1534, 19, 20, 0, 1
1247, 1246, 1278, 1285, 1301, 1328, 1355, 1379, 1392, 1423, 1434, 1461, 1462, 1463, 1464, 1485, 1484, 1493, 1511, 1552, 2
1247, 1246, 1278, 1285, 1301, 1328, 1355, 1379, 1392, 1423, 1434, 1461, 1462, 1463, 1464, 1485, 1484, 1493, 1511, 1552, 2, 3
1247, 1246, 1278, 1285, 1301, 1328, 1355, 1379, 1392, 1423, 1434, 1461, 1462, 1463, 1464, 1485, 1484, 1493, 1511, 1552, 1551, 4
1247, 1248, 1276, 1288, 1289, 1305, 1323, 1350, 1364, 1398, 1399, 1409, 1442, 1450, 1449, 1479, 1480, 1498, 1530, 1547, 6, 5
1247, 1248, 1276, 1288, 1289, 1305, 1323, 1350, 1364, 1398, 1399, 1409, 1442, 1450, 1449, 1479, 1480, 1498, 1530, 1547, 6
1247, 1248, 1276, 1288, 1289, 1305, 1323, 1350, 1364, 1398, 1399, 1409, 1442, 1450, 1477, 1500, 1499, 1527, 1545, 7
1247, 1248, 1276, 1288, 1289, 1305, 1323, 1350, 1364, 1398, 1399, 1409, 1442, 1450, 1477, 1500, 1526, 1544, 8
1247, 1248, 1276, 1288, 1289, 1305, 1323, 1350, 1364, 1398, 1399, 1409, 1442, 1450, 1477, 1500, 1526, 1544, 9
1247, 1248, 1276, 1288, 1289, 1305, 1323, 1350, 1364, 1398, 1407, 1440, 1455, 1474, 1503, 1522, 1542, 11, 10
1247, 1248, 1276, 1288, 1289, 1305, 1323, 1350, 1364, 1398, 1407, 1440, 1455, 1474, 1503, 1522, 1542, 11
1247, 1248, 1276, 1288, 1289, 1305, 1323, 1350, 1364, 1398, 1407, 1440, 1455, 1474, 1503, 1522, 1542, 12
1247, 1277, 1286, 1302, 1327, 1354, 1380, 1394, 1404, 1437, 1458, 1472, 1506, 1521, 1540, 13
1247, 1277, 1286, 1302, 1327, 1354, 1380, 1394, 1404, 1437, 1458, 1472, 1506, 1521, 1540, 14
1247, 1246, 1278, 1285, 1301, 1328, 1355, 1379, 1393, 1424, 1435, 1459, 1471, 1507, 1518, 1538, 15
1247, 1246, 1278, 1285, 1301, 1328, 1355, 1379, 1393, 1424, 1435, 1459, 1471, 1507, 1518, 1538, 16
1247, 1246, 1278, 1285, 1301, 1328, 1355, 1379, 1393, 1424, 1435, 1459, 1471, 1507, 1518, 1538, 16, 17
1247, 1246, 1278, 1285, 1301, 1328, 1355, 1379, 1392, 1423, 1434, 1461, 1468, 1467, 1490, 1515, 1535, 18
1247, 1246, 1278, 1285, 1301, 1328, 1355, 1379, 1392, 1423, 1434, 1461, 1468, 1467, 1490, 1515, 1534, 19
1247, 1246, 1278, 1285, 1301, 1328, 1355, 1379, 1392, 1423, 1434, 1461, 1468, 1467, 1490, 1515, 1534, 19, 20
1247, 1246, 1278, 1285, 1301, 1328, 1355, 1379, 1392, 1423, 1434, 1461, 1468, 1467, 1490, 1515, 1535, 18, 21
1247, 1246, 1278, 1285, 1301, 1328, 1355, 1379, 1392, 1423, 1434, 1461, 1468, 1467, 1490, 1515, 1534, 19, 22
1247, 1246, 1278, 1285, 1301, 1328, 1355, 1379, 1392, 1423, 1434, 1461, 1468, 1467, 1490, 1515, 1534, 19, 20, 23
1247, 1246, 1278, 1285, 1301, 1328, 1355, 1379, 1392, 1423, 1434, 1461, 1468, 1467, 1490, 1515, 1534, 19, 20, 0, 1, 24
1247, 1246, 1278, 1285, 1301, 1328, 1355, 1379, 1392, 1423, 1434, 1461, 1462, 1463, 1464, 1485, 1484, 1493, 1511, 1552, 2, 3, 25
1247, 1246, 1278, 1285, 1301, 1328, 1355, 1379, 1392, 1423, 1434, 1461, 1462, 1463, 1464, 1485, 1484, 1493, 1511, 1552, 1551, 4, 26
1247, 1248, 1276, 1288, 1289, 1305, 1323, 1350, 1364, 1398, 1399, 1409, 1442, 1450, 1449, 1479, 1480, 1498, 1530, 1547, 6, 5, 27
1247, 1248, 1276, 1288, 1289, 1305, 1323, 1350, 1364, 1398, 1399, 1409, 1442, 1450, 1477, 1500, 1499, 1527, 1545, 7, 29, 28
1247, 1248, 1276, 1288, 1289, 1305, 1323, 1350, 1364, 1398, 1399, 1409, 1442, 1450, 1477, 1500, 1499, 1527, 1545, 7, 29
1247, 1248, 1276, 1288, 1289, 1305, 1323, 1350, 1364, 1398, 1399, 1409, 1442, 1450, 1477, 1500, 1499, 1527, 1545, 7, 30
1247, 1248, 1276, 1288, 1289, 1305, 1323, 1350, 1364, 1398, 1399, 1409, 1442, 1450, 1477, 1500, 1526, 1544, 8, 31
1247, 1248, 1276, 1288, 1289, 1305, 1323, 1350, 1364, 1398, 1399, 1409, 1442, 1450, 1477, 1500, 1526, 1544, 9, 32
1247, 1277, 1286, 1302, 1327, 1354, 1380, 1394, 1404, 1437, 1458, 1472, 1506, 1521, 1540, 13, 36, 35, 34, 33
1247, 1277, 1286, 1302, 1327, 1354, 1380, 1394, 1404, 1437, 1458, 1472, 1506, 1521, 1540, 13, 36, 35, 34
1247, 1277, 1286, 1302, 1327, 1354, 1380, 1394, 1404, 1437, 1458, 1472, 1506, 1521, 1540, 13, 36, 35
1247, 1277, 1286, 1302, 1327, 1354, 1380, 1394, 1404, 1437, 1458, 1472, 1506, 1521, 1540, 13, 36
1247, 1277, 1286, 1302, 1327, 1354, 1380, 1394, 1404, 1437, 1458, 1472, 1506, 1521, 1540, 14, 37
1247, 1246, 1278, 1285, 1301, 1328, 1355, 1379, 1393, 1424, 1435, 1459, 1471, 1507, 1518, 1538, 15, 38
1247, 1246, 1278, 1285, 1301, 1328, 1355, 1379, 1393, 1424, 1435, 1459, 1471, 1507, 1518, 1538, 16, 39
1247, 1246, 1278, 1285, 1301, 1328, 1355, 1379, 1393, 1424, 1435, 1459, 1471, 1507, 1518, 1538, 16, 17, 40
1247, 1246, 1278, 1285, 1301, 1328, 1355, 1379, 1393, 1424, 1435, 1459, 1471, 1507, 1518, 1538, 16, 17, 41
1247, 1246, 1278, 1285, 1301, 1328, 1355, 1379, 1393, 1424, 1435, 1459, 1471, 1507, 1518, 1538, 16, 39, 42
1247, 1246, 1278, 1285, 1301, 1328, 1355, 1379, 1393, 1424, 1435, 1459, 1471, 1507, 1518, 1538, 16, 17, 41, 43
1247, 1246, 1278, 1285, 1301, 1328, 1355, 1379, 1392, 1423, 1434, 1461, 1468, 1467, 1490, 1515, 1535, 18, 21, 44
1247, 1246, 1278, 1285, 1301, 1328, 1355, 1379, 1392, 1423, 1434, 1461, 1468, 1467, 1490, 1515, 1535, 18, 21, 45
1247, 1246, 1278, 1285, 1301, 1328, 1355, 1379, 1392, 1423, 1434, 1461, 1468, 1467, 1490, 1515, 1534, 19, 22, 46
1247, 1246, 1278, 1285, 1301, 1328, 1355, 1379, 1392, 1423, 1434, 1461, 1468, 1467, 1490, 1515, 1534, 19, 20, 23, 47
1247, 1246, 1278, 1285, 1301, 1328, 1355, 1379, 1392, 1423, 1434, 1461, 1468, 1467, 1490, 1515, 1534, 19, 20, 23, 47, 48
1247, 1246, 1278, 1285, 1301, 1328, 1355, 1379, 1392, 1423, 1434, 1461, 1462, 1463, 1464, 1485, 1484, 1493, 1511, 1552, 2, 3, 25, 49
1247, 1246, 1278, 1285, 1301, 1328, 1355, 1379, 1392, 1423, 1434, 1461, 1462, 1463, 1464, 1485, 1484, 1493, 1511, 1552, 2, 3, 25, 49, 50
1247, 1248, 1276, 1288, 1289, 1305, 1323, 1350, 1364, 1398, 1399, 1409, 1442, 1450, 1449, 1479, 1480, 1498, 1530, 1547, 6, 5, 27, 51
1247, 1248, 1276, 1288, 1289, 1305, 1323, 1350, 1364, 1398, 1399, 1409, 1442, 1450, 1449, 1479, 1480, 1498, 1530, 1547, 6, 5, 27, 52
1247, 1248, 1276, 1288, 1289, 1305, 1323, 1350, 1364, 1398, 1399, 1409, 1442, 1450, 1477, 1500, 1499, 1527, 1545, 7, 29, 28, 53
1247, 1248, 1276, 1288, 1289, 1305, 1323, 1350, 1364, 1398, 1399, 1409, 1442, 1450, 1477, 1500, 1499, 1527, 1545, 7, 30, 54
1247, 1248, 1276, 1288, 1289, 1305, 1323, 1350, 1364, 1398, 1399, 1409, 1442, 1450, 1477, 1500, 1526, 1544, 8, 31, 55
1247, 1248, 1276, 1288, 1289, 1305, 1323, 1350, 1364, 1398, 1399, 1409, 1442, 1450, 1477, 1500, 1526, 1544, 9, 32, 56
1247, 1277, 1286, 1302, 1327, 1354, 1380, 1394, 1404, 1437, 1458, 1472, 1506, 1521, 1540, 13, 36, 35, 34, 33, 57
1247, 1277, 1286, 1302, 1327, 1354, 1380, 1394, 1404, 1437, 1458, 1472, 1506, 1521, 1540, 13, 36, 35, 58
1247, 1277, 1286, 1302, 1327, 1354, 1380, 1394, 1404, 1437, 1458, 1472, 1506, 1521, 1540, 14, 37, 59
1247, 1277, 1286, 1302, 1327, 1354, 1380, 1394, 1404, 1437, 1458, 1472, 1506, 1521, 1540, 14, 37, 60
1247, 1277, 1286, 1302, 1327, 1354, 1380, 1394, 1404, 1437, 1458, 1472, 1506, 1521, 1540, 14, 37, 61
1247, 1246, 1278, 1285, 1301, 1328, 1355, 1379, 1393, 1424, 1435, 1459, 1471, 1507, 1518, 1538, 15, 38, 62
1247, 1246, 1278, 1285, 1301, 1328, 1355, 1379, 1393, 1424, 1435, 1459, 1471, 1507, 1518, 1538, 16, 17, 41, 43, 63
1247, 1246, 1278, 1285, 1301, 1328, 1355, 1379, 1393, 1424, 1435, 1459, 1471, 1507, 1518, 1538, 16, 17, 41, 43, 64
1247, 1246, 1278, 1285, 1301, 1328, 1355, 1379, 1393, 1424, 1435, 1459, 1471, 1507, 1518, 1538, 16, 39, 42, 65
1247, 1246, 1278, 1285, 1301, 1328, 1355, 1379, 1393, 1424, 1435, 1459, 1471, 1507, 1518, 1538, 15, 38, 62, 66
1247, 1277, 1286, 1302, 1327, 1354, 1380, 1394, 1404, 1437, 1458, 1472, 1506, 1521, 1540, 14, 37, 60, 68, 67
1247, 1277, 1286, 1302, 1327, 1354, 1380, 1394, 1404, 1437, 1458, 1472, 1506, 1521, 1540, 14, 37, 60, 68
1247, 1277, 1286, 1302, 1327, 1354, 1380, 1394, 1404, 1437, 1458, 1472, 1506, 1521, 1540, 14, 37, 59, 69
1247, 1277, 1286, 1302, 1327, 1354, 1380, 1394, 1404, 1437, 1458, 1472, 1506, 1521, 1540, 13, 36, 35, 58, 70
1247, 1277, 1286, 1302, 1327, 1354, 1380, 1394, 1404, 1437, 1458, 1472, 1506, 1521, 1540, 13, 36, 35, 34, 33, 57, 71
1247, 1277, 1286, 1302, 1327, 1354, 1380, 1394, 1404, 1437, 1458, 1472, 1506, 1521, 1540, 13, 36, 35, 34, 33, 57, 72
1247, 1277, 1286, 1302, 1327, 1354, 1380, 1394, 1404, 1437, 1458, 1472, 1506, 1521, 1540, 13, 36, 35, 34, 33, 57, 72, 73
1247, 1248, 1276, 1288, 1289, 1305, 1323, 1350, 1364, 1398, 1399, 1409, 1442, 1450, 1477, 1500, 1526, 1544, 8, 31, 55, 74
1247, 1248, 1276, 1288, 1289, 1305, 1323, 1350, 1364, 1398, 1399, 1409, 1442, 1450, 1477, 1500, 1526, 1544, 8, 31, 55, 75
1247, 1248, 1276, 1288, 1289, 1305, 1323, 1350, 1364, 1398, 1399, 1409, 1442, 1450, 1477, 1500, 1499, 1527, 1545, 7, 29, 28, 53, 76
1247, 1248, 1276, 1288, 1289, 1305, 1323, 1350, 1364, 1398, 1399, 1409, 1442, 1450, 1477, 1500, 1499, 1527, 1545, 7, 29, 28, 53, 76, 77
1247, 1248, 1276, 1288, 1289, 1305, 1323, 1350, 1364, 1398, 1399, 1409, 1442, 1450, 1449, 1479, 1480, 1498, 1530, 1547, 6, 5, 27, 52, 78
1247, 1246, 1278, 1285, 1301, 1328, 1355, 1379, 1392, 1423, 1434, 1461, 1462, 1463, 1464, 1485, 1484, 1493, 1511, 1552, 2, 3, 25, 49, 50, 79
1247, 1246, 1278, 1285, 1301, 1328, 1355, 1379, 1392, 1423, 1434, 1461, 1462, 1463, 1464, 1485, 1484, 1493, 1511, 1552, 2, 3, 25, 49, 80
1247, 1246, 1278, 1285, 1301, 1328, 1355, 1379, 1392, 1423, 1434, 1461, 1462, 1463, 1464, 1485, 1484, 1493, 1511, 1552, 2, 3, 25, 49, 81
1247, 1246, 1278, 1285, 1301, 1328, 1355, 1379, 1392, 1423, 1434, 1461, 1468, 1467, 1490, 1515, 1534, 19, 20, 23, 47, 84, 83, 82
1247, 1246, 1278, 1285, 1301, 1328, 1355, 1379, 1392, 1423, 1434, 1461, 1468, 1467, 1490, 1515, 1534, 19, 20, 23, 47, 84, 83
1247, 1246, 1278, 1285, 1301, 1328, 1355, 1379, 1392, 1423, 1434, 1461, 1468, 1467, 1490, 1515, 1534, 19, 20, 23, 47, 84
1247, 1246, 1278, 1285, 1301, 1328, 1355, 1379, 1392, 1423, 1434, 1461, 1468, 1467, 1490, 1515, 1534, 19, 20, 23, 47, 85
1247, 1246, 1278, 1285, 1301, 1328, 1355, 1379, 1392, 1423, 1434, 1461, 1468, 1467, 1490, 1515, 1534, 19, 22, 46, 87, 86
1247, 1246, 1278, 1285, 1301, 1328, 1355, 1379, 1392, 1423, 1434, 1461, 1468, 1467, 1490, 1515, 1534, 19, 22, 46, 87
1247, 1246, 1278, 1285, 1301, 1328, 1355, 1379, 1393, 1424, 1435, 1459, 1471, 1507, 1518, 1538, 15, 38, 62, 66, 88
1247, 1277, 1286, 1302, 1327, 1354, 1380, 1394, 1404, 1437, 1458, 1472, 1506, 1521, 1540, 14, 37, 60, 68, 67, 89
1247, 1277, 1286, 1302, 1327, 1354, 1380, 1394, 1404, 1437, 1458, 1472, 1506, 1521, 1540, 14, 37, 60, 68, 90
1247, 1277, 1286, 1302, 1327, 1354, 1380, 1394, 1404, 1437, 1458, 1472, 1506, 1521, 1540, 14, 37, 60, 68, 91
1247, 1277, 1286, 1302, 1327, 1354, 1380, 1394, 1404, 1437, 1458, 1472, 1506, 1521, 1540, 13, 36, 35, 58, 70, 92
1247, 1277, 1286, 1302, 1327, 1354, 1380, 1394, 1404, 1437, 1458, 1472, 1506, 1521, 1540, 13, 36, 35, 58, 70, 92, 93
1247, 1277, 1286, 1302, 1327, 1354, 1380, 1394, 1404, 1437, 1458, 1472, 1506, 1521, 1540, 13, 36, 35, 34, 33, 57, 72, 94
1247, 1277, 1286, 1302, 1327, 1354, 1380, 1394, 1404, 1437, 1458, 1472, 1506, 1521, 1540, 13, 36, 35, 34, 33, 57, 72, 94, 95
1247, 1248, 1276, 1288, 1289, 1305, 1323, 1350, 1364, 1398, 1399, 1409, 1442, 1450, 1477, 1500, 1526, 1544, 8, 31, 55, 74, 96
1247, 1248, 1276, 1288, 1289, 1305, 1323, 1350, 1364, 1398, 1399, 1409, 1442, 1450, 1477, 1500, 1526, 1544, 8, 31, 55, 74, 97
1247, 1248, 1276, 1288, 1289, 1305, 1323, 1350, 1364, 1398, 1399, 1409, 1442, 1450, 1477, 1500, 1499, 1527, 1545, 7, 29, 28, 53, 76, 98
1247, 1248, 1276, 1288, 1289, 1305, 1323, 1350, 1364, 1398, 1399, 1409, 1442, 1450, 1477, 1500, 1499, 1527, 1545, 7, 29, 28, 53, 76, 77, 99
