1357, 1378, 1391, 1421, 1433, 1432, 1463, 1466, 1491, 1513, 1533, 1532, 20, 0
1357, 1378, 1391, 1421, 1433, 1432, 1463, 1466, 1491, 1513, 1533, 1532, 20, 0, 1
1357, 1378, 1391, 1421, 1433, 1432, 1463, 1464, 1485, 1484, 1493, 1511, 1552, 2
1357, 1378, 1391, 1421, 1433, 1432, 1463, 1464, 1485, 1484, 1493, 1511, 1552, 2, 3
1357, 1378, 1391, 1421, 1433, 1432, 1463, 1464, 1485, 1484, 1493, 1511, 1552, 1551, 4
1357, 1378, 1391, 1421, 1433, 1432, 1463, 1464, 1485, 1484, 1493, 1494, 1495, 1510, 1509, 1508, 1549, 5
1357, 1358, 1359, 1360, 1361, 1362, 1342, 1343, 1371, 1384, 1414, 1427, 1447, 1481, 1497, 1531, 1547, 6
1357, 1358, 1359, 1360, 1361, 1362, 1342, 1343, 1371, 1384, 1414, 1427, 1447, 1481, 1497, 1531, 1547, 1546, 7
1357, 1356, 1379, 1393, 1424, 1435, 1459, 1471, 1472, 1506, 1521, 1540, 13, 12, 11, 10, 9, 8
1357, 1356, 1379, 1393, 1424, 1435, 1459, 1471, 1472, 1506, 1521, 1540, 13, 12, 11, 10, 9
1357, 1356, 1379, 1393, 1424, 1435, 1459, 1471, 1472, 1506, 1521, 1540, 13, 12, 11, 10
1357, 1356, 1379, 1393, 1424, 1435, 1459, 1471, 1472, 1506, 1521, 1540, 13, 12, 11
1357, 1356, 1379, 1393, 1424, 1435, 1459, 1471, 1472, 1506, 1521, 1540, 13, 12
1357, 1356, 1379, 1393, 1424, 1435, 1459, 1471, 1472, 1506, 1521, 1540, 13
1357, 1356, 1379, 1393, 1424, 1435, 1459, 1471, 1472, 1506, 1521, 1540, 14
1357, 1378, 1391, 1422, 1434, 1461, 1469, 1487, 1517, 1538, 15
1357, 1378, 1391, 1422, 1434, 1461, 1469, 1487, 1517, 1537, 16
1357, 1378, 1391, 1422, 1434, 1461, 1468, 1489, 1516, 1536, 17
1357, 1378, 1391, 1422, 1434, 1461, 1468, 1467, 1490, 1515, 1535, 18
1357, 1378, 1391, 1422, 1434, 1461, 1468, 1467, 1490, 1515, 1534, 19
1357, 1378, 1391, 1421, 1433, 1432, 1463, 1466, 1491, 1513, 1533, 1532, 20
1357, 1378, 1391, 1422, 1434, 1461, 1468, 1467, 1490, 1515, 1535, 18, 21
1357, 1378, 1391, 1422, 1434, 1461, 1468, 1467, 1490, 1515, 1534, 19, 22
1357, 1378, 1391, 1421, 1433, 1432, 1463, 1466, 1491, 1513, 1533, 1532, 20, 23
1357, 1378, 1391, 1421, 1433, 1432, 1463, 1466, 1491, 1513, 1533, 1532, 20, 0, 1, 24
1357, 1378, 1391, 1421, 1433, 1432, 1463, 1464, 1485, 1484, 1493, 1511, 1552, 2, 3, 25
1357, 1378, 1391, 1421, 1433, 1432, 1463, 1464, 1485, 1484, 1493, 1511, 1552, 1551, 4, 26
1357, 1378, 1391, 1421, 1433, 1432, 1463, 1464, 1485, 1484, 1493, 1511, 1552, 1551, 4, 26, 27
1357, 1358, 1359, 1360, 1361, 1362, 1342, 1343, 1371, 1384, 1414, 1427, 1447, 1481, 1497, 1531, 1547, 6, 28
1357, 1358, 1359, 1360, 1361, 1362, 1342, 1343, 1371, 1384, 1414, 1427, 1447, 1481, 1497, 1531, 1547, 6, 28, 29
1357, 1356, 1379, 1393, 1424, 1435, 1459, 1471, 1472, 1506, 1521, 1540, 13, 36, 35, 34, 33, 32, 31, 30
1357, 1356, 1379, 1393, 1424, 1435, 1459, 1471, 1472, 1506, 1521, 1540, 13, 36, 35, 34, 33, 32, 31
1357, 1356, 1379, 1393, 1424, 1435, 1459, 1471, 1472, 1506, 1521, 1540, 13, 36, 35, 34, 33, 32
1357, 1356, 1379, 1393, 1424, 1435, 1459, 1471, 1472, 1506, 1521, 1540, 13, 36, 35, 34, 33
1357, 1356, 1379, 1393, 1424, 1435, 1459, 1471, 1472, 1506, 1521, 1540, 13, 36, 35, 34
1357, 1356, 1379, 1393, 1424, 1435, 1459, 1471, 1472, 1506, 1521, 1540, 13, 36, 35
1357, 1356, 1379, 1393, 1424, 1435, 1459, 1471, 1472, 1506, 1521, 1540, 13, 36
1357, 1356, 1379, 1393, 1424, 1435, 1459, 1471, 1472, 1506, 1521, 1540, 14, 37
1357, 1378, 1391, 1422, 1434, 1461, 1469, 1487, 1517, 1538, 15, 38
1357, 1378, 1391, 1422, 1434, 1461, 1469, 1487, 1517, 1537, 16, 39
1357, 1378, 1391, 1422, 1434, 1461, 1468, 1489, 1516, 1536, 17, 40
1357, 1378, 1391, 1422, 1434, 1461, 1468, 1489, 1516, 1536, 17, 41
1357, 1378, 1391, 1422, 1434, 1461, 1468, 1489, 1516, 1536, 17, 40, 42
1357, 1378, 1391, 1422, 1434, 1461, 1468, 1489, 1516, 1536, 17, 41, 43
1357, 1378, 1391, 1422, 1434, 1461, 1468, 1467, 1490, 1515, 1535, 18, 21, 44
1357, 1378, 1391, 1422, 1434, 1461, 1468, 1467, 1490, 1515, 1535, 18, 21, 45
1357, 1378, 1391, 1422, 1434, 1461, 1468, 1467, 1490, 1515, 1534, 19, 22, 46
1357, 1378, 1391, 1421, 1433, 1432, 1463, 1466, 1491, 1513, 1533, 1532, 20, 23, 47
1357, 1378, 1391, 1421, 1433, 1432, 1463, 1466, 1491, 1513, 1533, 1532, 20, 23, 47, 48
1357, 1378, 1391, 1421, 1433, 1432, 1463, 1464, 1485, 1484, 1493, 1511, 1552, 2, 3, 25, 49
1357, 1378, 1391, 1421, 1433, 1432, 1463, 1464, 1485, 1484, 1493, 1511, 1552, 2, 3, 25, 49, 50
1357, 1378, 1391, 1421, 1433, 1432, 1463, 1464, 1485, 1484, 1493, 1511, 1552, 2, 3, 25, 49, 50, 51
1357, 1378, 1391, 1421, 1433, 1432, 1463, 1464, 1485, 1484, 1493, 1511, 1552, 2, 3, 25, 49, 50, 51, 52
1357, 1358, 1359, 1360, 1361, 1362, 1342, 1343, 1371, 1384, 1414, 1427, 1447, 1481, 1497, 1531, 1547, 6, 28, 53
1357, 1356, 1379, 1393, 1424, 1435, 1459, 1471, 1472, 1506, 1521, 1540, 13, 36, 35, 34, 33, 57, 56, 55, 54
1357, 1356, 1379, 1393, 1424, 1435, 1459, 1471, 1472, 1506, 1521, 1540, 13, 36, 35, 34, 33, 57, 56, 55
1357, 1356, 1379, 1393, 1424, 1435, 1459, 1471, 1472, 1506, 1521, 1540, 13, 36, 35, 34, 33, 57, 56
1357, 1356, 1379, 1393, 1424, 1435, 1459, 1471, 1472, 1506, 1521, 1540, 13, 36, 35, 34, 33, 57
1357, 1356, 1379, 1393, 1424, 1435, 1459, 1471, 1472, 1506, 1521, 1540, 13, 36, 35, 58
1357, 1356, 1379, 1393, 1424, 1435, 1459, 1471, 1472, 1506, 1521, 1540, 14, 37, 59
1357, 1356, 1379, 1393, 1424, 1435, 1459, 1471, 1472, 1506, 1521, 1540, 14, 37, 60
1357, 1356, 1379, 1393, 1424, 1435, 1459, 1471, 1472, 1506, 1521, 1540, 14, 37, 61
1357, 1378, 1391, 1422, 1434, 1461, 1469, 1487, 1517, 1538, 15, 38, 62
1357, 1378, 1391, 1422, 1434, 1461, 1468, 1489, 1516, 1536, 17, 41, 43, 63
1357, 1378, 1391, 1422, 1434, 1461, 1468, 1489, 1516, 1536, 17, 41, 43, 64
1357, 1378, 1391, 1422, 1434, 1461, 1468, 1489, 1516, 1536, 17, 40, 42, 65
1357, 1378, 1391, 1422, 1434, 1461, 1469, 1487, 1517, 1538, 15, 38, 62, 66
1357, 1356, 1379, 1393, 1424, 1435, 1459, 1471, 1472, 1506, 1521, 1540, 14, 37, 60, 68, 67
1357, 1356, 1379, 1393, 1424, 1435, 1459, 1471, 1472, 1506, 1521, 1540, 14, 37, 60, 68
1357, 1356, 1379, 1393, 1424, 1435, 1459, 1471, 1472, 1506, 1521, 1540, 14, 37, 59, 69
1357, 1356, 1379, 1393, 1424, 1435, 1459, 1471, 1472, 1506, 1521, 1540, 13, 36, 35, 58, 70
1357, 1356, 1379, 1393, 1424, 1435, 1459, 1471, 1472, 1506, 1521, 1540, 13, 36, 35, 34, 33, 57, 71
1357, 1356, 1379, 1393, 1424, 1435, 1459, 1471, 1472, 1506, 1521, 1540, 13, 36, 35, 34, 33, 57, 72
1357, 1356, 1379, 1393, 1424, 1435, 1459, 1471, 1472, 1506, 1521, 1540, 13, 36, 35, 34, 33, 57, 72, 73
1357, 1356, 1379, 1393, 1424, 1435, 1459, 1471, 1472, 1506, 1521, 1540, 13, 36, 35, 34, 33, 57, 72, 73, 74
1357, 1356, 1379, 1393, 1424, 1435, 1459, 1471, 1472, 1506, 1521, 1540, 13, 36, 35, 34, 33, 57, 72, 73, 74, 75
1357, 1378, 1391, 1421, 1433, 1432, 1463, 1464, 1485, 1484, 1493, 1511, 1552, 2, 3, 25, 49, 50, 79, 78, 77, 76
1357, 1378, 1391, 1421, 1433, 1432, 1463, 1464, 1485, 1484, 1493, 1511, 1552, 2, 3, 25, 49, 50, 79, 78, 77
1357, 1378, 1391, 1421, 1433, 1432, 1463, 1464, 1485, 1484, 1493, 1511, 1552, 2, 3, 25, 49, 50, 79, 78
1357, 1378, 1391, 1421, 1433, 1432, 1463, 1464, 1485, 1484, 1493, 1511, 1552, 2, 3, 25, 49, 50, 79
1357, 1378, 1391, 1421, 1433, 1432, 1463, 1464, 1485, 1484, 1493, 1511, 1552, 2, 3, 25, 49, 80
1357, 1378, 1391, 1421, 1433, 1432, 1463, 1464, 1485, 1484, 1493, 1511, 1552, 2, 3, 25, 49, 81
1357, 1378, 1391, 1421, 1433, 1432, 1463, 1466, 1491, 1513, 1533, 1532, 20, 23, 47, 84, 83, 82
1357, 1378, 1391, 1421, 1433, 1432, 1463, 1466, 1491, 1513, 1533, 1532, 20, 23, 47, 84, 83
1357, 1378, 1391, 1421, 1433, 1432, 1463, 1466, 1491, 1513, 1533, 1532, 20, 23, 47, 84
1357, 1378, 1391, 1421, 1433, 1432, 1463, 1466, 1491, 1513, 1533, 1532, 20, 23, 47, 85
1357, 1378, 1391, 1421, 1433, 1432, 1463, 1466, 1491, 1513, 1533, 1532, 20, 23, 47, 86
1357, 1378, 1391, 1422, 1434, 1461, 1468, 1467, 1490, 1515, 1534, 19, 22, 46, 87
1357, 1378, 1391, 1422, 1434, 1461, 1469, 1487, 1517, 1538, 15, 38, 62, 66, 88
1357, 1356, 1379, 1393, 1424, 1435, 1459, 1471, 1472, 1506, 1521, 1540, 14, 37, 60, 68, 67, 89
1357, 1356, 1379, 1393, 1424, 1435, 1459, 1471, 1472, 1506, 1521, 1540, 14, 37, 60, 68, 90
1357, 1356, 1379, 1393, 1424, 1435, 1459, 1471, 1472, 1506, 1521, 1540, 14, 37, 60, 68, 91
1357, 1356, 1379, 1393, 1424, 1435, 1459, 1471, 1472, 1506, 1521, 1540, 13, 36, 35, 58, 70, 92
1357, 1356, 1379, 1393, 1424, 1435, 1459, 1471, 1472, 1506, 1521, 1540, 13, 36, 35, 58, 70, 92, 93
1357, 1356, 1379, 1393, 1424, 1435, 1459, 1471, 1472, 1506, 1521, 1540, 13, 36, 35, 34, 33, 57, 72, 94
1357, 1356, 1379, 1393, 1424, 1435, 1459, 1471, 1472, 1506, 1521, 1540, 13, 36, 35, 34, 33, 57, 72, 94, 95
1357, 1356, 1379, 1393, 1424, 1435, 1459, 1471, 1472, 1506, 1521, 1540, 13, 36, 35, 34, 33, 57, 72, 94, 95, 96
1357, 1356, 1379, 1393, 1424, 1435, 1459, 1471, 1472, 1506, 1521, 1540, 13, 36, 35, 34, 33, 57, 72, 94, 95, 96, 97
1357, 1378, 1391, 1421, 1433, 1432, 1463, 1464, 1485, 1484, 1493, 1511, 1552, 2, 3, 25, 49, 50, 79, 78, 101, 100, 99, 98
1357, 1378, 1391, 1421, 1433, 1432, 1463, 1464, 1485, 1484, 1493, 1511, 1552, 2, 3, 25, 49, 50, 79, 78, 101, 100, 99
