1159, 1158, 1186, 1208, 1240, 1244, 1280, 1283, 1319, 1331, 1332, 1358, 1376, 1390, 1419, 1432, 1463, 1466, 1491, 1513, 1533, 1532, 20, 0
1159, 1158, 1186, 1208, 1240, 1244, 1280, 1283, 1319, 1331, 1332, 1333, 1360, 1374, 1388, 1418, 1417, 1430, 1465, 1484, 1493, 1511, 1553, 1
1159, 1158, 1186, 1208, 1240, 1244, 1280, 1283, 1319, 1331, 1332, 1333, 1360, 1374, 1388, 1418, 1417, 1430, 1465, 1484, 1493, 1511, 1552, 2
1159, 1158, 1186, 1208, 1240, 1244, 1280, 1283, 1319, 1331, 1332, 1333, 1360, 1374, 1388, 1418, 1417, 1430, 1465, 1484, 1493, 1511, 1552, 2, 3
1159, 1158, 1186, 1208, 1240, 1244, 1280, 1283, 1319, 1331, 1332, 1333, 1360, 1374, 1388, 1418, 1417, 1430, 1465, 1484, 1493, 1511, 1552, 1551, 4
1159, 1158, 1186, 1208, 1240, 1244, 1280, 1283, 1319, 1331, 1332, 1333, 1360, 1374, 1388, 1418, 1417, 1430, 1465, 1484, 1493, 1494, 1495, 1510, 1509, 1508, 1549, 5
1159, 1158, 1186, 1208, 1240, 1244, 1280, 1283, 1319, 1331, 1332, 1333, 1334, 1335, 1336, 1337, 1343, 1371, 1384, 1414, 1427, 1447, 1481, 1497, 1531, 1547, 6
1159, 1160, 1188, 1210, 1223, 1246, 1278, 1286, 1302, 1325, 1353, 1352, 1351, 1364, 1398, 1399, 1409, 1442, 1450, 1477, 1500, 1499, 1527, 1545, 7
1159, 1160, 1188, 1210, 1223, 1246, 1278, 1286, 1302, 1325, 1353, 1352, 1351, 1364, 1398, 1399, 1409, 1442, 1450, 1477, 1500, 1526, 1544, 8
1159, 1160, 1188, 1210, 1223, 1246, 1278, 1286, 1302, 1327, 1354, 1380, 1394, 1404, 1437, 1458, 1472, 1506, 1521, 1540, 13, 12, 11, 10, 9
1159, 1160, 1188, 1210, 1223, 1246, 1278, 1286, 1302, 1327, 1354, 1380, 1394, 1404, 1437, 1458, 1472, 1506, 1521, 1540, 13, 12, 11, 10
1159, 1160, 1188, 1210, 1223, 1246, 1278, 1286, 1302, 1327, 1354, 1380, 1394, 1404, 1437, 1458, 1472, 1506, 1521, 1540, 13, 12, 11
1159, 1160, 1188, 1210, 1223, 1246, 1278, 1286, 1302, 1327, 1354, 1380, 1394, 1404, 1437, 1458, 1472, 1506, 1521, 1540, 13, 12
1159, 1160, 1188, 1210, 1223, 1246, 1278, 1286, 1302, 1327, 1354, 1380, 1394, 1404, 1437, 1458, 1472, 1506, 1521, 1540, 13
1159, 1160, 1188, 1210, 1223, 1246, 1278, 1286, 1302, 1327, 1354, 1380, 1394, 1404, 1437, 1458, 1472, 1506, 1521, 1540, 14
1159, 1158, 1186, 1208, 1240, 1244, 1280, 1283, 1320, 1330, 1356, 1379, 1393, 1424, 1435, 1459, 1471, 1507, 1518, 1538, 15
1159, 1158, 1186, 1208, 1240, 1244, 1280, 1283, 1320, 1330, 1357, 1378, 1391, 1422, 1434, 1461, 1469, 1487, 1517, 1537, 16
1159, 1158, 1186, 1208, 1240, 1244, 1280, 1283, 1320, 1330, 1357, 1378, 1391, 1422, 1434, 1461, 1468, 1489, 1516, 1536, 17
1159, 1158, 1186, 1208, 1240, 1244, 1280, 1283, 1320, 1330, 1357, 1378, 1391, 1422, 1434, 1461, 1468, 1467, 1490, 1515, 1535, 18
1159, 1158, 1186, 1208, 1240, 1244, 1280, 1283, 1320, 1330, 1357, 1378, 1391, 1422, 1434, 1461, 1468, 1467, 1490, 1515, 1534, 19
1159, 1158, 1186, 1208, 1240, 1244, 1280, 1283, 1319, 1331, 1332, 1358, 1376, 1390, 1419, 1432, 1463, 1466, 1491, 1513, 1533, 1532, 20
1159, 1158, 1186, 1208, 1240, 1244, 1280, 1283, 1320, 1330, 1357, 1378, 1391, 1422, 1434, 1461, 1468, 1467, 1490, 1515, 1535, 18, 21
1159, 1158, 1186, 1208, 1240, 1244, 1280, 1283, 1320, 1330, 1357, 1378, 1391, 1422, 1434, 1461, 1468, 1467, 1490, 1515, 1534, 19, 22
1159, 1158, 1186, 1208, 1240, 1244, 1280, 1283, 1319, 1331, 1332, 1358, 1376, 1390, 1419, 1432, 1463, 1466, 1491, 1513, 1533, 1532, 20, 23
1159, 1158, 1186, 1208, 1240, 1244, 1280, 1283, 1319, 1331, 1332, 1333, 1360, 1374, 1388, 1418, 1417, 1430, 1465, 1484, 1493, 1511, 1553, 1, 24
1159, 1158, 1186, 1208, 1240, 1244, 1280, 1283, 1319, 1331, 1332, 1333, 1360, 1374, 1388, 1418, 1417, 1430, 1465, 1484, 1493, 1511, 1552, 2, 3, 25
1159, 1158, 1186, 1208, 1240, 1244, 1280, 1283, 1319, 1331, 1332, 1333, 1360, 1374, 1388, 1418, 1417, 1430, 1465, 1484, 1493, 1511, 1552, 1551, 4, 26
1159, 1158, 1186, 1208, 1240, 1244, 1280, 1283, 1319, 1331, 1332, 1333, 1360, 1374, 1388, 1418, 1417, 1430, 1465, 1484, 1493, 1511, 1552, 1551, 4, 26, 27
1159, 1158, 1186, 1208, 1240, 1244, 1280, 1283, 1319, 1331, 1332, 1333, 1334, 1335, 1336, 1337, 1343, 1371, 1384, 1414, 1427, 1447, 1481, 1497, 1531, 1547, 6, 28
1159, 1160, 1188, 1210, 1223, 1246, 1278, 1286, 1302, 1325, 1353, 1352, 1351, 1364, 1398, 1399, 1409, 1442, 1450, 1477, 1500, 1499, 1527, 1545, 7, 29
1159, 1160, 1188, 1210, 1223, 1246, 1278, 1286, 1302, 1325, 1353, 1352, 1351, 1364, 1398, 1399, 1409, 1442, 1450, 1477, 1500, 1499, 1527, 1545, 7, 30
1159, 1160, 1188, 1210, 1223, 1246, 1278, 1286, 1302, 1325, 1353, 1352, 1351, 1364, 1398, 1399, 1409, 1442, 1450, 1477, 1500, 1526, 1544, 8, 31
1159, 1160, 1188, 1210, 1223, 1246, 1278, 1286, 1302, 1327, 1354, 1380, 1394, 1404, 1437, 1458, 1472, 1506, 1521, 1540, 13, 36, 35, 34, 33, 32
1159, 1160, 1188, 1210, 1223, 1246, 1278, 1286, 1302, 1327, 1354, 1380, 1394, 1404, 1437, 1458, 1472, 1506, 1521, 1540, 13, 36, 35, 34, 33
1159, 1160, 1188, 1210, 1223, 1246, 1278, 1286, 1302, 1327, 1354, 1380, 1394, 1404, 1437, 1458, 1472, 1506, 1521, 1540, 13, 36, 35, 34
1159, 1160, 1188, 1210, 1223, 1246, 1278, 1286, 1302, 1327, 1354, 1380, 1394, 1404, 1437, 1458, 1472, 1506, 1521, 1540, 13, 36, 35
1159, 1160, 1188, 1210, 1223, 1246, 1278, 1286, 1302, 1327, 1354, 1380, 1394, 1404, 1437, 1458, 1472, 1506, 1521, 1540, 13, 36
1159, 1160, 1188, 1210, 1223, 1246, 1278, 1286, 1302, 1327, 1354, 1380, 1394, 1404, 1437, 1458, 1472, 1506, 1521, 1540, 14, 37
1159, 1158, 1186, 1208, 1240, 1244, 1280, 1283, 1320, 1330, 1356, 1379, 1393, 1424, 1435, 1459, 1471, 1507, 1518, 1538, 15, 38
1159, 1158, 1186, 1208, 1240, 1244, 1280, 1283, 1320, 1330, 1357, 1378, 1391, 1422, 1434, 1461, 1469, 1487, 1517, 1537, 16, 39
1159, 1158, 1186, 1208, 1240, 1244, 1280, 1283, 1320, 1330, 1357, 1378, 1391, 1422, 1434, 1461, 1468, 1489, 1516, 1536, 17, 40
1159, 1158, 1186, 1208, 1240, 1244, 1280, 1283, 1320, 1330, 1357, 1378, 1391, 1422, 1434, 1461, 1468, 1489, 1516, 1536, 17, 41
1159, 1158, 1186, 1208, 1240, 1244, 1280, 1283, 1320, 1330, 1357, 1378, 1391, 1422, 1434, 1461, 1468, 1489, 1516, 1536, 17, 40, 42
1159, 1158, 1186, 1208, 1240, 1244, 1280, 1283, 1320, 1330, 1357, 1378, 1391, 1422, 1434, 1461, 1468, 1489, 1516, 1536, 17, 41, 43
1159, 1158, 1186, 1208, 1240, 1244, 1280, 1283, 1320, 1330, 1357, 1378, 1391, 1422, 1434, 1461, 1468, 1467, 1490, 1515, 1535, 18, 21, 44
1159, 1158, 1186, 1208, 1240, 1244, 1280, 1283, 1320, 1330, 1357, 1378, 1391, 1422, 1434, 1461, 1468, 1467, 1490, 1515, 1535, 18, 21, 45
1159, 1158, 1186, 1208, 1240, 1244, 1280, 1283, 1320, 1330, 1357, 1378, 1391, 1422, 1434, 1461, 1468, 1467, 1490, 1515, 1534, 19, 22, 46
1159, 1158, 1186, 1208, 1240, 1244, 1280, 1283, 1319, 1331, 1332, 1358, 1376, 1390, 1419, 1432, 1463, 1466, 1491, 1513, 1533, 1532, 20, 23, 47
1159, 1158, 1186, 1208, 1240, 1244, 1280, 1283, 1319, 1331, 1332, 1358, 1376, 1390, 1419, 1432, 1463, 1466, 1491, 1513, 1533, 1532, 20, 23, 47, 48
1159, 1158, 1186, 1208, 1240, 1244, 1280, 1283, 1319, 1331, 1332, 1333, 1360, 1374, 1388, 1418, 1417, 1430, 1465, 1484, 1493, 1511, 1552, 2, 3, 25, 49
1159, 1158, 1186, 1208, 1240, 1244, 1280, 1283, 1319, 1331, 1332, 1333, 1360, 1374, 1388, 1418, 1417, 1430, 1465, 1484, 1493, 1511, 1552, 2, 3, 25, 49, 50
1159, 1158, 1186, 1208, 1240, 1244, 1280, 1283, 1319, 1331, 1332, 1333, 1360, 1374, 1388, 1418, 1417, 1430, 1465, 1484, 1493, 1511, 1552, 2, 3, 25, 49, 50, 51
1159, 1158, 1186, 1208, 1240, 1244, 1280, 1283, 1319, 1331, 1332, 1333, 1360, 1374, 1388, 1418, 1417, 1430, 1465, 1484, 1493, 1511, 1552, 2, 3, 25, 49, 50, 51, 52
1159, 1158, 1186, 1208, 1240, 1244, 1280, 1283, 1319, 1331, 1332, 1333, 1334, 1335, 1336, 1337, 1343, 1371, 1384, 1414, 1427, 1447, 1481, 1497, 1531, 1547, 6, 28, 53
1159, 1160, 1188, 1210, 1223, 1246, 1278, 1286, 1302, 1325, 1353, 1352, 1351, 1364, 1398, 1399, 1409, 1442, 1450, 1477, 1500, 1499, 1527, 1545, 7, 30, 54
1159, 1160, 1188, 1210, 1223, 1246, 1278, 1286, 1302, 1325, 1353, 1352, 1351, 1364, 1398, 1399, 1409, 1442, 1450, 1477, 1500, 1526, 1544, 8, 31, 55
1159, 1160, 1188, 1210, 1223, 1246, 1278, 1286, 1302, 1327, 1354, 1380, 1394, 1404, 1437, 1458, 1472, 1506, 1521, 1540, 13, 36, 35, 34, 33, 57, 56
1159, 1160, 1188, 1210, 1223, 1246, 1278, 1286, 1302, 1327, 1354, 1380, 1394, 1404, 1437, 1458, 1472, 1506, 1521, 1540, 13, 36, 35, 34, 33, 57
1159, 1160, 1188, 1210, 1223, 1246, 1278, 1286, 1302, 1327, 1354, 1380, 1394, 1404, 1437, 1458, 1472, 1506, 1521, 1540, 13, 36, 35, 58
1159, 1160, 1188, 1210, 1223, 1246, 1278, 1286, 1302, 1327, 1354, 1380, 1394, 1404, 1437, 1458, 1472, 1506, 1521, 1540, 14, 37, 59
1159, 1160, 1188, 1210, 1223, 1246, 1278, 1286, 1302, 1327, 1354, 1380, 1394, 1404, 1437, 1458, 1472, 1506, 1521, 1540, 14, 37, 60
1159, 1160, 1188, 1210, 1223, 1246, 1278, 1286, 1302, 1327, 1354, 1380, 1394, 1404, 1437, 1458, 1472, 1506, 1521, 1540, 14, 37, 61
1159, 1158, 1186, 1208, 1240, 1244, 1280, 1283, 1320, 1330, 1356, 1379, 1393, 1424, 1435, 1459, 1471, 1507, 1518, 1538, 15, 38, 62
1159, 1158, 1186, 1208, 1240, 1244, 1280, 1283, 1320, 1330, 1357, 1378, 1391, 1422, 1434, 1461, 1468, 1489, 1516, 1536, 17, 41, 43, 63
1159, 1158, 1186, 1208, 1240, 1244, 1280, 1283, 1320, 1330, 1357, 1378, 1391, 1422, 1434, 1461, 1468, 1489, 1516, 1536, 17, 41, 43, 64
1159, 1158, 1186, 1208, 1240, 1244, 1280, 1283, 1320, 1330, 1357, 1378, 1391, 1422, 1434, 1461, 1468, 1489, 1516, 1536, 17, 40, 42, 65
1159, 1158, 1186, 1208, 1240, 1244, 1280, 1283, 1320, 1330, 1356, 1379, 1393, 1424, 1435, 1459, 1471, 1507, 1518, 1538, 15, 38, 62, 66
1159, 1160, 1188, 1210, 1223, 1246, 1278, 1286, 1302, 1327, 1354, 1380, 1394, 1404, 1437, 1458, 1472, 1506, 1521, 1540, 14, 37, 60, 68, 67
1159, 1160, 1188, 1210, 1223, 1246, 1278, 1286, 1302, 1327, 1354, 1380, 1394, 1404, 1437, 1458, 1472, 1506, 1521, 1540, 14, 37, 60, 68
1159, 1160, 1188, 1210, 1223, 1246, 1278, 1286, 1302, 1327, 1354, 1380, 1394, 1404, 1437, 1458, 1472, 1506, 1521, 1540, 14, 37, 59, 69
1159, 1160, 1188, 1210, 1223, 1246, 1278, 1286, 1302, 1327, 1354, 1380, 1394, 1404, 1437, 1458, 1472, 1506, 1521, 1540, 13, 36, 35, 58, 70
1159, 1160, 1188, 1210, 1223, 1246, 1278, 1286, 1302, 1327, 1354, 1380, 1394, 1404, 1437, 1458, 1472, 1506, 1521, 1540, 13, 36, 35, 34, 33, 57, 71
1159, 1160, 1188, 1210, 1223, 1246, 1278, 1286, 1302, 1327, 1354, 1380, 1394, 1404, 1437, 1458, 1472, 1506, 1521, 1540, 13, 36, 35, 34, 33, 57, 72
1159, 1160, 1188, 1210, 1223, 1246, 1278, 1286, 1302, 1327, 1354, 1380, 1394, 1404, 1437, 1458, 1472, 1506, 1521, 1540, 13, 36, 35, 34, 33, 57, 72, 73
1159, 1160, 1188, 1210, 1223, 1246, 1278, 1286, 1302, 1327, 1354, 1380, 1394, 1404, 1437, 1458, 1472, 1506, 1521, 1540, 13, 36, 35, 34, 33, 57, 72, 73, 74
1159, 1160, 1188, 1210, 1223, 1246, 1278, 1286, 1302, 1325, 1353, 1352, 1351, 1364, 1398, 1399, 1409, 1442, 1450, 1477, 1500, 1526, 1544, 8, 31, 55, 75
1159, 1158, 1186, 1208, 1240, 1244, 1280, 1283, 1319, 1331, 1332, 1333, 1334, 1335, 1336, 1337, 1343, 1371, 1384, 1414, 1427, 1447, 1481, 1497, 1531, 1547, 6, 28, 53, 76
1159, 1158, 1186, 1208, 1240, 1244, 1280, 1283, 1319, 1331, 1332, 1333, 1360, 1374, 1388, 1418, 1417, 1430, 1465, 1484, 1493, 1511, 1552, 2, 3, 25, 49, 50, 79, 78, 77
1159, 1158, 1186, 1208, 1240, 1244, 1280, 1283, 1319, 1331, 1332, 1333, 1360, 1374, 1388, 1418, 1417, 1430, 1465, 1484, 1493, 1511, 1552, 2, 3, 25, 49, 50, 79, 78
1159, 1158, 1186, 1208, 1240, 1244, 1280, 1283, 1319, 1331, 1332, 1333, 1360, 1374, 1388, 1418, 1417, 1430, 1465, 1484, 1493, 1511, 1552, 2, 3, 25, 49, 50, 79
1159, 1158, 1186, 1208, 1240, 1244, 1280, 1283, 1319, 1331, 1332, 1333, 1360, 1374, 1388, 1418, 1417, 1430, 1465, 1484, 1493, 1511, 1552, 2, 3, 25, 49, 80
1159, 1158, 1186, 1208, 1240, 1244, 1280, 1283, 1319, 1331, 1332, 1333, 1360, 1374, 1388, 1418, 1417, 1430, 1465, 1484, 1493, 1511, 1552, 2, 3, 25, 49, 81
1159, 1158, 1186, 1208, 1240, 1244, 1280, 1283, 1319, 1331, 1332, 1358, 1376, 1390, 1419, 1432, 1463, 1466, 1491, 1513, 1533, 1532, 20, 23, 47, 84, 83, 82
1159, 1158, 1186, 1208, 1240, 1244, 1280, 1283, 1319, 1331, 1332, 1358, 1376, 1390, 1419, 1432, 1463, 1466, 1491, 1513, 1533, 1532, 20, 23, 47, 84, 83
1159, 1158, 1186, 1208, 1240, 1244, 1280, 1283, 1319, 1331, 1332, 1358, 1376, 1390, 1419, 1432, 1463, 1466, 1491, 1513, 1533, 1532, 20, 23, 47, 84
1159, 1158, 1186, 1208, 1240, 1244, 1280, 1283, 1319, 1331, 1332, 1358, 1376, 1390, 1419, 1432, 1463, 1466, 1491, 1513, 1533, 1532, 20, 23, 47, 85
1159, 1158, 1186, 1208, 1240, 1244, 1280, 1283, 1319, 1331, 1332, 1358, 1376, 1390, 1419, 1432, 1463, 1466, 1491, 1513, 1533, 1532, 20, 23, 47, 86
1159, 1158, 1186, 1208, 1240, 1244, 1280, 1283, 1320, 1330, 1357, 1378, 1391, 1422, 1434, 1461, 1468, 1467, 1490, 1515, 1534, 19, 22, 46, 87
1159, 1158, 1186, 1208, 1240, 1244, 1280, 1283, 1320, 1330, 1356, 1379, 1393, 1424, 1435, 1459, 1471, 1507, 1518, 1538, 15, 38, 62, 66, 88
1159, 1160, 1188, 1210, 1223, 1246, 1278, 1286, 1302, 1327, 1354, 1380, 1394, 1404, 1437, 1458, 1472, 1506, 1521, 1540, 14, 37, 60, 68, 67, 89
1159, 1160, 1188, 1210, 1223, 1246, 1278, 1286, 1302, 1327, 1354, 1380, 1394, 1404, 1437, 1458, 1472, 1506, 1521, 1540, 14, 37, 60, 68, 90
1159, 1160, 1188, 1210, 1223, 1246, 1278, 1286, 1302, 1327, 1354, 1380, 1394, 1404, 1437, 1458, 1472, 1506, 1521, 1540, 14, 37, 60, 68, 91
1159, 1160, 1188, 1210, 1223, 1246, 1278, 1286, 1302, 1327, 1354, 1380, 1394, 1404, 1437, 1458, 1472, 1506, 1521, 1540, 13, 36, 35, 58, 70, 92
1159, 1160, 1188, 1210, 1223, 1246, 1278, 1286, 1302, 1327, 1354, 1380, 1394, 1404, 1437, 1458, 1472, 1506, 1521, 1540, 13, 36, 35, 58, 70, 92, 93
1159, 1160, 1188, 1210, 1223, 1246, 1278, 1286, 1302, 1327, 1354, 1380, 1394, 1404, 1437, 1458, 1472, 1506, 1521, 1540, 13, 36, 35, 34, 33, 57, 72, 94
1159, 1160, 1188, 1210, 1223, 1246, 1278, 1286, 1302, 1327, 1354, 1380, 1394, 1404, 1437, 1458, 1472, 1506, 1521, 1540, 13, 36, 35, 34, 33, 57, 72, 94, 95
1159, 1160, 1188, 1210, 1223, 1246, 1278, 1286, 1302, 1327, 1354, 1380, 1394, 1404, 1437, 1458, 1472, 1506, 1521, 1540, 13, 36, 35, 34, 33, 57, 72, 94, 95, 96
1159, 1160, 1188, 1210, 1223, 1246, 1278, 1286, 1302, 1327, 1354, 1380, 1394, 1404, 1437, 1458, 1472, 1506, 1521, 1540, 13, 36, 35, 34, 33, 57, 72, 94, 95, 96, 97
1159, 1158, 1186, 1208, 1240, 1244, 1280, 1283, 1319, 1331, 1332, 1333, 1334, 1335, 1336, 1337, 1343, 1371, 1384, 1414, 1427, 1447, 1481, 1497, 1531, 1547, 6, 28, 53, 76, 98
1159, 1158, 1186, 1208, 1240, 1244, 1280, 1283, 1319, 1331, 1332, 1333, 1360, 1374, 1388, 1418, 1417, 1430, 1465, 1484, 1493, 1511, 1552, 2, 3, 25, 49, 50, 79, 78, 101, 100, 99
