279, 239, 219, 209, 192, 159, 143, 113, 104, 84, 47, 23, 0
279, 239, 219, 209, 192, 159, 143, 113, 104, 84, 48, 24, 1
279, 239, 219, 209, 192, 159, 143, 113, 104, 84, 48, 24, 2
279, 239, 219, 209, 192, 159, 143, 113, 104, 84, 48, 24, 2, 3
279, 239, 219, 209, 192, 159, 158, 146, 111, 103, 81, 49, 26, 4
279, 239, 219, 209, 192, 159, 158, 146, 111, 103, 81, 49, 26, 27, 5
279, 239, 219, 209, 192, 159, 158, 146, 111, 103, 81, 49, 26, 27, 5, 6
279, 239, 219, 218, 210, 211, 194, 157, 148, 149, 131, 99, 77, 76, 53, 28, 29, 7
279, 239, 219, 218, 210, 211, 194, 157, 148, 149, 131, 99, 77, 76, 53, 28, 29, 30, 31, 8
279, 239, 219, 218, 210, 211, 194, 157, 148, 149, 131, 99, 77, 76, 53, 28, 29, 30, 31, 8, 9
279, 239, 219, 218, 210, 211, 194, 157, 148, 149, 131, 99, 77, 76, 53, 28, 29, 30, 31, 8, 9, 10
279, 280, 260, 259, 258, 224, 225, 204, 186, 164, 138, 137, 121, 89, 67, 68, 60, 37, 14, 13, 12, 11
279, 280, 260, 259, 258, 224, 225, 204, 186, 164, 138, 137, 121, 89, 67, 68, 60, 37, 14, 13, 12
279, 280, 260, 259, 258, 224, 225, 204, 186, 164, 138, 137, 121, 89, 67, 68, 60, 37, 14, 13
279, 280, 260, 259, 258, 224, 225, 204, 186, 164, 138, 137, 121, 89, 67, 68, 60, 37, 14
279, 239, 219, 209, 192, 160, 142, 115, 116, 108, 64, 43, 41, 17, 16, 15
279, 239, 219, 209, 192, 160, 142, 115, 116, 108, 64, 43, 41, 17, 16
279, 239, 219, 209, 192, 160, 142, 115, 116, 108, 64, 43, 41, 17
279, 239, 219, 209, 192, 159, 143, 114, 106, 107, 87, 45, 21, 18
279, 239, 219, 209, 192, 159, 143, 114, 106, 107, 87, 46, 22, 19
279, 239, 219, 209, 192, 159, 143, 113, 104, 84, 47, 23, 20
279, 239, 219, 209, 192, 159, 143, 114, 106, 107, 87, 45, 21
279, 239, 219, 209, 192, 159, 143, 114, 106, 107, 87, 46, 22
279, 239, 219, 209, 192, 159, 143, 113, 104, 84, 47, 23
279, 239, 219, 209, 192, 159, 143, 113, 104, 84, 48, 24
279, 239, 219, 209, 192, 159, 158, 146, 111, 103, 81, 49, 25
279, 239, 219, 209, 192, 159, 158, 146, 111, 103, 81, 49, 26
279, 239, 219, 209, 192, 159, 158, 146, 111, 103, 81, 49, 26, 27
279, 239, 219, 218, 210, 211, 194, 157, 148, 149, 131, 99, 77, 76, 53, 28
279, 239, 219, 218, 210, 211, 194, 157, 148, 149, 131, 99, 77, 76, 53, 28, 29
279, 239, 219, 218, 210, 211, 194, 157, 148, 149, 131, 99, 77, 76, 53, 28, 29, 30
279, 239, 219, 218, 210, 211, 194, 157, 148, 149, 131, 99, 77, 76, 53, 28, 29, 30, 31
279, 239, 219, 218, 210, 211, 194, 157, 148, 149, 131, 99, 77, 76, 53, 28, 29, 30, 31, 32
279, 280, 260, 259, 258, 224, 225, 226, 202, 184, 183, 182, 168, 134, 124, 93, 71, 57, 33
279, 280, 260, 259, 258, 224, 225, 204, 186, 164, 138, 137, 121, 89, 67, 68, 60, 59, 36, 35, 34
279, 280, 260, 259, 258, 224, 225, 204, 186, 164, 138, 137, 121, 89, 67, 68, 60, 59, 36, 35
279, 280, 260, 259, 258, 224, 225, 204, 186, 164, 138, 137, 121, 89, 67, 68, 60, 59, 36
279, 280, 260, 259, 258, 224, 225, 204, 186, 164, 138, 137, 121, 89, 67, 68, 60, 37
279, 280, 260, 259, 258, 224, 225, 204, 186, 164, 138, 119, 88, 66, 62, 38
279, 239, 219, 209, 192, 160, 142, 115, 116, 108, 64, 43, 42, 39
279, 239, 219, 209, 192, 160, 142, 115, 116, 108, 64, 43, 41, 40
279, 239, 219, 209, 192, 160, 142, 115, 116, 108, 64, 43, 41
279, 239, 219, 209, 192, 160, 142, 115, 116, 108, 64, 43, 42
279, 239, 219, 209, 192, 160, 142, 115, 116, 108, 64, 43
279, 239, 219, 209, 192, 159, 143, 114, 106, 107, 87, 44
279, 239, 219, 209, 192, 159, 143, 114, 106, 107, 87, 45
279, 239, 219, 209, 192, 159, 143, 114, 106, 107, 87, 46
279, 239, 219, 209, 192, 159, 143, 113, 104, 84, 47
279, 239, 219, 209, 192, 159, 143, 113, 104, 84, 48
279, 239, 219, 209, 192, 159, 158, 146, 111, 103, 81, 49
279, 239, 219, 209, 192, 159, 158, 146, 111, 103, 81, 49, 50
279, 239, 219, 209, 192, 159, 158, 146, 111, 103, 81, 49, 50, 51
279, 239, 219, 209, 192, 159, 158, 146, 111, 103, 81, 49, 50, 51, 52
279, 239, 219, 218, 210, 211, 194, 157, 148, 149, 131, 99, 77, 76, 53
279, 239, 219, 218, 210, 211, 194, 157, 148, 149, 131, 99, 77, 76, 53, 54
279, 239, 219, 218, 210, 211, 194, 157, 148, 149, 131, 99, 77, 76, 75, 55
279, 239, 219, 218, 210, 211, 194, 157, 148, 149, 131, 99, 77, 76, 75, 55, 56
279, 280, 260, 259, 258, 224, 225, 226, 202, 184, 183, 182, 168, 134, 124, 93, 71, 57
279, 280, 260, 259, 258, 224, 225, 204, 186, 164, 138, 137, 121, 89, 67, 68, 60, 59, 58
279, 280, 260, 259, 258, 224, 225, 204, 186, 164, 138, 137, 121, 89, 67, 68, 60, 59
279, 280, 260, 259, 258, 224, 225, 204, 186, 164, 138, 137, 121, 89, 67, 68, 60
279, 280, 260, 259, 258, 224, 225, 204, 186, 164, 138, 137, 121, 89, 67, 61
279, 280, 260, 259, 258, 224, 225, 204, 186, 164, 138, 119, 88, 66, 62
279, 239, 219, 209, 192, 160, 142, 115, 116, 108, 64, 63
279, 239, 219, 209, 192, 160, 142, 115, 116, 108, 64
279, 239, 219, 209, 192, 160, 142, 115, 116, 108, 109, 65
279, 280, 260, 259, 258, 224, 225, 204, 186, 164, 138, 119, 88, 66
279, 280, 260, 259, 258, 224, 225, 204, 186, 164, 138, 137, 121, 89, 67
279, 280, 260, 259, 258, 224, 225, 204, 186, 164, 138, 137, 121, 89, 67, 68
279, 280, 260, 259, 258, 224, 225, 204, 186, 164, 138, 137, 121, 122, 90, 91, 69
279, 280, 260, 259, 258, 224, 225, 204, 186, 164, 138, 137, 121, 122, 90, 91, 69, 70
279, 280, 260, 259, 258, 224, 225, 226, 202, 184, 183, 182, 168, 134, 124, 93, 71
279, 239, 219, 218, 210, 211, 212, 213, 214, 175, 173, 172, 153, 126, 125, 94, 72
279, 239, 219, 218, 210, 211, 194, 157, 148, 149, 150, 130, 98, 97, 74, 73
279, 239, 219, 218, 210, 211, 194, 157, 148, 149, 150, 130, 98, 97, 74
279, 239, 219, 218, 210, 211, 194, 157, 148, 149, 131, 99, 77, 76, 75
279, 239, 219, 218, 210, 211, 194, 157, 148, 149, 131, 99, 77, 76
279, 239, 219, 218, 210, 211, 194, 157, 148, 149, 131, 99, 77
279, 239, 219, 209, 192, 159, 158, 146, 111, 103, 102, 79, 78
279, 239, 219, 209, 192, 159, 158, 146, 111, 103, 102, 79
279, 239, 219, 209, 192, 159, 158, 146, 111, 103, 102, 80
279, 239, 219, 209, 192, 159, 158, 146, 111, 103, 81
279, 239, 219, 209, 192, 159, 143, 113, 104, 83, 82
279, 239, 219, 209, 192, 159, 143, 113, 104, 83
279, 239, 219, 209, 192, 159, 143, 113, 104, 84
279, 239, 219, 209, 192, 159, 143, 114, 105, 85
279, 239, 219, 209, 192, 159, 143, 114, 105, 86
279, 239, 219, 209, 192, 159, 143, 114, 106, 107, 87
279, 280, 260, 259, 258, 224, 225, 204, 186, 164, 138, 119, 88
279, 280, 260, 259, 258, 224, 225, 204, 186, 164, 138, 137, 121, 89
279, 280, 260, 259, 258, 224, 225, 204, 186, 164, 138, 137, 121, 122, 90
279, 280, 260, 259, 258, 224, 225, 204, 186, 164, 138, 137, 121, 122, 90, 91
279, 280, 260, 259, 258, 224, 225, 204, 186, 164, 138, 137, 121, 122, 90, 91, 92
279, 280, 260, 259, 258, 224, 225, 226, 202, 184, 183, 182, 168, 134, 124, 93
279, 239, 219, 218, 210, 211, 212, 213, 214, 175, 173, 172, 153, 126, 125, 94
279, 239, 219, 218, 210, 211, 212, 213, 214, 175, 173, 172, 153, 126, 96, 95
279, 239, 219, 218, 210, 211, 212, 213, 214, 175, 173, 172, 153, 126, 96
279, 239, 219, 218, 210, 211, 194, 157, 148, 149, 150, 130, 98, 97
279, 239, 219, 218, 210, 211, 194, 157, 148, 149, 150, 130, 98
279, 239, 219, 218, 210, 211, 194, 157, 148, 149, 131, 99
