533, 517, 484, 483, 480, 439, 438, 421, 402, 380, 350, 335, 320, 297, 296, 273, 244, 236, 213, 212, 195, 156, 148, 110, 102, 81, 49, 25, 3, 2, 1, 0
533, 517, 484, 483, 480, 439, 438, 421, 402, 380, 350, 335, 320, 297, 296, 273, 244, 236, 213, 212, 195, 156, 148, 110, 102, 81, 49, 25, 3, 2, 1
533, 517, 484, 483, 480, 439, 438, 421, 402, 380, 350, 335, 320, 297, 296, 273, 244, 236, 213, 212, 195, 156, 148, 110, 102, 81, 49, 25, 3, 2
533, 517, 484, 483, 480, 439, 438, 421, 402, 380, 350, 335, 320, 297, 296, 273, 244, 236, 213, 212, 195, 156, 148, 110, 102, 81, 49, 25, 3
533, 517, 484, 483, 480, 439, 438, 421, 402, 380, 350, 335, 320, 297, 296, 273, 244, 236, 213, 212, 195, 156, 148, 110, 102, 80, 50, 26, 4
533, 517, 484, 479, 440, 425, 399, 378, 352, 337, 322, 300, 270, 249, 232, 197, 178, 171, 153, 127, 128, 98, 76, 77, 52, 27, 5
533, 517, 484, 479, 440, 425, 399, 378, 352, 337, 322, 300, 270, 249, 232, 197, 178, 171, 153, 127, 128, 98, 76, 53, 28, 6
533, 517, 484, 479, 440, 425, 399, 378, 352, 337, 322, 300, 270, 249, 232, 197, 178, 171, 153, 127, 97, 75, 54, 30, 7
533, 517, 484, 479, 440, 425, 399, 378, 352, 337, 323, 302, 269, 250, 231, 198, 180, 170, 133, 125, 95, 73, 56, 32, 9, 8
533, 517, 484, 479, 440, 425, 399, 378, 352, 337, 323, 302, 269, 250, 231, 198, 180, 170, 133, 125, 95, 73, 56, 32, 9
533, 517, 484, 479, 440, 425, 399, 378, 352, 337, 323, 302, 269, 250, 231, 198, 180, 170, 133, 125, 94, 72, 57, 33, 10
533, 517, 484, 479, 440, 425, 399, 378, 352, 337, 323, 302, 269, 250, 231, 198, 180, 170, 133, 125, 94, 72, 57, 33, 34, 11
533, 517, 484, 479, 440, 425, 399, 378, 352, 337, 323, 302, 269, 250, 231, 198, 180, 170, 133, 125, 94, 72, 57, 33, 34, 12
533, 517, 484, 479, 440, 425, 399, 377, 354, 339, 325, 303, 267, 252, 228, 200, 183, 167, 135, 123, 91, 68, 60, 37, 14, 13
533, 517, 484, 479, 440, 425, 399, 377, 354, 339, 325, 303, 267, 252, 228, 200, 183, 167, 135, 123, 91, 68, 60, 37, 14
533, 517, 484, 479, 440, 425, 399, 377, 354, 339, 325, 303, 267, 252, 228, 200, 183, 167, 135, 123, 91, 68, 60, 37, 38, 15
533, 517, 484, 479, 440, 425, 399, 377, 354, 339, 325, 303, 267, 252, 228, 200, 183, 167, 135, 123, 91, 68, 60, 37, 38, 15, 16
533, 517, 484, 479, 440, 425, 399, 377, 354, 339, 325, 303, 267, 252, 228, 200, 183, 167, 135, 123, 91, 68, 61, 62, 42, 40, 17
533, 517, 484, 479, 440, 425, 399, 377, 354, 339, 325, 303, 267, 252, 228, 200, 183, 167, 135, 123, 91, 68, 61, 62, 42, 40, 17, 18
533, 517, 484, 479, 440, 425, 399, 377, 354, 339, 325, 303, 267, 252, 228, 200, 183, 167, 135, 123, 91, 68, 61, 62, 42, 40, 17, 18, 19
533, 517, 484, 483, 480, 439, 438, 421, 402, 380, 350, 335, 320, 297, 296, 273, 244, 236, 213, 212, 195, 156, 148, 110, 102, 103, 82, 83, 84, 47, 23, 20
533, 517, 484, 479, 440, 425, 399, 377, 354, 339, 325, 303, 267, 252, 228, 200, 183, 167, 135, 123, 91, 68, 61, 62, 42, 40, 41, 21
533, 517, 484, 479, 440, 425, 399, 377, 354, 339, 325, 303, 267, 252, 228, 200, 183, 167, 135, 123, 91, 68, 61, 62, 42, 40, 41, 21, 22
533, 517, 484, 483, 480, 439, 438, 421, 402, 380, 350, 335, 320, 297, 296, 273, 244, 236, 213, 212, 195, 156, 148, 110, 102, 103, 82, 83, 84, 47, 23
533, 517, 484, 483, 480, 439, 438, 421, 402, 380, 350, 335, 320, 297, 296, 273, 244, 236, 213, 212, 195, 156, 148, 110, 102, 81, 49, 25, 24
533, 517, 484, 483, 480, 439, 438, 421, 402, 380, 350, 335, 320, 297, 296, 273, 244, 236, 213, 212, 195, 156, 148, 110, 102, 81, 49, 25
533, 517, 484, 483, 480, 439, 438, 421, 402, 380, 350, 335, 320, 297, 296, 273, 244, 236, 213, 212, 195, 156, 148, 110, 102, 80, 50, 26
533, 517, 484, 479, 440, 425, 399, 378, 352, 337, 322, 300, 270, 249, 232, 197, 178, 171, 153, 127, 128, 98, 76, 77, 52, 27
533, 517, 484, 479, 440, 425, 399, 378, 352, 337, 322, 300, 270, 249, 232, 197, 178, 171, 153, 127, 128, 98, 76, 53, 28
533, 517, 484, 479, 440, 425, 399, 378, 352, 337, 322, 300, 270, 249, 232, 197, 178, 171, 153, 127, 97, 75, 54, 29
533, 517, 484, 479, 440, 425, 399, 378, 352, 337, 322, 300, 270, 249, 232, 197, 178, 171, 153, 127, 97, 75, 54, 30
533, 517, 484, 479, 440, 425, 399, 378, 352, 337, 322, 300, 270, 249, 232, 197, 178, 171, 153, 127, 97, 74, 55, 31
533, 517, 484, 479, 440, 425, 399, 378, 352, 337, 323, 302, 269, 250, 231, 198, 180, 170, 133, 125, 95, 73, 56, 32
533, 517, 484, 479, 440, 425, 399, 378, 352, 337, 323, 302, 269, 250, 231, 198, 180, 170, 133, 125, 94, 72, 57, 33
533, 517, 484, 479, 440, 425, 399, 378, 352, 337, 323, 302, 269, 250, 231, 198, 180, 170, 133, 125, 94, 72, 57, 33, 34
533, 517, 484, 479, 440, 425, 399, 377, 354, 339, 325, 303, 268, 251, 230, 199, 182, 168, 134, 124, 92, 70, 58, 35
533, 517, 484, 479, 440, 425, 399, 377, 354, 339, 325, 303, 267, 252, 228, 200, 183, 167, 135, 123, 91, 69, 59, 36
533, 517, 484, 479, 440, 425, 399, 377, 354, 339, 325, 303, 267, 252, 228, 200, 183, 167, 135, 123, 91, 68, 60, 37
533, 517, 484, 479, 440, 425, 399, 377, 354, 339, 325, 303, 267, 252, 228, 200, 183, 167, 135, 123, 91, 68, 60, 37, 38
533, 517, 484, 479, 440, 425, 399, 377, 354, 339, 325, 303, 267, 252, 228, 200, 183, 167, 135, 123, 91, 68, 60, 37, 38, 39
533, 517, 484, 479, 440, 425, 399, 377, 354, 339, 325, 303, 267, 252, 228, 200, 183, 167, 135, 123, 91, 68, 61, 62, 42, 40
533, 517, 484, 479, 440, 425, 399, 377, 354, 339, 325, 303, 267, 252, 228, 200, 183, 167, 135, 123, 91, 68, 61, 62, 42, 40, 41
533, 517, 484, 479, 440, 425, 399, 377, 354, 339, 325, 303, 267, 252, 228, 200, 183, 167, 135, 123, 91, 68, 61, 62, 42
533, 517, 484, 479, 440, 425, 399, 377, 354, 339, 325, 303, 267, 252, 228, 200, 183, 167, 166, 136, 122, 89, 88, 109, 63, 43
533, 517, 484, 479, 440, 425, 399, 377, 354, 339, 325, 303, 267, 252, 228, 200, 183, 167, 166, 136, 122, 89, 88, 109, 63, 43, 44
533, 517, 484, 479, 440, 425, 399, 377, 354, 339, 325, 303, 267, 252, 228, 200, 183, 167, 166, 136, 122, 89, 88, 109, 63, 43, 44, 45
533, 517, 484, 479, 440, 425, 399, 377, 354, 339, 325, 281, 282, 264, 263, 255, 225, 205, 187, 162, 161, 141, 116, 107, 87, 46
533, 517, 484, 483, 480, 439, 438, 421, 402, 380, 350, 335, 320, 297, 296, 273, 244, 236, 213, 212, 195, 156, 148, 110, 102, 103, 82, 83, 84, 47
533, 517, 484, 483, 480, 439, 438, 421, 402, 380, 350, 335, 320, 297, 296, 273, 244, 236, 213, 212, 195, 156, 148, 110, 102, 103, 82, 83, 48
533, 517, 484, 483, 480, 439, 438, 421, 402, 380, 350, 335, 320, 297, 296, 273, 244, 236, 213, 212, 195, 156, 148, 110, 102, 81, 49
533, 517, 484, 483, 480, 439, 438, 421, 402, 380, 350, 335, 320, 297, 296, 273, 244, 236, 213, 212, 195, 156, 148, 110, 102, 80, 50
533, 517, 484, 479, 440, 425, 399, 378, 352, 337, 322, 300, 270, 249, 232, 197, 178, 171, 153, 127, 128, 98, 99, 100, 101, 78, 51
533, 517, 484, 479, 440, 425, 399, 378, 352, 337, 322, 300, 270, 249, 232, 197, 178, 171, 153, 127, 128, 98, 76, 77, 52
533, 517, 484, 479, 440, 425, 399, 378, 352, 337, 322, 300, 270, 249, 232, 197, 178, 171, 153, 127, 128, 98, 76, 53
533, 517, 484, 479, 440, 425, 399, 378, 352, 337, 322, 300, 270, 249, 232, 197, 178, 171, 153, 127, 97, 75, 54
533, 517, 484, 479, 440, 425, 399, 378, 352, 337, 322, 300, 270, 249, 232, 197, 178, 171, 153, 127, 97, 74, 55
533, 517, 484, 479, 440, 425, 399, 378, 352, 337, 323, 302, 269, 250, 231, 198, 180, 170, 133, 125, 95, 73, 56
533, 517, 484, 479, 440, 425, 399, 378, 352, 337, 323, 302, 269, 250, 231, 198, 180, 170, 133, 125, 94, 72, 57
533, 517, 484, 479, 440, 425, 399, 377, 354, 339, 325, 303, 268, 251, 230, 199, 182, 168, 134, 124, 92, 70, 58
533, 517, 484, 479, 440, 425, 399, 377, 354, 339, 325, 303, 267, 252, 228, 200, 183, 167, 135, 123, 91, 69, 59
533, 517, 484, 479, 440, 425, 399, 377, 354, 339, 325, 303, 267, 252, 228, 200, 183, 167, 135, 123, 91, 68, 60
533, 517, 484, 479, 440, 425, 399, 377, 354, 339, 325, 303, 267, 252, 228, 200, 183, 167, 135, 123, 91, 68, 61
533, 517, 484, 479, 440, 425, 399, 377, 354, 339, 325, 303, 267, 252, 228, 200, 183, 167, 135, 123, 91, 68, 61, 62
533, 517, 484, 479, 440, 425, 399, 377, 354, 339, 325, 303, 267, 252, 228, 200, 183, 167, 166, 136, 122, 89, 88, 109, 63
533, 517, 484, 479, 440, 425, 399, 377, 354, 339, 325, 303, 267, 252, 228, 200, 183, 167, 166, 136, 122, 89, 88, 109, 63, 64
533, 517, 484, 479, 440, 425, 399, 377, 354, 339, 325, 303, 267, 252, 228, 200, 183, 167, 166, 136, 122, 90, 67, 66, 65
533, 517, 484, 479, 440, 425, 399, 377, 354, 339, 325, 303, 267, 252, 228, 200, 183, 167, 166, 136, 122, 90, 67, 66
533, 517, 484, 479, 440, 425, 399, 377, 354, 339, 325, 303, 267, 252, 228, 200, 183, 167, 166, 136, 122, 90, 67
533, 517, 484, 479, 440, 425, 399, 377, 354, 339, 325, 303, 267, 252, 228, 200, 183, 167, 135, 123, 91, 68
533, 517, 484, 479, 440, 425, 399, 377, 354, 339, 325, 303, 267, 252, 228, 200, 183, 167, 135, 123, 91, 69
533, 517, 484, 479, 440, 425, 399, 377, 354, 339, 325, 303, 268, 251, 230, 199, 182, 168, 134, 124, 92, 70
533, 517, 484, 479, 440, 425, 399, 377, 354, 339, 325, 303, 268, 251, 230, 199, 182, 168, 134, 124, 93, 71
533, 517, 484, 479, 440, 425, 399, 378, 352, 337, 323, 302, 269, 250, 231, 198, 180, 170, 133, 125, 94, 72
533, 517, 484, 479, 440, 425, 399, 378, 352, 337, 323, 302, 269, 250, 231, 198, 180, 170, 133, 125, 95, 73
533, 517, 484, 479, 440, 425, 399, 378, 352, 337, 322, 300, 270, 249, 232, 197, 178, 171, 153, 127, 97, 74
533, 517, 484, 479, 440, 425, 399, 378, 352, 337, 322, 300, 270, 249, 232, 197, 178, 171, 153, 127, 97, 75
533, 517, 484, 479, 440, 425, 399, 378, 352, 337, 322, 300, 270, 249, 232, 197, 178, 171, 153, 127, 128, 98, 76
533, 517, 484, 479, 440, 425, 399, 378, 352, 337, 322, 300, 270, 249, 232, 197, 178, 171, 153, 127, 128, 98, 76, 77
533, 517, 484, 479, 440, 425, 399, 378, 352, 337, 322, 300, 270, 249, 232, 197, 178, 171, 153, 127, 128, 98, 99, 100, 101, 78
533, 517, 484, 479, 440, 425, 399, 378, 352, 337, 322, 300, 270, 249, 232, 197, 178, 171, 153, 127, 128, 98, 99, 100, 101, 78, 79
533, 517, 484, 483, 480, 439, 438, 421, 402, 380, 350, 335, 320, 297, 296, 273, 244, 236, 213, 212, 195, 156, 148, 110, 102, 80
533, 517, 484, 483, 480, 439, 438, 421, 402, 380, 350, 335, 320, 297, 296, 273, 244, 236, 213, 212, 195, 156, 148, 110, 102, 81
533, 517, 484, 483, 480, 439, 438, 421, 402, 380, 350, 335, 320, 297, 296, 273, 244, 236, 213, 212, 195, 156, 148, 110, 102, 103, 82
533, 517, 484, 483, 480, 439, 438, 421, 402, 380, 350, 335, 320, 297, 296, 273, 244, 236, 213, 212, 195, 156, 148, 110, 102, 103, 82, 83
533, 517, 484, 483, 480, 439, 438, 421, 402, 380, 350, 335, 320, 297, 296, 273, 244, 236, 213, 212, 195, 156, 148, 110, 102, 103, 82, 83, 84
533, 517, 484, 479, 440, 425, 399, 377, 354, 339, 325, 281, 282, 264, 263, 255, 225, 205, 187, 162, 161, 141, 116, 107, 106, 86, 85
533, 517, 484, 479, 440, 425, 399, 377, 354, 339, 325, 281, 282, 264, 263, 255, 225, 205, 187, 162, 161, 141, 116, 107, 106, 86
533, 517, 484, 479, 440, 425, 399, 377, 354, 339, 325, 281, 282, 264, 263, 255, 225, 205, 187, 162, 161, 141, 116, 107, 87
533, 517, 484, 479, 440, 425, 399, 377, 354, 339, 325, 303, 267, 252, 228, 200, 183, 167, 166, 136, 122, 89, 88
533, 517, 484, 479, 440, 425, 399, 377, 354, 339, 325, 303, 267, 252, 228, 200, 183, 167, 166, 136, 122, 89
533, 517, 484, 479, 440, 425, 399, 377, 354, 339, 325, 303, 267, 252, 228, 200, 183, 167, 166, 136, 122, 90
533, 517, 484, 479, 440, 425, 399, 377, 354, 339, 325, 303, 267, 252, 228, 200, 183, 167, 135, 123, 91
533, 517, 484, 479, 440, 425, 399, 377, 354, 339, 325, 303, 268, 251, 230, 199, 182, 168, 134, 124, 92
533, 517, 484, 479, 440, 425, 399, 377, 354, 339, 325, 303, 268, 251, 230, 199, 182, 168, 134, 124, 93
533, 517, 484, 479, 440, 425, 399, 378, 352, 337, 323, 302, 269, 250, 231, 198, 180, 170, 133, 125, 94
533, 517, 484, 479, 440, 425, 399, 378, 352, 337, 323, 302, 269, 250, 231, 198, 180, 170, 133, 125, 95
533, 517, 484, 479, 440, 425, 399, 378, 352, 337, 322, 300, 270, 249, 232, 197, 178, 171, 153, 126, 96
533, 517, 484, 479, 440, 425, 399, 378, 352, 337, 322, 300, 270, 249, 232, 197, 178, 171, 153, 127, 97
533, 517, 484, 479, 440, 425, 399, 378, 352, 337, 322, 300, 270, 249, 232, 197, 178, 171, 153, 127, 128, 98
533, 517, 484, 479, 440, 425, 399, 378, 352, 337, 322, 300, 270, 249, 232, 197, 178, 171, 153, 127, 128, 98, 99
