596, 573, 551, 539, 503, 499, 462, 455, 416, 407, 384, 367, 329, 315, 292, 291, 278, 240, 218, 219, 209, 192, 159, 143, 113, 104, 84, 47, 23, 0
596, 573, 551, 539, 503, 499, 462, 455, 416, 407, 384, 367, 329, 315, 292, 291, 278, 240, 218, 219, 209, 192, 159, 143, 113, 104, 84, 48, 24, 1
596, 573, 551, 539, 503, 499, 462, 455, 416, 407, 384, 367, 329, 315, 293, 276, 242, 237, 211, 194, 157, 148, 110, 102, 81, 49, 25, 3, 2
596, 573, 551, 539, 503, 499, 462, 455, 416, 407, 384, 367, 329, 315, 293, 276, 242, 237, 211, 194, 157, 148, 110, 102, 81, 49, 25, 3
596, 573, 551, 539, 503, 499, 462, 455, 416, 407, 384, 367, 329, 315, 293, 276, 242, 237, 211, 194, 157, 148, 110, 102, 80, 50, 26, 4
596, 573, 551, 539, 503, 499, 461, 456, 417, 405, 383, 369, 332, 317, 295, 273, 244, 236, 213, 196, 154, 149, 131, 101, 78, 52, 27, 5
596, 573, 551, 539, 503, 499, 461, 456, 417, 405, 383, 369, 332, 317, 295, 273, 244, 235, 215, 175, 173, 151, 129, 98, 76, 53, 28, 6
596, 573, 551, 539, 503, 499, 461, 456, 417, 405, 383, 369, 332, 317, 295, 273, 244, 235, 215, 175, 173, 151, 129, 98, 76, 53, 28, 29, 7
596, 573, 552, 538, 501, 500, 459, 437, 421, 402, 379, 351, 336, 322, 301, 269, 250, 231, 198, 180, 170, 133, 125, 95, 73, 56, 32, 9, 8
596, 573, 552, 538, 501, 500, 459, 437, 421, 402, 379, 351, 336, 322, 301, 269, 250, 231, 198, 180, 170, 133, 125, 95, 73, 56, 32, 9
596, 573, 552, 538, 501, 500, 459, 437, 421, 402, 379, 351, 336, 322, 301, 269, 250, 231, 198, 180, 170, 133, 125, 94, 72, 57, 33, 10
596, 573, 552, 538, 501, 500, 459, 437, 421, 402, 379, 351, 336, 322, 301, 269, 250, 231, 198, 180, 170, 133, 125, 94, 72, 57, 33, 34, 11
596, 573, 552, 538, 501, 500, 459, 437, 421, 402, 379, 351, 336, 322, 301, 269, 250, 231, 198, 180, 170, 133, 125, 94, 72, 57, 33, 34, 12
596, 573, 552, 538, 501, 500, 459, 437, 421, 402, 379, 351, 336, 337, 323, 302, 303, 267, 252, 228, 200, 183, 167, 135, 123, 91, 68, 60, 37, 14, 13
596, 573, 552, 538, 501, 500, 459, 437, 421, 402, 379, 351, 336, 337, 323, 302, 303, 267, 252, 228, 200, 183, 167, 135, 123, 91, 68, 60, 37, 14
596, 573, 552, 538, 501, 500, 459, 437, 421, 402, 379, 351, 336, 337, 323, 302, 303, 267, 252, 228, 200, 183, 167, 135, 123, 91, 68, 60, 37, 38, 15
596, 573, 551, 539, 503, 499, 462, 455, 416, 407, 384, 367, 329, 315, 292, 291, 278, 240, 218, 219, 209, 192, 160, 142, 115, 116, 108, 64, 43, 41, 17, 16
596, 573, 551, 539, 503, 499, 462, 455, 416, 407, 384, 367, 329, 315, 292, 291, 278, 240, 218, 219, 209, 192, 160, 142, 115, 116, 108, 64, 43, 41, 17
596, 573, 551, 539, 503, 499, 462, 455, 416, 407, 384, 367, 329, 315, 292, 291, 278, 240, 218, 219, 209, 192, 159, 143, 114, 106, 107, 87, 45, 21, 18
596, 573, 551, 539, 503, 499, 462, 455, 416, 407, 384, 367, 329, 315, 292, 291, 278, 240, 218, 219, 209, 192, 159, 143, 114, 106, 107, 87, 46, 22, 19
596, 573, 551, 539, 503, 499, 462, 455, 416, 407, 384, 367, 329, 315, 292, 291, 278, 240, 218, 219, 209, 192, 159, 143, 113, 104, 84, 47, 23, 20
596, 573, 551, 539, 503, 499, 462, 455, 416, 407, 384, 367, 329, 315, 292, 291, 278, 240, 218, 219, 209, 192, 159, 143, 114, 106, 107, 87, 45, 21
596, 573, 551, 539, 503, 499, 462, 455, 416, 407, 384, 367, 329, 315, 292, 291, 278, 240, 218, 219, 209, 192, 159, 143, 114, 106, 107, 87, 46, 22
596, 573, 551, 539, 503, 499, 462, 455, 416, 407, 384, 367, 329, 315, 292, 291, 278, 240, 218, 219, 209, 192, 159, 143, 113, 104, 84, 47, 23
596, 573, 551, 539, 503, 499, 462, 455, 416, 407, 384, 367, 329, 315, 292, 291, 278, 240, 218, 219, 209, 192, 159, 143, 113, 104, 84, 48, 24
596, 573, 551, 539, 503, 499, 462, 455, 416, 407, 384, 367, 329, 315, 293, 276, 242, 237, 211, 194, 157, 148, 110, 102, 81, 49, 25
596, 573, 551, 539, 503, 499, 462, 455, 416, 407, 384, 367, 329, 315, 293, 276, 242, 237, 211, 194, 157, 148, 110, 102, 80, 50, 26
596, 573, 551, 539, 503, 499, 461, 456, 417, 405, 383, 369, 332, 317, 295, 273, 244, 236, 213, 196, 154, 149, 131, 101, 78, 52, 27
596, 573, 551, 539, 503, 499, 461, 456, 417, 405, 383, 369, 332, 317, 295, 273, 244, 235, 215, 175, 173, 151, 129, 98, 76, 53, 28
596, 573, 551, 539, 503, 499, 461, 456, 417, 405, 383, 369, 332, 317, 295, 273, 244, 235, 215, 175, 173, 151, 129, 98, 76, 53, 28, 29
596, 573, 551, 539, 503, 499, 461, 456, 417, 405, 383, 369, 332, 317, 295, 273, 244, 235, 215, 175, 173, 151, 129, 98, 76, 53, 28, 29, 30
596, 573, 552, 538, 501, 500, 459, 437, 421, 402, 379, 351, 336, 322, 300, 270, 249, 232, 197, 178, 171, 153, 127, 97, 74, 55, 31
596, 573, 552, 538, 501, 500, 459, 437, 421, 402, 379, 351, 336, 322, 301, 269, 250, 231, 198, 180, 170, 133, 125, 95, 73, 56, 32
596, 573, 552, 538, 501, 500, 459, 437, 421, 402, 379, 351, 336, 322, 301, 269, 250, 231, 198, 180, 170, 133, 125, 94, 72, 57, 33
596, 573, 552, 538, 501, 500, 459, 437, 421, 402, 379, 351, 336, 322, 301, 269, 250, 231, 198, 180, 170, 133, 125, 94, 72, 57, 33, 34
596, 573, 552, 538, 501, 500, 459, 437, 421, 402, 379, 351, 336, 322, 301, 269, 250, 231, 198, 180, 170, 133, 125, 94, 72, 57, 33, 34, 35
596, 573, 552, 538, 501, 500, 459, 437, 421, 402, 379, 351, 336, 337, 323, 302, 303, 267, 252, 228, 200, 183, 167, 135, 123, 91, 69, 59, 36
596, 573, 552, 538, 501, 500, 459, 437, 421, 402, 379, 351, 336, 337, 323, 302, 303, 267, 252, 228, 200, 183, 167, 135, 123, 91, 68, 60, 37
596, 573, 552, 538, 501, 500, 459, 437, 421, 402, 379, 351, 336, 337, 323, 302, 303, 267, 252, 228, 200, 183, 167, 135, 123, 91, 68, 60, 37, 38
596, 573, 552, 538, 501, 500, 459, 437, 421, 402, 379, 351, 336, 337, 323, 302, 303, 267, 252, 228, 200, 183, 167, 135, 123, 91, 68, 60, 37, 38, 39
596, 573, 551, 539, 503, 499, 462, 455, 416, 407, 384, 367, 329, 315, 292, 291, 278, 240, 218, 219, 209, 192, 160, 142, 115, 116, 108, 64, 43, 41, 40
596, 573, 551, 539, 503, 499, 462, 455, 416, 407, 384, 367, 329, 315, 292, 291, 278, 240, 218, 219, 209, 192, 160, 142, 115, 116, 108, 64, 43, 41
596, 573, 551, 539, 503, 499, 462, 455, 416, 407, 384, 367, 329, 315, 292, 291, 278, 240, 218, 219, 209, 192, 160, 142, 115, 116, 108, 64, 43, 42
596, 573, 551, 539, 503, 499, 462, 455, 416, 407, 384, 367, 329, 315, 292, 291, 278, 240, 218, 219, 209, 192, 160, 142, 115, 116, 108, 64, 43
596, 573, 551, 539, 503, 499, 462, 455, 416, 407, 384, 367, 329, 315, 292, 291, 278, 240, 218, 219, 209, 192, 159, 143, 114, 106, 107, 87, 44
596, 573, 551, 539, 503, 499, 462, 455, 416, 407, 384, 367, 329, 315, 292, 291, 278, 240, 218, 219, 209, 192, 159, 143, 114, 106, 107, 87, 45
596, 573, 551, 539, 503, 499, 462, 455, 416, 407, 384, 367, 329, 315, 292, 291, 278, 240, 218, 219, 209, 192, 159, 143, 114, 106, 107, 87, 46
596, 573, 551, 539, 503, 499, 462, 455, 416, 407, 384, 367, 329, 315, 292, 291, 278, 240, 218, 219, 209, 192, 159, 143, 113, 104, 84, 47
596, 573, 551, 539, 503, 499, 462, 455, 416, 407, 384, 367, 329, 315, 292, 291, 278, 240, 218, 219, 209, 192, 159, 143, 113, 104, 84, 48
596, 573, 551, 539, 503, 499, 462, 455, 416, 407, 384, 367, 329, 315, 293, 276, 242, 237, 211, 194, 157, 148, 110, 102, 81, 49
596, 573, 551, 539, 503, 499, 462, 455, 416, 407, 384, 367, 329, 315, 293, 276, 242, 237, 211, 194, 157, 148, 110, 102, 80, 50
596, 573, 551, 539, 503, 499, 461, 456, 417, 405, 383, 369, 332, 317, 295, 273, 244, 236, 213, 196, 154, 149, 131, 101, 78, 51
596, 573, 551, 539, 503, 499, 461, 456, 417, 405, 383, 369, 332, 317, 295, 273, 244, 236, 213, 196, 154, 149, 131, 101, 78, 52
596, 573, 551, 539, 503, 499, 461, 456, 417, 405, 383, 369, 332, 317, 295, 273, 244, 235, 215, 175, 173, 151, 129, 98, 76, 53
596, 573, 551, 539, 503, 499, 461, 456, 417, 405, 383, 369, 332, 317, 295, 273, 244, 235, 215, 175, 173, 151, 129, 98, 76, 53, 54
596, 573, 552, 538, 501, 500, 459, 437, 421, 402, 379, 351, 336, 322, 300, 270, 249, 232, 197, 178, 171, 153, 127, 97, 74, 55
596, 573, 552, 538, 501, 500, 459, 437, 421, 402, 379, 351, 336, 322, 301, 269, 250, 231, 198, 180, 170, 133, 125, 95, 73, 56
596, 573, 552, 538, 501, 500, 459, 437, 421, 402, 379, 351, 336, 322, 301, 269, 250, 231, 198, 180, 170, 133, 125, 94, 72, 57
596, 573, 552, 538, 501, 500, 459, 437, 421, 402, 379, 351, 336, 322, 301, 269, 250, 231, 198, 180, 170, 133, 125, 94, 72, 57, 58
596, 573, 552, 538, 501, 500, 459, 437, 421, 402, 379, 351, 336, 337, 323, 302, 303, 267, 252, 228, 200, 183, 167, 135, 123, 91, 69, 59
596, 573, 552, 538, 501, 500, 459, 437, 421, 402, 379, 351, 336, 337, 323, 302, 303, 267, 252, 228, 200, 183, 167, 135, 123, 91, 68, 60
596, 573, 552, 538, 501, 500, 459, 437, 421, 402, 379, 351, 336, 337, 323, 302, 303, 267, 252, 228, 200, 183, 167, 135, 123, 91, 68, 61
596, 573, 552, 538, 501, 500, 459, 437, 421, 402, 379, 351, 336, 337, 323, 302, 303, 267, 252, 228, 200, 183, 167, 135, 123, 91, 68, 61, 62
596, 573, 551, 539, 503, 499, 462, 455, 416, 407, 384, 367, 329, 315, 292, 291, 278, 240, 218, 219, 209, 192, 160, 142, 115, 116, 108, 64, 63
596, 573, 551, 539, 503, 499, 462, 455, 416, 407, 384, 367, 329, 315, 292, 291, 278, 240, 218, 219, 209, 192, 160, 142, 115, 116, 108, 64
596, 573, 551, 539, 503, 499, 462, 455, 416, 407, 384, 367, 329, 315, 292, 291, 278, 240, 218, 219, 209, 192, 160, 142, 115, 116, 108, 109, 65
596, 573, 552, 538, 501, 500, 459, 437, 421, 402, 379, 351, 336, 337, 323, 302, 303, 267, 252, 228, 200, 183, 167, 166, 136, 122, 90, 67, 66
596, 573, 552, 538, 501, 500, 459, 437, 421, 402, 379, 351, 336, 337, 323, 302, 303, 267, 252, 228, 200, 183, 167, 166, 136, 122, 90, 67
596, 573, 552, 538, 501, 500, 459, 437, 421, 402, 379, 351, 336, 337, 323, 302, 303, 267, 252, 228, 200, 183, 167, 135, 123, 91, 68
596, 573, 552, 538, 501, 500, 459, 437, 421, 402, 379, 351, 336, 337, 323, 302, 303, 267, 252, 228, 200, 183, 167, 135, 123, 91, 69
596, 573, 552, 538, 501, 500, 459, 437, 421, 402, 379, 351, 336, 322, 301, 269, 250, 231, 230, 199, 182, 168, 134, 124, 92, 70
596, 573, 552, 538, 501, 500, 459, 437, 421, 402, 379, 351, 336, 322, 301, 269, 250, 231, 198, 180, 170, 133, 125, 94, 72, 71
596, 573, 552, 538, 501, 500, 459, 437, 421, 402, 379, 351, 336, 322, 301, 269, 250, 231, 198, 180, 170, 133, 125, 94, 72
596, 573, 552, 538, 501, 500, 459, 437, 421, 402, 379, 351, 336, 322, 301, 269, 250, 231, 198, 180, 170, 133, 125, 95, 73
596, 573, 552, 538, 501, 500, 459, 437, 421, 402, 379, 351, 336, 322, 300, 270, 249, 232, 197, 178, 171, 153, 127, 97, 74
596, 573, 552, 538, 501, 500, 459, 437, 421, 402, 379, 351, 336, 322, 300, 270, 249, 232, 197, 178, 171, 153, 127, 97, 75
596, 573, 551, 539, 503, 499, 461, 456, 417, 405, 383, 369, 332, 317, 295, 273, 244, 235, 215, 175, 173, 151, 129, 98, 76
596, 573, 551, 539, 503, 499, 461, 456, 417, 405, 383, 369, 332, 317, 295, 273, 244, 236, 213, 196, 154, 149, 131, 99, 77
596, 573, 551, 539, 503, 499, 461, 456, 417, 405, 383, 369, 332, 317, 295, 273, 244, 236, 213, 196, 154, 149, 131, 101, 78
596, 573, 551, 539, 503, 499, 462, 455, 416, 407, 384, 367, 329, 315, 293, 276, 242, 237, 211, 194, 157, 148, 110, 102, 79
596, 573, 551, 539, 503, 499, 462, 455, 416, 407, 384, 367, 329, 315, 293, 276, 242, 237, 211, 194, 157, 148, 110, 102, 80
596, 573, 551, 539, 503, 499, 462, 455, 416, 407, 384, 367, 329, 315, 293, 276, 242, 237, 211, 194, 157, 148, 110, 102, 81
596, 573, 551, 539, 503, 499, 462, 455, 416, 407, 384, 367, 329, 315, 292, 277, 241, 217, 210, 193, 158, 146, 111, 103, 82
596, 573, 551, 539, 503, 499, 462, 455, 416, 407, 384, 367, 329, 315, 292, 291, 278, 240, 218, 219, 209, 192, 159, 143, 113, 104, 83
596, 573, 551, 539, 503, 499, 462, 455, 416, 407, 384, 367, 329, 315, 292, 291, 278, 240, 218, 219, 209, 192, 159, 143, 113, 104, 84
596, 573, 551, 539, 503, 499, 462, 455, 416, 407, 384, 367, 329, 315, 292, 291, 278, 240, 218, 219, 209, 192, 159, 143, 114, 105, 85
596, 573, 551, 539, 503, 499, 462, 455, 416, 407, 384, 367, 329, 315, 292, 291, 278, 240, 218, 219, 209, 192, 159, 143, 114, 105, 86
596, 573, 551, 539, 503, 499, 462, 455, 416, 407, 384, 367, 329, 315, 292, 291, 278, 240, 218, 219, 209, 192, 159, 143, 114, 106, 107, 87
596, 573, 552, 538, 501, 500, 459, 437, 421, 402, 379, 351, 336, 337, 323, 302, 303, 267, 252, 228, 200, 183, 167, 166, 136, 122, 89, 88
596, 573, 552, 538, 501, 500, 459, 437, 421, 402, 379, 351, 336, 337, 323, 302, 303, 267, 252, 228, 200, 183, 167, 166, 136, 122, 89
596, 573, 552, 538, 501, 500, 459, 437, 421, 402, 379, 351, 336, 337, 323, 302, 303, 267, 252, 228, 200, 183, 167, 166, 136, 122, 90
596, 573, 552, 538, 501, 500, 459, 437, 421, 402, 379, 351, 336, 337, 323, 302, 303, 267, 252, 228, 200, 183, 167, 135, 123, 91
596, 573, 552, 538, 501, 500, 459, 437, 421, 402, 379, 351, 336, 322, 301, 269, 250, 231, 230, 199, 182, 168, 134, 124, 92
596, 573, 552, 538, 501, 500, 459, 437, 421, 402, 379, 351, 336, 322, 301, 269, 250, 231, 230, 199, 182, 168, 134, 124, 93
596, 573, 552, 538, 501, 500, 459, 437, 421, 402, 379, 351, 336, 322, 301, 269, 250, 231, 198, 180, 170, 133, 125, 94
596, 573, 552, 538, 501, 500, 459, 437, 421, 402, 379, 351, 336, 322, 301, 269, 250, 231, 198, 180, 170, 133, 125, 95
596, 573, 552, 538, 501, 500, 459, 437, 421, 402, 379, 351, 336, 322, 300, 270, 249, 232, 197, 178, 171, 153, 126, 96
596, 573, 552, 538, 501, 500, 459, 437, 421, 402, 379, 351, 336, 322, 300, 270, 249, 232, 197, 178, 171, 153, 127, 97
596, 573, 551, 539, 503, 499, 461, 456, 417, 405, 383, 369, 332, 317, 295, 273, 244, 235, 215, 175, 173, 151, 129, 98
596, 573, 551, 539, 503, 499, 461, 456, 417, 405, 383, 369, 332, 317, 295, 273, 244, 236, 213, 196, 154, 149, 131, 99
