608, 627, 599, 577, 554, 535, 520, 482, 458, 438, 421, 402, 380, 350, 335, 320, 297, 296, 273, 244, 236, 213, 212, 195, 156, 148, 110, 102, 81, 49, 25, 3, 2, 1, 0
608, 627, 599, 577, 554, 535, 520, 482, 458, 438, 421, 402, 380, 350, 335, 320, 297, 296, 273, 244, 236, 213, 212, 195, 156, 148, 110, 102, 81, 49, 25, 3, 2, 1
608, 627, 599, 577, 554, 535, 520, 482, 458, 438, 421, 402, 380, 350, 335, 320, 297, 296, 273, 244, 236, 213, 212, 195, 156, 148, 110, 102, 81, 49, 25, 3, 2
608, 627, 599, 577, 554, 535, 520, 482, 458, 438, 421, 402, 380, 350, 335, 320, 297, 296, 273, 244, 236, 213, 212, 195, 156, 148, 110, 102, 81, 49, 25, 3
608, 627, 599, 577, 554, 535, 520, 482, 458, 438, 421, 402, 380, 350, 335, 320, 297, 296, 273, 244, 236, 213, 212, 195, 156, 148, 110, 102, 80, 50, 26, 4
608, 627, 599, 577, 554, 535, 520, 482, 458, 438, 421, 402, 380, 350, 335, 320, 297, 296, 273, 244, 236, 213, 196, 154, 149, 131, 101, 78, 52, 27, 5
608, 627, 599, 577, 554, 535, 520, 482, 458, 438, 421, 402, 380, 350, 335, 320, 297, 272, 247, 233, 216, 177, 173, 151, 129, 98, 76, 53, 28, 6
608, 600, 578, 555, 534, 519, 484, 479, 440, 425, 399, 378, 352, 337, 322, 300, 270, 249, 232, 197, 178, 171, 153, 127, 97, 75, 54, 30, 7
608, 600, 578, 555, 534, 519, 484, 479, 440, 425, 399, 378, 352, 337, 323, 302, 269, 250, 231, 198, 180, 170, 133, 125, 95, 73, 56, 32, 9, 8
608, 600, 578, 555, 534, 519, 484, 479, 440, 425, 399, 378, 352, 337, 323, 302, 269, 250, 231, 198, 180, 170, 133, 125, 95, 73, 56, 32, 9
608, 600, 578, 555, 534, 519, 484, 479, 440, 425, 399, 378, 352, 337, 323, 302, 269, 250, 231, 198, 180, 170, 133, 125, 94, 72, 57, 33, 10
608, 600, 578, 555, 534, 519, 484, 479, 440, 425, 399, 378, 352, 337, 323, 302, 269, 250, 231, 198, 180, 170, 133, 125, 94, 72, 57, 33, 34, 11
608, 600, 578, 555, 534, 519, 484, 479, 440, 425, 399, 378, 352, 337, 323, 302, 269, 250, 231, 198, 180, 170, 133, 125, 94, 72, 57, 33, 34, 12
608, 600, 578, 555, 534, 519, 484, 479, 440, 425, 399, 377, 354, 339, 325, 303, 267, 252, 228, 200, 183, 167, 135, 123, 91, 68, 60, 37, 14, 13
608, 600, 578, 555, 534, 519, 484, 479, 440, 425, 399, 377, 354, 339, 325, 303, 267, 252, 228, 200, 183, 167, 135, 123, 91, 68, 60, 37, 14
608, 600, 578, 555, 534, 519, 484, 479, 440, 425, 399, 377, 354, 339, 325, 303, 267, 252, 228, 200, 183, 167, 135, 123, 91, 68, 60, 37, 38, 15
608, 600, 578, 555, 534, 519, 484, 479, 440, 425, 399, 377, 354, 339, 325, 303, 267, 252, 228, 200, 183, 167, 135, 123, 91, 68, 60, 37, 38, 15, 16
608, 600, 578, 555, 534, 519, 484, 479, 440, 425, 399, 377, 354, 339, 325, 303, 267, 252, 228, 200, 183, 167, 135, 123, 91, 68, 61, 62, 42, 40, 17
608, 600, 578, 555, 534, 519, 484, 479, 440, 425, 399, 377, 354, 339, 325, 303, 267, 252, 228, 200, 183, 167, 135, 123, 91, 68, 61, 62, 42, 40, 17, 18
608, 600, 578, 555, 534, 519, 484, 479, 440, 425, 399, 377, 354, 339, 325, 303, 267, 252, 228, 200, 183, 167, 135, 123, 91, 68, 61, 62, 42, 40, 17, 18, 19
608, 627, 599, 577, 554, 535, 520, 482, 458, 438, 421, 402, 380, 350, 335, 320, 297, 296, 273, 244, 236, 213, 212, 195, 156, 148, 110, 102, 103, 82, 83, 84, 47, 23, 20
608, 600, 578, 555, 534, 519, 484, 479, 440, 425, 399, 377, 354, 339, 325, 303, 267, 252, 228, 200, 183, 167, 135, 123, 91, 68, 61, 62, 42, 40, 41, 21
608, 600, 578, 555, 534, 519, 484, 479, 440, 425, 399, 377, 354, 339, 325, 303, 267, 252, 228, 200, 183, 167, 135, 123, 91, 68, 61, 62, 42, 40, 41, 21, 22
608, 627, 599, 577, 554, 535, 520, 482, 458, 438, 421, 402, 380, 350, 335, 320, 297, 296, 273, 244, 236, 213, 212, 195, 156, 148, 110, 102, 103, 82, 83, 84, 47, 23
608, 627, 599, 577, 554, 535, 520, 482, 458, 438, 421, 402, 380, 350, 335, 320, 297, 296, 273, 244, 236, 213, 212, 195, 156, 148, 110, 102, 81, 49, 25, 24
608, 627, 599, 577, 554, 535, 520, 482, 458, 438, 421, 402, 380, 350, 335, 320, 297, 296, 273, 244, 236, 213, 212, 195, 156, 148, 110, 102, 81, 49, 25
608, 627, 599, 577, 554, 535, 520, 482, 458, 438, 421, 402, 380, 350, 335, 320, 297, 296, 273, 244, 236, 213, 212, 195, 156, 148, 110, 102, 80, 50, 26
608, 627, 599, 577, 554, 535, 520, 482, 458, 438, 421, 402, 380, 350, 335, 320, 297, 296, 273, 244, 236, 213, 196, 154, 149, 131, 101, 78, 52, 27
608, 627, 599, 577, 554, 535, 520, 482, 458, 438, 421, 402, 380, 350, 335, 320, 297, 272, 247, 233, 216, 177, 173, 151, 129, 98, 76, 53, 28
608, 627, 599, 577, 554, 535, 520, 482, 458, 438, 421, 402, 380, 350, 335, 320, 297, 272, 247, 233, 216, 177, 173, 151, 129, 98, 76, 53, 28, 29
608, 600, 578, 555, 534, 519, 484, 479, 440, 425, 399, 378, 352, 337, 322, 300, 270, 249, 232, 197, 178, 171, 153, 127, 97, 75, 54, 30
608, 600, 578, 555, 534, 519, 484, 479, 440, 425, 399, 378, 352, 337, 322, 300, 270, 249, 232, 197, 178, 171, 153, 127, 97, 74, 55, 31
608, 600, 578, 555, 534, 519, 484, 479, 440, 425, 399, 378, 352, 337, 323, 302, 269, 250, 231, 198, 180, 170, 133, 125, 95, 73, 56, 32
608, 600, 578, 555, 534, 519, 484, 479, 440, 425, 399, 378, 352, 337, 323, 302, 269, 250, 231, 198, 180, 170, 133, 125, 94, 72, 57, 33
608, 600, 578, 555, 534, 519, 484, 479, 440, 425, 399, 378, 352, 337, 323, 302, 269, 250, 231, 198, 180, 170, 133, 125, 94, 72, 57, 33, 34
608, 600, 578, 555, 534, 519, 484, 479, 440, 425, 399, 377, 354, 339, 325, 303, 268, 251, 230, 199, 182, 168, 134, 124, 92, 70, 58, 35
608, 600, 578, 555, 534, 519, 484, 479, 440, 425, 399, 377, 354, 339, 325, 303, 267, 252, 228, 200, 183, 167, 135, 123, 91, 69, 59, 36
608, 600, 578, 555, 534, 519, 484, 479, 440, 425, 399, 377, 354, 339, 325, 303, 267, 252, 228, 200, 183, 167, 135, 123, 91, 68, 60, 37
608, 600, 578, 555, 534, 519, 484, 479, 440, 425, 399, 377, 354, 339, 325, 303, 267, 252, 228, 200, 183, 167, 135, 123, 91, 68, 60, 37, 38
608, 600, 578, 555, 534, 519, 484, 479, 440, 425, 399, 377, 354, 339, 325, 303, 267, 252, 228, 200, 183, 167, 135, 123, 91, 68, 60, 37, 38, 39
608, 600, 578, 555, 534, 519, 484, 479, 440, 425, 399, 377, 354, 339, 325, 303, 267, 252, 228, 200, 183, 167, 135, 123, 91, 68, 61, 62, 42, 40
608, 600, 578, 555, 534, 519, 484, 479, 440, 425, 399, 377, 354, 339, 325, 303, 267, 252, 228, 200, 183, 167, 135, 123, 91, 68, 61, 62, 42, 40, 41
608, 600, 578, 555, 534, 519, 484, 479, 440, 425, 399, 377, 354, 339, 325, 303, 267, 252, 228, 200, 183, 167, 135, 123, 91, 68, 61, 62, 42
608, 600, 578, 555, 534, 519, 484, 479, 440, 425, 399, 377, 354, 339, 325, 303, 267, 252, 228, 200, 183, 167, 166, 136, 122, 89, 88, 109, 63, 43
608, 600, 578, 555, 534, 519, 484, 479, 440, 425, 399, 377, 354, 339, 325, 303, 267, 252, 228, 200, 183, 167, 166, 136, 122, 89, 88, 109, 63, 43, 44
608, 600, 578, 555, 534, 519, 484, 479, 440, 425, 399, 377, 354, 339, 325, 303, 267, 252, 228, 200, 183, 167, 166, 136, 122, 89, 88, 109, 63, 43, 44, 45
608, 600, 578, 555, 534, 519, 484, 479, 440, 425, 399, 377, 354, 339, 325, 281, 282, 264, 263, 255, 225, 205, 187, 162, 161, 141, 116, 107, 87, 46
608, 627, 599, 577, 554, 535, 520, 482, 458, 438, 421, 402, 380, 350, 335, 320, 297, 296, 273, 244, 236, 213, 212, 195, 156, 148, 110, 102, 103, 82, 83, 84, 47
608, 627, 599, 577, 554, 535, 520, 482, 458, 438, 421, 402, 380, 350, 335, 320, 297, 296, 273, 244, 236, 213, 212, 195, 156, 148, 110, 102, 103, 82, 83, 48
608, 627, 599, 577, 554, 535, 520, 482, 458, 438, 421, 402, 380, 350, 335, 320, 297, 296, 273, 244, 236, 213, 212, 195, 156, 148, 110, 102, 81, 49
608, 627, 599, 577, 554, 535, 520, 482, 458, 438, 421, 402, 380, 350, 335, 320, 297, 296, 273, 244, 236, 213, 212, 195, 156, 148, 110, 102, 80, 50
608, 627, 599, 577, 554, 535, 520, 482, 458, 438, 421, 402, 380, 350, 335, 320, 297, 296, 273, 244, 236, 213, 196, 154, 149, 131, 101, 78, 51
608, 627, 599, 577, 554, 535, 520, 482, 458, 438, 421, 402, 380, 350, 335, 320, 297, 296, 273, 244, 236, 213, 196, 154, 149, 131, 101, 78, 52
608, 627, 599, 577, 554, 535, 520, 482, 458, 438, 421, 402, 380, 350, 335, 320, 297, 272, 247, 233, 216, 177, 173, 151, 129, 98, 76, 53
608, 600, 578, 555, 534, 519, 484, 479, 440, 425, 399, 378, 352, 337, 322, 300, 270, 249, 232, 197, 178, 171, 153, 127, 97, 75, 54
608, 600, 578, 555, 534, 519, 484, 479, 440, 425, 399, 378, 352, 337, 322, 300, 270, 249, 232, 197, 178, 171, 153, 127, 97, 74, 55
608, 600, 578, 555, 534, 519, 484, 479, 440, 425, 399, 378, 352, 337, 323, 302, 269, 250, 231, 198, 180, 170, 133, 125, 95, 73, 56
608, 600, 578, 555, 534, 519, 484, 479, 440, 425, 399, 378, 352, 337, 323, 302, 269, 250, 231, 198, 180, 170, 133, 125, 94, 72, 57
608, 600, 578, 555, 534, 519, 484, 479, 440, 425, 399, 377, 354, 339, 325, 303, 268, 251, 230, 199, 182, 168, 134, 124, 92, 70, 58
608, 600, 578, 555, 534, 519, 484, 479, 440, 425, 399, 377, 354, 339, 325, 303, 267, 252, 228, 200, 183, 167, 135, 123, 91, 69, 59
608, 600, 578, 555, 534, 519, 484, 479, 440, 425, 399, 377, 354, 339, 325, 303, 267, 252, 228, 200, 183, 167, 135, 123, 91, 68, 60
608, 600, 578, 555, 534, 519, 484, 479, 440, 425, 399, 377, 354, 339, 325, 303, 267, 252, 228, 200, 183, 167, 135, 123, 91, 68, 61
608, 600, 578, 555, 534, 519, 484, 479, 440, 425, 399, 377, 354, 339, 325, 303, 267, 252, 228, 200, 183, 167, 135, 123, 91, 68, 61, 62
608, 600, 578, 555, 534, 519, 484, 479, 440, 425, 399, 377, 354, 339, 325, 303, 267, 252, 228, 200, 183, 167, 166, 136, 122, 89, 88, 109, 63
608, 600, 578, 555, 534, 519, 484, 479, 440, 425, 399, 377, 354, 339, 325, 303, 267, 252, 228, 200, 183, 167, 166, 136, 122, 89, 88, 109, 63, 64
608, 600, 578, 555, 534, 519, 484, 479, 440, 425, 399, 377, 354, 339, 325, 303, 267, 252, 228, 200, 183, 167, 166, 136, 122, 90, 67, 66, 65
608, 600, 578, 555, 534, 519, 484, 479, 440, 425, 399, 377, 354, 339, 325, 303, 267, 252, 228, 200, 183, 167, 166, 136, 122, 90, 67, 66
608, 600, 578, 555, 534, 519, 484, 479, 440, 425, 399, 377, 354, 339, 325, 303, 267, 252, 228, 200, 183, 167, 166, 136, 122, 90, 67
608, 600, 578, 555, 534, 519, 484, 479, 440, 425, 399, 377, 354, 339, 325, 303, 267, 252, 228, 200, 183, 167, 135, 123, 91, 68
608, 600, 578, 555, 534, 519, 484, 479, 440, 425, 399, 377, 354, 339, 325, 303, 267, 252, 228, 200, 183, 167, 135, 123, 91, 69
608, 600, 578, 555, 534, 519, 484, 479, 440, 425, 399, 377, 354, 339, 325, 303, 268, 251, 230, 199, 182, 168, 134, 124, 92, 70
608, 600, 578, 555, 534, 519, 484, 479, 440, 425, 399, 377, 354, 339, 325, 303, 268, 251, 230, 199, 182, 168, 134, 124, 93, 71
608, 600, 578, 555, 534, 519, 484, 479, 440, 425, 399, 378, 352, 337, 323, 302, 269, 250, 231, 198, 180, 170, 133, 125, 94, 72
608, 600, 578, 555, 534, 519, 484, 479, 440, 425, 399, 378, 352, 337, 323, 302, 269, 250, 231, 198, 180, 170, 133, 125, 95, 73
608, 600, 578, 555, 534, 519, 484, 479, 440, 425, 399, 378, 352, 337, 322, 300, 270, 249, 232, 197, 178, 171, 153, 127, 97, 74
608, 600, 578, 555, 534, 519, 484, 479, 440, 425, 399, 378, 352, 337, 322, 300, 270, 249, 232, 197, 178, 171, 153, 127, 97, 75
608, 627, 599, 577, 554, 535, 520, 482, 458, 438, 421, 402, 380, 350, 335, 320, 297, 272, 247, 233, 216, 177, 173, 151, 129, 98, 76
608, 627, 599, 577, 554, 535, 520, 482, 458, 438, 421, 402, 380, 350, 335, 320, 297, 296, 273, 244, 236, 213, 196, 154, 149, 131, 99, 77
608, 627, 599, 577, 554, 535, 520, 482, 458, 438, 421, 402, 380, 350, 335, 320, 297, 296, 273, 244, 236, 213, 196, 154, 149, 131, 101, 78
608, 627, 599, 577, 554, 535, 520, 482, 458, 438, 421, 402, 380, 350, 335, 320, 297, 296, 273, 244, 236, 213, 196, 154, 149, 131, 101, 78, 79
608, 627, 599, 577, 554, 535, 520, 482, 458, 438, 421, 402, 380, 350, 335, 320, 297, 296, 273, 244, 236, 213, 212, 195, 156, 148, 110, 102, 80
608, 627, 599, 577, 554, 535, 520, 482, 458, 438, 421, 402, 380, 350, 335, 320, 297, 296, 273, 244, 236, 213, 212, 195, 156, 148, 110, 102, 81
608, 627, 599, 577, 554, 535, 520, 482, 458, 438, 421, 402, 380, 350, 335, 320, 297, 296, 273, 244, 236, 213, 212, 195, 156, 148, 110, 102, 103, 82
608, 627, 599, 577, 554, 535, 520, 482, 458, 438, 421, 402, 380, 350, 335, 320, 297, 296, 273, 244, 236, 213, 212, 195, 156, 148, 110, 102, 103, 82, 83
608, 627, 599, 577, 554, 535, 520, 482, 458, 438, 421, 402, 380, 350, 335, 320, 297, 296, 273, 244, 236, 213, 212, 195, 156, 148, 110, 102, 103, 82, 83, 84
608, 627, 599, 577, 554, 535, 520, 482, 458, 457, 437, 456, 455, 416, 407, 384, 367, 329, 315, 292, 291, 278, 240, 218, 219, 209, 192, 159, 143, 114, 105, 85
608, 627, 599, 577, 554, 535, 520, 482, 458, 457, 437, 456, 455, 416, 407, 384, 367, 329, 315, 292, 291, 278, 240, 218, 219, 209, 192, 159, 143, 114, 105, 86
608, 600, 578, 555, 534, 519, 484, 479, 440, 425, 399, 377, 354, 339, 325, 281, 282, 264, 263, 255, 225, 205, 187, 162, 161, 141, 116, 107, 87
608, 600, 578, 555, 534, 519, 484, 479, 440, 425, 399, 377, 354, 339, 325, 303, 267, 252, 228, 200, 183, 167, 166, 136, 122, 89, 88
608, 600, 578, 555, 534, 519, 484, 479, 440, 425, 399, 377, 354, 339, 325, 303, 267, 252, 228, 200, 183, 167, 166, 136, 122, 89
608, 600, 578, 555, 534, 519, 484, 479, 440, 425, 399, 377, 354, 339, 325, 303, 267, 252, 228, 200, 183, 167, 166, 136, 122, 90
608, 600, 578, 555, 534, 519, 484, 479, 440, 425, 399, 377, 354, 339, 325, 303, 267, 252, 228, 200, 183, 167, 135, 123, 91
608, 600, 578, 555, 534, 519, 484, 479, 440, 425, 399, 377, 354, 339, 325, 303, 268, 251, 230, 199, 182, 168, 134, 124, 92
608, 600, 578, 555, 534, 519, 484, 479, 440, 425, 399, 377, 354, 339, 325, 303, 268, 251, 230, 199, 182, 168, 134, 124, 93
608, 600, 578, 555, 534, 519, 484, 479, 440, 425, 399, 378, 352, 337, 323, 302, 269, 250, 231, 198, 180, 170, 133, 125, 94
608, 600, 578, 555, 534, 519, 484, 479, 440, 425, 399, 378, 352, 337, 323, 302, 269, 250, 231, 198, 180, 170, 133, 125, 95
608, 600, 578, 555, 534, 519, 484, 479, 440, 425, 399, 378, 352, 337, 322, 300, 270, 249, 232, 197, 178, 171, 153, 126, 96
608, 600, 578, 555, 534, 519, 484, 479, 440, 425, 399, 378, 352, 337, 322, 300, 270, 249, 232, 197, 178, 171, 153, 127, 97
608, 627, 599, 577, 554, 535, 520, 482, 458, 438, 421, 402, 380, 350, 335, 320, 297, 272, 247, 233, 216, 177, 173, 151, 129, 98
608, 627, 599, 577, 554, 535, 520, 482, 458, 438, 421, 402, 380, 350, 335, 320, 297, 296, 273, 244, 236, 213, 196, 154, 149, 131, 99
