1523, 1543, 16, 17, 18, 19, 20, 21, 0
1523, 1543, 16, 17, 18, 19, 20, 21, 0, 1
1523, 1543, 16, 17, 18, 19, 20, 21, 0, 1, 2
1523, 1543, 16, 17, 18, 19, 20, 21, 0, 1, 2, 3
1523, 1543, 1542, 1541, 1540, 1539, 1538, 1537, 1536, 4
1523, 1524, 1525, 1526, 1527, 1528, 1529, 1530, 1531, 1532, 1535, 5
1523, 1522, 1521, 1520, 1519, 1548, 12, 11, 10, 9, 8, 7, 6
1523, 1522, 1521, 1520, 1519, 1548, 12, 11, 10, 9, 8, 7
1523, 1522, 1521, 1520, 1519, 1548, 12, 11, 10, 9, 8
1523, 1522, 1521, 1520, 1519, 1548, 12, 11, 10, 9
1523, 1522, 1521, 1520, 1519, 1548, 12, 11, 10
1523, 1522, 1521, 1520, 1519, 1548, 12, 11
1523, 1522, 1521, 1520, 1519, 1548, 12
1523, 1522, 1544, 1545, 14, 13
1523, 1522, 1544, 1545, 14
1523, 1522, 1544, 15
1523, 1543, 16
1523, 1543, 16, 17
1523, 1543, 16, 17, 18
1523, 1543, 16, 17, 18, 19
1523, 1543, 16, 17, 18, 19, 20
1523, 1543, 16, 17, 18, 19, 20, 21
1523, 1524, 1525, 1526, 1527, 1528, 1529, 1530, 1531, 1532, 1535, 5, 22
1523, 1524, 1525, 1526, 1527, 1528, 1529, 1530, 1531, 1532, 1535, 5, 23
1523, 1543, 1542, 1541, 1540, 1539, 1538, 1537, 1536, 4, 24
1523, 1543, 16, 17, 18, 19, 20, 21, 0, 1, 2, 3, 25
1523, 1543, 16, 17, 18, 30, 29, 28, 27, 26
1523, 1543, 16, 17, 18, 30, 29, 28, 27
1523, 1543, 16, 17, 18, 30, 29, 28
1523, 1543, 16, 17, 18, 30, 29
1523, 1543, 16, 17, 18, 30
1523, 1543, 16, 32, 31
1523, 1543, 16, 32
1523, 1522, 1544, 15, 33
1523, 1522, 1544, 15, 34
1523, 1522, 1544, 15, 34, 35
1523, 1522, 1544, 15, 34, 35, 36
1523, 1522, 1521, 1520, 1519, 1548, 12, 37
1523, 1522, 1521, 1520, 1519, 1548, 12, 38
1523, 1522, 1521, 1520, 1519, 1548, 12, 38, 39
1523, 1522, 1521, 1520, 1519, 1548, 12, 38, 39, 40
1523, 1522, 1521, 1520, 1519, 1548, 12, 38, 39, 40, 41
1523, 1522, 1521, 1520, 1519, 1548, 12, 38, 39, 40, 41, 42
1523, 1522, 1521, 1520, 1519, 1548, 12, 38, 39, 40, 41, 42, 43
1523, 1522, 1521, 1520, 1519, 1548, 12, 11, 10, 9, 8, 44
1523, 1522, 1521, 1520, 1519, 1548, 12, 11, 10, 9, 8, 44, 45
1523, 1524, 1525, 1526, 1527, 1528, 1529, 1530, 1531, 1532, 1535, 5, 22, 46
1523, 1524, 1525, 1526, 1527, 1528, 1529, 1530, 1531, 1532, 1535, 5, 23, 47
1523, 1543, 1542, 1541, 1540, 1539, 1538, 1537, 1536, 4, 24, 48
1523, 1543, 16, 17, 18, 19, 20, 21, 0, 1, 2, 3, 25, 49
1523, 1543, 16, 32, 56, 55, 54, 53, 52, 51, 50
1523, 1543, 16, 32, 56, 55, 54, 53, 52, 51
1523, 1543, 16, 32, 56, 55, 54, 53, 52
1523, 1543, 16, 32, 56, 55, 54, 53
1523, 1543, 16, 32, 56, 55, 54
1523, 1543, 16, 32, 56, 55
1523, 1543, 16, 32, 56
1523, 1522, 1544, 15, 34, 57
1523, 1522, 1544, 15, 34, 35, 58
1523, 1522, 1544, 15, 34, 35, 36, 59
1523, 1522, 1544, 15, 34, 35, 36, 59, 60
1523, 1522, 1521, 1520, 1519, 1548, 12, 38, 61
1523, 1522, 1521, 1520, 1519, 1548, 12, 38, 39, 62
1523, 1522, 1521, 1520, 1519, 1548, 12, 38, 39, 62, 63
1523, 1522, 1521, 1520, 1519, 1548, 12, 38, 39, 62, 63, 64
1523, 1522, 1521, 1520, 1519, 1548, 12, 38, 39, 62, 63, 64, 65
1523, 1522, 1521, 1520, 1519, 1548, 12, 38, 39, 62, 63, 64, 65, 66
1523, 1522, 1521, 1520, 1519, 1548, 12, 11, 10, 9, 8, 44, 67
1523, 1522, 1521, 1520, 1519, 1548, 12, 11, 10, 9, 8, 44, 67, 68
1523, 1522, 1521, 1520, 1519, 1548, 12, 11, 10, 9, 8, 44, 67, 69
1523, 1522, 1521, 1520, 1519, 1548, 12, 38, 61, 74, 73, 72, 71, 70
1523, 1522, 1521, 1520, 1519, 1548, 12, 38, 61, 74, 73, 72, 71
1523, 1522, 1521, 1520, 1519, 1548, 12, 38, 61, 74, 73, 72
1523, 1522, 1521, 1520, 1519, 1548, 12, 38, 61, 74, 73
1523, 1522, 1521, 1520, 1519, 1548, 12, 38, 61, 74
1523, 1522, 1544, 15, 34, 35, 58, 76, 75
1523, 1522, 1544, 15, 34, 35, 58, 76
1523, 1522, 1544, 15, 34, 35, 58, 77
1523, 1522, 1544, 15, 34, 57, 78
1523, 1543, 16, 32, 56, 79
1523, 1543, 16, 32, 56, 80
1523, 1543, 16, 32, 56, 55, 81
1523, 1543, 16, 32, 56, 55, 81, 82
1523, 1543, 16, 32, 56, 55, 81, 82, 83
1523, 1543, 16, 32, 56, 55, 81, 82, 83, 84
1523, 1543, 16, 32, 56, 55, 81, 82, 83, 84, 85
1523, 1543, 16, 17, 18, 19, 20, 21, 0, 1, 2, 3, 25, 49, 86
1523, 1543, 1542, 1541, 1540, 1539, 1538, 1537, 1536, 4, 24, 48, 87
1523, 1522, 1521, 1520, 1519, 1548, 12, 11, 10, 9, 8, 44, 67, 68, 88
1523, 1543, 16, 17, 18, 19, 20, 21, 0, 1, 2, 3, 25, 49, 86, 89
1523, 1543, 1542, 1541, 1540, 1539, 1538, 1537, 1536, 4, 24, 48, 87, 90
1523, 1522, 1521, 1520, 1519, 1548, 12, 11, 10, 9, 8, 44, 67, 68, 91
1523, 1522, 1521, 1520, 1519, 1548, 12, 38, 61, 74, 73, 95, 94, 93, 92
1523, 1522, 1521, 1520, 1519, 1548, 12, 38, 61, 74, 73, 95, 94, 93
1523, 1522, 1521, 1520, 1519, 1548, 12, 38, 61, 74, 73, 95, 94
1523, 1522, 1521, 1520, 1519, 1548, 12, 38, 61, 74, 73, 95
1523, 1522, 1544, 15, 34, 35, 58, 76, 99, 98, 97, 96
1523, 1522, 1544, 15, 34, 35, 58, 76, 99, 98, 97
1523, 1522, 1544, 15, 34, 35, 58, 76, 99, 98
1523, 1522, 1544, 15, 34, 35, 58, 76, 99
1523, 1522, 1544, 15, 34, 35, 58, 77, 100
1523, 1522, 1544, 15, 34, 57, 78, 101
1523, 1543, 16, 32, 56, 80, 102
1523, 1543, 16, 32, 56, 80, 103
1523, 1543, 16, 32, 56, 55, 81, 104
1523, 1543, 16, 32, 56, 55, 81, 82, 105
1523, 1543, 16, 32, 56, 55, 81, 82, 105, 106
1523, 1543, 16, 32, 56, 55, 81, 82, 105, 106, 107
1523, 1543, 16, 32, 56, 55, 81, 82, 105, 106, 107, 108
1523, 1543, 16, 32, 56, 55, 81, 82, 83, 84, 85, 109
1523, 1543, 16, 32, 56, 55, 81, 82, 105, 106, 107, 110
1523, 1543, 16, 32, 56, 55, 81, 82, 83, 84, 85, 109, 111
1523, 1543, 16, 17, 18, 19, 20, 21, 0, 1, 2, 3, 25, 49, 86, 89, 112
1523, 1543, 16, 17, 18, 19, 20, 21, 0, 1, 2, 3, 25, 49, 86, 89, 113
1523, 1543, 1542, 1541, 1540, 1539, 1538, 1537, 1536, 4, 24, 48, 87, 90, 114
1523, 1522, 1521, 1520, 1519, 1548, 12, 11, 10, 9, 8, 44, 67, 68, 91, 115
1523, 1522, 1521, 1520, 1519, 1548, 12, 38, 61, 74, 73, 95, 119, 118, 117, 116
1523, 1522, 1521, 1520, 1519, 1548, 12, 38, 61, 74, 73, 95, 119, 118, 117
1523, 1522, 1521, 1520, 1519, 1548, 12, 38, 61, 74, 73, 95, 119, 118
1523, 1522, 1521, 1520, 1519, 1548, 12, 38, 61, 74, 73, 95, 119
1523, 1522, 1521, 1520, 1519, 1548, 12, 38, 61, 74, 73, 95, 120
1523, 1522, 1544, 15, 34, 35, 58, 76, 99, 98, 97, 96, 121
1523, 1522, 1544, 15, 34, 35, 58, 76, 99, 123, 122
1523, 1522, 1544, 15, 34, 35, 58, 76, 99, 123
1523, 1522, 1544, 15, 34, 35, 58, 77, 100, 124
1523, 1522, 1544, 15, 34, 57, 78, 101, 125
1523, 1543, 16, 32, 56, 80, 103, 126
1523, 1543, 16, 32, 56, 55, 81, 104, 127
1523, 1543, 16, 32, 56, 55, 81, 104, 127, 128
1523, 1543, 16, 32, 56, 55, 81, 82, 105, 129
1523, 1543, 16, 32, 56, 55, 81, 82, 105, 106, 130
1523, 1522, 1521, 1520, 1519, 1548, 12, 38, 61, 74, 73, 95, 119, 118, 117, 131
1523, 1522, 1521, 1520, 1519, 1548, 12, 38, 61, 74, 73, 95, 119, 118, 117, 131, 132
1523, 1522, 1521, 1520, 1519, 1548, 12, 38, 61, 74, 73, 95, 119, 118, 117, 131, 132, 133
1523, 1522, 1521, 1520, 1519, 1548, 12, 38, 61, 74, 73, 95, 119, 118, 117, 131, 132, 133, 134
1523, 1543, 1542, 1541, 1540, 1539, 1538, 1537, 1536, 4, 24, 48, 87, 90, 114, 135
1523, 1543, 1542, 1541, 1540, 1539, 1538, 1537, 1536, 4, 24, 48, 87, 90, 114, 136
1523, 1543, 16, 17, 18, 19, 20, 21, 0, 1, 2, 3, 25, 49, 86, 89, 113, 137
1523, 1543, 16, 32, 56, 55, 81, 82, 83, 84, 85, 109, 111, 138
1523, 1543, 16, 32, 56, 55, 81, 82, 105, 106, 107, 110, 139
1523, 1543, 16, 32, 56, 55, 81, 82, 105, 106, 130, 140
1523, 1543, 16, 32, 56, 55, 81, 104, 127, 128, 142, 141
1523, 1543, 16, 32, 56, 55, 81, 104, 127, 128, 142
1523, 1543, 16, 32, 56, 80, 103, 126, 144, 143
1523, 1543, 16, 32, 56, 80, 103, 126, 144
1523, 1522, 1544, 15, 34, 57, 78, 101, 125, 145
1523, 1522, 1544, 15, 34, 57, 78, 101, 125, 145, 146
1523, 1522, 1544, 15, 34, 35, 58, 77, 100, 124, 147
1523, 1522, 1544, 15, 34, 35, 58, 76, 99, 123, 148
1523, 1522, 1544, 15, 34, 35, 58, 76, 99, 123, 148, 149
1523, 1522, 1544, 15, 34, 35, 58, 76, 99, 98, 97, 96, 121, 150
1523, 1522, 1544, 15, 34, 35, 58, 76, 99, 98, 97, 96, 121, 150, 151
1523, 1522, 1521, 1520, 1519, 1548, 12, 38, 61, 74, 73, 95, 120, 152
1523, 1522, 1521, 1520, 1519, 1548, 12, 38, 61, 74, 73, 95, 119, 153
1523, 1522, 1521, 1520, 1519, 1548, 12, 38, 61, 74, 73, 95, 119, 153, 154
1523, 1522, 1521, 1520, 1519, 1548, 12, 38, 61, 74, 73, 95, 119, 118, 117, 155
1523, 1543, 16, 32, 56, 55, 81, 82, 105, 106, 130, 140, 156
1523, 1543, 16, 32, 56, 55, 81, 104, 127, 128, 142, 141, 157
1523, 1543, 16, 32, 56, 55, 81, 104, 127, 128, 142, 158
1523, 1543, 16, 32, 56, 80, 103, 126, 144, 143, 159
1523, 1543, 16, 32, 56, 80, 103, 126, 144, 160
1523, 1522, 1544, 15, 34, 57, 78, 101, 125, 145, 161
1523, 1522, 1544, 15, 34, 57, 78, 101, 125, 145, 146, 162
1523, 1522, 1544, 15, 34, 35, 58, 77, 100, 124, 147, 163
1523, 1522, 1544, 15, 34, 35, 58, 76, 99, 123, 148, 164
1523, 1522, 1544, 15, 34, 35, 58, 76, 99, 123, 148, 164, 165
1523, 1522, 1544, 15, 34, 35, 58, 76, 99, 98, 97, 96, 121, 150, 166
1523, 1522, 1544, 15, 34, 35, 58, 76, 99, 98, 97, 96, 121, 150, 151, 167
1523, 1522, 1521, 1520, 1519, 1548, 12, 38, 61, 74, 73, 95, 120, 152, 168
1523, 1522, 1521, 1520, 1519, 1548, 12, 38, 61, 74, 73, 95, 120, 152, 168, 169
1523, 1522, 1521, 1520, 1519, 1548, 12, 38, 61, 74, 73, 95, 119, 118, 117, 155, 170
1523, 1522, 1521, 1520, 1519, 1548, 12, 38, 61, 74, 73, 95, 119, 118, 117, 131, 171
1523, 1522, 1521, 1520, 1519, 1548, 12, 38, 61, 74, 73, 95, 119, 118, 117, 131, 132, 133, 172
1523, 1543, 16, 17, 18, 19, 20, 21, 0, 1, 2, 3, 25, 49, 86, 89, 113, 137, 175, 174, 173
1523, 1543, 16, 17, 18, 19, 20, 21, 0, 1, 2, 3, 25, 49, 86, 89, 113, 137, 175, 174
1523, 1543, 16, 17, 18, 19, 20, 21, 0, 1, 2, 3, 25, 49, 86, 89, 113, 137, 175
1523, 1543, 16, 32, 56, 55, 81, 82, 83, 84, 85, 109, 111, 138, 176
1523, 1543, 16, 32, 56, 55, 81, 82, 105, 106, 107, 110, 139, 177
1523, 1522, 1521, 1520, 1519, 1548, 12, 38, 61, 74, 73, 95, 120, 152, 168, 198, 178
1523, 1522, 1521, 1520, 1519, 1548, 12, 38, 61, 74, 73, 95, 119, 118, 117, 131, 171, 179
1523, 1522, 1521, 1520, 1519, 1548, 12, 38, 61, 74, 73, 95, 119, 118, 117, 131, 171, 179, 180
1523, 1522, 1521, 1520, 1519, 1548, 12, 38, 61, 74, 73, 95, 119, 118, 117, 131, 132, 133, 172, 181
1523, 1543, 16, 17, 18, 19, 20, 21, 0, 1, 2, 3, 25, 49, 86, 89, 113, 137, 175, 174, 182
1523, 1543, 16, 17, 18, 19, 20, 21, 0, 1, 2, 3, 25, 49, 86, 89, 113, 137, 175, 183
1523, 1543, 16, 32, 56, 55, 81, 82, 83, 84, 85, 109, 111, 138, 176, 184
1523, 1543, 16, 32, 56, 55, 81, 82, 105, 106, 107, 110, 139, 177, 185
1523, 1543, 16, 32, 56, 55, 81, 82, 105, 106, 130, 140, 156, 187, 186
1523, 1543, 16, 32, 56, 55, 81, 82, 105, 106, 130, 140, 156, 187
1523, 1543, 16, 32, 56, 55, 81, 82, 105, 106, 130, 140, 156, 188
1523, 1543, 16, 32, 56, 55, 81, 104, 127, 128, 142, 141, 157, 189
1523, 1543, 16, 32, 56, 80, 103, 126, 144, 143, 159, 190
1523, 1543, 16, 32, 56, 80, 103, 126, 144, 160, 191
1523, 1522, 1544, 15, 34, 57, 78, 101, 125, 145, 161, 192
1523, 1522, 1544, 15, 34, 57, 78, 101, 125, 145, 146, 162, 193
1523, 1522, 1544, 15, 34, 35, 58, 76, 99, 123, 148, 164, 194
1523, 1522, 1544, 15, 34, 35, 58, 76, 99, 123, 148, 164, 165, 195
1523, 1522, 1544, 15, 34, 35, 58, 76, 99, 123, 148, 164, 165, 195, 196
1523, 1522, 1544, 15, 34, 35, 58, 76, 99, 123, 148, 164, 165, 195, 196, 197
1523, 1522, 1521, 1520, 1519, 1548, 12, 38, 61, 74, 73, 95, 120, 152, 168, 198
1523, 1522, 1544, 15, 34, 57, 78, 101, 125, 145, 146, 162, 193, 199
