1082, 1105, 1129, 1147, 1166, 1193, 1217, 1231, 1259, 1289, 1294, 1317, 1338, 1356, 1372, 1394, 1395, 1423, 1449, 1463, 1493, 1504, 1529, 1538, 0
1082, 1105, 1129, 1147, 1166, 1193, 1217, 1231, 1259, 1289, 1294, 1317, 1338, 1356, 1372, 1394, 1395, 1423, 1449, 1463, 1493, 1504, 1529, 1538, 1
1082, 1105, 1129, 1147, 1166, 1193, 1217, 1231, 1259, 1289, 1294, 1317, 1338, 1356, 1372, 1394, 1395, 1423, 1449, 1463, 1493, 1504, 1529, 1538, 1, 2
1082, 1105, 1129, 1147, 1166, 1193, 1217, 1231, 1259, 1289, 1294, 1317, 1338, 1356, 1372, 1394, 1395, 1423, 1449, 1463, 1462, 1491, 1503, 1530, 1537, 3
1082, 1105, 1129, 1147, 1166, 1193, 1217, 1231, 1259, 1289, 1294, 1317, 1338, 1356, 1372, 1394, 1395, 1423, 1449, 1463, 1462, 1491, 1503, 1530, 1537, 1536, 4
1082, 1105, 1129, 1147, 1166, 1193, 1217, 1231, 1259, 1289, 1294, 1317, 1338, 1356, 1372, 1371, 1397, 1398, 1399, 1400, 1426, 1444, 1460, 1488, 1501, 1532, 1535, 5
1082, 1105, 1129, 1147, 1166, 1193, 1217, 1231, 1259, 1289, 1294, 1317, 1338, 1356, 1372, 1371, 1397, 1398, 1399, 1400, 1426, 1444, 1460, 1488, 1501, 1532, 1535, 5, 6
1082, 1106, 1130, 1131, 1145, 1162, 1188, 1212, 1211, 1238, 1265, 1266, 1280, 1303, 1326, 1346, 1347, 1348, 1368, 1383, 1405, 1411, 1440, 1455, 1485, 1486, 1499, 1534, 1553, 7
1082, 1106, 1130, 1131, 1145, 1162, 1188, 1212, 1211, 1238, 1265, 1266, 1280, 1303, 1326, 1346, 1347, 1348, 1368, 1383, 1405, 1411, 1440, 1455, 1485, 1498, 1514, 1552, 8
1082, 1106, 1130, 1131, 1145, 1162, 1188, 1212, 1211, 1238, 1265, 1266, 1280, 1303, 1326, 1346, 1347, 1348, 1368, 1383, 1405, 1411, 1440, 1455, 1485, 1498, 1514, 1552, 9
1082, 1106, 1130, 1131, 1145, 1162, 1188, 1212, 1211, 1238, 1265, 1266, 1280, 1303, 1326, 1346, 1365, 1381, 1407, 1413, 1438, 1452, 1482, 1494, 1517, 1550, 11, 10
1082, 1106, 1130, 1131, 1145, 1162, 1188, 1212, 1211, 1238, 1265, 1266, 1280, 1303, 1326, 1346, 1365, 1381, 1407, 1413, 1438, 1452, 1482, 1494, 1517, 1550, 11
1082, 1105, 1129, 1147, 1166, 1192, 1216, 1233, 1260, 1287, 1296, 1320, 1341, 1360, 1375, 1390, 1417, 1433, 1469, 1470, 1479, 1512, 1520, 1519, 1548, 12
1082, 1105, 1129, 1147, 1166, 1192, 1216, 1233, 1260, 1287, 1296, 1320, 1341, 1360, 1375, 1390, 1417, 1433, 1469, 1470, 1479, 1512, 1520, 1545, 14, 13
1082, 1105, 1129, 1147, 1166, 1192, 1216, 1233, 1260, 1287, 1296, 1320, 1341, 1360, 1375, 1390, 1417, 1433, 1469, 1470, 1479, 1512, 1520, 1545, 14
1082, 1105, 1129, 1147, 1166, 1192, 1216, 1233, 1260, 1287, 1296, 1320, 1341, 1360, 1375, 1390, 1417, 1433, 1469, 1477, 1478, 1511, 1522, 1544, 15
1082, 1105, 1129, 1147, 1166, 1192, 1216, 1233, 1260, 1287, 1295, 1318, 1339, 1358, 1374, 1392, 1419, 1432, 1468, 1476, 1509, 1524, 1523, 1543, 16
1082, 1105, 1129, 1147, 1166, 1192, 1216, 1233, 1260, 1287, 1295, 1318, 1339, 1358, 1374, 1392, 1419, 1432, 1468, 1476, 1509, 1525, 1542, 17
1082, 1105, 1129, 1147, 1166, 1192, 1216, 1233, 1260, 1287, 1295, 1318, 1339, 1358, 1374, 1392, 1420, 1431, 1467, 1475, 1508, 1526, 1541, 18
1082, 1105, 1129, 1147, 1166, 1192, 1216, 1233, 1260, 1287, 1295, 1318, 1339, 1358, 1374, 1392, 1420, 1431, 1467, 1475, 1508, 1526, 1541, 19
1082, 1105, 1129, 1147, 1166, 1192, 1216, 1233, 1260, 1287, 1295, 1318, 1339, 1358, 1373, 1393, 1421, 1451, 1465, 1474, 1507, 1527, 1540, 20
1082, 1105, 1129, 1147, 1166, 1193, 1217, 1231, 1259, 1289, 1294, 1317, 1338, 1356, 1372, 1394, 1422, 1450, 1464, 1473, 1506, 1528, 1539, 21
1082, 1105, 1129, 1147, 1166, 1193, 1217, 1231, 1259, 1289, 1294, 1317, 1338, 1356, 1372, 1371, 1397, 1398, 1399, 1400, 1426, 1444, 1460, 1488, 1501, 1532, 1535, 5, 22
1082, 1105, 1129, 1147, 1166, 1193, 1217, 1231, 1259, 1289, 1294, 1317, 1338, 1356, 1372, 1371, 1397, 1398, 1399, 1400, 1426, 1444, 1460, 1488, 1501, 1532, 1535, 5, 23
1082, 1105, 1129, 1147, 1166, 1193, 1217, 1231, 1259, 1289, 1294, 1317, 1338, 1356, 1372, 1394, 1395, 1423, 1449, 1463, 1462, 1491, 1503, 1530, 1537, 1536, 4, 24
1082, 1105, 1129, 1147, 1166, 1193, 1217, 1231, 1259, 1289, 1294, 1317, 1338, 1356, 1372, 1394, 1395, 1423, 1449, 1463, 1462, 1491, 1503, 1530, 1537, 3, 25
1082, 1105, 1129, 1147, 1166, 1193, 1217, 1231, 1259, 1289, 1294, 1317, 1338, 1356, 1372, 1394, 1395, 1423, 1449, 1463, 1493, 1504, 1529, 1538, 0, 26
1082, 1105, 1129, 1147, 1166, 1193, 1217, 1231, 1259, 1289, 1294, 1317, 1338, 1356, 1372, 1394, 1422, 1450, 1464, 1473, 1506, 1528, 1539, 21, 27
1082, 1105, 1129, 1147, 1166, 1193, 1217, 1231, 1259, 1289, 1294, 1317, 1338, 1356, 1372, 1394, 1422, 1450, 1464, 1473, 1506, 1528, 1539, 21, 28
1082, 1105, 1129, 1147, 1166, 1192, 1216, 1233, 1260, 1287, 1295, 1318, 1339, 1358, 1373, 1393, 1421, 1451, 1465, 1474, 1507, 1527, 1540, 20, 29
1082, 1105, 1129, 1147, 1166, 1192, 1216, 1233, 1260, 1287, 1295, 1318, 1339, 1358, 1374, 1392, 1420, 1431, 1467, 1475, 1508, 1526, 1541, 18, 30
1082, 1105, 1129, 1147, 1166, 1192, 1216, 1233, 1260, 1287, 1295, 1318, 1339, 1358, 1374, 1392, 1419, 1432, 1468, 1476, 1509, 1525, 1542, 17, 31
1082, 1105, 1129, 1147, 1166, 1192, 1216, 1233, 1260, 1287, 1295, 1318, 1339, 1358, 1374, 1392, 1419, 1432, 1468, 1476, 1509, 1524, 1523, 1543, 16, 32
1082, 1105, 1129, 1147, 1166, 1192, 1216, 1233, 1260, 1287, 1296, 1320, 1341, 1360, 1375, 1390, 1417, 1433, 1469, 1477, 1478, 1511, 1522, 1544, 15, 33
1082, 1105, 1129, 1147, 1166, 1192, 1216, 1233, 1260, 1287, 1296, 1320, 1341, 1360, 1375, 1390, 1417, 1433, 1469, 1477, 1478, 1511, 1522, 1544, 15, 34
1082, 1105, 1129, 1147, 1166, 1192, 1216, 1233, 1260, 1287, 1296, 1320, 1341, 1360, 1375, 1390, 1417, 1433, 1469, 1470, 1479, 1512, 1520, 1545, 14, 35
1082, 1105, 1129, 1147, 1166, 1192, 1216, 1233, 1260, 1287, 1296, 1320, 1341, 1360, 1375, 1390, 1417, 1433, 1469, 1470, 1479, 1512, 1520, 1545, 14, 13, 36
1082, 1105, 1129, 1147, 1166, 1192, 1216, 1233, 1260, 1287, 1296, 1320, 1341, 1360, 1375, 1390, 1417, 1433, 1469, 1470, 1479, 1512, 1520, 1519, 1548, 12, 37
1082, 1105, 1129, 1147, 1166, 1192, 1216, 1233, 1260, 1287, 1296, 1320, 1341, 1360, 1375, 1390, 1417, 1433, 1469, 1470, 1479, 1512, 1520, 1519, 1548, 12, 38
1082, 1105, 1129, 1147, 1166, 1192, 1216, 1233, 1260, 1287, 1296, 1320, 1341, 1360, 1375, 1390, 1417, 1433, 1469, 1470, 1479, 1512, 1520, 1519, 1548, 12, 38, 39
1082, 1105, 1129, 1147, 1166, 1192, 1216, 1233, 1260, 1287, 1296, 1320, 1341, 1360, 1375, 1390, 1417, 1433, 1469, 1470, 1479, 1512, 1520, 1519, 1548, 12, 38, 39, 40
1082, 1105, 1129, 1147, 1166, 1192, 1216, 1233, 1260, 1287, 1296, 1320, 1341, 1360, 1375, 1390, 1417, 1433, 1469, 1470, 1479, 1512, 1520, 1519, 1548, 12, 38, 39, 40, 41
1082, 1106, 1130, 1131, 1145, 1162, 1188, 1212, 1211, 1238, 1265, 1266, 1280, 1303, 1326, 1346, 1365, 1381, 1407, 1413, 1438, 1452, 1482, 1494, 1517, 1550, 11, 10, 42
1082, 1106, 1130, 1131, 1145, 1162, 1188, 1212, 1211, 1238, 1265, 1266, 1280, 1303, 1326, 1346, 1365, 1381, 1407, 1413, 1438, 1452, 1482, 1494, 1517, 1550, 11, 10, 42, 43
1082, 1106, 1130, 1131, 1145, 1162, 1188, 1212, 1211, 1238, 1265, 1266, 1280, 1303, 1326, 1346, 1347, 1348, 1368, 1383, 1405, 1411, 1440, 1455, 1485, 1498, 1514, 1552, 8, 44
1082, 1105, 1129, 1147, 1166, 1193, 1217, 1231, 1259, 1289, 1294, 1317, 1338, 1356, 1372, 1371, 1397, 1398, 1399, 1400, 1426, 1444, 1460, 1488, 1501, 1532, 1535, 5, 22, 45
1082, 1105, 1129, 1147, 1166, 1193, 1217, 1231, 1259, 1289, 1294, 1317, 1338, 1356, 1372, 1371, 1397, 1398, 1399, 1400, 1426, 1444, 1460, 1488, 1501, 1532, 1535, 5, 22, 46
1082, 1105, 1129, 1147, 1166, 1193, 1217, 1231, 1259, 1289, 1294, 1317, 1338, 1356, 1372, 1371, 1397, 1398, 1399, 1400, 1426, 1444, 1460, 1488, 1501, 1532, 1535, 5, 23, 47
1082, 1105, 1129, 1147, 1166, 1193, 1217, 1231, 1259, 1289, 1294, 1317, 1338, 1356, 1372, 1394, 1395, 1423, 1449, 1463, 1462, 1491, 1503, 1530, 1537, 1536, 4, 24, 48
1082, 1105, 1129, 1147, 1166, 1193, 1217, 1231, 1259, 1289, 1294, 1317, 1338, 1356, 1372, 1394, 1395, 1423, 1449, 1463, 1462, 1491, 1503, 1530, 1537, 3, 25, 49
1082, 1105, 1129, 1147, 1166, 1193, 1217, 1231, 1259, 1289, 1294, 1317, 1338, 1356, 1372, 1394, 1395, 1423, 1449, 1463, 1493, 1504, 1529, 1538, 0, 26, 50
1082, 1105, 1129, 1147, 1166, 1193, 1217, 1231, 1259, 1289, 1294, 1317, 1338, 1356, 1372, 1394, 1395, 1423, 1449, 1463, 1493, 1504, 1529, 1538, 0, 26, 51
1082, 1105, 1129, 1147, 1166, 1193, 1217, 1231, 1259, 1289, 1294, 1317, 1338, 1356, 1372, 1394, 1422, 1450, 1464, 1473, 1506, 1528, 1539, 21, 27, 52
1082, 1105, 1129, 1147, 1166, 1192, 1216, 1233, 1260, 1287, 1295, 1318, 1339, 1358, 1373, 1393, 1421, 1451, 1465, 1474, 1507, 1527, 1540, 20, 29, 53
1082, 1105, 1129, 1147, 1166, 1192, 1216, 1233, 1260, 1287, 1295, 1318, 1339, 1358, 1374, 1392, 1420, 1431, 1467, 1475, 1508, 1526, 1541, 18, 30, 54
1082, 1105, 1129, 1147, 1166, 1192, 1216, 1233, 1260, 1287, 1295, 1318, 1339, 1358, 1374, 1392, 1419, 1432, 1468, 1476, 1509, 1525, 1542, 17, 31, 55
1082, 1105, 1129, 1147, 1166, 1192, 1216, 1233, 1260, 1287, 1295, 1318, 1339, 1358, 1374, 1392, 1419, 1432, 1468, 1476, 1509, 1525, 1542, 17, 31, 55, 56
1082, 1105, 1129, 1147, 1166, 1192, 1216, 1233, 1260, 1287, 1296, 1320, 1341, 1360, 1375, 1390, 1417, 1433, 1469, 1477, 1478, 1511, 1522, 1544, 15, 34, 57
1082, 1105, 1129, 1147, 1166, 1192, 1216, 1233, 1260, 1287, 1296, 1320, 1341, 1360, 1375, 1390, 1417, 1433, 1469, 1470, 1479, 1512, 1520, 1545, 14, 35, 58
1082, 1105, 1129, 1147, 1166, 1192, 1216, 1233, 1260, 1287, 1296, 1320, 1341, 1360, 1375, 1390, 1417, 1433, 1469, 1470, 1479, 1512, 1520, 1545, 14, 13, 36, 59
1082, 1105, 1129, 1147, 1166, 1192, 1216, 1233, 1260, 1287, 1296, 1320, 1341, 1360, 1375, 1390, 1417, 1433, 1469, 1470, 1479, 1512, 1520, 1519, 1548, 12, 37, 60
1082, 1105, 1129, 1147, 1166, 1192, 1216, 1233, 1260, 1287, 1296, 1320, 1341, 1360, 1375, 1390, 1417, 1433, 1469, 1470, 1479, 1512, 1520, 1519, 1548, 12, 38, 61
1082, 1105, 1129, 1147, 1166, 1192, 1216, 1233, 1260, 1287, 1296, 1320, 1341, 1360, 1375, 1390, 1417, 1433, 1469, 1470, 1479, 1512, 1520, 1519, 1548, 12, 38, 39, 62
1082, 1105, 1129, 1147, 1166, 1192, 1216, 1233, 1260, 1287, 1296, 1320, 1341, 1360, 1375, 1390, 1417, 1433, 1469, 1470, 1479, 1512, 1520, 1519, 1548, 12, 38, 39, 62, 63
1082, 1105, 1129, 1147, 1166, 1192, 1216, 1233, 1260, 1287, 1296, 1320, 1341, 1360, 1375, 1390, 1417, 1433, 1469, 1470, 1479, 1512, 1520, 1519, 1548, 12, 38, 39, 62, 63, 64
1082, 1105, 1129, 1147, 1166, 1192, 1216, 1233, 1260, 1287, 1296, 1320, 1341, 1360, 1375, 1390, 1417, 1433, 1469, 1470, 1479, 1512, 1520, 1519, 1548, 12, 38, 39, 62, 63, 64, 65
1082, 1106, 1130, 1131, 1145, 1162, 1188, 1212, 1211, 1238, 1265, 1266, 1280, 1303, 1326, 1346, 1347, 1348, 1368, 1383, 1405, 1411, 1440, 1455, 1485, 1498, 1514, 1552, 8, 44, 66
1082, 1105, 1129, 1147, 1166, 1193, 1217, 1231, 1259, 1289, 1294, 1317, 1338, 1356, 1372, 1371, 1397, 1398, 1399, 1400, 1426, 1444, 1460, 1488, 1501, 1532, 1535, 5, 22, 46, 67
1082, 1105, 1129, 1147, 1166, 1193, 1217, 1231, 1259, 1289, 1294, 1317, 1338, 1356, 1372, 1371, 1397, 1398, 1399, 1400, 1426, 1444, 1460, 1488, 1501, 1532, 1535, 5, 23, 47, 88, 68
1082, 1105, 1129, 1147, 1166, 1193, 1217, 1231, 1259, 1289, 1294, 1317, 1338, 1356, 1372, 1371, 1397, 1398, 1399, 1400, 1426, 1444, 1460, 1488, 1501, 1532, 1535, 5, 23, 47, 88, 68, 69
1082, 1106, 1130, 1131, 1145, 1162, 1188, 1212, 1211, 1238, 1265, 1266, 1280, 1303, 1326, 1346, 1347, 1348, 1368, 1383, 1405, 1411, 1440, 1455, 1485, 1498, 1514, 1552, 8, 44, 66, 70
1082, 1106, 1130, 1131, 1145, 1162, 1188, 1212, 1211, 1238, 1265, 1266, 1280, 1303, 1326, 1346, 1347, 1348, 1368, 1383, 1405, 1411, 1440, 1455, 1485, 1498, 1514, 1552, 8, 44, 66, 71
1082, 1105, 1129, 1147, 1166, 1192, 1216, 1233, 1260, 1287, 1296, 1320, 1341, 1360, 1375, 1390, 1417, 1433, 1469, 1470, 1479, 1512, 1520, 1519, 1548, 12, 38, 61, 74, 73, 72
1082, 1105, 1129, 1147, 1166, 1192, 1216, 1233, 1260, 1287, 1296, 1320, 1341, 1360, 1375, 1390, 1417, 1433, 1469, 1470, 1479, 1512, 1520, 1519, 1548, 12, 38, 61, 74, 73
1082, 1105, 1129, 1147, 1166, 1192, 1216, 1233, 1260, 1287, 1296, 1320, 1341, 1360, 1375, 1390, 1417, 1433, 1469, 1470, 1479, 1512, 1520, 1519, 1548, 12, 38, 61, 74
1082, 1105, 1129, 1147, 1166, 1192, 1216, 1233, 1260, 1287, 1296, 1320, 1341, 1360, 1375, 1390, 1417, 1433, 1469, 1470, 1479, 1512, 1520, 1545, 14, 35, 58, 76, 75
1082, 1105, 1129, 1147, 1166, 1192, 1216, 1233, 1260, 1287, 1296, 1320, 1341, 1360, 1375, 1390, 1417, 1433, 1469, 1470, 1479, 1512, 1520, 1545, 14, 35, 58, 76
1082, 1105, 1129, 1147, 1166, 1192, 1216, 1233, 1260, 1287, 1296, 1320, 1341, 1360, 1375, 1390, 1417, 1433, 1469, 1470, 1479, 1512, 1520, 1545, 14, 35, 58, 77
1082, 1105, 1129, 1147, 1166, 1192, 1216, 1233, 1260, 1287, 1296, 1320, 1341, 1360, 1375, 1390, 1417, 1433, 1469, 1477, 1478, 1511, 1522, 1544, 15, 34, 57, 78
1082, 1105, 1129, 1147, 1166, 1192, 1216, 1233, 1260, 1287, 1295, 1318, 1339, 1358, 1374, 1392, 1419, 1432, 1468, 1476, 1509, 1525, 1542, 17, 31, 55, 56, 79
1082, 1105, 1129, 1147, 1166, 1192, 1216, 1233, 1260, 1287, 1295, 1318, 1339, 1358, 1374, 1392, 1419, 1432, 1468, 1476, 1509, 1525, 1542, 17, 31, 55, 56, 80
1082, 1105, 1129, 1147, 1166, 1192, 1216, 1233, 1260, 1287, 1295, 1318, 1339, 1358, 1374, 1392, 1419, 1432, 1468, 1476, 1509, 1525, 1542, 17, 31, 55, 81
1082, 1105, 1129, 1147, 1166, 1192, 1216, 1233, 1260, 1287, 1295, 1318, 1339, 1358, 1374, 1392, 1420, 1431, 1467, 1475, 1508, 1526, 1541, 18, 30, 54, 82
1082, 1105, 1129, 1147, 1166, 1192, 1216, 1233, 1260, 1287, 1295, 1318, 1339, 1358, 1373, 1393, 1421, 1451, 1465, 1474, 1507, 1527, 1540, 20, 29, 53, 83
1082, 1105, 1129, 1147, 1166, 1193, 1217, 1231, 1259, 1289, 1294, 1317, 1338, 1356, 1372, 1394, 1422, 1450, 1464, 1473, 1506, 1528, 1539, 21, 27, 52, 84
1082, 1105, 1129, 1147, 1166, 1193, 1217, 1231, 1259, 1289, 1294, 1317, 1338, 1356, 1372, 1394, 1395, 1423, 1449, 1463, 1493, 1504, 1529, 1538, 0, 26, 50, 85
1082, 1105, 1129, 1147, 1166, 1193, 1217, 1231, 1259, 1289, 1294, 1317, 1338, 1356, 1372, 1394, 1395, 1423, 1449, 1463, 1462, 1491, 1503, 1530, 1537, 3, 25, 49, 86
1082, 1105, 1129, 1147, 1166, 1193, 1217, 1231, 1259, 1289, 1294, 1317, 1338, 1356, 1372, 1394, 1395, 1423, 1449, 1463, 1462, 1491, 1503, 1530, 1537, 1536, 4, 24, 48, 87
1082, 1105, 1129, 1147, 1166, 1193, 1217, 1231, 1259, 1289, 1294, 1317, 1338, 1356, 1372, 1371, 1397, 1398, 1399, 1400, 1426, 1444, 1460, 1488, 1501, 1532, 1535, 5, 23, 47, 88
1082, 1105, 1129, 1147, 1166, 1193, 1217, 1231, 1259, 1289, 1294, 1317, 1338, 1356, 1372, 1394, 1395, 1423, 1449, 1463, 1462, 1491, 1503, 1530, 1537, 3, 25, 49, 86, 89
1082, 1105, 1129, 1147, 1166, 1193, 1217, 1231, 1259, 1289, 1294, 1317, 1338, 1356, 1372, 1394, 1395, 1423, 1449, 1463, 1462, 1491, 1503, 1530, 1537, 1536, 4, 24, 48, 87, 90
1082, 1105, 1129, 1147, 1166, 1193, 1217, 1231, 1259, 1289, 1294, 1317, 1338, 1356, 1372, 1371, 1397, 1398, 1399, 1400, 1426, 1444, 1460, 1488, 1501, 1532, 1535, 5, 23, 47, 88, 91
1082, 1105, 1129, 1147, 1166, 1193, 1217, 1231, 1259, 1289, 1294, 1317, 1338, 1356, 1372, 1371, 1397, 1398, 1399, 1400, 1426, 1444, 1460, 1488, 1501, 1532, 1535, 5, 23, 47, 88, 91, 92
1082, 1105, 1129, 1147, 1166, 1192, 1216, 1233, 1260, 1287, 1296, 1320, 1341, 1360, 1375, 1390, 1417, 1433, 1469, 1470, 1479, 1512, 1520, 1519, 1548, 12, 38, 61, 74, 73, 95, 94, 93
1082, 1105, 1129, 1147, 1166, 1192, 1216, 1233, 1260, 1287, 1296, 1320, 1341, 1360, 1375, 1390, 1417, 1433, 1469, 1470, 1479, 1512, 1520, 1519, 1548, 12, 38, 61, 74, 73, 95, 94
1082, 1105, 1129, 1147, 1166, 1192, 1216, 1233, 1260, 1287, 1296, 1320, 1341, 1360, 1375, 1390, 1417, 1433, 1469, 1470, 1479, 1512, 1520, 1519, 1548, 12, 38, 61, 74, 73, 95
1082, 1105, 1129, 1147, 1166, 1192, 1216, 1233, 1260, 1287, 1296, 1320, 1341, 1360, 1375, 1390, 1417, 1433, 1469, 1470, 1479, 1512, 1520, 1519, 1548, 12, 38, 61, 74, 96
1082, 1105, 1129, 1147, 1166, 1192, 1216, 1233, 1260, 1287, 1296, 1320, 1341, 1360, 1375, 1390, 1417, 1433, 1469, 1470, 1479, 1512, 1520, 1545, 14, 35, 58, 76, 99, 98, 97
1082, 1105, 1129, 1147, 1166, 1192, 1216, 1233, 1260, 1287, 1296, 1320, 1341, 1360, 1375, 1390, 1417, 1433, 1469, 1470, 1479, 1512, 1520, 1545, 14, 35, 58, 76, 99, 98
1082, 1105, 1129, 1147, 1166, 1192, 1216, 1233, 1260, 1287, 1296, 1320, 1341, 1360, 1375, 1390, 1417, 1433, 1469, 1470, 1479, 1512, 1520, 1545, 14, 35, 58, 76, 99
1082, 1105, 1129, 1147, 1166, 1192, 1216, 1233, 1260, 1287, 1296, 1320, 1341, 1360, 1375, 1390, 1417, 1433, 1469, 1470, 1479, 1512, 1520, 1545, 14, 35, 58, 77, 100
1082, 1105, 1129, 1147, 1166, 1192, 1216, 1233, 1260, 1287, 1295, 1318, 1339, 1358, 1374, 1392, 1419, 1432, 1468, 1476, 1509, 1525, 1542, 17, 31, 55, 56, 80, 102, 101
1082, 1105, 1129, 1147, 1166, 1192, 1216, 1233, 1260, 1287, 1295, 1318, 1339, 1358, 1374, 1392, 1419, 1432, 1468, 1476, 1509, 1525, 1542, 17, 31, 55, 56, 80, 102
1082, 1105, 1129, 1147, 1166, 1192, 1216, 1233, 1260, 1287, 1295, 1318, 1339, 1358, 1374, 1392, 1419, 1432, 1468, 1476, 1509, 1525, 1542, 17, 31, 55, 56, 80, 103
1082, 1105, 1129, 1147, 1166, 1192, 1216, 1233, 1260, 1287, 1295, 1318, 1339, 1358, 1374, 1392, 1419, 1432, 1468, 1476, 1509, 1525, 1542, 17, 31, 55, 81, 104
1082, 1105, 1129, 1147, 1166, 1192, 1216, 1233, 1260, 1287, 1295, 1318, 1339, 1358, 1374, 1392, 1420, 1431, 1467, 1475, 1508, 1526, 1541, 18, 30, 54, 82, 105
1082, 1105, 1129, 1147, 1166, 1192, 1216, 1233, 1260, 1287, 1295, 1318, 1339, 1358, 1373, 1393, 1421, 1451, 1465, 1474, 1507, 1527, 1540, 20, 29, 53, 83, 106
1082, 1105, 1129, 1147, 1166, 1193, 1217, 1231, 1259, 1289, 1294, 1317, 1338, 1356, 1372, 1394, 1422, 1450, 1464, 1473, 1506, 1528, 1539, 21, 27, 52, 84, 107
1082, 1105, 1129, 1147, 1166, 1193, 1217, 1231, 1259, 1289, 1294, 1317, 1338, 1356, 1372, 1394, 1395, 1423, 1449, 1463, 1493, 1504, 1529, 1538, 0, 26, 50, 85, 108
1082, 1105, 1129, 1147, 1166, 1193, 1217, 1231, 1259, 1289, 1294, 1317, 1338, 1356, 1372, 1394, 1395, 1423, 1449, 1463, 1493, 1504, 1529, 1538, 0, 26, 50, 85, 109
1082, 1105, 1129, 1147, 1166, 1193, 1217, 1231, 1259, 1289, 1294, 1317, 1338, 1356, 1372, 1394, 1422, 1450, 1464, 1473, 1506, 1528, 1539, 21, 27, 52, 84, 107, 110
1082, 1105, 1129, 1147, 1166, 1193, 1217, 1231, 1259, 1289, 1294, 1317, 1338, 1356, 1372, 1394, 1395, 1423, 1449, 1463, 1493, 1504, 1529, 1538, 0, 26, 50, 85, 109, 111
1082, 1105, 1129, 1147, 1166, 1193, 1217, 1231, 1259, 1289, 1294, 1317, 1338, 1356, 1372, 1394, 1395, 1423, 1449, 1463, 1462, 1491, 1503, 1530, 1537, 3, 25, 49, 86, 89, 112
1082, 1105, 1129, 1147, 1166, 1193, 1217, 1231, 1259, 1289, 1294, 1317, 1338, 1356, 1372, 1394, 1395, 1423, 1449, 1463, 1462, 1491, 1503, 1530, 1537, 3, 25, 49, 86, 89, 113
1082, 1105, 1129, 1147, 1166, 1193, 1217, 1231, 1259, 1289, 1294, 1317, 1338, 1356, 1372, 1394, 1395, 1423, 1449, 1463, 1462, 1491, 1503, 1530, 1537, 1536, 4, 24, 48, 87, 90, 114
1082, 1105, 1129, 1147, 1166, 1193, 1217, 1231, 1259, 1289, 1294, 1317, 1338, 1356, 1372, 1371, 1397, 1398, 1399, 1400, 1426, 1444, 1460, 1488, 1501, 1532, 1535, 5, 23, 47, 88, 91, 115
1082, 1105, 1129, 1147, 1166, 1193, 1217, 1231, 1259, 1289, 1294, 1317, 1338, 1356, 1372, 1371, 1397, 1398, 1399, 1400, 1426, 1444, 1460, 1488, 1501, 1532, 1535, 5, 23, 47, 88, 91, 115, 116
1082, 1105, 1129, 1147, 1166, 1192, 1216, 1233, 1260, 1287, 1296, 1320, 1341, 1360, 1375, 1390, 1417, 1433, 1469, 1470, 1479, 1512, 1520, 1519, 1548, 12, 38, 61, 74, 73, 95, 119, 118, 117
1082, 1105, 1129, 1147, 1166, 1192, 1216, 1233, 1260, 1287, 1296, 1320, 1341, 1360, 1375, 1390, 1417, 1433, 1469, 1470, 1479, 1512, 1520, 1519, 1548, 12, 38, 61, 74, 73, 95, 119, 118
1082, 1105, 1129, 1147, 1166, 1192, 1216, 1233, 1260, 1287, 1296, 1320, 1341, 1360, 1375, 1390, 1417, 1433, 1469, 1470, 1479, 1512, 1520, 1519, 1548, 12, 38, 61, 74, 73, 95, 119
1082, 1105, 1129, 1147, 1166, 1192, 1216, 1233, 1260, 1287, 1296, 1320, 1341, 1360, 1375, 1390, 1417, 1433, 1469, 1470, 1479, 1512, 1520, 1519, 1548, 12, 38, 61, 74, 73, 95, 120
1082, 1105, 1129, 1147, 1166, 1192, 1216, 1233, 1260, 1287, 1296, 1320, 1341, 1360, 1375, 1390, 1417, 1433, 1469, 1470, 1479, 1512, 1520, 1519, 1548, 12, 38, 61, 74, 96, 121
1082, 1105, 1129, 1147, 1166, 1192, 1216, 1233, 1260, 1287, 1296, 1320, 1341, 1360, 1375, 1390, 1417, 1433, 1469, 1470, 1479, 1512, 1520, 1545, 14, 35, 58, 76, 99, 123, 122
1082, 1105, 1129, 1147, 1166, 1192, 1216, 1233, 1260, 1287, 1296, 1320, 1341, 1360, 1375, 1390, 1417, 1433, 1469, 1470, 1479, 1512, 1520, 1545, 14, 35, 58, 76, 99, 123
1082, 1105, 1129, 1147, 1166, 1192, 1216, 1233, 1260, 1287, 1296, 1320, 1341, 1360, 1375, 1390, 1417, 1433, 1469, 1470, 1479, 1512, 1520, 1545, 14, 35, 58, 77, 100, 124
1082, 1105, 1129, 1147, 1166, 1192, 1216, 1233, 1260, 1287, 1295, 1318, 1339, 1358, 1374, 1392, 1419, 1432, 1468, 1476, 1509, 1525, 1542, 17, 31, 55, 56, 80, 102, 101, 125
1082, 1105, 1129, 1147, 1166, 1192, 1216, 1233, 1260, 1287, 1295, 1318, 1339, 1358, 1374, 1392, 1419, 1432, 1468, 1476, 1509, 1525, 1542, 17, 31, 55, 56, 80, 103, 126
1082, 1105, 1129, 1147, 1166, 1192, 1216, 1233, 1260, 1287, 1295, 1318, 1339, 1358, 1374, 1392, 1419, 1432, 1468, 1476, 1509, 1525, 1542, 17, 31, 55, 81, 104, 127
1082, 1105, 1129, 1147, 1166, 1192, 1216, 1233, 1260, 1287, 1295, 1318, 1339, 1358, 1374, 1392, 1420, 1431, 1467, 1475, 1508, 1526, 1541, 18, 30, 54, 82, 105, 128
1082, 1105, 1129, 1147, 1166, 1192, 1216, 1233, 1260, 1287, 1295, 1318, 1339, 1358, 1374, 1392, 1420, 1431, 1467, 1475, 1508, 1526, 1541, 18, 30, 54, 82, 105, 129
1082, 1105, 1129, 1147, 1166, 1192, 1216, 1233, 1260, 1287, 1295, 1318, 1339, 1358, 1373, 1393, 1421, 1451, 1465, 1474, 1507, 1527, 1540, 20, 29, 53, 83, 106, 130
1082, 1105, 1129, 1147, 1166, 1192, 1216, 1233, 1260, 1287, 1296, 1320, 1341, 1360, 1375, 1390, 1417, 1433, 1469, 1470, 1479, 1512, 1520, 1519, 1548, 12, 38, 61, 74, 73, 95, 119, 118, 117, 131
1082, 1105, 1129, 1147, 1166, 1193, 1217, 1231, 1259, 1289, 1294, 1317, 1338, 1356, 1372, 1371, 1397, 1398, 1399, 1400, 1426, 1444, 1460, 1488, 1501, 1532, 1535, 5, 23, 47, 88, 91, 115, 116, 132
1082, 1105, 1129, 1147, 1166, 1193, 1217, 1231, 1259, 1289, 1294, 1317, 1338, 1356, 1372, 1371, 1397, 1398, 1399, 1400, 1426, 1444, 1460, 1488, 1501, 1532, 1535, 5, 23, 47, 88, 91, 115, 134, 133
1082, 1105, 1129, 1147, 1166, 1193, 1217, 1231, 1259, 1289, 1294, 1317, 1338, 1356, 1372, 1371, 1397, 1398, 1399, 1400, 1426, 1444, 1460, 1488, 1501, 1532, 1535, 5, 23, 47, 88, 91, 115, 134
1082, 1105, 1129, 1147, 1166, 1193, 1217, 1231, 1259, 1289, 1294, 1317, 1338, 1356, 1372, 1394, 1395, 1423, 1449, 1463, 1462, 1491, 1503, 1530, 1537, 1536, 4, 24, 48, 87, 90, 114, 135
1082, 1105, 1129, 1147, 1166, 1193, 1217, 1231, 1259, 1289, 1294, 1317, 1338, 1356, 1372, 1394, 1395, 1423, 1449, 1463, 1462, 1491, 1503, 1530, 1537, 1536, 4, 24, 48, 87, 90, 114, 136
1082, 1105, 1129, 1147, 1166, 1193, 1217, 1231, 1259, 1289, 1294, 1317, 1338, 1356, 1372, 1394, 1395, 1423, 1449, 1463, 1462, 1491, 1503, 1530, 1537, 3, 25, 49, 86, 89, 113, 137
1082, 1105, 1129, 1147, 1166, 1193, 1217, 1231, 1259, 1289, 1294, 1317, 1338, 1356, 1372, 1394, 1395, 1423, 1449, 1463, 1493, 1504, 1529, 1538, 0, 26, 50, 85, 109, 111, 138
1082, 1105, 1129, 1147, 1166, 1193, 1217, 1231, 1259, 1289, 1294, 1317, 1338, 1356, 1372, 1394, 1422, 1450, 1464, 1473, 1506, 1528, 1539, 21, 27, 52, 84, 107, 110, 139
1082, 1105, 1129, 1147, 1166, 1192, 1216, 1233, 1260, 1287, 1295, 1318, 1339, 1358, 1373, 1393, 1421, 1451, 1465, 1474, 1507, 1527, 1540, 20, 29, 53, 83, 106, 130, 140
1082, 1105, 1129, 1147, 1166, 1192, 1216, 1233, 1260, 1287, 1295, 1318, 1339, 1358, 1374, 1392, 1420, 1431, 1467, 1475, 1508, 1526, 1541, 18, 30, 54, 82, 105, 129, 141
1082, 1105, 1129, 1147, 1166, 1192, 1216, 1233, 1260, 1287, 1295, 1318, 1339, 1358, 1374, 1392, 1420, 1431, 1467, 1475, 1508, 1526, 1541, 18, 30, 54, 82, 105, 128, 142
1082, 1105, 1129, 1147, 1166, 1192, 1216, 1233, 1260, 1287, 1295, 1318, 1339, 1358, 1374, 1392, 1419, 1432, 1468, 1476, 1509, 1525, 1542, 17, 31, 55, 81, 104, 127, 143
1082, 1105, 1129, 1147, 1166, 1192, 1216, 1233, 1260, 1287, 1295, 1318, 1339, 1358, 1374, 1392, 1419, 1432, 1468, 1476, 1509, 1525, 1542, 17, 31, 55, 56, 80, 103, 126, 144
1082, 1105, 1129, 1147, 1166, 1192, 1216, 1233, 1260, 1287, 1295, 1318, 1339, 1358, 1374, 1392, 1419, 1432, 1468, 1476, 1509, 1525, 1542, 17, 31, 55, 56, 80, 102, 101, 125, 145
1082, 1105, 1129, 1147, 1166, 1192, 1216, 1233, 1260, 1287, 1296, 1320, 1341, 1360, 1375, 1390, 1417, 1433, 1469, 1470, 1479, 1512, 1520, 1545, 14, 35, 58, 77, 100, 124, 146
1082, 1105, 1129, 1147, 1166, 1192, 1216, 1233, 1260, 1287, 1296, 1320, 1341, 1360, 1375, 1390, 1417, 1433, 1469, 1470, 1479, 1512, 1520, 1545, 14, 35, 58, 77, 100, 124, 147
1082, 1105, 1129, 1147, 1166, 1192, 1216, 1233, 1260, 1287, 1296, 1320, 1341, 1360, 1375, 1390, 1417, 1433, 1469, 1470, 1479, 1512, 1520, 1545, 14, 35, 58, 76, 99, 123, 148
1082, 1105, 1129, 1147, 1166, 1192, 1216, 1233, 1260, 1287, 1296, 1320, 1341, 1360, 1375, 1390, 1417, 1433, 1469, 1470, 1479, 1512, 1520, 1545, 14, 35, 58, 76, 99, 123, 148, 149
1082, 1105, 1129, 1147, 1166, 1192, 1216, 1233, 1260, 1287, 1296, 1320, 1341, 1360, 1375, 1390, 1417, 1433, 1469, 1470, 1479, 1512, 1520, 1519, 1548, 12, 38, 61, 74, 96, 121, 150
1082, 1105, 1129, 1147, 1166, 1192, 1216, 1233, 1260, 1287, 1296, 1320, 1341, 1360, 1375, 1390, 1417, 1433, 1469, 1470, 1479, 1512, 1520, 1519, 1548, 12, 38, 61, 74, 96, 121, 150, 151
1082, 1105, 1129, 1147, 1166, 1192, 1216, 1233, 1260, 1287, 1296, 1320, 1341, 1360, 1375, 1390, 1417, 1433, 1469, 1470, 1479, 1512, 1520, 1519, 1548, 12, 38, 61, 74, 73, 95, 120, 152
1082, 1105, 1129, 1147, 1166, 1192, 1216, 1233, 1260, 1287, 1296, 1320, 1341, 1360, 1375, 1390, 1417, 1433, 1469, 1470, 1479, 1512, 1520, 1519, 1548, 12, 38, 61, 74, 73, 95, 119, 153
1082, 1105, 1129, 1147, 1166, 1192, 1216, 1233, 1260, 1287, 1296, 1320, 1341, 1360, 1375, 1390, 1417, 1433, 1469, 1470, 1479, 1512, 1520, 1519, 1548, 12, 38, 61, 74, 73, 95, 119, 153, 154
1082, 1105, 1129, 1147, 1166, 1192, 1216, 1233, 1260, 1287, 1296, 1320, 1341, 1360, 1375, 1390, 1417, 1433, 1469, 1470, 1479, 1512, 1520, 1519, 1548, 12, 38, 61, 74, 73, 95, 119, 118, 117, 155
1082, 1105, 1129, 1147, 1166, 1192, 1216, 1233, 1260, 1287, 1295, 1318, 1339, 1358, 1373, 1393, 1421, 1451, 1465, 1474, 1507, 1527, 1540, 20, 29, 53, 83, 106, 130, 140, 156
1082, 1105, 1129, 1147, 1166, 1192, 1216, 1233, 1260, 1287, 1295, 1318, 1339, 1358, 1374, 1392, 1420, 1431, 1467, 1475, 1508, 1526, 1541, 18, 30, 54, 82, 105, 129, 141, 157
1082, 1105, 1129, 1147, 1166, 1192, 1216, 1233, 1260, 1287, 1295, 1318, 1339, 1358, 1374, 1392, 1420, 1431, 1467, 1475, 1508, 1526, 1541, 18, 30, 54, 82, 105, 128, 142, 158
1082, 1105, 1129, 1147, 1166, 1192, 1216, 1233, 1260, 1287, 1295, 1318, 1339, 1358, 1374, 1392, 1419, 1432, 1468, 1476, 1509, 1525, 1542, 17, 31, 55, 81, 104, 127, 143, 159
1082, 1105, 1129, 1147, 1166, 1192, 1216, 1233, 1260, 1287, 1295, 1318, 1339, 1358, 1374, 1392, 1419, 1432, 1468, 1476, 1509, 1525, 1542, 17, 31, 55, 56, 80, 103, 126, 144, 160
1082, 1105, 1129, 1147, 1166, 1192, 1216, 1233, 1260, 1287, 1295, 1318, 1339, 1358, 1374, 1392, 1419, 1432, 1468, 1476, 1509, 1525, 1542, 17, 31, 55, 56, 80, 102, 101, 125, 145, 161
1082, 1105, 1129, 1147, 1166, 1192, 1216, 1233, 1260, 1287, 1296, 1320, 1341, 1360, 1375, 1390, 1417, 1433, 1469, 1470, 1479, 1512, 1520, 1545, 14, 35, 58, 77, 100, 124, 147, 163, 162
1082, 1105, 1129, 1147, 1166, 1192, 1216, 1233, 1260, 1287, 1296, 1320, 1341, 1360, 1375, 1390, 1417, 1433, 1469, 1470, 1479, 1512, 1520, 1545, 14, 35, 58, 77, 100, 124, 147, 163
1082, 1105, 1129, 1147, 1166, 1192, 1216, 1233, 1260, 1287, 1296, 1320, 1341, 1360, 1375, 1390, 1417, 1433, 1469, 1470, 1479, 1512, 1520, 1545, 14, 35, 58, 76, 99, 123, 148, 164
1082, 1105, 1129, 1147, 1166, 1192, 1216, 1233, 1260, 1287, 1296, 1320, 1341, 1360, 1375, 1390, 1417, 1433, 1469, 1470, 1479, 1512, 1520, 1545, 14, 35, 58, 76, 99, 123, 148, 164, 165
1082, 1105, 1129, 1147, 1166, 1192, 1216, 1233, 1260, 1287, 1296, 1320, 1341, 1360, 1375, 1390, 1417, 1433, 1469, 1470, 1479, 1512, 1520, 1519, 1548, 12, 38, 61, 74, 96, 121, 150, 166
1082, 1105, 1129, 1147, 1166, 1192, 1216, 1233, 1260, 1287, 1296, 1320, 1341, 1360, 1375, 1390, 1417, 1433, 1469, 1470, 1479, 1512, 1520, 1519, 1548, 12, 38, 61, 74, 96, 121, 150, 151, 167
1082, 1105, 1129, 1147, 1166, 1192, 1216, 1233, 1260, 1287, 1296, 1320, 1341, 1360, 1375, 1390, 1417, 1433, 1469, 1470, 1479, 1512, 1520, 1519, 1548, 12, 38, 61, 74, 73, 95, 120, 152, 168
1082, 1105, 1129, 1147, 1166, 1192, 1216, 1233, 1260, 1287, 1296, 1320, 1341, 1360, 1375, 1390, 1417, 1433, 1469, 1470, 1479, 1512, 1520, 1519, 1548, 12, 38, 61, 74, 73, 95, 120, 152, 168, 169
1082, 1105, 1129, 1147, 1166, 1192, 1216, 1233, 1260, 1287, 1296, 1320, 1341, 1360, 1375, 1390, 1417, 1433, 1469, 1470, 1479, 1512, 1520, 1519, 1548, 12, 38, 61, 74, 73, 95, 119, 118, 117, 155, 170
1082, 1105, 1129, 1147, 1166, 1192, 1216, 1233, 1260, 1287, 1296, 1320, 1341, 1360, 1375, 1390, 1417, 1433, 1469, 1470, 1479, 1512, 1520, 1519, 1548, 12, 38, 61, 74, 73, 95, 119, 118, 117, 131, 171
1082, 1105, 1129, 1147, 1166, 1193, 1217, 1231, 1259, 1289, 1294, 1317, 1338, 1356, 1372, 1371, 1397, 1398, 1399, 1400, 1426, 1444, 1460, 1488, 1501, 1532, 1535, 5, 23, 47, 88, 91, 115, 134, 172
1082, 1105, 1129, 1147, 1166, 1193, 1217, 1231, 1259, 1289, 1294, 1317, 1338, 1356, 1372, 1394, 1395, 1423, 1449, 1463, 1462, 1491, 1503, 1530, 1537, 1536, 4, 24, 48, 87, 90, 114, 136, 173
1082, 1105, 1129, 1147, 1166, 1193, 1217, 1231, 1259, 1289, 1294, 1317, 1338, 1356, 1372, 1394, 1395, 1423, 1449, 1463, 1462, 1491, 1503, 1530, 1537, 3, 25, 49, 86, 89, 113, 137, 175, 174
1082, 1105, 1129, 1147, 1166, 1193, 1217, 1231, 1259, 1289, 1294, 1317, 1338, 1356, 1372, 1394, 1395, 1423, 1449, 1463, 1462, 1491, 1503, 1530, 1537, 3, 25, 49, 86, 89, 113, 137, 175
1082, 1105, 1129, 1147, 1166, 1193, 1217, 1231, 1259, 1289, 1294, 1317, 1338, 1356, 1372, 1394, 1395, 1423, 1449, 1463, 1493, 1504, 1529, 1538, 0, 26, 50, 85, 109, 111, 138, 176
1082, 1105, 1129, 1147, 1166, 1193, 1217, 1231, 1259, 1289, 1294, 1317, 1338, 1356, 1372, 1394, 1422, 1450, 1464, 1473, 1506, 1528, 1539, 21, 27, 52, 84, 107, 110, 139, 177
1082, 1105, 1129, 1147, 1166, 1192, 1216, 1233, 1260, 1287, 1296, 1320, 1341, 1360, 1375, 1390, 1417, 1433, 1469, 1470, 1479, 1512, 1520, 1519, 1548, 12, 38, 61, 74, 73, 95, 120, 152, 168, 198, 178
1082, 1105, 1129, 1147, 1166, 1192, 1216, 1233, 1260, 1287, 1296, 1320, 1341, 1360, 1375, 1390, 1417, 1433, 1469, 1470, 1479, 1512, 1520, 1519, 1548, 12, 38, 61, 74, 73, 95, 119, 118, 117, 131, 171, 179
1082, 1105, 1129, 1147, 1166, 1193, 1217, 1231, 1259, 1289, 1294, 1317, 1338, 1356, 1372, 1371, 1397, 1398, 1399, 1400, 1426, 1444, 1460, 1488, 1501, 1532, 1535, 5, 23, 47, 88, 91, 115, 134, 172, 180
1082, 1105, 1129, 1147, 1166, 1193, 1217, 1231, 1259, 1289, 1294, 1317, 1338, 1356, 1372, 1371, 1397, 1398, 1399, 1400, 1426, 1444, 1460, 1488, 1501, 1532, 1535, 5, 23, 47, 88, 91, 115, 134, 172, 181
1082, 1105, 1129, 1147, 1166, 1193, 1217, 1231, 1259, 1289, 1294, 1317, 1338, 1356, 1372, 1394, 1395, 1423, 1449, 1463, 1462, 1491, 1503, 1530, 1537, 3, 25, 49, 86, 89, 113, 137, 175, 174, 182
1082, 1105, 1129, 1147, 1166, 1193, 1217, 1231, 1259, 1289, 1294, 1317, 1338, 1356, 1372, 1394, 1395, 1423, 1449, 1463, 1462, 1491, 1503, 1530, 1537, 3, 25, 49, 86, 89, 113, 137, 175, 183
1082, 1105, 1129, 1147, 1166, 1193, 1217, 1231, 1259, 1289, 1294, 1317, 1338, 1356, 1372, 1394, 1395, 1423, 1449, 1463, 1493, 1504, 1529, 1538, 0, 26, 50, 85, 109, 111, 138, 176, 184
1082, 1105, 1129, 1147, 1166, 1193, 1217, 1231, 1259, 1289, 1294, 1317, 1338, 1356, 1372, 1394, 1422, 1450, 1464, 1473, 1506, 1528, 1539, 21, 27, 52, 84, 107, 110, 139, 177, 185
1082, 1105, 1129, 1147, 1166, 1193, 1217, 1231, 1259, 1289, 1294, 1317, 1338, 1356, 1372, 1394, 1422, 1450, 1464, 1473, 1506, 1528, 1539, 21, 27, 52, 84, 107, 110, 139, 177, 186
1082, 1105, 1129, 1147, 1166, 1192, 1216, 1233, 1260, 1287, 1295, 1318, 1339, 1358, 1373, 1393, 1421, 1451, 1465, 1474, 1507, 1527, 1540, 20, 29, 53, 83, 106, 130, 140, 156, 187
1082, 1105, 1129, 1147, 1166, 1192, 1216, 1233, 1260, 1287, 1295, 1318, 1339, 1358, 1373, 1393, 1421, 1451, 1465, 1474, 1507, 1527, 1540, 20, 29, 53, 83, 106, 130, 140, 156, 188
1082, 1105, 1129, 1147, 1166, 1192, 1216, 1233, 1260, 1287, 1295, 1318, 1339, 1358, 1374, 1392, 1420, 1431, 1467, 1475, 1508, 1526, 1541, 18, 30, 54, 82, 105, 129, 141, 157, 189
1082, 1105, 1129, 1147, 1166, 1192, 1216, 1233, 1260, 1287, 1295, 1318, 1339, 1358, 1374, 1392, 1420, 1431, 1467, 1475, 1508, 1526, 1541, 18, 30, 54, 82, 105, 128, 142, 158, 190
1082, 1105, 1129, 1147, 1166, 1192, 1216, 1233, 1260, 1287, 1295, 1318, 1339, 1358, 1374, 1392, 1419, 1432, 1468, 1476, 1509, 1525, 1542, 17, 31, 55, 81, 104, 127, 143, 159, 191
1082, 1105, 1129, 1147, 1166, 1192, 1216, 1233, 1260, 1287, 1295, 1318, 1339, 1358, 1374, 1392, 1419, 1432, 1468, 1476, 1509, 1525, 1542, 17, 31, 55, 56, 80, 102, 101, 125, 145, 161, 192
1082, 1105, 1129, 1147, 1166, 1192, 1216, 1233, 1260, 1287, 1296, 1320, 1341, 1360, 1375, 1390, 1417, 1433, 1469, 1470, 1479, 1512, 1520, 1545, 14, 35, 58, 77, 100, 124, 147, 163, 193
1082, 1105, 1129, 1147, 1166, 1192, 1216, 1233, 1260, 1287, 1296, 1320, 1341, 1360, 1375, 1390, 1417, 1433, 1469, 1470, 1479, 1512, 1520, 1545, 14, 35, 58, 76, 99, 123, 148, 164, 194
1082, 1105, 1129, 1147, 1166, 1192, 1216, 1233, 1260, 1287, 1296, 1320, 1341, 1360, 1375, 1390, 1417, 1433, 1469, 1470, 1479, 1512, 1520, 1545, 14, 35, 58, 76, 99, 123, 148, 164, 165, 195
1082, 1105, 1129, 1147, 1166, 1192, 1216, 1233, 1260, 1287, 1296, 1320, 1341, 1360, 1375, 1390, 1417, 1433, 1469, 1470, 1479, 1512, 1520, 1545, 14, 35, 58, 76, 99, 123, 148, 164, 165, 195, 196
1082, 1105, 1129, 1147, 1166, 1192, 1216, 1233, 1260, 1287, 1296, 1320, 1341, 1360, 1375, 1390, 1417, 1433, 1469, 1470, 1479, 1512, 1520, 1545, 14, 35, 58, 76, 99, 123, 148, 164, 165, 195, 196, 197
1082, 1105, 1129, 1147, 1166, 1192, 1216, 1233, 1260, 1287, 1296, 1320, 1341, 1360, 1375, 1390, 1417, 1433, 1469, 1470, 1479, 1512, 1520, 1519, 1548, 12, 38, 61, 74, 73, 95, 120, 152, 168, 198
1082, 1105, 1129, 1147, 1166, 1192, 1216, 1233, 1260, 1287, 1296, 1320, 1341, 1360, 1375, 1390, 1417, 1433, 1469, 1470, 1479, 1512, 1520, 1545, 14, 35, 58, 77, 100, 124, 147, 163, 193, 199
