256, 257, 232, 217, 187, 186, 177, 139, 110, 108, 85, 50, 26, 0
256, 257, 232, 217, 187, 186, 177, 139, 110, 108, 85, 50, 26, 1
256, 257, 232, 217, 187, 186, 177, 139, 110, 108, 85, 50, 26, 2
256, 257, 232, 217, 187, 186, 177, 139, 110, 108, 85, 50, 26, 2, 3
256, 257, 232, 217, 187, 186, 177, 139, 110, 108, 85, 50, 26, 2, 3, 4
256, 257, 232, 217, 216, 215, 184, 183, 175, 174, 136, 114, 90, 87, 46, 22, 5
256, 257, 232, 217, 216, 215, 184, 183, 175, 174, 136, 114, 90, 87, 46, 22, 5, 6
256, 257, 232, 217, 216, 215, 184, 183, 182, 181, 172, 133, 116, 92, 69, 67, 44, 7
256, 257, 232, 217, 216, 215, 184, 183, 182, 181, 172, 133, 116, 92, 69, 67, 44, 8
256, 257, 232, 217, 216, 215, 184, 183, 182, 181, 172, 133, 116, 92, 69, 67, 44, 8, 9
256, 234, 235, 236, 237, 199, 193, 163, 147, 124, 100, 77, 58, 35, 14, 13, 12, 11, 10
256, 234, 235, 236, 237, 199, 193, 163, 147, 124, 100, 77, 58, 35, 14, 13, 12, 11
256, 234, 235, 236, 237, 199, 193, 163, 147, 124, 100, 77, 58, 35, 14, 13, 12
256, 234, 235, 236, 237, 199, 193, 163, 147, 124, 100, 77, 58, 35, 14, 13
256, 234, 235, 236, 237, 199, 193, 163, 147, 124, 100, 77, 58, 35, 14
256, 234, 235, 236, 221, 192, 161, 145, 125, 101, 78, 57, 34, 15
256, 233, 219, 190, 159, 143, 144, 126, 103, 80, 56, 32, 16
256, 233, 219, 190, 159, 143, 127, 104, 81, 55, 31, 17
256, 233, 219, 190, 158, 142, 128, 105, 82, 54, 30, 18
256, 233, 219, 190, 158, 142, 128, 105, 82, 54, 30, 19
256, 233, 219, 190, 158, 142, 128, 105, 82, 54, 30, 19, 20
256, 233, 219, 190, 158, 142, 128, 105, 82, 54, 53, 29, 28, 21
256, 257, 232, 217, 216, 215, 184, 183, 175, 174, 136, 114, 90, 87, 46, 22
256, 257, 232, 217, 216, 215, 184, 183, 175, 174, 136, 114, 90, 87, 46, 23
256, 257, 232, 217, 187, 186, 177, 139, 110, 108, 85, 50, 49, 48, 24
256, 257, 232, 217, 187, 186, 177, 139, 110, 108, 85, 50, 26, 25
256, 257, 232, 217, 187, 186, 177, 139, 110, 108, 85, 50, 26
256, 233, 219, 190, 158, 142, 128, 105, 82, 54, 53, 29, 28, 27
256, 233, 219, 190, 158, 142, 128, 105, 82, 54, 53, 29, 28
256, 233, 219, 190, 158, 142, 128, 105, 82, 54, 53, 29
256, 233, 219, 190, 158, 142, 128, 105, 82, 54, 30
256, 233, 219, 190, 159, 143, 127, 104, 81, 55, 31
256, 233, 219, 190, 159, 143, 144, 126, 103, 80, 56, 32
256, 234, 235, 236, 221, 192, 161, 145, 125, 101, 78, 57, 33
256, 234, 235, 236, 221, 192, 161, 145, 125, 101, 78, 57, 34
256, 234, 235, 236, 237, 199, 193, 163, 147, 124, 100, 77, 58, 35
256, 234, 235, 236, 237, 199, 193, 163, 147, 124, 100, 77, 58, 35, 36
256, 234, 235, 236, 237, 199, 193, 163, 147, 124, 100, 77, 58, 35, 36, 37
256, 234, 235, 236, 237, 199, 193, 163, 147, 124, 100, 77, 58, 35, 36, 37, 38
256, 234, 235, 236, 237, 199, 193, 163, 147, 124, 100, 77, 58, 35, 36, 37, 38, 39
256, 234, 235, 236, 237, 199, 193, 163, 147, 124, 100, 77, 58, 35, 36, 37, 38, 39, 40
256, 234, 235, 236, 237, 199, 193, 163, 147, 124, 100, 77, 58, 35, 36, 37, 38, 39, 40, 41
256, 234, 235, 236, 237, 199, 193, 163, 147, 124, 100, 77, 58, 35, 36, 37, 38, 39, 40, 41, 42
256, 257, 232, 217, 216, 215, 184, 183, 182, 181, 172, 133, 116, 92, 69, 67, 44, 43
256, 257, 232, 217, 216, 215, 184, 183, 182, 181, 172, 133, 116, 92, 69, 67, 44
256, 257, 232, 217, 216, 215, 184, 183, 175, 174, 136, 114, 90, 87, 46, 22, 45
256, 257, 232, 217, 216, 215, 184, 183, 175, 174, 136, 114, 90, 87, 46
256, 257, 232, 217, 216, 215, 184, 183, 175, 174, 136, 114, 90, 87, 46, 47
256, 257, 232, 217, 187, 186, 177, 139, 110, 108, 85, 50, 49, 48
256, 257, 232, 217, 187, 186, 177, 139, 110, 108, 85, 50, 49
256, 257, 232, 217, 187, 186, 177, 139, 110, 108, 85, 50
256, 233, 219, 190, 158, 142, 128, 105, 106, 83, 84, 51
256, 233, 219, 190, 158, 142, 128, 105, 106, 83, 84, 52
256, 233, 219, 190, 158, 142, 128, 105, 82, 54, 53
256, 233, 219, 190, 158, 142, 128, 105, 82, 54
256, 233, 219, 190, 159, 143, 127, 104, 81, 55
256, 233, 219, 190, 159, 143, 144, 126, 103, 80, 56
256, 234, 235, 236, 221, 192, 161, 145, 125, 101, 78, 57
256, 234, 235, 236, 237, 199, 193, 163, 147, 124, 100, 77, 58
256, 234, 235, 236, 237, 199, 193, 163, 147, 124, 100, 77, 58, 59
256, 234, 235, 236, 237, 199, 200, 194, 164, 148, 123, 99, 98, 75, 60
256, 234, 235, 236, 237, 199, 200, 194, 164, 148, 123, 99, 98, 75, 60, 61
256, 234, 235, 236, 237, 199, 200, 194, 164, 148, 123, 99, 98, 75, 60, 61, 62
256, 234, 235, 236, 237, 199, 200, 194, 164, 148, 123, 99, 98, 75, 60, 61, 62, 63
256, 234, 235, 236, 237, 199, 200, 194, 164, 148, 123, 99, 98, 75, 74, 73, 64
256, 257, 232, 217, 216, 215, 184, 183, 182, 181, 172, 133, 116, 92, 69, 67, 66, 65
256, 257, 232, 217, 216, 215, 184, 183, 182, 181, 172, 133, 116, 92, 69, 67, 66
256, 257, 232, 217, 216, 215, 184, 183, 182, 181, 172, 133, 116, 92, 69, 67
256, 257, 232, 217, 216, 215, 184, 183, 175, 174, 136, 135, 134, 115, 91, 68
256, 257, 232, 217, 216, 215, 184, 183, 182, 181, 172, 133, 116, 92, 69
256, 257, 232, 217, 216, 215, 184, 183, 182, 181, 172, 133, 116, 92, 69, 70
256, 257, 232, 217, 216, 215, 184, 183, 182, 181, 172, 133, 116, 92, 69, 70, 71
256, 257, 232, 217, 216, 215, 184, 183, 182, 181, 172, 133, 132, 131, 117, 118, 94, 72
256, 234, 235, 236, 237, 199, 200, 194, 164, 148, 123, 99, 98, 75, 74, 73
256, 234, 235, 236, 237, 199, 200, 194, 164, 148, 123, 99, 98, 75, 74
256, 234, 235, 236, 237, 199, 200, 194, 164, 148, 123, 99, 98, 75
256, 234, 235, 236, 237, 199, 193, 163, 147, 124, 100, 77, 76
256, 234, 235, 236, 237, 199, 193, 163, 147, 124, 100, 77
256, 234, 235, 236, 221, 192, 161, 145, 125, 101, 78
256, 233, 219, 190, 159, 143, 144, 126, 102, 79
256, 233, 219, 190, 159, 143, 144, 126, 103, 80
256, 233, 219, 190, 159, 143, 127, 104, 81
256, 233, 219, 190, 158, 142, 128, 105, 82
256, 233, 219, 190, 158, 142, 128, 105, 106, 83
256, 233, 219, 190, 158, 142, 128, 105, 106, 83, 84
256, 257, 232, 217, 187, 186, 177, 139, 110, 108, 85
256, 257, 232, 217, 187, 186, 177, 139, 110, 108, 85, 86
256, 257, 232, 217, 216, 215, 184, 183, 175, 174, 136, 114, 90, 87
256, 257, 232, 217, 216, 215, 184, 183, 175, 174, 136, 114, 90, 87, 88
256, 257, 232, 217, 187, 186, 177, 139, 110, 108, 109, 89
256, 257, 232, 217, 216, 215, 184, 183, 175, 174, 136, 114, 90
256, 257, 232, 217, 216, 215, 184, 183, 175, 174, 136, 135, 134, 115, 91
256, 257, 232, 217, 216, 215, 184, 183, 182, 181, 172, 133, 116, 92
256, 257, 232, 217, 216, 215, 184, 183, 182, 181, 172, 133, 116, 92, 93
256, 257, 232, 217, 216, 215, 184, 183, 182, 181, 172, 133, 132, 131, 117, 118, 94
256, 234, 235, 236, 237, 199, 200, 194, 164, 148, 123, 99, 98, 97, 96, 95
256, 234, 235, 236, 237, 199, 200, 194, 164, 148, 123, 99, 98, 97, 96
256, 234, 235, 236, 237, 199, 200, 194, 164, 148, 123, 99, 98, 97
256, 234, 235, 236, 237, 199, 200, 194, 164, 148, 123, 99, 98
256, 234, 235, 236, 237, 199, 200, 194, 164, 148, 123, 99
256, 234, 235, 236, 237, 199, 193, 163, 147, 124, 100
256, 234, 235, 236, 221, 192, 161, 145, 125, 101
256, 233, 219, 190, 159, 143, 144, 126, 102
256, 233, 219, 190, 159, 143, 144, 126, 103
256, 233, 219, 190, 159, 143, 127, 104
256, 233, 219, 190, 158, 142, 128, 105
256, 233, 219, 190, 158, 142, 128, 105, 106
256, 257, 232, 217, 187, 186, 177, 139, 110, 107
256, 257, 232, 217, 187, 186, 177, 139, 110, 108
256, 257, 232, 217, 187, 186, 177, 139, 110, 108, 109
256, 257, 232, 217, 187, 186, 177, 139, 110
256, 257, 232, 217, 187, 186, 177, 176, 138, 111
256, 257, 232, 217, 187, 186, 177, 176, 138, 111, 112
256, 257, 232, 217, 216, 215, 184, 183, 175, 137, 113
256, 257, 232, 217, 216, 215, 184, 183, 175, 174, 136, 114
256, 257, 232, 217, 216, 215, 184, 183, 175, 174, 136, 135, 134, 115
256, 257, 232, 217, 216, 215, 184, 183, 182, 181, 172, 133, 116
256, 257, 232, 217, 216, 215, 184, 183, 182, 181, 172, 133, 132, 131, 117
256, 257, 232, 217, 216, 215, 184, 183, 182, 181, 172, 133, 132, 131, 117, 118
256, 255, 254, 253, 252, 251, 250, 249, 241, 204, 196, 166, 150, 151, 120, 119
256, 255, 254, 253, 252, 251, 250, 249, 241, 204, 196, 166, 150, 151, 120
256, 255, 254, 253, 252, 251, 250, 249, 241, 204, 196, 166, 150, 121
256, 234, 235, 236, 237, 199, 200, 194, 164, 148, 123, 122
256, 234, 235, 236, 237, 199, 200, 194, 164, 148, 123
256, 234, 235, 236, 237, 199, 193, 163, 147, 124
256, 234, 235, 236, 221, 192, 161, 145, 125
256, 233, 219, 190, 159, 143, 144, 126
256, 233, 219, 190, 159, 143, 127
256, 233, 219, 190, 158, 142, 128
256, 233, 219, 190, 158, 141, 129
256, 233, 219, 190, 158, 141, 129, 130
256, 257, 232, 217, 216, 215, 184, 183, 182, 181, 172, 133, 132, 131
256, 257, 232, 217, 216, 215, 184, 183, 182, 181, 172, 133, 132
256, 257, 232, 217, 216, 215, 184, 183, 182, 181, 172, 133
256, 257, 232, 217, 216, 215, 184, 183, 175, 174, 136, 135, 134
256, 257, 232, 217, 216, 215, 184, 183, 175, 174, 136, 135
256, 257, 232, 217, 216, 215, 184, 183, 175, 174, 136
256, 257, 232, 217, 216, 215, 184, 183, 175, 137
256, 257, 232, 217, 187, 186, 177, 176, 138
256, 257, 232, 217, 187, 186, 177, 139
256, 233, 219, 190, 158, 141, 140
256, 233, 219, 190, 158, 141
256, 233, 219, 190, 158, 142
256, 233, 219, 190, 159, 143
256, 233, 219, 190, 159, 143, 144
256, 234, 235, 236, 221, 192, 161, 145
256, 234, 235, 236, 237, 199, 193, 162, 146
256, 234, 235, 236, 237, 199, 193, 163, 147
256, 234, 235, 236, 237, 199, 200, 194, 164, 148
256, 234, 235, 236, 237, 199, 200, 194, 164, 165, 149
256, 255, 254, 253, 252, 251, 250, 249, 241, 204, 196, 166, 150
256, 255, 254, 253, 252, 251, 250, 249, 241, 204, 196, 166, 150, 151
256, 255, 254, 253, 252, 251, 250, 249, 241, 204, 196, 166, 150, 151, 152
256, 255, 254, 253, 252, 251, 250, 249, 241, 204, 196, 166, 150, 151, 152, 153
256, 257, 232, 217, 216, 215, 184, 183, 182, 181, 172, 171, 170, 154
256, 257, 232, 217, 216, 215, 184, 183, 182, 181, 172, 133, 132, 131, 155
256, 257, 232, 217, 187, 156
256, 233, 219, 190, 158, 157
256, 233, 219, 190, 158
256, 233, 219, 190, 159
256, 233, 219, 190, 191, 160
256, 234, 235, 236, 221, 192, 161
256, 234, 235, 236, 237, 199, 193, 162
256, 234, 235, 236, 237, 199, 193, 163
256, 234, 235, 236, 237, 199, 200, 194, 164
256, 234, 235, 236, 237, 199, 200, 194, 164, 165
256, 255, 254, 253, 252, 251, 250, 249, 241, 204, 196, 166
256, 255, 254, 253, 252, 251, 250, 249, 241, 204, 196, 166, 167
256, 255, 254, 253, 252, 251, 250, 249, 241, 204, 196, 166, 167, 168
256, 255, 254, 253, 252, 251, 250, 249, 241, 204, 196, 166, 167, 168, 169
256, 257, 232, 217, 216, 215, 184, 183, 182, 181, 172, 171, 170
256, 257, 232, 217, 216, 215, 184, 183, 182, 181, 172, 171
256, 257, 232, 217, 216, 215, 184, 183, 182, 181, 172
256, 257, 232, 217, 216, 215, 184, 183, 175, 174, 173
256, 257, 232, 217, 216, 215, 184, 183, 175, 174
256, 257, 232, 217, 216, 215, 184, 183, 175
256, 257, 232, 217, 187, 186, 177, 176
256, 257, 232, 217, 187, 186, 177
256, 257, 232, 217, 216, 215, 184, 183, 182, 181, 180, 179, 178
256, 257, 232, 217, 216, 215, 184, 183, 182, 181, 180, 179
256, 257, 232, 217, 216, 215, 184, 183, 182, 181, 180
256, 257, 232, 217, 216, 215, 184, 183, 182, 181
256, 257, 232, 217, 216, 215, 184, 183, 182
256, 257, 232, 217, 216, 215, 184, 183
256, 257, 232, 217, 216, 215, 184
256, 257, 232, 217, 216, 185
256, 257, 232, 217, 187, 186
256, 257, 232, 217, 187
256, 257, 232, 217, 188
256, 233, 219, 190, 189
256, 233, 219, 190
256, 233, 219, 190, 191
256, 234, 235, 236, 221, 192
256, 234, 235, 236, 237, 199, 193
256, 234, 235, 236, 237, 199, 200, 194
256, 255, 254, 253, 252, 251, 250, 240, 203, 195
256, 255, 254, 253, 252, 251, 250, 249, 241, 204, 196
256, 255, 254, 253, 252, 251, 250, 249, 241, 204, 196, 197
256, 255, 254, 253, 252, 251, 250, 249, 241, 204, 196, 197, 198
256, 234, 235, 236, 237, 199
