320, 321, 296, 268, 255, 235, 234, 219, 190, 158, 141, 140, 139, 110, 108, 85, 50, 26, 0
320, 321, 296, 268, 255, 235, 234, 219, 190, 158, 141, 140, 139, 110, 108, 85, 50, 26, 1
320, 321, 296, 268, 255, 235, 234, 219, 190, 158, 141, 140, 139, 110, 108, 85, 50, 26, 2
320, 321, 296, 268, 255, 235, 234, 219, 190, 158, 141, 140, 139, 110, 108, 85, 50, 26, 2, 3
320, 321, 296, 268, 255, 235, 234, 219, 190, 158, 141, 140, 139, 110, 108, 85, 50, 26, 2, 3, 4
320, 321, 296, 268, 255, 235, 234, 219, 190, 158, 141, 140, 139, 110, 108, 85, 86, 87, 46, 22, 5
320, 321, 296, 268, 255, 235, 234, 219, 190, 158, 141, 140, 139, 110, 108, 85, 86, 87, 46, 22, 5, 6
320, 319, 318, 317, 301, 284, 249, 241, 204, 196, 166, 150, 121, 96, 74, 73, 64, 65, 66, 44, 7
320, 319, 318, 317, 301, 284, 249, 241, 204, 196, 166, 150, 121, 96, 74, 73, 64, 42, 43, 9, 8
320, 319, 318, 317, 301, 284, 249, 241, 204, 196, 166, 150, 121, 96, 74, 73, 64, 42, 43, 9
320, 298, 267, 253, 237, 199, 193, 163, 147, 124, 100, 77, 58, 35, 14, 13, 12, 11, 10
320, 298, 267, 253, 237, 199, 193, 163, 147, 124, 100, 77, 58, 35, 14, 13, 12, 11
320, 298, 267, 253, 237, 199, 193, 163, 147, 124, 100, 77, 58, 35, 14, 13, 12
320, 298, 267, 253, 237, 199, 193, 163, 147, 124, 100, 77, 58, 35, 14, 13
320, 298, 267, 253, 237, 199, 193, 163, 147, 124, 100, 77, 58, 35, 14
320, 298, 267, 253, 237, 199, 193, 162, 146, 145, 125, 101, 78, 57, 34, 15
320, 298, 267, 253, 237, 199, 193, 162, 146, 145, 125, 101, 102, 80, 56, 32, 16
320, 321, 296, 268, 255, 235, 220, 191, 159, 143, 127, 104, 81, 55, 31, 17
320, 321, 296, 268, 255, 235, 220, 191, 159, 142, 128, 105, 82, 54, 30, 18
320, 321, 296, 268, 255, 235, 220, 191, 159, 142, 128, 105, 82, 54, 30, 19
320, 321, 296, 268, 255, 235, 220, 191, 159, 142, 128, 105, 82, 54, 30, 19, 20
320, 321, 296, 268, 255, 235, 220, 191, 159, 142, 128, 105, 82, 54, 53, 29, 28, 21
320, 321, 296, 268, 255, 235, 234, 219, 190, 158, 141, 140, 139, 110, 108, 85, 86, 87, 46, 22
320, 321, 296, 268, 255, 235, 234, 219, 190, 158, 141, 140, 139, 110, 108, 85, 86, 87, 46, 23
320, 321, 296, 268, 255, 235, 234, 219, 190, 158, 141, 140, 139, 110, 108, 85, 50, 49, 48, 24
320, 321, 296, 268, 255, 235, 234, 219, 190, 158, 141, 140, 139, 110, 108, 85, 50, 26, 25
320, 321, 296, 268, 255, 235, 234, 219, 190, 158, 141, 140, 139, 110, 108, 85, 50, 26
320, 321, 296, 268, 255, 235, 220, 191, 159, 142, 128, 105, 82, 54, 53, 29, 28, 27
320, 321, 296, 268, 255, 235, 220, 191, 159, 142, 128, 105, 82, 54, 53, 29, 28
320, 321, 296, 268, 255, 235, 220, 191, 159, 142, 128, 105, 82, 54, 53, 29
320, 321, 296, 268, 255, 235, 220, 191, 159, 142, 128, 105, 82, 54, 30
320, 321, 296, 268, 255, 235, 220, 191, 159, 143, 127, 104, 81, 55, 31
320, 298, 267, 253, 237, 199, 193, 162, 146, 145, 125, 101, 102, 80, 56, 32
320, 298, 267, 253, 237, 199, 193, 162, 146, 145, 125, 101, 78, 57, 33
320, 298, 267, 253, 237, 199, 193, 162, 146, 145, 125, 101, 78, 57, 34
320, 298, 267, 253, 237, 199, 193, 163, 147, 124, 100, 77, 58, 35
320, 298, 267, 253, 237, 199, 193, 163, 147, 124, 100, 77, 58, 35, 36
320, 298, 267, 253, 237, 199, 193, 163, 147, 124, 100, 77, 58, 35, 36, 37
320, 298, 267, 253, 237, 199, 193, 163, 147, 124, 100, 77, 58, 35, 36, 37, 38
320, 298, 267, 253, 237, 199, 193, 163, 147, 124, 100, 77, 58, 35, 36, 37, 38, 39
320, 319, 318, 317, 301, 284, 249, 241, 204, 196, 166, 150, 121, 96, 74, 62, 40
320, 319, 318, 317, 301, 284, 249, 241, 204, 196, 166, 150, 121, 96, 74, 62, 63, 41
320, 319, 318, 317, 301, 284, 249, 241, 204, 196, 166, 150, 121, 96, 74, 73, 64, 42
320, 319, 318, 317, 301, 284, 249, 241, 204, 196, 166, 150, 121, 96, 74, 73, 64, 42, 43
320, 319, 318, 317, 301, 284, 249, 241, 204, 196, 166, 150, 121, 96, 74, 73, 64, 65, 66, 44
320, 319, 318, 317, 301, 284, 249, 241, 204, 196, 166, 150, 121, 96, 74, 73, 64, 65, 66, 67, 45
320, 321, 296, 268, 255, 235, 234, 219, 190, 158, 141, 140, 139, 110, 108, 85, 86, 87, 46
320, 321, 296, 268, 255, 235, 234, 219, 190, 158, 141, 140, 139, 110, 108, 85, 86, 87, 46, 47
320, 321, 296, 268, 255, 235, 234, 219, 190, 158, 141, 140, 139, 110, 108, 85, 50, 49, 48
320, 321, 296, 268, 255, 235, 234, 219, 190, 158, 141, 140, 139, 110, 108, 85, 50, 49
320, 321, 296, 268, 255, 235, 234, 219, 190, 158, 141, 140, 139, 110, 108, 85, 50
320, 321, 296, 268, 255, 235, 220, 191, 159, 142, 128, 105, 106, 83, 84, 51
320, 321, 296, 268, 255, 235, 220, 191, 159, 142, 128, 105, 106, 83, 84, 52
320, 321, 296, 268, 255, 235, 220, 191, 159, 142, 128, 105, 82, 54, 53
320, 321, 296, 268, 255, 235, 220, 191, 159, 142, 128, 105, 82, 54
320, 321, 296, 268, 255, 235, 220, 191, 159, 143, 127, 104, 81, 55
320, 298, 267, 253, 237, 199, 193, 162, 146, 145, 125, 101, 102, 80, 56
320, 298, 267, 253, 237, 199, 193, 162, 146, 145, 125, 101, 78, 57
320, 298, 267, 253, 237, 199, 193, 163, 147, 124, 100, 77, 58
320, 298, 267, 253, 237, 199, 193, 163, 147, 124, 100, 77, 58, 59
320, 298, 267, 253, 237, 199, 200, 194, 164, 148, 123, 99, 98, 75, 60
320, 319, 318, 317, 301, 284, 249, 241, 204, 196, 166, 150, 121, 96, 74, 61
320, 319, 318, 317, 301, 284, 249, 241, 204, 196, 166, 150, 121, 96, 74, 62
320, 319, 318, 317, 301, 284, 249, 241, 204, 196, 166, 150, 121, 96, 74, 62, 63
320, 319, 318, 317, 301, 284, 249, 241, 204, 196, 166, 150, 121, 96, 74, 73, 64
320, 319, 318, 317, 301, 284, 249, 241, 204, 196, 166, 150, 121, 96, 74, 73, 64, 65
320, 319, 318, 317, 301, 284, 249, 241, 204, 196, 166, 150, 121, 96, 74, 73, 64, 65, 66
320, 319, 318, 317, 301, 284, 249, 241, 204, 196, 166, 150, 121, 96, 74, 73, 64, 65, 66, 67
320, 319, 318, 317, 301, 284, 249, 241, 204, 196, 166, 150, 121, 96, 74, 73, 72, 71, 70, 69, 68
320, 319, 318, 317, 301, 284, 249, 241, 204, 196, 166, 150, 121, 96, 74, 73, 72, 71, 70, 69
320, 319, 318, 317, 301, 284, 249, 241, 204, 196, 166, 150, 121, 96, 74, 73, 72, 71, 70
320, 319, 318, 317, 301, 284, 249, 241, 204, 196, 166, 150, 121, 96, 74, 73, 72, 71
320, 319, 318, 317, 301, 284, 249, 241, 204, 196, 166, 150, 121, 96, 74, 73, 72
320, 319, 318, 317, 301, 284, 249, 241, 204, 196, 166, 150, 121, 96, 74, 73
320, 319, 318, 317, 301, 284, 249, 241, 204, 196, 166, 150, 121, 96, 74
320, 298, 267, 253, 237, 199, 200, 194, 164, 148, 123, 99, 98, 75
320, 298, 267, 253, 237, 199, 193, 163, 147, 124, 100, 77, 76
320, 298, 267, 253, 237, 199, 193, 163, 147, 124, 100, 77
320, 298, 267, 253, 237, 199, 193, 162, 146, 145, 125, 101, 78
320, 298, 267, 253, 237, 199, 193, 162, 146, 145, 125, 101, 78, 79
320, 298, 267, 253, 237, 199, 193, 162, 146, 145, 125, 101, 102, 80
320, 321, 296, 268, 255, 235, 220, 191, 159, 143, 127, 104, 81
320, 321, 296, 268, 255, 235, 220, 191, 159, 142, 128, 105, 82
320, 321, 296, 268, 255, 235, 220, 191, 159, 142, 128, 105, 106, 83
320, 321, 296, 268, 255, 235, 220, 191, 159, 142, 128, 105, 106, 83, 84
320, 321, 296, 268, 255, 235, 234, 219, 190, 158, 141, 140, 139, 110, 108, 85
320, 321, 296, 268, 255, 235, 234, 219, 190, 158, 141, 140, 139, 110, 108, 85, 86
320, 321, 296, 268, 255, 235, 234, 219, 190, 158, 141, 140, 139, 110, 108, 85, 86, 87
320, 321, 296, 268, 255, 235, 234, 219, 190, 158, 141, 140, 139, 110, 108, 85, 86, 87, 88
320, 321, 296, 268, 255, 235, 234, 219, 190, 158, 141, 140, 139, 110, 108, 109, 89
320, 321, 296, 268, 255, 235, 234, 219, 190, 158, 141, 140, 139, 110, 108, 109, 89, 90
320, 321, 296, 268, 255, 235, 234, 219, 190, 158, 141, 140, 139, 110, 108, 109, 89, 90, 91
320, 319, 318, 317, 301, 284, 249, 241, 204, 196, 166, 150, 121, 96, 95, 94, 93, 92
320, 319, 318, 317, 301, 284, 249, 241, 204, 196, 166, 150, 121, 96, 95, 94, 93
320, 319, 318, 317, 301, 284, 249, 241, 204, 196, 166, 150, 121, 96, 95, 94
320, 319, 318, 317, 301, 284, 249, 241, 204, 196, 166, 150, 121, 96, 95
320, 319, 318, 317, 301, 284, 249, 241, 204, 196, 166, 150, 121, 96
320, 298, 267, 253, 237, 199, 200, 194, 164, 148, 123, 99, 98, 97
320, 298, 267, 253, 237, 199, 200, 194, 164, 148, 123, 99, 98
320, 298, 267, 253, 237, 199, 200, 194, 164, 148, 123, 99
320, 298, 267, 253, 237, 199, 193, 163, 147, 124, 100
320, 298, 267, 253, 237, 199, 193, 162, 146, 145, 125, 101
320, 298, 267, 253, 237, 199, 193, 162, 146, 145, 125, 101, 102
320, 321, 296, 268, 255, 235, 220, 191, 160, 144, 126, 103
320, 321, 296, 268, 255, 235, 220, 191, 159, 143, 127, 104
320, 321, 296, 268, 255, 235, 220, 191, 159, 142, 128, 105
320, 321, 296, 268, 255, 235, 220, 191, 159, 142, 128, 105, 106
320, 321, 296, 268, 255, 235, 220, 191, 159, 142, 128, 105, 106, 107
320, 321, 296, 268, 255, 235, 234, 219, 190, 158, 141, 140, 139, 110, 108
320, 321, 296, 268, 255, 235, 234, 219, 190, 158, 141, 140, 139, 110, 108, 109
320, 321, 296, 268, 255, 235, 234, 219, 190, 158, 141, 140, 139, 110
320, 321, 296, 268, 255, 235, 234, 219, 190, 158, 141, 140, 139, 110, 111
320, 321, 296, 268, 255, 235, 234, 219, 190, 158, 141, 140, 139, 110, 111, 112
320, 321, 296, 268, 255, 235, 234, 219, 190, 158, 141, 140, 139, 110, 111, 112, 113
320, 321, 296, 268, 255, 256, 257, 232, 217, 216, 215, 184, 183, 175, 174, 136, 114
320, 321, 296, 268, 255, 256, 257, 232, 217, 216, 215, 184, 183, 175, 174, 136, 135, 134, 115
320, 319, 318, 317, 301, 284, 249, 241, 204, 196, 166, 150, 151, 120, 119, 118, 117, 116
320, 319, 318, 317, 301, 284, 249, 241, 204, 196, 166, 150, 151, 120, 119, 118, 117
320, 319, 318, 317, 301, 284, 249, 241, 204, 196, 166, 150, 151, 120, 119, 118
320, 319, 318, 317, 301, 284, 249, 241, 204, 196, 166, 150, 151, 120, 119
320, 319, 318, 317, 301, 284, 249, 241, 204, 196, 166, 150, 151, 120
320, 319, 318, 317, 301, 284, 249, 241, 204, 196, 166, 150, 121
320, 298, 267, 253, 237, 199, 200, 194, 164, 148, 123, 122
320, 298, 267, 253, 237, 199, 200, 194, 164, 148, 123
320, 298, 267, 253, 237, 199, 193, 163, 147, 124
320, 298, 267, 253, 237, 199, 193, 162, 146, 145, 125
320, 321, 296, 268, 255, 235, 220, 191, 160, 144, 126
320, 321, 296, 268, 255, 235, 220, 191, 159, 143, 127
320, 321, 296, 268, 255, 235, 220, 191, 159, 142, 128
320, 321, 296, 268, 255, 235, 220, 191, 159, 142, 129
320, 321, 296, 268, 255, 235, 220, 191, 159, 142, 129, 130
320, 319, 318, 317, 301, 284, 249, 241, 204, 196, 166, 150, 151, 152, 153, 154, 155, 131
320, 319, 318, 317, 301, 284, 249, 241, 204, 196, 166, 150, 151, 152, 153, 154, 155, 131, 132
320, 319, 318, 317, 301, 284, 249, 241, 204, 196, 166, 150, 151, 152, 153, 154, 155, 131, 132, 133
320, 321, 296, 268, 255, 256, 257, 232, 217, 216, 215, 184, 183, 175, 174, 136, 135, 134
320, 321, 296, 268, 255, 256, 257, 232, 217, 216, 215, 184, 183, 175, 174, 136, 135
320, 321, 296, 268, 255, 256, 257, 232, 217, 216, 215, 184, 183, 175, 174, 136
320, 321, 296, 268, 255, 256, 257, 232, 217, 216, 215, 184, 183, 175, 137
320, 321, 296, 268, 255, 235, 234, 219, 190, 158, 141, 140, 139, 138
320, 321, 296, 268, 255, 235, 234, 219, 190, 158, 141, 140, 139
320, 321, 296, 268, 255, 235, 234, 219, 190, 158, 141, 140
320, 321, 296, 268, 255, 235, 234, 219, 190, 158, 141
320, 321, 296, 268, 255, 235, 220, 191, 159, 142
320, 321, 296, 268, 255, 235, 220, 191, 159, 143
320, 321, 296, 268, 255, 235, 220, 191, 160, 144
320, 298, 267, 253, 237, 199, 193, 162, 146, 145
320, 298, 267, 253, 237, 199, 193, 162, 146
320, 298, 267, 253, 237, 199, 193, 163, 147
320, 298, 267, 253, 237, 199, 200, 194, 164, 148
320, 298, 267, 253, 237, 199, 200, 194, 164, 165, 149
320, 319, 318, 317, 301, 284, 249, 241, 204, 196, 166, 150
320, 319, 318, 317, 301, 284, 249, 241, 204, 196, 166, 150, 151
320, 319, 318, 317, 301, 284, 249, 241, 204, 196, 166, 150, 151, 152
320, 319, 318, 317, 301, 284, 249, 241, 204, 196, 166, 150, 151, 152, 153
320, 319, 318, 317, 301, 284, 249, 241, 204, 196, 166, 150, 151, 152, 153, 154
320, 319, 318, 317, 301, 284, 249, 241, 204, 196, 166, 150, 151, 152, 153, 154, 155
320, 321, 296, 268, 255, 235, 234, 219, 190, 158, 157, 156
320, 321, 296, 268, 255, 235, 234, 219, 190, 158, 157
320, 321, 296, 268, 255, 235, 234, 219, 190, 158
320, 321, 296, 268, 255, 235, 220, 191, 159
320, 321, 296, 268, 255, 235, 220, 191, 160
320, 321, 296, 268, 254, 236, 221, 192, 161
320, 298, 267, 253, 237, 199, 193, 162
320, 298, 267, 253, 237, 199, 193, 163
320, 298, 267, 253, 237, 199, 200, 194, 164
320, 298, 267, 253, 237, 199, 200, 194, 164, 165
320, 319, 318, 317, 301, 284, 249, 241, 204, 196, 166
320, 319, 318, 317, 301, 284, 249, 241, 204, 196, 166, 167
320, 319, 318, 317, 301, 284, 249, 241, 204, 196, 166, 167, 168
320, 319, 318, 317, 301, 284, 249, 241, 204, 196, 166, 167, 168, 169
320, 319, 318, 317, 301, 284, 249, 241, 204, 196, 166, 167, 168, 169, 170
320, 319, 318, 317, 301, 284, 249, 241, 204, 196, 166, 167, 168, 169, 170, 171
320, 321, 296, 268, 255, 256, 257, 232, 217, 216, 215, 184, 183, 182, 181, 172
320, 321, 296, 268, 255, 256, 257, 232, 217, 216, 215, 184, 183, 175, 174, 173
320, 321, 296, 268, 255, 256, 257, 232, 217, 216, 215, 184, 183, 175, 174
320, 321, 296, 268, 255, 256, 257, 232, 217, 216, 215, 184, 183, 175
320, 321, 296, 268, 255, 256, 257, 232, 217, 187, 186, 177, 176
320, 321, 296, 268, 255, 256, 257, 232, 217, 187, 186, 177
320, 319, 318, 317, 301, 284, 249, 241, 204, 196, 197, 198, 178
320, 319, 318, 317, 301, 284, 249, 241, 204, 196, 197, 198, 178, 179
320, 321, 296, 268, 255, 256, 257, 232, 217, 216, 215, 184, 183, 182, 181, 180
320, 321, 296, 268, 255, 256, 257, 232, 217, 216, 215, 184, 183, 182, 181
320, 321, 296, 268, 255, 256, 257, 232, 217, 216, 215, 184, 183, 182
320, 321, 296, 268, 255, 256, 257, 232, 217, 216, 215, 184, 183
320, 321, 296, 268, 255, 256, 257, 232, 217, 216, 215, 184
320, 321, 296, 268, 255, 256, 257, 232, 217, 216, 185
320, 321, 296, 268, 255, 256, 257, 232, 217, 187, 186
320, 321, 296, 268, 255, 256, 257, 232, 217, 187
320, 321, 296, 268, 255, 235, 234, 219, 190, 189, 188
320, 321, 296, 268, 255, 235, 234, 219, 190, 189
320, 321, 296, 268, 255, 235, 234, 219, 190
320, 321, 296, 268, 255, 235, 220, 191
320, 321, 296, 268, 254, 236, 221, 192
320, 298, 267, 253, 237, 199, 193
320, 298, 267, 253, 237, 199, 200, 194
320, 319, 318, 300, 265, 250, 240, 203, 195
320, 319, 318, 317, 301, 284, 249, 241, 204, 196
320, 319, 318, 317, 301, 284, 249, 241, 204, 196, 197
320, 319, 318, 317, 301, 284, 249, 241, 204, 196, 197, 198
320, 298, 267, 253, 237, 199
