322, 296, 268, 255, 235, 234, 219, 190, 158, 141, 140, 139, 110, 108, 85, 50, 26, 0
322, 296, 268, 255, 235, 234, 219, 190, 158, 141, 140, 139, 110, 108, 85, 50, 26, 1
322, 296, 268, 255, 235, 234, 219, 190, 158, 141, 140, 139, 110, 108, 85, 50, 26, 2
322, 296, 268, 255, 235, 234, 219, 190, 158, 141, 140, 139, 110, 108, 85, 50, 26, 2, 3
322, 296, 268, 255, 235, 234, 219, 190, 158, 141, 140, 139, 110, 108, 85, 50, 26, 2, 3, 4
322, 296, 268, 255, 235, 234, 219, 190, 158, 141, 140, 139, 110, 108, 85, 86, 87, 46, 22, 5
322, 296, 268, 255, 235, 234, 219, 190, 158, 141, 140, 139, 110, 108, 85, 86, 87, 46, 22, 5, 6
322, 296, 268, 255, 235, 234, 219, 190, 158, 141, 140, 139, 110, 108, 85, 86, 87, 46, 67, 44, 7
322, 321, 320, 319, 318, 317, 301, 284, 249, 241, 204, 196, 166, 150, 121, 96, 74, 73, 64, 42, 43, 9, 8
322, 321, 320, 319, 318, 317, 301, 284, 249, 241, 204, 196, 166, 150, 121, 96, 74, 73, 64, 42, 43, 9
322, 321, 297, 298, 267, 253, 237, 199, 193, 163, 147, 124, 100, 77, 58, 35, 14, 13, 12, 11, 10
322, 321, 297, 298, 267, 253, 237, 199, 193, 163, 147, 124, 100, 77, 58, 35, 14, 13, 12, 11
322, 321, 297, 298, 267, 253, 237, 199, 193, 163, 147, 124, 100, 77, 58, 35, 14, 13, 12
322, 321, 297, 298, 267, 253, 237, 199, 193, 163, 147, 124, 100, 77, 58, 35, 14, 13
322, 321, 297, 298, 267, 253, 237, 199, 193, 163, 147, 124, 100, 77, 58, 35, 14
322, 296, 268, 254, 236, 221, 192, 161, 145, 125, 101, 78, 57, 34, 15
322, 296, 268, 255, 235, 220, 191, 160, 144, 126, 103, 80, 56, 32, 16
322, 296, 268, 255, 235, 220, 191, 159, 143, 127, 104, 81, 55, 31, 17
322, 296, 268, 255, 235, 220, 191, 159, 142, 128, 105, 82, 54, 30, 18
322, 296, 268, 255, 235, 220, 191, 159, 142, 128, 105, 82, 54, 30, 19
322, 296, 268, 255, 235, 220, 191, 159, 142, 128, 105, 82, 54, 30, 19, 20
322, 296, 268, 255, 235, 220, 191, 159, 142, 128, 105, 82, 54, 53, 29, 28, 21
322, 296, 268, 255, 235, 234, 219, 190, 158, 141, 140, 139, 110, 108, 85, 86, 87, 46, 22
322, 296, 268, 255, 235, 234, 219, 190, 158, 141, 140, 139, 110, 108, 85, 86, 87, 46, 23
322, 296, 268, 255, 235, 234, 219, 190, 158, 141, 140, 139, 110, 108, 85, 50, 49, 48, 24
322, 296, 268, 255, 235, 234, 219, 190, 158, 141, 140, 139, 110, 108, 85, 50, 26, 25
322, 296, 268, 255, 235, 234, 219, 190, 158, 141, 140, 139, 110, 108, 85, 50, 26
322, 296, 268, 255, 235, 220, 191, 159, 142, 128, 105, 82, 54, 53, 29, 28, 27
322, 296, 268, 255, 235, 220, 191, 159, 142, 128, 105, 82, 54, 53, 29, 28
322, 296, 268, 255, 235, 220, 191, 159, 142, 128, 105, 82, 54, 53, 29
322, 296, 268, 255, 235, 220, 191, 159, 142, 128, 105, 82, 54, 30
322, 296, 268, 255, 235, 220, 191, 159, 143, 127, 104, 81, 55, 31
322, 296, 268, 255, 235, 220, 191, 160, 144, 126, 103, 80, 56, 32
322, 296, 268, 254, 236, 221, 192, 161, 145, 125, 101, 78, 57, 33
322, 296, 268, 254, 236, 221, 192, 161, 145, 125, 101, 78, 57, 34
322, 321, 297, 298, 267, 253, 237, 199, 193, 163, 147, 124, 100, 77, 58, 35
322, 321, 297, 298, 267, 253, 237, 199, 193, 163, 147, 124, 100, 77, 58, 35, 36
322, 321, 297, 298, 267, 253, 237, 199, 193, 163, 147, 124, 100, 77, 58, 35, 36, 37
322, 321, 297, 298, 267, 253, 237, 199, 193, 163, 147, 124, 100, 77, 58, 35, 36, 37, 38
322, 321, 297, 298, 267, 253, 237, 199, 193, 163, 147, 124, 100, 77, 58, 35, 36, 37, 38, 39
322, 321, 320, 319, 318, 317, 301, 284, 249, 241, 204, 196, 166, 150, 121, 96, 74, 62, 40
322, 321, 320, 319, 318, 317, 301, 284, 249, 241, 204, 196, 166, 150, 121, 96, 74, 62, 63, 41
322, 321, 320, 319, 318, 317, 301, 284, 249, 241, 204, 196, 166, 150, 121, 96, 74, 73, 64, 42
322, 321, 320, 319, 318, 317, 301, 284, 249, 241, 204, 196, 166, 150, 121, 96, 74, 73, 64, 42, 43
322, 296, 268, 255, 235, 234, 219, 190, 158, 141, 140, 139, 110, 108, 85, 86, 87, 46, 67, 44
322, 296, 268, 255, 235, 234, 219, 190, 158, 141, 140, 139, 110, 108, 85, 86, 87, 46, 22, 45
322, 296, 268, 255, 235, 234, 219, 190, 158, 141, 140, 139, 110, 108, 85, 86, 87, 46
322, 296, 268, 255, 235, 234, 219, 190, 158, 141, 140, 139, 110, 108, 85, 86, 87, 46, 47
322, 296, 268, 255, 235, 234, 219, 190, 158, 141, 140, 139, 110, 108, 85, 50, 49, 48
322, 296, 268, 255, 235, 234, 219, 190, 158, 141, 140, 139, 110, 108, 85, 50, 49
322, 296, 268, 255, 235, 234, 219, 190, 158, 141, 140, 139, 110, 108, 85, 50
322, 296, 268, 255, 235, 220, 191, 159, 142, 128, 105, 106, 83, 84, 51
322, 296, 268, 255, 235, 220, 191, 159, 142, 128, 105, 106, 83, 84, 52
322, 296, 268, 255, 235, 220, 191, 159, 142, 128, 105, 82, 54, 53
322, 296, 268, 255, 235, 220, 191, 159, 142, 128, 105, 82, 54
322, 296, 268, 255, 235, 220, 191, 159, 143, 127, 104, 81, 55
322, 296, 268, 255, 235, 220, 191, 160, 144, 126, 103, 80, 56
322, 296, 268, 254, 236, 221, 192, 161, 145, 125, 101, 78, 57
322, 321, 297, 298, 267, 253, 237, 199, 193, 163, 147, 124, 100, 77, 58
322, 321, 297, 298, 267, 253, 237, 199, 193, 163, 147, 124, 100, 77, 58, 59
322, 321, 297, 298, 267, 253, 237, 199, 200, 194, 164, 148, 123, 99, 98, 75, 60
322, 321, 320, 319, 318, 317, 301, 284, 249, 241, 204, 196, 166, 150, 121, 96, 74, 61
322, 321, 320, 319, 318, 317, 301, 284, 249, 241, 204, 196, 166, 150, 121, 96, 74, 62
322, 321, 320, 319, 318, 317, 301, 284, 249, 241, 204, 196, 166, 150, 121, 96, 74, 62, 63
322, 321, 320, 319, 318, 317, 301, 284, 249, 241, 204, 196, 166, 150, 121, 96, 74, 73, 64
322, 321, 320, 319, 318, 317, 301, 284, 249, 241, 204, 196, 166, 150, 121, 96, 74, 73, 64, 65
322, 321, 320, 319, 318, 317, 301, 284, 249, 241, 204, 196, 166, 150, 121, 96, 74, 73, 64, 65, 66
322, 296, 268, 255, 235, 234, 219, 190, 158, 141, 140, 139, 110, 108, 85, 86, 87, 46, 67
322, 296, 268, 255, 235, 234, 219, 190, 158, 141, 140, 139, 110, 108, 109, 89, 90, 91, 68
322, 323, 324, 293, 272, 273, 259, 260, 261, 262, 228, 227, 212, 181, 172, 133, 116, 92, 69
322, 321, 320, 319, 318, 317, 301, 284, 249, 241, 204, 196, 166, 150, 121, 96, 74, 73, 72, 71, 70
322, 321, 320, 319, 318, 317, 301, 284, 249, 241, 204, 196, 166, 150, 121, 96, 74, 73, 72, 71
322, 321, 320, 319, 318, 317, 301, 284, 249, 241, 204, 196, 166, 150, 121, 96, 74, 73, 72
322, 321, 320, 319, 318, 317, 301, 284, 249, 241, 204, 196, 166, 150, 121, 96, 74, 73
322, 321, 320, 319, 318, 317, 301, 284, 249, 241, 204, 196, 166, 150, 121, 96, 74
322, 321, 297, 298, 267, 253, 237, 199, 200, 194, 164, 148, 123, 99, 98, 75
322, 321, 297, 298, 267, 253, 237, 199, 193, 163, 147, 124, 100, 77, 76
322, 321, 297, 298, 267, 253, 237, 199, 193, 163, 147, 124, 100, 77
322, 296, 268, 254, 236, 221, 192, 161, 145, 125, 101, 78
322, 296, 268, 255, 235, 220, 191, 160, 144, 126, 102, 79
322, 296, 268, 255, 235, 220, 191, 160, 144, 126, 103, 80
322, 296, 268, 255, 235, 220, 191, 159, 143, 127, 104, 81
322, 296, 268, 255, 235, 220, 191, 159, 142, 128, 105, 82
322, 296, 268, 255, 235, 220, 191, 159, 142, 128, 105, 106, 83
322, 296, 268, 255, 235, 220, 191, 159, 142, 128, 105, 106, 83, 84
322, 296, 268, 255, 235, 234, 219, 190, 158, 141, 140, 139, 110, 108, 85
322, 296, 268, 255, 235, 234, 219, 190, 158, 141, 140, 139, 110, 108, 85, 86
322, 296, 268, 255, 235, 234, 219, 190, 158, 141, 140, 139, 110, 108, 85, 86, 87
322, 296, 268, 255, 235, 234, 219, 190, 158, 141, 140, 139, 110, 108, 85, 86, 87, 88
322, 296, 268, 255, 235, 234, 219, 190, 158, 141, 140, 139, 110, 108, 109, 89
322, 296, 268, 255, 235, 234, 219, 190, 158, 141, 140, 139, 110, 108, 109, 89, 90
322, 296, 268, 255, 235, 234, 219, 190, 158, 141, 140, 139, 110, 108, 109, 89, 90, 91
322, 323, 324, 293, 272, 273, 259, 260, 261, 262, 228, 227, 212, 181, 172, 133, 116, 92
322, 321, 320, 319, 318, 317, 301, 284, 249, 241, 204, 196, 166, 150, 121, 96, 95, 94, 93
322, 321, 320, 319, 318, 317, 301, 284, 249, 241, 204, 196, 166, 150, 121, 96, 95, 94
322, 321, 320, 319, 318, 317, 301, 284, 249, 241, 204, 196, 166, 150, 121, 96, 95
322, 321, 320, 319, 318, 317, 301, 284, 249, 241, 204, 196, 166, 150, 121, 96
322, 321, 297, 298, 267, 253, 237, 199, 200, 194, 164, 148, 123, 99, 98, 97
322, 321, 297, 298, 267, 253, 237, 199, 200, 194, 164, 148, 123, 99, 98
322, 321, 297, 298, 267, 253, 237, 199, 200, 194, 164, 148, 123, 99
322, 321, 297, 298, 267, 253, 237, 199, 193, 163, 147, 124, 100
322, 296, 268, 254, 236, 221, 192, 161, 145, 125, 101
322, 296, 268, 255, 235, 220, 191, 160, 144, 126, 102
322, 296, 268, 255, 235, 220, 191, 160, 144, 126, 103
322, 296, 268, 255, 235, 220, 191, 159, 143, 127, 104
322, 296, 268, 255, 235, 220, 191, 159, 142, 128, 105
322, 296, 268, 255, 235, 220, 191, 159, 142, 128, 105, 106
322, 296, 268, 255, 235, 220, 191, 159, 142, 128, 105, 106, 107
322, 296, 268, 255, 235, 234, 219, 190, 158, 141, 140, 139, 110, 108
322, 296, 268, 255, 235, 234, 219, 190, 158, 141, 140, 139, 110, 108, 109
322, 296, 268, 255, 235, 234, 219, 190, 158, 141, 140, 139, 110
322, 296, 268, 255, 235, 234, 219, 190, 158, 141, 140, 139, 110, 111
322, 296, 268, 255, 235, 234, 219, 190, 158, 141, 140, 139, 110, 111, 112
322, 296, 268, 255, 235, 234, 219, 190, 158, 141, 140, 139, 110, 111, 112, 113
322, 296, 268, 255, 256, 257, 232, 217, 216, 215, 184, 183, 175, 174, 136, 114
322, 296, 268, 255, 256, 257, 232, 217, 216, 215, 184, 183, 175, 174, 136, 135, 134, 115
322, 323, 324, 293, 272, 273, 259, 260, 261, 262, 228, 227, 212, 181, 172, 133, 116
322, 321, 320, 319, 318, 317, 301, 284, 249, 241, 204, 196, 166, 150, 151, 120, 119, 118, 117
322, 321, 320, 319, 318, 317, 301, 284, 249, 241, 204, 196, 166, 150, 151, 120, 119, 118
322, 321, 320, 319, 318, 317, 301, 284, 249, 241, 204, 196, 166, 150, 151, 120, 119
322, 321, 320, 319, 318, 317, 301, 284, 249, 241, 204, 196, 166, 150, 151, 120
322, 321, 320, 319, 318, 317, 301, 284, 249, 241, 204, 196, 166, 150, 121
322, 321, 297, 298, 267, 253, 237, 199, 200, 194, 164, 148, 123, 122
322, 321, 297, 298, 267, 253, 237, 199, 200, 194, 164, 148, 123
322, 321, 297, 298, 267, 253, 237, 199, 193, 163, 147, 124
322, 296, 268, 254, 236, 221, 192, 161, 145, 125
322, 296, 268, 255, 235, 220, 191, 160, 144, 126
322, 296, 268, 255, 235, 220, 191, 159, 143, 127
322, 296, 268, 255, 235, 220, 191, 159, 142, 128
322, 296, 268, 255, 235, 220, 191, 159, 142, 129
322, 296, 268, 255, 235, 220, 191, 159, 142, 129, 130
322, 321, 320, 319, 318, 317, 301, 284, 249, 241, 204, 196, 166, 150, 151, 152, 153, 154, 155, 131
322, 323, 324, 293, 272, 273, 259, 260, 261, 262, 228, 227, 212, 181, 172, 133, 132
322, 323, 324, 293, 272, 273, 259, 260, 261, 262, 228, 227, 212, 181, 172, 133
322, 296, 268, 255, 256, 257, 232, 217, 216, 215, 184, 183, 175, 174, 136, 135, 134
322, 296, 268, 255, 256, 257, 232, 217, 216, 215, 184, 183, 175, 174, 136, 135
322, 296, 268, 255, 256, 257, 232, 217, 216, 215, 184, 183, 175, 174, 136
322, 296, 268, 255, 256, 257, 232, 217, 216, 215, 184, 183, 175, 137
322, 296, 268, 255, 235, 234, 219, 190, 158, 141, 140, 139, 138
322, 296, 268, 255, 235, 234, 219, 190, 158, 141, 140, 139
322, 296, 268, 255, 235, 234, 219, 190, 158, 141, 140
322, 296, 268, 255, 235, 234, 219, 190, 158, 141
322, 296, 268, 255, 235, 220, 191, 159, 142
322, 296, 268, 255, 235, 220, 191, 159, 143
322, 296, 268, 255, 235, 220, 191, 160, 144
322, 296, 268, 254, 236, 221, 192, 161, 145
322, 321, 297, 298, 267, 253, 237, 199, 193, 162, 146
322, 321, 297, 298, 267, 253, 237, 199, 193, 163, 147
322, 321, 297, 298, 267, 253, 237, 199, 200, 194, 164, 148
322, 321, 297, 298, 267, 253, 237, 199, 200, 194, 164, 165, 149
322, 321, 320, 319, 318, 317, 301, 284, 249, 241, 204, 196, 166, 150
322, 321, 320, 319, 318, 317, 301, 284, 249, 241, 204, 196, 166, 150, 151
322, 321, 320, 319, 318, 317, 301, 284, 249, 241, 204, 196, 166, 150, 151, 152
322, 321, 320, 319, 318, 317, 301, 284, 249, 241, 204, 196, 166, 150, 151, 152, 153
322, 321, 320, 319, 318, 317, 301, 284, 249, 241, 204, 196, 166, 150, 151, 152, 153, 154
322, 321, 320, 319, 318, 317, 301, 284, 249, 241, 204, 196, 166, 150, 151, 152, 153, 154, 155
322, 296, 268, 255, 235, 234, 219, 190, 158, 157, 156
322, 296, 268, 255, 235, 234, 219, 190, 158, 157
322, 296, 268, 255, 235, 234, 219, 190, 158
322, 296, 268, 255, 235, 220, 191, 159
322, 296, 268, 255, 235, 220, 191, 160
322, 296, 268, 254, 236, 221, 192, 161
322, 321, 297, 298, 267, 253, 237, 199, 193, 162
322, 321, 297, 298, 267, 253, 237, 199, 193, 163
322, 321, 297, 298, 267, 253, 237, 199, 200, 194, 164
322, 321, 297, 298, 267, 253, 237, 199, 200, 194, 164, 165
322, 321, 320, 319, 318, 317, 301, 284, 249, 241, 204, 196, 166
322, 321, 320, 319, 318, 317, 301, 284, 249, 241, 204, 196, 166, 167
322, 321, 320, 319, 318, 317, 301, 284, 249, 241, 204, 196, 166, 167, 168
322, 321, 320, 319, 318, 317, 301, 284, 249, 241, 204, 196, 166, 167, 168, 169
322, 321, 320, 319, 318, 317, 301, 284, 249, 241, 204, 196, 166, 167, 168, 169, 170
322, 321, 320, 319, 318, 317, 301, 284, 249, 241, 204, 196, 166, 167, 168, 169, 170, 171
322, 323, 324, 293, 272, 273, 259, 260, 261, 262, 228, 227, 212, 181, 172
322, 296, 268, 255, 256, 257, 232, 217, 216, 215, 184, 183, 175, 174, 173
322, 296, 268, 255, 256, 257, 232, 217, 216, 215, 184, 183, 175, 174
322, 296, 268, 255, 256, 257, 232, 217, 216, 215, 184, 183, 175
322, 296, 268, 255, 256, 257, 232, 217, 187, 186, 177, 176
322, 296, 268, 255, 256, 257, 232, 217, 187, 186, 177
322, 321, 320, 319, 318, 317, 301, 284, 249, 241, 204, 196, 197, 198, 178
322, 321, 320, 319, 318, 317, 301, 284, 249, 241, 204, 196, 197, 198, 178, 179
322, 323, 324, 293, 272, 273, 259, 260, 261, 262, 228, 227, 212, 181, 180
322, 323, 324, 293, 272, 273, 259, 260, 261, 262, 228, 227, 212, 181
322, 296, 268, 255, 256, 257, 232, 217, 216, 215, 184, 183, 182
322, 296, 268, 255, 256, 257, 232, 217, 216, 215, 184, 183
322, 296, 268, 255, 256, 257, 232, 217, 216, 215, 184
322, 296, 268, 255, 256, 257, 232, 217, 216, 185
322, 296, 268, 255, 256, 257, 232, 217, 187, 186
322, 296, 268, 255, 256, 257, 232, 217, 187
322, 296, 268, 255, 235, 234, 219, 190, 189, 188
322, 296, 268, 255, 235, 234, 219, 190, 189
322, 296, 268, 255, 235, 234, 219, 190
322, 296, 268, 255, 235, 220, 191
322, 296, 268, 254, 236, 221, 192
322, 321, 297, 298, 267, 253, 237, 199, 193
322, 321, 297, 298, 267, 253, 237, 199, 200, 194
322, 321, 320, 319, 318, 300, 265, 250, 240, 203, 195
322, 321, 320, 319, 318, 317, 301, 284, 249, 241, 204, 196
322, 321, 320, 319, 318, 317, 301, 284, 249, 241, 204, 196, 197
322, 321, 320, 319, 318, 317, 301, 284, 249, 241, 204, 196, 197, 198
322, 321, 297, 298, 267, 253, 237, 199
