450, 428, 399, 373, 352, 331, 324, 293, 272, 258, 232, 217, 187, 186, 177, 139, 110, 108, 85, 50, 26, 0
450, 428, 399, 373, 352, 331, 324, 293, 272, 258, 232, 217, 187, 186, 177, 139, 110, 108, 85, 50, 26, 1
450, 428, 399, 373, 352, 331, 324, 293, 272, 258, 232, 217, 187, 186, 177, 139, 110, 108, 85, 50, 26, 2
450, 428, 399, 373, 352, 331, 324, 293, 272, 258, 232, 217, 187, 186, 177, 139, 110, 108, 85, 50, 26, 2, 3
450, 428, 399, 373, 352, 331, 324, 293, 272, 258, 232, 217, 187, 186, 177, 139, 110, 108, 85, 50, 26, 2, 3, 4
450, 428, 399, 373, 352, 331, 324, 293, 272, 258, 232, 217, 216, 215, 184, 183, 175, 174, 136, 114, 90, 87, 46, 22, 5
450, 428, 399, 373, 352, 331, 324, 293, 272, 258, 232, 217, 216, 215, 184, 183, 175, 174, 136, 114, 90, 87, 46, 22, 5, 6
450, 428, 399, 373, 352, 331, 324, 293, 272, 273, 259, 260, 261, 262, 228, 227, 212, 181, 172, 133, 116, 92, 69, 67, 44, 7
450, 428, 399, 373, 352, 331, 324, 293, 272, 273, 259, 260, 261, 262, 228, 227, 212, 181, 172, 133, 116, 92, 69, 67, 44, 8
450, 428, 399, 373, 352, 331, 324, 293, 272, 273, 259, 260, 261, 262, 228, 227, 212, 181, 172, 133, 116, 92, 69, 67, 44, 8, 9
450, 428, 429, 400, 401, 402, 403, 404, 379, 366, 339, 317, 301, 284, 249, 241, 204, 196, 166, 150, 121, 96, 74, 62, 40, 11, 10
450, 428, 429, 400, 401, 402, 403, 404, 379, 366, 339, 317, 301, 284, 249, 241, 204, 196, 166, 150, 121, 96, 74, 62, 40, 11
450, 428, 399, 373, 374, 350, 334, 335, 321, 297, 298, 267, 253, 237, 199, 193, 163, 147, 124, 100, 77, 58, 35, 14, 13, 12
450, 428, 399, 373, 374, 350, 334, 335, 321, 297, 298, 267, 253, 237, 199, 193, 163, 147, 124, 100, 77, 58, 35, 14, 13
450, 428, 399, 373, 374, 350, 334, 335, 321, 297, 298, 267, 253, 237, 199, 193, 163, 147, 124, 100, 77, 58, 35, 14
450, 428, 399, 373, 374, 350, 333, 323, 295, 269, 255, 254, 236, 221, 192, 161, 145, 125, 101, 78, 57, 34, 15
450, 428, 399, 373, 374, 350, 333, 323, 295, 269, 255, 235, 220, 191, 160, 144, 126, 103, 80, 56, 32, 16
450, 428, 399, 373, 352, 331, 324, 294, 270, 256, 233, 219, 190, 159, 143, 127, 104, 81, 55, 31, 17
450, 428, 399, 373, 352, 331, 324, 294, 270, 256, 233, 219, 190, 158, 142, 128, 105, 82, 54, 30, 18
450, 428, 399, 373, 352, 331, 324, 294, 270, 256, 233, 219, 190, 158, 142, 128, 105, 82, 54, 30, 19
450, 428, 399, 373, 352, 331, 324, 293, 272, 258, 232, 217, 187, 156, 140, 130, 106, 83, 53, 29, 20
450, 428, 399, 373, 352, 331, 324, 293, 272, 258, 232, 217, 187, 156, 140, 130, 106, 83, 53, 29, 28, 21
450, 428, 399, 373, 352, 331, 324, 293, 272, 258, 232, 217, 216, 215, 184, 183, 175, 174, 136, 114, 90, 87, 46, 22
450, 428, 399, 373, 352, 331, 324, 293, 272, 258, 232, 217, 216, 215, 184, 183, 175, 174, 136, 114, 90, 87, 46, 23
450, 428, 399, 373, 352, 331, 324, 293, 272, 258, 232, 217, 187, 186, 177, 139, 110, 108, 85, 50, 49, 48, 24
450, 428, 399, 373, 352, 331, 324, 293, 272, 258, 232, 217, 187, 186, 177, 139, 110, 108, 85, 50, 26, 25
450, 428, 399, 373, 352, 331, 324, 293, 272, 258, 232, 217, 187, 186, 177, 139, 110, 108, 85, 50, 26
450, 428, 399, 373, 352, 331, 324, 293, 272, 258, 232, 217, 187, 156, 140, 130, 106, 83, 53, 29, 28, 27
450, 428, 399, 373, 352, 331, 324, 293, 272, 258, 232, 217, 187, 156, 140, 130, 106, 83, 53, 29, 28
450, 428, 399, 373, 352, 331, 324, 293, 272, 258, 232, 217, 187, 156, 140, 130, 106, 83, 53, 29
450, 428, 399, 373, 352, 331, 324, 294, 270, 256, 233, 219, 190, 158, 142, 128, 105, 82, 54, 30
450, 428, 399, 373, 352, 331, 324, 294, 270, 256, 233, 219, 190, 159, 143, 127, 104, 81, 55, 31
450, 428, 399, 373, 374, 350, 333, 323, 295, 269, 255, 235, 220, 191, 160, 144, 126, 103, 80, 56, 32
450, 428, 399, 373, 374, 350, 333, 323, 295, 269, 255, 254, 236, 221, 192, 161, 145, 125, 101, 78, 57, 33
450, 428, 399, 373, 374, 350, 333, 323, 295, 269, 255, 254, 236, 221, 192, 161, 145, 125, 101, 78, 57, 34
450, 428, 399, 373, 374, 350, 334, 335, 321, 297, 298, 267, 253, 237, 199, 193, 163, 147, 124, 100, 77, 58, 35
450, 428, 399, 373, 374, 350, 334, 335, 321, 297, 298, 267, 253, 237, 199, 193, 163, 147, 124, 100, 77, 58, 35, 36
450, 428, 399, 373, 374, 350, 334, 335, 321, 297, 298, 267, 253, 237, 199, 193, 163, 147, 124, 100, 77, 58, 35, 36, 37
450, 428, 399, 373, 374, 350, 334, 335, 321, 297, 298, 267, 253, 237, 199, 193, 163, 147, 124, 100, 77, 58, 35, 36, 37, 38
450, 428, 399, 373, 374, 350, 334, 335, 321, 297, 298, 267, 253, 237, 199, 193, 163, 147, 124, 100, 77, 58, 35, 36, 37, 38, 39
450, 428, 429, 400, 401, 402, 403, 404, 379, 366, 339, 317, 301, 284, 249, 241, 204, 196, 166, 150, 121, 96, 74, 62, 40
450, 428, 429, 400, 401, 402, 403, 404, 379, 366, 339, 317, 301, 284, 249, 241, 204, 196, 166, 150, 121, 96, 74, 62, 63, 41
450, 428, 399, 373, 352, 331, 324, 293, 272, 273, 259, 260, 261, 262, 228, 227, 212, 181, 172, 133, 116, 92, 69, 67, 44, 43, 42
450, 428, 399, 373, 352, 331, 324, 293, 272, 273, 259, 260, 261, 262, 228, 227, 212, 181, 172, 133, 116, 92, 69, 67, 44, 43
450, 428, 399, 373, 352, 331, 324, 293, 272, 273, 259, 260, 261, 262, 228, 227, 212, 181, 172, 133, 116, 92, 69, 67, 44
450, 428, 399, 373, 352, 331, 324, 293, 272, 273, 259, 260, 261, 262, 228, 227, 212, 181, 172, 133, 116, 92, 69, 67, 45
450, 428, 399, 373, 352, 331, 324, 293, 272, 258, 232, 217, 216, 215, 184, 183, 175, 174, 136, 114, 90, 87, 46
450, 428, 399, 373, 352, 331, 324, 293, 272, 258, 232, 217, 216, 215, 184, 183, 175, 174, 136, 114, 90, 87, 46, 47
450, 428, 399, 373, 352, 331, 324, 293, 272, 258, 232, 217, 187, 186, 177, 139, 110, 108, 85, 50, 49, 48
450, 428, 399, 373, 352, 331, 324, 293, 272, 258, 232, 217, 187, 186, 177, 139, 110, 108, 85, 50, 49
450, 428, 399, 373, 352, 331, 324, 293, 272, 258, 232, 217, 187, 186, 177, 139, 110, 108, 85, 50
450, 428, 399, 373, 352, 331, 324, 293, 272, 258, 232, 217, 187, 186, 177, 139, 110, 107, 84, 51
450, 428, 399, 373, 352, 331, 324, 293, 272, 258, 232, 217, 187, 186, 177, 139, 110, 107, 84, 52
450, 428, 399, 373, 352, 331, 324, 293, 272, 258, 232, 217, 187, 156, 140, 130, 106, 83, 53
450, 428, 399, 373, 352, 331, 324, 294, 270, 256, 233, 219, 190, 158, 142, 128, 105, 82, 54
450, 428, 399, 373, 352, 331, 324, 294, 270, 256, 233, 219, 190, 159, 143, 127, 104, 81, 55
450, 428, 399, 373, 374, 350, 333, 323, 295, 269, 255, 235, 220, 191, 160, 144, 126, 103, 80, 56
450, 428, 399, 373, 374, 350, 333, 323, 295, 269, 255, 254, 236, 221, 192, 161, 145, 125, 101, 78, 57
450, 428, 399, 373, 374, 350, 334, 335, 321, 297, 298, 267, 253, 237, 199, 193, 163, 147, 124, 100, 77, 58
450, 428, 399, 373, 374, 350, 334, 335, 321, 297, 298, 267, 253, 237, 199, 193, 163, 147, 124, 100, 77, 58, 59
450, 428, 399, 373, 374, 350, 334, 335, 321, 297, 298, 267, 253, 237, 199, 200, 194, 164, 148, 123, 99, 98, 75, 60
450, 428, 429, 400, 401, 402, 403, 404, 379, 366, 339, 317, 301, 284, 249, 241, 204, 196, 166, 150, 121, 96, 74, 61
450, 428, 429, 400, 401, 402, 403, 404, 379, 366, 339, 317, 301, 284, 249, 241, 204, 196, 166, 150, 121, 96, 74, 62
450, 428, 429, 400, 401, 402, 403, 404, 379, 366, 339, 317, 301, 284, 249, 241, 204, 196, 166, 150, 121, 96, 74, 62, 63
450, 428, 429, 400, 401, 402, 403, 404, 379, 366, 339, 317, 301, 284, 249, 241, 204, 196, 166, 150, 121, 96, 74, 73, 64
450, 428, 399, 373, 352, 331, 324, 293, 272, 273, 259, 260, 261, 262, 228, 227, 212, 181, 172, 133, 116, 92, 69, 67, 66, 65
450, 428, 399, 373, 352, 331, 324, 293, 272, 273, 259, 260, 261, 262, 228, 227, 212, 181, 172, 133, 116, 92, 69, 67, 66
450, 428, 399, 373, 352, 331, 324, 293, 272, 273, 259, 260, 261, 262, 228, 227, 212, 181, 172, 133, 116, 92, 69, 67
450, 428, 399, 373, 352, 331, 324, 293, 272, 273, 259, 260, 261, 262, 228, 227, 212, 181, 172, 134, 115, 91, 68
450, 428, 399, 373, 352, 331, 324, 293, 272, 273, 259, 260, 261, 262, 228, 227, 212, 181, 172, 133, 116, 92, 69
450, 428, 399, 373, 352, 331, 324, 293, 272, 273, 259, 260, 261, 262, 228, 227, 212, 181, 172, 133, 116, 92, 69, 70
450, 428, 399, 373, 352, 331, 324, 293, 272, 273, 259, 260, 261, 262, 228, 227, 212, 181, 172, 133, 116, 92, 69, 70, 71
450, 428, 399, 373, 352, 331, 324, 293, 272, 273, 259, 260, 261, 262, 228, 227, 226, 210, 179, 171, 131, 117, 118, 94, 72
450, 428, 429, 400, 401, 402, 403, 404, 379, 366, 339, 317, 301, 284, 249, 241, 204, 196, 166, 150, 121, 96, 74, 73
450, 428, 429, 400, 401, 402, 403, 404, 379, 366, 339, 317, 301, 284, 249, 241, 204, 196, 166, 150, 121, 96, 74
450, 428, 399, 373, 374, 350, 334, 335, 321, 297, 298, 267, 253, 237, 199, 200, 194, 164, 148, 123, 99, 98, 75
450, 428, 399, 373, 374, 350, 334, 335, 321, 297, 298, 267, 253, 237, 199, 193, 163, 147, 124, 100, 77, 76
450, 428, 399, 373, 374, 350, 334, 335, 321, 297, 298, 267, 253, 237, 199, 193, 163, 147, 124, 100, 77
450, 428, 399, 373, 374, 350, 333, 323, 295, 269, 255, 254, 236, 221, 192, 161, 145, 125, 101, 78
450, 428, 399, 373, 374, 350, 333, 323, 295, 269, 255, 235, 220, 191, 160, 144, 126, 102, 79
450, 428, 399, 373, 374, 350, 333, 323, 295, 269, 255, 235, 220, 191, 160, 144, 126, 103, 80
450, 428, 399, 373, 352, 331, 324, 294, 270, 256, 233, 219, 190, 159, 143, 127, 104, 81
450, 428, 399, 373, 352, 331, 324, 294, 270, 256, 233, 219, 190, 158, 142, 128, 105, 82
450, 428, 399, 373, 352, 331, 324, 293, 272, 258, 232, 217, 187, 156, 140, 130, 106, 83
450, 428, 399, 373, 352, 331, 324, 293, 272, 258, 232, 217, 187, 186, 177, 139, 110, 107, 84
450, 428, 399, 373, 352, 331, 324, 293, 272, 258, 232, 217, 187, 186, 177, 139, 110, 108, 85
450, 428, 399, 373, 352, 331, 324, 293, 272, 258, 232, 217, 187, 186, 177, 139, 110, 108, 85, 86
450, 428, 399, 373, 352, 331, 324, 293, 272, 258, 232, 217, 216, 215, 184, 183, 175, 174, 136, 114, 90, 87
450, 428, 399, 373, 352, 331, 324, 293, 272, 273, 259, 260, 261, 262, 228, 227, 212, 181, 172, 134, 115, 91, 88
450, 428, 399, 373, 352, 331, 324, 293, 272, 258, 232, 217, 187, 186, 177, 139, 110, 108, 109, 89
450, 428, 399, 373, 352, 331, 324, 293, 272, 258, 232, 217, 216, 215, 184, 183, 175, 174, 136, 114, 90
450, 428, 399, 373, 352, 331, 324, 293, 272, 273, 259, 260, 261, 262, 228, 227, 212, 181, 172, 134, 115, 91
450, 428, 399, 373, 352, 331, 324, 293, 272, 273, 259, 260, 261, 262, 228, 227, 212, 181, 172, 133, 116, 92
450, 428, 399, 373, 352, 331, 324, 293, 272, 273, 259, 260, 261, 262, 228, 227, 212, 181, 172, 133, 116, 92, 93
450, 428, 399, 373, 352, 331, 324, 293, 272, 273, 259, 260, 261, 262, 228, 227, 226, 210, 179, 171, 131, 117, 118, 94
450, 428, 429, 400, 401, 402, 403, 404, 379, 366, 339, 317, 301, 284, 249, 241, 204, 196, 166, 150, 121, 96, 95
450, 428, 429, 400, 401, 402, 403, 404, 379, 366, 339, 317, 301, 284, 249, 241, 204, 196, 166, 150, 121, 96
450, 428, 399, 373, 374, 350, 334, 335, 321, 297, 298, 267, 253, 237, 199, 200, 194, 164, 148, 123, 99, 98, 97
450, 428, 399, 373, 374, 350, 334, 335, 321, 297, 298, 267, 253, 237, 199, 200, 194, 164, 148, 123, 99, 98
450, 428, 399, 373, 374, 350, 334, 335, 321, 297, 298, 267, 253, 237, 199, 200, 194, 164, 148, 123, 99
450, 428, 399, 373, 374, 350, 334, 335, 321, 297, 298, 267, 253, 237, 199, 193, 163, 147, 124, 100
450, 428, 399, 373, 374, 350, 333, 323, 295, 269, 255, 254, 236, 221, 192, 161, 145, 125, 101
450, 428, 399, 373, 374, 350, 333, 323, 295, 269, 255, 235, 220, 191, 160, 144, 126, 102
450, 428, 399, 373, 374, 350, 333, 323, 295, 269, 255, 235, 220, 191, 160, 144, 126, 103
450, 428, 399, 373, 352, 331, 324, 294, 270, 256, 233, 219, 190, 159, 143, 127, 104
450, 428, 399, 373, 352, 331, 324, 294, 270, 256, 233, 219, 190, 158, 142, 128, 105
450, 428, 399, 373, 352, 331, 324, 293, 272, 258, 232, 217, 187, 156, 140, 130, 106
450, 428, 399, 373, 352, 331, 324, 293, 272, 258, 232, 217, 187, 186, 177, 139, 110, 107
450, 428, 399, 373, 352, 331, 324, 293, 272, 258, 232, 217, 187, 186, 177, 139, 110, 108
450, 428, 399, 373, 352, 331, 324, 293, 272, 258, 232, 217, 187, 186, 177, 139, 110, 108, 109
450, 428, 399, 373, 352, 331, 324, 293, 272, 258, 232, 217, 187, 186, 177, 139, 110
450, 428, 399, 373, 352, 331, 324, 293, 272, 258, 232, 217, 187, 186, 177, 176, 138, 111
450, 428, 399, 373, 352, 331, 324, 293, 272, 258, 232, 217, 187, 186, 177, 176, 138, 111, 112
450, 428, 399, 373, 352, 331, 324, 293, 272, 258, 232, 217, 216, 215, 184, 183, 175, 137, 113
450, 428, 399, 373, 352, 331, 324, 293, 272, 258, 232, 217, 216, 215, 184, 183, 175, 174, 136, 114
450, 428, 399, 373, 352, 331, 324, 293, 272, 273, 259, 260, 261, 262, 228, 227, 212, 181, 172, 134, 115
450, 428, 399, 373, 352, 331, 324, 293, 272, 273, 259, 260, 261, 262, 228, 227, 212, 181, 172, 133, 116
450, 428, 399, 373, 352, 331, 324, 293, 272, 273, 259, 260, 261, 262, 228, 227, 226, 210, 179, 171, 131, 117
450, 428, 399, 373, 352, 331, 324, 293, 272, 273, 259, 260, 261, 262, 228, 227, 226, 210, 179, 171, 131, 117, 118
450, 428, 399, 373, 352, 331, 324, 293, 272, 273, 259, 260, 261, 262, 228, 227, 226, 210, 179, 171, 131, 117, 118, 119
450, 428, 429, 400, 401, 402, 403, 404, 379, 366, 339, 317, 301, 284, 249, 241, 204, 196, 166, 150, 151, 120
450, 428, 429, 400, 401, 402, 403, 404, 379, 366, 339, 317, 301, 284, 249, 241, 204, 196, 166, 150, 121
450, 428, 399, 373, 374, 350, 334, 335, 321, 297, 298, 267, 253, 237, 199, 200, 194, 164, 148, 123, 122
450, 428, 399, 373, 374, 350, 334, 335, 321, 297, 298, 267, 253, 237, 199, 200, 194, 164, 148, 123
450, 428, 399, 373, 374, 350, 334, 335, 321, 297, 298, 267, 253, 237, 199, 193, 163, 147, 124
450, 428, 399, 373, 374, 350, 333, 323, 295, 269, 255, 254, 236, 221, 192, 161, 145, 125
450, 428, 399, 373, 374, 350, 333, 323, 295, 269, 255, 235, 220, 191, 160, 144, 126
450, 428, 399, 373, 352, 331, 324, 294, 270, 256, 233, 219, 190, 159, 143, 127
450, 428, 399, 373, 352, 331, 324, 294, 270, 256, 233, 219, 190, 158, 142, 128
450, 428, 399, 373, 352, 331, 324, 294, 270, 256, 233, 219, 190, 158, 141, 129
450, 428, 399, 373, 352, 331, 324, 293, 272, 258, 232, 217, 187, 156, 140, 130
450, 428, 399, 373, 352, 331, 324, 293, 272, 273, 259, 260, 261, 262, 228, 227, 226, 210, 179, 171, 131
450, 428, 399, 373, 352, 331, 324, 293, 272, 273, 259, 260, 261, 262, 228, 227, 212, 181, 172, 133, 132
450, 428, 399, 373, 352, 331, 324, 293, 272, 273, 259, 260, 261, 262, 228, 227, 212, 181, 172, 133
450, 428, 399, 373, 352, 331, 324, 293, 272, 273, 259, 260, 261, 262, 228, 227, 212, 181, 172, 134
450, 428, 399, 373, 352, 331, 324, 293, 272, 258, 232, 217, 216, 215, 184, 183, 175, 174, 136, 135
450, 428, 399, 373, 352, 331, 324, 293, 272, 258, 232, 217, 216, 215, 184, 183, 175, 174, 136
450, 428, 399, 373, 352, 331, 324, 293, 272, 258, 232, 217, 216, 215, 184, 183, 175, 137
450, 428, 399, 373, 352, 331, 324, 293, 272, 258, 232, 217, 187, 186, 177, 176, 138
450, 428, 399, 373, 352, 331, 324, 293, 272, 258, 232, 217, 187, 186, 177, 139
450, 428, 399, 373, 352, 331, 324, 293, 272, 258, 232, 217, 187, 156, 140
450, 428, 399, 373, 352, 331, 324, 294, 270, 256, 233, 219, 190, 158, 141
450, 428, 399, 373, 352, 331, 324, 294, 270, 256, 233, 219, 190, 158, 142
450, 428, 399, 373, 352, 331, 324, 294, 270, 256, 233, 219, 190, 159, 143
450, 428, 399, 373, 374, 350, 333, 323, 295, 269, 255, 235, 220, 191, 160, 144
450, 428, 399, 373, 374, 350, 333, 323, 295, 269, 255, 254, 236, 221, 192, 161, 145
450, 428, 399, 373, 374, 350, 334, 335, 321, 297, 298, 267, 253, 237, 199, 193, 162, 146
450, 428, 399, 373, 374, 350, 334, 335, 321, 297, 298, 267, 253, 237, 199, 193, 163, 147
450, 428, 399, 373, 374, 350, 334, 335, 321, 297, 298, 267, 253, 237, 199, 200, 194, 164, 148
450, 428, 399, 373, 374, 350, 334, 335, 321, 297, 298, 267, 253, 237, 199, 200, 194, 164, 165, 149
450, 428, 429, 400, 401, 402, 403, 404, 379, 366, 339, 317, 301, 284, 249, 241, 204, 196, 166, 150
450, 428, 429, 400, 401, 402, 403, 404, 379, 366, 339, 317, 301, 284, 249, 241, 204, 196, 166, 150, 151
450, 428, 429, 400, 401, 402, 403, 404, 379, 366, 339, 317, 301, 284, 249, 241, 204, 196, 166, 150, 151, 152
450, 428, 429, 400, 401, 402, 403, 404, 379, 366, 339, 317, 301, 284, 249, 241, 204, 196, 166, 150, 151, 152, 153
450, 428, 399, 373, 352, 331, 324, 293, 272, 273, 259, 260, 261, 262, 228, 227, 226, 210, 179, 171, 170, 154
450, 428, 399, 373, 352, 331, 324, 293, 272, 273, 259, 260, 261, 262, 228, 227, 226, 210, 179, 171, 131, 155
450, 428, 399, 373, 352, 331, 324, 293, 272, 258, 232, 217, 187, 156
450, 428, 399, 373, 352, 331, 324, 293, 272, 258, 232, 218, 189, 157
450, 428, 399, 373, 352, 331, 324, 294, 270, 256, 233, 219, 190, 158
450, 428, 399, 373, 352, 331, 324, 294, 270, 256, 233, 219, 190, 159
450, 428, 399, 373, 374, 350, 333, 323, 295, 269, 255, 235, 220, 191, 160
450, 428, 399, 373, 374, 350, 333, 323, 295, 269, 255, 254, 236, 221, 192, 161
450, 428, 399, 373, 374, 350, 334, 335, 321, 297, 298, 267, 253, 237, 199, 193, 162
450, 428, 399, 373, 374, 350, 334, 335, 321, 297, 298, 267, 253, 237, 199, 193, 163
450, 428, 399, 373, 374, 350, 334, 335, 321, 297, 298, 267, 253, 237, 199, 200, 194, 164
450, 428, 399, 373, 374, 350, 334, 335, 321, 297, 298, 267, 253, 237, 199, 200, 194, 164, 165
450, 428, 429, 400, 401, 402, 403, 404, 379, 366, 339, 317, 301, 284, 249, 241, 204, 196, 166
450, 428, 429, 400, 401, 402, 403, 404, 379, 366, 339, 317, 301, 284, 249, 241, 204, 196, 166, 167
450, 428, 429, 400, 401, 402, 403, 404, 379, 366, 339, 317, 301, 284, 249, 241, 204, 196, 166, 167, 168
450, 428, 429, 400, 401, 402, 403, 404, 379, 366, 339, 317, 301, 284, 249, 241, 204, 196, 166, 167, 168, 169
450, 428, 399, 373, 352, 331, 324, 293, 272, 273, 259, 260, 261, 262, 228, 227, 226, 210, 179, 171, 170
450, 428, 399, 373, 352, 331, 324, 293, 272, 273, 259, 260, 261, 262, 228, 227, 226, 210, 179, 171
450, 428, 399, 373, 352, 331, 324, 293, 272, 273, 259, 260, 261, 262, 228, 227, 212, 181, 172
450, 428, 399, 373, 352, 331, 324, 293, 272, 258, 232, 217, 216, 215, 184, 183, 175, 174, 173
450, 428, 399, 373, 352, 331, 324, 293, 272, 258, 232, 217, 216, 215, 184, 183, 175, 174
450, 428, 399, 373, 352, 331, 324, 293, 272, 258, 232, 217, 216, 215, 184, 183, 175
450, 428, 399, 373, 352, 331, 324, 293, 272, 258, 232, 217, 187, 186, 177, 176
450, 428, 399, 373, 352, 331, 324, 293, 272, 258, 232, 217, 187, 186, 177
450, 428, 399, 373, 352, 331, 324, 293, 272, 273, 259, 260, 261, 262, 228, 227, 226, 210, 179, 178
450, 428, 399, 373, 352, 331, 324, 293, 272, 273, 259, 260, 261, 262, 228, 227, 226, 210, 179
450, 428, 399, 373, 352, 331, 324, 293, 272, 273, 259, 260, 261, 262, 228, 227, 212, 181, 180
450, 428, 399, 373, 352, 331, 324, 293, 272, 273, 259, 260, 261, 262, 228, 227, 212, 181
450, 428, 399, 373, 352, 331, 324, 293, 272, 258, 232, 217, 216, 215, 184, 183, 182
450, 428, 399, 373, 352, 331, 324, 293, 272, 258, 232, 217, 216, 215, 184, 183
450, 428, 399, 373, 352, 331, 324, 293, 272, 258, 232, 217, 216, 215, 184
450, 428, 399, 373, 352, 331, 324, 293, 272, 258, 232, 217, 216, 185
450, 428, 399, 373, 352, 331, 324, 293, 272, 258, 232, 217, 187, 186
450, 428, 399, 373, 352, 331, 324, 293, 272, 258, 232, 217, 187
450, 428, 399, 373, 352, 331, 324, 293, 272, 258, 232, 217, 188
450, 428, 399, 373, 352, 331, 324, 293, 272, 258, 232, 218, 189
450, 428, 399, 373, 352, 331, 324, 294, 270, 256, 233, 219, 190
450, 428, 399, 373, 374, 350, 333, 323, 295, 269, 255, 235, 220, 191
450, 428, 399, 373, 374, 350, 333, 323, 295, 269, 255, 254, 236, 221, 192
450, 428, 399, 373, 374, 350, 334, 335, 321, 297, 298, 267, 253, 237, 199, 193
450, 428, 399, 373, 374, 350, 334, 335, 321, 297, 298, 267, 253, 237, 199, 200, 194
450, 428, 399, 373, 374, 350, 334, 335, 321, 320, 319, 318, 300, 265, 250, 240, 203, 195
450, 428, 429, 400, 401, 402, 403, 404, 379, 366, 339, 317, 301, 284, 249, 241, 204, 196
450, 428, 429, 400, 401, 402, 403, 404, 379, 366, 339, 317, 301, 284, 249, 241, 204, 196, 197
450, 428, 429, 400, 401, 402, 403, 404, 379, 366, 339, 317, 301, 284, 249, 241, 204, 196, 197, 198
450, 428, 399, 373, 374, 350, 334, 335, 321, 297, 298, 267, 253, 237, 199
