779, 756, 721, 702, 681, 658, 650, 615, 600, 587, 555, 541, 513, 514, 496, 463, 450, 428, 399, 373, 352, 331, 324, 293, 272, 258, 232, 217, 187, 186, 177, 139, 110, 108, 85, 50, 26, 0
779, 756, 721, 702, 681, 658, 650, 615, 600, 587, 555, 541, 513, 514, 496, 463, 450, 428, 399, 373, 352, 331, 324, 293, 272, 258, 232, 217, 187, 186, 177, 139, 110, 108, 85, 50, 26, 1
779, 756, 721, 702, 681, 658, 650, 615, 600, 587, 555, 541, 513, 514, 496, 463, 450, 428, 399, 373, 352, 331, 324, 293, 272, 258, 232, 217, 187, 186, 177, 139, 110, 108, 85, 50, 26, 2
779, 756, 721, 702, 681, 658, 650, 615, 600, 587, 555, 541, 513, 514, 496, 463, 450, 428, 399, 373, 352, 331, 324, 293, 272, 258, 232, 217, 187, 186, 177, 139, 110, 108, 85, 50, 26, 2, 3
779, 786, 814, 813, 812, 852, 875, 890, 902, 937, 959, 973, 1004, 1014, 1047, 1056, 1078, 1101, 1124, 1151, 1170, 1199, 1221, 1226, 1254, 1272, 1310, 1313, 1334, 1352, 1388, 1400, 1426, 1444, 1460, 1488, 1501, 1531, 1536, 4
779, 786, 814, 813, 812, 852, 875, 890, 902, 937, 959, 973, 1004, 1014, 1047, 1056, 1078, 1101, 1124, 1151, 1170, 1199, 1221, 1226, 1254, 1272, 1310, 1313, 1334, 1352, 1388, 1400, 1426, 1444, 1460, 1488, 1501, 1532, 1535, 5
779, 786, 814, 813, 812, 852, 875, 890, 902, 937, 959, 973, 1004, 1014, 1047, 1056, 1078, 1101, 1124, 1151, 1170, 1199, 1221, 1226, 1254, 1272, 1310, 1313, 1334, 1352, 1388, 1400, 1426, 1444, 1460, 1488, 1501, 1532, 1535, 5, 6
779, 756, 721, 702, 681, 657, 651, 617, 618, 604, 584, 583, 560, 536, 517, 500, 481, 446, 423, 394, 390, 356, 348, 306, 289, 276, 263, 228, 227, 212, 181, 172, 133, 116, 92, 69, 67, 44, 7
779, 756, 721, 702, 681, 657, 651, 617, 618, 604, 584, 583, 560, 536, 517, 500, 481, 446, 423, 394, 390, 356, 348, 306, 289, 276, 263, 228, 227, 212, 181, 172, 133, 116, 92, 69, 67, 44, 8
779, 756, 721, 702, 681, 657, 651, 617, 618, 604, 584, 583, 560, 536, 517, 500, 481, 446, 423, 394, 390, 356, 348, 306, 289, 276, 263, 228, 227, 212, 181, 172, 133, 116, 92, 69, 67, 44, 8, 9
779, 758, 755, 720, 703, 680, 660, 649, 634, 599, 588, 553, 543, 510, 493, 492, 467, 456, 433, 403, 404, 379, 366, 339, 317, 301, 284, 249, 241, 204, 196, 166, 150, 121, 96, 74, 62, 40, 11, 10
779, 758, 755, 720, 703, 680, 660, 649, 634, 599, 588, 553, 543, 510, 493, 492, 467, 456, 433, 403, 404, 379, 366, 339, 317, 301, 284, 249, 241, 204, 196, 166, 150, 121, 96, 74, 62, 40, 11
779, 758, 755, 720, 703, 680, 660, 649, 634, 599, 588, 553, 543, 510, 493, 492, 467, 456, 433, 403, 378, 368, 338, 318, 300, 265, 250, 240, 203, 195, 165, 149, 122, 98, 75, 60, 37, 12
779, 756, 721, 702, 681, 658, 650, 615, 600, 587, 555, 541, 513, 495, 464, 451, 429, 400, 401, 375, 371, 336, 320, 298, 267, 253, 237, 199, 193, 163, 147, 124, 100, 77, 58, 35, 14, 13
779, 756, 721, 702, 681, 658, 650, 615, 600, 587, 555, 541, 513, 495, 464, 451, 429, 400, 401, 375, 371, 336, 320, 298, 267, 253, 237, 199, 193, 163, 147, 124, 100, 77, 58, 35, 14
779, 756, 721, 702, 681, 658, 650, 615, 600, 587, 555, 541, 513, 495, 464, 451, 429, 400, 374, 350, 333, 323, 295, 269, 255, 254, 236, 221, 192, 161, 145, 125, 101, 78, 57, 34, 15
779, 756, 721, 702, 681, 658, 650, 615, 600, 587, 555, 541, 513, 495, 464, 451, 429, 400, 374, 350, 333, 323, 295, 269, 255, 235, 220, 191, 160, 144, 126, 103, 80, 56, 32, 16
779, 786, 814, 830, 874, 892, 924, 940, 956, 975, 1005, 1017, 1049, 1059, 1081, 1104, 1127, 1148, 1167, 1194, 1217, 1231, 1259, 1289, 1294, 1317, 1338, 1357, 1358, 1374, 1392, 1419, 1432, 1468, 1476, 1509, 1525, 1542, 17
779, 756, 721, 702, 681, 658, 650, 615, 600, 587, 555, 541, 513, 514, 496, 463, 450, 428, 399, 373, 352, 331, 324, 294, 270, 256, 233, 219, 190, 158, 142, 128, 105, 82, 54, 30, 18
779, 756, 721, 702, 681, 658, 650, 615, 600, 587, 555, 541, 513, 514, 496, 463, 450, 428, 399, 373, 352, 331, 324, 294, 270, 256, 233, 219, 190, 158, 142, 128, 105, 82, 54, 30, 19
779, 756, 721, 702, 681, 658, 650, 615, 600, 587, 555, 541, 513, 514, 496, 463, 450, 428, 399, 373, 352, 331, 324, 293, 272, 258, 232, 217, 187, 156, 140, 130, 106, 83, 53, 29, 20
779, 756, 721, 702, 681, 658, 650, 615, 600, 587, 555, 541, 513, 514, 496, 463, 450, 428, 399, 373, 352, 331, 324, 293, 272, 258, 232, 217, 187, 156, 140, 130, 106, 83, 53, 29, 28, 21
779, 786, 814, 813, 812, 852, 875, 890, 902, 937, 959, 973, 1004, 1014, 1047, 1056, 1078, 1101, 1124, 1151, 1170, 1199, 1221, 1226, 1254, 1272, 1310, 1313, 1334, 1352, 1388, 1400, 1426, 1444, 1460, 1488, 1501, 1532, 1535, 5, 22
779, 786, 814, 813, 812, 852, 875, 890, 902, 937, 959, 973, 1004, 1014, 1047, 1056, 1078, 1101, 1124, 1151, 1170, 1199, 1221, 1226, 1254, 1272, 1310, 1313, 1334, 1352, 1388, 1400, 1426, 1444, 1460, 1488, 1501, 1532, 1535, 5, 23
779, 756, 721, 702, 681, 658, 650, 615, 600, 587, 555, 541, 513, 514, 496, 463, 450, 428, 399, 373, 352, 331, 324, 293, 272, 258, 232, 217, 187, 186, 177, 139, 110, 108, 85, 50, 49, 48, 24
779, 756, 721, 702, 681, 658, 650, 615, 600, 587, 555, 541, 513, 514, 496, 463, 450, 428, 399, 373, 352, 331, 324, 293, 272, 258, 232, 217, 187, 186, 177, 139, 110, 108, 85, 50, 26, 25
779, 756, 721, 702, 681, 658, 650, 615, 600, 587, 555, 541, 513, 514, 496, 463, 450, 428, 399, 373, 352, 331, 324, 293, 272, 258, 232, 217, 187, 186, 177, 139, 110, 108, 85, 50, 26
779, 756, 721, 702, 681, 658, 650, 615, 600, 587, 555, 541, 513, 514, 496, 463, 450, 428, 399, 373, 352, 331, 324, 293, 272, 258, 232, 217, 187, 156, 140, 130, 106, 83, 53, 29, 28, 27
779, 756, 721, 702, 681, 658, 650, 615, 600, 587, 555, 541, 513, 514, 496, 463, 450, 428, 399, 373, 352, 331, 324, 293, 272, 258, 232, 217, 187, 156, 140, 130, 106, 83, 53, 29, 28
779, 756, 721, 702, 681, 658, 650, 615, 600, 587, 555, 541, 513, 514, 496, 463, 450, 428, 399, 373, 352, 331, 324, 293, 272, 258, 232, 217, 187, 156, 140, 130, 106, 83, 53, 29
779, 756, 721, 702, 681, 658, 650, 615, 600, 587, 555, 541, 513, 514, 496, 463, 450, 428, 399, 373, 352, 331, 324, 294, 270, 256, 233, 219, 190, 158, 142, 128, 105, 82, 54, 30
779, 756, 721, 702, 681, 658, 650, 615, 600, 587, 555, 541, 513, 514, 496, 463, 450, 428, 399, 373, 352, 331, 324, 294, 270, 256, 233, 219, 190, 159, 143, 127, 104, 81, 55, 31
779, 756, 721, 702, 681, 658, 650, 615, 600, 587, 555, 541, 513, 495, 464, 451, 429, 400, 374, 350, 333, 323, 295, 269, 255, 235, 220, 191, 160, 144, 126, 103, 80, 56, 32
779, 756, 721, 702, 681, 658, 650, 615, 600, 587, 555, 541, 513, 495, 464, 451, 429, 400, 374, 350, 333, 323, 295, 269, 255, 254, 236, 221, 192, 161, 145, 125, 101, 78, 57, 33
779, 756, 721, 702, 681, 658, 650, 615, 600, 587, 555, 541, 513, 495, 464, 451, 429, 400, 374, 350, 333, 323, 295, 269, 255, 254, 236, 221, 192, 161, 145, 125, 101, 78, 57, 34
779, 756, 721, 702, 681, 658, 650, 615, 600, 587, 555, 541, 513, 495, 464, 451, 429, 400, 401, 375, 371, 336, 320, 298, 267, 253, 237, 199, 193, 163, 147, 124, 100, 77, 58, 35
779, 758, 755, 720, 703, 680, 660, 649, 634, 599, 588, 553, 543, 510, 493, 466, 455, 432, 402, 376, 370, 337, 319, 299, 266, 252, 238, 200, 194, 164, 148, 123, 99, 76, 59, 36
779, 758, 755, 720, 703, 680, 660, 649, 634, 599, 588, 553, 543, 510, 493, 492, 467, 456, 433, 403, 378, 368, 338, 318, 300, 265, 250, 240, 203, 195, 165, 149, 122, 98, 75, 60, 37
779, 758, 755, 720, 703, 680, 660, 649, 634, 599, 588, 553, 543, 510, 493, 492, 467, 456, 433, 403, 404, 379, 366, 339, 317, 301, 284, 249, 241, 204, 196, 166, 150, 121, 96, 74, 61, 38
779, 758, 755, 720, 703, 680, 660, 649, 634, 599, 588, 553, 543, 510, 493, 492, 467, 456, 433, 403, 404, 379, 366, 339, 317, 301, 284, 249, 241, 204, 196, 166, 150, 121, 96, 74, 62, 39
779, 758, 755, 720, 703, 680, 660, 649, 634, 599, 588, 553, 543, 510, 493, 492, 467, 456, 433, 403, 404, 379, 366, 339, 317, 301, 284, 249, 241, 204, 196, 166, 150, 121, 96, 74, 62, 40
779, 758, 755, 720, 703, 680, 660, 649, 634, 599, 588, 553, 543, 510, 493, 492, 467, 456, 433, 403, 404, 379, 366, 339, 317, 301, 284, 249, 241, 204, 196, 166, 150, 121, 96, 74, 62, 63, 41
779, 758, 755, 720, 703, 680, 660, 649, 634, 599, 588, 553, 543, 510, 493, 492, 467, 456, 433, 403, 404, 379, 366, 339, 317, 301, 284, 249, 241, 204, 196, 166, 150, 121, 96, 74, 73, 64, 42
779, 756, 721, 702, 681, 657, 651, 617, 618, 604, 584, 583, 560, 536, 517, 500, 481, 446, 423, 394, 390, 356, 348, 306, 289, 276, 263, 228, 227, 212, 181, 172, 133, 116, 92, 69, 67, 44, 43
779, 756, 721, 702, 681, 657, 651, 617, 618, 604, 584, 583, 560, 536, 517, 500, 481, 446, 423, 394, 390, 356, 348, 306, 289, 276, 263, 228, 227, 212, 181, 172, 133, 116, 92, 69, 67, 44
779, 786, 814, 813, 812, 852, 875, 890, 902, 937, 959, 973, 1004, 1014, 1047, 1056, 1078, 1101, 1124, 1151, 1170, 1199, 1221, 1226, 1254, 1272, 1310, 1313, 1334, 1352, 1388, 1400, 1426, 1444, 1460, 1488, 1501, 1532, 1535, 5, 22, 45
779, 786, 814, 813, 812, 852, 875, 890, 902, 937, 959, 973, 1004, 1014, 1047, 1056, 1078, 1101, 1124, 1151, 1170, 1199, 1221, 1226, 1254, 1272, 1310, 1313, 1334, 1352, 1388, 1400, 1426, 1444, 1460, 1488, 1501, 1532, 1535, 5, 22, 46
779, 786, 814, 813, 812, 852, 875, 890, 902, 937, 959, 973, 1004, 1014, 1047, 1056, 1078, 1101, 1124, 1151, 1170, 1199, 1221, 1226, 1254, 1272, 1310, 1313, 1334, 1352, 1388, 1400, 1426, 1444, 1460, 1488, 1501, 1532, 1535, 5, 23, 47
779, 756, 721, 702, 681, 658, 650, 615, 600, 587, 555, 541, 513, 514, 496, 463, 450, 428, 399, 373, 352, 331, 324, 293, 272, 258, 232, 217, 187, 186, 177, 139, 110, 108, 85, 50, 49, 48
779, 756, 721, 702, 681, 658, 650, 615, 600, 587, 555, 541, 513, 514, 496, 463, 450, 428, 399, 373, 352, 331, 324, 293, 272, 258, 232, 217, 187, 186, 177, 139, 110, 108, 85, 50, 49
779, 756, 721, 702, 681, 658, 650, 615, 600, 587, 555, 541, 513, 514, 496, 463, 450, 428, 399, 373, 352, 331, 324, 293, 272, 258, 232, 217, 187, 186, 177, 139, 110, 108, 85, 50
779, 756, 721, 702, 681, 658, 650, 615, 600, 587, 555, 541, 513, 514, 496, 463, 450, 428, 399, 373, 352, 331, 324, 293, 272, 258, 232, 217, 187, 186, 177, 139, 110, 107, 84, 51
779, 756, 721, 702, 681, 658, 650, 615, 600, 587, 555, 541, 513, 514, 496, 463, 450, 428, 399, 373, 352, 331, 324, 293, 272, 258, 232, 217, 187, 186, 177, 139, 110, 107, 84, 52
779, 756, 721, 702, 681, 658, 650, 615, 600, 587, 555, 541, 513, 514, 496, 463, 450, 428, 399, 373, 352, 331, 324, 293, 272, 258, 232, 217, 187, 156, 140, 130, 106, 83, 53
779, 756, 721, 702, 681, 658, 650, 615, 600, 587, 555, 541, 513, 514, 496, 463, 450, 428, 399, 373, 352, 331, 324, 294, 270, 256, 233, 219, 190, 158, 142, 128, 105, 82, 54
779, 756, 721, 702, 681, 658, 650, 615, 600, 587, 555, 541, 513, 514, 496, 463, 450, 428, 399, 373, 352, 331, 324, 294, 270, 256, 233, 219, 190, 159, 143, 127, 104, 81, 55
779, 756, 721, 702, 681, 658, 650, 615, 600, 587, 555, 541, 513, 495, 464, 451, 429, 400, 374, 350, 333, 323, 295, 269, 255, 235, 220, 191, 160, 144, 126, 103, 80, 56
779, 756, 721, 702, 681, 658, 650, 615, 600, 587, 555, 541, 513, 495, 464, 451, 429, 400, 374, 350, 333, 323, 295, 269, 255, 254, 236, 221, 192, 161, 145, 125, 101, 78, 57
779, 756, 721, 702, 681, 658, 650, 615, 600, 587, 555, 541, 513, 495, 464, 451, 429, 400, 401, 375, 371, 336, 320, 298, 267, 253, 237, 199, 193, 163, 147, 124, 100, 77, 58
779, 758, 755, 720, 703, 680, 660, 649, 634, 599, 588, 553, 543, 510, 493, 466, 455, 432, 402, 376, 370, 337, 319, 299, 266, 252, 238, 200, 194, 164, 148, 123, 99, 76, 59
779, 758, 755, 720, 703, 680, 660, 649, 634, 599, 588, 553, 543, 510, 493, 492, 467, 456, 433, 403, 378, 368, 338, 318, 300, 265, 250, 240, 203, 195, 165, 149, 122, 98, 75, 60
779, 758, 755, 720, 703, 680, 660, 649, 634, 599, 588, 553, 543, 510, 493, 492, 467, 456, 433, 403, 404, 379, 366, 339, 317, 301, 284, 249, 241, 204, 196, 166, 150, 121, 96, 74, 61
779, 758, 755, 720, 703, 680, 660, 649, 634, 599, 588, 553, 543, 510, 493, 492, 467, 456, 433, 403, 404, 379, 366, 339, 317, 301, 284, 249, 241, 204, 196, 166, 150, 121, 96, 74, 62
779, 758, 755, 720, 703, 680, 660, 649, 634, 599, 588, 553, 543, 510, 493, 492, 467, 456, 433, 403, 404, 379, 366, 339, 317, 301, 284, 249, 241, 204, 196, 166, 150, 121, 96, 74, 62, 63
779, 758, 755, 720, 703, 680, 660, 649, 634, 599, 588, 553, 543, 510, 493, 492, 467, 456, 433, 403, 404, 379, 366, 339, 317, 301, 284, 249, 241, 204, 196, 166, 150, 121, 96, 74, 73, 64
779, 756, 721, 702, 681, 657, 651, 617, 618, 604, 584, 583, 560, 536, 517, 500, 481, 446, 423, 394, 390, 356, 348, 306, 289, 276, 263, 228, 227, 212, 181, 172, 133, 116, 92, 69, 67, 66, 65
779, 756, 721, 702, 681, 657, 651, 617, 618, 604, 584, 583, 560, 536, 517, 500, 481, 446, 423, 394, 390, 356, 348, 306, 289, 276, 263, 228, 227, 212, 181, 172, 133, 116, 92, 69, 67, 66
779, 756, 721, 702, 681, 657, 651, 617, 618, 604, 584, 583, 560, 536, 517, 500, 481, 446, 423, 394, 390, 356, 348, 306, 289, 276, 263, 228, 227, 212, 181, 172, 133, 116, 92, 69, 67
779, 756, 721, 702, 681, 657, 651, 617, 618, 604, 584, 583, 560, 536, 517, 500, 481, 446, 423, 394, 390, 356, 348, 306, 289, 276, 263, 228, 227, 212, 181, 172, 134, 115, 91, 68
779, 756, 721, 702, 681, 657, 651, 617, 618, 604, 584, 583, 560, 536, 517, 500, 481, 446, 423, 394, 390, 356, 348, 306, 289, 276, 263, 228, 227, 212, 181, 172, 133, 116, 92, 69
779, 756, 721, 702, 681, 657, 651, 617, 618, 604, 584, 583, 560, 536, 517, 500, 481, 446, 423, 394, 390, 356, 348, 306, 289, 276, 263, 228, 227, 212, 181, 172, 133, 116, 92, 69, 70
779, 756, 721, 702, 681, 657, 651, 617, 618, 604, 584, 583, 560, 536, 517, 500, 481, 446, 423, 394, 390, 356, 348, 306, 289, 276, 263, 228, 227, 212, 181, 172, 133, 116, 92, 69, 70, 71
779, 756, 721, 702, 681, 657, 651, 617, 618, 604, 584, 583, 560, 536, 517, 500, 481, 446, 423, 394, 390, 356, 348, 306, 289, 276, 263, 228, 227, 226, 210, 179, 171, 131, 117, 118, 94, 72
779, 758, 755, 720, 703, 680, 660, 649, 634, 599, 588, 553, 543, 510, 493, 492, 467, 456, 433, 403, 404, 379, 366, 339, 317, 301, 284, 249, 241, 204, 196, 166, 150, 121, 96, 74, 73
779, 758, 755, 720, 703, 680, 660, 649, 634, 599, 588, 553, 543, 510, 493, 492, 467, 456, 433, 403, 404, 379, 366, 339, 317, 301, 284, 249, 241, 204, 196, 166, 150, 121, 96, 74
779, 758, 755, 720, 703, 680, 660, 649, 634, 599, 588, 553, 543, 510, 493, 492, 467, 456, 433, 403, 378, 368, 338, 318, 300, 265, 250, 240, 203, 195, 165, 149, 122, 98, 75
779, 758, 755, 720, 703, 680, 660, 649, 634, 599, 588, 553, 543, 510, 493, 466, 455, 432, 402, 376, 370, 337, 319, 299, 266, 252, 238, 200, 194, 164, 148, 123, 99, 76
779, 756, 721, 702, 681, 658, 650, 615, 600, 587, 555, 541, 513, 495, 464, 451, 429, 400, 401, 375, 371, 336, 320, 298, 267, 253, 237, 199, 193, 163, 147, 124, 100, 77
779, 756, 721, 702, 681, 658, 650, 615, 600, 587, 555, 541, 513, 495, 464, 451, 429, 400, 374, 350, 333, 323, 295, 269, 255, 254, 236, 221, 192, 161, 145, 125, 101, 78
779, 756, 721, 702, 681, 658, 650, 615, 600, 587, 555, 541, 513, 495, 464, 451, 429, 400, 374, 350, 333, 323, 295, 269, 255, 235, 220, 191, 160, 144, 126, 102, 79
779, 756, 721, 702, 681, 658, 650, 615, 600, 587, 555, 541, 513, 495, 464, 451, 429, 400, 374, 350, 333, 323, 295, 269, 255, 235, 220, 191, 160, 144, 126, 103, 80
779, 756, 721, 702, 681, 658, 650, 615, 600, 587, 555, 541, 513, 514, 496, 463, 450, 428, 399, 373, 352, 331, 324, 294, 270, 256, 233, 219, 190, 159, 143, 127, 104, 81
779, 756, 721, 702, 681, 658, 650, 615, 600, 587, 555, 541, 513, 514, 496, 463, 450, 428, 399, 373, 352, 331, 324, 294, 270, 256, 233, 219, 190, 158, 142, 128, 105, 82
779, 756, 721, 702, 681, 658, 650, 615, 600, 587, 555, 541, 513, 514, 496, 463, 450, 428, 399, 373, 352, 331, 324, 293, 272, 258, 232, 217, 187, 156, 140, 130, 106, 83
779, 756, 721, 702, 681, 658, 650, 615, 600, 587, 555, 541, 513, 514, 496, 463, 450, 428, 399, 373, 352, 331, 324, 293, 272, 258, 232, 217, 187, 186, 177, 139, 110, 107, 84
779, 756, 721, 702, 681, 658, 650, 615, 600, 587, 555, 541, 513, 514, 496, 463, 450, 428, 399, 373, 352, 331, 324, 293, 272, 258, 232, 217, 187, 186, 177, 139, 110, 108, 85
779, 756, 721, 702, 681, 658, 650, 615, 600, 587, 555, 541, 513, 514, 496, 463, 450, 428, 399, 373, 352, 331, 324, 293, 272, 258, 232, 217, 187, 186, 177, 139, 110, 108, 85, 86
779, 756, 721, 702, 681, 657, 651, 617, 618, 604, 584, 583, 560, 536, 517, 500, 481, 446, 423, 394, 390, 356, 348, 306, 289, 276, 263, 228, 227, 212, 182, 173, 136, 114, 90, 87
779, 756, 721, 702, 681, 657, 651, 617, 618, 604, 584, 583, 560, 536, 517, 500, 481, 446, 423, 394, 390, 356, 348, 306, 289, 276, 263, 228, 227, 212, 181, 172, 134, 115, 91, 88
779, 756, 721, 702, 681, 658, 650, 615, 600, 587, 555, 541, 513, 514, 496, 463, 450, 428, 399, 373, 352, 331, 324, 293, 272, 258, 232, 217, 187, 186, 177, 139, 110, 108, 109, 89
779, 756, 721, 702, 681, 657, 651, 617, 618, 604, 584, 583, 560, 536, 517, 500, 481, 446, 423, 394, 390, 356, 348, 306, 289, 276, 263, 228, 227, 212, 182, 173, 136, 114, 90
779, 756, 721, 702, 681, 657, 651, 617, 618, 604, 584, 583, 560, 536, 517, 500, 481, 446, 423, 394, 390, 356, 348, 306, 289, 276, 263, 228, 227, 212, 181, 172, 134, 115, 91
779, 756, 721, 702, 681, 657, 651, 617, 618, 604, 584, 583, 560, 536, 517, 500, 481, 446, 423, 394, 390, 356, 348, 306, 289, 276, 263, 228, 227, 212, 181, 172, 133, 116, 92
779, 756, 721, 702, 681, 657, 651, 617, 618, 604, 584, 583, 560, 536, 517, 500, 481, 446, 423, 394, 390, 356, 348, 306, 289, 276, 263, 228, 227, 212, 181, 172, 133, 116, 92, 93
779, 756, 721, 702, 681, 657, 651, 617, 618, 604, 584, 583, 560, 536, 517, 500, 481, 446, 423, 394, 390, 356, 348, 306, 289, 276, 263, 228, 227, 226, 210, 179, 171, 131, 117, 118, 94
779, 758, 755, 720, 703, 680, 660, 649, 634, 599, 588, 553, 543, 510, 493, 492, 467, 456, 433, 403, 404, 379, 366, 339, 317, 301, 284, 249, 241, 204, 196, 166, 150, 121, 96, 95
779, 758, 755, 720, 703, 680, 660, 649, 634, 599, 588, 553, 543, 510, 493, 492, 467, 456, 433, 403, 404, 379, 366, 339, 317, 301, 284, 249, 241, 204, 196, 166, 150, 121, 96
779, 758, 755, 720, 703, 680, 660, 649, 634, 599, 588, 553, 543, 510, 493, 492, 467, 456, 433, 403, 378, 368, 338, 318, 300, 265, 250, 240, 203, 195, 165, 149, 122, 97
779, 758, 755, 720, 703, 680, 660, 649, 634, 599, 588, 553, 543, 510, 493, 492, 467, 456, 433, 403, 378, 368, 338, 318, 300, 265, 250, 240, 203, 195, 165, 149, 122, 98
779, 758, 755, 720, 703, 680, 660, 649, 634, 599, 588, 553, 543, 510, 493, 466, 455, 432, 402, 376, 370, 337, 319, 299, 266, 252, 238, 200, 194, 164, 148, 123, 99
779, 756, 721, 702, 681, 658, 650, 615, 600, 587, 555, 541, 513, 495, 464, 451, 429, 400, 401, 375, 371, 336, 320, 298, 267, 253, 237, 199, 193, 163, 147, 124, 100
779, 756, 721, 702, 681, 658, 650, 615, 600, 587, 555, 541, 513, 495, 464, 451, 429, 400, 374, 350, 333, 323, 295, 269, 255, 254, 236, 221, 192, 161, 145, 125, 101
779, 756, 721, 702, 681, 658, 650, 615, 600, 587, 555, 541, 513, 495, 464, 451, 429, 400, 374, 350, 333, 323, 295, 269, 255, 235, 220, 191, 160, 144, 126, 102
779, 756, 721, 702, 681, 658, 650, 615, 600, 587, 555, 541, 513, 495, 464, 451, 429, 400, 374, 350, 333, 323, 295, 269, 255, 235, 220, 191, 160, 144, 126, 103
779, 756, 721, 702, 681, 658, 650, 615, 600, 587, 555, 541, 513, 514, 496, 463, 450, 428, 399, 373, 352, 331, 324, 294, 270, 256, 233, 219, 190, 159, 143, 127, 104
779, 756, 721, 702, 681, 658, 650, 615, 600, 587, 555, 541, 513, 514, 496, 463, 450, 428, 399, 373, 352, 331, 324, 294, 270, 256, 233, 219, 190, 158, 142, 128, 105
779, 756, 721, 702, 681, 658, 650, 615, 600, 587, 555, 541, 513, 514, 496, 463, 450, 428, 399, 373, 352, 331, 324, 293, 272, 258, 232, 217, 187, 156, 140, 130, 106
779, 756, 721, 702, 681, 658, 650, 615, 600, 587, 555, 541, 513, 514, 496, 463, 450, 428, 399, 373, 352, 331, 324, 293, 272, 258, 232, 217, 187, 186, 177, 139, 110, 107
779, 756, 721, 702, 681, 658, 650, 615, 600, 587, 555, 541, 513, 514, 496, 463, 450, 428, 399, 373, 352, 331, 324, 293, 272, 258, 232, 217, 187, 186, 177, 139, 110, 108
779, 756, 721, 702, 681, 658, 650, 615, 600, 587, 555, 541, 513, 514, 496, 463, 450, 428, 399, 373, 352, 331, 324, 293, 272, 258, 232, 217, 187, 186, 177, 139, 110, 108, 109
779, 756, 721, 702, 681, 658, 650, 615, 600, 587, 555, 541, 513, 514, 496, 463, 450, 428, 399, 373, 352, 331, 324, 293, 272, 258, 232, 217, 187, 186, 177, 139, 110
779, 756, 721, 702, 681, 658, 650, 615, 600, 587, 555, 541, 513, 514, 496, 463, 450, 428, 399, 373, 352, 331, 324, 293, 272, 258, 232, 217, 187, 186, 177, 176, 138, 111
779, 756, 721, 702, 681, 658, 650, 615, 600, 587, 555, 541, 513, 514, 496, 463, 450, 428, 399, 373, 352, 331, 324, 293, 272, 258, 232, 217, 187, 186, 177, 176, 138, 111, 112
779, 756, 721, 702, 681, 658, 650, 615, 600, 587, 555, 541, 513, 514, 496, 463, 450, 428, 399, 373, 352, 331, 324, 293, 272, 258, 232, 217, 216, 215, 184, 183, 175, 137, 113
779, 756, 721, 702, 681, 657, 651, 617, 618, 604, 584, 583, 560, 536, 517, 500, 481, 446, 423, 394, 390, 356, 348, 306, 289, 276, 263, 228, 227, 212, 182, 173, 136, 114
779, 756, 721, 702, 681, 657, 651, 617, 618, 604, 584, 583, 560, 536, 517, 500, 481, 446, 423, 394, 390, 356, 348, 306, 289, 276, 263, 228, 227, 212, 181, 172, 134, 115
779, 756, 721, 702, 681, 657, 651, 617, 618, 604, 584, 583, 560, 536, 517, 500, 481, 446, 423, 394, 390, 356, 348, 306, 289, 276, 263, 228, 227, 212, 181, 172, 133, 116
779, 756, 721, 702, 681, 657, 651, 617, 618, 604, 584, 583, 560, 536, 517, 500, 481, 446, 423, 394, 390, 356, 348, 306, 289, 276, 263, 228, 227, 226, 210, 179, 171, 131, 117
779, 756, 721, 702, 681, 657, 651, 617, 618, 604, 584, 583, 560, 536, 517, 500, 481, 446, 423, 394, 390, 356, 348, 306, 289, 276, 263, 228, 227, 226, 210, 179, 171, 131, 117, 118
779, 758, 755, 720, 703, 680, 660, 649, 634, 599, 588, 553, 543, 510, 493, 492, 467, 456, 433, 403, 404, 379, 366, 339, 317, 301, 284, 249, 241, 204, 196, 166, 150, 151, 120, 119
779, 758, 755, 720, 703, 680, 660, 649, 634, 599, 588, 553, 543, 510, 493, 492, 467, 456, 433, 403, 404, 379, 366, 339, 317, 301, 284, 249, 241, 204, 196, 166, 150, 151, 120
779, 758, 755, 720, 703, 680, 660, 649, 634, 599, 588, 553, 543, 510, 493, 492, 467, 456, 433, 403, 404, 379, 366, 339, 317, 301, 284, 249, 241, 204, 196, 166, 150, 121
779, 758, 755, 720, 703, 680, 660, 649, 634, 599, 588, 553, 543, 510, 493, 492, 467, 456, 433, 403, 378, 368, 338, 318, 300, 265, 250, 240, 203, 195, 165, 149, 122
779, 758, 755, 720, 703, 680, 660, 649, 634, 599, 588, 553, 543, 510, 493, 466, 455, 432, 402, 376, 370, 337, 319, 299, 266, 252, 238, 200, 194, 164, 148, 123
779, 756, 721, 702, 681, 658, 650, 615, 600, 587, 555, 541, 513, 495, 464, 451, 429, 400, 401, 375, 371, 336, 320, 298, 267, 253, 237, 199, 193, 163, 147, 124
779, 756, 721, 702, 681, 658, 650, 615, 600, 587, 555, 541, 513, 495, 464, 451, 429, 400, 374, 350, 333, 323, 295, 269, 255, 254, 236, 221, 192, 161, 145, 125
779, 756, 721, 702, 681, 658, 650, 615, 600, 587, 555, 541, 513, 495, 464, 451, 429, 400, 374, 350, 333, 323, 295, 269, 255, 235, 220, 191, 160, 144, 126
779, 756, 721, 702, 681, 658, 650, 615, 600, 587, 555, 541, 513, 514, 496, 463, 450, 428, 399, 373, 352, 331, 324, 294, 270, 256, 233, 219, 190, 159, 143, 127
779, 756, 721, 702, 681, 658, 650, 615, 600, 587, 555, 541, 513, 514, 496, 463, 450, 428, 399, 373, 352, 331, 324, 294, 270, 256, 233, 219, 190, 158, 142, 128
779, 756, 721, 702, 681, 658, 650, 615, 600, 587, 555, 541, 513, 514, 496, 463, 450, 428, 399, 373, 352, 331, 324, 294, 270, 256, 233, 219, 190, 158, 141, 129
779, 756, 721, 702, 681, 658, 650, 615, 600, 587, 555, 541, 513, 514, 496, 463, 450, 428, 399, 373, 352, 331, 324, 293, 272, 258, 232, 217, 187, 156, 140, 130
779, 756, 721, 702, 681, 657, 651, 617, 618, 604, 584, 583, 560, 536, 517, 500, 481, 446, 423, 394, 390, 356, 348, 306, 289, 276, 263, 228, 227, 226, 210, 179, 171, 131
779, 756, 721, 702, 681, 657, 651, 617, 618, 604, 584, 583, 560, 536, 517, 500, 481, 446, 423, 394, 390, 356, 348, 306, 289, 276, 263, 228, 227, 212, 181, 172, 133, 132
779, 756, 721, 702, 681, 657, 651, 617, 618, 604, 584, 583, 560, 536, 517, 500, 481, 446, 423, 394, 390, 356, 348, 306, 289, 276, 263, 228, 227, 212, 181, 172, 133
779, 756, 721, 702, 681, 657, 651, 617, 618, 604, 584, 583, 560, 536, 517, 500, 481, 446, 423, 394, 390, 356, 348, 306, 289, 276, 263, 228, 227, 212, 181, 172, 134
779, 756, 721, 702, 681, 657, 651, 617, 618, 604, 584, 583, 560, 536, 517, 500, 481, 446, 423, 394, 390, 356, 348, 306, 289, 276, 263, 228, 227, 212, 182, 173, 135
779, 756, 721, 702, 681, 657, 651, 617, 618, 604, 584, 583, 560, 536, 517, 500, 481, 446, 423, 394, 390, 356, 348, 306, 289, 276, 263, 228, 227, 212, 182, 173, 136
779, 756, 721, 702, 681, 658, 650, 615, 600, 587, 555, 541, 513, 514, 496, 463, 450, 428, 399, 373, 352, 331, 324, 293, 272, 258, 232, 217, 216, 215, 184, 183, 175, 137
779, 756, 721, 702, 681, 658, 650, 615, 600, 587, 555, 541, 513, 514, 496, 463, 450, 428, 399, 373, 352, 331, 324, 293, 272, 258, 232, 217, 187, 186, 177, 176, 138
779, 756, 721, 702, 681, 658, 650, 615, 600, 587, 555, 541, 513, 514, 496, 463, 450, 428, 399, 373, 352, 331, 324, 293, 272, 258, 232, 217, 187, 186, 177, 139
779, 756, 721, 702, 681, 658, 650, 615, 600, 587, 555, 541, 513, 514, 496, 463, 450, 428, 399, 373, 352, 331, 324, 293, 272, 258, 232, 217, 187, 156, 140
779, 756, 721, 702, 681, 658, 650, 615, 600, 587, 555, 541, 513, 514, 496, 463, 450, 428, 399, 373, 352, 331, 324, 294, 270, 256, 233, 219, 190, 158, 141
779, 756, 721, 702, 681, 658, 650, 615, 600, 587, 555, 541, 513, 514, 496, 463, 450, 428, 399, 373, 352, 331, 324, 294, 270, 256, 233, 219, 190, 158, 142
779, 756, 721, 702, 681, 658, 650, 615, 600, 587, 555, 541, 513, 514, 496, 463, 450, 428, 399, 373, 352, 331, 324, 294, 270, 256, 233, 219, 190, 159, 143
779, 756, 721, 702, 681, 658, 650, 615, 600, 587, 555, 541, 513, 495, 464, 451, 429, 400, 374, 350, 333, 323, 295, 269, 255, 235, 220, 191, 160, 144
779, 756, 721, 702, 681, 658, 650, 615, 600, 587, 555, 541, 513, 495, 464, 451, 429, 400, 374, 350, 333, 323, 295, 269, 255, 254, 236, 221, 192, 161, 145
779, 756, 721, 702, 681, 658, 650, 615, 600, 587, 555, 541, 513, 495, 464, 451, 429, 400, 401, 375, 371, 336, 320, 298, 267, 253, 237, 199, 193, 162, 146
779, 756, 721, 702, 681, 658, 650, 615, 600, 587, 555, 541, 513, 495, 464, 451, 429, 400, 401, 375, 371, 336, 320, 298, 267, 253, 237, 199, 193, 163, 147
779, 758, 755, 720, 703, 680, 660, 649, 634, 599, 588, 553, 543, 510, 493, 466, 455, 432, 402, 376, 370, 337, 319, 299, 266, 252, 238, 200, 194, 164, 148
779, 758, 755, 720, 703, 680, 660, 649, 634, 599, 588, 553, 543, 510, 493, 492, 467, 456, 433, 403, 378, 368, 338, 318, 300, 265, 250, 240, 203, 195, 165, 149
779, 758, 755, 720, 703, 680, 660, 649, 634, 599, 588, 553, 543, 510, 493, 492, 467, 456, 433, 403, 404, 379, 366, 339, 317, 301, 284, 249, 241, 204, 196, 166, 150
779, 758, 755, 720, 703, 680, 660, 649, 634, 599, 588, 553, 543, 510, 493, 492, 467, 456, 433, 403, 404, 379, 366, 339, 317, 301, 284, 249, 241, 204, 196, 166, 150, 151
779, 758, 755, 720, 703, 680, 660, 649, 634, 599, 588, 553, 543, 510, 493, 492, 467, 456, 433, 403, 404, 379, 366, 339, 317, 301, 284, 249, 241, 204, 196, 166, 150, 151, 152
779, 758, 755, 720, 703, 680, 660, 649, 634, 599, 598, 569, 552, 545, 546, 547, 507, 489, 488, 471, 459, 437, 407, 382, 364, 341, 312, 303, 282, 247, 222, 206, 198, 169, 153
779, 756, 721, 702, 681, 657, 651, 617, 618, 604, 584, 583, 560, 536, 517, 500, 481, 446, 423, 394, 390, 356, 348, 306, 289, 276, 263, 228, 227, 226, 210, 179, 171, 170, 154
779, 756, 721, 702, 681, 657, 651, 617, 618, 604, 584, 583, 560, 536, 517, 500, 481, 446, 423, 394, 390, 356, 348, 306, 289, 276, 263, 228, 227, 226, 210, 179, 171, 131, 155
779, 756, 721, 702, 681, 658, 650, 615, 600, 587, 555, 541, 513, 514, 496, 463, 450, 428, 399, 373, 352, 331, 324, 293, 272, 258, 232, 217, 187, 156
779, 756, 721, 702, 681, 658, 650, 615, 600, 587, 555, 541, 513, 514, 496, 463, 450, 428, 399, 373, 352, 331, 324, 293, 272, 258, 232, 218, 189, 157
779, 756, 721, 702, 681, 658, 650, 615, 600, 587, 555, 541, 513, 514, 496, 463, 450, 428, 399, 373, 352, 331, 324, 294, 270, 256, 233, 219, 190, 158
779, 756, 721, 702, 681, 658, 650, 615, 600, 587, 555, 541, 513, 514, 496, 463, 450, 428, 399, 373, 352, 331, 324, 294, 270, 256, 233, 219, 190, 159
779, 756, 721, 702, 681, 658, 650, 615, 600, 587, 555, 541, 513, 495, 464, 451, 429, 400, 374, 350, 333, 323, 295, 269, 255, 235, 220, 191, 160
779, 756, 721, 702, 681, 658, 650, 615, 600, 587, 555, 541, 513, 495, 464, 451, 429, 400, 374, 350, 333, 323, 295, 269, 255, 254, 236, 221, 192, 161
779, 756, 721, 702, 681, 658, 650, 615, 600, 587, 555, 541, 513, 495, 464, 451, 429, 400, 401, 375, 371, 336, 320, 298, 267, 253, 237, 199, 193, 162
779, 756, 721, 702, 681, 658, 650, 615, 600, 587, 555, 541, 513, 495, 464, 451, 429, 400, 401, 375, 371, 336, 320, 298, 267, 253, 237, 199, 193, 163
779, 758, 755, 720, 703, 680, 660, 649, 634, 599, 588, 553, 543, 510, 493, 466, 455, 432, 402, 376, 370, 337, 319, 299, 266, 252, 238, 200, 194, 164
779, 758, 755, 720, 703, 680, 660, 649, 634, 599, 588, 553, 543, 510, 493, 492, 467, 456, 433, 403, 378, 368, 338, 318, 300, 265, 250, 240, 203, 195, 165
779, 758, 755, 720, 703, 680, 660, 649, 634, 599, 588, 553, 543, 510, 493, 492, 467, 456, 433, 403, 404, 379, 366, 339, 317, 301, 284, 249, 241, 204, 196, 166
779, 758, 755, 720, 703, 680, 660, 649, 634, 599, 588, 553, 543, 510, 493, 492, 467, 456, 433, 403, 404, 379, 366, 339, 317, 301, 284, 249, 241, 204, 196, 166, 167
779, 758, 755, 720, 703, 680, 660, 649, 634, 599, 588, 553, 543, 510, 493, 492, 467, 456, 433, 403, 404, 379, 366, 339, 317, 301, 284, 249, 241, 204, 196, 166, 167, 168
779, 758, 755, 720, 703, 680, 660, 649, 634, 599, 598, 569, 552, 545, 546, 547, 507, 489, 488, 471, 459, 437, 407, 382, 364, 341, 312, 303, 282, 247, 222, 206, 198, 169
779, 756, 721, 702, 681, 657, 651, 617, 618, 604, 584, 583, 560, 536, 517, 500, 481, 446, 423, 394, 390, 356, 348, 306, 289, 276, 263, 228, 227, 226, 210, 179, 171, 170
779, 756, 721, 702, 681, 657, 651, 617, 618, 604, 584, 583, 560, 536, 517, 500, 481, 446, 423, 394, 390, 356, 348, 306, 289, 276, 263, 228, 227, 226, 210, 179, 171
779, 756, 721, 702, 681, 657, 651, 617, 618, 604, 584, 583, 560, 536, 517, 500, 481, 446, 423, 394, 390, 356, 348, 306, 289, 276, 263, 228, 227, 212, 181, 172
779, 756, 721, 702, 681, 657, 651, 617, 618, 604, 584, 583, 560, 536, 517, 500, 481, 446, 423, 394, 390, 356, 348, 306, 289, 276, 263, 228, 227, 212, 182, 173
779, 756, 721, 702, 681, 658, 650, 615, 600, 587, 555, 541, 513, 514, 496, 463, 450, 428, 399, 373, 352, 331, 324, 293, 272, 258, 232, 217, 216, 215, 184, 183, 175, 174
779, 756, 721, 702, 681, 658, 650, 615, 600, 587, 555, 541, 513, 514, 496, 463, 450, 428, 399, 373, 352, 331, 324, 293, 272, 258, 232, 217, 216, 215, 184, 183, 175
779, 756, 721, 702, 681, 658, 650, 615, 600, 587, 555, 541, 513, 514, 496, 463, 450, 428, 399, 373, 352, 331, 324, 293, 272, 258, 232, 217, 187, 186, 177, 176
779, 756, 721, 702, 681, 658, 650, 615, 600, 587, 555, 541, 513, 514, 496, 463, 450, 428, 399, 373, 352, 331, 324, 293, 272, 258, 232, 217, 187, 186, 177
779, 756, 721, 702, 681, 657, 651, 617, 618, 604, 584, 583, 560, 536, 517, 500, 481, 446, 423, 394, 390, 356, 348, 306, 289, 276, 263, 228, 227, 226, 210, 179, 178
779, 756, 721, 702, 681, 657, 651, 617, 618, 604, 584, 583, 560, 536, 517, 500, 481, 446, 423, 394, 390, 356, 348, 306, 289, 276, 263, 228, 227, 226, 210, 179
779, 756, 721, 702, 681, 657, 651, 617, 618, 604, 584, 583, 560, 536, 517, 500, 481, 446, 423, 394, 390, 356, 348, 306, 289, 276, 263, 228, 227, 212, 181, 180
779, 756, 721, 702, 681, 657, 651, 617, 618, 604, 584, 583, 560, 536, 517, 500, 481, 446, 423, 394, 390, 356, 348, 306, 289, 276, 263, 228, 227, 212, 181
779, 756, 721, 702, 681, 657, 651, 617, 618, 604, 584, 583, 560, 536, 517, 500, 481, 446, 423, 394, 390, 356, 348, 306, 289, 276, 263, 228, 227, 212, 182
779, 756, 721, 702, 681, 658, 650, 615, 600, 587, 555, 541, 513, 514, 496, 463, 450, 428, 399, 373, 352, 331, 324, 293, 272, 258, 232, 217, 216, 215, 184, 183
779, 756, 721, 702, 681, 658, 650, 615, 600, 587, 555, 541, 513, 514, 496, 463, 450, 428, 399, 373, 352, 331, 324, 293, 272, 258, 232, 217, 216, 215, 184
779, 756, 721, 702, 681, 658, 650, 615, 600, 587, 555, 541, 513, 514, 496, 463, 450, 428, 399, 373, 352, 331, 324, 293, 272, 258, 232, 217, 216, 185
779, 756, 721, 702, 681, 658, 650, 615, 600, 587, 555, 541, 513, 514, 496, 463, 450, 428, 399, 373, 352, 331, 324, 293, 272, 258, 232, 217, 187, 186
779, 756, 721, 702, 681, 658, 650, 615, 600, 587, 555, 541, 513, 514, 496, 463, 450, 428, 399, 373, 352, 331, 324, 293, 272, 258, 232, 217, 187
779, 756, 721, 702, 681, 658, 650, 615, 600, 587, 555, 541, 513, 514, 496, 463, 450, 428, 399, 373, 352, 331, 324, 293, 272, 258, 232, 217, 188
779, 756, 721, 702, 681, 658, 650, 615, 600, 587, 555, 541, 513, 514, 496, 463, 450, 428, 399, 373, 352, 331, 324, 293, 272, 258, 232, 218, 189
779, 756, 721, 702, 681, 658, 650, 615, 600, 587, 555, 541, 513, 514, 496, 463, 450, 428, 399, 373, 352, 331, 324, 294, 270, 256, 233, 219, 190
779, 756, 721, 702, 681, 658, 650, 615, 600, 587, 555, 541, 513, 495, 464, 451, 429, 400, 374, 350, 333, 323, 295, 269, 255, 235, 220, 191
779, 756, 721, 702, 681, 658, 650, 615, 600, 587, 555, 541, 513, 495, 464, 451, 429, 400, 374, 350, 333, 323, 295, 269, 255, 254, 236, 221, 192
779, 756, 721, 702, 681, 658, 650, 615, 600, 587, 555, 541, 513, 495, 464, 451, 429, 400, 401, 375, 371, 336, 320, 298, 267, 253, 237, 199, 193
779, 758, 755, 720, 703, 680, 660, 649, 634, 599, 588, 553, 543, 510, 493, 466, 455, 432, 402, 376, 370, 337, 319, 299, 266, 252, 238, 200, 194
779, 758, 755, 720, 703, 680, 660, 649, 634, 599, 588, 553, 543, 510, 493, 492, 467, 456, 433, 403, 378, 368, 338, 318, 300, 265, 250, 240, 203, 195
779, 758, 755, 720, 703, 680, 660, 649, 634, 599, 588, 553, 543, 510, 493, 492, 467, 456, 433, 403, 404, 379, 366, 339, 317, 301, 284, 249, 241, 204, 196
779, 758, 755, 720, 703, 680, 660, 649, 634, 599, 588, 553, 543, 510, 493, 492, 467, 456, 433, 403, 404, 379, 366, 339, 317, 301, 284, 249, 241, 204, 196, 197
779, 758, 755, 720, 703, 680, 660, 649, 634, 599, 598, 569, 552, 545, 546, 547, 507, 489, 488, 471, 459, 437, 407, 382, 364, 341, 312, 303, 282, 247, 222, 206, 198
779, 756, 721, 702, 681, 658, 650, 615, 600, 587, 555, 541, 513, 495, 464, 451, 429, 400, 401, 375, 371, 336, 320, 298, 267, 253, 237, 199
