778, 757, 722, 700, 682, 656, 652, 618, 604, 584, 559, 539, 515, 498, 462, 449, 427, 397, 392, 353, 330, 325, 293, 272, 258, 232, 217, 187, 186, 177, 139, 110, 108, 85, 50, 26, 0
778, 757, 722, 700, 682, 656, 652, 618, 604, 584, 559, 539, 515, 498, 462, 449, 427, 397, 392, 353, 330, 325, 293, 272, 258, 232, 217, 187, 186, 177, 139, 110, 108, 85, 50, 26, 1
778, 785, 811, 852, 875, 890, 902, 937, 959, 973, 1004, 1014, 1047, 1057, 1079, 1102, 1125, 1150, 1169, 1196, 1219, 1229, 1256, 1269, 1291, 1315, 1336, 1354, 1370, 1398, 1424, 1448, 1462, 1491, 1503, 1530, 1537, 2
778, 785, 811, 852, 875, 890, 902, 937, 959, 973, 1004, 1014, 1047, 1057, 1079, 1102, 1125, 1150, 1169, 1196, 1219, 1229, 1256, 1269, 1291, 1315, 1336, 1354, 1370, 1398, 1424, 1448, 1462, 1491, 1503, 1530, 1537, 3
778, 785, 811, 852, 875, 890, 902, 937, 959, 973, 1004, 1014, 1047, 1056, 1078, 1101, 1124, 1151, 1170, 1199, 1221, 1226, 1254, 1272, 1310, 1313, 1334, 1352, 1388, 1400, 1426, 1444, 1460, 1488, 1501, 1531, 1536, 4
778, 785, 811, 852, 875, 890, 902, 937, 959, 973, 1004, 1014, 1047, 1056, 1078, 1101, 1124, 1151, 1170, 1199, 1221, 1226, 1254, 1272, 1310, 1313, 1334, 1352, 1388, 1400, 1426, 1444, 1460, 1488, 1501, 1532, 1535, 5
778, 785, 811, 852, 875, 890, 902, 937, 959, 973, 1004, 1014, 1047, 1056, 1078, 1101, 1124, 1151, 1170, 1199, 1221, 1226, 1254, 1272, 1310, 1313, 1334, 1352, 1388, 1400, 1426, 1444, 1460, 1488, 1501, 1532, 1535, 5, 6
778, 785, 811, 852, 875, 890, 902, 937, 959, 973, 1004, 1014, 1047, 1056, 1078, 1101, 1124, 1151, 1170, 1199, 1221, 1226, 1254, 1253, 1273, 1274, 1308, 1331, 1332, 1350, 1385, 1403, 1428, 1442, 1457, 1486, 1499, 1534, 1553, 7
778, 757, 722, 700, 682, 656, 652, 653, 620, 606, 583, 560, 536, 517, 500, 481, 446, 423, 394, 390, 356, 348, 306, 289, 276, 263, 228, 227, 212, 181, 172, 133, 116, 92, 69, 67, 44, 8
778, 757, 722, 700, 682, 656, 652, 653, 620, 606, 583, 560, 536, 517, 500, 481, 446, 423, 394, 390, 356, 348, 306, 289, 276, 263, 228, 227, 212, 181, 172, 133, 116, 92, 69, 67, 44, 8, 9
778, 757, 722, 700, 682, 656, 652, 653, 620, 606, 583, 560, 536, 535, 518, 501, 479, 444, 443, 420, 413, 412, 385, 361, 362, 343, 311, 304, 281, 247, 222, 206, 198, 168, 152, 120, 95, 73, 63, 41, 10
778, 757, 722, 701, 681, 658, 650, 615, 600, 587, 588, 553, 543, 510, 493, 492, 467, 456, 433, 403, 404, 379, 366, 339, 317, 301, 284, 249, 241, 204, 196, 166, 150, 121, 96, 74, 62, 40, 11
778, 757, 722, 701, 681, 658, 650, 615, 600, 587, 588, 553, 543, 510, 493, 492, 467, 456, 433, 403, 378, 368, 338, 318, 300, 265, 250, 240, 203, 195, 165, 149, 122, 98, 75, 60, 37, 12
778, 757, 722, 701, 681, 658, 650, 615, 600, 587, 555, 541, 513, 495, 464, 451, 429, 400, 401, 375, 371, 336, 320, 298, 267, 253, 237, 199, 193, 163, 147, 124, 100, 77, 58, 35, 14, 13
778, 757, 722, 701, 681, 658, 650, 615, 600, 587, 555, 541, 513, 495, 464, 451, 429, 400, 401, 375, 371, 336, 320, 298, 267, 253, 237, 199, 193, 163, 147, 124, 100, 77, 58, 35, 14
778, 757, 722, 700, 682, 656, 652, 618, 617, 602, 585, 558, 540, 514, 496, 463, 450, 428, 399, 373, 374, 350, 333, 323, 295, 269, 255, 254, 236, 221, 192, 161, 145, 125, 101, 78, 57, 34, 15
778, 757, 722, 700, 682, 656, 652, 618, 617, 602, 585, 558, 540, 514, 496, 463, 450, 428, 399, 373, 374, 350, 333, 323, 295, 269, 255, 235, 220, 191, 160, 144, 126, 103, 80, 56, 32, 16
778, 785, 813, 830, 874, 892, 924, 940, 956, 975, 1005, 1017, 1049, 1059, 1081, 1104, 1127, 1148, 1167, 1194, 1217, 1231, 1259, 1289, 1294, 1317, 1338, 1357, 1358, 1374, 1392, 1419, 1432, 1468, 1476, 1509, 1525, 1542, 17
778, 757, 722, 700, 682, 656, 652, 618, 617, 602, 585, 558, 540, 514, 496, 463, 450, 428, 399, 373, 352, 331, 324, 294, 270, 256, 233, 219, 190, 158, 142, 128, 105, 82, 54, 30, 18
778, 757, 722, 700, 682, 656, 652, 618, 617, 602, 585, 558, 540, 514, 496, 463, 450, 428, 399, 373, 352, 331, 324, 294, 270, 256, 233, 219, 190, 158, 142, 128, 105, 82, 54, 30, 19
778, 757, 722, 700, 682, 656, 652, 618, 604, 584, 559, 539, 515, 498, 462, 449, 427, 397, 392, 353, 330, 325, 293, 272, 258, 232, 217, 187, 156, 140, 130, 106, 83, 53, 29, 20
778, 785, 811, 852, 875, 890, 902, 937, 959, 973, 1004, 1014, 1047, 1057, 1079, 1102, 1125, 1150, 1169, 1196, 1219, 1229, 1256, 1268, 1292, 1316, 1337, 1355, 1371, 1396, 1423, 1449, 1463, 1493, 1505, 1528, 1539, 21
778, 785, 811, 852, 875, 890, 902, 937, 959, 973, 1004, 1014, 1047, 1056, 1078, 1101, 1124, 1151, 1170, 1199, 1221, 1226, 1254, 1272, 1310, 1313, 1334, 1352, 1388, 1400, 1426, 1444, 1460, 1488, 1501, 1532, 1535, 5, 22
778, 785, 811, 852, 875, 890, 902, 937, 959, 973, 1004, 1014, 1047, 1056, 1078, 1101, 1124, 1151, 1170, 1199, 1221, 1226, 1254, 1272, 1310, 1313, 1334, 1352, 1388, 1400, 1426, 1444, 1460, 1488, 1501, 1532, 1535, 5, 23
778, 785, 811, 852, 875, 890, 902, 937, 959, 973, 1004, 1014, 1047, 1056, 1078, 1101, 1124, 1151, 1170, 1199, 1221, 1226, 1254, 1272, 1310, 1313, 1334, 1352, 1388, 1400, 1426, 1444, 1460, 1488, 1501, 1531, 1536, 4, 24
778, 785, 811, 852, 875, 890, 902, 937, 959, 973, 1004, 1014, 1047, 1057, 1079, 1102, 1125, 1150, 1169, 1196, 1219, 1229, 1256, 1269, 1291, 1315, 1336, 1354, 1370, 1398, 1424, 1448, 1462, 1491, 1503, 1530, 1537, 3, 25
778, 757, 722, 700, 682, 656, 652, 618, 604, 584, 559, 539, 515, 498, 462, 449, 427, 397, 392, 353, 330, 325, 293, 272, 258, 232, 217, 187, 186, 177, 139, 110, 108, 85, 50, 26
778, 757, 722, 700, 682, 656, 652, 618, 604, 584, 559, 539, 515, 498, 462, 449, 427, 397, 392, 353, 330, 325, 293, 272, 258, 232, 217, 187, 156, 140, 130, 106, 83, 53, 29, 28, 27
778, 757, 722, 700, 682, 656, 652, 618, 604, 584, 559, 539, 515, 498, 462, 449, 427, 397, 392, 353, 330, 325, 293, 272, 258, 232, 217, 187, 156, 140, 130, 106, 83, 53, 29, 28
778, 757, 722, 700, 682, 656, 652, 618, 604, 584, 559, 539, 515, 498, 462, 449, 427, 397, 392, 353, 330, 325, 293, 272, 258, 232, 217, 187, 156, 140, 130, 106, 83, 53, 29
778, 757, 722, 700, 682, 656, 652, 618, 617, 602, 585, 558, 540, 514, 496, 463, 450, 428, 399, 373, 352, 331, 324, 294, 270, 256, 233, 219, 190, 158, 142, 128, 105, 82, 54, 30
778, 757, 722, 700, 682, 656, 652, 618, 617, 602, 585, 558, 540, 514, 496, 463, 450, 428, 399, 373, 352, 331, 324, 294, 270, 256, 233, 219, 190, 159, 143, 127, 104, 81, 55, 31
778, 757, 722, 700, 682, 656, 652, 618, 617, 602, 585, 558, 540, 514, 496, 463, 450, 428, 399, 373, 374, 350, 333, 323, 295, 269, 255, 235, 220, 191, 160, 144, 126, 103, 80, 56, 32
778, 757, 722, 700, 682, 656, 652, 618, 617, 602, 585, 558, 540, 514, 496, 463, 450, 428, 399, 373, 374, 350, 333, 323, 295, 269, 255, 254, 236, 221, 192, 161, 145, 125, 101, 78, 57, 33
778, 757, 722, 700, 682, 656, 652, 618, 617, 602, 585, 558, 540, 514, 496, 463, 450, 428, 399, 373, 374, 350, 333, 323, 295, 269, 255, 254, 236, 221, 192, 161, 145, 125, 101, 78, 57, 34
778, 757, 722, 701, 681, 658, 650, 615, 600, 587, 555, 541, 513, 495, 464, 451, 429, 400, 401, 375, 371, 336, 320, 298, 267, 253, 237, 199, 193, 163, 147, 124, 100, 77, 58, 35
778, 757, 722, 701, 681, 658, 650, 615, 600, 587, 555, 541, 513, 495, 464, 451, 429, 400, 401, 375, 371, 336, 320, 298, 267, 253, 237, 199, 193, 163, 147, 124, 100, 77, 58, 35, 36
778, 757, 722, 701, 681, 658, 650, 615, 600, 587, 588, 553, 543, 510, 493, 492, 467, 456, 433, 403, 378, 368, 338, 318, 300, 265, 250, 240, 203, 195, 165, 149, 122, 98, 75, 60, 37
778, 757, 722, 701, 681, 658, 650, 615, 600, 587, 588, 553, 543, 510, 493, 492, 467, 456, 433, 403, 404, 379, 366, 339, 317, 301, 284, 249, 241, 204, 196, 166, 150, 121, 96, 74, 61, 38
778, 757, 722, 701, 681, 658, 650, 615, 600, 587, 588, 553, 543, 510, 493, 492, 467, 456, 433, 403, 404, 379, 366, 339, 317, 301, 284, 249, 241, 204, 196, 166, 150, 121, 96, 74, 62, 39
778, 757, 722, 701, 681, 658, 650, 615, 600, 587, 588, 553, 543, 510, 493, 492, 467, 456, 433, 403, 404, 379, 366, 339, 317, 301, 284, 249, 241, 204, 196, 166, 150, 121, 96, 74, 62, 40
778, 757, 722, 700, 682, 656, 652, 653, 620, 606, 583, 560, 536, 535, 518, 501, 479, 444, 443, 420, 413, 412, 385, 361, 362, 343, 311, 304, 281, 247, 222, 206, 198, 168, 152, 120, 95, 73, 63, 41
778, 757, 722, 700, 682, 656, 652, 653, 620, 606, 583, 560, 536, 517, 500, 481, 446, 423, 394, 390, 356, 348, 306, 289, 276, 263, 228, 227, 212, 181, 172, 133, 116, 92, 69, 67, 44, 43, 42
778, 757, 722, 700, 682, 656, 652, 653, 620, 606, 583, 560, 536, 517, 500, 481, 446, 423, 394, 390, 356, 348, 306, 289, 276, 263, 228, 227, 212, 181, 172, 133, 116, 92, 69, 67, 44, 43
778, 757, 722, 700, 682, 656, 652, 653, 620, 606, 583, 560, 536, 517, 500, 481, 446, 423, 394, 390, 356, 348, 306, 289, 276, 263, 228, 227, 212, 181, 172, 133, 116, 92, 69, 67, 44
778, 785, 811, 852, 875, 890, 902, 937, 959, 973, 1004, 1014, 1047, 1056, 1078, 1101, 1124, 1151, 1170, 1199, 1221, 1226, 1254, 1272, 1310, 1313, 1334, 1352, 1388, 1400, 1426, 1444, 1460, 1488, 1501, 1532, 1535, 5, 22, 45
778, 785, 811, 852, 875, 890, 902, 937, 959, 973, 1004, 1014, 1047, 1056, 1078, 1101, 1124, 1151, 1170, 1199, 1221, 1226, 1254, 1272, 1310, 1313, 1334, 1352, 1388, 1400, 1426, 1444, 1460, 1488, 1501, 1532, 1535, 5, 22, 46
778, 785, 811, 852, 875, 890, 902, 937, 959, 973, 1004, 1014, 1047, 1056, 1078, 1101, 1124, 1151, 1170, 1199, 1221, 1226, 1254, 1272, 1310, 1313, 1334, 1352, 1388, 1400, 1426, 1444, 1460, 1488, 1501, 1532, 1535, 5, 23, 47
778, 785, 811, 852, 875, 890, 902, 937, 959, 973, 1004, 1014, 1047, 1056, 1078, 1101, 1124, 1151, 1170, 1199, 1221, 1226, 1254, 1272, 1310, 1313, 1334, 1352, 1388, 1400, 1426, 1444, 1460, 1488, 1501, 1531, 1536, 4, 24, 48
778, 757, 722, 700, 682, 656, 652, 653, 620, 606, 583, 560, 536, 517, 500, 481, 446, 423, 394, 390, 356, 348, 306, 289, 276, 263, 228, 213, 183, 175, 137, 113, 89, 86, 49
778, 757, 722, 700, 682, 656, 652, 618, 604, 584, 559, 539, 515, 498, 462, 449, 427, 397, 392, 353, 330, 325, 293, 272, 258, 232, 217, 187, 186, 177, 139, 110, 108, 85, 50
778, 757, 722, 700, 682, 656, 652, 618, 604, 584, 559, 539, 515, 498, 462, 449, 427, 397, 392, 353, 330, 325, 293, 272, 258, 232, 217, 187, 186, 177, 139, 110, 107, 84, 51
778, 757, 722, 700, 682, 656, 652, 618, 604, 584, 559, 539, 515, 498, 462, 449, 427, 397, 392, 353, 330, 325, 293, 272, 258, 232, 217, 187, 186, 177, 139, 110, 107, 84, 52
778, 757, 722, 700, 682, 656, 652, 618, 604, 584, 559, 539, 515, 498, 462, 449, 427, 397, 392, 353, 330, 325, 293, 272, 258, 232, 217, 187, 156, 140, 130, 106, 83, 53
778, 757, 722, 700, 682, 656, 652, 618, 617, 602, 585, 558, 540, 514, 496, 463, 450, 428, 399, 373, 352, 331, 324, 294, 270, 256, 233, 219, 190, 158, 142, 128, 105, 82, 54
778, 757, 722, 700, 682, 656, 652, 618, 617, 602, 585, 558, 540, 514, 496, 463, 450, 428, 399, 373, 352, 331, 324, 294, 270, 256, 233, 219, 190, 159, 143, 127, 104, 81, 55
778, 757, 722, 700, 682, 656, 652, 618, 617, 602, 585, 558, 540, 514, 496, 463, 450, 428, 399, 373, 374, 350, 333, 323, 295, 269, 255, 235, 220, 191, 160, 144, 126, 103, 80, 56
778, 757, 722, 700, 682, 656, 652, 618, 617, 602, 585, 558, 540, 514, 496, 463, 450, 428, 399, 373, 374, 350, 333, 323, 295, 269, 255, 254, 236, 221, 192, 161, 145, 125, 101, 78, 57
778, 757, 722, 701, 681, 658, 650, 615, 600, 587, 555, 541, 513, 495, 464, 451, 429, 400, 401, 375, 371, 336, 320, 298, 267, 253, 237, 199, 193, 163, 147, 124, 100, 77, 58
778, 757, 722, 701, 681, 658, 650, 615, 600, 587, 555, 541, 513, 495, 464, 451, 429, 400, 401, 375, 371, 336, 320, 298, 267, 253, 237, 199, 193, 163, 147, 124, 100, 77, 58, 59
778, 757, 722, 701, 681, 658, 650, 615, 600, 587, 588, 553, 543, 510, 493, 492, 467, 456, 433, 403, 378, 368, 338, 318, 300, 265, 250, 240, 203, 195, 165, 149, 122, 98, 75, 60
778, 757, 722, 701, 681, 658, 650, 615, 600, 587, 588, 553, 543, 510, 493, 492, 467, 456, 433, 403, 404, 379, 366, 339, 317, 301, 284, 249, 241, 204, 196, 166, 150, 121, 96, 74, 61
778, 757, 722, 701, 681, 658, 650, 615, 600, 587, 588, 553, 543, 510, 493, 492, 467, 456, 433, 403, 404, 379, 366, 339, 317, 301, 284, 249, 241, 204, 196, 166, 150, 121, 96, 74, 62
778, 757, 722, 700, 682, 656, 652, 653, 620, 606, 583, 560, 536, 535, 518, 501, 479, 444, 443, 420, 413, 412, 385, 361, 362, 343, 311, 304, 281, 247, 222, 206, 198, 168, 152, 120, 95, 73, 63
778, 757, 722, 700, 682, 656, 652, 653, 620, 606, 583, 560, 536, 535, 518, 501, 479, 444, 443, 420, 413, 412, 385, 361, 362, 343, 311, 304, 281, 247, 222, 206, 198, 168, 152, 120, 95, 73, 64
778, 757, 722, 700, 682, 656, 652, 653, 620, 606, 583, 560, 536, 517, 500, 481, 446, 423, 394, 390, 356, 348, 306, 289, 276, 263, 228, 227, 212, 181, 172, 133, 116, 92, 69, 67, 66, 65
778, 757, 722, 700, 682, 656, 652, 653, 620, 606, 583, 560, 536, 517, 500, 481, 446, 423, 394, 390, 356, 348, 306, 289, 276, 263, 228, 227, 212, 181, 172, 133, 116, 92, 69, 67, 66
778, 757, 722, 700, 682, 656, 652, 653, 620, 606, 583, 560, 536, 517, 500, 481, 446, 423, 394, 390, 356, 348, 306, 289, 276, 263, 228, 227, 212, 181, 172, 133, 116, 92, 69, 67
778, 757, 722, 700, 682, 656, 652, 653, 620, 606, 583, 560, 536, 517, 500, 481, 446, 423, 394, 390, 356, 348, 306, 289, 276, 263, 228, 227, 212, 181, 172, 134, 115, 91, 68
778, 757, 722, 700, 682, 656, 652, 653, 620, 606, 583, 560, 536, 517, 500, 481, 446, 423, 394, 390, 356, 348, 306, 289, 276, 263, 228, 227, 212, 181, 172, 133, 116, 92, 69
778, 757, 722, 700, 682, 656, 652, 653, 620, 606, 583, 560, 536, 517, 500, 481, 446, 423, 394, 390, 356, 348, 306, 289, 276, 263, 228, 227, 212, 181, 172, 133, 116, 92, 69, 70
778, 757, 722, 700, 682, 656, 652, 653, 620, 606, 583, 560, 536, 517, 500, 481, 446, 423, 394, 390, 356, 348, 306, 289, 276, 263, 228, 227, 212, 181, 172, 133, 116, 92, 69, 70, 71
778, 757, 722, 700, 682, 656, 652, 653, 620, 606, 583, 560, 536, 517, 500, 481, 446, 423, 394, 390, 356, 348, 306, 289, 276, 263, 228, 227, 226, 210, 179, 171, 131, 117, 118, 94, 72
778, 757, 722, 700, 682, 656, 652, 653, 620, 606, 583, 560, 536, 535, 518, 501, 479, 444, 443, 420, 413, 412, 385, 361, 362, 343, 311, 304, 281, 247, 222, 206, 198, 168, 152, 120, 95, 73
778, 757, 722, 701, 681, 658, 650, 615, 600, 587, 588, 553, 543, 510, 493, 492, 467, 456, 433, 403, 404, 379, 366, 339, 317, 301, 284, 249, 241, 204, 196, 166, 150, 121, 96, 74
778, 757, 722, 701, 681, 658, 650, 615, 600, 587, 588, 553, 543, 510, 493, 492, 467, 456, 433, 403, 378, 368, 338, 318, 300, 265, 250, 240, 203, 195, 165, 149, 122, 98, 75
778, 757, 722, 701, 681, 658, 650, 615, 600, 587, 555, 541, 513, 495, 464, 451, 429, 400, 401, 375, 371, 336, 320, 298, 267, 253, 237, 199, 193, 163, 147, 124, 100, 77, 76
778, 757, 722, 701, 681, 658, 650, 615, 600, 587, 555, 541, 513, 495, 464, 451, 429, 400, 401, 375, 371, 336, 320, 298, 267, 253, 237, 199, 193, 163, 147, 124, 100, 77
778, 757, 722, 700, 682, 656, 652, 618, 617, 602, 585, 558, 540, 514, 496, 463, 450, 428, 399, 373, 374, 350, 333, 323, 295, 269, 255, 254, 236, 221, 192, 161, 145, 125, 101, 78
778, 757, 722, 700, 682, 656, 652, 618, 617, 602, 585, 558, 540, 514, 496, 463, 450, 428, 399, 373, 374, 350, 333, 323, 295, 269, 255, 235, 220, 191, 160, 144, 126, 102, 79
778, 757, 722, 700, 682, 656, 652, 618, 617, 602, 585, 558, 540, 514, 496, 463, 450, 428, 399, 373, 374, 350, 333, 323, 295, 269, 255, 235, 220, 191, 160, 144, 126, 103, 80
778, 757, 722, 700, 682, 656, 652, 618, 617, 602, 585, 558, 540, 514, 496, 463, 450, 428, 399, 373, 352, 331, 324, 294, 270, 256, 233, 219, 190, 159, 143, 127, 104, 81
778, 757, 722, 700, 682, 656, 652, 618, 617, 602, 585, 558, 540, 514, 496, 463, 450, 428, 399, 373, 352, 331, 324, 294, 270, 256, 233, 219, 190, 158, 142, 128, 105, 82
778, 757, 722, 700, 682, 656, 652, 618, 604, 584, 559, 539, 515, 498, 462, 449, 427, 397, 392, 353, 330, 325, 293, 272, 258, 232, 217, 187, 156, 140, 130, 106, 83
778, 757, 722, 700, 682, 656, 652, 618, 604, 584, 559, 539, 515, 498, 462, 449, 427, 397, 392, 353, 330, 325, 293, 272, 258, 232, 217, 187, 186, 177, 139, 110, 107, 84
778, 757, 722, 700, 682, 656, 652, 618, 604, 584, 559, 539, 515, 498, 462, 449, 427, 397, 392, 353, 330, 325, 293, 272, 258, 232, 217, 187, 186, 177, 139, 110, 108, 85
778, 757, 722, 700, 682, 656, 652, 653, 620, 606, 583, 560, 536, 517, 500, 481, 446, 423, 394, 390, 356, 348, 306, 289, 276, 263, 228, 213, 183, 175, 137, 113, 89, 86
778, 757, 722, 700, 682, 656, 652, 653, 620, 606, 583, 560, 536, 517, 500, 481, 446, 423, 394, 390, 356, 348, 306, 289, 276, 263, 228, 227, 212, 182, 173, 136, 114, 90, 87
778, 757, 722, 700, 682, 656, 652, 653, 620, 606, 583, 560, 536, 517, 500, 481, 446, 423, 394, 390, 356, 348, 306, 289, 276, 263, 228, 227, 212, 181, 172, 134, 115, 91, 88
778, 757, 722, 700, 682, 656, 652, 653, 620, 606, 583, 560, 536, 517, 500, 481, 446, 423, 394, 390, 356, 348, 306, 289, 276, 263, 228, 213, 183, 175, 137, 113, 89
778, 757, 722, 700, 682, 656, 652, 653, 620, 606, 583, 560, 536, 517, 500, 481, 446, 423, 394, 390, 356, 348, 306, 289, 276, 263, 228, 227, 212, 182, 173, 136, 114, 90
778, 757, 722, 700, 682, 656, 652, 653, 620, 606, 583, 560, 536, 517, 500, 481, 446, 423, 394, 390, 356, 348, 306, 289, 276, 263, 228, 227, 212, 181, 172, 134, 115, 91
778, 757, 722, 700, 682, 656, 652, 653, 620, 606, 583, 560, 536, 517, 500, 481, 446, 423, 394, 390, 356, 348, 306, 289, 276, 263, 228, 227, 212, 181, 172, 133, 116, 92
778, 757, 722, 700, 682, 656, 652, 653, 620, 606, 583, 560, 536, 517, 500, 481, 446, 423, 394, 390, 356, 348, 306, 289, 276, 263, 228, 227, 212, 181, 172, 133, 116, 92, 93
778, 757, 722, 700, 682, 656, 652, 653, 620, 606, 583, 560, 536, 517, 500, 481, 446, 423, 394, 390, 356, 348, 306, 289, 276, 263, 228, 227, 226, 210, 179, 171, 131, 117, 118, 94
778, 757, 722, 700, 682, 656, 652, 653, 620, 606, 583, 560, 536, 535, 518, 501, 479, 444, 443, 420, 413, 412, 385, 361, 362, 343, 311, 304, 281, 247, 222, 206, 198, 168, 152, 120, 95
778, 757, 722, 701, 681, 658, 650, 615, 600, 587, 588, 553, 543, 510, 493, 492, 467, 456, 433, 403, 404, 379, 366, 339, 317, 301, 284, 249, 241, 204, 196, 166, 150, 121, 96
778, 757, 722, 701, 681, 658, 650, 615, 600, 587, 588, 553, 543, 510, 493, 492, 467, 456, 433, 403, 378, 368, 338, 318, 300, 265, 250, 240, 203, 195, 165, 149, 122, 97
778, 757, 722, 701, 681, 658, 650, 615, 600, 587, 588, 553, 543, 510, 493, 492, 467, 456, 433, 403, 378, 368, 338, 318, 300, 265, 250, 240, 203, 195, 165, 149, 122, 98
778, 757, 722, 701, 681, 658, 650, 615, 600, 587, 588, 553, 543, 510, 493, 466, 455, 432, 402, 376, 370, 337, 319, 299, 266, 252, 238, 200, 194, 164, 148, 123, 99
778, 757, 722, 701, 681, 658, 650, 615, 600, 587, 555, 541, 513, 495, 464, 451, 429, 400, 401, 375, 371, 336, 320, 298, 267, 253, 237, 199, 193, 163, 147, 124, 100
778, 757, 722, 700, 682, 656, 652, 618, 617, 602, 585, 558, 540, 514, 496, 463, 450, 428, 399, 373, 374, 350, 333, 323, 295, 269, 255, 254, 236, 221, 192, 161, 145, 125, 101
778, 757, 722, 700, 682, 656, 652, 618, 617, 602, 585, 558, 540, 514, 496, 463, 450, 428, 399, 373, 374, 350, 333, 323, 295, 269, 255, 235, 220, 191, 160, 144, 126, 102
778, 757, 722, 700, 682, 656, 652, 618, 617, 602, 585, 558, 540, 514, 496, 463, 450, 428, 399, 373, 374, 350, 333, 323, 295, 269, 255, 235, 220, 191, 160, 144, 126, 103
778, 757, 722, 700, 682, 656, 652, 618, 617, 602, 585, 558, 540, 514, 496, 463, 450, 428, 399, 373, 352, 331, 324, 294, 270, 256, 233, 219, 190, 159, 143, 127, 104
778, 757, 722, 700, 682, 656, 652, 618, 617, 602, 585, 558, 540, 514, 496, 463, 450, 428, 399, 373, 352, 331, 324, 294, 270, 256, 233, 219, 190, 158, 142, 128, 105
778, 757, 722, 700, 682, 656, 652, 618, 604, 584, 559, 539, 515, 498, 462, 449, 427, 397, 392, 353, 330, 325, 293, 272, 258, 232, 217, 187, 156, 140, 130, 106
778, 757, 722, 700, 682, 656, 652, 618, 604, 584, 559, 539, 515, 498, 462, 449, 427, 397, 392, 353, 330, 325, 293, 272, 258, 232, 217, 187, 186, 177, 139, 110, 107
778, 757, 722, 700, 682, 656, 652, 618, 604, 584, 559, 539, 515, 498, 462, 449, 427, 397, 392, 353, 330, 325, 293, 272, 258, 232, 217, 187, 186, 177, 139, 110, 108
778, 757, 722, 700, 682, 656, 652, 618, 604, 584, 559, 539, 515, 498, 462, 449, 427, 397, 392, 353, 330, 325, 293, 272, 258, 232, 217, 187, 186, 177, 139, 110, 108, 109
778, 757, 722, 700, 682, 656, 652, 618, 604, 584, 559, 539, 515, 498, 462, 449, 427, 397, 392, 353, 330, 325, 293, 272, 258, 232, 217, 187, 186, 177, 139, 110
778, 757, 722, 700, 682, 656, 652, 653, 620, 606, 583, 560, 536, 517, 500, 481, 446, 423, 394, 390, 356, 348, 306, 290, 275, 261, 229, 214, 184, 176, 138, 111
778, 757, 722, 700, 682, 656, 652, 653, 620, 606, 583, 560, 536, 517, 500, 481, 446, 423, 394, 390, 356, 348, 306, 289, 276, 263, 228, 213, 183, 175, 137, 112
778, 757, 722, 700, 682, 656, 652, 653, 620, 606, 583, 560, 536, 517, 500, 481, 446, 423, 394, 390, 356, 348, 306, 289, 276, 263, 228, 213, 183, 175, 137, 113
778, 757, 722, 700, 682, 656, 652, 653, 620, 606, 583, 560, 536, 517, 500, 481, 446, 423, 394, 390, 356, 348, 306, 289, 276, 263, 228, 227, 212, 182, 173, 136, 114
778, 757, 722, 700, 682, 656, 652, 653, 620, 606, 583, 560, 536, 517, 500, 481, 446, 423, 394, 390, 356, 348, 306, 289, 276, 263, 228, 227, 212, 181, 172, 134, 115
778, 757, 722, 700, 682, 656, 652, 653, 620, 606, 583, 560, 536, 517, 500, 481, 446, 423, 394, 390, 356, 348, 306, 289, 276, 263, 228, 227, 212, 181, 172, 133, 116
778, 757, 722, 700, 682, 656, 652, 653, 620, 606, 583, 560, 536, 517, 500, 481, 446, 423, 394, 390, 356, 348, 306, 289, 276, 263, 228, 227, 226, 210, 179, 171, 131, 117
778, 757, 722, 700, 682, 656, 652, 653, 620, 606, 583, 560, 536, 517, 500, 481, 446, 423, 394, 390, 356, 348, 306, 289, 276, 263, 228, 227, 226, 210, 179, 171, 131, 117, 118
778, 757, 722, 700, 682, 656, 652, 653, 620, 606, 583, 560, 536, 535, 518, 501, 479, 444, 443, 420, 413, 412, 385, 361, 362, 343, 311, 304, 281, 247, 222, 206, 198, 169, 153, 119
778, 757, 722, 700, 682, 656, 652, 653, 620, 606, 583, 560, 536, 535, 518, 501, 479, 444, 443, 420, 413, 412, 385, 361, 362, 343, 311, 304, 281, 247, 222, 206, 198, 168, 152, 120
778, 757, 722, 701, 681, 658, 650, 615, 600, 587, 588, 553, 543, 510, 493, 492, 467, 456, 433, 403, 404, 379, 366, 339, 317, 301, 284, 249, 241, 204, 196, 166, 150, 121
778, 757, 722, 701, 681, 658, 650, 615, 600, 587, 588, 553, 543, 510, 493, 492, 467, 456, 433, 403, 378, 368, 338, 318, 300, 265, 250, 240, 203, 195, 165, 149, 122
778, 757, 722, 701, 681, 658, 650, 615, 600, 587, 588, 553, 543, 510, 493, 466, 455, 432, 402, 376, 370, 337, 319, 299, 266, 252, 238, 200, 194, 164, 148, 123
778, 757, 722, 701, 681, 658, 650, 615, 600, 587, 555, 541, 513, 495, 464, 451, 429, 400, 401, 375, 371, 336, 320, 298, 267, 253, 237, 199, 193, 163, 147, 124
778, 757, 722, 700, 682, 656, 652, 618, 617, 602, 585, 558, 540, 514, 496, 463, 450, 428, 399, 373, 374, 350, 333, 323, 295, 269, 255, 254, 236, 221, 192, 161, 145, 125
778, 757, 722, 700, 682, 656, 652, 618, 617, 602, 585, 558, 540, 514, 496, 463, 450, 428, 399, 373, 374, 350, 333, 323, 295, 269, 255, 235, 220, 191, 160, 144, 126
778, 757, 722, 700, 682, 656, 652, 618, 617, 602, 585, 558, 540, 514, 496, 463, 450, 428, 399, 373, 352, 331, 324, 294, 270, 256, 233, 219, 190, 159, 143, 127
778, 757, 722, 700, 682, 656, 652, 618, 617, 602, 585, 558, 540, 514, 496, 463, 450, 428, 399, 373, 352, 331, 324, 294, 270, 256, 233, 219, 190, 158, 142, 128
778, 757, 722, 700, 682, 656, 652, 618, 617, 602, 585, 558, 540, 514, 496, 463, 450, 428, 399, 373, 352, 331, 324, 294, 270, 256, 233, 219, 190, 158, 141, 129
778, 757, 722, 700, 682, 656, 652, 618, 604, 584, 559, 539, 515, 498, 462, 449, 427, 397, 392, 353, 330, 325, 293, 272, 258, 232, 217, 187, 156, 140, 130
778, 757, 722, 700, 682, 656, 652, 653, 620, 606, 583, 560, 536, 517, 500, 481, 446, 423, 394, 390, 356, 348, 306, 289, 276, 263, 228, 227, 226, 210, 179, 171, 131
778, 757, 722, 700, 682, 656, 652, 653, 620, 606, 583, 560, 536, 517, 500, 481, 446, 423, 394, 390, 356, 348, 306, 289, 276, 263, 228, 227, 212, 181, 172, 133, 132
778, 757, 722, 700, 682, 656, 652, 653, 620, 606, 583, 560, 536, 517, 500, 481, 446, 423, 394, 390, 356, 348, 306, 289, 276, 263, 228, 227, 212, 181, 172, 133
778, 757, 722, 700, 682, 656, 652, 653, 620, 606, 583, 560, 536, 517, 500, 481, 446, 423, 394, 390, 356, 348, 306, 289, 276, 263, 228, 227, 212, 181, 172, 134
778, 757, 722, 700, 682, 656, 652, 653, 620, 606, 583, 560, 536, 517, 500, 481, 446, 423, 394, 390, 356, 348, 306, 289, 276, 263, 228, 227, 212, 182, 173, 135
778, 757, 722, 700, 682, 656, 652, 653, 620, 606, 583, 560, 536, 517, 500, 481, 446, 423, 394, 390, 356, 348, 306, 289, 276, 263, 228, 227, 212, 182, 173, 136
778, 757, 722, 700, 682, 656, 652, 653, 620, 606, 583, 560, 536, 517, 500, 481, 446, 423, 394, 390, 356, 348, 306, 289, 276, 263, 228, 213, 183, 175, 137
778, 757, 722, 700, 682, 656, 652, 653, 620, 606, 583, 560, 536, 517, 500, 481, 446, 423, 394, 390, 356, 348, 306, 290, 275, 261, 229, 214, 184, 176, 138
778, 757, 722, 700, 682, 656, 652, 618, 604, 584, 559, 539, 515, 498, 462, 449, 427, 397, 392, 353, 330, 325, 293, 272, 258, 232, 217, 187, 186, 177, 139
778, 757, 722, 700, 682, 656, 652, 618, 604, 584, 559, 539, 515, 498, 462, 449, 427, 397, 392, 353, 330, 325, 293, 272, 258, 232, 217, 187, 156, 140
778, 757, 722, 700, 682, 656, 652, 618, 617, 602, 585, 558, 540, 514, 496, 463, 450, 428, 399, 373, 352, 331, 324, 294, 270, 256, 233, 219, 190, 158, 141
778, 757, 722, 700, 682, 656, 652, 618, 617, 602, 585, 558, 540, 514, 496, 463, 450, 428, 399, 373, 352, 331, 324, 294, 270, 256, 233, 219, 190, 158, 142
778, 757, 722, 700, 682, 656, 652, 618, 617, 602, 585, 558, 540, 514, 496, 463, 450, 428, 399, 373, 352, 331, 324, 294, 270, 256, 233, 219, 190, 159, 143
778, 757, 722, 700, 682, 656, 652, 618, 617, 602, 585, 558, 540, 514, 496, 463, 450, 428, 399, 373, 374, 350, 333, 323, 295, 269, 255, 235, 220, 191, 160, 144
778, 757, 722, 700, 682, 656, 652, 618, 617, 602, 585, 558, 540, 514, 496, 463, 450, 428, 399, 373, 374, 350, 333, 323, 295, 269, 255, 254, 236, 221, 192, 161, 145
778, 757, 722, 701, 681, 658, 650, 615, 600, 587, 555, 541, 513, 495, 464, 451, 429, 400, 401, 375, 371, 336, 320, 298, 267, 253, 237, 199, 193, 162, 146
778, 757, 722, 701, 681, 658, 650, 615, 600, 587, 555, 541, 513, 495, 464, 451, 429, 400, 401, 375, 371, 336, 320, 298, 267, 253, 237, 199, 193, 163, 147
778, 757, 722, 701, 681, 658, 650, 615, 600, 587, 588, 553, 543, 510, 493, 466, 455, 432, 402, 376, 370, 337, 319, 299, 266, 252, 238, 200, 194, 164, 148
778, 757, 722, 701, 681, 658, 650, 615, 600, 587, 588, 553, 543, 510, 493, 492, 467, 456, 433, 403, 378, 368, 338, 318, 300, 265, 250, 240, 203, 195, 165, 149
778, 757, 722, 701, 681, 658, 650, 615, 600, 587, 588, 553, 543, 510, 493, 492, 467, 456, 433, 403, 404, 379, 366, 339, 317, 301, 284, 249, 241, 204, 196, 166, 150
778, 757, 722, 700, 682, 656, 652, 653, 620, 606, 583, 560, 536, 535, 518, 501, 479, 444, 443, 420, 413, 412, 385, 361, 362, 343, 311, 304, 281, 247, 222, 206, 198, 167, 151
778, 757, 722, 700, 682, 656, 652, 653, 620, 606, 583, 560, 536, 535, 518, 501, 479, 444, 443, 420, 413, 412, 385, 361, 362, 343, 311, 304, 281, 247, 222, 206, 198, 168, 152
778, 757, 722, 700, 682, 656, 652, 653, 620, 606, 583, 560, 536, 535, 518, 501, 479, 444, 443, 420, 413, 412, 385, 361, 362, 343, 311, 304, 281, 247, 222, 206, 198, 169, 153
778, 757, 722, 700, 682, 656, 652, 653, 620, 606, 583, 560, 536, 517, 500, 481, 446, 423, 394, 390, 356, 348, 306, 289, 276, 263, 228, 227, 226, 210, 179, 171, 170, 154
778, 757, 722, 700, 682, 656, 652, 653, 620, 606, 583, 560, 536, 517, 500, 481, 446, 423, 394, 390, 356, 348, 306, 289, 276, 263, 228, 227, 226, 210, 179, 171, 131, 155
778, 757, 722, 700, 682, 656, 652, 618, 604, 584, 559, 539, 515, 498, 462, 449, 427, 397, 392, 353, 330, 325, 293, 272, 258, 232, 217, 187, 156
778, 757, 722, 700, 682, 656, 652, 618, 604, 584, 559, 539, 515, 498, 462, 449, 427, 397, 392, 353, 330, 325, 293, 272, 258, 232, 218, 189, 157
778, 757, 722, 700, 682, 656, 652, 618, 617, 602, 585, 558, 540, 514, 496, 463, 450, 428, 399, 373, 352, 331, 324, 294, 270, 256, 233, 219, 190, 158
778, 757, 722, 700, 682, 656, 652, 618, 617, 602, 585, 558, 540, 514, 496, 463, 450, 428, 399, 373, 352, 331, 324, 294, 270, 256, 233, 219, 190, 159
778, 757, 722, 700, 682, 656, 652, 618, 617, 602, 585, 558, 540, 514, 496, 463, 450, 428, 399, 373, 374, 350, 333, 323, 295, 269, 255, 235, 220, 191, 160
778, 757, 722, 700, 682, 656, 652, 618, 617, 602, 585, 558, 540, 514, 496, 463, 450, 428, 399, 373, 374, 350, 333, 323, 295, 269, 255, 254, 236, 221, 192, 161
778, 757, 722, 701, 681, 658, 650, 615, 600, 587, 555, 541, 513, 495, 464, 451, 429, 400, 401, 375, 371, 336, 320, 298, 267, 253, 237, 199, 193, 162
778, 757, 722, 701, 681, 658, 650, 615, 600, 587, 555, 541, 513, 495, 464, 451, 429, 400, 401, 375, 371, 336, 320, 298, 267, 253, 237, 199, 193, 163
778, 757, 722, 701, 681, 658, 650, 615, 600, 587, 588, 553, 543, 510, 493, 466, 455, 432, 402, 376, 370, 337, 319, 299, 266, 252, 238, 200, 194, 164
778, 757, 722, 701, 681, 658, 650, 615, 600, 587, 588, 553, 543, 510, 493, 492, 467, 456, 433, 403, 378, 368, 338, 318, 300, 265, 250, 240, 203, 195, 165
778, 757, 722, 701, 681, 658, 650, 615, 600, 587, 588, 553, 543, 510, 493, 492, 467, 456, 433, 403, 404, 379, 366, 339, 317, 301, 284, 249, 241, 204, 196, 166
778, 757, 722, 700, 682, 656, 652, 653, 620, 606, 583, 560, 536, 535, 518, 501, 479, 444, 443, 420, 413, 412, 385, 361, 362, 343, 311, 304, 281, 247, 222, 206, 198, 167
778, 757, 722, 700, 682, 656, 652, 653, 620, 606, 583, 560, 536, 535, 518, 501, 479, 444, 443, 420, 413, 412, 385, 361, 362, 343, 311, 304, 281, 247, 222, 206, 198, 168
778, 757, 722, 700, 682, 656, 652, 653, 620, 606, 583, 560, 536, 535, 518, 501, 479, 444, 443, 420, 413, 412, 385, 361, 362, 343, 311, 304, 281, 247, 222, 206, 198, 169
778, 757, 722, 700, 682, 656, 652, 653, 620, 606, 583, 560, 536, 517, 500, 481, 446, 423, 394, 390, 356, 348, 306, 289, 276, 263, 228, 227, 226, 210, 179, 171, 170
778, 757, 722, 700, 682, 656, 652, 653, 620, 606, 583, 560, 536, 517, 500, 481, 446, 423, 394, 390, 356, 348, 306, 289, 276, 263, 228, 227, 226, 210, 179, 171
778, 757, 722, 700, 682, 656, 652, 653, 620, 606, 583, 560, 536, 517, 500, 481, 446, 423, 394, 390, 356, 348, 306, 289, 276, 263, 228, 227, 212, 181, 172
778, 757, 722, 700, 682, 656, 652, 653, 620, 606, 583, 560, 536, 517, 500, 481, 446, 423, 394, 390, 356, 348, 306, 289, 276, 263, 228, 227, 212, 182, 173
778, 757, 722, 700, 682, 656, 652, 653, 620, 606, 583, 560, 536, 517, 500, 481, 446, 423, 394, 390, 356, 348, 306, 289, 276, 263, 228, 213, 183, 175, 174
778, 757, 722, 700, 682, 656, 652, 653, 620, 606, 583, 560, 536, 517, 500, 481, 446, 423, 394, 390, 356, 348, 306, 289, 276, 263, 228, 213, 183, 175
778, 757, 722, 700, 682, 656, 652, 653, 620, 606, 583, 560, 536, 517, 500, 481, 446, 423, 394, 390, 356, 348, 306, 290, 275, 261, 229, 214, 184, 176
778, 757, 722, 700, 682, 656, 652, 618, 604, 584, 559, 539, 515, 498, 462, 449, 427, 397, 392, 353, 330, 325, 293, 272, 258, 232, 217, 187, 186, 177
778, 757, 722, 700, 682, 656, 652, 653, 620, 606, 583, 560, 536, 517, 500, 481, 446, 423, 394, 390, 356, 348, 306, 289, 276, 263, 228, 227, 226, 210, 179, 178
778, 757, 722, 700, 682, 656, 652, 653, 620, 606, 583, 560, 536, 517, 500, 481, 446, 423, 394, 390, 356, 348, 306, 289, 276, 263, 228, 227, 226, 210, 179
778, 757, 722, 700, 682, 656, 652, 653, 620, 606, 583, 560, 536, 517, 500, 481, 446, 423, 394, 390, 356, 348, 306, 289, 276, 263, 228, 227, 212, 181, 180
778, 757, 722, 700, 682, 656, 652, 653, 620, 606, 583, 560, 536, 517, 500, 481, 446, 423, 394, 390, 356, 348, 306, 289, 276, 263, 228, 227, 212, 181
778, 757, 722, 700, 682, 656, 652, 653, 620, 606, 583, 560, 536, 517, 500, 481, 446, 423, 394, 390, 356, 348, 306, 289, 276, 263, 228, 227, 212, 182
778, 757, 722, 700, 682, 656, 652, 653, 620, 606, 583, 560, 536, 517, 500, 481, 446, 423, 394, 390, 356, 348, 306, 289, 276, 263, 228, 213, 183
778, 757, 722, 700, 682, 656, 652, 653, 620, 606, 583, 560, 536, 517, 500, 481, 446, 423, 394, 390, 356, 348, 306, 290, 275, 261, 229, 214, 184
778, 757, 722, 700, 682, 656, 652, 618, 604, 584, 559, 539, 515, 498, 462, 449, 427, 397, 392, 353, 330, 325, 293, 272, 258, 232, 217, 216, 185
778, 757, 722, 700, 682, 656, 652, 618, 604, 584, 559, 539, 515, 498, 462, 449, 427, 397, 392, 353, 330, 325, 293, 272, 258, 232, 217, 187, 186
778, 757, 722, 700, 682, 656, 652, 618, 604, 584, 559, 539, 515, 498, 462, 449, 427, 397, 392, 353, 330, 325, 293, 272, 258, 232, 217, 187
778, 757, 722, 700, 682, 656, 652, 618, 604, 584, 559, 539, 515, 498, 462, 449, 427, 397, 392, 353, 330, 325, 293, 272, 258, 232, 217, 188
778, 757, 722, 700, 682, 656, 652, 618, 604, 584, 559, 539, 515, 498, 462, 449, 427, 397, 392, 353, 330, 325, 293, 272, 258, 232, 218, 189
778, 757, 722, 700, 682, 656, 652, 618, 617, 602, 585, 558, 540, 514, 496, 463, 450, 428, 399, 373, 352, 331, 324, 294, 270, 256, 233, 219, 190
778, 757, 722, 700, 682, 656, 652, 618, 617, 602, 585, 558, 540, 514, 496, 463, 450, 428, 399, 373, 374, 350, 333, 323, 295, 269, 255, 235, 220, 191
778, 757, 722, 700, 682, 656, 652, 618, 617, 602, 585, 558, 540, 514, 496, 463, 450, 428, 399, 373, 374, 350, 333, 323, 295, 269, 255, 254, 236, 221, 192
778, 757, 722, 701, 681, 658, 650, 615, 600, 587, 555, 541, 513, 495, 464, 451, 429, 400, 401, 375, 371, 336, 320, 298, 267, 253, 237, 199, 193
778, 757, 722, 701, 681, 658, 650, 615, 600, 587, 588, 553, 543, 510, 493, 466, 455, 432, 402, 376, 370, 337, 319, 299, 266, 252, 238, 200, 194
778, 757, 722, 701, 681, 658, 650, 615, 600, 587, 588, 553, 543, 510, 493, 492, 467, 456, 433, 403, 378, 368, 338, 318, 300, 265, 250, 240, 203, 195
778, 757, 722, 701, 681, 658, 650, 615, 600, 587, 588, 553, 543, 510, 493, 492, 467, 456, 433, 403, 404, 379, 366, 339, 317, 301, 284, 249, 241, 204, 196
778, 757, 722, 701, 681, 658, 650, 615, 600, 587, 588, 553, 543, 510, 493, 492, 467, 456, 433, 403, 404, 379, 366, 339, 317, 301, 284, 249, 241, 204, 196, 197
778, 757, 722, 700, 682, 656, 652, 653, 620, 606, 583, 560, 536, 535, 518, 501, 479, 444, 443, 420, 413, 412, 385, 361, 362, 343, 311, 304, 281, 247, 222, 206, 198
778, 757, 722, 701, 681, 658, 650, 615, 600, 587, 555, 541, 513, 495, 464, 451, 429, 400, 401, 375, 371, 336, 320, 298, 267, 253, 237, 199
