877, 876, 890, 902, 937, 959, 973, 1004, 1014, 1047, 1057, 1079, 1102, 1125, 1150, 1169, 1196, 1219, 1229, 1256, 1268, 1292, 1316, 1337, 1355, 1371, 1396, 1423, 1449, 1463, 1493, 1504, 1529, 1538, 0
877, 876, 890, 902, 937, 959, 973, 1004, 1014, 1047, 1057, 1079, 1102, 1125, 1150, 1169, 1196, 1219, 1229, 1256, 1268, 1292, 1316, 1337, 1355, 1371, 1396, 1423, 1449, 1463, 1493, 1504, 1529, 1538, 1
877, 876, 890, 902, 937, 959, 973, 1004, 1014, 1047, 1057, 1079, 1102, 1125, 1150, 1169, 1196, 1219, 1229, 1256, 1269, 1291, 1315, 1336, 1354, 1370, 1398, 1424, 1448, 1462, 1491, 1503, 1530, 1537, 2
877, 876, 890, 902, 937, 959, 973, 1004, 1014, 1047, 1057, 1079, 1102, 1125, 1150, 1169, 1196, 1219, 1229, 1256, 1269, 1291, 1315, 1336, 1354, 1370, 1398, 1424, 1448, 1462, 1491, 1503, 1530, 1537, 3
877, 889, 904, 936, 960, 972, 1002, 1013, 1046, 1055, 1075, 1100, 1124, 1151, 1170, 1199, 1221, 1226, 1254, 1272, 1310, 1313, 1334, 1352, 1388, 1400, 1426, 1444, 1460, 1488, 1501, 1531, 1536, 4
877, 889, 904, 936, 960, 972, 1002, 1013, 1046, 1055, 1075, 1100, 1124, 1151, 1170, 1199, 1221, 1226, 1254, 1272, 1310, 1313, 1334, 1352, 1388, 1400, 1426, 1444, 1460, 1488, 1501, 1532, 1535, 5
877, 889, 904, 936, 960, 972, 1002, 1013, 1046, 1055, 1077, 1099, 1123, 1152, 1171, 1200, 1223, 1225, 1253, 1273, 1309, 1312, 1333, 1351, 1386, 1401, 1427, 1443, 1459, 1487, 1500, 1533, 1554, 6
877, 889, 904, 936, 960, 972, 1002, 1013, 1046, 1055, 1077, 1099, 1123, 1152, 1171, 1200, 1223, 1225, 1253, 1273, 1274, 1308, 1331, 1332, 1350, 1385, 1403, 1428, 1442, 1457, 1486, 1499, 1534, 1553, 7
877, 889, 904, 936, 960, 972, 1002, 1013, 1046, 1055, 1077, 1099, 1123, 1152, 1171, 1200, 1223, 1225, 1253, 1273, 1274, 1308, 1331, 1332, 1350, 1385, 1403, 1428, 1442, 1457, 1486, 1499, 1534, 1553, 7, 8
877, 889, 888, 906, 935, 961, 971, 1001, 1012, 1045, 1054, 1094, 1097, 1096, 1120, 1155, 1174, 1180, 1203, 1245, 1251, 1276, 1307, 1329, 1349, 1369, 1384, 1404, 1430, 1441, 1456, 1485, 1498, 1514, 1552, 9
877, 889, 888, 906, 935, 961, 971, 1001, 1012, 1045, 1054, 1094, 1097, 1096, 1120, 1155, 1174, 1180, 1203, 1245, 1251, 1276, 1307, 1329, 1349, 1369, 1384, 1404, 1430, 1441, 1456, 1485, 1498, 1514, 1552, 1551, 10
877, 889, 888, 906, 935, 961, 971, 1001, 1012, 1045, 1054, 1094, 1097, 1096, 1120, 1155, 1174, 1180, 1203, 1245, 1251, 1276, 1307, 1329, 1349, 1369, 1384, 1404, 1430, 1441, 1456, 1485, 1498, 1514, 1552, 1551, 10, 11
877, 876, 890, 902, 937, 959, 973, 1004, 1016, 1049, 1059, 1081, 1104, 1127, 1148, 1167, 1194, 1217, 1231, 1259, 1289, 1294, 1317, 1338, 1357, 1358, 1374, 1392, 1419, 1432, 1468, 1469, 1470, 1479, 1512, 1520, 1519, 1548, 12
877, 876, 890, 902, 937, 959, 973, 1004, 1016, 1049, 1059, 1081, 1104, 1127, 1148, 1167, 1194, 1217, 1231, 1259, 1289, 1294, 1317, 1338, 1357, 1358, 1374, 1392, 1419, 1432, 1468, 1469, 1470, 1479, 1512, 1520, 1545, 14, 13
877, 876, 890, 902, 937, 959, 973, 1004, 1016, 1049, 1059, 1081, 1104, 1127, 1148, 1167, 1194, 1217, 1231, 1259, 1289, 1294, 1317, 1338, 1357, 1358, 1374, 1392, 1419, 1432, 1468, 1469, 1470, 1479, 1512, 1520, 1545, 14
877, 876, 890, 902, 937, 959, 973, 1004, 1016, 1049, 1059, 1081, 1104, 1127, 1148, 1167, 1194, 1217, 1231, 1259, 1289, 1294, 1317, 1338, 1357, 1358, 1374, 1392, 1419, 1432, 1468, 1476, 1509, 1524, 1523, 1522, 1544, 15
877, 876, 890, 902, 937, 959, 973, 1004, 1016, 1049, 1059, 1081, 1104, 1127, 1148, 1167, 1194, 1217, 1231, 1259, 1289, 1294, 1317, 1338, 1357, 1358, 1374, 1392, 1419, 1432, 1468, 1476, 1509, 1524, 1523, 1543, 16
877, 876, 890, 902, 937, 959, 973, 1004, 1016, 1049, 1059, 1081, 1104, 1127, 1148, 1167, 1194, 1217, 1231, 1259, 1289, 1294, 1317, 1338, 1357, 1358, 1374, 1392, 1419, 1432, 1468, 1476, 1509, 1525, 1542, 17
877, 876, 890, 902, 937, 959, 973, 1004, 1016, 1049, 1059, 1081, 1104, 1127, 1148, 1167, 1194, 1217, 1231, 1259, 1289, 1294, 1317, 1338, 1357, 1358, 1374, 1392, 1420, 1431, 1467, 1475, 1508, 1526, 1541, 18
877, 876, 890, 902, 937, 959, 973, 1004, 1016, 1049, 1059, 1081, 1104, 1127, 1148, 1167, 1194, 1217, 1231, 1259, 1289, 1294, 1317, 1338, 1357, 1358, 1374, 1392, 1420, 1431, 1467, 1475, 1508, 1526, 1541, 19
877, 876, 890, 902, 937, 959, 973, 1004, 1016, 1049, 1059, 1081, 1104, 1127, 1148, 1167, 1194, 1217, 1231, 1259, 1289, 1294, 1317, 1338, 1357, 1358, 1373, 1393, 1421, 1451, 1465, 1474, 1507, 1527, 1540, 20
877, 876, 890, 902, 937, 959, 973, 1004, 1014, 1047, 1057, 1079, 1102, 1125, 1150, 1169, 1196, 1219, 1229, 1256, 1268, 1292, 1316, 1337, 1355, 1371, 1396, 1423, 1449, 1463, 1493, 1505, 1528, 1539, 21
877, 889, 904, 936, 960, 972, 1002, 1013, 1046, 1055, 1075, 1100, 1124, 1151, 1170, 1199, 1221, 1226, 1254, 1272, 1310, 1313, 1334, 1352, 1388, 1400, 1426, 1444, 1460, 1488, 1501, 1532, 1535, 5, 22
877, 889, 904, 936, 960, 972, 1002, 1013, 1046, 1055, 1075, 1100, 1124, 1151, 1170, 1199, 1221, 1226, 1254, 1272, 1310, 1313, 1334, 1352, 1388, 1400, 1426, 1444, 1460, 1488, 1501, 1532, 1535, 5, 23
877, 889, 904, 936, 960, 972, 1002, 1013, 1046, 1055, 1075, 1100, 1124, 1151, 1170, 1199, 1221, 1226, 1254, 1272, 1310, 1313, 1334, 1352, 1388, 1400, 1426, 1444, 1460, 1488, 1501, 1531, 1536, 4, 24
877, 876, 890, 902, 937, 959, 973, 1004, 1014, 1047, 1057, 1079, 1102, 1125, 1150, 1169, 1196, 1219, 1229, 1256, 1269, 1291, 1315, 1336, 1354, 1370, 1398, 1424, 1448, 1462, 1491, 1503, 1530, 1537, 3, 25
877, 876, 890, 902, 937, 959, 973, 1004, 1014, 1047, 1057, 1079, 1102, 1125, 1150, 1169, 1196, 1219, 1229, 1256, 1268, 1292, 1316, 1337, 1355, 1371, 1396, 1423, 1449, 1463, 1493, 1504, 1529, 1538, 0, 26
877, 876, 890, 902, 937, 959, 973, 1004, 1014, 1047, 1057, 1079, 1102, 1125, 1150, 1169, 1196, 1219, 1229, 1256, 1268, 1292, 1316, 1337, 1355, 1371, 1396, 1423, 1449, 1463, 1493, 1505, 1528, 1539, 21, 27
877, 876, 890, 902, 937, 959, 973, 1004, 1014, 1047, 1057, 1079, 1102, 1125, 1150, 1169, 1196, 1219, 1229, 1256, 1268, 1292, 1316, 1337, 1355, 1371, 1396, 1423, 1449, 1463, 1493, 1505, 1528, 1539, 21, 28
877, 876, 890, 902, 937, 959, 973, 1004, 1014, 1047, 1057, 1079, 1102, 1125, 1150, 1169, 1196, 1219, 1229, 1256, 1268, 1292, 1316, 1337, 1355, 1371, 1396, 1423, 1449, 1463, 1493, 1505, 1528, 1539, 21, 28, 29
877, 876, 890, 902, 937, 959, 973, 1004, 1016, 1049, 1059, 1081, 1104, 1127, 1148, 1167, 1194, 1217, 1231, 1259, 1289, 1294, 1317, 1338, 1357, 1358, 1374, 1392, 1420, 1431, 1467, 1475, 1508, 1526, 1541, 18, 30
877, 876, 890, 902, 937, 959, 973, 1004, 1016, 1049, 1059, 1081, 1104, 1127, 1148, 1167, 1194, 1217, 1231, 1259, 1289, 1294, 1317, 1338, 1357, 1358, 1374, 1392, 1419, 1432, 1468, 1476, 1509, 1525, 1542, 17, 31
877, 876, 890, 902, 937, 959, 973, 1004, 1016, 1049, 1059, 1081, 1104, 1127, 1148, 1167, 1194, 1217, 1231, 1259, 1289, 1294, 1317, 1338, 1357, 1358, 1374, 1392, 1419, 1432, 1468, 1476, 1509, 1524, 1523, 1543, 16, 32
877, 876, 890, 902, 937, 959, 973, 1004, 1016, 1049, 1059, 1081, 1104, 1127, 1148, 1167, 1194, 1217, 1231, 1259, 1289, 1294, 1317, 1338, 1357, 1358, 1374, 1392, 1419, 1432, 1468, 1476, 1509, 1524, 1523, 1522, 1544, 15, 33
877, 876, 890, 902, 937, 959, 973, 1004, 1016, 1049, 1059, 1081, 1104, 1127, 1148, 1167, 1194, 1217, 1231, 1259, 1289, 1294, 1317, 1338, 1357, 1358, 1374, 1392, 1419, 1432, 1468, 1476, 1509, 1524, 1523, 1522, 1544, 15, 34
877, 876, 890, 902, 937, 959, 973, 1004, 1016, 1049, 1059, 1081, 1104, 1127, 1148, 1167, 1194, 1217, 1231, 1259, 1289, 1294, 1317, 1338, 1357, 1358, 1374, 1392, 1419, 1432, 1468, 1469, 1470, 1479, 1512, 1520, 1545, 14, 35
877, 876, 890, 902, 937, 959, 973, 1004, 1016, 1049, 1059, 1081, 1104, 1127, 1148, 1167, 1194, 1217, 1231, 1259, 1289, 1294, 1317, 1338, 1357, 1358, 1374, 1392, 1419, 1432, 1468, 1469, 1470, 1479, 1512, 1520, 1545, 14, 13, 36
877, 876, 890, 902, 937, 959, 973, 1004, 1016, 1049, 1059, 1081, 1104, 1127, 1148, 1167, 1194, 1217, 1231, 1259, 1289, 1294, 1317, 1338, 1357, 1358, 1374, 1392, 1419, 1432, 1468, 1469, 1470, 1479, 1512, 1520, 1519, 1548, 12, 37
877, 876, 890, 902, 937, 959, 973, 1004, 1016, 1049, 1059, 1081, 1104, 1127, 1148, 1167, 1194, 1217, 1231, 1259, 1289, 1294, 1317, 1338, 1357, 1358, 1374, 1392, 1419, 1432, 1468, 1469, 1470, 1479, 1512, 1520, 1519, 1548, 12, 38
877, 889, 888, 906, 935, 961, 971, 1001, 1012, 1045, 1054, 1094, 1097, 1096, 1120, 1155, 1174, 1180, 1203, 1245, 1251, 1276, 1307, 1329, 1349, 1369, 1384, 1404, 1430, 1441, 1456, 1485, 1498, 1514, 1552, 1551, 10, 11, 39
877, 889, 888, 906, 935, 961, 971, 1001, 1012, 1045, 1054, 1094, 1097, 1096, 1120, 1155, 1174, 1180, 1203, 1245, 1251, 1276, 1307, 1329, 1349, 1369, 1384, 1404, 1430, 1441, 1456, 1485, 1498, 1514, 1552, 1551, 10, 11, 40
877, 889, 888, 906, 935, 961, 971, 1001, 1012, 1045, 1054, 1094, 1097, 1096, 1120, 1155, 1174, 1180, 1203, 1245, 1251, 1276, 1307, 1329, 1349, 1369, 1384, 1404, 1430, 1441, 1456, 1485, 1498, 1514, 1552, 9, 43, 42, 41
877, 889, 888, 906, 935, 961, 971, 1001, 1012, 1045, 1054, 1094, 1097, 1096, 1120, 1155, 1174, 1180, 1203, 1245, 1251, 1276, 1307, 1329, 1349, 1369, 1384, 1404, 1430, 1441, 1456, 1485, 1498, 1514, 1552, 9, 43, 42
877, 889, 888, 906, 935, 961, 971, 1001, 1012, 1045, 1054, 1094, 1097, 1096, 1120, 1155, 1174, 1180, 1203, 1245, 1251, 1276, 1307, 1329, 1349, 1369, 1384, 1404, 1430, 1441, 1456, 1485, 1498, 1514, 1552, 9, 43
877, 889, 904, 936, 960, 972, 1002, 1013, 1046, 1055, 1077, 1099, 1123, 1152, 1171, 1200, 1223, 1225, 1253, 1273, 1274, 1308, 1331, 1332, 1350, 1385, 1403, 1428, 1442, 1457, 1486, 1499, 1534, 1553, 7, 44
877, 889, 904, 936, 960, 972, 1002, 1013, 1046, 1055, 1077, 1099, 1123, 1152, 1171, 1200, 1223, 1225, 1253, 1273, 1309, 1312, 1333, 1351, 1386, 1401, 1427, 1443, 1459, 1487, 1500, 1533, 1554, 6, 45
877, 889, 904, 936, 960, 972, 1002, 1013, 1046, 1055, 1075, 1100, 1124, 1151, 1170, 1199, 1221, 1226, 1254, 1272, 1310, 1313, 1334, 1352, 1388, 1400, 1426, 1444, 1460, 1488, 1501, 1532, 1535, 5, 22, 46
877, 889, 904, 936, 960, 972, 1002, 1013, 1046, 1055, 1075, 1100, 1124, 1151, 1170, 1199, 1221, 1226, 1254, 1272, 1310, 1313, 1334, 1352, 1388, 1400, 1426, 1444, 1460, 1488, 1501, 1532, 1535, 5, 23, 47
877, 889, 904, 936, 960, 972, 1002, 1013, 1046, 1055, 1075, 1100, 1124, 1151, 1170, 1199, 1221, 1226, 1254, 1272, 1310, 1313, 1334, 1352, 1388, 1400, 1426, 1444, 1460, 1488, 1501, 1531, 1536, 4, 24, 48
877, 876, 890, 902, 937, 959, 973, 1004, 1014, 1047, 1057, 1079, 1102, 1125, 1150, 1169, 1196, 1219, 1229, 1256, 1269, 1291, 1315, 1336, 1354, 1370, 1398, 1424, 1448, 1462, 1491, 1503, 1530, 1537, 3, 25, 49
877, 876, 890, 902, 937, 959, 973, 1004, 1014, 1047, 1057, 1079, 1102, 1125, 1150, 1169, 1196, 1219, 1229, 1256, 1268, 1292, 1316, 1337, 1355, 1371, 1396, 1423, 1449, 1463, 1493, 1504, 1529, 1538, 0, 26, 50
877, 876, 890, 902, 937, 959, 973, 1004, 1014, 1047, 1057, 1079, 1102, 1125, 1150, 1169, 1196, 1219, 1229, 1256, 1268, 1292, 1316, 1337, 1355, 1371, 1396, 1423, 1449, 1463, 1493, 1504, 1529, 1538, 0, 26, 51
877, 876, 890, 902, 937, 959, 973, 1004, 1014, 1047, 1057, 1079, 1102, 1125, 1150, 1169, 1196, 1219, 1229, 1256, 1268, 1292, 1316, 1337, 1355, 1371, 1396, 1423, 1449, 1463, 1493, 1505, 1528, 1539, 21, 27, 52
877, 876, 890, 902, 937, 959, 973, 1004, 1014, 1047, 1057, 1079, 1102, 1125, 1150, 1169, 1196, 1219, 1229, 1256, 1268, 1292, 1316, 1337, 1355, 1371, 1396, 1423, 1449, 1463, 1493, 1505, 1528, 1539, 21, 28, 29, 53
877, 876, 890, 902, 937, 959, 973, 1004, 1016, 1049, 1059, 1081, 1104, 1127, 1148, 1167, 1194, 1217, 1231, 1259, 1289, 1294, 1317, 1338, 1357, 1358, 1374, 1392, 1420, 1431, 1467, 1475, 1508, 1526, 1541, 18, 30, 54
877, 876, 890, 902, 937, 959, 973, 1004, 1016, 1049, 1059, 1081, 1104, 1127, 1148, 1167, 1194, 1217, 1231, 1259, 1289, 1294, 1317, 1338, 1357, 1358, 1374, 1392, 1419, 1432, 1468, 1476, 1509, 1525, 1542, 17, 31, 55
877, 876, 890, 902, 937, 959, 973, 1004, 1016, 1049, 1059, 1081, 1104, 1127, 1148, 1167, 1194, 1217, 1231, 1259, 1289, 1294, 1317, 1338, 1357, 1358, 1374, 1392, 1419, 1432, 1468, 1476, 1509, 1525, 1542, 17, 31, 55, 56
877, 876, 890, 902, 937, 959, 973, 1004, 1016, 1049, 1059, 1081, 1104, 1127, 1148, 1167, 1194, 1217, 1231, 1259, 1289, 1294, 1317, 1338, 1357, 1358, 1374, 1392, 1419, 1432, 1468, 1476, 1509, 1524, 1523, 1522, 1544, 15, 34, 57
877, 876, 890, 902, 937, 959, 973, 1004, 1016, 1049, 1059, 1081, 1104, 1127, 1148, 1167, 1194, 1217, 1231, 1259, 1289, 1294, 1317, 1338, 1357, 1358, 1374, 1392, 1419, 1432, 1468, 1469, 1470, 1479, 1512, 1520, 1545, 14, 35, 58
877, 876, 890, 902, 937, 959, 973, 1004, 1016, 1049, 1059, 1081, 1104, 1127, 1148, 1167, 1194, 1217, 1231, 1259, 1289, 1294, 1317, 1338, 1357, 1358, 1374, 1392, 1419, 1432, 1468, 1469, 1470, 1479, 1512, 1520, 1545, 14, 13, 36, 59
877, 876, 890, 902, 937, 959, 973, 1004, 1016, 1049, 1059, 1081, 1104, 1127, 1148, 1167, 1194, 1217, 1231, 1259, 1289, 1294, 1317, 1338, 1357, 1358, 1374, 1392, 1419, 1432, 1468, 1469, 1470, 1479, 1512, 1520, 1519, 1548, 12, 37, 60
877, 876, 890, 902, 937, 959, 973, 1004, 1016, 1049, 1059, 1081, 1104, 1127, 1148, 1167, 1194, 1217, 1231, 1259, 1289, 1294, 1317, 1338, 1357, 1358, 1374, 1392, 1419, 1432, 1468, 1469, 1470, 1479, 1512, 1520, 1519, 1548, 12, 38, 61
877, 889, 888, 906, 935, 961, 971, 1001, 1012, 1045, 1054, 1094, 1097, 1096, 1120, 1155, 1174, 1180, 1203, 1245, 1251, 1276, 1307, 1329, 1349, 1369, 1384, 1404, 1430, 1441, 1456, 1485, 1498, 1514, 1552, 9, 43, 42, 41, 63, 62
877, 889, 888, 906, 935, 961, 971, 1001, 1012, 1045, 1054, 1094, 1097, 1096, 1120, 1155, 1174, 1180, 1203, 1245, 1251, 1276, 1307, 1329, 1349, 1369, 1384, 1404, 1430, 1441, 1456, 1485, 1498, 1514, 1552, 9, 43, 42, 41, 63
877, 889, 888, 906, 935, 961, 971, 1001, 1012, 1045, 1054, 1094, 1097, 1096, 1120, 1155, 1174, 1180, 1203, 1245, 1251, 1276, 1307, 1329, 1349, 1369, 1384, 1404, 1430, 1441, 1456, 1485, 1498, 1514, 1552, 9, 43, 42, 64
877, 889, 904, 936, 960, 972, 1002, 1013, 1046, 1055, 1077, 1099, 1123, 1152, 1171, 1200, 1223, 1225, 1253, 1273, 1274, 1308, 1331, 1332, 1350, 1385, 1403, 1428, 1442, 1457, 1486, 1499, 1534, 1553, 7, 44, 66, 65
877, 889, 904, 936, 960, 972, 1002, 1013, 1046, 1055, 1077, 1099, 1123, 1152, 1171, 1200, 1223, 1225, 1253, 1273, 1274, 1308, 1331, 1332, 1350, 1385, 1403, 1428, 1442, 1457, 1486, 1499, 1534, 1553, 7, 44, 66
877, 889, 904, 936, 960, 972, 1002, 1013, 1046, 1055, 1077, 1099, 1123, 1152, 1171, 1200, 1223, 1225, 1253, 1273, 1309, 1312, 1333, 1351, 1386, 1401, 1427, 1443, 1459, 1487, 1500, 1533, 1554, 6, 45, 67
877, 889, 904, 936, 960, 972, 1002, 1013, 1046, 1055, 1075, 1100, 1124, 1151, 1170, 1199, 1221, 1226, 1254, 1272, 1310, 1313, 1334, 1352, 1388, 1400, 1426, 1444, 1460, 1488, 1501, 1532, 1535, 5, 23, 47, 88, 68
877, 889, 904, 936, 960, 972, 1002, 1013, 1046, 1055, 1077, 1099, 1123, 1152, 1171, 1200, 1223, 1225, 1253, 1273, 1309, 1312, 1333, 1351, 1386, 1401, 1427, 1443, 1459, 1487, 1500, 1533, 1554, 6, 45, 67, 69
877, 889, 904, 936, 960, 972, 1002, 1013, 1046, 1055, 1077, 1099, 1123, 1152, 1171, 1200, 1223, 1225, 1253, 1273, 1274, 1308, 1331, 1332, 1350, 1385, 1403, 1428, 1442, 1457, 1486, 1499, 1534, 1553, 7, 44, 66, 70
877, 889, 904, 936, 960, 972, 1002, 1013, 1046, 1055, 1077, 1099, 1123, 1152, 1171, 1200, 1223, 1225, 1253, 1273, 1274, 1308, 1331, 1332, 1350, 1385, 1403, 1428, 1442, 1457, 1486, 1499, 1534, 1553, 7, 44, 66, 71
877, 889, 904, 936, 960, 972, 1002, 1013, 1046, 1055, 1077, 1099, 1123, 1152, 1171, 1200, 1223, 1225, 1253, 1273, 1274, 1308, 1331, 1332, 1350, 1385, 1403, 1428, 1442, 1457, 1486, 1499, 1534, 1553, 7, 44, 66, 71, 72
877, 850, 849, 808, 782, 781, 780, 773, 772, 742, 728, 717, 689, 671, 639, 624, 610, 579, 563, 534, 519, 503, 477, 443, 420, 413, 412, 385, 361, 362, 343, 311, 304, 281, 247, 222, 206, 198, 168, 152, 120, 95, 73
877, 850, 849, 808, 782, 781, 780, 773, 772, 742, 728, 717, 689, 671, 639, 624, 610, 579, 563, 534, 519, 503, 477, 443, 420, 413, 412, 385, 361, 362, 343, 311, 304, 281, 247, 222, 206, 198, 168, 152, 120, 95, 73, 74
877, 876, 890, 902, 937, 959, 973, 1004, 1016, 1049, 1059, 1081, 1104, 1127, 1148, 1167, 1194, 1217, 1231, 1259, 1289, 1294, 1317, 1338, 1357, 1358, 1374, 1392, 1419, 1432, 1468, 1469, 1470, 1479, 1512, 1520, 1545, 14, 35, 58, 76, 75
877, 876, 890, 902, 937, 959, 973, 1004, 1016, 1049, 1059, 1081, 1104, 1127, 1148, 1167, 1194, 1217, 1231, 1259, 1289, 1294, 1317, 1338, 1357, 1358, 1374, 1392, 1419, 1432, 1468, 1469, 1470, 1479, 1512, 1520, 1545, 14, 35, 58, 76
877, 876, 890, 902, 937, 959, 973, 1004, 1016, 1049, 1059, 1081, 1104, 1127, 1148, 1167, 1194, 1217, 1231, 1259, 1289, 1294, 1317, 1338, 1357, 1358, 1374, 1392, 1419, 1432, 1468, 1469, 1470, 1479, 1512, 1520, 1545, 14, 35, 58, 77
877, 876, 890, 902, 937, 959, 973, 1004, 1016, 1049, 1059, 1081, 1104, 1127, 1148, 1167, 1194, 1217, 1231, 1259, 1289, 1294, 1317, 1338, 1357, 1358, 1374, 1392, 1419, 1432, 1468, 1476, 1509, 1524, 1523, 1522, 1544, 15, 34, 57, 78
877, 876, 890, 902, 937, 959, 973, 1004, 1016, 1049, 1059, 1081, 1104, 1127, 1148, 1167, 1194, 1217, 1231, 1259, 1289, 1294, 1317, 1338, 1357, 1358, 1374, 1392, 1419, 1432, 1468, 1476, 1509, 1525, 1542, 17, 31, 55, 56, 79
877, 876, 890, 902, 937, 959, 973, 1004, 1016, 1049, 1059, 1081, 1104, 1127, 1148, 1167, 1194, 1217, 1231, 1259, 1289, 1294, 1317, 1338, 1357, 1358, 1374, 1392, 1419, 1432, 1468, 1476, 1509, 1525, 1542, 17, 31, 55, 56, 80
877, 876, 890, 902, 937, 959, 973, 1004, 1016, 1049, 1059, 1081, 1104, 1127, 1148, 1167, 1194, 1217, 1231, 1259, 1289, 1294, 1317, 1338, 1357, 1358, 1374, 1392, 1419, 1432, 1468, 1476, 1509, 1525, 1542, 17, 31, 55, 81
877, 850, 810, 784, 777, 739, 724, 697, 684, 654, 653, 619, 605, 584, 559, 539, 515, 498, 462, 449, 427, 398, 372, 352, 331, 324, 294, 270, 256, 233, 219, 190, 158, 142, 128, 105, 82
877, 850, 810, 784, 777, 739, 724, 697, 684, 654, 653, 619, 605, 584, 559, 539, 515, 498, 462, 449, 427, 397, 392, 353, 330, 325, 293, 272, 258, 232, 217, 187, 156, 140, 130, 106, 83
877, 876, 890, 902, 937, 959, 973, 1004, 1014, 1047, 1057, 1079, 1102, 1125, 1150, 1169, 1196, 1219, 1229, 1256, 1268, 1292, 1316, 1337, 1355, 1371, 1396, 1423, 1449, 1463, 1493, 1505, 1528, 1539, 21, 27, 52, 84
877, 850, 849, 809, 783, 775, 740, 725, 695, 686, 674, 635, 621, 607, 583, 560, 536, 517, 500, 481, 446, 423, 394, 390, 355, 328, 327, 291, 274, 260, 230, 216, 185, 177, 139, 110, 108, 85
877, 876, 890, 902, 937, 959, 973, 1004, 1014, 1047, 1057, 1079, 1102, 1125, 1150, 1169, 1196, 1219, 1229, 1256, 1269, 1291, 1315, 1336, 1354, 1370, 1398, 1424, 1448, 1462, 1491, 1503, 1530, 1537, 3, 25, 49, 86
877, 889, 904, 936, 960, 972, 1002, 1013, 1046, 1055, 1075, 1100, 1124, 1151, 1170, 1199, 1221, 1226, 1254, 1272, 1310, 1313, 1334, 1352, 1388, 1400, 1426, 1444, 1460, 1488, 1501, 1532, 1535, 5, 22, 46, 87
877, 889, 904, 936, 960, 972, 1002, 1013, 1046, 1055, 1075, 1100, 1124, 1151, 1170, 1199, 1221, 1226, 1254, 1272, 1310, 1313, 1334, 1352, 1388, 1400, 1426, 1444, 1460, 1488, 1501, 1532, 1535, 5, 23, 47, 88
877, 876, 890, 902, 937, 959, 973, 1004, 1014, 1047, 1057, 1079, 1102, 1125, 1150, 1169, 1196, 1219, 1229, 1256, 1269, 1291, 1315, 1336, 1354, 1370, 1398, 1424, 1448, 1462, 1491, 1503, 1530, 1537, 3, 25, 49, 86, 89
877, 889, 904, 936, 960, 972, 1002, 1013, 1046, 1055, 1075, 1100, 1124, 1151, 1170, 1199, 1221, 1226, 1254, 1272, 1310, 1313, 1334, 1352, 1388, 1400, 1426, 1444, 1460, 1488, 1501, 1532, 1535, 5, 22, 46, 87, 90
877, 889, 904, 936, 960, 972, 1002, 1013, 1046, 1055, 1075, 1100, 1124, 1151, 1170, 1199, 1221, 1226, 1254, 1272, 1310, 1313, 1334, 1352, 1388, 1400, 1426, 1444, 1460, 1488, 1501, 1532, 1535, 5, 23, 47, 88, 91
877, 889, 904, 936, 960, 972, 1002, 1013, 1046, 1055, 1077, 1099, 1123, 1152, 1171, 1200, 1223, 1225, 1253, 1273, 1309, 1312, 1333, 1351, 1386, 1401, 1427, 1443, 1459, 1487, 1500, 1533, 1554, 6, 45, 67, 69, 92
877, 889, 904, 936, 960, 972, 1002, 1013, 1046, 1055, 1077, 1099, 1123, 1152, 1171, 1200, 1223, 1225, 1253, 1273, 1274, 1308, 1331, 1332, 1350, 1385, 1403, 1428, 1442, 1457, 1486, 1499, 1534, 1553, 7, 44, 66, 71, 93
877, 889, 904, 936, 960, 972, 1002, 1013, 1046, 1055, 1077, 1099, 1123, 1152, 1171, 1200, 1223, 1225, 1253, 1273, 1274, 1308, 1331, 1332, 1350, 1385, 1403, 1428, 1442, 1457, 1486, 1499, 1534, 1553, 7, 44, 66, 71, 93, 94
877, 850, 849, 808, 782, 781, 780, 773, 772, 742, 728, 717, 689, 671, 639, 624, 610, 579, 563, 534, 519, 503, 477, 443, 420, 413, 412, 385, 361, 362, 343, 311, 304, 281, 247, 222, 206, 198, 168, 152, 120, 95
877, 850, 849, 808, 782, 781, 780, 773, 772, 742, 728, 717, 689, 671, 639, 624, 610, 579, 563, 534, 519, 503, 477, 443, 420, 413, 412, 385, 361, 362, 343, 311, 304, 281, 247, 222, 206, 198, 167, 151, 150, 121, 96
877, 876, 890, 902, 937, 959, 973, 1004, 1016, 1049, 1059, 1081, 1104, 1127, 1148, 1167, 1194, 1217, 1231, 1259, 1289, 1294, 1317, 1338, 1357, 1358, 1374, 1392, 1419, 1432, 1468, 1469, 1470, 1479, 1512, 1520, 1545, 14, 35, 58, 76, 99, 98, 97
877, 876, 890, 902, 937, 959, 973, 1004, 1016, 1049, 1059, 1081, 1104, 1127, 1148, 1167, 1194, 1217, 1231, 1259, 1289, 1294, 1317, 1338, 1357, 1358, 1374, 1392, 1419, 1432, 1468, 1469, 1470, 1479, 1512, 1520, 1545, 14, 35, 58, 76, 99, 98
877, 876, 890, 902, 937, 959, 973, 1004, 1016, 1049, 1059, 1081, 1104, 1127, 1148, 1167, 1194, 1217, 1231, 1259, 1289, 1294, 1317, 1338, 1357, 1358, 1374, 1392, 1419, 1432, 1468, 1469, 1470, 1479, 1512, 1520, 1545, 14, 35, 58, 76, 99
877, 876, 875, 852, 811, 785, 778, 757, 722, 701, 681, 658, 650, 615, 600, 587, 555, 541, 513, 495, 464, 451, 429, 400, 401, 375, 371, 336, 320, 298, 267, 253, 237, 199, 193, 163, 147, 124, 100
877, 876, 890, 902, 937, 959, 973, 1004, 1016, 1049, 1059, 1081, 1104, 1127, 1148, 1167, 1194, 1217, 1231, 1259, 1289, 1294, 1317, 1338, 1357, 1358, 1374, 1392, 1419, 1432, 1468, 1476, 1509, 1525, 1542, 17, 31, 55, 56, 80, 102, 101
877, 876, 890, 902, 937, 959, 973, 1004, 1016, 1049, 1059, 1081, 1104, 1127, 1148, 1167, 1194, 1217, 1231, 1259, 1289, 1294, 1317, 1338, 1357, 1358, 1374, 1392, 1419, 1432, 1468, 1476, 1509, 1525, 1542, 17, 31, 55, 56, 80, 102
877, 876, 890, 902, 937, 959, 973, 1004, 1016, 1049, 1059, 1081, 1104, 1127, 1148, 1167, 1194, 1217, 1231, 1259, 1289, 1294, 1317, 1338, 1357, 1358, 1374, 1392, 1419, 1432, 1468, 1476, 1509, 1525, 1542, 17, 31, 55, 56, 80, 103
877, 876, 890, 902, 937, 959, 973, 1004, 1016, 1049, 1059, 1081, 1104, 1127, 1148, 1167, 1194, 1217, 1231, 1259, 1289, 1294, 1317, 1338, 1357, 1358, 1374, 1392, 1419, 1432, 1468, 1476, 1509, 1525, 1542, 17, 31, 55, 81, 104
877, 850, 810, 784, 777, 739, 724, 697, 684, 654, 653, 619, 605, 584, 559, 539, 515, 498, 462, 449, 427, 398, 372, 352, 331, 324, 294, 270, 256, 233, 219, 190, 158, 142, 128, 105
877, 850, 810, 784, 777, 739, 724, 697, 684, 654, 653, 619, 605, 584, 559, 539, 515, 498, 462, 449, 427, 397, 392, 353, 330, 325, 293, 272, 258, 232, 217, 187, 156, 140, 130, 106
877, 850, 849, 809, 783, 775, 740, 725, 695, 686, 674, 635, 621, 607, 583, 560, 536, 517, 500, 481, 446, 423, 394, 390, 355, 328, 327, 291, 274, 260, 230, 216, 185, 177, 139, 110, 107
877, 850, 849, 809, 783, 775, 740, 725, 695, 686, 674, 635, 621, 607, 583, 560, 536, 517, 500, 481, 446, 423, 394, 390, 355, 328, 327, 291, 274, 260, 230, 216, 185, 177, 139, 110, 108
877, 850, 849, 809, 783, 775, 740, 725, 695, 686, 674, 635, 621, 607, 583, 560, 536, 517, 500, 481, 446, 423, 394, 390, 355, 328, 327, 291, 274, 260, 230, 216, 185, 177, 139, 110, 108, 109
877, 850, 849, 809, 783, 775, 740, 725, 695, 686, 674, 635, 621, 607, 583, 560, 536, 517, 500, 481, 446, 423, 394, 390, 355, 328, 327, 291, 274, 260, 230, 216, 185, 177, 139, 110
877, 850, 849, 809, 783, 775, 740, 725, 695, 686, 674, 635, 621, 607, 583, 560, 536, 517, 500, 481, 446, 423, 394, 390, 356, 348, 306, 290, 275, 261, 229, 214, 184, 176, 138, 111
877, 850, 849, 809, 783, 775, 740, 725, 695, 686, 674, 635, 621, 607, 583, 560, 536, 517, 500, 481, 446, 423, 394, 390, 356, 348, 306, 289, 276, 263, 228, 213, 183, 175, 137, 112
877, 850, 849, 809, 783, 775, 740, 725, 695, 686, 674, 635, 621, 607, 583, 560, 536, 517, 500, 481, 446, 423, 394, 390, 356, 348, 306, 289, 276, 263, 228, 213, 183, 175, 137, 113
877, 889, 904, 936, 960, 972, 1002, 1013, 1046, 1055, 1075, 1100, 1124, 1151, 1170, 1199, 1221, 1226, 1254, 1272, 1310, 1313, 1334, 1352, 1388, 1400, 1426, 1444, 1460, 1488, 1501, 1532, 1535, 5, 22, 46, 87, 90, 114
877, 889, 904, 936, 960, 972, 1002, 1013, 1046, 1055, 1075, 1100, 1124, 1151, 1170, 1199, 1221, 1226, 1254, 1272, 1310, 1313, 1334, 1352, 1388, 1400, 1426, 1444, 1460, 1488, 1501, 1532, 1535, 5, 23, 47, 88, 91, 115
877, 889, 904, 936, 960, 972, 1002, 1013, 1046, 1055, 1077, 1099, 1123, 1152, 1171, 1200, 1223, 1225, 1253, 1273, 1309, 1312, 1333, 1351, 1386, 1401, 1427, 1443, 1459, 1487, 1500, 1533, 1554, 6, 45, 67, 69, 92, 116
877, 889, 904, 936, 960, 972, 1002, 1013, 1046, 1055, 1077, 1099, 1123, 1152, 1171, 1200, 1223, 1225, 1253, 1273, 1274, 1308, 1331, 1332, 1350, 1385, 1403, 1428, 1442, 1457, 1486, 1499, 1534, 1553, 7, 44, 66, 71, 93, 117
877, 889, 904, 936, 960, 972, 1002, 1013, 1046, 1055, 1077, 1099, 1123, 1152, 1171, 1200, 1223, 1225, 1253, 1273, 1274, 1308, 1331, 1332, 1350, 1385, 1403, 1428, 1442, 1457, 1486, 1499, 1534, 1553, 7, 44, 66, 71, 93, 117, 118
877, 850, 849, 808, 782, 781, 780, 773, 772, 742, 728, 717, 689, 671, 639, 624, 610, 579, 563, 534, 519, 503, 477, 443, 420, 413, 412, 385, 361, 362, 343, 311, 304, 281, 247, 222, 206, 198, 169, 153, 119
877, 850, 849, 808, 782, 781, 780, 773, 772, 742, 728, 717, 689, 671, 639, 624, 610, 579, 563, 534, 519, 503, 477, 443, 420, 413, 412, 385, 361, 362, 343, 311, 304, 281, 247, 222, 206, 198, 168, 152, 120
877, 850, 849, 808, 782, 781, 780, 773, 772, 742, 728, 717, 689, 671, 639, 624, 610, 579, 563, 534, 519, 503, 477, 443, 420, 413, 412, 385, 361, 362, 343, 311, 304, 281, 247, 222, 206, 198, 167, 151, 150, 121
877, 876, 890, 902, 937, 959, 973, 1004, 1016, 1049, 1059, 1081, 1104, 1127, 1148, 1167, 1194, 1217, 1231, 1259, 1289, 1294, 1317, 1338, 1357, 1358, 1374, 1392, 1419, 1432, 1468, 1469, 1470, 1479, 1512, 1520, 1545, 14, 35, 58, 76, 99, 123, 122
877, 876, 890, 902, 937, 959, 973, 1004, 1016, 1049, 1059, 1081, 1104, 1127, 1148, 1167, 1194, 1217, 1231, 1259, 1289, 1294, 1317, 1338, 1357, 1358, 1374, 1392, 1419, 1432, 1468, 1469, 1470, 1479, 1512, 1520, 1545, 14, 35, 58, 76, 99, 123
877, 876, 875, 852, 811, 785, 778, 757, 722, 701, 681, 658, 650, 615, 600, 587, 555, 541, 513, 495, 464, 451, 429, 400, 401, 375, 371, 336, 320, 298, 267, 253, 237, 199, 193, 163, 147, 124
877, 876, 890, 902, 937, 959, 973, 1004, 1016, 1049, 1059, 1081, 1104, 1127, 1148, 1167, 1194, 1217, 1231, 1259, 1289, 1294, 1317, 1338, 1357, 1358, 1374, 1392, 1419, 1432, 1468, 1476, 1509, 1525, 1542, 17, 31, 55, 56, 80, 102, 101, 125
877, 876, 875, 852, 811, 785, 778, 757, 722, 700, 682, 656, 652, 618, 617, 602, 585, 558, 540, 514, 496, 463, 450, 428, 399, 373, 374, 350, 333, 323, 295, 269, 255, 235, 220, 191, 160, 144, 126
877, 850, 810, 784, 777, 739, 724, 697, 684, 654, 653, 619, 605, 584, 559, 539, 515, 498, 462, 449, 427, 398, 372, 352, 331, 324, 294, 270, 256, 233, 219, 190, 159, 143, 127
877, 850, 810, 784, 777, 739, 724, 697, 684, 654, 653, 619, 605, 584, 559, 539, 515, 498, 462, 449, 427, 398, 372, 352, 331, 324, 294, 270, 256, 233, 219, 190, 158, 142, 128
877, 850, 810, 784, 777, 739, 724, 697, 684, 654, 653, 619, 605, 584, 559, 539, 515, 498, 462, 449, 427, 398, 372, 352, 331, 324, 294, 270, 256, 233, 219, 190, 158, 141, 129
877, 850, 810, 784, 777, 739, 724, 697, 684, 654, 653, 619, 605, 584, 559, 539, 515, 498, 462, 449, 427, 397, 392, 353, 330, 325, 293, 272, 258, 232, 217, 187, 156, 140, 130
877, 850, 849, 808, 782, 781, 780, 773, 772, 742, 728, 717, 689, 671, 639, 624, 610, 579, 563, 534, 519, 503, 477, 443, 420, 413, 386, 359, 346, 308, 286, 278, 244, 226, 210, 179, 171, 131
877, 889, 904, 936, 960, 972, 1002, 1013, 1046, 1055, 1077, 1099, 1123, 1152, 1171, 1200, 1223, 1225, 1253, 1273, 1309, 1312, 1333, 1351, 1386, 1401, 1427, 1443, 1459, 1487, 1500, 1533, 1554, 6, 45, 67, 69, 92, 116, 132
877, 850, 849, 809, 783, 775, 740, 725, 695, 686, 674, 635, 621, 607, 583, 560, 536, 517, 500, 481, 446, 423, 394, 390, 356, 348, 306, 289, 276, 263, 228, 227, 212, 181, 172, 133
877, 889, 904, 936, 960, 972, 1002, 1013, 1046, 1055, 1075, 1100, 1124, 1151, 1170, 1199, 1221, 1226, 1254, 1272, 1310, 1313, 1334, 1352, 1388, 1400, 1426, 1444, 1460, 1488, 1501, 1532, 1535, 5, 23, 47, 88, 91, 115, 134
877, 850, 849, 809, 783, 775, 740, 725, 695, 686, 674, 635, 621, 607, 583, 560, 536, 517, 500, 481, 446, 423, 394, 390, 356, 348, 306, 289, 276, 263, 228, 227, 212, 182, 173, 135
877, 850, 849, 809, 783, 775, 740, 725, 695, 686, 674, 635, 621, 607, 583, 560, 536, 517, 500, 481, 446, 423, 394, 390, 356, 348, 306, 289, 276, 263, 228, 227, 212, 182, 173, 136
877, 850, 849, 809, 783, 775, 740, 725, 695, 686, 674, 635, 621, 607, 583, 560, 536, 517, 500, 481, 446, 423, 394, 390, 356, 348, 306, 289, 276, 263, 228, 213, 183, 175, 137
877, 850, 849, 809, 783, 775, 740, 725, 695, 686, 674, 635, 621, 607, 583, 560, 536, 517, 500, 481, 446, 423, 394, 390, 356, 348, 306, 290, 275, 261, 229, 214, 184, 176, 138
877, 850, 849, 809, 783, 775, 740, 725, 695, 686, 674, 635, 621, 607, 583, 560, 536, 517, 500, 481, 446, 423, 394, 390, 355, 328, 327, 291, 274, 260, 230, 216, 185, 177, 139
877, 850, 810, 784, 777, 739, 724, 697, 684, 654, 653, 619, 605, 584, 559, 539, 515, 498, 462, 449, 427, 397, 392, 353, 330, 325, 293, 272, 258, 232, 217, 187, 156, 140
877, 850, 810, 784, 777, 739, 724, 697, 684, 654, 653, 619, 605, 584, 559, 539, 515, 498, 462, 449, 427, 398, 372, 352, 331, 324, 294, 270, 256, 233, 219, 190, 158, 141
877, 850, 810, 784, 777, 739, 724, 697, 684, 654, 653, 619, 605, 584, 559, 539, 515, 498, 462, 449, 427, 398, 372, 352, 331, 324, 294, 270, 256, 233, 219, 190, 158, 142
877, 850, 810, 784, 777, 739, 724, 697, 684, 654, 653, 619, 605, 584, 559, 539, 515, 498, 462, 449, 427, 398, 372, 352, 331, 324, 294, 270, 256, 233, 219, 190, 159, 143
877, 876, 875, 852, 811, 785, 778, 757, 722, 700, 682, 656, 652, 618, 617, 602, 585, 558, 540, 514, 496, 463, 450, 428, 399, 373, 374, 350, 333, 323, 295, 269, 255, 235, 220, 191, 160, 144
877, 876, 875, 852, 811, 785, 778, 757, 722, 700, 682, 656, 652, 618, 617, 602, 585, 558, 540, 514, 496, 463, 450, 428, 399, 373, 374, 350, 333, 323, 295, 269, 255, 254, 236, 221, 192, 161, 145
877, 876, 875, 852, 811, 785, 778, 757, 722, 701, 681, 658, 650, 615, 600, 587, 555, 541, 513, 495, 464, 451, 429, 400, 401, 375, 371, 336, 320, 298, 267, 253, 237, 199, 193, 162, 146
877, 876, 875, 852, 811, 785, 778, 757, 722, 701, 681, 658, 650, 615, 600, 587, 555, 541, 513, 495, 464, 451, 429, 400, 401, 375, 371, 336, 320, 298, 267, 253, 237, 199, 193, 163, 147
877, 876, 875, 852, 811, 785, 778, 757, 722, 701, 681, 658, 650, 615, 600, 587, 588, 553, 543, 510, 493, 466, 455, 432, 402, 376, 370, 337, 319, 299, 266, 252, 238, 200, 194, 164, 148
877, 876, 875, 852, 811, 785, 778, 757, 722, 701, 681, 658, 650, 615, 600, 587, 588, 553, 543, 510, 493, 492, 467, 456, 433, 403, 378, 368, 338, 318, 300, 265, 250, 240, 203, 195, 165, 149
877, 850, 849, 808, 782, 781, 780, 773, 772, 742, 728, 717, 689, 671, 639, 624, 610, 579, 563, 534, 519, 503, 477, 443, 420, 413, 412, 385, 361, 362, 343, 311, 304, 281, 247, 222, 206, 198, 167, 151, 150
877, 850, 849, 808, 782, 781, 780, 773, 772, 742, 728, 717, 689, 671, 639, 624, 610, 579, 563, 534, 519, 503, 477, 443, 420, 413, 412, 385, 361, 362, 343, 311, 304, 281, 247, 222, 206, 198, 167, 151
877, 850, 849, 808, 782, 781, 780, 773, 772, 742, 728, 717, 689, 671, 639, 624, 610, 579, 563, 534, 519, 503, 477, 443, 420, 413, 412, 385, 361, 362, 343, 311, 304, 281, 247, 222, 206, 198, 168, 152
877, 850, 849, 808, 782, 781, 780, 773, 772, 742, 728, 717, 689, 671, 639, 624, 610, 579, 563, 534, 519, 503, 477, 443, 420, 413, 412, 385, 361, 362, 343, 311, 304, 281, 247, 222, 206, 198, 169, 153
877, 850, 849, 808, 782, 781, 780, 773, 772, 742, 728, 717, 689, 671, 639, 624, 610, 579, 563, 534, 519, 503, 477, 443, 420, 413, 412, 385, 361, 362, 343, 311, 304, 281, 247, 222, 206, 198, 169, 153, 154
877, 850, 849, 808, 782, 781, 780, 773, 772, 742, 728, 717, 689, 671, 639, 624, 610, 579, 563, 534, 519, 503, 477, 443, 420, 413, 412, 385, 361, 344, 310, 305, 279, 245, 225, 207, 178, 170, 155
877, 850, 810, 784, 777, 739, 724, 697, 684, 654, 653, 619, 605, 584, 559, 539, 515, 498, 462, 449, 427, 397, 392, 353, 330, 325, 293, 272, 258, 232, 217, 187, 156
877, 850, 810, 784, 777, 739, 724, 697, 684, 654, 653, 619, 605, 584, 559, 539, 515, 498, 462, 449, 427, 397, 392, 353, 330, 325, 293, 272, 258, 232, 218, 189, 157
877, 850, 810, 784, 777, 739, 724, 697, 684, 654, 653, 619, 605, 584, 559, 539, 515, 498, 462, 449, 427, 398, 372, 352, 331, 324, 294, 270, 256, 233, 219, 190, 158
877, 850, 810, 784, 777, 739, 724, 697, 684, 654, 653, 619, 605, 584, 559, 539, 515, 498, 462, 449, 427, 398, 372, 352, 331, 324, 294, 270, 256, 233, 219, 190, 159
877, 876, 875, 852, 811, 785, 778, 757, 722, 700, 682, 656, 652, 618, 617, 602, 585, 558, 540, 514, 496, 463, 450, 428, 399, 373, 374, 350, 333, 323, 295, 269, 255, 235, 220, 191, 160
877, 876, 875, 852, 811, 785, 778, 757, 722, 700, 682, 656, 652, 618, 617, 602, 585, 558, 540, 514, 496, 463, 450, 428, 399, 373, 374, 350, 333, 323, 295, 269, 255, 254, 236, 221, 192, 161
877, 876, 875, 852, 811, 785, 778, 757, 722, 701, 681, 658, 650, 615, 600, 587, 555, 541, 513, 495, 464, 451, 429, 400, 401, 375, 371, 336, 320, 298, 267, 253, 237, 199, 193, 162
877, 876, 875, 852, 811, 785, 778, 757, 722, 701, 681, 658, 650, 615, 600, 587, 555, 541, 513, 495, 464, 451, 429, 400, 401, 375, 371, 336, 320, 298, 267, 253, 237, 199, 193, 163
877, 876, 875, 852, 811, 785, 778, 757, 722, 701, 681, 658, 650, 615, 600, 587, 588, 553, 543, 510, 493, 466, 455, 432, 402, 376, 370, 337, 319, 299, 266, 252, 238, 200, 194, 164
877, 876, 875, 852, 811, 785, 778, 757, 722, 701, 681, 658, 650, 615, 600, 587, 588, 553, 543, 510, 493, 492, 467, 456, 433, 403, 378, 368, 338, 318, 300, 265, 250, 240, 203, 195, 165
877, 850, 849, 808, 782, 781, 780, 773, 772, 742, 728, 717, 689, 671, 639, 624, 610, 579, 563, 534, 519, 503, 477, 443, 420, 413, 412, 385, 361, 362, 343, 311, 304, 281, 247, 222, 206, 198, 167, 166
877, 850, 849, 808, 782, 781, 780, 773, 772, 742, 728, 717, 689, 671, 639, 624, 610, 579, 563, 534, 519, 503, 477, 443, 420, 413, 412, 385, 361, 362, 343, 311, 304, 281, 247, 222, 206, 198, 167
877, 850, 849, 808, 782, 781, 780, 773, 772, 742, 728, 717, 689, 671, 639, 624, 610, 579, 563, 534, 519, 503, 477, 443, 420, 413, 412, 385, 361, 362, 343, 311, 304, 281, 247, 222, 206, 198, 168
877, 850, 849, 808, 782, 781, 780, 773, 772, 742, 728, 717, 689, 671, 639, 624, 610, 579, 563, 534, 519, 503, 477, 443, 420, 413, 412, 385, 361, 362, 343, 311, 304, 281, 247, 222, 206, 198, 169
877, 850, 849, 808, 782, 781, 780, 773, 772, 742, 728, 717, 689, 671, 639, 624, 610, 579, 563, 534, 519, 503, 477, 443, 420, 413, 412, 385, 361, 344, 310, 305, 279, 245, 225, 207, 178, 170
877, 850, 849, 808, 782, 781, 780, 773, 772, 742, 728, 717, 689, 671, 639, 624, 610, 579, 563, 534, 519, 503, 477, 443, 420, 413, 386, 359, 346, 308, 286, 278, 244, 226, 210, 179, 171
877, 850, 849, 809, 783, 775, 740, 725, 695, 686, 674, 635, 621, 607, 583, 560, 536, 517, 500, 481, 446, 423, 394, 390, 356, 348, 306, 289, 276, 263, 228, 227, 212, 181, 172
877, 850, 849, 809, 783, 775, 740, 725, 695, 686, 674, 635, 621, 607, 583, 560, 536, 517, 500, 481, 446, 423, 394, 390, 356, 348, 306, 289, 276, 263, 228, 227, 212, 182, 173
877, 850, 849, 809, 783, 775, 740, 725, 695, 686, 674, 635, 621, 607, 583, 560, 536, 517, 500, 481, 446, 423, 394, 390, 356, 348, 306, 289, 276, 263, 228, 213, 183, 175, 174
877, 850, 849, 809, 783, 775, 740, 725, 695, 686, 674, 635, 621, 607, 583, 560, 536, 517, 500, 481, 446, 423, 394, 390, 356, 348, 306, 289, 276, 263, 228, 213, 183, 175
877, 850, 849, 809, 783, 775, 740, 725, 695, 686, 674, 635, 621, 607, 583, 560, 536, 517, 500, 481, 446, 423, 394, 390, 356, 348, 306, 290, 275, 261, 229, 214, 184, 176
877, 850, 849, 809, 783, 775, 740, 725, 695, 686, 674, 635, 621, 607, 583, 560, 536, 517, 500, 481, 446, 423, 394, 390, 355, 328, 327, 291, 274, 260, 230, 216, 185, 177
877, 850, 849, 808, 782, 781, 780, 773, 772, 742, 728, 717, 689, 671, 639, 624, 610, 579, 563, 534, 519, 503, 477, 443, 420, 413, 412, 385, 361, 344, 310, 305, 279, 245, 225, 207, 178
877, 850, 849, 808, 782, 781, 780, 773, 772, 742, 728, 717, 689, 671, 639, 624, 610, 579, 563, 534, 519, 503, 477, 443, 420, 413, 386, 359, 346, 308, 286, 278, 244, 226, 210, 179
877, 850, 849, 809, 783, 775, 740, 725, 695, 686, 674, 635, 621, 607, 583, 560, 536, 517, 500, 481, 446, 423, 394, 390, 356, 348, 306, 289, 276, 263, 228, 227, 212, 181, 180
877, 850, 849, 809, 783, 775, 740, 725, 695, 686, 674, 635, 621, 607, 583, 560, 536, 517, 500, 481, 446, 423, 394, 390, 356, 348, 306, 289, 276, 263, 228, 227, 212, 181
877, 850, 849, 809, 783, 775, 740, 725, 695, 686, 674, 635, 621, 607, 583, 560, 536, 517, 500, 481, 446, 423, 394, 390, 356, 348, 306, 289, 276, 263, 228, 227, 212, 182
877, 850, 849, 809, 783, 775, 740, 725, 695, 686, 674, 635, 621, 607, 583, 560, 536, 517, 500, 481, 446, 423, 394, 390, 356, 348, 306, 289, 276, 263, 228, 213, 183
877, 850, 849, 809, 783, 775, 740, 725, 695, 686, 674, 635, 621, 607, 583, 560, 536, 517, 500, 481, 446, 423, 394, 390, 356, 348, 306, 290, 275, 261, 229, 214, 184
877, 850, 849, 809, 783, 775, 740, 725, 695, 686, 674, 635, 621, 607, 583, 560, 536, 517, 500, 481, 446, 423, 394, 390, 355, 328, 327, 291, 274, 260, 230, 216, 185
877, 850, 849, 809, 783, 775, 740, 725, 695, 686, 674, 635, 621, 607, 583, 560, 536, 517, 500, 481, 446, 423, 394, 390, 355, 328, 327, 291, 274, 260, 230, 216, 186
877, 850, 810, 784, 777, 739, 724, 697, 684, 654, 653, 619, 605, 584, 559, 539, 515, 498, 462, 449, 427, 397, 392, 353, 330, 325, 293, 272, 258, 232, 217, 187
877, 850, 810, 784, 777, 739, 724, 697, 684, 654, 653, 619, 605, 584, 559, 539, 515, 498, 462, 449, 427, 397, 392, 353, 330, 325, 293, 272, 258, 232, 217, 188
877, 850, 810, 784, 777, 739, 724, 697, 684, 654, 653, 619, 605, 584, 559, 539, 515, 498, 462, 449, 427, 397, 392, 353, 330, 325, 293, 272, 258, 232, 218, 189
877, 850, 810, 784, 777, 739, 724, 697, 684, 654, 653, 619, 605, 584, 559, 539, 515, 498, 462, 449, 427, 398, 372, 352, 331, 324, 294, 270, 256, 233, 219, 190
877, 876, 875, 852, 811, 785, 778, 757, 722, 700, 682, 656, 652, 618, 617, 602, 585, 558, 540, 514, 496, 463, 450, 428, 399, 373, 374, 350, 333, 323, 295, 269, 255, 235, 220, 191
877, 876, 875, 852, 811, 785, 778, 757, 722, 700, 682, 656, 652, 618, 617, 602, 585, 558, 540, 514, 496, 463, 450, 428, 399, 373, 374, 350, 333, 323, 295, 269, 255, 254, 236, 221, 192
877, 876, 875, 852, 811, 785, 778, 757, 722, 701, 681, 658, 650, 615, 600, 587, 555, 541, 513, 495, 464, 451, 429, 400, 401, 375, 371, 336, 320, 298, 267, 253, 237, 199, 193
877, 876, 875, 852, 811, 785, 778, 757, 722, 701, 681, 658, 650, 615, 600, 587, 588, 553, 543, 510, 493, 466, 455, 432, 402, 376, 370, 337, 319, 299, 266, 252, 238, 200, 194
877, 876, 875, 852, 811, 785, 778, 757, 722, 701, 681, 658, 650, 615, 600, 587, 588, 553, 543, 510, 493, 492, 467, 456, 433, 403, 378, 368, 338, 318, 300, 265, 250, 240, 203, 195
877, 850, 849, 808, 782, 781, 780, 773, 772, 742, 728, 717, 716, 690, 670, 669, 641, 626, 612, 577, 565, 532, 523, 524, 485, 473, 461, 416, 409, 383, 382, 364, 341, 314, 302, 283, 248, 241, 204, 196
877, 850, 849, 808, 782, 781, 780, 773, 772, 742, 728, 717, 689, 671, 639, 624, 610, 579, 563, 534, 519, 503, 477, 443, 420, 413, 412, 385, 361, 362, 343, 311, 304, 281, 247, 222, 206, 205, 197
877, 850, 849, 808, 782, 781, 780, 773, 772, 742, 728, 717, 689, 671, 639, 624, 610, 579, 563, 534, 519, 503, 477, 443, 420, 413, 412, 385, 361, 362, 343, 311, 304, 281, 247, 222, 206, 198
877, 876, 875, 852, 811, 785, 778, 757, 722, 701, 681, 658, 650, 615, 600, 587, 555, 541, 513, 495, 464, 451, 429, 400, 401, 375, 371, 336, 320, 298, 267, 253, 237, 199
