904, 936, 937, 959, 973, 1004, 1014, 1047, 1057, 1079, 1102, 1125, 1150, 1169, 1196, 1219, 1229, 1256, 1268, 1292, 1316, 1337, 1355, 1371, 1396, 1423, 1449, 1463, 1493, 1504, 1529, 1538, 0
904, 936, 937, 959, 973, 1004, 1014, 1047, 1057, 1079, 1102, 1125, 1150, 1169, 1196, 1219, 1229, 1256, 1268, 1292, 1316, 1337, 1355, 1371, 1396, 1423, 1449, 1463, 1493, 1504, 1529, 1538, 1
904, 936, 960, 972, 1002, 1013, 1046, 1055, 1075, 1100, 1124, 1151, 1170, 1199, 1221, 1226, 1254, 1272, 1310, 1313, 1334, 1352, 1389, 1399, 1425, 1445, 1461, 1490, 1491, 1503, 1530, 1537, 2
904, 936, 960, 972, 1002, 1013, 1046, 1055, 1075, 1100, 1124, 1151, 1170, 1199, 1221, 1226, 1254, 1272, 1310, 1313, 1334, 1352, 1389, 1399, 1425, 1445, 1461, 1490, 1491, 1503, 1530, 1537, 3
904, 936, 960, 972, 1002, 1013, 1046, 1055, 1075, 1100, 1124, 1151, 1170, 1199, 1221, 1226, 1254, 1272, 1310, 1313, 1334, 1352, 1388, 1400, 1426, 1444, 1460, 1488, 1501, 1531, 1536, 4
904, 936, 960, 972, 1002, 1013, 1046, 1055, 1075, 1100, 1124, 1151, 1170, 1199, 1221, 1226, 1254, 1272, 1310, 1313, 1334, 1352, 1388, 1400, 1426, 1444, 1460, 1488, 1501, 1532, 1535, 5
904, 936, 960, 972, 1002, 1013, 1046, 1055, 1077, 1099, 1123, 1152, 1171, 1200, 1223, 1225, 1253, 1273, 1309, 1312, 1333, 1351, 1386, 1401, 1427, 1443, 1459, 1487, 1500, 1533, 1554, 6
904, 936, 960, 972, 1002, 1013, 1046, 1055, 1077, 1099, 1123, 1152, 1171, 1200, 1223, 1225, 1253, 1273, 1274, 1308, 1331, 1332, 1350, 1385, 1403, 1428, 1442, 1457, 1486, 1499, 1534, 1553, 7
904, 936, 960, 972, 1002, 1013, 1046, 1055, 1077, 1099, 1123, 1152, 1171, 1200, 1223, 1225, 1253, 1273, 1274, 1308, 1331, 1332, 1350, 1385, 1403, 1428, 1442, 1457, 1486, 1499, 1534, 1553, 7, 8
904, 905, 906, 935, 961, 971, 1001, 1012, 1045, 1054, 1094, 1097, 1096, 1120, 1155, 1174, 1180, 1203, 1245, 1251, 1276, 1307, 1329, 1349, 1369, 1384, 1404, 1430, 1441, 1456, 1485, 1498, 1514, 1552, 9
904, 905, 906, 935, 961, 971, 1001, 1012, 1045, 1054, 1094, 1097, 1096, 1120, 1155, 1174, 1180, 1203, 1245, 1251, 1276, 1307, 1329, 1349, 1369, 1384, 1404, 1430, 1441, 1456, 1485, 1498, 1514, 1552, 1551, 10
904, 905, 906, 935, 961, 971, 1001, 1012, 1045, 1054, 1094, 1097, 1096, 1120, 1155, 1174, 1180, 1203, 1245, 1251, 1276, 1307, 1329, 1349, 1369, 1384, 1404, 1430, 1441, 1456, 1485, 1498, 1514, 1552, 1551, 10, 11
904, 936, 937, 959, 973, 1004, 1016, 1049, 1059, 1081, 1104, 1127, 1148, 1167, 1194, 1217, 1231, 1259, 1289, 1294, 1317, 1338, 1357, 1358, 1374, 1392, 1419, 1432, 1468, 1469, 1470, 1479, 1512, 1520, 1519, 1548, 12
904, 936, 937, 959, 973, 1004, 1016, 1049, 1059, 1081, 1104, 1127, 1148, 1167, 1194, 1217, 1231, 1259, 1289, 1294, 1317, 1338, 1357, 1358, 1374, 1392, 1419, 1432, 1468, 1469, 1470, 1479, 1512, 1520, 1545, 14, 13
904, 936, 937, 959, 973, 1004, 1016, 1049, 1059, 1081, 1104, 1127, 1148, 1167, 1194, 1217, 1231, 1259, 1289, 1294, 1317, 1338, 1357, 1358, 1374, 1392, 1419, 1432, 1468, 1469, 1470, 1479, 1512, 1520, 1545, 14
904, 936, 937, 959, 973, 1004, 1016, 1049, 1059, 1081, 1104, 1127, 1148, 1167, 1194, 1217, 1231, 1259, 1289, 1294, 1317, 1338, 1357, 1358, 1374, 1392, 1419, 1432, 1468, 1476, 1509, 1524, 1523, 1522, 1544, 15
904, 936, 937, 959, 973, 1004, 1016, 1049, 1059, 1081, 1104, 1127, 1148, 1167, 1194, 1217, 1231, 1259, 1289, 1294, 1317, 1338, 1357, 1358, 1374, 1392, 1419, 1432, 1468, 1476, 1509, 1524, 1523, 1543, 16
904, 936, 937, 959, 973, 1004, 1016, 1049, 1059, 1081, 1104, 1127, 1148, 1167, 1194, 1217, 1231, 1259, 1289, 1294, 1317, 1338, 1357, 1358, 1374, 1392, 1419, 1432, 1468, 1476, 1509, 1525, 1542, 17
904, 936, 937, 959, 973, 1004, 1016, 1049, 1059, 1081, 1104, 1127, 1148, 1167, 1194, 1217, 1231, 1259, 1289, 1294, 1317, 1338, 1357, 1358, 1374, 1392, 1420, 1431, 1467, 1475, 1508, 1526, 1541, 18
904, 936, 937, 959, 973, 1004, 1016, 1049, 1059, 1081, 1104, 1127, 1148, 1167, 1194, 1217, 1231, 1259, 1289, 1294, 1317, 1338, 1357, 1358, 1374, 1392, 1420, 1431, 1467, 1475, 1508, 1526, 1541, 19
904, 936, 937, 959, 973, 1004, 1016, 1049, 1059, 1081, 1104, 1127, 1148, 1167, 1194, 1217, 1231, 1259, 1289, 1294, 1317, 1338, 1357, 1358, 1373, 1393, 1421, 1451, 1465, 1474, 1507, 1527, 1540, 20
904, 936, 937, 959, 973, 1004, 1014, 1047, 1057, 1079, 1102, 1125, 1150, 1169, 1196, 1219, 1229, 1256, 1268, 1292, 1316, 1337, 1355, 1371, 1396, 1423, 1449, 1463, 1493, 1505, 1528, 1539, 21
904, 936, 960, 972, 1002, 1013, 1046, 1055, 1075, 1100, 1124, 1151, 1170, 1199, 1221, 1226, 1254, 1272, 1310, 1313, 1334, 1352, 1388, 1400, 1426, 1444, 1460, 1488, 1501, 1532, 1535, 5, 22
904, 936, 960, 972, 1002, 1013, 1046, 1055, 1075, 1100, 1124, 1151, 1170, 1199, 1221, 1226, 1254, 1272, 1310, 1313, 1334, 1352, 1388, 1400, 1426, 1444, 1460, 1488, 1501, 1532, 1535, 5, 23
904, 936, 960, 972, 1002, 1013, 1046, 1055, 1075, 1100, 1124, 1151, 1170, 1199, 1221, 1226, 1254, 1272, 1310, 1313, 1334, 1352, 1388, 1400, 1426, 1444, 1460, 1488, 1501, 1531, 1536, 4, 24
904, 936, 960, 972, 1002, 1013, 1046, 1055, 1075, 1100, 1124, 1151, 1170, 1199, 1221, 1226, 1254, 1272, 1310, 1313, 1334, 1352, 1389, 1399, 1425, 1445, 1461, 1490, 1491, 1503, 1530, 1537, 3, 25
904, 936, 937, 959, 973, 1004, 1014, 1047, 1057, 1079, 1102, 1125, 1150, 1169, 1196, 1219, 1229, 1256, 1268, 1292, 1316, 1337, 1355, 1371, 1396, 1423, 1449, 1463, 1493, 1504, 1529, 1538, 0, 26
904, 936, 937, 959, 973, 1004, 1014, 1047, 1057, 1079, 1102, 1125, 1150, 1169, 1196, 1219, 1229, 1256, 1268, 1292, 1316, 1337, 1355, 1371, 1396, 1423, 1449, 1463, 1493, 1505, 1528, 1539, 21, 27
904, 936, 937, 959, 973, 1004, 1014, 1047, 1057, 1079, 1102, 1125, 1150, 1169, 1196, 1219, 1229, 1256, 1268, 1292, 1316, 1337, 1355, 1371, 1396, 1423, 1449, 1463, 1493, 1505, 1528, 1539, 21, 28
904, 936, 937, 959, 973, 1004, 1014, 1047, 1057, 1079, 1102, 1125, 1150, 1169, 1196, 1219, 1229, 1256, 1268, 1292, 1316, 1337, 1355, 1371, 1396, 1423, 1449, 1463, 1493, 1505, 1528, 1539, 21, 28, 29
904, 936, 937, 959, 973, 1004, 1016, 1049, 1059, 1081, 1104, 1127, 1148, 1167, 1194, 1217, 1231, 1259, 1289, 1294, 1317, 1338, 1357, 1358, 1374, 1392, 1420, 1431, 1467, 1475, 1508, 1526, 1541, 18, 30
904, 936, 937, 959, 973, 1004, 1016, 1049, 1059, 1081, 1104, 1127, 1148, 1167, 1194, 1217, 1231, 1259, 1289, 1294, 1317, 1338, 1357, 1358, 1374, 1392, 1419, 1432, 1468, 1476, 1509, 1525, 1542, 17, 31
904, 936, 937, 959, 973, 1004, 1016, 1049, 1059, 1081, 1104, 1127, 1148, 1167, 1194, 1217, 1231, 1259, 1289, 1294, 1317, 1338, 1357, 1358, 1374, 1392, 1419, 1432, 1468, 1476, 1509, 1524, 1523, 1543, 16, 32
904, 936, 937, 959, 973, 1004, 1016, 1049, 1059, 1081, 1104, 1127, 1148, 1167, 1194, 1217, 1231, 1259, 1289, 1294, 1317, 1338, 1357, 1358, 1374, 1392, 1419, 1432, 1468, 1476, 1509, 1524, 1523, 1522, 1544, 15, 33
904, 936, 937, 959, 973, 1004, 1016, 1049, 1059, 1081, 1104, 1127, 1148, 1167, 1194, 1217, 1231, 1259, 1289, 1294, 1317, 1338, 1357, 1358, 1374, 1392, 1419, 1432, 1468, 1476, 1509, 1524, 1523, 1522, 1544, 15, 34
904, 936, 937, 959, 973, 1004, 1016, 1049, 1059, 1081, 1104, 1127, 1148, 1167, 1194, 1217, 1231, 1259, 1289, 1294, 1317, 1338, 1357, 1358, 1374, 1392, 1419, 1432, 1468, 1469, 1470, 1479, 1512, 1520, 1545, 14, 35
904, 936, 937, 959, 973, 1004, 1016, 1049, 1059, 1081, 1104, 1127, 1148, 1167, 1194, 1217, 1231, 1259, 1289, 1294, 1317, 1338, 1357, 1358, 1374, 1392, 1419, 1432, 1468, 1469, 1470, 1479, 1512, 1520, 1545, 14, 13, 36
904, 936, 937, 959, 973, 1004, 1016, 1049, 1059, 1081, 1104, 1127, 1148, 1167, 1194, 1217, 1231, 1259, 1289, 1294, 1317, 1338, 1357, 1358, 1374, 1392, 1419, 1432, 1468, 1469, 1470, 1479, 1512, 1520, 1519, 1548, 12, 37
904, 905, 906, 935, 961, 971, 1001, 1012, 1045, 1054, 1094, 1097, 1096, 1120, 1155, 1174, 1180, 1203, 1245, 1251, 1276, 1307, 1329, 1349, 1369, 1384, 1404, 1430, 1441, 1456, 1485, 1498, 1514, 1552, 1551, 10, 11, 39, 38
904, 905, 906, 935, 961, 971, 1001, 1012, 1045, 1054, 1094, 1097, 1096, 1120, 1155, 1174, 1180, 1203, 1245, 1251, 1276, 1307, 1329, 1349, 1369, 1384, 1404, 1430, 1441, 1456, 1485, 1498, 1514, 1552, 1551, 10, 11, 39
904, 905, 906, 935, 961, 971, 1001, 1012, 1045, 1054, 1094, 1097, 1096, 1120, 1155, 1174, 1180, 1203, 1245, 1251, 1276, 1307, 1329, 1349, 1369, 1384, 1404, 1430, 1441, 1456, 1485, 1498, 1514, 1552, 1551, 10, 11, 40
904, 905, 906, 935, 961, 971, 1001, 1012, 1045, 1054, 1094, 1097, 1096, 1120, 1155, 1174, 1180, 1203, 1245, 1251, 1276, 1307, 1329, 1349, 1369, 1384, 1404, 1430, 1441, 1456, 1485, 1498, 1514, 1552, 9, 43, 42, 41
904, 905, 906, 935, 961, 971, 1001, 1012, 1045, 1054, 1094, 1097, 1096, 1120, 1155, 1174, 1180, 1203, 1245, 1251, 1276, 1307, 1329, 1349, 1369, 1384, 1404, 1430, 1441, 1456, 1485, 1498, 1514, 1552, 9, 43, 42
904, 905, 906, 935, 961, 971, 1001, 1012, 1045, 1054, 1094, 1097, 1096, 1120, 1155, 1174, 1180, 1203, 1245, 1251, 1276, 1307, 1329, 1349, 1369, 1384, 1404, 1430, 1441, 1456, 1485, 1498, 1514, 1552, 9, 43
904, 936, 960, 972, 1002, 1013, 1046, 1055, 1077, 1099, 1123, 1152, 1171, 1200, 1223, 1225, 1253, 1273, 1274, 1308, 1331, 1332, 1350, 1385, 1403, 1428, 1442, 1457, 1486, 1499, 1534, 1553, 7, 44
904, 936, 960, 972, 1002, 1013, 1046, 1055, 1077, 1099, 1123, 1152, 1171, 1200, 1223, 1225, 1253, 1273, 1309, 1312, 1333, 1351, 1386, 1401, 1427, 1443, 1459, 1487, 1500, 1533, 1554, 6, 45
904, 936, 960, 972, 1002, 1013, 1046, 1055, 1075, 1100, 1124, 1151, 1170, 1199, 1221, 1226, 1254, 1272, 1310, 1313, 1334, 1352, 1388, 1400, 1426, 1444, 1460, 1488, 1501, 1532, 1535, 5, 22, 46
904, 936, 960, 972, 1002, 1013, 1046, 1055, 1075, 1100, 1124, 1151, 1170, 1199, 1221, 1226, 1254, 1272, 1310, 1313, 1334, 1352, 1388, 1400, 1426, 1444, 1460, 1488, 1501, 1532, 1535, 5, 23, 47
904, 936, 960, 972, 1002, 1013, 1046, 1055, 1075, 1100, 1124, 1151, 1170, 1199, 1221, 1226, 1254, 1272, 1310, 1313, 1334, 1352, 1388, 1400, 1426, 1444, 1460, 1488, 1501, 1531, 1536, 4, 24, 48
904, 936, 960, 972, 1002, 1013, 1046, 1055, 1075, 1100, 1124, 1151, 1170, 1199, 1221, 1226, 1254, 1272, 1310, 1313, 1334, 1352, 1388, 1400, 1426, 1444, 1460, 1488, 1501, 1531, 1536, 4, 24, 48, 49
904, 936, 937, 959, 973, 1004, 1014, 1047, 1057, 1079, 1102, 1125, 1150, 1169, 1196, 1219, 1229, 1256, 1268, 1292, 1316, 1337, 1355, 1371, 1396, 1423, 1449, 1463, 1493, 1504, 1529, 1538, 0, 26, 50
904, 936, 937, 959, 973, 1004, 1014, 1047, 1057, 1079, 1102, 1125, 1150, 1169, 1196, 1219, 1229, 1256, 1268, 1292, 1316, 1337, 1355, 1371, 1396, 1423, 1449, 1463, 1493, 1504, 1529, 1538, 0, 26, 51
904, 936, 937, 959, 973, 1004, 1014, 1047, 1057, 1079, 1102, 1125, 1150, 1169, 1196, 1219, 1229, 1256, 1268, 1292, 1316, 1337, 1355, 1371, 1396, 1423, 1449, 1463, 1493, 1505, 1528, 1539, 21, 27, 52
904, 936, 937, 959, 973, 1004, 1014, 1047, 1057, 1079, 1102, 1125, 1150, 1169, 1196, 1219, 1229, 1256, 1268, 1292, 1316, 1337, 1355, 1371, 1396, 1423, 1449, 1463, 1493, 1505, 1528, 1539, 21, 28, 29, 53
904, 936, 937, 959, 973, 1004, 1016, 1049, 1059, 1081, 1104, 1127, 1148, 1167, 1194, 1217, 1231, 1259, 1289, 1294, 1317, 1338, 1357, 1358, 1374, 1392, 1420, 1431, 1467, 1475, 1508, 1526, 1541, 18, 30, 54
904, 936, 937, 959, 973, 1004, 1016, 1049, 1059, 1081, 1104, 1127, 1148, 1167, 1194, 1217, 1231, 1259, 1289, 1294, 1317, 1338, 1357, 1358, 1374, 1392, 1419, 1432, 1468, 1476, 1509, 1525, 1542, 17, 31, 55
904, 936, 937, 959, 973, 1004, 1016, 1049, 1059, 1081, 1104, 1127, 1148, 1167, 1194, 1217, 1231, 1259, 1289, 1294, 1317, 1338, 1357, 1358, 1374, 1392, 1419, 1432, 1468, 1476, 1509, 1525, 1542, 17, 31, 55, 56
904, 936, 937, 959, 973, 1004, 1016, 1049, 1059, 1081, 1104, 1127, 1148, 1167, 1194, 1217, 1231, 1259, 1289, 1294, 1317, 1338, 1357, 1358, 1374, 1392, 1419, 1432, 1468, 1476, 1509, 1524, 1523, 1522, 1544, 15, 34, 57
904, 936, 937, 959, 973, 1004, 1016, 1049, 1059, 1081, 1104, 1127, 1148, 1167, 1194, 1217, 1231, 1259, 1289, 1294, 1317, 1338, 1357, 1358, 1374, 1392, 1419, 1432, 1468, 1469, 1470, 1479, 1512, 1520, 1545, 14, 35, 58
904, 936, 937, 959, 973, 1004, 1016, 1049, 1059, 1081, 1104, 1127, 1148, 1167, 1194, 1217, 1231, 1259, 1289, 1294, 1317, 1338, 1357, 1358, 1374, 1392, 1419, 1432, 1468, 1469, 1470, 1479, 1512, 1520, 1545, 14, 13, 36, 59
904, 936, 937, 959, 973, 1004, 1016, 1049, 1059, 1081, 1104, 1127, 1148, 1167, 1194, 1217, 1231, 1259, 1289, 1294, 1317, 1338, 1357, 1358, 1374, 1392, 1419, 1432, 1468, 1469, 1470, 1479, 1512, 1520, 1519, 1548, 12, 37, 60
904, 905, 906, 935, 961, 971, 1001, 1012, 1045, 1054, 1094, 1097, 1096, 1120, 1155, 1174, 1180, 1203, 1245, 1251, 1276, 1307, 1329, 1349, 1369, 1384, 1404, 1430, 1441, 1456, 1485, 1498, 1514, 1552, 9, 43, 42, 41, 63, 62, 61
904, 905, 906, 935, 961, 971, 1001, 1012, 1045, 1054, 1094, 1097, 1096, 1120, 1155, 1174, 1180, 1203, 1245, 1251, 1276, 1307, 1329, 1349, 1369, 1384, 1404, 1430, 1441, 1456, 1485, 1498, 1514, 1552, 9, 43, 42, 41, 63, 62
904, 905, 906, 935, 961, 971, 1001, 1012, 1045, 1054, 1094, 1097, 1096, 1120, 1155, 1174, 1180, 1203, 1245, 1251, 1276, 1307, 1329, 1349, 1369, 1384, 1404, 1430, 1441, 1456, 1485, 1498, 1514, 1552, 9, 43, 42, 41, 63
904, 905, 906, 935, 961, 971, 1001, 1012, 1045, 1054, 1094, 1097, 1096, 1120, 1155, 1174, 1180, 1203, 1245, 1251, 1276, 1307, 1329, 1349, 1369, 1384, 1404, 1430, 1441, 1456, 1485, 1498, 1514, 1552, 9, 43, 42, 64
904, 936, 960, 972, 1002, 1013, 1046, 1055, 1077, 1099, 1123, 1152, 1171, 1200, 1223, 1225, 1253, 1273, 1274, 1308, 1331, 1332, 1350, 1385, 1403, 1428, 1442, 1457, 1486, 1499, 1534, 1553, 7, 44, 66, 65
904, 936, 960, 972, 1002, 1013, 1046, 1055, 1077, 1099, 1123, 1152, 1171, 1200, 1223, 1225, 1253, 1273, 1274, 1308, 1331, 1332, 1350, 1385, 1403, 1428, 1442, 1457, 1486, 1499, 1534, 1553, 7, 44, 66
904, 936, 960, 972, 1002, 1013, 1046, 1055, 1077, 1099, 1123, 1152, 1171, 1200, 1223, 1225, 1253, 1273, 1309, 1312, 1333, 1351, 1386, 1401, 1427, 1443, 1459, 1487, 1500, 1533, 1554, 6, 45, 67
904, 936, 960, 972, 1002, 1013, 1046, 1055, 1075, 1100, 1124, 1151, 1170, 1199, 1221, 1226, 1254, 1272, 1310, 1313, 1334, 1352, 1388, 1400, 1426, 1444, 1460, 1488, 1501, 1532, 1535, 5, 23, 47, 88, 68
904, 936, 960, 972, 1002, 1013, 1046, 1055, 1077, 1099, 1123, 1152, 1171, 1200, 1223, 1225, 1253, 1273, 1309, 1312, 1333, 1351, 1386, 1401, 1427, 1443, 1459, 1487, 1500, 1533, 1554, 6, 45, 67, 69
904, 936, 960, 972, 1002, 1013, 1046, 1055, 1077, 1099, 1123, 1152, 1171, 1200, 1223, 1225, 1253, 1273, 1274, 1308, 1331, 1332, 1350, 1385, 1403, 1428, 1442, 1457, 1486, 1499, 1534, 1553, 7, 44, 66, 70
904, 936, 960, 972, 1002, 1013, 1046, 1055, 1077, 1099, 1123, 1152, 1171, 1200, 1223, 1225, 1253, 1273, 1274, 1308, 1331, 1332, 1350, 1385, 1403, 1428, 1442, 1457, 1486, 1499, 1534, 1553, 7, 44, 66, 71
904, 936, 960, 972, 1002, 1013, 1046, 1055, 1077, 1099, 1123, 1152, 1171, 1200, 1223, 1225, 1253, 1273, 1274, 1308, 1331, 1332, 1350, 1385, 1403, 1428, 1442, 1457, 1486, 1499, 1534, 1553, 7, 44, 66, 71, 72
904, 905, 906, 935, 961, 971, 1001, 1012, 1045, 1054, 1094, 1097, 1096, 1120, 1155, 1174, 1180, 1203, 1245, 1251, 1276, 1307, 1329, 1349, 1369, 1384, 1404, 1430, 1441, 1456, 1485, 1498, 1514, 1552, 9, 43, 42, 64, 73
904, 905, 906, 935, 961, 971, 1001, 1012, 1045, 1054, 1094, 1097, 1096, 1120, 1155, 1174, 1180, 1203, 1245, 1251, 1276, 1307, 1329, 1349, 1369, 1384, 1404, 1430, 1441, 1456, 1485, 1498, 1514, 1552, 9, 43, 42, 64, 73, 74
904, 936, 937, 959, 973, 1004, 1016, 1049, 1059, 1081, 1104, 1127, 1148, 1167, 1194, 1217, 1231, 1259, 1289, 1294, 1317, 1338, 1357, 1358, 1374, 1392, 1419, 1432, 1468, 1469, 1470, 1479, 1512, 1520, 1545, 14, 35, 58, 76, 75
904, 936, 937, 959, 973, 1004, 1016, 1049, 1059, 1081, 1104, 1127, 1148, 1167, 1194, 1217, 1231, 1259, 1289, 1294, 1317, 1338, 1357, 1358, 1374, 1392, 1419, 1432, 1468, 1469, 1470, 1479, 1512, 1520, 1545, 14, 35, 58, 76
904, 936, 937, 959, 973, 1004, 1016, 1049, 1059, 1081, 1104, 1127, 1148, 1167, 1194, 1217, 1231, 1259, 1289, 1294, 1317, 1338, 1357, 1358, 1374, 1392, 1419, 1432, 1468, 1469, 1470, 1479, 1512, 1520, 1545, 14, 35, 58, 77
904, 936, 937, 959, 973, 1004, 1016, 1049, 1059, 1081, 1104, 1127, 1148, 1167, 1194, 1217, 1231, 1259, 1289, 1294, 1317, 1338, 1357, 1358, 1374, 1392, 1419, 1432, 1468, 1476, 1509, 1524, 1523, 1522, 1544, 15, 34, 57, 78
904, 936, 937, 959, 973, 1004, 1016, 1049, 1059, 1081, 1104, 1127, 1148, 1167, 1194, 1217, 1231, 1259, 1289, 1294, 1317, 1338, 1357, 1358, 1374, 1392, 1419, 1432, 1468, 1476, 1509, 1525, 1542, 17, 31, 55, 56, 79
904, 936, 937, 959, 973, 1004, 1016, 1049, 1059, 1081, 1104, 1127, 1148, 1167, 1194, 1217, 1231, 1259, 1289, 1294, 1317, 1338, 1357, 1358, 1374, 1392, 1419, 1432, 1468, 1476, 1509, 1525, 1542, 17, 31, 55, 56, 80
904, 936, 937, 959, 973, 1004, 1016, 1049, 1059, 1081, 1104, 1127, 1148, 1167, 1194, 1217, 1231, 1259, 1289, 1294, 1317, 1338, 1357, 1358, 1374, 1392, 1419, 1432, 1468, 1476, 1509, 1525, 1542, 17, 31, 55, 81
904, 936, 937, 959, 973, 1004, 1016, 1049, 1059, 1081, 1104, 1127, 1148, 1167, 1194, 1217, 1231, 1259, 1289, 1294, 1317, 1338, 1357, 1358, 1374, 1392, 1420, 1431, 1467, 1475, 1508, 1526, 1541, 18, 30, 54, 82
904, 905, 888, 853, 849, 809, 783, 776, 738, 724, 697, 684, 654, 653, 619, 605, 584, 559, 539, 515, 498, 462, 449, 427, 397, 392, 353, 330, 325, 293, 272, 258, 232, 217, 187, 156, 140, 130, 106, 83
904, 936, 937, 959, 973, 1004, 1014, 1047, 1057, 1079, 1102, 1125, 1150, 1169, 1196, 1219, 1229, 1256, 1268, 1292, 1316, 1337, 1355, 1371, 1396, 1423, 1449, 1463, 1493, 1505, 1528, 1539, 21, 27, 52, 84
904, 936, 937, 959, 973, 1004, 1014, 1047, 1057, 1079, 1102, 1125, 1150, 1169, 1196, 1219, 1229, 1256, 1268, 1292, 1316, 1337, 1355, 1371, 1396, 1423, 1449, 1463, 1493, 1504, 1529, 1538, 0, 26, 50, 85
904, 936, 960, 972, 1002, 1013, 1046, 1055, 1075, 1100, 1124, 1151, 1170, 1199, 1221, 1226, 1254, 1272, 1310, 1313, 1334, 1352, 1388, 1400, 1426, 1444, 1460, 1488, 1501, 1531, 1536, 4, 24, 48, 49, 86
904, 936, 960, 972, 1002, 1013, 1046, 1055, 1075, 1100, 1124, 1151, 1170, 1199, 1221, 1226, 1254, 1272, 1310, 1313, 1334, 1352, 1388, 1400, 1426, 1444, 1460, 1488, 1501, 1532, 1535, 5, 22, 46, 87
904, 936, 960, 972, 1002, 1013, 1046, 1055, 1075, 1100, 1124, 1151, 1170, 1199, 1221, 1226, 1254, 1272, 1310, 1313, 1334, 1352, 1388, 1400, 1426, 1444, 1460, 1488, 1501, 1532, 1535, 5, 23, 47, 88
904, 936, 960, 972, 1002, 1013, 1046, 1055, 1075, 1100, 1124, 1151, 1170, 1199, 1221, 1226, 1254, 1272, 1310, 1313, 1334, 1352, 1388, 1400, 1426, 1444, 1460, 1488, 1501, 1532, 1535, 5, 22, 46, 87, 90, 89
904, 936, 960, 972, 1002, 1013, 1046, 1055, 1075, 1100, 1124, 1151, 1170, 1199, 1221, 1226, 1254, 1272, 1310, 1313, 1334, 1352, 1388, 1400, 1426, 1444, 1460, 1488, 1501, 1532, 1535, 5, 22, 46, 87, 90
904, 936, 960, 972, 1002, 1013, 1046, 1055, 1075, 1100, 1124, 1151, 1170, 1199, 1221, 1226, 1254, 1272, 1310, 1313, 1334, 1352, 1388, 1400, 1426, 1444, 1460, 1488, 1501, 1532, 1535, 5, 23, 47, 88, 91
904, 936, 960, 972, 1002, 1013, 1046, 1055, 1077, 1099, 1123, 1152, 1171, 1200, 1223, 1225, 1253, 1273, 1309, 1312, 1333, 1351, 1386, 1401, 1427, 1443, 1459, 1487, 1500, 1533, 1554, 6, 45, 67, 69, 92
904, 936, 960, 972, 1002, 1013, 1046, 1055, 1077, 1099, 1123, 1152, 1171, 1200, 1223, 1225, 1253, 1273, 1274, 1308, 1331, 1332, 1350, 1385, 1403, 1428, 1442, 1457, 1486, 1499, 1534, 1553, 7, 44, 66, 71, 93
904, 936, 960, 972, 1002, 1013, 1046, 1055, 1077, 1099, 1123, 1152, 1171, 1200, 1223, 1225, 1253, 1273, 1274, 1308, 1331, 1332, 1350, 1385, 1403, 1428, 1442, 1457, 1486, 1499, 1534, 1553, 7, 44, 66, 71, 93, 94
904, 905, 888, 853, 849, 808, 782, 781, 780, 773, 772, 742, 728, 717, 689, 671, 639, 624, 610, 579, 563, 534, 519, 503, 477, 443, 420, 413, 412, 385, 361, 362, 343, 311, 304, 281, 247, 222, 206, 198, 168, 152, 120, 95
904, 905, 888, 853, 849, 808, 782, 781, 780, 773, 772, 742, 728, 717, 689, 671, 639, 624, 610, 579, 563, 534, 519, 503, 477, 443, 420, 413, 412, 385, 361, 362, 343, 311, 304, 281, 247, 222, 206, 198, 167, 151, 150, 121, 96
904, 936, 937, 959, 973, 1004, 1016, 1049, 1059, 1081, 1104, 1127, 1148, 1167, 1194, 1217, 1231, 1259, 1289, 1294, 1317, 1338, 1357, 1358, 1374, 1392, 1419, 1432, 1468, 1469, 1470, 1479, 1512, 1520, 1545, 14, 35, 58, 76, 99, 98, 97
904, 936, 937, 959, 973, 1004, 1016, 1049, 1059, 1081, 1104, 1127, 1148, 1167, 1194, 1217, 1231, 1259, 1289, 1294, 1317, 1338, 1357, 1358, 1374, 1392, 1419, 1432, 1468, 1469, 1470, 1479, 1512, 1520, 1545, 14, 35, 58, 76, 99, 98
904, 936, 937, 959, 973, 1004, 1016, 1049, 1059, 1081, 1104, 1127, 1148, 1167, 1194, 1217, 1231, 1259, 1289, 1294, 1317, 1338, 1357, 1358, 1374, 1392, 1419, 1432, 1468, 1469, 1470, 1479, 1512, 1520, 1545, 14, 35, 58, 76, 99
904, 936, 937, 959, 973, 1004, 1016, 1049, 1059, 1081, 1104, 1127, 1148, 1167, 1194, 1217, 1231, 1259, 1289, 1294, 1317, 1338, 1357, 1358, 1374, 1392, 1419, 1432, 1468, 1469, 1470, 1479, 1512, 1520, 1545, 14, 35, 58, 77, 100
904, 936, 937, 959, 973, 1004, 1016, 1049, 1059, 1081, 1104, 1127, 1148, 1167, 1194, 1217, 1231, 1259, 1289, 1294, 1317, 1338, 1357, 1358, 1374, 1392, 1419, 1432, 1468, 1476, 1509, 1525, 1542, 17, 31, 55, 56, 80, 102, 101
904, 936, 937, 959, 973, 1004, 1016, 1049, 1059, 1081, 1104, 1127, 1148, 1167, 1194, 1217, 1231, 1259, 1289, 1294, 1317, 1338, 1357, 1358, 1374, 1392, 1419, 1432, 1468, 1476, 1509, 1525, 1542, 17, 31, 55, 56, 80, 102
904, 936, 937, 959, 973, 1004, 1016, 1049, 1059, 1081, 1104, 1127, 1148, 1167, 1194, 1217, 1231, 1259, 1289, 1294, 1317, 1338, 1357, 1358, 1374, 1392, 1419, 1432, 1468, 1476, 1509, 1525, 1542, 17, 31, 55, 56, 80, 103
904, 936, 937, 959, 973, 1004, 1016, 1049, 1059, 1081, 1104, 1127, 1148, 1167, 1194, 1217, 1231, 1259, 1289, 1294, 1317, 1338, 1357, 1358, 1374, 1392, 1419, 1432, 1468, 1476, 1509, 1525, 1542, 17, 31, 55, 81, 104
904, 905, 888, 853, 849, 809, 783, 776, 738, 724, 697, 684, 654, 653, 619, 605, 584, 559, 539, 515, 498, 462, 449, 427, 398, 372, 352, 331, 324, 294, 270, 256, 233, 219, 190, 158, 142, 128, 105
904, 905, 888, 853, 849, 809, 783, 776, 738, 724, 697, 684, 654, 653, 619, 605, 584, 559, 539, 515, 498, 462, 449, 427, 397, 392, 353, 330, 325, 293, 272, 258, 232, 217, 187, 156, 140, 130, 106
904, 936, 937, 959, 973, 1004, 1014, 1047, 1057, 1079, 1102, 1125, 1150, 1169, 1196, 1219, 1229, 1256, 1268, 1292, 1316, 1337, 1355, 1371, 1396, 1423, 1449, 1463, 1493, 1505, 1528, 1539, 21, 27, 52, 84, 107
904, 936, 937, 959, 973, 1004, 1014, 1047, 1057, 1079, 1102, 1125, 1150, 1169, 1196, 1219, 1229, 1256, 1268, 1292, 1316, 1337, 1355, 1371, 1396, 1423, 1449, 1463, 1493, 1504, 1529, 1538, 0, 26, 50, 85, 108
904, 936, 937, 959, 973, 1004, 1014, 1047, 1057, 1079, 1102, 1125, 1150, 1169, 1196, 1219, 1229, 1256, 1268, 1292, 1316, 1337, 1355, 1371, 1396, 1423, 1449, 1463, 1493, 1504, 1529, 1538, 0, 26, 50, 85, 109
904, 905, 888, 853, 849, 809, 783, 775, 740, 725, 695, 686, 674, 635, 621, 607, 583, 560, 536, 517, 500, 481, 446, 423, 394, 390, 355, 328, 327, 291, 274, 260, 230, 216, 185, 177, 139, 110
904, 905, 888, 853, 849, 809, 783, 775, 740, 725, 695, 686, 674, 635, 621, 607, 583, 560, 536, 517, 500, 481, 446, 423, 394, 390, 356, 348, 306, 290, 275, 261, 229, 214, 184, 176, 138, 111
904, 936, 960, 972, 1002, 1013, 1046, 1055, 1075, 1100, 1124, 1151, 1170, 1199, 1221, 1226, 1254, 1272, 1310, 1313, 1334, 1352, 1388, 1400, 1426, 1444, 1460, 1488, 1501, 1532, 1535, 5, 22, 46, 87, 90, 89, 112
904, 936, 960, 972, 1002, 1013, 1046, 1055, 1075, 1100, 1124, 1151, 1170, 1199, 1221, 1226, 1254, 1272, 1310, 1313, 1334, 1352, 1388, 1400, 1426, 1444, 1460, 1488, 1501, 1532, 1535, 5, 22, 46, 87, 90, 89, 113
904, 936, 960, 972, 1002, 1013, 1046, 1055, 1075, 1100, 1124, 1151, 1170, 1199, 1221, 1226, 1254, 1272, 1310, 1313, 1334, 1352, 1388, 1400, 1426, 1444, 1460, 1488, 1501, 1532, 1535, 5, 22, 46, 87, 90, 114
904, 936, 960, 972, 1002, 1013, 1046, 1055, 1075, 1100, 1124, 1151, 1170, 1199, 1221, 1226, 1254, 1272, 1310, 1313, 1334, 1352, 1388, 1400, 1426, 1444, 1460, 1488, 1501, 1532, 1535, 5, 23, 47, 88, 91, 115
904, 936, 960, 972, 1002, 1013, 1046, 1055, 1077, 1099, 1123, 1152, 1171, 1200, 1223, 1225, 1253, 1273, 1309, 1312, 1333, 1351, 1386, 1401, 1427, 1443, 1459, 1487, 1500, 1533, 1554, 6, 45, 67, 69, 92, 116
904, 936, 960, 972, 1002, 1013, 1046, 1055, 1077, 1099, 1123, 1152, 1171, 1200, 1223, 1225, 1253, 1273, 1274, 1308, 1331, 1332, 1350, 1385, 1403, 1428, 1442, 1457, 1486, 1499, 1534, 1553, 7, 44, 66, 71, 93, 117
904, 936, 960, 972, 1002, 1013, 1046, 1055, 1077, 1099, 1123, 1152, 1171, 1200, 1223, 1225, 1253, 1273, 1274, 1308, 1331, 1332, 1350, 1385, 1403, 1428, 1442, 1457, 1486, 1499, 1534, 1553, 7, 44, 66, 71, 93, 117, 118
904, 936, 960, 972, 1002, 1013, 1046, 1055, 1077, 1099, 1123, 1152, 1171, 1200, 1223, 1225, 1253, 1273, 1274, 1308, 1331, 1332, 1350, 1385, 1403, 1428, 1442, 1457, 1486, 1499, 1534, 1553, 7, 44, 66, 71, 93, 117, 118, 119
904, 905, 888, 853, 849, 808, 782, 781, 780, 773, 772, 742, 728, 717, 689, 671, 639, 624, 610, 579, 563, 534, 519, 503, 477, 443, 420, 413, 412, 385, 361, 362, 343, 311, 304, 281, 247, 222, 206, 198, 168, 152, 120
904, 905, 888, 853, 849, 808, 782, 781, 780, 773, 772, 742, 728, 717, 689, 671, 639, 624, 610, 579, 563, 534, 519, 503, 477, 443, 420, 413, 412, 385, 361, 362, 343, 311, 304, 281, 247, 222, 206, 198, 167, 151, 150, 121
904, 936, 937, 959, 973, 1004, 1016, 1049, 1059, 1081, 1104, 1127, 1148, 1167, 1194, 1217, 1231, 1259, 1289, 1294, 1317, 1338, 1357, 1358, 1374, 1392, 1419, 1432, 1468, 1469, 1470, 1479, 1512, 1520, 1545, 14, 35, 58, 76, 99, 123, 122
904, 936, 937, 959, 973, 1004, 1016, 1049, 1059, 1081, 1104, 1127, 1148, 1167, 1194, 1217, 1231, 1259, 1289, 1294, 1317, 1338, 1357, 1358, 1374, 1392, 1419, 1432, 1468, 1469, 1470, 1479, 1512, 1520, 1545, 14, 35, 58, 76, 99, 123
904, 936, 937, 959, 973, 1004, 1016, 1049, 1059, 1081, 1104, 1127, 1148, 1167, 1194, 1217, 1231, 1259, 1289, 1294, 1317, 1338, 1357, 1358, 1374, 1392, 1419, 1432, 1468, 1469, 1470, 1479, 1512, 1520, 1545, 14, 35, 58, 77, 100, 124
904, 936, 937, 959, 973, 1004, 1016, 1049, 1059, 1081, 1104, 1127, 1148, 1167, 1194, 1217, 1231, 1259, 1289, 1294, 1317, 1338, 1357, 1358, 1374, 1392, 1419, 1432, 1468, 1476, 1509, 1525, 1542, 17, 31, 55, 56, 80, 102, 101, 125
904, 936, 937, 959, 973, 1004, 1016, 1049, 1059, 1081, 1104, 1127, 1148, 1167, 1194, 1217, 1231, 1259, 1289, 1294, 1317, 1338, 1357, 1358, 1374, 1392, 1419, 1432, 1468, 1476, 1509, 1525, 1542, 17, 31, 55, 56, 80, 103, 126
904, 905, 888, 853, 849, 809, 783, 776, 738, 724, 697, 684, 654, 653, 619, 605, 584, 559, 539, 515, 498, 462, 449, 427, 398, 372, 352, 331, 324, 294, 270, 256, 233, 219, 190, 159, 143, 127
904, 905, 888, 853, 849, 809, 783, 776, 738, 724, 697, 684, 654, 653, 619, 605, 584, 559, 539, 515, 498, 462, 449, 427, 398, 372, 352, 331, 324, 294, 270, 256, 233, 219, 190, 158, 142, 128
904, 905, 888, 853, 849, 809, 783, 776, 738, 724, 697, 684, 654, 653, 619, 605, 584, 559, 539, 515, 498, 462, 449, 427, 398, 372, 352, 331, 324, 294, 270, 256, 233, 219, 190, 158, 141, 129
904, 905, 888, 853, 849, 809, 783, 776, 738, 724, 697, 684, 654, 653, 619, 605, 584, 559, 539, 515, 498, 462, 449, 427, 397, 392, 353, 330, 325, 293, 272, 258, 232, 217, 187, 156, 140, 130
904, 936, 960, 972, 1002, 1013, 1046, 1055, 1077, 1099, 1123, 1152, 1171, 1200, 1223, 1225, 1253, 1273, 1309, 1312, 1333, 1351, 1386, 1401, 1427, 1443, 1459, 1487, 1500, 1533, 1554, 6, 45, 67, 69, 92, 116, 132, 131
904, 936, 960, 972, 1002, 1013, 1046, 1055, 1077, 1099, 1123, 1152, 1171, 1200, 1223, 1225, 1253, 1273, 1309, 1312, 1333, 1351, 1386, 1401, 1427, 1443, 1459, 1487, 1500, 1533, 1554, 6, 45, 67, 69, 92, 116, 132
904, 936, 960, 972, 1002, 1013, 1046, 1055, 1077, 1099, 1123, 1152, 1171, 1200, 1223, 1225, 1253, 1273, 1309, 1312, 1333, 1351, 1386, 1401, 1427, 1443, 1459, 1487, 1500, 1533, 1554, 6, 45, 67, 69, 92, 116, 133
904, 936, 960, 972, 1002, 1013, 1046, 1055, 1075, 1100, 1124, 1151, 1170, 1199, 1221, 1226, 1254, 1272, 1310, 1313, 1334, 1352, 1388, 1400, 1426, 1444, 1460, 1488, 1501, 1532, 1535, 5, 23, 47, 88, 91, 115, 134
904, 936, 960, 972, 1002, 1013, 1046, 1055, 1075, 1100, 1124, 1151, 1170, 1199, 1221, 1226, 1254, 1272, 1310, 1313, 1334, 1352, 1388, 1400, 1426, 1444, 1460, 1488, 1501, 1532, 1535, 5, 22, 46, 87, 90, 114, 135
904, 936, 960, 972, 1002, 1013, 1046, 1055, 1075, 1100, 1124, 1151, 1170, 1199, 1221, 1226, 1254, 1272, 1310, 1313, 1334, 1352, 1388, 1400, 1426, 1444, 1460, 1488, 1501, 1532, 1535, 5, 22, 46, 87, 90, 114, 136
904, 905, 888, 853, 849, 809, 783, 775, 740, 725, 695, 686, 674, 635, 621, 607, 583, 560, 536, 517, 500, 481, 446, 423, 394, 390, 356, 348, 306, 289, 276, 263, 228, 213, 183, 175, 137
904, 905, 888, 853, 849, 809, 783, 775, 740, 725, 695, 686, 674, 635, 621, 607, 583, 560, 536, 517, 500, 481, 446, 423, 394, 390, 356, 348, 306, 290, 275, 261, 229, 214, 184, 176, 138
904, 905, 888, 853, 849, 809, 783, 775, 740, 725, 695, 686, 674, 635, 621, 607, 583, 560, 536, 517, 500, 481, 446, 423, 394, 390, 355, 328, 327, 291, 274, 260, 230, 216, 185, 177, 139
904, 905, 888, 853, 849, 809, 783, 776, 738, 724, 697, 684, 654, 653, 619, 605, 584, 559, 539, 515, 498, 462, 449, 427, 397, 392, 353, 330, 325, 293, 272, 258, 232, 217, 187, 156, 140
904, 905, 888, 853, 849, 809, 783, 776, 738, 724, 697, 684, 654, 653, 619, 605, 584, 559, 539, 515, 498, 462, 449, 427, 398, 372, 352, 331, 324, 294, 270, 256, 233, 219, 190, 158, 141
904, 905, 888, 853, 849, 809, 783, 776, 738, 724, 697, 684, 654, 653, 619, 605, 584, 559, 539, 515, 498, 462, 449, 427, 398, 372, 352, 331, 324, 294, 270, 256, 233, 219, 190, 158, 142
904, 905, 888, 853, 849, 809, 783, 776, 738, 724, 697, 684, 654, 653, 619, 605, 584, 559, 539, 515, 498, 462, 449, 427, 398, 372, 352, 331, 324, 294, 270, 256, 233, 219, 190, 159, 143
904, 889, 877, 876, 875, 852, 811, 785, 778, 757, 722, 700, 682, 656, 652, 618, 617, 602, 585, 558, 540, 514, 496, 463, 450, 428, 399, 373, 374, 350, 333, 323, 295, 269, 255, 235, 220, 191, 160, 144
904, 936, 937, 959, 973, 1004, 1016, 1049, 1059, 1081, 1104, 1127, 1148, 1167, 1194, 1217, 1231, 1259, 1289, 1294, 1317, 1338, 1357, 1358, 1374, 1392, 1419, 1432, 1468, 1476, 1509, 1525, 1542, 17, 31, 55, 56, 80, 102, 101, 125, 145
904, 889, 877, 876, 875, 852, 811, 785, 778, 757, 722, 701, 681, 658, 650, 615, 600, 587, 555, 541, 513, 495, 464, 451, 429, 400, 401, 375, 371, 336, 320, 298, 267, 253, 237, 199, 193, 162, 146
904, 889, 877, 876, 875, 852, 811, 785, 778, 757, 722, 701, 681, 658, 650, 615, 600, 587, 555, 541, 513, 495, 464, 451, 429, 400, 401, 375, 371, 336, 320, 298, 267, 253, 237, 199, 193, 163, 147
904, 936, 937, 959, 973, 1004, 1016, 1049, 1059, 1081, 1104, 1127, 1148, 1167, 1194, 1217, 1231, 1259, 1289, 1294, 1317, 1338, 1357, 1358, 1374, 1392, 1419, 1432, 1468, 1469, 1470, 1479, 1512, 1520, 1545, 14, 35, 58, 76, 99, 123, 148
904, 889, 877, 876, 875, 852, 811, 785, 778, 757, 722, 701, 681, 658, 650, 615, 600, 587, 588, 553, 543, 510, 493, 492, 467, 456, 433, 403, 378, 368, 338, 318, 300, 265, 250, 240, 203, 195, 165, 149
904, 905, 888, 853, 849, 808, 782, 781, 780, 773, 772, 742, 728, 717, 689, 671, 639, 624, 610, 579, 563, 534, 519, 503, 477, 443, 420, 413, 412, 385, 361, 362, 343, 311, 304, 281, 247, 222, 206, 198, 167, 151, 150
904, 905, 888, 853, 849, 808, 782, 781, 780, 773, 772, 742, 728, 717, 689, 671, 639, 624, 610, 579, 563, 534, 519, 503, 477, 443, 420, 413, 412, 385, 361, 362, 343, 311, 304, 281, 247, 222, 206, 198, 167, 151
904, 905, 888, 853, 849, 808, 782, 781, 780, 773, 772, 742, 728, 717, 689, 671, 639, 624, 610, 579, 563, 534, 519, 503, 477, 443, 420, 413, 412, 385, 361, 362, 343, 311, 304, 281, 247, 222, 206, 198, 168, 152
904, 905, 888, 853, 849, 808, 782, 781, 780, 773, 772, 742, 728, 717, 689, 671, 639, 624, 610, 579, 563, 534, 519, 503, 477, 443, 420, 413, 412, 385, 361, 362, 343, 311, 304, 281, 247, 222, 206, 198, 169, 153
904, 936, 960, 972, 1002, 1013, 1046, 1055, 1077, 1099, 1123, 1152, 1171, 1200, 1223, 1225, 1253, 1273, 1274, 1308, 1331, 1332, 1350, 1385, 1403, 1428, 1442, 1457, 1486, 1499, 1534, 1553, 7, 44, 66, 71, 93, 117, 118, 154
904, 936, 960, 972, 1002, 1013, 1046, 1055, 1077, 1099, 1123, 1152, 1171, 1200, 1223, 1225, 1253, 1273, 1274, 1308, 1331, 1332, 1350, 1385, 1403, 1428, 1442, 1457, 1486, 1499, 1534, 1553, 7, 44, 66, 71, 93, 117, 155
904, 905, 888, 853, 849, 809, 783, 776, 738, 724, 697, 684, 654, 653, 619, 605, 584, 559, 539, 515, 498, 462, 449, 427, 397, 392, 353, 330, 325, 293, 272, 258, 232, 217, 187, 156
904, 905, 888, 853, 849, 809, 783, 776, 738, 724, 697, 684, 654, 653, 619, 605, 584, 559, 539, 515, 498, 462, 449, 427, 397, 392, 353, 330, 325, 293, 272, 258, 232, 218, 189, 157
904, 905, 888, 853, 849, 809, 783, 776, 738, 724, 697, 684, 654, 653, 619, 605, 584, 559, 539, 515, 498, 462, 449, 427, 398, 372, 352, 331, 324, 294, 270, 256, 233, 219, 190, 158
904, 905, 888, 853, 849, 809, 783, 776, 738, 724, 697, 684, 654, 653, 619, 605, 584, 559, 539, 515, 498, 462, 449, 427, 398, 372, 352, 331, 324, 294, 270, 256, 233, 219, 190, 159
904, 889, 877, 876, 875, 852, 811, 785, 778, 757, 722, 700, 682, 656, 652, 618, 617, 602, 585, 558, 540, 514, 496, 463, 450, 428, 399, 373, 374, 350, 333, 323, 295, 269, 255, 235, 220, 191, 160
904, 889, 877, 876, 875, 852, 811, 785, 778, 757, 722, 700, 682, 656, 652, 618, 617, 602, 585, 558, 540, 514, 496, 463, 450, 428, 399, 373, 374, 350, 333, 323, 295, 269, 255, 254, 236, 221, 192, 161
904, 889, 877, 876, 875, 852, 811, 785, 778, 757, 722, 701, 681, 658, 650, 615, 600, 587, 555, 541, 513, 495, 464, 451, 429, 400, 401, 375, 371, 336, 320, 298, 267, 253, 237, 199, 193, 162
904, 889, 877, 876, 875, 852, 811, 785, 778, 757, 722, 701, 681, 658, 650, 615, 600, 587, 555, 541, 513, 495, 464, 451, 429, 400, 401, 375, 371, 336, 320, 298, 267, 253, 237, 199, 193, 163
904, 889, 877, 876, 875, 852, 811, 785, 778, 757, 722, 701, 681, 658, 650, 615, 600, 587, 588, 553, 543, 510, 493, 466, 455, 432, 402, 376, 370, 337, 319, 299, 266, 252, 238, 200, 194, 164
904, 889, 877, 876, 875, 852, 811, 785, 778, 757, 722, 701, 681, 658, 650, 615, 600, 587, 588, 553, 543, 510, 493, 492, 467, 456, 433, 403, 378, 368, 338, 318, 300, 265, 250, 240, 203, 195, 165
904, 905, 888, 853, 849, 808, 782, 781, 780, 773, 772, 742, 728, 717, 689, 671, 639, 624, 610, 579, 563, 534, 519, 503, 477, 443, 420, 413, 412, 385, 361, 362, 343, 311, 304, 281, 247, 222, 206, 198, 167, 166
904, 905, 888, 853, 849, 808, 782, 781, 780, 773, 772, 742, 728, 717, 689, 671, 639, 624, 610, 579, 563, 534, 519, 503, 477, 443, 420, 413, 412, 385, 361, 362, 343, 311, 304, 281, 247, 222, 206, 198, 167
904, 905, 888, 853, 849, 808, 782, 781, 780, 773, 772, 742, 728, 717, 689, 671, 639, 624, 610, 579, 563, 534, 519, 503, 477, 443, 420, 413, 412, 385, 361, 362, 343, 311, 304, 281, 247, 222, 206, 198, 168
904, 905, 888, 853, 849, 808, 782, 781, 780, 773, 772, 742, 728, 717, 689, 671, 639, 624, 610, 579, 563, 534, 519, 503, 477, 443, 420, 413, 412, 385, 361, 362, 343, 311, 304, 281, 247, 222, 206, 198, 169
904, 936, 960, 972, 1002, 1013, 1046, 1055, 1077, 1099, 1123, 1152, 1171, 1200, 1223, 1225, 1253, 1273, 1274, 1308, 1331, 1332, 1350, 1385, 1403, 1428, 1442, 1457, 1486, 1499, 1534, 1553, 7, 44, 66, 71, 93, 117, 155, 170
904, 936, 960, 972, 1002, 1013, 1046, 1055, 1077, 1099, 1123, 1152, 1171, 1200, 1223, 1225, 1253, 1273, 1309, 1312, 1333, 1351, 1386, 1401, 1427, 1443, 1459, 1487, 1500, 1533, 1554, 6, 45, 67, 69, 92, 116, 132, 171
904, 936, 960, 972, 1002, 1013, 1046, 1055, 1075, 1100, 1124, 1151, 1170, 1199, 1221, 1226, 1254, 1272, 1310, 1313, 1334, 1352, 1388, 1400, 1426, 1444, 1460, 1488, 1501, 1532, 1535, 5, 23, 47, 88, 91, 115, 134, 172
904, 936, 960, 972, 1002, 1013, 1046, 1055, 1075, 1100, 1124, 1151, 1170, 1199, 1221, 1226, 1254, 1272, 1310, 1313, 1334, 1352, 1388, 1400, 1426, 1444, 1460, 1488, 1501, 1532, 1535, 5, 22, 46, 87, 90, 114, 136, 173
904, 936, 960, 972, 1002, 1013, 1046, 1055, 1075, 1100, 1124, 1151, 1170, 1199, 1221, 1226, 1254, 1272, 1310, 1313, 1334, 1352, 1388, 1400, 1426, 1444, 1460, 1488, 1501, 1532, 1535, 5, 22, 46, 87, 90, 114, 136, 174
904, 905, 888, 853, 849, 809, 783, 775, 740, 725, 695, 686, 674, 635, 621, 607, 583, 560, 536, 517, 500, 481, 446, 423, 394, 390, 356, 348, 306, 289, 276, 263, 228, 213, 183, 175
904, 905, 888, 853, 849, 809, 783, 775, 740, 725, 695, 686, 674, 635, 621, 607, 583, 560, 536, 517, 500, 481, 446, 423, 394, 390, 356, 348, 306, 290, 275, 261, 229, 214, 184, 176
904, 905, 888, 853, 849, 809, 783, 775, 740, 725, 695, 686, 674, 635, 621, 607, 583, 560, 536, 517, 500, 481, 446, 423, 394, 390, 355, 328, 327, 291, 274, 260, 230, 216, 185, 177
904, 905, 888, 853, 849, 808, 782, 781, 780, 773, 772, 742, 728, 717, 689, 671, 639, 624, 610, 579, 563, 534, 519, 503, 477, 443, 420, 413, 412, 385, 361, 344, 310, 305, 279, 245, 225, 207, 178
904, 936, 960, 972, 1002, 1013, 1046, 1055, 1077, 1099, 1123, 1152, 1171, 1200, 1223, 1225, 1253, 1273, 1309, 1312, 1333, 1351, 1386, 1401, 1427, 1443, 1459, 1487, 1500, 1533, 1554, 6, 45, 67, 69, 92, 116, 132, 171, 179
904, 936, 960, 972, 1002, 1013, 1046, 1055, 1075, 1100, 1124, 1151, 1170, 1199, 1221, 1226, 1254, 1272, 1310, 1313, 1334, 1352, 1388, 1400, 1426, 1444, 1460, 1488, 1501, 1532, 1535, 5, 23, 47, 88, 91, 115, 134, 172, 180
904, 936, 960, 972, 1002, 1013, 1046, 1055, 1075, 1100, 1124, 1151, 1170, 1199, 1221, 1226, 1254, 1272, 1310, 1313, 1334, 1352, 1388, 1400, 1426, 1444, 1460, 1488, 1501, 1532, 1535, 5, 23, 47, 88, 91, 115, 134, 172, 181
904, 936, 960, 972, 1002, 1013, 1046, 1055, 1075, 1100, 1124, 1151, 1170, 1199, 1221, 1226, 1254, 1272, 1310, 1313, 1334, 1352, 1388, 1400, 1426, 1444, 1460, 1488, 1501, 1532, 1535, 5, 22, 46, 87, 90, 114, 136, 173, 182
904, 905, 888, 853, 849, 809, 783, 775, 740, 725, 695, 686, 674, 635, 621, 607, 583, 560, 536, 517, 500, 481, 446, 423, 394, 390, 356, 348, 306, 289, 276, 263, 228, 213, 183
904, 905, 888, 853, 849, 809, 783, 775, 740, 725, 695, 686, 674, 635, 621, 607, 583, 560, 536, 517, 500, 481, 446, 423, 394, 390, 356, 348, 306, 290, 275, 261, 229, 214, 184
904, 905, 888, 853, 849, 809, 783, 775, 740, 725, 695, 686, 674, 635, 621, 607, 583, 560, 536, 517, 500, 481, 446, 423, 394, 390, 355, 328, 327, 291, 274, 260, 230, 216, 185
904, 905, 888, 853, 849, 809, 783, 775, 740, 725, 695, 686, 674, 635, 621, 607, 583, 560, 536, 517, 500, 481, 446, 423, 394, 390, 355, 328, 327, 291, 274, 260, 230, 216, 186
904, 905, 888, 853, 849, 809, 783, 776, 738, 724, 697, 684, 654, 653, 619, 605, 584, 559, 539, 515, 498, 462, 449, 427, 397, 392, 353, 330, 325, 293, 272, 258, 232, 217, 187
904, 905, 888, 853, 849, 809, 783, 776, 738, 724, 697, 684, 654, 653, 619, 605, 584, 559, 539, 515, 498, 462, 449, 427, 397, 392, 353, 330, 325, 293, 272, 258, 232, 217, 188
904, 905, 888, 853, 849, 809, 783, 776, 738, 724, 697, 684, 654, 653, 619, 605, 584, 559, 539, 515, 498, 462, 449, 427, 397, 392, 353, 330, 325, 293, 272, 258, 232, 218, 189
904, 905, 888, 853, 849, 809, 783, 776, 738, 724, 697, 684, 654, 653, 619, 605, 584, 559, 539, 515, 498, 462, 449, 427, 398, 372, 352, 331, 324, 294, 270, 256, 233, 219, 190
904, 889, 877, 876, 875, 852, 811, 785, 778, 757, 722, 700, 682, 656, 652, 618, 617, 602, 585, 558, 540, 514, 496, 463, 450, 428, 399, 373, 374, 350, 333, 323, 295, 269, 255, 235, 220, 191
904, 889, 877, 876, 875, 852, 811, 785, 778, 757, 722, 700, 682, 656, 652, 618, 617, 602, 585, 558, 540, 514, 496, 463, 450, 428, 399, 373, 374, 350, 333, 323, 295, 269, 255, 254, 236, 221, 192
904, 889, 877, 876, 875, 852, 811, 785, 778, 757, 722, 701, 681, 658, 650, 615, 600, 587, 555, 541, 513, 495, 464, 451, 429, 400, 401, 375, 371, 336, 320, 298, 267, 253, 237, 199, 193
904, 889, 877, 876, 875, 852, 811, 785, 778, 757, 722, 701, 681, 658, 650, 615, 600, 587, 588, 553, 543, 510, 493, 466, 455, 432, 402, 376, 370, 337, 319, 299, 266, 252, 238, 200, 194
904, 889, 877, 876, 875, 852, 811, 785, 778, 757, 722, 701, 681, 658, 650, 615, 600, 587, 588, 553, 543, 510, 493, 492, 467, 456, 433, 403, 378, 368, 338, 318, 300, 265, 250, 240, 203, 195
904, 905, 888, 853, 849, 808, 782, 781, 780, 773, 772, 742, 728, 717, 716, 690, 670, 669, 641, 626, 612, 577, 565, 532, 523, 524, 485, 473, 461, 416, 409, 383, 382, 364, 341, 314, 302, 283, 248, 241, 204, 196
904, 905, 888, 853, 849, 808, 782, 781, 780, 773, 772, 742, 728, 717, 689, 671, 639, 624, 610, 579, 563, 534, 519, 503, 477, 443, 420, 413, 412, 385, 361, 362, 343, 311, 304, 281, 247, 222, 206, 205, 197
904, 905, 888, 853, 849, 808, 782, 781, 780, 773, 772, 742, 728, 717, 689, 671, 639, 624, 610, 579, 563, 534, 519, 503, 477, 443, 420, 413, 412, 385, 361, 362, 343, 311, 304, 281, 247, 222, 206, 198
904, 889, 877, 876, 875, 852, 811, 785, 778, 757, 722, 701, 681, 658, 650, 615, 600, 587, 555, 541, 513, 495, 464, 451, 429, 400, 401, 375, 371, 336, 320, 298, 267, 253, 237, 199
