917, 916, 915, 928, 927, 926, 925, 924, 923, 922, 956, 977, 993, 1019, 1034, 1067, 1075, 1097, 1121, 1144, 1171, 1190, 1220, 1241, 1246, 1274, 1305, 1330, 1333, 1354, 1372, 1408, 1419, 1446, 1465, 1479, 1508, 1521, 1552, 0
917, 929, 962, 961, 982, 997, 996, 1017, 1038, 1070, 1080, 1100, 1099, 1123, 1147, 1169, 1188, 1217, 1239, 1249, 1276, 1307, 1311, 1335, 1356, 1374, 1390, 1417, 1418, 1445, 1466, 1480, 1510, 1522, 1551, 1
917, 929, 962, 961, 982, 997, 996, 1017, 1038, 1070, 1080, 1100, 1099, 1123, 1147, 1169, 1188, 1217, 1239, 1249, 1276, 1307, 1311, 1335, 1356, 1374, 1390, 1417, 1444, 1468, 1481, 1511, 1523, 1550, 2
917, 929, 962, 983, 998, 1015, 1040, 1053, 1082, 1102, 1127, 1152, 1166, 1185, 1213, 1235, 1253, 1280, 1288, 1316, 1338, 1359, 1378, 1393, 1413, 1441, 1471, 1485, 1494, 1527, 1547, 5, 4, 3
917, 929, 962, 983, 998, 1015, 1040, 1053, 1082, 1102, 1127, 1152, 1166, 1185, 1213, 1235, 1253, 1280, 1288, 1316, 1338, 1359, 1378, 1393, 1413, 1441, 1471, 1485, 1494, 1527, 1547, 5, 4
917, 929, 962, 983, 998, 1015, 1040, 1053, 1082, 1102, 1127, 1152, 1166, 1185, 1213, 1235, 1253, 1280, 1288, 1316, 1338, 1359, 1378, 1393, 1413, 1441, 1471, 1485, 1494, 1527, 1547, 5
917, 929, 962, 983, 998, 1015, 1040, 1053, 1082, 1102, 1127, 1152, 1166, 1185, 1213, 1235, 1253, 1280, 1288, 1316, 1338, 1359, 1378, 1393, 1413, 1441, 1471, 1485, 1494, 1527, 1547, 6
917, 929, 962, 983, 998, 1015, 1040, 1053, 1082, 1102, 1127, 1152, 1166, 1185, 1213, 1234, 1254, 1281, 1289, 1317, 1339, 1360, 1379, 1394, 1412, 1440, 1451, 1487, 1495, 1528, 1545, 7
917, 929, 962, 983, 998, 1015, 1040, 1053, 1082, 1102, 1127, 1152, 1166, 1185, 1213, 1234, 1254, 1281, 1289, 1317, 1339, 1360, 1379, 1394, 1412, 1439, 1452, 1488, 1496, 1529, 1544, 8
917, 929, 962, 983, 998, 1015, 1040, 1053, 1082, 1102, 1127, 1152, 1166, 1185, 1213, 1234, 1254, 1281, 1289, 1317, 1339, 1360, 1379, 1394, 1412, 1439, 1452, 1488, 1496, 1529, 1543, 1542, 9
