299, 298, 275, 241, 224, 215, 180, 181, 164, 136, 137, 138, 122, 93, 85, 86, 66, 23, 0
299, 298, 275, 241, 224, 215, 180, 181, 164, 135, 127, 89, 81, 82, 47, 46, 27, 26, 25, 1
299, 298, 275, 241, 224, 215, 180, 181, 164, 135, 127, 89, 81, 82, 47, 46, 27, 26, 2
299, 298, 275, 241, 224, 215, 180, 181, 164, 135, 127, 89, 81, 82, 47, 46, 27, 3
299, 298, 275, 241, 224, 215, 180, 181, 164, 135, 127, 89, 81, 48, 28, 4
299, 298, 275, 241, 224, 215, 180, 163, 133, 128, 110, 80, 50, 31, 6, 5
299, 298, 275, 241, 224, 215, 180, 163, 133, 128, 110, 80, 50, 31, 6
299, 276, 242, 228, 212, 177, 161, 152, 130, 108, 77, 52, 32, 7
299, 276, 242, 228, 212, 177, 161, 152, 130, 108, 77, 52, 32, 7, 8
299, 276, 242, 228, 212, 177, 161, 152, 130, 108, 77, 52, 32, 7, 8, 9
299, 276, 242, 228, 212, 177, 161, 152, 130, 131, 107, 76, 54, 34, 10
299, 276, 242, 228, 212, 177, 161, 152, 151, 132, 106, 75, 74, 55, 35, 11
299, 276, 242, 228, 212, 177, 161, 160, 159, 149, 112, 105, 73, 56, 36, 12
299, 276, 242, 228, 212, 177, 161, 160, 159, 149, 112, 105, 73, 56, 36, 12, 13
299, 276, 242, 228, 212, 177, 161, 160, 159, 149, 112, 105, 73, 56, 36, 12, 13, 14
299, 276, 242, 228, 212, 177, 161, 160, 159, 149, 112, 105, 73, 56, 36, 12, 13, 14, 15
299, 300, 301, 280, 245, 246, 247, 232, 207, 193, 155, 146, 114, 102, 70, 60, 39, 16
299, 300, 301, 280, 245, 246, 247, 232, 207, 193, 155, 146, 114, 102, 70, 60, 39, 16, 17
299, 300, 301, 280, 245, 246, 247, 232, 207, 193, 155, 146, 114, 102, 70, 60, 39, 16, 17, 18
299, 300, 301, 280, 245, 246, 247, 232, 207, 193, 155, 146, 114, 102, 70, 60, 61, 62, 63, 21, 19
299, 300, 301, 280, 245, 246, 247, 232, 207, 193, 155, 146, 114, 102, 70, 60, 61, 62, 63, 21, 19, 20
299, 300, 301, 280, 245, 246, 247, 232, 207, 193, 155, 146, 114, 102, 70, 60, 61, 62, 63, 21
299, 298, 275, 241, 224, 215, 180, 181, 164, 136, 137, 138, 122, 93, 94, 95, 87, 64, 22
299, 298, 275, 241, 224, 215, 180, 181, 164, 136, 137, 138, 122, 93, 85, 86, 66, 23
299, 298, 275, 241, 224, 215, 180, 181, 164, 136, 137, 138, 122, 93, 85, 86, 66, 24
299, 298, 275, 241, 224, 215, 180, 181, 164, 135, 127, 89, 81, 82, 47, 46, 27, 26, 25
299, 298, 275, 241, 224, 215, 180, 181, 164, 135, 127, 89, 81, 82, 47, 46, 27, 26
299, 298, 275, 241, 224, 215, 180, 181, 164, 135, 127, 89, 81, 82, 47, 46, 27
299, 298, 275, 241, 224, 215, 180, 181, 164, 135, 127, 89, 81, 48, 28
299, 298, 275, 241, 224, 215, 180, 163, 133, 128, 110, 80, 50, 30, 29
299, 298, 275, 241, 224, 215, 180, 163, 133, 128, 110, 80, 50, 30
299, 298, 275, 241, 224, 215, 180, 163, 133, 128, 110, 80, 50, 31
299, 276, 242, 228, 212, 177, 161, 152, 130, 108, 77, 52, 32
299, 276, 242, 228, 212, 177, 161, 152, 130, 108, 77, 52, 32, 33
299, 276, 242, 228, 212, 177, 161, 152, 130, 131, 107, 76, 54, 34
299, 276, 242, 228, 212, 177, 161, 152, 151, 132, 106, 75, 74, 55, 35
299, 276, 242, 228, 212, 177, 161, 160, 159, 149, 112, 105, 73, 56, 36
299, 276, 242, 228, 212, 177, 161, 160, 159, 149, 112, 105, 73, 56, 36, 37
299, 276, 242, 228, 212, 177, 161, 160, 159, 149, 112, 105, 73, 56, 36, 37, 38
299, 300, 301, 280, 245, 246, 247, 232, 207, 193, 155, 146, 114, 102, 70, 60, 39
299, 300, 301, 280, 245, 246, 247, 232, 207, 193, 155, 146, 114, 102, 70, 60, 40
299, 300, 301, 280, 245, 246, 247, 232, 207, 193, 155, 146, 114, 102, 70, 60, 40, 41
299, 298, 275, 241, 224, 215, 180, 181, 164, 135, 127, 89, 81, 82, 47, 46, 27, 26, 42
299, 298, 275, 241, 224, 215, 180, 181, 164, 135, 127, 89, 81, 82, 47, 46, 27, 26, 43
299, 298, 275, 241, 224, 215, 180, 181, 164, 135, 127, 89, 81, 82, 47, 46, 45, 44
299, 298, 275, 241, 224, 215, 180, 181, 164, 135, 127, 89, 81, 82, 47, 46, 45
299, 298, 275, 241, 224, 215, 180, 181, 164, 135, 127, 89, 81, 82, 47, 46
299, 298, 275, 241, 224, 215, 180, 181, 164, 135, 127, 89, 81, 82, 47
299, 298, 275, 241, 224, 215, 180, 181, 164, 135, 127, 89, 81, 48
299, 298, 275, 241, 224, 215, 180, 163, 133, 128, 110, 80, 50, 49
299, 298, 275, 241, 224, 215, 180, 163, 133, 128, 110, 80, 50
299, 276, 242, 228, 212, 177, 161, 152, 130, 108, 77, 52, 51
299, 276, 242, 228, 212, 177, 161, 152, 130, 108, 77, 52
299, 276, 242, 228, 212, 177, 161, 152, 130, 131, 107, 76, 53
299, 276, 242, 228, 212, 177, 161, 152, 130, 131, 107, 76, 54
299, 276, 242, 228, 212, 177, 161, 152, 151, 132, 106, 75, 74, 55
299, 276, 242, 228, 212, 177, 161, 160, 159, 149, 112, 105, 73, 56
299, 276, 242, 228, 212, 177, 161, 160, 159, 149, 112, 105, 73, 56, 57
299, 276, 242, 228, 212, 177, 161, 160, 159, 149, 112, 105, 73, 56, 57, 58
299, 276, 242, 228, 212, 177, 161, 160, 159, 149, 112, 105, 73, 56, 57, 58, 59
299, 300, 301, 280, 245, 246, 247, 232, 207, 193, 155, 146, 114, 102, 70, 60
299, 300, 301, 280, 245, 246, 247, 232, 207, 193, 155, 146, 114, 102, 70, 60, 61
299, 300, 301, 280, 245, 246, 247, 232, 207, 193, 155, 146, 114, 102, 70, 60, 61, 62
299, 300, 301, 280, 245, 246, 247, 232, 207, 193, 155, 146, 114, 102, 70, 60, 61, 62, 63
299, 298, 275, 241, 224, 215, 180, 181, 164, 136, 137, 138, 122, 93, 94, 95, 87, 64
299, 298, 275, 241, 224, 215, 180, 181, 164, 136, 137, 138, 122, 93, 94, 95, 87, 65
299, 298, 275, 241, 224, 215, 180, 181, 164, 136, 137, 138, 122, 93, 85, 86, 66
299, 300, 301, 280, 245, 246, 247, 232, 207, 193, 155, 146, 114, 102, 70, 69, 68, 67
299, 300, 301, 280, 245, 246, 247, 232, 207, 193, 155, 146, 114, 102, 70, 69, 68
299, 300, 301, 280, 245, 246, 247, 232, 207, 193, 155, 146, 114, 102, 70, 69
299, 300, 301, 280, 245, 246, 247, 232, 207, 193, 155, 146, 114, 102, 70
299, 276, 242, 228, 212, 177, 161, 160, 159, 149, 112, 113, 103, 71
299, 276, 242, 228, 212, 177, 161, 160, 159, 149, 112, 105, 104, 72
299, 276, 242, 228, 212, 177, 161, 160, 159, 149, 112, 105, 73
299, 276, 242, 228, 212, 177, 161, 152, 151, 132, 106, 75, 74
299, 276, 242, 228, 212, 177, 161, 152, 151, 132, 106, 75
299, 276, 242, 228, 212, 177, 161, 152, 130, 131, 107, 76
299, 276, 242, 228, 212, 177, 161, 152, 130, 108, 77
299, 298, 275, 241, 224, 215, 180, 163, 133, 128, 110, 78
299, 298, 275, 241, 224, 215, 180, 163, 133, 128, 110, 79
299, 298, 275, 241, 224, 215, 180, 163, 133, 128, 110, 80
299, 298, 275, 241, 224, 215, 180, 181, 164, 135, 127, 89, 81
299, 298, 275, 241, 224, 215, 180, 181, 164, 135, 127, 89, 81, 82
299, 298, 275, 241, 224, 215, 180, 181, 164, 135, 127, 89, 90, 91, 83
299, 298, 275, 241, 224, 215, 180, 181, 164, 136, 137, 138, 122, 93, 84
299, 298, 275, 241, 224, 215, 180, 181, 164, 136, 137, 138, 122, 93, 85
299, 298, 275, 241, 224, 215, 180, 181, 164, 136, 137, 138, 122, 93, 85, 86
299, 298, 275, 241, 224, 215, 180, 181, 164, 136, 137, 138, 122, 93, 94, 95, 87
299, 300, 301, 280, 245, 246, 247, 248, 249, 250, 251, 235, 204, 188, 172, 141, 118, 96, 88
299, 298, 275, 241, 224, 215, 180, 181, 164, 135, 127, 89
299, 298, 275, 241, 224, 215, 180, 181, 164, 135, 127, 89, 90
299, 298, 275, 241, 224, 215, 180, 181, 164, 135, 127, 89, 90, 91
299, 298, 275, 241, 224, 215, 180, 181, 164, 135, 127, 89, 90, 91, 92
299, 298, 275, 241, 224, 215, 180, 181, 164, 136, 137, 138, 122, 93
299, 298, 275, 241, 224, 215, 180, 181, 164, 136, 137, 138, 122, 93, 94
299, 298, 275, 241, 224, 215, 180, 181, 164, 136, 137, 138, 122, 93, 94, 95
299, 300, 301, 280, 245, 246, 247, 248, 249, 250, 251, 235, 204, 188, 172, 141, 118, 96
299, 300, 301, 280, 245, 246, 247, 232, 207, 193, 192, 175, 144, 116, 100, 99, 98, 97
299, 300, 301, 280, 245, 246, 247, 232, 207, 193, 192, 175, 144, 116, 100, 99, 98
299, 300, 301, 280, 245, 246, 247, 232, 207, 193, 192, 175, 144, 116, 100, 99
