205, 204, 188, 172, 141, 118, 96, 88, 64, 22, 23, 0
205, 204, 188, 172, 141, 140, 120, 95, 86, 66, 25, 1
205, 204, 188, 172, 141, 140, 120, 95, 86, 85, 44, 26, 2
205, 204, 188, 172, 141, 140, 139, 122, 92, 83, 45, 27, 3
205, 204, 188, 172, 141, 140, 139, 122, 92, 83, 45, 27, 3, 4
205, 204, 188, 172, 141, 140, 139, 122, 92, 83, 45, 27, 3, 4, 5
205, 206, 207, 208, 209, 210, 211, 212, 177, 161, 152, 130, 108, 77, 52, 51, 31, 6
205, 206, 207, 208, 194, 157, 148, 112, 105, 106, 75, 54, 34, 10, 9, 8, 7
205, 206, 207, 208, 194, 157, 148, 112, 105, 106, 75, 54, 34, 10, 9, 8
205, 206, 207, 208, 194, 157, 148, 112, 105, 106, 75, 54, 34, 10, 9
205, 206, 207, 208, 194, 157, 148, 112, 105, 106, 75, 54, 34, 10
205, 206, 207, 208, 194, 157, 148, 112, 105, 74, 55, 35, 11
205, 191, 175, 145, 146, 114, 113, 104, 72, 57, 36, 12
205, 191, 175, 144, 115, 102, 103, 71, 58, 37, 13
205, 191, 175, 144, 115, 102, 103, 71, 58, 37, 14
205, 191, 175, 144, 115, 102, 70, 60, 39, 38, 15
205, 191, 175, 144, 115, 102, 70, 60, 39, 16
205, 204, 189, 173, 143, 117, 98, 67, 62, 41, 17
205, 204, 189, 173, 143, 117, 98, 67, 62, 41, 17, 18
205, 204, 188, 172, 141, 118, 96, 88, 63, 21, 19
205, 204, 188, 172, 141, 118, 96, 88, 64, 22, 20
205, 204, 188, 172, 141, 118, 96, 88, 63, 21
205, 204, 188, 172, 141, 118, 96, 88, 64, 22
205, 204, 188, 172, 141, 118, 96, 88, 64, 22, 23
205, 204, 188, 172, 141, 118, 96, 88, 64, 22, 23, 24
205, 204, 188, 172, 141, 140, 120, 95, 86, 66, 25
205, 204, 188, 172, 141, 140, 120, 95, 86, 85, 44, 26
205, 204, 188, 172, 141, 140, 139, 122, 92, 83, 45, 27
205, 204, 188, 172, 141, 140, 139, 122, 92, 83, 46, 47, 28
205, 204, 188, 172, 141, 140, 139, 122, 92, 83, 46, 47, 28, 29
205, 206, 207, 208, 209, 210, 211, 212, 177, 161, 152, 130, 108, 77, 52, 51, 31, 30
205, 206, 207, 208, 209, 210, 211, 212, 177, 161, 152, 130, 108, 77, 52, 51, 31
205, 206, 207, 208, 209, 210, 211, 212, 177, 161, 152, 130, 108, 77, 52, 32
205, 206, 207, 208, 194, 157, 148, 112, 105, 106, 76, 53, 33
205, 206, 207, 208, 194, 157, 148, 112, 105, 106, 75, 54, 34
205, 206, 207, 208, 194, 157, 148, 112, 105, 74, 55, 35
205, 191, 175, 145, 146, 114, 113, 104, 72, 57, 36
205, 191, 175, 144, 115, 102, 103, 71, 58, 37
205, 191, 175, 144, 115, 102, 70, 60, 39, 38
205, 191, 175, 144, 115, 102, 70, 60, 39
205, 191, 175, 144, 115, 102, 70, 60, 40
205, 204, 189, 173, 143, 117, 98, 67, 62, 41
205, 204, 188, 172, 141, 140, 120, 95, 86, 85, 84, 42
205, 204, 188, 172, 141, 140, 120, 95, 86, 85, 44, 43
205, 204, 188, 172, 141, 140, 120, 95, 86, 85, 44
205, 204, 188, 172, 141, 140, 139, 122, 92, 83, 45
205, 204, 188, 172, 141, 140, 139, 122, 92, 83, 46
205, 204, 188, 172, 141, 140, 139, 122, 92, 83, 46, 47
205, 204, 188, 172, 141, 140, 139, 138, 137, 123, 90, 82, 81, 48
205, 204, 188, 172, 141, 140, 139, 138, 137, 123, 90, 82, 81, 49
205, 206, 207, 208, 209, 210, 211, 212, 177, 161, 152, 130, 108, 77, 52, 51, 50
205, 206, 207, 208, 209, 210, 211, 212, 177, 161, 152, 130, 108, 77, 52, 51
205, 206, 207, 208, 209, 210, 211, 212, 177, 161, 152, 130, 108, 77, 52
205, 206, 207, 208, 194, 157, 148, 112, 105, 106, 76, 53
205, 206, 207, 208, 194, 157, 148, 112, 105, 106, 75, 54
205, 206, 207, 208, 194, 157, 148, 112, 105, 74, 55
205, 191, 175, 145, 146, 114, 113, 104, 72, 57, 56
205, 191, 175, 145, 146, 114, 113, 104, 72, 57
205, 191, 175, 144, 115, 102, 103, 71, 58
205, 191, 175, 144, 115, 102, 70, 59
205, 191, 175, 144, 115, 102, 70, 60
205, 191, 175, 144, 116, 100, 68, 61
205, 204, 189, 173, 143, 117, 98, 67, 62
205, 204, 188, 172, 141, 118, 96, 88, 63
205, 204, 188, 172, 141, 118, 96, 88, 64
205, 204, 188, 172, 141, 118, 96, 88, 64, 65
205, 204, 188, 172, 141, 140, 120, 95, 86, 66
205, 204, 189, 173, 143, 117, 98, 67
205, 191, 175, 144, 116, 100, 68
205, 191, 175, 144, 116, 101, 69
205, 191, 175, 144, 115, 102, 70
205, 191, 175, 144, 115, 102, 103, 71
205, 191, 175, 145, 146, 114, 113, 104, 72
205, 206, 207, 208, 194, 157, 148, 112, 105, 73
205, 206, 207, 208, 194, 157, 148, 112, 105, 74
205, 206, 207, 208, 194, 157, 148, 112, 105, 106, 75
205, 206, 207, 208, 194, 157, 148, 112, 105, 106, 76
205, 206, 207, 208, 209, 210, 211, 212, 177, 161, 152, 130, 108, 77
205, 206, 207, 208, 209, 210, 211, 212, 177, 161, 152, 130, 108, 77, 78
205, 206, 207, 208, 209, 210, 211, 212, 177, 161, 152, 130, 108, 77, 78, 79
205, 206, 207, 208, 209, 210, 211, 212, 177, 161, 152, 130, 108, 77, 78, 79, 80
205, 204, 188, 172, 141, 140, 139, 138, 137, 123, 90, 82, 81
205, 204, 188, 172, 141, 140, 139, 138, 137, 123, 90, 82
205, 204, 188, 172, 141, 140, 139, 122, 92, 83
205, 204, 188, 172, 141, 140, 120, 95, 86, 85, 84
205, 204, 188, 172, 141, 140, 120, 95, 86, 85
205, 204, 188, 172, 141, 140, 120, 95, 86
205, 204, 188, 172, 141, 118, 96, 88, 87
205, 204, 188, 172, 141, 118, 96, 88
205, 204, 188, 172, 141, 140, 139, 138, 137, 123, 90, 89
205, 204, 188, 172, 141, 140, 139, 138, 137, 123, 90
205, 204, 188, 172, 141, 140, 139, 122, 91
205, 204, 188, 172, 141, 140, 139, 122, 92
205, 204, 188, 172, 141, 140, 120, 94, 93
205, 204, 188, 172, 141, 140, 120, 94
205, 204, 188, 172, 141, 140, 120, 95
205, 204, 188, 172, 141, 118, 96
205, 204, 189, 173, 143, 117, 98, 97
205, 204, 189, 173, 143, 117, 98
205, 204, 189, 173, 143, 117, 99
