302, 303, 304, 260, 261, 250, 251, 235, 204, 188, 172, 141, 118, 96, 88, 64, 22, 23, 0
302, 303, 304, 260, 261, 250, 251, 235, 204, 188, 172, 141, 140, 120, 95, 86, 66, 25, 1
302, 301, 300, 277, 243, 228, 212, 177, 161, 152, 130, 108, 77, 52, 51, 31, 30, 29, 28, 27, 26, 2
302, 301, 300, 277, 243, 228, 212, 177, 161, 152, 130, 108, 77, 52, 51, 31, 6, 5, 4, 3
302, 301, 300, 277, 243, 228, 212, 177, 161, 152, 130, 108, 77, 52, 51, 31, 6, 5, 4
302, 301, 300, 277, 243, 228, 212, 177, 161, 152, 130, 108, 77, 52, 51, 31, 6, 5
302, 301, 300, 277, 243, 228, 212, 177, 161, 152, 130, 108, 77, 52, 51, 31, 6
302, 301, 300, 277, 243, 228, 212, 177, 161, 152, 130, 108, 77, 52, 32, 7
302, 301, 300, 277, 243, 228, 212, 177, 161, 152, 130, 108, 77, 52, 32, 7, 8
302, 301, 278, 244, 229, 211, 176, 160, 150, 132, 107, 76, 53, 33, 9
302, 301, 278, 244, 229, 211, 176, 160, 150, 132, 106, 75, 54, 34, 10
302, 281, 245, 230, 210, 195, 158, 149, 112, 105, 74, 55, 35, 11
302, 281, 245, 230, 210, 195, 158, 149, 112, 105, 73, 56, 36, 12
302, 281, 245, 230, 210, 195, 158, 149, 112, 105, 73, 56, 36, 12, 13
302, 281, 245, 230, 210, 195, 158, 149, 112, 105, 73, 56, 36, 12, 13, 14
302, 281, 245, 230, 210, 195, 158, 149, 112, 105, 73, 56, 36, 12, 13, 14, 15
302, 281, 282, 247, 232, 207, 193, 155, 146, 114, 102, 70, 60, 39, 16
302, 281, 282, 247, 232, 207, 193, 155, 146, 114, 102, 70, 60, 39, 16, 17
302, 281, 282, 247, 232, 207, 193, 155, 146, 114, 102, 70, 60, 39, 16, 17, 18
302, 281, 282, 247, 232, 207, 193, 155, 146, 114, 102, 70, 60, 61, 62, 63, 21, 19
302, 303, 304, 260, 261, 250, 251, 235, 204, 188, 172, 141, 118, 96, 88, 64, 22, 20
302, 281, 282, 247, 232, 207, 193, 155, 146, 114, 102, 70, 60, 61, 62, 63, 21
302, 303, 304, 260, 261, 250, 251, 235, 204, 188, 172, 141, 118, 96, 88, 64, 22
302, 303, 304, 260, 261, 250, 251, 235, 204, 188, 172, 141, 118, 96, 88, 64, 22, 23
302, 303, 304, 260, 261, 250, 251, 235, 204, 188, 172, 141, 118, 96, 88, 64, 22, 23, 24
302, 303, 304, 260, 261, 250, 251, 235, 204, 188, 172, 141, 140, 120, 95, 86, 66, 25
302, 301, 300, 277, 243, 228, 212, 177, 161, 152, 130, 108, 77, 52, 51, 31, 30, 29, 28, 27, 26
302, 301, 300, 277, 243, 228, 212, 177, 161, 152, 130, 108, 77, 52, 51, 31, 30, 29, 28, 27
302, 301, 300, 277, 243, 228, 212, 177, 161, 152, 130, 108, 77, 52, 51, 31, 30, 29, 28
302, 301, 300, 277, 243, 228, 212, 177, 161, 152, 130, 108, 77, 52, 51, 31, 30, 29
302, 301, 300, 277, 243, 228, 212, 177, 161, 152, 130, 108, 77, 52, 51, 31, 30
302, 301, 300, 277, 243, 228, 212, 177, 161, 152, 130, 108, 77, 52, 51, 31
302, 301, 300, 277, 243, 228, 212, 177, 161, 152, 130, 108, 77, 52, 32
302, 301, 278, 244, 229, 211, 176, 160, 150, 132, 107, 76, 53, 33
302, 301, 278, 244, 229, 211, 176, 160, 150, 132, 106, 75, 54, 34
302, 281, 245, 230, 210, 195, 158, 149, 112, 105, 74, 55, 35
302, 281, 245, 230, 210, 195, 158, 149, 112, 105, 73, 56, 36
302, 281, 245, 230, 210, 195, 158, 149, 112, 105, 73, 56, 36, 37
302, 281, 282, 247, 232, 207, 193, 155, 146, 114, 102, 70, 60, 39, 38
302, 281, 282, 247, 232, 207, 193, 155, 146, 114, 102, 70, 60, 39
302, 281, 282, 247, 232, 207, 193, 155, 146, 114, 102, 70, 60, 40
302, 281, 282, 247, 232, 207, 193, 155, 146, 114, 102, 70, 60, 40, 41
302, 303, 304, 260, 261, 250, 251, 235, 204, 188, 172, 141, 140, 120, 95, 86, 85, 84, 42
302, 303, 304, 260, 261, 250, 251, 235, 204, 188, 172, 141, 140, 120, 95, 86, 85, 44, 43
302, 303, 304, 260, 261, 250, 251, 235, 204, 188, 172, 141, 140, 120, 95, 86, 85, 44
302, 301, 300, 277, 243, 228, 212, 177, 161, 152, 130, 108, 77, 52, 51, 50, 49, 48, 47, 46, 45
302, 301, 300, 277, 243, 228, 212, 177, 161, 152, 130, 108, 77, 52, 51, 50, 49, 48, 47, 46
302, 301, 300, 277, 243, 228, 212, 177, 161, 152, 130, 108, 77, 52, 51, 50, 49, 48, 47
302, 301, 300, 277, 243, 228, 212, 177, 161, 152, 130, 108, 77, 52, 51, 50, 49, 48
302, 301, 300, 277, 243, 228, 212, 177, 161, 152, 130, 108, 77, 52, 51, 50, 49
302, 301, 300, 277, 243, 228, 212, 177, 161, 152, 130, 108, 77, 52, 51, 50
302, 301, 300, 277, 243, 228, 212, 177, 161, 152, 130, 108, 77, 52, 51
302, 301, 300, 277, 243, 228, 212, 177, 161, 152, 130, 108, 77, 52
302, 301, 278, 244, 229, 211, 176, 160, 150, 132, 107, 76, 53
302, 301, 278, 244, 229, 211, 176, 160, 150, 132, 106, 75, 54
302, 281, 245, 230, 210, 195, 158, 149, 112, 105, 74, 55
302, 281, 245, 230, 210, 195, 158, 149, 112, 105, 73, 56
302, 281, 245, 230, 210, 195, 158, 149, 112, 105, 73, 56, 57
302, 281, 245, 230, 210, 209, 194, 156, 147, 113, 103, 71, 58
302, 281, 282, 247, 232, 207, 193, 155, 146, 114, 102, 70, 59
302, 281, 282, 247, 232, 207, 193, 155, 146, 114, 102, 70, 60
302, 281, 282, 247, 232, 207, 193, 155, 146, 114, 102, 70, 60, 61
302, 281, 282, 247, 232, 207, 193, 155, 146, 114, 102, 70, 60, 61, 62
302, 281, 282, 247, 232, 207, 193, 155, 146, 114, 102, 70, 60, 61, 62, 63
302, 303, 304, 260, 261, 250, 251, 235, 204, 188, 172, 141, 118, 96, 88, 64
302, 303, 304, 260, 261, 250, 251, 235, 204, 188, 172, 141, 118, 96, 88, 64, 65
302, 303, 304, 260, 261, 250, 251, 235, 204, 188, 172, 141, 140, 120, 95, 86, 66
302, 303, 304, 260, 261, 250, 251, 235, 204, 189, 173, 143, 117, 98, 67
302, 281, 282, 247, 232, 207, 193, 155, 146, 114, 102, 70, 69, 68
302, 281, 282, 247, 232, 207, 193, 155, 146, 114, 102, 70, 69
302, 281, 282, 247, 232, 207, 193, 155, 146, 114, 102, 70
302, 281, 245, 230, 210, 209, 194, 156, 147, 113, 103, 71
302, 281, 245, 230, 210, 195, 158, 149, 112, 105, 104, 72
302, 281, 245, 230, 210, 195, 158, 149, 112, 105, 73
302, 281, 245, 230, 210, 195, 158, 149, 112, 105, 74
302, 301, 278, 244, 229, 211, 176, 160, 150, 132, 106, 75
302, 301, 278, 244, 229, 211, 176, 160, 150, 132, 107, 76
302, 301, 300, 277, 243, 228, 212, 177, 161, 152, 130, 108, 77
302, 301, 300, 277, 243, 228, 212, 177, 161, 152, 130, 108, 77, 78
302, 301, 300, 277, 243, 228, 212, 177, 161, 152, 130, 108, 77, 78, 79
302, 301, 300, 277, 243, 228, 212, 177, 161, 152, 130, 108, 77, 78, 79, 80
302, 301, 300, 277, 243, 228, 212, 177, 161, 152, 130, 108, 77, 78, 79, 80, 81
302, 301, 300, 277, 243, 228, 212, 177, 161, 152, 130, 108, 77, 78, 79, 80, 81, 82
302, 301, 300, 277, 243, 228, 212, 177, 161, 152, 130, 108, 77, 78, 79, 80, 81, 82, 83
302, 303, 304, 260, 261, 250, 251, 235, 204, 188, 172, 141, 140, 120, 95, 86, 85, 84
302, 303, 304, 260, 261, 250, 251, 235, 204, 188, 172, 141, 140, 120, 95, 86, 85
302, 303, 304, 260, 261, 250, 251, 235, 204, 188, 172, 141, 140, 120, 95, 86
302, 303, 304, 260, 261, 250, 251, 235, 204, 188, 172, 141, 118, 96, 88, 87
302, 303, 304, 260, 261, 250, 251, 235, 204, 188, 172, 141, 118, 96, 88
302, 301, 300, 277, 243, 228, 212, 177, 161, 152, 130, 108, 109, 110, 89
302, 301, 300, 277, 243, 228, 212, 177, 161, 152, 130, 108, 109, 110, 89, 90
302, 301, 300, 277, 243, 228, 212, 177, 161, 152, 130, 108, 109, 110, 89, 90, 91
302, 301, 300, 277, 243, 228, 212, 177, 161, 152, 130, 108, 109, 110, 89, 90, 91, 92
302, 303, 304, 260, 261, 250, 251, 235, 204, 188, 172, 141, 140, 120, 94, 93
302, 303, 304, 260, 261, 250, 251, 235, 204, 188, 172, 141, 140, 120, 94
302, 303, 304, 260, 261, 250, 251, 235, 204, 188, 172, 141, 140, 120, 95
302, 303, 304, 260, 261, 250, 251, 235, 204, 188, 172, 141, 118, 96
302, 303, 304, 260, 261, 250, 251, 235, 204, 189, 173, 143, 117, 98, 97
302, 303, 304, 260, 261, 250, 251, 235, 204, 189, 173, 143, 117, 98
302, 303, 304, 260, 261, 250, 251, 235, 204, 189, 173, 143, 117, 99
