361, 335, 336, 316, 283, 263, 251, 235, 204, 188, 172, 141, 118, 96, 88, 64, 22, 23, 0
361, 335, 336, 316, 283, 263, 251, 235, 204, 188, 172, 141, 140, 120, 95, 86, 66, 25, 1
361, 335, 336, 316, 283, 263, 251, 235, 204, 188, 172, 141, 140, 120, 95, 86, 85, 44, 26, 2
361, 335, 336, 316, 283, 263, 251, 235, 204, 188, 172, 141, 140, 139, 122, 92, 83, 45, 27, 3
361, 335, 336, 316, 283, 263, 251, 235, 204, 188, 172, 141, 140, 139, 122, 92, 83, 45, 27, 3, 4
361, 335, 315, 304, 303, 302, 301, 300, 277, 243, 228, 212, 177, 161, 152, 130, 108, 77, 52, 51, 31, 6, 5
361, 335, 315, 304, 303, 302, 301, 300, 277, 243, 228, 212, 177, 161, 152, 130, 108, 77, 52, 51, 31, 6
361, 335, 315, 304, 303, 302, 301, 300, 277, 243, 228, 212, 177, 161, 152, 130, 108, 77, 52, 32, 7
361, 335, 315, 304, 282, 246, 231, 209, 194, 157, 148, 112, 105, 106, 75, 54, 34, 10, 9, 8
361, 335, 315, 304, 282, 246, 231, 209, 194, 157, 148, 112, 105, 106, 75, 54, 34, 10, 9
361, 335, 315, 304, 282, 246, 231, 209, 194, 157, 148, 112, 105, 106, 75, 54, 34, 10
361, 335, 315, 304, 282, 246, 231, 209, 194, 157, 148, 112, 105, 74, 55, 35, 11
361, 335, 315, 304, 282, 246, 231, 209, 194, 157, 148, 112, 105, 73, 56, 36, 12
361, 335, 315, 304, 282, 246, 231, 209, 194, 156, 147, 113, 103, 71, 58, 37, 13
361, 335, 315, 304, 282, 246, 231, 209, 194, 156, 147, 113, 103, 71, 58, 37, 14
361, 335, 315, 304, 282, 246, 231, 209, 194, 156, 147, 113, 103, 71, 58, 37, 14, 15
361, 335, 336, 316, 283, 263, 251, 235, 204, 189, 173, 143, 117, 98, 67, 62, 41, 17, 16
361, 335, 336, 316, 283, 263, 251, 235, 204, 189, 173, 143, 117, 98, 67, 62, 41, 17
361, 335, 336, 316, 283, 263, 251, 235, 204, 189, 173, 143, 117, 98, 67, 62, 41, 17, 18
361, 335, 336, 316, 283, 263, 251, 235, 204, 188, 172, 141, 118, 96, 88, 63, 21, 19
361, 335, 336, 316, 283, 263, 251, 235, 204, 188, 172, 141, 118, 96, 88, 64, 22, 20
361, 335, 336, 316, 283, 263, 251, 235, 204, 188, 172, 141, 118, 96, 88, 63, 21
361, 335, 336, 316, 283, 263, 251, 235, 204, 188, 172, 141, 118, 96, 88, 64, 22
361, 335, 336, 316, 283, 263, 251, 235, 204, 188, 172, 141, 118, 96, 88, 64, 22, 23
361, 335, 336, 316, 283, 263, 251, 235, 204, 188, 172, 141, 118, 96, 88, 64, 22, 23, 24
361, 335, 336, 316, 283, 263, 251, 235, 204, 188, 172, 141, 140, 120, 95, 86, 66, 25
361, 335, 336, 316, 283, 263, 251, 235, 204, 188, 172, 141, 140, 120, 95, 86, 85, 44, 26
361, 335, 336, 316, 283, 263, 251, 235, 204, 188, 172, 141, 140, 139, 122, 92, 83, 45, 27
361, 335, 315, 304, 303, 302, 301, 300, 277, 243, 228, 212, 177, 161, 152, 130, 108, 77, 52, 51, 31, 30, 29, 28
361, 335, 315, 304, 303, 302, 301, 300, 277, 243, 228, 212, 177, 161, 152, 130, 108, 77, 52, 51, 31, 30, 29
361, 335, 315, 304, 303, 302, 301, 300, 277, 243, 228, 212, 177, 161, 152, 130, 108, 77, 52, 51, 31, 30
361, 335, 315, 304, 303, 302, 301, 300, 277, 243, 228, 212, 177, 161, 152, 130, 108, 77, 52, 51, 31
361, 335, 315, 304, 303, 302, 301, 300, 277, 243, 228, 212, 177, 161, 152, 130, 108, 77, 52, 32
361, 335, 315, 304, 282, 246, 231, 209, 194, 157, 148, 112, 105, 106, 76, 53, 33
361, 335, 315, 304, 282, 246, 231, 209, 194, 157, 148, 112, 105, 106, 75, 54, 34
361, 335, 315, 304, 282, 246, 231, 209, 194, 157, 148, 112, 105, 74, 55, 35
361, 335, 315, 304, 282, 246, 231, 209, 194, 157, 148, 112, 105, 73, 56, 36
361, 335, 315, 304, 282, 246, 231, 209, 194, 156, 147, 113, 103, 71, 58, 37
361, 335, 336, 316, 283, 263, 251, 235, 204, 189, 173, 143, 117, 98, 67, 62, 41, 40, 39, 38
361, 335, 336, 316, 283, 263, 251, 235, 204, 189, 173, 143, 117, 98, 67, 62, 41, 40, 39
361, 335, 336, 316, 283, 263, 251, 235, 204, 189, 173, 143, 117, 98, 67, 62, 41, 40
361, 335, 336, 316, 283, 263, 251, 235, 204, 189, 173, 143, 117, 98, 67, 62, 41
361, 335, 336, 316, 283, 263, 251, 235, 204, 188, 172, 141, 140, 120, 95, 86, 85, 84, 42
361, 335, 336, 316, 283, 263, 251, 235, 204, 188, 172, 141, 140, 120, 95, 86, 85, 44, 43
361, 335, 336, 316, 283, 263, 251, 235, 204, 188, 172, 141, 140, 120, 95, 86, 85, 44
361, 335, 336, 316, 283, 263, 251, 235, 204, 188, 172, 141, 140, 139, 122, 92, 83, 45
361, 335, 336, 316, 283, 263, 251, 235, 204, 188, 172, 141, 140, 139, 122, 92, 83, 46
361, 335, 336, 316, 283, 263, 251, 235, 204, 188, 172, 141, 140, 139, 122, 92, 83, 46, 47
361, 335, 336, 316, 283, 263, 251, 235, 204, 188, 172, 141, 140, 139, 138, 137, 123, 90, 82, 81, 48
361, 335, 315, 304, 303, 302, 301, 300, 277, 243, 228, 212, 177, 161, 152, 130, 108, 77, 52, 51, 50, 49
361, 335, 315, 304, 303, 302, 301, 300, 277, 243, 228, 212, 177, 161, 152, 130, 108, 77, 52, 51, 50
361, 335, 315, 304, 303, 302, 301, 300, 277, 243, 228, 212, 177, 161, 152, 130, 108, 77, 52, 51
361, 335, 315, 304, 303, 302, 301, 300, 277, 243, 228, 212, 177, 161, 152, 130, 108, 77, 52
361, 335, 315, 304, 282, 246, 231, 209, 194, 157, 148, 112, 105, 106, 76, 53
361, 335, 315, 304, 282, 246, 231, 209, 194, 157, 148, 112, 105, 106, 75, 54
361, 335, 315, 304, 282, 246, 231, 209, 194, 157, 148, 112, 105, 74, 55
361, 335, 315, 304, 282, 246, 231, 209, 194, 157, 148, 112, 105, 73, 56
361, 335, 315, 304, 282, 246, 231, 209, 194, 157, 148, 112, 105, 73, 56, 57
361, 335, 315, 304, 282, 246, 231, 209, 194, 156, 147, 113, 103, 71, 58
361, 335, 315, 304, 282, 247, 232, 207, 193, 155, 146, 114, 102, 70, 59
361, 335, 336, 316, 283, 263, 251, 235, 204, 189, 173, 143, 117, 98, 67, 62, 61, 60
361, 335, 336, 316, 283, 263, 251, 235, 204, 189, 173, 143, 117, 98, 67, 62, 61
361, 335, 336, 316, 283, 263, 251, 235, 204, 189, 173, 143, 117, 98, 67, 62
361, 335, 336, 316, 283, 263, 251, 235, 204, 188, 172, 141, 118, 96, 88, 63
361, 335, 336, 316, 283, 263, 251, 235, 204, 188, 172, 141, 118, 96, 88, 64
361, 335, 336, 316, 283, 263, 251, 235, 204, 188, 172, 141, 118, 96, 88, 64, 65
361, 335, 336, 316, 283, 263, 251, 235, 204, 188, 172, 141, 140, 120, 95, 86, 66
361, 335, 336, 316, 283, 263, 251, 235, 204, 189, 173, 143, 117, 98, 67
361, 335, 336, 316, 283, 263, 251, 235, 204, 189, 173, 143, 117, 98, 67, 68
361, 335, 336, 316, 283, 263, 251, 235, 204, 189, 173, 143, 117, 98, 67, 68, 69
361, 335, 315, 304, 282, 247, 232, 207, 193, 155, 146, 114, 102, 70
361, 335, 315, 304, 282, 246, 231, 209, 194, 156, 147, 113, 103, 71
361, 335, 315, 304, 282, 246, 231, 209, 194, 156, 147, 113, 104, 72
361, 335, 315, 304, 282, 246, 231, 209, 194, 157, 148, 112, 105, 73
361, 335, 315, 304, 282, 246, 231, 209, 194, 157, 148, 112, 105, 74
361, 335, 315, 304, 282, 246, 231, 209, 194, 157, 148, 112, 105, 106, 75
361, 335, 315, 304, 282, 246, 231, 209, 194, 157, 148, 112, 105, 106, 76
361, 335, 315, 304, 303, 302, 301, 300, 277, 243, 228, 212, 177, 161, 152, 130, 108, 77
361, 335, 315, 304, 303, 302, 301, 300, 277, 243, 228, 212, 177, 161, 152, 130, 108, 77, 78
361, 335, 315, 304, 303, 302, 301, 300, 277, 243, 228, 212, 177, 161, 152, 130, 108, 77, 78, 79
361, 335, 315, 304, 303, 302, 301, 300, 277, 243, 228, 212, 177, 161, 152, 130, 108, 77, 78, 79, 80
361, 335, 336, 316, 283, 263, 251, 235, 204, 188, 172, 141, 140, 139, 138, 137, 123, 90, 82, 81
361, 335, 336, 316, 283, 263, 251, 235, 204, 188, 172, 141, 140, 139, 138, 137, 123, 90, 82
361, 335, 336, 316, 283, 263, 251, 235, 204, 188, 172, 141, 140, 139, 122, 92, 83
361, 335, 336, 316, 283, 263, 251, 235, 204, 188, 172, 141, 140, 120, 95, 86, 85, 84
361, 335, 336, 316, 283, 263, 251, 235, 204, 188, 172, 141, 140, 120, 95, 86, 85
361, 335, 336, 316, 283, 263, 251, 235, 204, 188, 172, 141, 140, 120, 95, 86
361, 335, 336, 316, 283, 263, 251, 235, 204, 188, 172, 141, 118, 96, 88, 87
361, 335, 336, 316, 283, 263, 251, 235, 204, 188, 172, 141, 118, 96, 88
361, 335, 336, 316, 283, 263, 251, 235, 204, 188, 172, 141, 140, 139, 138, 137, 123, 90, 89
361, 335, 336, 316, 283, 263, 251, 235, 204, 188, 172, 141, 140, 139, 138, 137, 123, 90
361, 335, 336, 316, 283, 263, 251, 235, 204, 188, 172, 141, 140, 139, 122, 91
361, 335, 336, 316, 283, 263, 251, 235, 204, 188, 172, 141, 140, 139, 122, 92
361, 335, 336, 316, 283, 263, 251, 235, 204, 188, 172, 141, 140, 120, 94, 93
361, 335, 336, 316, 283, 263, 251, 235, 204, 188, 172, 141, 140, 120, 94
361, 335, 336, 316, 283, 263, 251, 235, 204, 188, 172, 141, 140, 120, 95
361, 335, 336, 316, 283, 263, 251, 235, 204, 188, 172, 141, 118, 96
361, 335, 336, 316, 283, 263, 251, 235, 204, 189, 173, 143, 117, 98, 97
361, 335, 336, 316, 283, 263, 251, 235, 204, 189, 173, 143, 117, 98
361, 335, 336, 316, 283, 263, 251, 235, 204, 189, 173, 143, 117, 99
