397, 384, 367, 348, 307, 296, 295, 273, 272, 259, 258, 257, 219, 197, 198, 184, 167, 138, 122, 93, 85, 86, 66, 23, 0
397, 384, 367, 348, 307, 296, 295, 273, 272, 259, 258, 257, 219, 197, 198, 184, 167, 138, 122, 93, 85, 86, 66, 25, 1
397, 384, 367, 348, 307, 296, 274, 241, 224, 215, 180, 181, 164, 135, 127, 89, 81, 82, 47, 46, 27, 26, 2
397, 384, 367, 348, 307, 296, 274, 241, 224, 215, 180, 181, 164, 135, 127, 89, 81, 82, 47, 46, 27, 3
397, 384, 367, 348, 307, 296, 274, 241, 224, 215, 180, 181, 164, 135, 127, 89, 81, 48, 28, 4
397, 384, 367, 348, 307, 296, 274, 241, 224, 215, 180, 163, 133, 128, 110, 80, 50, 31, 6, 5
397, 384, 367, 348, 307, 296, 274, 241, 224, 215, 180, 163, 133, 128, 110, 80, 50, 31, 6
397, 384, 367, 348, 307, 296, 274, 241, 224, 214, 178, 162, 152, 130, 108, 77, 52, 32, 7
397, 384, 367, 348, 307, 296, 274, 241, 224, 214, 178, 162, 152, 130, 108, 77, 52, 32, 7, 8
397, 384, 367, 348, 307, 296, 274, 241, 224, 214, 178, 162, 152, 130, 108, 77, 52, 32, 7, 8, 9
397, 384, 367, 348, 307, 296, 274, 241, 224, 214, 178, 162, 152, 130, 131, 107, 76, 54, 34, 10
397, 384, 367, 348, 307, 296, 274, 241, 224, 214, 178, 162, 152, 151, 132, 106, 75, 74, 55, 35, 11
397, 384, 367, 348, 307, 296, 274, 241, 224, 214, 178, 162, 152, 151, 132, 106, 75, 74, 55, 56, 36, 12
397, 384, 367, 348, 307, 296, 274, 241, 224, 214, 178, 162, 152, 151, 132, 106, 75, 74, 55, 56, 36, 12, 13
397, 384, 367, 348, 307, 296, 274, 241, 224, 214, 178, 162, 152, 151, 132, 106, 75, 74, 55, 56, 36, 12, 13, 14
397, 384, 367, 348, 307, 296, 274, 241, 224, 214, 178, 162, 152, 151, 132, 106, 75, 74, 55, 56, 36, 12, 13, 14, 15
397, 384, 367, 348, 307, 296, 274, 241, 224, 214, 178, 162, 152, 151, 132, 106, 75, 74, 55, 56, 36, 37, 38, 16
397, 384, 367, 348, 307, 296, 274, 241, 224, 214, 178, 162, 152, 151, 132, 106, 75, 74, 55, 56, 36, 37, 38, 16, 17
397, 384, 367, 348, 307, 296, 295, 273, 272, 259, 258, 257, 219, 197, 198, 184, 167, 138, 122, 93, 94, 95, 87, 64, 22, 20, 19, 18
397, 384, 367, 348, 307, 296, 295, 273, 272, 259, 258, 257, 219, 197, 198, 184, 167, 138, 122, 93, 94, 95, 87, 64, 22, 20, 19
397, 384, 367, 348, 307, 296, 295, 273, 272, 259, 258, 257, 219, 197, 198, 184, 167, 138, 122, 93, 94, 95, 87, 64, 22, 20
397, 384, 367, 348, 307, 296, 295, 273, 272, 259, 258, 257, 219, 197, 198, 184, 167, 138, 122, 93, 94, 95, 87, 64, 22, 21
397, 384, 367, 348, 307, 296, 295, 273, 272, 259, 258, 257, 219, 197, 198, 184, 167, 138, 122, 93, 94, 95, 87, 64, 22
397, 384, 367, 348, 307, 296, 295, 273, 272, 259, 258, 257, 219, 197, 198, 184, 167, 138, 122, 93, 85, 86, 66, 23
397, 384, 367, 348, 307, 296, 295, 273, 272, 259, 258, 257, 219, 197, 198, 184, 167, 138, 122, 93, 85, 86, 66, 24
397, 384, 367, 348, 307, 296, 295, 273, 272, 259, 258, 257, 219, 197, 198, 184, 167, 138, 122, 93, 85, 86, 66, 25
397, 384, 367, 348, 307, 296, 274, 241, 224, 215, 180, 181, 164, 135, 127, 89, 81, 82, 47, 46, 27, 26
397, 384, 367, 348, 307, 296, 274, 241, 224, 215, 180, 181, 164, 135, 127, 89, 81, 82, 47, 46, 27
397, 384, 367, 348, 307, 296, 274, 241, 224, 215, 180, 181, 164, 135, 127, 89, 81, 48, 28
397, 384, 367, 348, 307, 296, 274, 241, 224, 215, 180, 163, 133, 128, 110, 80, 50, 30, 29
397, 384, 367, 348, 307, 296, 274, 241, 224, 215, 180, 163, 133, 128, 110, 80, 50, 30
397, 384, 367, 348, 307, 296, 274, 241, 224, 215, 180, 163, 133, 128, 110, 80, 50, 31
397, 384, 367, 348, 307, 296, 274, 241, 224, 214, 178, 162, 152, 130, 108, 77, 52, 32
397, 384, 367, 348, 307, 296, 274, 241, 224, 214, 178, 162, 152, 130, 108, 77, 52, 32, 33
397, 384, 367, 348, 307, 296, 274, 241, 224, 214, 178, 162, 152, 130, 131, 107, 76, 54, 34
397, 384, 367, 348, 307, 296, 274, 241, 224, 214, 178, 162, 152, 151, 132, 106, 75, 74, 55, 35
397, 384, 367, 348, 307, 296, 274, 241, 224, 214, 178, 162, 152, 151, 132, 106, 75, 74, 55, 56, 36
397, 384, 367, 348, 307, 296, 274, 241, 224, 214, 178, 162, 152, 151, 132, 106, 75, 74, 55, 56, 36, 37
397, 384, 367, 348, 307, 296, 274, 241, 224, 214, 178, 162, 152, 151, 132, 106, 75, 74, 55, 56, 36, 37, 38
397, 384, 367, 348, 307, 296, 274, 241, 224, 214, 178, 162, 152, 151, 132, 106, 75, 74, 55, 56, 36, 37, 38, 39
397, 384, 367, 348, 307, 296, 274, 241, 224, 214, 178, 162, 152, 151, 132, 106, 105, 104, 103, 102, 70, 60, 40
397, 384, 367, 348, 307, 296, 274, 241, 224, 214, 178, 162, 152, 151, 132, 106, 105, 104, 103, 102, 70, 60, 40, 41
397, 384, 367, 348, 307, 296, 295, 273, 272, 259, 258, 257, 219, 197, 198, 184, 167, 138, 122, 93, 84, 42
397, 384, 367, 348, 307, 296, 295, 273, 272, 259, 258, 257, 219, 197, 198, 184, 167, 138, 122, 93, 84, 43
397, 384, 367, 348, 307, 296, 295, 273, 272, 259, 258, 257, 219, 197, 198, 184, 167, 138, 122, 93, 84, 44
397, 384, 367, 348, 307, 296, 274, 241, 224, 215, 180, 181, 164, 135, 127, 89, 81, 82, 47, 46, 45
397, 384, 367, 348, 307, 296, 274, 241, 224, 215, 180, 181, 164, 135, 127, 89, 81, 82, 47, 46
397, 384, 367, 348, 307, 296, 274, 241, 224, 215, 180, 181, 164, 135, 127, 89, 81, 82, 47
397, 384, 367, 348, 307, 296, 274, 241, 224, 215, 180, 181, 164, 135, 127, 89, 81, 48
397, 384, 367, 348, 307, 296, 274, 241, 224, 215, 180, 163, 133, 128, 110, 80, 50, 49
397, 384, 367, 348, 307, 296, 274, 241, 224, 215, 180, 163, 133, 128, 110, 80, 50
397, 384, 367, 348, 307, 296, 274, 241, 224, 215, 180, 163, 133, 128, 110, 78, 51
397, 384, 367, 348, 307, 296, 274, 241, 224, 214, 178, 162, 152, 130, 108, 77, 52
397, 384, 367, 348, 307, 296, 274, 241, 224, 214, 178, 162, 152, 130, 131, 107, 76, 53
397, 384, 367, 348, 307, 296, 274, 241, 224, 214, 178, 162, 152, 130, 131, 107, 76, 54
397, 384, 367, 348, 307, 296, 274, 241, 224, 214, 178, 162, 152, 151, 132, 106, 75, 74, 55
397, 384, 367, 348, 307, 296, 274, 241, 224, 214, 178, 162, 152, 151, 132, 106, 75, 74, 55, 56
397, 384, 367, 348, 307, 296, 274, 241, 224, 214, 178, 162, 152, 151, 132, 106, 75, 74, 55, 56, 57
397, 384, 367, 348, 307, 296, 274, 241, 224, 214, 178, 162, 152, 151, 132, 106, 75, 74, 55, 56, 57, 58
397, 384, 367, 348, 307, 296, 274, 241, 224, 214, 178, 162, 152, 151, 132, 106, 75, 74, 55, 56, 57, 58, 59
397, 384, 367, 348, 307, 296, 274, 241, 224, 214, 178, 162, 152, 151, 132, 106, 105, 104, 103, 102, 70, 60
397, 384, 367, 348, 307, 296, 274, 241, 224, 214, 178, 162, 152, 151, 132, 106, 105, 104, 103, 102, 70, 60, 61
397, 384, 367, 348, 307, 296, 274, 241, 224, 214, 178, 162, 152, 151, 132, 106, 105, 104, 103, 102, 70, 60, 61, 62
397, 384, 367, 348, 307, 296, 295, 273, 272, 259, 258, 257, 219, 197, 198, 184, 167, 138, 122, 93, 94, 95, 87, 64, 63
397, 384, 367, 348, 307, 296, 295, 273, 272, 259, 258, 257, 219, 197, 198, 184, 167, 138, 122, 93, 94, 95, 87, 64
397, 384, 367, 348, 307, 296, 295, 273, 272, 259, 258, 257, 219, 197, 198, 184, 167, 138, 122, 93, 94, 95, 87, 65
397, 384, 367, 348, 307, 296, 295, 273, 272, 259, 258, 257, 219, 197, 198, 184, 167, 138, 122, 93, 85, 86, 66
397, 384, 367, 348, 307, 296, 274, 241, 224, 214, 178, 162, 152, 151, 132, 106, 105, 104, 103, 102, 70, 69, 68, 67
397, 384, 367, 348, 307, 296, 274, 241, 224, 214, 178, 162, 152, 151, 132, 106, 105, 104, 103, 102, 70, 69, 68
397, 384, 367, 348, 307, 296, 274, 241, 224, 214, 178, 162, 152, 151, 132, 106, 105, 104, 103, 102, 70, 69
397, 384, 367, 348, 307, 296, 274, 241, 224, 214, 178, 162, 152, 151, 132, 106, 105, 104, 103, 102, 70
397, 384, 367, 348, 307, 296, 274, 241, 224, 214, 178, 162, 152, 151, 132, 106, 105, 104, 103, 71
397, 384, 367, 348, 307, 296, 274, 241, 224, 214, 178, 162, 152, 151, 132, 106, 105, 104, 72
397, 384, 367, 348, 307, 296, 274, 241, 224, 214, 178, 162, 152, 151, 132, 106, 75, 74, 73
397, 384, 367, 348, 307, 296, 274, 241, 224, 214, 178, 162, 152, 151, 132, 106, 75, 74
397, 384, 367, 348, 307, 296, 274, 241, 224, 214, 178, 162, 152, 151, 132, 106, 75
397, 384, 367, 348, 307, 296, 274, 241, 224, 214, 178, 162, 152, 130, 131, 107, 76
397, 384, 367, 348, 307, 296, 274, 241, 224, 214, 178, 162, 152, 130, 108, 77
397, 384, 367, 348, 307, 296, 274, 241, 224, 215, 180, 163, 133, 128, 110, 78
397, 384, 367, 348, 307, 296, 274, 241, 224, 215, 180, 163, 133, 128, 110, 79
397, 384, 367, 348, 307, 296, 274, 241, 224, 215, 180, 163, 133, 128, 110, 80
397, 384, 367, 348, 307, 296, 274, 241, 224, 215, 180, 181, 164, 135, 127, 89, 81
397, 384, 367, 348, 307, 296, 274, 241, 224, 215, 180, 181, 164, 135, 127, 89, 81, 82
397, 384, 367, 348, 307, 296, 274, 241, 224, 215, 180, 181, 164, 135, 127, 89, 90, 91, 83
397, 384, 367, 348, 307, 296, 295, 273, 272, 259, 258, 257, 219, 197, 198, 184, 167, 138, 122, 93, 84
397, 384, 367, 348, 307, 296, 295, 273, 272, 259, 258, 257, 219, 197, 198, 184, 167, 138, 122, 93, 85
397, 384, 367, 348, 307, 296, 295, 273, 272, 259, 258, 257, 219, 197, 198, 184, 167, 138, 122, 93, 85, 86
397, 384, 367, 348, 307, 296, 295, 273, 272, 259, 258, 257, 219, 197, 198, 184, 167, 138, 122, 93, 94, 95, 87
397, 384, 367, 348, 307, 296, 295, 273, 272, 259, 258, 257, 219, 197, 198, 184, 167, 138, 122, 93, 94, 95, 87, 88
397, 384, 367, 348, 307, 296, 274, 241, 224, 215, 180, 181, 164, 135, 127, 89
397, 384, 367, 348, 307, 296, 274, 241, 224, 215, 180, 181, 164, 135, 127, 89, 90
397, 384, 367, 348, 307, 296, 274, 241, 224, 215, 180, 181, 164, 135, 127, 89, 90, 91
397, 384, 367, 348, 307, 296, 274, 241, 224, 215, 180, 181, 164, 135, 127, 89, 90, 91, 92
397, 384, 367, 348, 307, 296, 295, 273, 272, 259, 258, 257, 219, 197, 198, 184, 167, 138, 122, 93
397, 384, 367, 348, 307, 296, 295, 273, 272, 259, 258, 257, 219, 197, 198, 184, 167, 138, 122, 93, 94
397, 384, 367, 348, 307, 296, 295, 273, 272, 259, 258, 257, 219, 197, 198, 184, 167, 138, 122, 93, 94, 95
397, 384, 367, 348, 307, 296, 295, 273, 272, 259, 258, 257, 219, 218, 199, 200, 201, 186, 187, 171, 141, 118, 96
397, 384, 367, 348, 307, 296, 295, 273, 272, 259, 258, 257, 219, 218, 199, 200, 201, 186, 187, 171, 141, 118, 97
397, 398, 383, 382, 381, 364, 363, 362, 334, 335, 336, 316, 283, 263, 251, 235, 204, 189, 173, 143, 117, 98
397, 398, 383, 382, 381, 364, 363, 362, 334, 335, 336, 316, 283, 263, 251, 235, 204, 189, 173, 143, 117, 99
