795, 769, 752, 739, 714, 682, 657, 640, 628, 600, 570, 549, 535, 507, 488, 474, 445, 430, 413, 390, 354, 343, 322, 290, 268, 255, 217, 200, 185, 168, 139, 122, 93, 85, 86, 66, 23, 0
795, 769, 752, 739, 714, 682, 657, 640, 628, 600, 570, 549, 535, 507, 488, 474, 445, 430, 413, 390, 354, 343, 322, 290, 268, 255, 217, 200, 185, 168, 139, 122, 93, 85, 86, 66, 25, 1
795, 769, 752, 739, 714, 682, 657, 640, 628, 600, 570, 549, 535, 507, 488, 474, 445, 430, 413, 390, 354, 343, 322, 290, 268, 255, 217, 200, 185, 168, 139, 122, 93, 84, 44, 26, 2
795, 769, 752, 739, 714, 682, 657, 640, 628, 600, 570, 549, 535, 507, 488, 474, 445, 430, 413, 390, 354, 343, 322, 290, 268, 255, 217, 200, 185, 168, 139, 122, 92, 83, 45, 27, 3
795, 769, 752, 739, 714, 682, 657, 640, 628, 600, 570, 549, 535, 507, 488, 474, 444, 433, 394, 387, 371, 345, 326, 294, 272, 259, 221, 216, 182, 165, 136, 127, 89, 81, 48, 28, 4
795, 769, 752, 739, 714, 682, 657, 640, 628, 600, 570, 549, 535, 507, 488, 474, 444, 433, 394, 387, 371, 345, 326, 294, 272, 259, 221, 216, 182, 165, 136, 127, 89, 81, 48, 29, 5
795, 769, 752, 739, 714, 682, 657, 640, 641, 627, 601, 571, 550, 537, 503, 502, 491, 478, 441, 436, 396, 385, 368, 348, 307, 296, 274, 241, 224, 215, 180, 163, 133, 128, 110, 80, 50, 31, 6
795, 769, 752, 739, 714, 682, 657, 640, 641, 627, 601, 571, 550, 537, 503, 502, 491, 478, 441, 436, 396, 385, 368, 348, 307, 296, 274, 241, 224, 214, 178, 162, 152, 130, 108, 77, 52, 32, 7
795, 769, 752, 739, 714, 682, 657, 640, 641, 627, 601, 571, 550, 537, 503, 502, 491, 478, 441, 436, 396, 385, 368, 348, 307, 296, 274, 241, 224, 214, 178, 162, 152, 130, 108, 77, 52, 32, 7, 8
795, 769, 752, 739, 714, 682, 657, 640, 641, 627, 601, 571, 550, 537, 503, 502, 491, 478, 441, 436, 396, 385, 368, 348, 307, 296, 274, 241, 224, 214, 178, 162, 152, 130, 108, 77, 52, 32, 7, 8, 9
795, 769, 752, 739, 714, 682, 657, 640, 641, 627, 601, 571, 550, 537, 503, 502, 491, 478, 441, 436, 396, 385, 368, 348, 307, 296, 274, 241, 224, 214, 178, 162, 152, 130, 131, 107, 76, 54, 34, 10
795, 769, 752, 739, 714, 682, 657, 640, 641, 627, 601, 571, 550, 537, 503, 502, 491, 478, 441, 436, 396, 385, 368, 348, 307, 296, 274, 241, 224, 214, 178, 162, 152, 151, 132, 106, 75, 74, 55, 35, 11
795, 769, 752, 739, 714, 682, 657, 640, 641, 627, 601, 571, 550, 537, 503, 502, 491, 478, 441, 436, 396, 385, 368, 348, 307, 296, 274, 241, 224, 214, 178, 162, 152, 151, 132, 106, 75, 74, 55, 56, 36, 12
795, 769, 752, 739, 714, 682, 657, 640, 641, 627, 601, 571, 550, 537, 503, 502, 491, 478, 441, 436, 396, 385, 368, 348, 307, 296, 274, 241, 224, 214, 178, 162, 152, 151, 132, 106, 75, 74, 55, 56, 36, 12, 13
795, 769, 752, 739, 714, 682, 657, 640, 641, 627, 601, 571, 550, 537, 503, 502, 491, 478, 441, 436, 396, 385, 368, 348, 307, 296, 274, 241, 224, 214, 178, 162, 152, 151, 132, 106, 75, 74, 55, 56, 36, 12, 13, 14
795, 796, 797, 798, 832, 846, 866, 885, 914, 925, 947, 968, 989, 1012, 1038, 1061, 1080, 1109, 1131, 1140, 1141, 1169, 1185, 1205, 1227, 1255, 1267, 1268, 1284, 1302, 1330, 1343, 1378, 1386, 1419, 1434, 1457, 1482, 1488, 1519, 1545, 15
795, 769, 752, 739, 714, 682, 657, 640, 628, 600, 570, 549, 535, 507, 488, 474, 445, 430, 413, 390, 391, 392, 393, 356, 338, 319, 287, 264, 252, 236, 204, 189, 173, 143, 117, 98, 67, 62, 41, 17, 16
795, 769, 752, 739, 714, 682, 657, 640, 628, 600, 570, 549, 535, 507, 488, 474, 445, 430, 413, 390, 391, 392, 393, 356, 338, 319, 287, 264, 252, 236, 204, 189, 173, 143, 117, 98, 67, 62, 41, 17
795, 829, 844, 845, 863, 882, 911, 942, 951, 964, 1005, 1006, 1034, 1064, 1082, 1105, 1134, 1136, 1164, 1200, 1219, 1222, 1259, 1262, 1298, 1309, 1336, 1357, 1370, 1401, 1413, 1440, 1462, 1466, 1493, 1524, 1542, 18
795, 769, 752, 739, 714, 682, 657, 640, 628, 600, 570, 549, 535, 507, 488, 474, 445, 430, 413, 390, 391, 355, 341, 321, 289, 266, 254, 238, 202, 186, 170, 140, 120, 95, 87, 64, 22, 20, 19
795, 769, 752, 739, 714, 682, 657, 640, 628, 600, 570, 549, 535, 507, 488, 474, 445, 430, 413, 390, 391, 355, 341, 321, 289, 266, 254, 238, 202, 186, 170, 140, 120, 95, 87, 64, 22, 20
795, 769, 752, 739, 714, 682, 657, 640, 628, 600, 570, 549, 535, 507, 488, 474, 445, 430, 413, 390, 391, 355, 341, 321, 289, 266, 254, 238, 202, 186, 170, 140, 120, 95, 87, 64, 22, 21
795, 769, 752, 739, 714, 682, 657, 640, 628, 600, 570, 549, 535, 507, 488, 474, 445, 430, 413, 390, 391, 355, 341, 321, 289, 266, 254, 238, 202, 186, 170, 140, 120, 95, 87, 64, 22
795, 769, 752, 739, 714, 682, 657, 640, 628, 600, 570, 549, 535, 507, 488, 474, 445, 430, 413, 390, 354, 343, 322, 290, 268, 255, 217, 200, 185, 168, 139, 122, 93, 85, 86, 66, 23
795, 769, 752, 739, 714, 682, 657, 640, 628, 600, 570, 549, 535, 507, 488, 474, 445, 430, 413, 390, 354, 343, 322, 290, 268, 255, 217, 200, 185, 168, 139, 122, 93, 85, 86, 66, 24
795, 769, 752, 739, 714, 682, 657, 640, 628, 600, 570, 549, 535, 507, 488, 474, 445, 430, 413, 390, 354, 343, 322, 290, 268, 255, 217, 200, 185, 168, 139, 122, 93, 85, 86, 66, 25
795, 769, 752, 739, 714, 682, 657, 640, 628, 600, 570, 549, 535, 507, 488, 474, 445, 430, 413, 390, 354, 343, 322, 290, 268, 255, 217, 200, 185, 168, 139, 122, 93, 84, 44, 26
795, 769, 752, 739, 714, 682, 657, 640, 628, 600, 570, 549, 535, 507, 488, 474, 445, 430, 413, 390, 354, 343, 322, 290, 268, 255, 217, 200, 185, 168, 139, 122, 92, 83, 45, 27
795, 769, 752, 739, 714, 682, 657, 640, 628, 600, 570, 549, 535, 507, 488, 474, 444, 433, 394, 387, 371, 345, 326, 294, 272, 259, 221, 216, 182, 165, 136, 127, 89, 81, 48, 28
795, 769, 752, 739, 714, 682, 657, 640, 628, 600, 570, 549, 535, 507, 488, 474, 444, 433, 394, 387, 371, 345, 326, 294, 272, 259, 221, 216, 182, 165, 136, 127, 89, 81, 48, 29
795, 769, 752, 739, 714, 682, 657, 640, 641, 627, 601, 571, 550, 537, 503, 502, 491, 478, 441, 436, 396, 385, 368, 348, 307, 296, 274, 241, 224, 215, 180, 163, 133, 128, 110, 80, 50, 30
795, 769, 752, 739, 714, 682, 657, 640, 641, 627, 601, 571, 550, 537, 503, 502, 491, 478, 441, 436, 396, 385, 368, 348, 307, 296, 274, 241, 224, 215, 180, 163, 133, 128, 110, 80, 50, 31
795, 769, 752, 739, 714, 682, 657, 640, 641, 627, 601, 571, 550, 537, 503, 502, 491, 478, 441, 436, 396, 385, 368, 348, 307, 296, 274, 241, 224, 214, 178, 162, 152, 130, 108, 77, 52, 32
795, 769, 752, 739, 714, 682, 657, 640, 641, 627, 601, 571, 550, 537, 503, 502, 491, 478, 441, 436, 396, 385, 368, 348, 307, 296, 274, 241, 224, 214, 178, 162, 152, 130, 108, 77, 52, 32, 33
795, 769, 752, 739, 714, 682, 657, 640, 641, 627, 601, 571, 550, 537, 503, 502, 491, 478, 441, 436, 396, 385, 368, 348, 307, 296, 274, 241, 224, 214, 178, 162, 152, 130, 131, 107, 76, 54, 34
795, 769, 752, 739, 714, 682, 657, 640, 641, 627, 601, 571, 550, 537, 503, 502, 491, 478, 441, 436, 396, 385, 368, 348, 307, 296, 274, 241, 224, 214, 178, 162, 152, 151, 132, 106, 75, 74, 55, 35
795, 769, 752, 739, 714, 682, 657, 640, 641, 627, 601, 571, 550, 537, 503, 502, 491, 478, 441, 436, 396, 385, 368, 348, 307, 296, 274, 241, 224, 214, 178, 162, 152, 151, 132, 106, 75, 74, 55, 56, 36
795, 769, 752, 739, 714, 682, 657, 640, 641, 627, 601, 571, 550, 537, 503, 502, 491, 478, 441, 436, 396, 385, 368, 348, 307, 296, 274, 241, 224, 214, 178, 162, 152, 151, 132, 106, 75, 74, 55, 56, 36, 37
795, 769, 752, 739, 714, 682, 657, 640, 628, 600, 570, 549, 535, 507, 488, 474, 445, 430, 413, 390, 391, 392, 393, 356, 338, 319, 287, 264, 252, 236, 204, 189, 173, 143, 117, 98, 67, 62, 41, 40, 39, 38
795, 769, 752, 739, 714, 682, 657, 640, 628, 600, 570, 549, 535, 507, 488, 474, 445, 430, 413, 390, 391, 392, 393, 356, 338, 319, 287, 264, 252, 236, 204, 189, 173, 143, 117, 98, 67, 62, 41, 40, 39
795, 769, 752, 739, 714, 682, 657, 640, 628, 600, 570, 549, 535, 507, 488, 474, 445, 430, 413, 390, 391, 392, 393, 356, 338, 319, 287, 264, 252, 236, 204, 189, 173, 143, 117, 98, 67, 62, 41, 40
795, 769, 752, 739, 714, 682, 657, 640, 628, 600, 570, 549, 535, 507, 488, 474, 445, 430, 413, 390, 391, 392, 393, 356, 338, 319, 287, 264, 252, 236, 204, 189, 173, 143, 117, 98, 67, 62, 41
795, 769, 752, 739, 714, 682, 657, 640, 628, 600, 570, 549, 535, 507, 488, 474, 445, 430, 413, 390, 354, 343, 322, 290, 268, 255, 217, 200, 185, 168, 139, 122, 93, 84, 42
795, 769, 752, 739, 714, 682, 657, 640, 628, 600, 570, 549, 535, 507, 488, 474, 445, 430, 413, 390, 354, 343, 322, 290, 268, 255, 217, 200, 185, 168, 139, 122, 93, 84, 43
795, 769, 752, 739, 714, 682, 657, 640, 628, 600, 570, 549, 535, 507, 488, 474, 445, 430, 413, 390, 354, 343, 322, 290, 268, 255, 217, 200, 185, 168, 139, 122, 93, 84, 44
795, 769, 752, 739, 714, 682, 657, 640, 628, 600, 570, 549, 535, 507, 488, 474, 445, 430, 413, 390, 354, 343, 322, 290, 268, 255, 217, 200, 185, 168, 139, 122, 92, 83, 45
795, 769, 752, 739, 714, 682, 657, 640, 628, 600, 570, 549, 535, 507, 488, 474, 445, 430, 413, 390, 354, 343, 322, 290, 268, 255, 217, 200, 185, 168, 139, 122, 92, 83, 46
795, 769, 752, 739, 714, 682, 657, 640, 628, 600, 570, 549, 535, 507, 488, 474, 444, 433, 394, 387, 371, 345, 326, 294, 272, 259, 221, 216, 182, 165, 136, 127, 89, 81, 82, 47
795, 769, 752, 739, 714, 682, 657, 640, 628, 600, 570, 549, 535, 507, 488, 474, 444, 433, 394, 387, 371, 345, 326, 294, 272, 259, 221, 216, 182, 165, 136, 127, 89, 81, 48
795, 769, 752, 739, 714, 682, 657, 640, 641, 627, 601, 571, 550, 537, 503, 502, 491, 478, 441, 436, 396, 385, 368, 348, 307, 296, 274, 241, 224, 215, 180, 163, 133, 128, 110, 80, 50, 49
795, 769, 752, 739, 714, 682, 657, 640, 641, 627, 601, 571, 550, 537, 503, 502, 491, 478, 441, 436, 396, 385, 368, 348, 307, 296, 274, 241, 224, 215, 180, 163, 133, 128, 110, 80, 50
795, 769, 752, 739, 714, 682, 657, 640, 641, 627, 601, 571, 550, 537, 503, 502, 491, 478, 441, 436, 396, 385, 368, 348, 307, 296, 274, 241, 224, 215, 180, 163, 133, 128, 110, 78, 51
795, 769, 752, 739, 714, 682, 657, 640, 641, 627, 601, 571, 550, 537, 503, 502, 491, 478, 441, 436, 396, 385, 368, 348, 307, 296, 274, 241, 224, 214, 178, 162, 152, 130, 108, 77, 52
795, 769, 752, 739, 714, 682, 657, 640, 641, 627, 601, 571, 550, 537, 503, 502, 491, 478, 441, 436, 396, 385, 368, 348, 307, 296, 274, 241, 224, 214, 178, 162, 152, 130, 131, 107, 76, 53
795, 769, 752, 739, 714, 682, 657, 640, 641, 627, 601, 571, 550, 537, 503, 502, 491, 478, 441, 436, 396, 385, 368, 348, 307, 296, 274, 241, 224, 214, 178, 162, 152, 130, 131, 107, 76, 54
795, 769, 752, 739, 714, 682, 657, 640, 641, 627, 601, 571, 550, 537, 503, 502, 491, 478, 441, 436, 396, 385, 368, 348, 307, 296, 274, 241, 224, 214, 178, 162, 152, 151, 132, 106, 75, 74, 55
795, 769, 752, 739, 714, 682, 657, 640, 641, 627, 601, 571, 550, 537, 503, 502, 491, 478, 441, 436, 396, 385, 368, 348, 307, 296, 274, 241, 224, 214, 178, 162, 152, 151, 132, 106, 75, 74, 55, 56
795, 769, 752, 739, 714, 682, 657, 640, 641, 627, 601, 571, 550, 537, 503, 502, 491, 478, 441, 436, 396, 385, 368, 348, 307, 296, 274, 241, 224, 214, 178, 162, 152, 151, 132, 106, 75, 74, 55, 56, 57
795, 769, 752, 739, 714, 682, 657, 640, 641, 627, 601, 571, 550, 537, 503, 502, 491, 478, 441, 436, 396, 385, 368, 348, 307, 296, 274, 241, 224, 214, 178, 162, 152, 151, 132, 106, 75, 74, 55, 56, 57, 58
795, 769, 752, 739, 714, 682, 657, 640, 628, 600, 570, 549, 535, 507, 488, 474, 445, 430, 413, 390, 391, 392, 393, 356, 338, 319, 287, 264, 252, 236, 204, 189, 173, 143, 117, 98, 67, 68, 69, 70, 59
795, 769, 752, 739, 714, 682, 657, 640, 628, 600, 570, 549, 535, 507, 488, 474, 445, 430, 413, 390, 391, 392, 393, 356, 338, 319, 287, 264, 252, 236, 204, 189, 173, 143, 117, 98, 67, 62, 61, 60
795, 769, 752, 739, 714, 682, 657, 640, 628, 600, 570, 549, 535, 507, 488, 474, 445, 430, 413, 390, 391, 392, 393, 356, 338, 319, 287, 264, 252, 236, 204, 189, 173, 143, 117, 98, 67, 62, 61
795, 769, 752, 739, 714, 682, 657, 640, 628, 600, 570, 549, 535, 507, 488, 474, 445, 430, 413, 390, 391, 392, 393, 356, 338, 319, 287, 264, 252, 236, 204, 189, 173, 143, 117, 98, 67, 62
795, 769, 752, 739, 714, 682, 657, 640, 628, 600, 570, 549, 535, 507, 488, 474, 445, 430, 413, 390, 391, 355, 341, 321, 289, 266, 254, 238, 202, 186, 187, 171, 141, 118, 96, 88, 63
795, 769, 752, 739, 714, 682, 657, 640, 628, 600, 570, 549, 535, 507, 488, 474, 445, 430, 413, 390, 391, 355, 341, 321, 289, 266, 254, 238, 202, 186, 170, 140, 120, 95, 87, 64
795, 769, 752, 739, 714, 682, 657, 640, 628, 600, 570, 549, 535, 507, 488, 474, 445, 430, 413, 390, 391, 355, 341, 321, 289, 266, 254, 238, 202, 186, 170, 140, 120, 95, 87, 65
795, 769, 752, 739, 714, 682, 657, 640, 628, 600, 570, 549, 535, 507, 488, 474, 445, 430, 413, 390, 354, 343, 322, 290, 268, 255, 217, 200, 185, 168, 139, 122, 93, 85, 86, 66
795, 769, 752, 739, 714, 682, 657, 640, 628, 600, 570, 549, 535, 507, 488, 474, 445, 430, 413, 390, 391, 392, 393, 356, 338, 319, 287, 264, 252, 236, 204, 189, 173, 143, 117, 98, 67
795, 769, 752, 739, 714, 682, 657, 640, 628, 600, 570, 549, 535, 507, 488, 474, 445, 430, 413, 390, 391, 392, 393, 356, 338, 319, 287, 264, 252, 236, 204, 189, 173, 143, 117, 98, 67, 68
795, 769, 752, 739, 714, 682, 657, 640, 628, 600, 570, 549, 535, 507, 488, 474, 445, 430, 413, 390, 391, 392, 393, 356, 338, 319, 287, 264, 252, 236, 204, 189, 173, 143, 117, 98, 67, 68, 69
795, 769, 752, 739, 714, 682, 657, 640, 628, 600, 570, 549, 535, 507, 488, 474, 445, 430, 413, 390, 391, 392, 393, 356, 338, 319, 287, 264, 252, 236, 204, 189, 173, 143, 117, 98, 67, 68, 69, 70
795, 769, 752, 739, 714, 682, 657, 640, 641, 627, 601, 571, 550, 537, 503, 502, 491, 478, 441, 436, 396, 385, 368, 348, 307, 296, 274, 241, 224, 214, 178, 162, 152, 151, 132, 106, 105, 104, 103, 71
795, 769, 752, 739, 714, 682, 657, 640, 641, 627, 601, 571, 550, 537, 503, 502, 491, 478, 441, 436, 396, 385, 368, 348, 307, 296, 274, 241, 224, 214, 178, 162, 152, 151, 132, 106, 105, 104, 72
795, 769, 752, 739, 714, 682, 657, 640, 641, 627, 601, 571, 550, 537, 503, 502, 491, 478, 441, 436, 396, 385, 368, 348, 307, 296, 274, 241, 224, 214, 178, 162, 152, 151, 132, 106, 75, 74, 73
795, 769, 752, 739, 714, 682, 657, 640, 641, 627, 601, 571, 550, 537, 503, 502, 491, 478, 441, 436, 396, 385, 368, 348, 307, 296, 274, 241, 224, 214, 178, 162, 152, 151, 132, 106, 75, 74
795, 769, 752, 739, 714, 682, 657, 640, 641, 627, 601, 571, 550, 537, 503, 502, 491, 478, 441, 436, 396, 385, 368, 348, 307, 296, 274, 241, 224, 214, 178, 162, 152, 151, 132, 106, 75
795, 769, 752, 739, 714, 682, 657, 640, 641, 627, 601, 571, 550, 537, 503, 502, 491, 478, 441, 436, 396, 385, 368, 348, 307, 296, 274, 241, 224, 214, 178, 162, 152, 130, 131, 107, 76
795, 769, 752, 739, 714, 682, 657, 640, 641, 627, 601, 571, 550, 537, 503, 502, 491, 478, 441, 436, 396, 385, 368, 348, 307, 296, 274, 241, 224, 214, 178, 162, 152, 130, 108, 77
795, 769, 752, 739, 714, 682, 657, 640, 641, 627, 601, 571, 550, 537, 503, 502, 491, 478, 441, 436, 396, 385, 368, 348, 307, 296, 274, 241, 224, 215, 180, 163, 133, 128, 110, 78
795, 769, 752, 739, 714, 682, 657, 640, 641, 627, 601, 571, 550, 537, 503, 502, 491, 478, 441, 436, 396, 385, 368, 348, 307, 296, 274, 241, 224, 215, 180, 163, 133, 128, 110, 79
795, 769, 752, 739, 714, 682, 657, 640, 641, 627, 601, 571, 550, 537, 503, 502, 491, 478, 441, 436, 396, 385, 368, 348, 307, 296, 274, 241, 224, 215, 180, 163, 133, 128, 110, 80
795, 769, 752, 739, 714, 682, 657, 640, 628, 600, 570, 549, 535, 507, 488, 474, 444, 433, 394, 387, 371, 345, 326, 294, 272, 259, 221, 216, 182, 165, 136, 127, 89, 81
795, 769, 752, 739, 714, 682, 657, 640, 628, 600, 570, 549, 535, 507, 488, 474, 444, 433, 394, 387, 371, 345, 326, 294, 272, 259, 221, 216, 182, 165, 136, 127, 89, 81, 82
795, 769, 752, 739, 714, 682, 657, 640, 628, 600, 570, 549, 535, 507, 488, 474, 445, 430, 413, 390, 354, 343, 322, 290, 268, 255, 217, 200, 185, 168, 139, 122, 92, 83
795, 769, 752, 739, 714, 682, 657, 640, 628, 600, 570, 549, 535, 507, 488, 474, 445, 430, 413, 390, 354, 343, 322, 290, 268, 255, 217, 200, 185, 168, 139, 122, 93, 84
795, 769, 752, 739, 714, 682, 657, 640, 628, 600, 570, 549, 535, 507, 488, 474, 445, 430, 413, 390, 354, 343, 322, 290, 268, 255, 217, 200, 185, 168, 139, 122, 93, 85
795, 769, 752, 739, 714, 682, 657, 640, 628, 600, 570, 549, 535, 507, 488, 474, 445, 430, 413, 390, 354, 343, 322, 290, 268, 255, 217, 200, 185, 168, 139, 122, 93, 85, 86
795, 769, 752, 739, 714, 682, 657, 640, 628, 600, 570, 549, 535, 507, 488, 474, 445, 430, 413, 390, 391, 355, 341, 321, 289, 266, 254, 238, 202, 186, 170, 140, 120, 95, 87
795, 769, 752, 739, 714, 682, 657, 640, 628, 600, 570, 549, 535, 507, 488, 474, 445, 430, 413, 390, 391, 355, 341, 321, 289, 266, 254, 238, 202, 186, 187, 171, 141, 118, 96, 88
795, 769, 752, 739, 714, 682, 657, 640, 628, 600, 570, 549, 535, 507, 488, 474, 444, 433, 394, 387, 371, 345, 326, 294, 272, 259, 221, 216, 182, 165, 136, 127, 89
795, 769, 752, 739, 714, 682, 657, 640, 628, 600, 570, 549, 535, 507, 488, 474, 444, 433, 394, 387, 371, 345, 326, 294, 271, 258, 220, 196, 183, 166, 137, 123, 90
795, 769, 752, 739, 714, 682, 657, 640, 628, 600, 570, 549, 535, 507, 488, 474, 445, 430, 413, 390, 354, 343, 322, 290, 268, 255, 217, 200, 185, 168, 139, 122, 91
795, 769, 752, 739, 714, 682, 657, 640, 628, 600, 570, 549, 535, 507, 488, 474, 445, 430, 413, 390, 354, 343, 322, 290, 268, 255, 217, 200, 185, 168, 139, 122, 92
795, 769, 752, 739, 714, 682, 657, 640, 628, 600, 570, 549, 535, 507, 488, 474, 445, 430, 413, 390, 354, 343, 322, 290, 268, 255, 217, 200, 185, 168, 139, 122, 93
795, 769, 752, 739, 714, 682, 657, 640, 628, 600, 570, 549, 535, 507, 488, 474, 445, 430, 413, 390, 354, 343, 322, 290, 268, 255, 217, 200, 185, 168, 139, 122, 93, 94
795, 769, 752, 739, 714, 682, 657, 640, 628, 600, 570, 549, 535, 507, 488, 474, 445, 430, 413, 390, 391, 355, 341, 321, 289, 266, 254, 238, 202, 186, 170, 140, 120, 95
795, 769, 752, 739, 714, 682, 657, 640, 628, 600, 570, 549, 535, 507, 488, 474, 445, 430, 413, 390, 391, 355, 341, 321, 289, 266, 254, 238, 202, 186, 187, 171, 141, 118, 96
795, 769, 752, 739, 714, 682, 657, 640, 628, 600, 570, 549, 535, 507, 488, 474, 445, 430, 413, 390, 391, 355, 341, 321, 289, 266, 254, 238, 202, 186, 187, 171, 141, 118, 97
795, 769, 752, 739, 714, 682, 657, 640, 628, 600, 570, 549, 535, 507, 488, 474, 445, 430, 413, 390, 391, 392, 393, 356, 338, 319, 287, 264, 252, 236, 204, 189, 173, 143, 117, 98
795, 769, 752, 739, 714, 682, 657, 640, 628, 600, 570, 549, 535, 507, 488, 474, 445, 430, 413, 390, 391, 392, 393, 356, 338, 319, 287, 264, 252, 236, 204, 189, 173, 143, 117, 99
