325, 293, 272, 250, 232, 217, 216, 185, 177, 151, 110, 108, 85, 67, 26, 0
325, 293, 272, 250, 232, 217, 216, 185, 177, 151, 110, 108, 85, 67, 26, 1
325, 293, 272, 250, 232, 217, 216, 185, 177, 151, 110, 108, 85, 67, 26, 2
325, 293, 272, 250, 232, 217, 216, 185, 177, 151, 110, 108, 85, 67, 26, 2, 3
325, 293, 272, 250, 232, 217, 216, 185, 177, 151, 110, 108, 85, 86, 46, 24, 4
325, 293, 272, 250, 232, 217, 216, 185, 177, 151, 110, 108, 85, 86, 46, 24, 23, 5
325, 293, 272, 250, 232, 217, 216, 185, 177, 151, 110, 108, 85, 86, 46, 24, 23, 5, 6
325, 293, 272, 273, 249, 248, 247, 246, 228, 227, 212, 181, 172, 133, 116, 92, 69, 50, 44, 7
325, 293, 272, 273, 249, 248, 247, 246, 228, 227, 212, 181, 172, 133, 116, 92, 69, 50, 44, 8
325, 293, 272, 273, 249, 248, 247, 246, 228, 227, 212, 181, 172, 133, 116, 92, 69, 50, 44, 8, 9
325, 293, 272, 273, 249, 248, 247, 246, 228, 227, 212, 181, 172, 133, 116, 92, 69, 50, 44, 8, 9, 10
325, 293, 272, 273, 249, 248, 247, 246, 228, 227, 212, 181, 172, 133, 116, 92, 69, 50, 44, 8, 9, 10, 11
325, 293, 272, 250, 251, 252, 233, 219, 220, 221, 199, 200, 194, 164, 165, 141, 122, 98, 75, 57, 37, 12
325, 293, 272, 250, 232, 218, 189, 190, 191, 160, 161, 145, 144, 124, 100, 77, 59, 35, 14, 13
325, 293, 272, 250, 232, 218, 189, 190, 191, 160, 161, 145, 144, 124, 100, 77, 59, 35, 14
325, 293, 272, 250, 232, 218, 189, 157, 149, 148, 128, 127, 126, 102, 101, 78, 60, 33, 15
325, 293, 272, 250, 232, 218, 189, 157, 149, 129, 105, 82, 81, 62, 61, 32, 16
325, 293, 272, 250, 232, 218, 189, 157, 149, 129, 105, 82, 81, 62, 31, 17
325, 293, 272, 250, 232, 218, 189, 157, 149, 129, 105, 82, 63, 30, 18
325, 293, 272, 250, 232, 218, 189, 157, 149, 129, 105, 82, 63, 30, 19
325, 293, 272, 250, 232, 217, 187, 156, 150, 130, 106, 83, 64, 29, 20
325, 293, 272, 250, 232, 217, 187, 156, 150, 130, 106, 83, 64, 29, 28, 21
325, 293, 272, 250, 232, 217, 216, 185, 177, 151, 110, 108, 85, 86, 46, 24, 23, 22
325, 293, 272, 250, 232, 217, 216, 185, 177, 151, 110, 108, 85, 86, 46, 24, 23
325, 293, 272, 250, 232, 217, 216, 185, 177, 151, 110, 108, 85, 86, 46, 24
325, 293, 272, 250, 232, 217, 216, 185, 177, 151, 110, 108, 85, 67, 26, 25
325, 293, 272, 250, 232, 217, 216, 185, 177, 151, 110, 108, 85, 67, 26
325, 293, 272, 250, 232, 217, 216, 185, 177, 151, 110, 107, 84, 65, 27
325, 293, 272, 250, 232, 217, 187, 156, 150, 130, 106, 83, 64, 29, 28
325, 293, 272, 250, 232, 217, 187, 156, 150, 130, 106, 83, 64, 29
325, 293, 272, 250, 232, 218, 189, 157, 149, 129, 105, 82, 63, 30
325, 293, 272, 250, 232, 218, 189, 157, 149, 129, 105, 82, 81, 62, 31
325, 293, 272, 250, 232, 218, 189, 157, 149, 129, 105, 82, 81, 62, 61, 32
325, 293, 272, 250, 232, 218, 189, 157, 149, 148, 128, 127, 126, 102, 101, 78, 60, 33
325, 293, 272, 250, 232, 218, 189, 157, 149, 148, 128, 127, 126, 102, 101, 78, 60, 34
325, 293, 272, 250, 232, 218, 189, 190, 191, 160, 161, 145, 144, 124, 100, 77, 59, 35
325, 293, 272, 250, 232, 218, 189, 190, 191, 160, 161, 145, 144, 124, 100, 77, 59, 35, 36
325, 293, 272, 250, 251, 252, 233, 219, 220, 221, 199, 200, 194, 164, 165, 141, 122, 98, 75, 57, 37
325, 293, 272, 250, 251, 252, 233, 219, 220, 221, 199, 200, 194, 164, 165, 141, 122, 98, 75, 57, 37, 38
325, 293, 272, 250, 251, 252, 233, 219, 220, 221, 199, 200, 194, 164, 165, 141, 122, 98, 75, 57, 37, 38, 39
325, 293, 272, 250, 251, 252, 233, 219, 220, 221, 199, 200, 194, 164, 165, 141, 122, 98, 75, 57, 37, 38, 39, 40
325, 293, 272, 273, 249, 248, 247, 246, 228, 227, 212, 181, 172, 133, 116, 92, 69, 50, 44, 43, 42, 41
325, 293, 272, 273, 249, 248, 247, 246, 228, 227, 212, 181, 172, 133, 116, 92, 69, 50, 44, 43, 42
325, 293, 272, 273, 249, 248, 247, 246, 228, 227, 212, 181, 172, 133, 116, 92, 69, 50, 44, 43
325, 293, 272, 273, 249, 248, 247, 246, 228, 227, 212, 181, 172, 133, 116, 92, 69, 50, 44
325, 293, 272, 250, 232, 217, 216, 185, 177, 151, 110, 108, 85, 86, 46, 24, 23, 22, 45
325, 293, 272, 250, 232, 217, 216, 185, 177, 151, 110, 108, 85, 86, 46
325, 293, 272, 250, 232, 217, 216, 185, 177, 151, 110, 108, 85, 86, 47
325, 293, 272, 250, 232, 217, 216, 185, 177, 151, 110, 108, 85, 86, 46, 24, 48
325, 293, 272, 250, 232, 217, 216, 185, 177, 151, 110, 108, 85, 86, 46, 24, 48, 49
325, 293, 272, 273, 249, 248, 247, 246, 228, 227, 212, 181, 172, 133, 116, 92, 69, 50
325, 293, 272, 273, 249, 248, 247, 246, 228, 227, 212, 181, 172, 133, 116, 92, 69, 50, 51
325, 293, 272, 273, 249, 248, 247, 246, 228, 227, 212, 181, 172, 133, 116, 92, 69, 50, 51, 52
325, 293, 272, 273, 249, 248, 247, 246, 228, 227, 212, 181, 172, 133, 116, 92, 69, 50, 51, 52, 53
325, 293, 272, 273, 249, 248, 247, 246, 228, 227, 212, 181, 172, 133, 116, 117, 118, 119, 95, 73, 54
325, 293, 272, 250, 251, 252, 253, 254, 255, 256, 257, 258, 259, 241, 203, 196, 166, 140, 121, 96, 74, 55
325, 293, 272, 250, 251, 252, 253, 254, 255, 256, 257, 258, 259, 241, 203, 196, 166, 140, 121, 96, 74, 56
325, 293, 272, 250, 251, 252, 233, 219, 220, 221, 199, 200, 194, 164, 165, 141, 122, 98, 75, 57
325, 293, 272, 250, 232, 218, 189, 190, 191, 160, 161, 145, 144, 124, 100, 77, 76, 58
325, 293, 272, 250, 232, 218, 189, 190, 191, 160, 161, 145, 144, 124, 100, 77, 59
325, 293, 272, 250, 232, 218, 189, 157, 149, 148, 128, 127, 126, 102, 101, 78, 60
325, 293, 272, 250, 232, 218, 189, 157, 149, 129, 105, 82, 81, 62, 61
325, 293, 272, 250, 232, 218, 189, 157, 149, 129, 105, 82, 81, 62
325, 293, 272, 250, 232, 218, 189, 157, 149, 129, 105, 82, 63
325, 293, 272, 250, 232, 217, 187, 156, 150, 130, 106, 83, 64
325, 293, 272, 250, 232, 217, 216, 185, 177, 151, 110, 107, 84, 65
325, 293, 272, 250, 232, 217, 216, 185, 177, 151, 110, 107, 84, 66
325, 293, 272, 250, 232, 217, 216, 185, 177, 151, 110, 108, 85, 67
325, 293, 272, 273, 249, 248, 247, 246, 228, 227, 212, 181, 172, 132, 115, 91, 68
325, 293, 272, 273, 249, 248, 247, 246, 228, 227, 212, 181, 172, 133, 116, 92, 69
325, 293, 272, 273, 249, 248, 247, 246, 228, 227, 212, 181, 172, 133, 116, 92, 69, 70
325, 293, 272, 273, 249, 248, 247, 246, 228, 227, 212, 181, 172, 133, 116, 92, 69, 70, 71
325, 293, 272, 273, 249, 248, 247, 246, 228, 227, 212, 181, 172, 133, 116, 117, 118, 94, 72
325, 293, 272, 273, 249, 248, 247, 246, 228, 227, 212, 181, 172, 133, 116, 117, 118, 119, 95, 73
325, 293, 272, 250, 251, 252, 253, 254, 255, 256, 257, 258, 259, 241, 203, 196, 166, 140, 121, 96, 74
325, 293, 272, 250, 251, 252, 233, 219, 220, 221, 199, 200, 194, 164, 165, 141, 122, 98, 75
325, 293, 272, 250, 232, 218, 189, 190, 191, 160, 161, 145, 144, 124, 100, 77, 76
325, 293, 272, 250, 232, 218, 189, 190, 191, 160, 161, 145, 144, 124, 100, 77
325, 293, 272, 250, 232, 218, 189, 157, 149, 148, 128, 127, 126, 102, 101, 78
325, 293, 272, 250, 232, 218, 189, 157, 149, 148, 128, 127, 126, 102, 79
325, 293, 272, 250, 232, 218, 189, 157, 149, 148, 128, 127, 104, 103, 80
325, 293, 272, 250, 232, 218, 189, 157, 149, 129, 105, 82, 81
325, 293, 272, 250, 232, 218, 189, 157, 149, 129, 105, 82
325, 293, 272, 250, 232, 217, 187, 156, 150, 130, 106, 83
325, 293, 272, 250, 232, 217, 216, 185, 177, 151, 110, 107, 84
325, 293, 272, 250, 232, 217, 216, 185, 177, 151, 110, 108, 85
325, 293, 272, 250, 232, 217, 216, 185, 177, 151, 110, 108, 85, 86
325, 293, 272, 250, 232, 217, 216, 185, 177, 151, 110, 108, 85, 86, 87
325, 293, 272, 250, 232, 217, 216, 185, 177, 151, 110, 108, 85, 86, 87, 88
325, 293, 272, 250, 232, 217, 216, 185, 177, 151, 110, 108, 109, 89
325, 293, 272, 250, 232, 217, 216, 185, 177, 151, 110, 108, 109, 89, 90
325, 293, 272, 273, 249, 248, 247, 246, 228, 227, 212, 181, 172, 132, 115, 91
325, 293, 272, 273, 249, 248, 247, 246, 228, 227, 212, 181, 172, 133, 116, 92
325, 293, 272, 273, 249, 248, 247, 246, 228, 227, 212, 181, 172, 133, 116, 92, 93
325, 293, 272, 273, 249, 248, 247, 246, 228, 227, 212, 181, 172, 133, 116, 117, 118, 94
325, 293, 272, 273, 249, 248, 247, 246, 228, 227, 212, 181, 172, 133, 116, 117, 118, 119, 95
325, 293, 272, 250, 251, 252, 253, 254, 255, 256, 257, 258, 259, 241, 203, 196, 166, 140, 121, 96
325, 293, 272, 250, 251, 252, 233, 219, 220, 221, 199, 200, 194, 164, 165, 141, 122, 97
325, 293, 272, 250, 251, 252, 233, 219, 220, 221, 199, 200, 194, 164, 165, 141, 122, 98
325, 293, 272, 250, 251, 252, 233, 219, 220, 221, 199, 200, 194, 164, 142, 123, 99
