519, 518, 502, 479, 460, 420, 415, 389, 357, 348, 306, 290, 275, 247, 229, 214, 184, 176, 152, 111, 109, 85, 67, 26, 0
519, 518, 502, 479, 460, 420, 415, 389, 357, 348, 306, 290, 275, 247, 229, 214, 184, 176, 152, 111, 109, 85, 67, 26, 1
519, 518, 502, 479, 460, 420, 415, 389, 357, 348, 306, 290, 275, 247, 229, 214, 184, 176, 152, 111, 109, 85, 67, 26, 2
519, 518, 502, 479, 460, 420, 415, 389, 357, 348, 306, 289, 276, 245, 228, 213, 183, 175, 153, 113, 89, 86, 47, 25, 3
519, 504, 477, 461, 419, 414, 387, 358, 347, 307, 288, 277, 244, 227, 212, 182, 173, 154, 114, 90, 87, 48, 24, 4
519, 504, 476, 439, 418, 411, 385, 360, 345, 309, 285, 278, 264, 226, 211, 180, 172, 132, 115, 91, 88, 49, 23, 5
519, 504, 476, 439, 418, 411, 385, 361, 344, 310, 305, 279, 263, 225, 208, 179, 171, 134, 116, 92, 69, 50, 45, 6
519, 504, 476, 439, 418, 411, 385, 361, 344, 310, 305, 279, 263, 225, 207, 178, 170, 135, 117, 93, 71, 51, 44, 7
519, 504, 476, 439, 418, 411, 385, 361, 344, 310, 305, 279, 263, 225, 207, 178, 170, 135, 117, 93, 71, 51, 44, 8
519, 504, 476, 439, 418, 411, 385, 361, 362, 343, 311, 304, 281, 261, 222, 206, 198, 169, 137, 119, 118, 94, 72, 53, 43, 9
519, 504, 476, 439, 418, 411, 385, 361, 362, 343, 311, 304, 281, 261, 222, 206, 198, 169, 138, 120, 95, 73, 54, 41, 10
519, 504, 476, 439, 418, 411, 385, 361, 362, 343, 311, 304, 281, 261, 222, 206, 198, 169, 138, 120, 95, 73, 54, 55, 40, 11
519, 504, 476, 439, 418, 411, 385, 361, 362, 343, 311, 304, 281, 261, 222, 206, 198, 168, 139, 140, 121, 96, 74, 56, 38, 12
519, 504, 476, 439, 418, 411, 385, 361, 362, 343, 311, 304, 281, 261, 222, 206, 198, 168, 139, 140, 121, 96, 74, 56, 38, 12, 13
519, 504, 476, 439, 418, 411, 385, 361, 362, 343, 311, 304, 281, 261, 222, 206, 198, 168, 139, 140, 121, 96, 97, 98, 99, 76, 59, 35, 14
519, 504, 476, 439, 418, 411, 385, 361, 362, 343, 311, 304, 281, 261, 222, 206, 198, 168, 139, 140, 121, 96, 97, 98, 99, 76, 59, 35, 34, 15
519, 504, 476, 439, 418, 411, 385, 361, 362, 343, 311, 304, 281, 261, 222, 206, 198, 168, 139, 140, 121, 96, 97, 98, 99, 76, 59, 35, 34, 15, 16
519, 518, 517, 516, 499, 482, 456, 425, 396, 392, 353, 330, 325, 293, 272, 250, 232, 218, 189, 157, 149, 129, 105, 82, 81, 62, 31, 17
519, 518, 517, 516, 499, 482, 456, 425, 396, 392, 353, 330, 325, 293, 272, 250, 232, 218, 189, 157, 149, 129, 105, 82, 63, 30, 18
519, 518, 517, 516, 499, 482, 456, 425, 396, 392, 353, 330, 325, 293, 272, 250, 232, 218, 189, 157, 149, 129, 105, 82, 63, 30, 19
519, 518, 501, 480, 481, 457, 423, 395, 391, 354, 329, 326, 292, 273, 249, 231, 217, 187, 156, 150, 130, 106, 83, 64, 29, 20
519, 518, 502, 479, 460, 420, 421, 422, 394, 390, 355, 328, 327, 291, 274, 248, 230, 216, 185, 177, 151, 110, 107, 84, 65, 27, 21
519, 504, 476, 439, 418, 411, 385, 360, 345, 309, 285, 278, 264, 226, 211, 180, 172, 132, 115, 91, 88, 49, 22
519, 504, 476, 439, 418, 411, 385, 360, 345, 309, 285, 278, 264, 226, 211, 180, 172, 132, 115, 91, 88, 49, 23
519, 504, 477, 461, 419, 414, 387, 358, 347, 307, 288, 277, 244, 227, 212, 182, 173, 154, 114, 90, 87, 48, 24
519, 518, 502, 479, 460, 420, 415, 389, 357, 348, 306, 289, 276, 245, 228, 213, 183, 175, 153, 113, 89, 86, 47, 25
519, 518, 502, 479, 460, 420, 415, 389, 357, 348, 306, 290, 275, 247, 229, 214, 184, 176, 152, 111, 109, 85, 67, 26
519, 518, 502, 479, 460, 420, 421, 422, 394, 390, 355, 328, 327, 291, 274, 248, 230, 216, 185, 177, 151, 110, 107, 84, 65, 27
519, 518, 502, 479, 460, 420, 421, 422, 394, 390, 355, 328, 327, 291, 274, 248, 230, 216, 185, 177, 151, 110, 107, 84, 65, 28
519, 518, 501, 480, 481, 457, 423, 395, 391, 354, 329, 326, 292, 273, 249, 231, 217, 187, 156, 150, 130, 106, 83, 64, 29
519, 518, 517, 516, 499, 482, 456, 425, 396, 392, 353, 330, 325, 293, 272, 250, 232, 218, 189, 157, 149, 129, 105, 82, 63, 30
519, 518, 517, 516, 499, 482, 456, 425, 396, 392, 353, 330, 325, 293, 272, 250, 232, 218, 189, 157, 149, 129, 105, 82, 81, 62, 31
519, 504, 476, 439, 418, 411, 385, 361, 362, 343, 311, 304, 281, 261, 222, 206, 198, 168, 139, 140, 121, 96, 97, 98, 99, 76, 59, 35, 34, 33, 32
519, 504, 476, 439, 418, 411, 385, 361, 362, 343, 311, 304, 281, 261, 222, 206, 198, 168, 139, 140, 121, 96, 97, 98, 99, 76, 59, 35, 34, 33
519, 504, 476, 439, 418, 411, 385, 361, 362, 343, 311, 304, 281, 261, 222, 206, 198, 168, 139, 140, 121, 96, 97, 98, 99, 76, 59, 35, 34
519, 504, 476, 439, 418, 411, 385, 361, 362, 343, 311, 304, 281, 261, 222, 206, 198, 168, 139, 140, 121, 96, 97, 98, 99, 76, 59, 35
519, 504, 476, 439, 418, 411, 385, 361, 362, 343, 311, 304, 281, 261, 222, 206, 198, 168, 139, 140, 121, 96, 97, 75, 57, 58, 36
519, 504, 476, 439, 418, 411, 385, 361, 362, 343, 311, 304, 281, 261, 222, 206, 198, 168, 139, 140, 121, 96, 97, 75, 57, 37
519, 504, 476, 439, 418, 411, 385, 361, 362, 343, 311, 304, 281, 261, 222, 206, 198, 168, 139, 140, 121, 96, 74, 56, 38
519, 504, 476, 439, 418, 411, 385, 361, 362, 343, 311, 304, 281, 261, 222, 206, 198, 169, 138, 120, 95, 73, 54, 55, 39
519, 504, 476, 439, 418, 411, 385, 361, 362, 343, 311, 304, 281, 261, 222, 206, 198, 169, 138, 120, 95, 73, 54, 55, 40
519, 504, 476, 439, 418, 411, 385, 361, 362, 343, 311, 304, 281, 261, 222, 206, 198, 169, 138, 120, 95, 73, 54, 41
519, 504, 476, 439, 418, 411, 385, 361, 362, 343, 311, 304, 281, 261, 222, 206, 198, 169, 138, 120, 95, 73, 54, 41, 42
519, 504, 476, 439, 418, 411, 385, 361, 362, 343, 311, 304, 281, 261, 222, 206, 198, 169, 137, 119, 118, 94, 72, 53, 43
519, 504, 476, 439, 418, 411, 385, 361, 344, 310, 305, 279, 263, 225, 207, 178, 170, 135, 117, 93, 71, 51, 44
519, 504, 476, 439, 418, 411, 385, 361, 344, 310, 305, 279, 263, 225, 208, 179, 171, 134, 116, 92, 69, 50, 45
519, 504, 477, 461, 419, 414, 387, 358, 347, 307, 288, 277, 244, 227, 212, 182, 173, 154, 114, 90, 87, 48, 24, 46
519, 518, 502, 479, 460, 420, 415, 389, 357, 348, 306, 289, 276, 245, 228, 213, 183, 175, 153, 113, 89, 86, 47
519, 504, 477, 461, 419, 414, 387, 358, 347, 307, 288, 277, 244, 227, 212, 182, 173, 154, 114, 90, 87, 48
519, 504, 476, 439, 418, 411, 385, 360, 345, 309, 285, 278, 264, 226, 211, 180, 172, 132, 115, 91, 88, 49
519, 504, 476, 439, 418, 411, 385, 361, 344, 310, 305, 279, 263, 225, 208, 179, 171, 134, 116, 92, 69, 50
519, 504, 476, 439, 418, 411, 385, 361, 344, 310, 305, 279, 263, 225, 207, 178, 170, 135, 117, 93, 71, 51
519, 504, 476, 439, 418, 411, 385, 361, 362, 343, 311, 304, 281, 261, 222, 206, 198, 169, 137, 119, 118, 94, 72, 52
519, 504, 476, 439, 418, 411, 385, 361, 362, 343, 311, 304, 281, 261, 222, 206, 198, 169, 137, 119, 118, 94, 72, 53
519, 504, 476, 439, 418, 411, 385, 361, 362, 343, 311, 304, 281, 261, 222, 206, 198, 169, 138, 120, 95, 73, 54
519, 504, 476, 439, 418, 411, 385, 361, 362, 343, 311, 304, 281, 261, 222, 206, 198, 169, 138, 120, 95, 73, 54, 55
519, 504, 476, 439, 418, 411, 385, 361, 362, 343, 311, 304, 281, 261, 222, 206, 198, 168, 139, 140, 121, 96, 74, 56
519, 504, 476, 439, 418, 411, 385, 361, 362, 343, 311, 304, 281, 261, 222, 206, 198, 168, 139, 140, 121, 96, 97, 75, 57
519, 504, 476, 439, 418, 411, 385, 361, 362, 343, 311, 304, 281, 261, 222, 206, 198, 168, 139, 140, 121, 96, 97, 75, 57, 58
519, 504, 476, 439, 418, 411, 385, 361, 362, 343, 311, 304, 281, 261, 222, 206, 198, 168, 139, 140, 121, 96, 97, 98, 99, 76, 59
519, 504, 476, 439, 418, 411, 385, 361, 362, 343, 311, 304, 281, 261, 222, 206, 198, 168, 139, 140, 121, 96, 97, 98, 99, 76, 59, 60
519, 504, 476, 439, 418, 411, 385, 361, 362, 343, 311, 304, 281, 261, 222, 206, 198, 168, 139, 140, 121, 96, 97, 98, 99, 76, 59, 60, 61
519, 518, 517, 516, 499, 482, 456, 425, 396, 392, 353, 330, 325, 293, 272, 250, 232, 218, 189, 157, 149, 129, 105, 82, 81, 62
519, 518, 517, 516, 499, 482, 456, 425, 396, 392, 353, 330, 325, 293, 272, 250, 232, 218, 189, 157, 149, 129, 105, 82, 63
519, 518, 501, 480, 481, 457, 423, 395, 391, 354, 329, 326, 292, 273, 249, 231, 217, 187, 156, 150, 130, 106, 83, 64
519, 518, 502, 479, 460, 420, 421, 422, 394, 390, 355, 328, 327, 291, 274, 248, 230, 216, 185, 177, 151, 110, 107, 84, 65
519, 518, 502, 479, 460, 420, 415, 389, 357, 348, 306, 290, 275, 247, 229, 214, 184, 176, 152, 111, 109, 85, 67, 66
519, 518, 502, 479, 460, 420, 415, 389, 357, 348, 306, 290, 275, 247, 229, 214, 184, 176, 152, 111, 109, 85, 67
519, 504, 476, 439, 418, 411, 385, 360, 345, 309, 285, 278, 264, 226, 211, 180, 172, 132, 115, 91, 68
519, 504, 476, 439, 418, 411, 385, 361, 344, 310, 305, 279, 263, 225, 208, 179, 171, 134, 116, 92, 69
519, 504, 476, 439, 418, 411, 385, 361, 344, 310, 305, 279, 263, 225, 207, 178, 170, 135, 117, 93, 70
519, 504, 476, 439, 418, 411, 385, 361, 344, 310, 305, 279, 263, 225, 207, 178, 170, 135, 117, 93, 71
519, 504, 476, 439, 418, 411, 385, 361, 362, 343, 311, 304, 281, 261, 222, 206, 198, 169, 137, 119, 118, 94, 72
519, 504, 476, 439, 418, 411, 385, 361, 362, 343, 311, 304, 281, 261, 222, 206, 198, 169, 138, 120, 95, 73
519, 504, 476, 439, 418, 411, 385, 361, 362, 343, 311, 304, 281, 261, 222, 206, 198, 168, 139, 140, 121, 96, 74
519, 504, 476, 439, 418, 411, 385, 361, 362, 343, 311, 304, 281, 261, 222, 206, 198, 168, 139, 140, 121, 96, 97, 75
519, 504, 476, 439, 418, 411, 385, 361, 362, 343, 311, 304, 281, 261, 222, 206, 198, 168, 139, 140, 121, 96, 97, 98, 99, 76
519, 504, 476, 439, 418, 411, 385, 361, 362, 343, 311, 304, 281, 261, 222, 206, 198, 168, 139, 140, 121, 96, 97, 98, 99, 76, 77
519, 504, 476, 439, 418, 411, 385, 361, 362, 343, 311, 304, 281, 261, 222, 206, 198, 168, 139, 140, 121, 96, 97, 98, 99, 76, 77, 78
519, 504, 476, 439, 418, 411, 385, 361, 362, 343, 311, 304, 281, 261, 222, 206, 198, 168, 139, 140, 121, 96, 97, 98, 99, 76, 77, 78, 79
519, 504, 476, 439, 418, 411, 385, 361, 362, 343, 311, 304, 281, 261, 222, 206, 198, 168, 139, 140, 121, 96, 97, 98, 99, 76, 77, 78, 79, 80
519, 518, 517, 516, 499, 482, 456, 425, 396, 392, 353, 330, 325, 293, 272, 250, 232, 218, 189, 157, 149, 129, 105, 82, 81
519, 518, 517, 516, 499, 482, 456, 425, 396, 392, 353, 330, 325, 293, 272, 250, 232, 218, 189, 157, 149, 129, 105, 82
519, 518, 501, 480, 481, 457, 423, 395, 391, 354, 329, 326, 292, 273, 249, 231, 217, 187, 156, 150, 130, 106, 83
519, 518, 502, 479, 460, 420, 421, 422, 394, 390, 355, 328, 327, 291, 274, 248, 230, 216, 185, 177, 151, 110, 107, 84
519, 518, 502, 479, 460, 420, 415, 389, 357, 348, 306, 290, 275, 247, 229, 214, 184, 176, 152, 111, 109, 85
519, 518, 502, 479, 460, 420, 415, 389, 357, 348, 306, 289, 276, 245, 228, 213, 183, 175, 153, 113, 89, 86
519, 504, 477, 461, 419, 414, 387, 358, 347, 307, 288, 277, 244, 227, 212, 182, 173, 154, 114, 90, 87
519, 504, 476, 439, 418, 411, 385, 360, 345, 309, 285, 278, 264, 226, 211, 180, 172, 132, 115, 91, 88
519, 518, 502, 479, 460, 420, 415, 389, 357, 348, 306, 289, 276, 245, 228, 213, 183, 175, 153, 113, 89
519, 504, 477, 461, 419, 414, 387, 358, 347, 307, 288, 277, 244, 227, 212, 182, 173, 154, 114, 90
519, 504, 476, 439, 418, 411, 385, 360, 345, 309, 285, 278, 264, 226, 211, 180, 172, 132, 115, 91
519, 504, 476, 439, 418, 411, 385, 361, 344, 310, 305, 279, 263, 225, 208, 179, 171, 134, 116, 92
519, 504, 476, 439, 418, 411, 385, 361, 344, 310, 305, 279, 263, 225, 207, 178, 170, 135, 117, 93
519, 504, 476, 439, 418, 411, 385, 361, 362, 343, 311, 304, 281, 261, 222, 206, 198, 169, 137, 119, 118, 94
519, 504, 476, 439, 418, 411, 385, 361, 362, 343, 311, 304, 281, 261, 222, 206, 198, 169, 138, 120, 95
519, 504, 476, 439, 418, 411, 385, 361, 362, 343, 311, 304, 281, 261, 222, 206, 198, 168, 139, 140, 121, 96
519, 504, 476, 439, 418, 411, 385, 361, 362, 343, 311, 304, 281, 261, 222, 206, 198, 168, 139, 140, 121, 96, 97
519, 504, 476, 439, 418, 411, 385, 361, 362, 343, 311, 304, 281, 261, 222, 206, 198, 168, 139, 140, 121, 96, 97, 98
519, 504, 476, 439, 418, 411, 385, 361, 362, 343, 311, 304, 281, 261, 222, 206, 198, 168, 139, 140, 121, 96, 97, 98, 99
