649, 615, 600, 588, 554, 542, 512, 494, 465, 452, 428, 427, 399, 373, 352, 331, 324, 293, 272, 250, 232, 217, 216, 185, 177, 151, 110, 108, 85, 67, 26, 0
649, 615, 600, 588, 554, 542, 512, 494, 465, 452, 428, 427, 399, 373, 352, 331, 324, 293, 272, 250, 232, 217, 216, 185, 177, 151, 110, 108, 85, 67, 26, 1
649, 615, 600, 588, 554, 542, 512, 494, 465, 452, 428, 427, 399, 373, 352, 331, 324, 293, 272, 250, 232, 217, 216, 185, 177, 151, 110, 108, 85, 67, 26, 2
649, 615, 600, 588, 554, 542, 512, 494, 465, 452, 428, 427, 399, 373, 352, 331, 324, 293, 272, 250, 232, 217, 216, 185, 177, 151, 110, 108, 85, 67, 26, 2, 3
649, 615, 600, 588, 554, 542, 512, 494, 465, 452, 428, 427, 399, 373, 352, 331, 324, 293, 272, 250, 232, 217, 216, 185, 177, 151, 110, 108, 85, 86, 46, 24, 4
649, 615, 600, 588, 554, 542, 512, 494, 465, 452, 428, 427, 399, 373, 352, 331, 324, 293, 272, 250, 232, 217, 216, 185, 177, 151, 110, 108, 85, 86, 46, 24, 23, 5
649, 615, 600, 588, 554, 542, 512, 494, 465, 452, 428, 427, 399, 373, 352, 331, 324, 293, 272, 250, 232, 217, 216, 185, 177, 151, 110, 108, 85, 86, 46, 24, 23, 5, 6
649, 615, 600, 588, 554, 542, 512, 494, 465, 452, 428, 427, 399, 398, 397, 392, 391, 390, 356, 348, 306, 289, 276, 243, 227, 212, 181, 172, 133, 116, 92, 69, 50, 44, 7
649, 615, 600, 588, 553, 543, 510, 493, 466, 449, 431, 402, 403, 404, 379, 366, 339, 317, 301, 284, 259, 241, 203, 196, 166, 140, 121, 96, 74, 55, 54, 41, 42, 43, 9, 8
649, 615, 600, 588, 553, 543, 510, 493, 466, 449, 431, 402, 403, 404, 379, 366, 339, 317, 301, 284, 259, 241, 203, 196, 166, 140, 121, 96, 74, 55, 54, 41, 42, 43, 9
649, 615, 600, 588, 553, 543, 510, 493, 466, 449, 431, 402, 403, 404, 379, 366, 339, 317, 301, 284, 259, 241, 203, 196, 166, 140, 121, 96, 74, 55, 40, 11, 10
649, 615, 600, 588, 553, 543, 510, 493, 466, 449, 431, 402, 403, 404, 379, 366, 339, 317, 301, 284, 259, 241, 203, 196, 166, 140, 121, 96, 74, 55, 40, 11
649, 615, 600, 588, 553, 543, 510, 493, 466, 449, 431, 402, 403, 378, 368, 338, 318, 300, 265, 258, 239, 201, 195, 165, 141, 122, 98, 75, 57, 37, 12
649, 615, 600, 588, 553, 543, 510, 493, 466, 450, 430, 401, 375, 371, 336, 320, 298, 267, 255, 237, 199, 193, 163, 143, 124, 100, 77, 59, 35, 14, 13
649, 615, 600, 588, 553, 543, 510, 493, 466, 450, 430, 401, 375, 371, 336, 320, 298, 267, 255, 237, 199, 193, 163, 143, 124, 100, 77, 59, 35, 14
649, 615, 600, 588, 554, 542, 512, 494, 465, 452, 428, 400, 374, 350, 333, 323, 295, 269, 253, 235, 220, 221, 192, 161, 145, 125, 101, 78, 60, 33, 15
649, 615, 600, 588, 554, 542, 512, 494, 465, 452, 428, 400, 374, 350, 333, 323, 295, 269, 253, 235, 220, 191, 160, 146, 126, 103, 80, 61, 32, 16
649, 615, 600, 588, 554, 542, 512, 494, 465, 452, 428, 400, 374, 350, 333, 323, 295, 269, 253, 235, 220, 191, 159, 147, 127, 104, 81, 62, 31, 17
649, 615, 600, 588, 554, 542, 512, 494, 465, 452, 428, 400, 374, 350, 333, 323, 295, 269, 270, 252, 233, 219, 190, 158, 148, 128, 105, 82, 63, 30, 18
649, 615, 600, 588, 554, 542, 512, 494, 465, 452, 428, 400, 374, 350, 333, 323, 295, 269, 270, 252, 233, 219, 190, 158, 148, 128, 105, 82, 63, 30, 19
649, 615, 600, 588, 554, 542, 512, 494, 465, 452, 428, 400, 374, 350, 333, 323, 295, 269, 270, 252, 233, 219, 190, 158, 148, 128, 105, 82, 63, 30, 19, 20
649, 615, 600, 588, 554, 542, 512, 494, 465, 452, 428, 427, 399, 373, 352, 331, 324, 293, 272, 250, 232, 217, 187, 156, 150, 130, 106, 83, 64, 29, 28, 21
649, 615, 600, 588, 554, 542, 512, 494, 465, 452, 428, 427, 399, 373, 352, 331, 324, 293, 272, 250, 232, 217, 216, 185, 177, 151, 110, 108, 85, 86, 46, 24, 23, 22
649, 615, 600, 588, 554, 542, 512, 494, 465, 452, 428, 427, 399, 373, 352, 331, 324, 293, 272, 250, 232, 217, 216, 185, 177, 151, 110, 108, 85, 86, 46, 24, 23
649, 615, 600, 588, 554, 542, 512, 494, 465, 452, 428, 427, 399, 373, 352, 331, 324, 293, 272, 250, 232, 217, 216, 185, 177, 151, 110, 108, 85, 86, 46, 24
649, 615, 600, 588, 554, 542, 512, 494, 465, 452, 428, 427, 399, 373, 352, 331, 324, 293, 272, 250, 232, 217, 216, 185, 177, 151, 110, 108, 85, 67, 26, 25
649, 615, 600, 588, 554, 542, 512, 494, 465, 452, 428, 427, 399, 373, 352, 331, 324, 293, 272, 250, 232, 217, 216, 185, 177, 151, 110, 108, 85, 67, 26
649, 615, 600, 588, 554, 542, 512, 494, 465, 452, 428, 427, 399, 373, 352, 331, 324, 293, 272, 250, 232, 217, 216, 185, 177, 151, 110, 107, 84, 65, 27
649, 615, 600, 588, 554, 542, 512, 494, 465, 452, 428, 427, 399, 373, 352, 331, 324, 293, 272, 250, 232, 217, 187, 156, 150, 130, 106, 83, 64, 29, 28
649, 615, 600, 588, 554, 542, 512, 494, 465, 452, 428, 427, 399, 373, 352, 331, 324, 293, 272, 250, 232, 217, 187, 156, 150, 130, 106, 83, 64, 29
649, 615, 600, 588, 554, 542, 512, 494, 465, 452, 428, 400, 374, 350, 333, 323, 295, 269, 270, 252, 233, 219, 190, 158, 148, 128, 105, 82, 63, 30
649, 615, 600, 588, 554, 542, 512, 494, 465, 452, 428, 400, 374, 350, 333, 323, 295, 269, 253, 235, 220, 191, 159, 147, 127, 104, 81, 62, 31
649, 615, 600, 588, 554, 542, 512, 494, 465, 452, 428, 400, 374, 350, 333, 323, 295, 269, 253, 235, 220, 191, 160, 146, 126, 103, 80, 61, 32
649, 615, 600, 588, 554, 542, 512, 494, 465, 452, 428, 400, 374, 350, 333, 323, 295, 269, 253, 235, 220, 221, 192, 161, 145, 125, 101, 78, 60, 33
649, 615, 600, 588, 554, 542, 512, 494, 465, 452, 428, 400, 374, 350, 333, 323, 295, 269, 253, 235, 220, 221, 192, 161, 145, 125, 101, 78, 60, 34
649, 615, 600, 588, 553, 543, 510, 493, 466, 450, 430, 401, 375, 371, 336, 320, 298, 267, 255, 237, 199, 193, 163, 143, 124, 100, 77, 59, 35
649, 615, 600, 588, 553, 543, 510, 493, 466, 450, 430, 401, 375, 371, 336, 320, 298, 267, 255, 237, 199, 193, 163, 143, 124, 100, 77, 59, 35, 36
649, 615, 600, 588, 553, 543, 510, 493, 466, 449, 431, 402, 403, 378, 368, 338, 318, 300, 265, 258, 239, 201, 195, 165, 141, 122, 98, 75, 57, 37
649, 615, 600, 588, 553, 543, 510, 493, 466, 449, 431, 402, 403, 404, 379, 366, 339, 317, 301, 284, 259, 241, 203, 196, 166, 140, 121, 96, 74, 56, 38
649, 615, 600, 588, 553, 543, 510, 493, 466, 449, 431, 402, 403, 404, 379, 366, 339, 317, 301, 284, 259, 241, 203, 196, 166, 140, 121, 96, 74, 55, 39
649, 615, 600, 588, 553, 543, 510, 493, 466, 449, 431, 402, 403, 404, 379, 366, 339, 317, 301, 284, 259, 241, 203, 196, 166, 140, 121, 96, 74, 55, 40
649, 615, 600, 588, 553, 543, 510, 493, 466, 449, 431, 402, 403, 404, 379, 366, 339, 317, 301, 284, 259, 241, 203, 196, 166, 140, 121, 96, 74, 55, 54, 41
649, 615, 600, 588, 553, 543, 510, 493, 466, 449, 431, 402, 403, 404, 379, 366, 339, 317, 301, 284, 259, 241, 203, 196, 166, 140, 121, 96, 74, 55, 54, 41, 42
649, 615, 600, 588, 553, 543, 510, 493, 466, 449, 431, 402, 403, 404, 379, 366, 339, 317, 301, 284, 259, 241, 203, 196, 166, 140, 121, 96, 74, 55, 54, 41, 42, 43
649, 615, 600, 588, 554, 542, 512, 494, 465, 452, 428, 427, 399, 398, 397, 392, 391, 390, 356, 348, 306, 289, 276, 243, 227, 212, 181, 172, 133, 116, 92, 69, 50, 44
649, 615, 600, 588, 554, 542, 512, 494, 465, 452, 428, 427, 399, 373, 352, 331, 324, 293, 272, 250, 232, 217, 216, 185, 177, 151, 110, 108, 85, 86, 46, 24, 23, 22, 45
649, 615, 600, 588, 554, 542, 512, 494, 465, 452, 428, 427, 399, 373, 352, 331, 324, 293, 272, 250, 232, 217, 216, 185, 177, 151, 110, 108, 85, 86, 46
649, 615, 600, 588, 554, 542, 512, 494, 465, 452, 428, 427, 399, 373, 352, 331, 324, 293, 272, 250, 232, 217, 216, 185, 177, 151, 110, 108, 85, 86, 47
649, 615, 600, 588, 554, 542, 512, 494, 465, 452, 428, 427, 399, 373, 352, 331, 324, 293, 272, 250, 232, 217, 216, 185, 177, 151, 110, 108, 85, 86, 46, 24, 48
649, 615, 600, 588, 554, 542, 512, 494, 465, 452, 428, 427, 399, 373, 352, 331, 324, 293, 272, 250, 232, 217, 216, 185, 177, 151, 110, 108, 85, 86, 46, 24, 48, 49
649, 615, 600, 588, 554, 542, 512, 494, 465, 452, 428, 427, 399, 398, 397, 392, 391, 390, 356, 348, 306, 289, 276, 243, 227, 212, 181, 172, 133, 116, 92, 69, 50
649, 615, 600, 588, 554, 542, 512, 494, 465, 452, 428, 427, 399, 398, 397, 392, 391, 390, 356, 348, 306, 289, 276, 243, 227, 212, 181, 172, 133, 116, 92, 69, 50, 51
649, 615, 600, 588, 553, 543, 510, 493, 466, 449, 431, 402, 403, 404, 379, 366, 339, 317, 301, 284, 259, 241, 203, 196, 166, 140, 121, 96, 74, 55, 54, 53, 52
649, 615, 600, 588, 553, 543, 510, 493, 466, 449, 431, 402, 403, 404, 379, 366, 339, 317, 301, 284, 259, 241, 203, 196, 166, 140, 121, 96, 74, 55, 54, 53
649, 615, 600, 588, 553, 543, 510, 493, 466, 449, 431, 402, 403, 404, 379, 366, 339, 317, 301, 284, 259, 241, 203, 196, 166, 140, 121, 96, 74, 55, 54
649, 615, 600, 588, 553, 543, 510, 493, 466, 449, 431, 402, 403, 404, 379, 366, 339, 317, 301, 284, 259, 241, 203, 196, 166, 140, 121, 96, 74, 55
649, 615, 600, 588, 553, 543, 510, 493, 466, 449, 431, 402, 403, 404, 379, 366, 339, 317, 301, 284, 259, 241, 203, 196, 166, 140, 121, 96, 74, 56
649, 615, 600, 588, 553, 543, 510, 493, 466, 449, 431, 402, 403, 378, 368, 338, 318, 300, 265, 258, 239, 201, 195, 165, 141, 122, 98, 75, 57
649, 615, 600, 588, 553, 543, 510, 493, 466, 450, 430, 401, 375, 371, 336, 320, 298, 267, 255, 237, 199, 193, 163, 143, 124, 100, 77, 76, 58
649, 615, 600, 588, 553, 543, 510, 493, 466, 450, 430, 401, 375, 371, 336, 320, 298, 267, 255, 237, 199, 193, 163, 143, 124, 100, 77, 59
649, 615, 600, 588, 554, 542, 512, 494, 465, 452, 428, 400, 374, 350, 333, 323, 295, 269, 253, 235, 220, 221, 192, 161, 145, 125, 101, 78, 60
649, 615, 600, 588, 554, 542, 512, 494, 465, 452, 428, 400, 374, 350, 333, 323, 295, 269, 253, 235, 220, 191, 160, 146, 126, 103, 80, 61
649, 615, 600, 588, 554, 542, 512, 494, 465, 452, 428, 400, 374, 350, 333, 323, 295, 269, 253, 235, 220, 191, 159, 147, 127, 104, 81, 62
649, 615, 600, 588, 554, 542, 512, 494, 465, 452, 428, 400, 374, 350, 333, 323, 295, 269, 270, 252, 233, 219, 190, 158, 148, 128, 105, 82, 63
649, 615, 600, 588, 554, 542, 512, 494, 465, 452, 428, 427, 399, 373, 352, 331, 324, 293, 272, 250, 232, 217, 187, 156, 150, 130, 106, 83, 64
649, 615, 600, 588, 554, 542, 512, 494, 465, 452, 428, 427, 399, 373, 352, 331, 324, 293, 272, 250, 232, 217, 216, 185, 177, 151, 110, 107, 84, 65
649, 615, 600, 588, 554, 542, 512, 494, 465, 452, 428, 427, 399, 373, 352, 331, 324, 293, 272, 250, 232, 217, 216, 185, 177, 151, 110, 107, 84, 66
649, 615, 600, 588, 554, 542, 512, 494, 465, 452, 428, 427, 399, 373, 352, 331, 324, 293, 272, 250, 232, 217, 216, 185, 177, 151, 110, 108, 85, 67
649, 615, 600, 588, 554, 542, 512, 494, 465, 452, 428, 427, 399, 398, 397, 392, 391, 390, 356, 348, 306, 289, 276, 243, 227, 212, 181, 172, 132, 115, 91, 68
649, 615, 600, 588, 554, 542, 512, 494, 465, 452, 428, 427, 399, 398, 397, 392, 391, 390, 356, 348, 306, 289, 276, 243, 227, 212, 181, 172, 133, 116, 92, 69
649, 615, 600, 599, 569, 552, 544, 545, 508, 491, 490, 489, 488, 471, 445, 436, 406, 381, 364, 341, 313, 303, 282, 261, 222, 206, 198, 169, 137, 119, 118, 117, 93, 70
649, 615, 600, 599, 569, 552, 544, 545, 508, 491, 490, 489, 488, 471, 445, 436, 406, 381, 364, 341, 313, 303, 282, 261, 222, 206, 198, 169, 137, 119, 118, 117, 93, 71
649, 615, 600, 588, 553, 543, 510, 493, 466, 449, 431, 402, 403, 404, 379, 366, 339, 317, 301, 284, 259, 241, 203, 196, 166, 140, 121, 96, 74, 73, 72
649, 615, 600, 588, 553, 543, 510, 493, 466, 449, 431, 402, 403, 404, 379, 366, 339, 317, 301, 284, 259, 241, 203, 196, 166, 140, 121, 96, 74, 73
649, 615, 600, 588, 553, 543, 510, 493, 466, 449, 431, 402, 403, 404, 379, 366, 339, 317, 301, 284, 259, 241, 203, 196, 166, 140, 121, 96, 74
649, 615, 600, 588, 553, 543, 510, 493, 466, 449, 431, 402, 403, 378, 368, 338, 318, 300, 265, 258, 239, 201, 195, 165, 141, 122, 98, 75
649, 615, 600, 588, 553, 543, 510, 493, 466, 450, 430, 401, 375, 371, 336, 320, 298, 267, 255, 237, 199, 193, 163, 143, 124, 100, 77, 76
649, 615, 600, 588, 553, 543, 510, 493, 466, 450, 430, 401, 375, 371, 336, 320, 298, 267, 255, 237, 199, 193, 163, 143, 124, 100, 77
649, 615, 600, 588, 554, 542, 512, 494, 465, 452, 428, 400, 374, 350, 333, 323, 295, 269, 253, 235, 220, 221, 192, 161, 145, 125, 101, 78
649, 615, 600, 588, 554, 542, 512, 494, 465, 452, 428, 400, 374, 350, 333, 323, 295, 269, 253, 235, 220, 191, 160, 146, 126, 102, 79
649, 615, 600, 588, 554, 542, 512, 494, 465, 452, 428, 400, 374, 350, 333, 323, 295, 269, 253, 235, 220, 191, 160, 146, 126, 103, 80
649, 615, 600, 588, 554, 542, 512, 494, 465, 452, 428, 400, 374, 350, 333, 323, 295, 269, 253, 235, 220, 191, 159, 147, 127, 104, 81
649, 615, 600, 588, 554, 542, 512, 494, 465, 452, 428, 400, 374, 350, 333, 323, 295, 269, 270, 252, 233, 219, 190, 158, 148, 128, 105, 82
649, 615, 600, 588, 554, 542, 512, 494, 465, 452, 428, 427, 399, 373, 352, 331, 324, 293, 272, 250, 232, 217, 187, 156, 150, 130, 106, 83
649, 615, 600, 588, 554, 542, 512, 494, 465, 452, 428, 427, 399, 373, 352, 331, 324, 293, 272, 250, 232, 217, 216, 185, 177, 151, 110, 107, 84
649, 615, 600, 588, 554, 542, 512, 494, 465, 452, 428, 427, 399, 373, 352, 331, 324, 293, 272, 250, 232, 217, 216, 185, 177, 151, 110, 108, 85
649, 615, 600, 588, 554, 542, 512, 494, 465, 452, 428, 427, 399, 373, 352, 331, 324, 293, 272, 250, 232, 217, 216, 185, 177, 151, 110, 108, 85, 86
649, 615, 600, 588, 554, 542, 512, 494, 465, 452, 428, 427, 399, 373, 352, 331, 324, 293, 272, 250, 232, 217, 216, 185, 177, 151, 110, 108, 85, 86, 87
649, 615, 600, 588, 554, 542, 512, 494, 465, 452, 428, 427, 399, 373, 352, 331, 324, 293, 272, 250, 232, 217, 216, 185, 177, 151, 110, 108, 85, 86, 87, 88
649, 615, 600, 588, 554, 542, 512, 494, 465, 452, 428, 427, 399, 373, 352, 331, 324, 293, 272, 250, 232, 217, 216, 185, 177, 151, 110, 108, 109, 89
649, 615, 600, 588, 554, 542, 512, 494, 465, 452, 428, 427, 399, 373, 352, 331, 324, 293, 272, 250, 232, 217, 216, 185, 177, 151, 110, 108, 109, 89, 90
649, 615, 600, 588, 554, 542, 512, 494, 465, 452, 428, 427, 399, 398, 397, 392, 391, 390, 356, 348, 306, 289, 276, 243, 227, 212, 181, 172, 132, 115, 91
649, 615, 600, 588, 554, 542, 512, 494, 465, 452, 428, 427, 399, 398, 397, 392, 391, 390, 356, 348, 306, 289, 276, 243, 227, 212, 181, 172, 133, 116, 92
649, 615, 600, 599, 569, 552, 544, 545, 508, 491, 490, 489, 488, 471, 445, 436, 406, 381, 364, 341, 313, 303, 282, 261, 222, 206, 198, 169, 137, 119, 118, 117, 93
649, 615, 600, 588, 553, 543, 510, 493, 466, 449, 431, 402, 403, 404, 379, 366, 339, 317, 301, 284, 259, 241, 203, 196, 166, 140, 121, 96, 95, 94
649, 615, 600, 588, 553, 543, 510, 493, 466, 449, 431, 402, 403, 404, 379, 366, 339, 317, 301, 284, 259, 241, 203, 196, 166, 140, 121, 96, 95
649, 615, 600, 588, 553, 543, 510, 493, 466, 449, 431, 402, 403, 404, 379, 366, 339, 317, 301, 284, 259, 241, 203, 196, 166, 140, 121, 96
649, 615, 600, 588, 553, 543, 510, 493, 466, 449, 431, 402, 403, 378, 368, 338, 318, 300, 265, 258, 239, 201, 195, 165, 141, 122, 97
649, 615, 600, 588, 553, 543, 510, 493, 466, 449, 431, 402, 403, 378, 368, 338, 318, 300, 265, 258, 239, 201, 195, 165, 141, 122, 98
649, 615, 600, 588, 553, 543, 510, 493, 466, 449, 431, 402, 376, 370, 337, 319, 299, 266, 256, 238, 200, 194, 164, 142, 123, 99
