784, 810, 851, 876, 890, 902, 937, 959, 973, 1003, 1014, 1047, 1057, 1079, 1102, 1125, 1150, 1169, 1196, 1219, 1229, 1256, 1289, 1292, 1316, 1337, 1355, 1371, 1397, 1423, 1449, 1463, 1493, 1504, 1529, 1538, 0
784, 777, 739, 724, 697, 685, 655, 635, 628, 608, 583, 560, 536, 517, 500, 481, 458, 422, 394, 390, 355, 328, 327, 291, 274, 248, 230, 216, 185, 177, 151, 110, 108, 85, 67, 26, 1
784, 810, 851, 876, 890, 902, 937, 959, 973, 1003, 1014, 1047, 1056, 1078, 1101, 1124, 1151, 1170, 1199, 1221, 1228, 1255, 1287, 1311, 1314, 1335, 1353, 1389, 1399, 1425, 1445, 1461, 1491, 1503, 1530, 1537, 2
784, 810, 851, 876, 890, 902, 937, 959, 973, 1003, 1014, 1047, 1056, 1078, 1101, 1124, 1151, 1170, 1199, 1221, 1228, 1255, 1287, 1311, 1314, 1335, 1353, 1389, 1399, 1425, 1445, 1461, 1491, 1503, 1530, 1537, 3
784, 810, 851, 876, 890, 902, 937, 959, 973, 1003, 1014, 1047, 1056, 1078, 1101, 1124, 1151, 1170, 1199, 1222, 1226, 1254, 1285, 1310, 1313, 1334, 1352, 1388, 1400, 1426, 1444, 1460, 1488, 1501, 1531, 1536, 4
784, 810, 851, 876, 890, 902, 937, 959, 973, 1003, 1014, 1047, 1056, 1078, 1101, 1124, 1151, 1170, 1199, 1222, 1226, 1254, 1285, 1310, 1313, 1334, 1352, 1388, 1400, 1426, 1444, 1460, 1488, 1501, 1532, 1535, 5
784, 810, 809, 850, 877, 889, 926, 936, 960, 972, 1002, 1013, 1046, 1055, 1076, 1099, 1123, 1152, 1171, 1200, 1223, 1225, 1253, 1284, 1309, 1312, 1333, 1351, 1386, 1401, 1427, 1443, 1458, 1487, 1500, 1533, 1554, 6
784, 783, 808, 849, 853, 888, 924, 935, 961, 971, 1001, 1012, 1045, 1054, 1094, 1098, 1121, 1154, 1172, 1202, 1224, 1246, 1252, 1282, 1308, 1331, 1332, 1350, 1385, 1403, 1428, 1442, 1457, 1486, 1499, 1534, 1553, 7
784, 783, 808, 849, 853, 888, 924, 935, 961, 971, 1001, 1012, 1045, 1054, 1094, 1098, 1121, 1154, 1172, 1202, 1224, 1246, 1252, 1282, 1308, 1331, 1332, 1350, 1385, 1403, 1428, 1442, 1457, 1486, 1499, 1534, 1553, 7, 8
784, 783, 808, 849, 853, 888, 924, 935, 961, 971, 1001, 1012, 1045, 1054, 1094, 1097, 1096, 1120, 1155, 1174, 1180, 1203, 1245, 1251, 1281, 1307, 1329, 1349, 1369, 1384, 1404, 1430, 1441, 1456, 1485, 1498, 1514, 1552, 9
784, 777, 739, 724, 697, 685, 655, 656, 637, 626, 625, 611, 579, 563, 534, 519, 504, 476, 439, 418, 411, 385, 361, 362, 343, 311, 304, 281, 261, 222, 206, 198, 169, 138, 120, 95, 73, 54, 41, 10
784, 777, 739, 724, 697, 685, 655, 656, 637, 626, 625, 611, 579, 563, 534, 519, 504, 476, 439, 418, 411, 385, 361, 362, 343, 311, 304, 281, 261, 222, 206, 198, 169, 138, 120, 95, 73, 54, 55, 40, 11
784, 777, 739, 724, 697, 685, 655, 656, 637, 626, 625, 611, 579, 563, 534, 519, 504, 476, 439, 418, 411, 385, 361, 362, 343, 311, 304, 281, 261, 222, 206, 198, 168, 139, 140, 121, 96, 74, 56, 38, 12
784, 810, 851, 876, 890, 902, 937, 959, 973, 1003, 1004, 1015, 1049, 1059, 1081, 1104, 1127, 1148, 1167, 1195, 1217, 1231, 1259, 1269, 1295, 1318, 1339, 1358, 1374, 1392, 1419, 1432, 1468, 1469, 1470, 1479, 1512, 1520, 1545, 14, 13
784, 810, 851, 876, 890, 902, 937, 959, 973, 1003, 1004, 1015, 1049, 1059, 1081, 1104, 1127, 1148, 1167, 1195, 1217, 1231, 1259, 1269, 1295, 1318, 1339, 1358, 1374, 1392, 1419, 1432, 1468, 1469, 1470, 1479, 1512, 1520, 1545, 14
784, 810, 851, 876, 890, 902, 937, 959, 973, 1003, 1004, 1015, 1049, 1059, 1081, 1104, 1127, 1148, 1167, 1195, 1217, 1231, 1259, 1269, 1295, 1318, 1339, 1358, 1374, 1392, 1419, 1432, 1468, 1469, 1477, 1478, 1511, 1521, 1544, 15
784, 810, 851, 876, 890, 902, 937, 959, 973, 1003, 1004, 1015, 1049, 1059, 1081, 1104, 1127, 1148, 1167, 1195, 1217, 1231, 1259, 1269, 1295, 1318, 1339, 1358, 1374, 1392, 1419, 1432, 1468, 1476, 1509, 1524, 1523, 1543, 16
784, 810, 851, 876, 890, 902, 937, 959, 973, 1003, 1004, 1015, 1049, 1059, 1081, 1104, 1127, 1148, 1167, 1195, 1217, 1231, 1259, 1269, 1295, 1318, 1339, 1358, 1374, 1392, 1419, 1432, 1468, 1476, 1509, 1525, 1542, 17
784, 810, 851, 876, 890, 902, 937, 959, 973, 1003, 1004, 1015, 1049, 1059, 1081, 1104, 1127, 1148, 1167, 1195, 1217, 1231, 1259, 1269, 1295, 1318, 1339, 1358, 1374, 1392, 1420, 1431, 1467, 1475, 1508, 1526, 1541, 18
784, 810, 851, 876, 890, 902, 937, 959, 973, 1003, 1004, 1015, 1049, 1059, 1081, 1104, 1127, 1148, 1167, 1195, 1217, 1231, 1259, 1269, 1295, 1318, 1339, 1358, 1374, 1392, 1420, 1431, 1467, 1475, 1508, 1526, 1541, 19
784, 810, 851, 876, 890, 902, 937, 959, 973, 1003, 1004, 1015, 1049, 1059, 1081, 1104, 1127, 1148, 1167, 1195, 1217, 1231, 1259, 1269, 1295, 1318, 1339, 1358, 1373, 1393, 1421, 1451, 1465, 1474, 1507, 1527, 1540, 20
784, 810, 851, 876, 890, 902, 937, 959, 973, 1003, 1014, 1047, 1057, 1079, 1102, 1125, 1150, 1169, 1196, 1219, 1229, 1256, 1289, 1292, 1316, 1337, 1355, 1371, 1397, 1423, 1449, 1463, 1493, 1505, 1528, 1539, 21
784, 810, 851, 876, 890, 902, 937, 959, 973, 1003, 1014, 1047, 1056, 1078, 1101, 1124, 1151, 1170, 1199, 1222, 1226, 1254, 1285, 1310, 1313, 1334, 1352, 1388, 1400, 1426, 1444, 1460, 1488, 1501, 1532, 1535, 5, 22
784, 810, 851, 876, 890, 902, 937, 959, 973, 1003, 1014, 1047, 1056, 1078, 1101, 1124, 1151, 1170, 1199, 1222, 1226, 1254, 1285, 1310, 1313, 1334, 1352, 1388, 1400, 1426, 1444, 1460, 1488, 1501, 1532, 1535, 5, 23
784, 810, 851, 876, 890, 902, 937, 959, 973, 1003, 1014, 1047, 1056, 1078, 1101, 1124, 1151, 1170, 1199, 1222, 1226, 1254, 1285, 1310, 1313, 1334, 1352, 1388, 1400, 1426, 1444, 1460, 1488, 1501, 1531, 1536, 4, 24
784, 810, 851, 876, 890, 902, 937, 959, 973, 1003, 1014, 1047, 1056, 1078, 1101, 1124, 1151, 1170, 1199, 1221, 1228, 1255, 1287, 1311, 1314, 1335, 1353, 1389, 1399, 1425, 1445, 1461, 1491, 1503, 1530, 1537, 3, 25
784, 777, 739, 724, 697, 685, 655, 635, 628, 608, 583, 560, 536, 517, 500, 481, 458, 422, 394, 390, 355, 328, 327, 291, 274, 248, 230, 216, 185, 177, 151, 110, 108, 85, 67, 26
784, 810, 851, 876, 890, 902, 937, 959, 973, 1003, 1014, 1047, 1057, 1079, 1102, 1125, 1150, 1169, 1196, 1219, 1229, 1256, 1289, 1292, 1316, 1337, 1355, 1371, 1397, 1423, 1449, 1463, 1493, 1505, 1528, 1539, 21, 27
784, 810, 851, 876, 890, 902, 937, 959, 973, 1003, 1014, 1047, 1057, 1079, 1102, 1125, 1150, 1169, 1196, 1219, 1229, 1256, 1289, 1292, 1316, 1337, 1355, 1371, 1397, 1423, 1449, 1463, 1493, 1505, 1528, 1539, 21, 28
784, 777, 739, 724, 697, 685, 655, 635, 628, 608, 583, 560, 537, 516, 499, 482, 456, 425, 396, 392, 353, 330, 325, 293, 272, 250, 232, 217, 187, 156, 150, 130, 106, 83, 64, 29
784, 810, 851, 876, 890, 902, 937, 959, 973, 1003, 1004, 1015, 1049, 1059, 1081, 1104, 1127, 1148, 1167, 1195, 1217, 1231, 1259, 1269, 1295, 1318, 1339, 1358, 1374, 1392, 1420, 1431, 1467, 1475, 1508, 1526, 1541, 19, 30
784, 810, 851, 876, 890, 902, 937, 959, 973, 1003, 1004, 1015, 1049, 1059, 1081, 1104, 1127, 1148, 1167, 1195, 1217, 1231, 1259, 1269, 1295, 1318, 1339, 1358, 1374, 1392, 1419, 1432, 1468, 1476, 1509, 1525, 1542, 17, 31
784, 810, 851, 876, 890, 902, 937, 959, 973, 1003, 1004, 1015, 1049, 1059, 1081, 1104, 1127, 1148, 1167, 1195, 1217, 1231, 1259, 1269, 1295, 1318, 1339, 1358, 1374, 1392, 1419, 1432, 1468, 1476, 1509, 1524, 1523, 1543, 16, 32
784, 810, 851, 876, 890, 902, 937, 959, 973, 1003, 1004, 1015, 1049, 1059, 1081, 1104, 1127, 1148, 1167, 1195, 1217, 1231, 1259, 1269, 1295, 1318, 1339, 1358, 1374, 1392, 1419, 1432, 1468, 1469, 1477, 1478, 1511, 1521, 1544, 15, 33
784, 810, 851, 876, 890, 902, 937, 959, 973, 1003, 1004, 1015, 1049, 1059, 1081, 1104, 1127, 1148, 1167, 1195, 1217, 1231, 1259, 1269, 1295, 1318, 1339, 1358, 1374, 1392, 1419, 1432, 1468, 1469, 1477, 1478, 1511, 1521, 1544, 15, 34
784, 810, 851, 876, 890, 902, 937, 959, 973, 1003, 1004, 1015, 1049, 1059, 1081, 1104, 1127, 1148, 1167, 1195, 1217, 1231, 1259, 1269, 1295, 1318, 1339, 1358, 1374, 1392, 1419, 1432, 1468, 1469, 1470, 1479, 1512, 1520, 1545, 14, 35
784, 810, 851, 876, 890, 902, 937, 959, 973, 1003, 1004, 1015, 1049, 1059, 1081, 1104, 1127, 1148, 1167, 1195, 1217, 1231, 1259, 1269, 1295, 1318, 1339, 1358, 1374, 1392, 1419, 1432, 1468, 1469, 1470, 1479, 1512, 1520, 1545, 14, 13, 36
784, 777, 739, 724, 697, 685, 655, 656, 637, 626, 625, 611, 579, 563, 534, 519, 504, 476, 439, 418, 411, 385, 361, 362, 343, 311, 304, 281, 261, 222, 206, 198, 168, 139, 140, 121, 96, 97, 75, 57, 37
784, 777, 739, 724, 697, 685, 655, 656, 637, 626, 625, 611, 579, 563, 534, 519, 504, 476, 439, 418, 411, 385, 361, 362, 343, 311, 304, 281, 261, 222, 206, 198, 168, 139, 140, 121, 96, 74, 56, 38
784, 777, 739, 724, 697, 685, 655, 656, 637, 626, 625, 611, 579, 563, 534, 519, 504, 476, 439, 418, 411, 385, 361, 362, 343, 311, 304, 281, 261, 222, 206, 198, 169, 138, 120, 95, 73, 54, 55, 39
784, 777, 739, 724, 697, 685, 655, 656, 637, 626, 625, 611, 579, 563, 534, 519, 504, 476, 439, 418, 411, 385, 361, 362, 343, 311, 304, 281, 261, 222, 206, 198, 169, 138, 120, 95, 73, 54, 55, 40
784, 777, 739, 724, 697, 685, 655, 656, 637, 626, 625, 611, 579, 563, 534, 519, 504, 476, 439, 418, 411, 385, 361, 362, 343, 311, 304, 281, 261, 222, 206, 198, 169, 138, 120, 95, 73, 54, 41
784, 777, 739, 724, 697, 685, 655, 656, 637, 626, 625, 611, 579, 563, 534, 519, 504, 476, 439, 418, 411, 385, 361, 362, 343, 311, 304, 281, 261, 222, 206, 198, 169, 138, 120, 95, 73, 54, 41, 42
784, 783, 808, 849, 853, 888, 924, 935, 961, 971, 1001, 1012, 1045, 1054, 1094, 1097, 1096, 1120, 1155, 1174, 1180, 1203, 1245, 1251, 1281, 1307, 1329, 1349, 1369, 1384, 1404, 1430, 1441, 1456, 1485, 1498, 1514, 1552, 9, 43
784, 783, 808, 849, 853, 888, 924, 935, 961, 971, 1001, 1012, 1045, 1054, 1094, 1098, 1121, 1154, 1172, 1202, 1224, 1246, 1252, 1282, 1308, 1331, 1332, 1350, 1385, 1403, 1428, 1442, 1457, 1486, 1499, 1534, 1553, 7, 44
784, 810, 809, 850, 877, 889, 926, 936, 960, 972, 1002, 1013, 1046, 1055, 1076, 1099, 1123, 1152, 1171, 1200, 1223, 1225, 1253, 1284, 1309, 1312, 1333, 1351, 1386, 1401, 1427, 1443, 1458, 1487, 1500, 1533, 1554, 6, 45
784, 777, 739, 724, 697, 685, 655, 635, 628, 608, 583, 560, 536, 517, 500, 481, 458, 422, 394, 390, 356, 348, 306, 289, 276, 245, 228, 213, 183, 175, 153, 113, 89, 86, 46
784, 777, 739, 724, 697, 685, 655, 635, 628, 608, 583, 560, 536, 517, 500, 481, 458, 422, 394, 390, 356, 348, 306, 289, 276, 245, 228, 213, 183, 175, 153, 113, 89, 86, 47
784, 810, 851, 876, 890, 902, 937, 959, 973, 1003, 1014, 1047, 1056, 1078, 1101, 1124, 1151, 1170, 1199, 1222, 1226, 1254, 1285, 1310, 1313, 1334, 1352, 1388, 1400, 1426, 1444, 1460, 1488, 1501, 1531, 1536, 4, 24, 48
784, 810, 851, 876, 890, 902, 937, 959, 973, 1003, 1014, 1047, 1056, 1078, 1101, 1124, 1151, 1170, 1199, 1222, 1226, 1254, 1285, 1310, 1313, 1334, 1352, 1388, 1400, 1426, 1444, 1460, 1488, 1501, 1532, 1535, 5, 23, 49
784, 777, 739, 724, 697, 685, 655, 635, 628, 608, 583, 560, 536, 517, 500, 481, 458, 422, 394, 390, 356, 348, 306, 289, 276, 243, 227, 212, 181, 172, 133, 116, 92, 69, 50
784, 783, 808, 849, 853, 888, 924, 935, 961, 971, 1001, 1012, 1045, 1054, 1094, 1098, 1121, 1154, 1172, 1202, 1224, 1246, 1252, 1282, 1308, 1331, 1332, 1350, 1385, 1403, 1428, 1442, 1457, 1486, 1499, 1534, 1553, 7, 44, 51
784, 783, 808, 849, 853, 888, 924, 935, 961, 971, 1001, 1012, 1045, 1054, 1094, 1098, 1121, 1154, 1172, 1202, 1224, 1246, 1252, 1282, 1308, 1331, 1332, 1350, 1385, 1403, 1428, 1442, 1457, 1486, 1499, 1534, 1553, 7, 44, 51, 52
784, 777, 739, 724, 697, 685, 655, 656, 637, 626, 625, 611, 579, 563, 534, 519, 504, 476, 439, 418, 411, 385, 361, 362, 343, 311, 304, 281, 261, 222, 206, 198, 169, 137, 119, 118, 94, 72, 53
784, 777, 739, 724, 697, 685, 655, 656, 637, 626, 625, 611, 579, 563, 534, 519, 504, 476, 439, 418, 411, 385, 361, 362, 343, 311, 304, 281, 261, 222, 206, 198, 169, 138, 120, 95, 73, 54
784, 777, 739, 724, 697, 685, 655, 656, 637, 626, 625, 611, 579, 563, 534, 519, 504, 476, 439, 418, 411, 385, 361, 362, 343, 311, 304, 281, 261, 222, 206, 198, 169, 138, 120, 95, 73, 54, 55
784, 777, 739, 724, 697, 685, 655, 656, 637, 626, 625, 611, 579, 563, 534, 519, 504, 476, 439, 418, 411, 385, 361, 362, 343, 311, 304, 281, 261, 222, 206, 198, 168, 139, 140, 121, 96, 74, 56
784, 777, 739, 724, 697, 685, 655, 656, 637, 626, 625, 611, 579, 563, 534, 519, 504, 476, 439, 418, 411, 385, 361, 362, 343, 311, 304, 281, 261, 222, 206, 198, 168, 139, 140, 121, 96, 97, 75, 57
784, 810, 851, 876, 890, 902, 937, 959, 973, 1003, 1004, 1015, 1049, 1059, 1081, 1104, 1127, 1148, 1167, 1195, 1217, 1231, 1259, 1269, 1295, 1318, 1339, 1358, 1374, 1392, 1419, 1432, 1468, 1469, 1470, 1479, 1512, 1520, 1545, 14, 13, 36, 58
784, 810, 851, 876, 890, 902, 937, 959, 973, 1003, 1004, 1015, 1049, 1059, 1081, 1104, 1127, 1148, 1167, 1195, 1217, 1231, 1259, 1269, 1295, 1318, 1339, 1358, 1374, 1392, 1419, 1432, 1468, 1469, 1470, 1479, 1512, 1520, 1545, 14, 35, 59
784, 810, 851, 876, 890, 902, 937, 959, 973, 1003, 1004, 1015, 1049, 1059, 1081, 1104, 1127, 1148, 1167, 1195, 1217, 1231, 1259, 1269, 1295, 1318, 1339, 1358, 1374, 1392, 1419, 1432, 1468, 1469, 1477, 1478, 1511, 1521, 1544, 15, 33, 60
784, 810, 851, 876, 890, 902, 937, 959, 973, 1003, 1004, 1015, 1049, 1059, 1081, 1104, 1127, 1148, 1167, 1195, 1217, 1231, 1259, 1269, 1295, 1318, 1339, 1358, 1374, 1392, 1419, 1432, 1468, 1476, 1509, 1525, 1542, 17, 31, 62, 61
784, 810, 851, 876, 890, 902, 937, 959, 973, 1003, 1004, 1015, 1049, 1059, 1081, 1104, 1127, 1148, 1167, 1195, 1217, 1231, 1259, 1269, 1295, 1318, 1339, 1358, 1374, 1392, 1419, 1432, 1468, 1476, 1509, 1525, 1542, 17, 31, 62
784, 777, 739, 724, 697, 685, 684, 654, 653, 629, 607, 584, 559, 539, 515, 498, 462, 455, 426, 398, 372, 352, 331, 324, 294, 270, 252, 233, 219, 190, 158, 148, 128, 105, 82, 63
784, 777, 739, 724, 697, 685, 655, 635, 628, 608, 583, 560, 537, 516, 499, 482, 456, 425, 396, 392, 353, 330, 325, 293, 272, 250, 232, 217, 187, 156, 150, 130, 106, 83, 64
784, 777, 739, 724, 697, 685, 655, 635, 628, 608, 583, 560, 536, 517, 500, 481, 458, 422, 394, 390, 355, 328, 327, 291, 274, 248, 230, 216, 185, 177, 151, 110, 107, 84, 65
784, 777, 739, 724, 697, 685, 655, 635, 628, 608, 583, 560, 536, 517, 500, 481, 458, 422, 394, 390, 355, 328, 327, 291, 274, 248, 230, 216, 185, 177, 151, 110, 107, 84, 66
784, 777, 739, 724, 697, 685, 655, 635, 628, 608, 583, 560, 536, 517, 500, 481, 458, 422, 394, 390, 355, 328, 327, 291, 274, 248, 230, 216, 185, 177, 151, 110, 108, 85, 67
784, 777, 739, 724, 697, 685, 655, 635, 628, 608, 583, 560, 536, 517, 500, 481, 458, 422, 394, 390, 356, 348, 306, 289, 276, 243, 227, 212, 181, 172, 132, 115, 91, 68
784, 777, 739, 724, 697, 685, 655, 635, 628, 608, 583, 560, 536, 517, 500, 481, 458, 422, 394, 390, 356, 348, 306, 289, 276, 243, 227, 212, 181, 172, 133, 116, 92, 69
784, 777, 739, 724, 697, 685, 655, 635, 628, 608, 583, 560, 536, 517, 500, 481, 458, 422, 394, 390, 356, 348, 306, 289, 276, 243, 227, 212, 181, 172, 133, 116, 92, 69, 70
784, 783, 808, 849, 853, 888, 924, 935, 961, 971, 1001, 1012, 1045, 1054, 1094, 1098, 1121, 1154, 1172, 1202, 1224, 1246, 1252, 1282, 1308, 1331, 1332, 1350, 1385, 1403, 1428, 1442, 1457, 1486, 1499, 1534, 1553, 7, 44, 51, 71
784, 777, 739, 724, 697, 685, 655, 656, 637, 626, 625, 611, 579, 563, 534, 519, 504, 476, 439, 418, 411, 385, 361, 362, 343, 311, 304, 281, 261, 222, 206, 198, 169, 137, 119, 118, 94, 72
784, 777, 739, 724, 697, 685, 655, 656, 637, 626, 625, 611, 579, 563, 534, 519, 504, 476, 439, 418, 411, 385, 361, 362, 343, 311, 304, 281, 261, 222, 206, 198, 169, 138, 120, 95, 73
784, 777, 739, 724, 697, 685, 655, 656, 637, 626, 625, 611, 579, 563, 534, 519, 504, 476, 439, 418, 411, 385, 361, 362, 343, 311, 304, 281, 261, 222, 206, 198, 168, 139, 140, 121, 96, 74
784, 777, 739, 724, 697, 685, 655, 656, 637, 626, 625, 611, 579, 563, 534, 519, 504, 476, 439, 418, 411, 385, 361, 362, 343, 311, 304, 281, 261, 222, 206, 198, 168, 139, 140, 121, 96, 97, 75
784, 810, 851, 876, 890, 902, 937, 959, 973, 1003, 1004, 1015, 1049, 1059, 1081, 1104, 1127, 1148, 1167, 1195, 1217, 1231, 1259, 1269, 1295, 1318, 1339, 1358, 1374, 1392, 1419, 1432, 1468, 1469, 1470, 1479, 1512, 1520, 1545, 14, 35, 59, 76
784, 777, 778, 757, 722, 700, 681, 671, 650, 634, 601, 587, 588, 553, 543, 510, 493, 466, 450, 430, 401, 375, 371, 336, 320, 298, 267, 255, 237, 199, 193, 163, 143, 124, 100, 77
784, 777, 778, 757, 722, 700, 681, 671, 650, 634, 601, 587, 556, 541, 513, 495, 464, 453, 428, 400, 374, 350, 333, 323, 295, 269, 253, 235, 220, 221, 192, 161, 145, 125, 101, 78
784, 777, 778, 757, 722, 700, 681, 671, 650, 634, 601, 587, 556, 541, 513, 495, 464, 453, 428, 400, 374, 350, 333, 323, 295, 269, 253, 235, 220, 191, 160, 146, 126, 102, 79
784, 777, 778, 757, 722, 700, 681, 671, 650, 634, 601, 587, 556, 541, 513, 495, 464, 453, 428, 400, 374, 350, 333, 323, 295, 269, 253, 235, 220, 191, 160, 146, 126, 103, 80
784, 777, 739, 724, 697, 685, 684, 654, 653, 629, 607, 584, 559, 539, 515, 498, 462, 455, 426, 398, 372, 352, 331, 324, 294, 270, 252, 233, 219, 190, 159, 147, 127, 104, 81
784, 777, 739, 724, 697, 685, 684, 654, 653, 629, 607, 584, 559, 539, 515, 498, 462, 455, 426, 398, 372, 352, 331, 324, 294, 270, 252, 233, 219, 190, 158, 148, 128, 105, 82
784, 777, 739, 724, 697, 685, 655, 635, 628, 608, 583, 560, 537, 516, 499, 482, 456, 425, 396, 392, 353, 330, 325, 293, 272, 250, 232, 217, 187, 156, 150, 130, 106, 83
784, 777, 739, 724, 697, 685, 655, 635, 628, 608, 583, 560, 536, 517, 500, 481, 458, 422, 394, 390, 355, 328, 327, 291, 274, 248, 230, 216, 185, 177, 151, 110, 107, 84
784, 777, 739, 724, 697, 685, 655, 635, 628, 608, 583, 560, 536, 517, 500, 481, 458, 422, 394, 390, 355, 328, 327, 291, 274, 248, 230, 216, 185, 177, 151, 110, 108, 85
784, 777, 739, 724, 697, 685, 655, 635, 628, 608, 583, 560, 536, 517, 500, 481, 458, 422, 394, 390, 356, 348, 306, 289, 276, 245, 228, 213, 183, 175, 153, 113, 89, 86
784, 777, 739, 724, 697, 685, 655, 635, 628, 608, 583, 560, 536, 517, 500, 481, 458, 422, 394, 390, 356, 348, 306, 289, 276, 243, 227, 212, 182, 173, 154, 114, 90, 87
784, 777, 739, 724, 697, 685, 655, 635, 628, 608, 583, 560, 536, 517, 500, 481, 458, 422, 394, 390, 356, 348, 306, 289, 276, 243, 227, 212, 181, 172, 132, 115, 91, 88
784, 777, 739, 724, 697, 685, 655, 635, 628, 608, 583, 560, 536, 517, 500, 481, 458, 422, 394, 390, 356, 348, 306, 289, 276, 245, 228, 213, 183, 175, 153, 113, 89
784, 777, 739, 724, 697, 685, 655, 635, 628, 608, 583, 560, 536, 517, 500, 481, 458, 422, 394, 390, 356, 348, 306, 289, 276, 243, 227, 212, 182, 173, 154, 114, 90
784, 777, 739, 724, 697, 685, 655, 635, 628, 608, 583, 560, 536, 517, 500, 481, 458, 422, 394, 390, 356, 348, 306, 289, 276, 243, 227, 212, 181, 172, 132, 115, 91
784, 777, 739, 724, 697, 685, 655, 635, 628, 608, 583, 560, 536, 517, 500, 481, 458, 422, 394, 390, 356, 348, 306, 289, 276, 243, 227, 212, 181, 172, 133, 116, 92
784, 777, 739, 724, 697, 685, 655, 656, 637, 626, 625, 611, 579, 563, 534, 519, 504, 476, 439, 418, 411, 385, 361, 344, 310, 305, 279, 263, 225, 207, 178, 170, 135, 117, 93
784, 777, 739, 724, 697, 685, 655, 656, 637, 626, 625, 611, 579, 563, 534, 519, 504, 476, 439, 418, 411, 385, 361, 362, 343, 311, 304, 281, 261, 222, 206, 198, 169, 137, 119, 118, 94
784, 777, 739, 724, 697, 685, 655, 656, 637, 626, 625, 611, 579, 563, 534, 519, 504, 476, 439, 418, 411, 385, 361, 362, 343, 311, 304, 281, 261, 222, 206, 198, 169, 138, 120, 95
784, 777, 739, 724, 697, 685, 655, 656, 637, 626, 625, 611, 579, 563, 534, 519, 504, 476, 439, 418, 411, 385, 361, 362, 343, 311, 304, 281, 261, 222, 206, 198, 168, 139, 140, 121, 96
784, 777, 739, 724, 697, 685, 655, 656, 637, 626, 625, 611, 579, 563, 534, 519, 504, 476, 439, 418, 411, 385, 361, 362, 343, 311, 304, 281, 261, 222, 206, 198, 168, 139, 140, 121, 96, 97
784, 777, 739, 724, 697, 685, 655, 656, 637, 626, 625, 611, 579, 563, 534, 519, 504, 476, 439, 418, 411, 385, 361, 362, 343, 311, 304, 281, 261, 222, 206, 198, 168, 139, 140, 121, 96, 97, 98
784, 777, 778, 757, 722, 700, 681, 671, 650, 634, 601, 587, 588, 553, 543, 510, 493, 466, 449, 431, 402, 376, 370, 337, 319, 299, 266, 256, 238, 200, 194, 164, 142, 123, 99
