927, 949, 985, 993, 1025, 1038, 1068, 1087, 1112, 1135, 1140, 1159, 1184, 1209, 1208, 1242, 1248, 1249, 1279, 1280, 1281, 1307, 1330, 1331, 1333, 1351, 1386, 1401, 1427, 1443, 1459, 1488, 1501, 1531, 1536, 1537, 2, 1, 0
927, 949, 985, 993, 1025, 1038, 1068, 1087, 1112, 1135, 1140, 1159, 1184, 1209, 1208, 1242, 1248, 1249, 1279, 1280, 1281, 1307, 1330, 1331, 1333, 1351, 1386, 1401, 1427, 1443, 1459, 1488, 1501, 1531, 1536, 1537, 2, 1
927, 949, 985, 993, 1025, 1038, 1068, 1087, 1112, 1135, 1140, 1159, 1184, 1209, 1208, 1242, 1248, 1249, 1279, 1280, 1281, 1307, 1330, 1331, 1333, 1351, 1386, 1401, 1427, 1443, 1459, 1488, 1501, 1531, 1536, 1537, 2
927, 949, 985, 993, 1025, 1038, 1068, 1087, 1112, 1135, 1140, 1159, 1184, 1209, 1208, 1242, 1248, 1249, 1279, 1280, 1281, 1307, 1330, 1331, 1333, 1351, 1386, 1401, 1427, 1443, 1459, 1488, 1501, 1531, 1536, 4, 3
927, 949, 985, 993, 1025, 1038, 1068, 1087, 1112, 1135, 1140, 1159, 1184, 1209, 1208, 1242, 1248, 1249, 1279, 1280, 1281, 1307, 1330, 1331, 1333, 1351, 1386, 1401, 1427, 1443, 1459, 1488, 1501, 1531, 1536, 4
927, 949, 985, 993, 1025, 1038, 1068, 1087, 1112, 1135, 1140, 1159, 1184, 1209, 1208, 1242, 1248, 1249, 1279, 1280, 1281, 1307, 1330, 1331, 1333, 1351, 1386, 1401, 1427, 1443, 1459, 1488, 1501, 1532, 1535, 5
927, 949, 985, 993, 1025, 1038, 1068, 1087, 1112, 1135, 1140, 1159, 1184, 1209, 1208, 1242, 1248, 1249, 1279, 1280, 1281, 1307, 1330, 1331, 1332, 1350, 1385, 1403, 1428, 1442, 1457, 1487, 1500, 1533, 1554, 6
927, 949, 985, 993, 1025, 1038, 1068, 1087, 1112, 1135, 1140, 1159, 1184, 1209, 1208, 1242, 1247, 1278, 1303, 1326, 1346, 1347, 1348, 1368, 1383, 1405, 1411, 1440, 1455, 1485, 1486, 1499, 1534, 1553, 7
927, 949, 985, 993, 1025, 1038, 1068, 1087, 1112, 1135, 1140, 1159, 1184, 1209, 1208, 1242, 1247, 1278, 1303, 1326, 1346, 1347, 1348, 1368, 1383, 1405, 1411, 1440, 1455, 1485, 1498, 1514, 1552, 8
927, 949, 985, 993, 1025, 1038, 1068, 1087, 1112, 1135, 1140, 1159, 1184, 1209, 1208, 1242, 1247, 1278, 1303, 1326, 1346, 1347, 1348, 1368, 1383, 1405, 1411, 1440, 1455, 1485, 1498, 1514, 1552, 9
927, 949, 985, 993, 1025, 1038, 1068, 1087, 1112, 1135, 1140, 1159, 1184, 1209, 1208, 1242, 1247, 1278, 1303, 1326, 1346, 1347, 1366, 1382, 1406, 1412, 1439, 1453, 1483, 1496, 1517, 1550, 11, 10
927, 949, 985, 993, 1025, 1038, 1068, 1087, 1112, 1135, 1140, 1159, 1184, 1209, 1208, 1242, 1247, 1278, 1303, 1326, 1346, 1347, 1366, 1382, 1406, 1412, 1439, 1453, 1483, 1496, 1517, 1550, 11
927, 949, 985, 993, 1025, 1038, 1068, 1087, 1112, 1135, 1140, 1159, 1184, 1209, 1208, 1242, 1247, 1278, 1303, 1326, 1346, 1365, 1381, 1407, 1413, 1438, 1452, 1482, 1495, 1518, 1548, 12
927, 949, 985, 993, 1025, 1038, 1068, 1087, 1112, 1135, 1140, 1159, 1184, 1209, 1240, 1266, 1277, 1302, 1325, 1345, 1364, 1380, 1408, 1414, 1437, 1472, 1481, 1513, 1519, 1546, 13
927, 949, 985, 993, 1025, 1038, 1068, 1087, 1111, 1134, 1141, 1160, 1186, 1210, 1239, 1265, 1276, 1300, 1324, 1344, 1363, 1379, 1410, 1415, 1435, 1471, 1480, 1512, 1520, 1545, 14
927, 949, 985, 993, 1025, 1038, 1068, 1087, 1111, 1134, 1133, 1142, 1161, 1187, 1212, 1236, 1263, 1274, 1298, 1322, 1342, 1361, 1376, 1390, 1417, 1433, 1469, 1477, 1478, 1511, 1521, 1544, 15
927, 949, 985, 993, 1025, 1038, 1068, 1087, 1111, 1134, 1133, 1142, 1161, 1187, 1212, 1236, 1263, 1274, 1298, 1322, 1342, 1361, 1376, 1390, 1417, 1433, 1469, 1477, 1510, 1523, 1543, 16
927, 949, 985, 993, 1025, 1038, 1068, 1087, 1111, 1134, 1133, 1142, 1161, 1187, 1212, 1236, 1263, 1274, 1298, 1297, 1321, 1341, 1360, 1375, 1391, 1418, 1432, 1468, 1476, 1509, 1525, 1542, 17
927, 949, 985, 993, 1025, 1038, 1068, 1087, 1111, 1134, 1133, 1143, 1144, 1162, 1163, 1190, 1214, 1234, 1261, 1271, 1296, 1319, 1340, 1359, 1374, 1392, 1420, 1431, 1467, 1475, 1508, 1526, 1541, 18
927, 949, 985, 993, 1025, 1038, 1068, 1087, 1111, 1134, 1133, 1143, 1144, 1162, 1163, 1190, 1214, 1234, 1261, 1271, 1296, 1319, 1340, 1359, 1374, 1392, 1420, 1431, 1467, 1475, 1508, 1526, 1541, 19
927, 949, 985, 993, 1025, 1038, 1068, 1087, 1111, 1134, 1133, 1143, 1144, 1162, 1163, 1190, 1214, 1234, 1261, 1271, 1296, 1319, 1340, 1359, 1374, 1392, 1420, 1431, 1467, 1475, 1508, 1526, 1541, 19, 20
927, 949, 985, 993, 1025, 1038, 1068, 1087, 1111, 1134, 1133, 1143, 1144, 1162, 1163, 1190, 1214, 1234, 1261, 1271, 1296, 1319, 1340, 1359, 1374, 1392, 1420, 1431, 1467, 1475, 1508, 1526, 1527, 1540, 1539, 21
927, 949, 985, 993, 1025, 1038, 1068, 1087, 1112, 1135, 1140, 1159, 1184, 1209, 1208, 1242, 1248, 1249, 1279, 1280, 1281, 1307, 1330, 1331, 1333, 1351, 1386, 1401, 1427, 1443, 1459, 1488, 1501, 1532, 1535, 5, 22
927, 949, 985, 993, 1025, 1038, 1068, 1087, 1112, 1135, 1140, 1159, 1184, 1209, 1208, 1242, 1248, 1249, 1279, 1280, 1281, 1307, 1330, 1331, 1333, 1351, 1386, 1401, 1427, 1443, 1459, 1488, 1501, 1532, 1535, 5, 23
927, 949, 985, 993, 1025, 1038, 1068, 1087, 1112, 1135, 1140, 1159, 1184, 1209, 1208, 1242, 1248, 1249, 1279, 1280, 1281, 1307, 1330, 1331, 1333, 1351, 1386, 1401, 1427, 1443, 1459, 1488, 1501, 1531, 1536, 4, 24
927, 949, 985, 993, 1025, 1038, 1068, 1087, 1112, 1135, 1140, 1159, 1184, 1209, 1208, 1242, 1248, 1249, 1279, 1280, 1281, 1307, 1330, 1331, 1333, 1351, 1386, 1401, 1427, 1443, 1459, 1488, 1501, 1531, 1536, 4, 3, 25
927, 949, 985, 993, 1025, 1038, 1068, 1087, 1112, 1135, 1140, 1159, 1184, 1209, 1208, 1242, 1248, 1249, 1279, 1280, 1281, 1307, 1330, 1331, 1333, 1351, 1386, 1401, 1427, 1443, 1459, 1488, 1501, 1531, 1536, 1537, 2, 26
927, 949, 985, 993, 1025, 1038, 1068, 1087, 1111, 1134, 1133, 1143, 1144, 1162, 1163, 1190, 1214, 1234, 1261, 1271, 1296, 1319, 1340, 1359, 1374, 1392, 1420, 1431, 1467, 1475, 1508, 1526, 1541, 19, 20, 29, 28, 27
927, 949, 985, 993, 1025, 1038, 1068, 1087, 1111, 1134, 1133, 1143, 1144, 1162, 1163, 1190, 1214, 1234, 1261, 1271, 1296, 1319, 1340, 1359, 1374, 1392, 1420, 1431, 1467, 1475, 1508, 1526, 1541, 19, 20, 29, 28
927, 949, 985, 993, 1025, 1038, 1068, 1087, 1111, 1134, 1133, 1143, 1144, 1162, 1163, 1190, 1214, 1234, 1261, 1271, 1296, 1319, 1340, 1359, 1374, 1392, 1420, 1431, 1467, 1475, 1508, 1526, 1541, 19, 20, 29
927, 949, 985, 993, 1025, 1038, 1068, 1087, 1111, 1134, 1133, 1143, 1144, 1162, 1163, 1190, 1214, 1234, 1261, 1271, 1296, 1319, 1340, 1359, 1374, 1392, 1420, 1431, 1467, 1475, 1508, 1526, 1541, 19, 30
927, 949, 985, 993, 1025, 1038, 1068, 1087, 1111, 1134, 1133, 1142, 1161, 1187, 1212, 1236, 1263, 1274, 1298, 1297, 1321, 1341, 1360, 1375, 1391, 1418, 1432, 1468, 1476, 1509, 1525, 1542, 17, 31
927, 949, 985, 993, 1025, 1038, 1068, 1087, 1111, 1134, 1133, 1142, 1161, 1187, 1212, 1236, 1263, 1274, 1298, 1322, 1342, 1361, 1376, 1390, 1417, 1433, 1469, 1477, 1510, 1523, 1543, 16, 32
927, 949, 985, 993, 1025, 1038, 1068, 1087, 1111, 1134, 1141, 1160, 1186, 1210, 1239, 1265, 1276, 1300, 1324, 1344, 1363, 1379, 1410, 1415, 1435, 1471, 1480, 1512, 1520, 1545, 14, 35, 34, 33
927, 949, 985, 993, 1025, 1038, 1068, 1087, 1111, 1134, 1141, 1160, 1186, 1210, 1239, 1265, 1276, 1300, 1324, 1344, 1363, 1379, 1410, 1415, 1435, 1471, 1480, 1512, 1520, 1545, 14, 35, 34
927, 949, 985, 993, 1025, 1038, 1068, 1087, 1111, 1134, 1141, 1160, 1186, 1210, 1239, 1265, 1276, 1300, 1324, 1344, 1363, 1379, 1410, 1415, 1435, 1471, 1480, 1512, 1520, 1545, 14, 35
927, 949, 985, 993, 1025, 1038, 1068, 1087, 1112, 1135, 1140, 1159, 1184, 1209, 1240, 1266, 1277, 1302, 1325, 1345, 1364, 1380, 1408, 1414, 1437, 1472, 1481, 1513, 1519, 1546, 13, 36
927, 949, 985, 993, 1025, 1038, 1068, 1087, 1112, 1135, 1140, 1159, 1184, 1209, 1208, 1242, 1247, 1278, 1303, 1326, 1346, 1365, 1381, 1407, 1413, 1438, 1452, 1482, 1495, 1518, 1548, 12, 37
927, 949, 985, 993, 1025, 1038, 1068, 1087, 1112, 1135, 1140, 1159, 1184, 1209, 1208, 1242, 1247, 1278, 1303, 1326, 1346, 1365, 1381, 1407, 1413, 1438, 1452, 1482, 1495, 1518, 1548, 12, 38
927, 949, 985, 993, 1025, 1038, 1068, 1087, 1112, 1135, 1140, 1159, 1184, 1209, 1208, 1242, 1247, 1278, 1303, 1326, 1346, 1365, 1381, 1407, 1413, 1438, 1452, 1482, 1495, 1518, 1548, 12, 38, 39
927, 949, 985, 993, 1025, 1038, 1068, 1087, 1112, 1135, 1140, 1159, 1184, 1209, 1208, 1242, 1247, 1278, 1303, 1326, 1346, 1365, 1381, 1407, 1413, 1438, 1452, 1482, 1495, 1518, 1548, 12, 38, 39, 40
927, 949, 985, 993, 1025, 1038, 1068, 1087, 1112, 1135, 1140, 1159, 1184, 1209, 1208, 1242, 1247, 1278, 1303, 1326, 1346, 1347, 1366, 1382, 1406, 1412, 1439, 1453, 1483, 1496, 1517, 1550, 11, 10, 41
927, 949, 985, 993, 1025, 1038, 1068, 1087, 1112, 1135, 1140, 1159, 1184, 1209, 1208, 1242, 1247, 1278, 1303, 1326, 1346, 1347, 1366, 1382, 1406, 1412, 1439, 1453, 1483, 1496, 1517, 1550, 11, 10, 42
927, 949, 985, 993, 1025, 1038, 1068, 1087, 1112, 1135, 1140, 1159, 1184, 1209, 1208, 1242, 1247, 1278, 1303, 1326, 1346, 1347, 1348, 1368, 1383, 1405, 1411, 1440, 1455, 1485, 1498, 1514, 1552, 9, 43
927, 949, 985, 993, 1025, 1038, 1068, 1087, 1112, 1135, 1140, 1159, 1184, 1209, 1208, 1242, 1247, 1278, 1303, 1326, 1346, 1347, 1348, 1368, 1383, 1405, 1411, 1440, 1455, 1485, 1498, 1514, 1552, 8, 44
927, 949, 985, 993, 1025, 1038, 1068, 1087, 1112, 1135, 1140, 1159, 1184, 1209, 1208, 1242, 1248, 1249, 1279, 1280, 1281, 1307, 1330, 1331, 1332, 1350, 1385, 1403, 1428, 1442, 1457, 1487, 1500, 1533, 1554, 6, 45
927, 949, 985, 993, 1025, 1038, 1068, 1087, 1112, 1135, 1140, 1159, 1184, 1209, 1208, 1242, 1248, 1249, 1279, 1280, 1281, 1307, 1330, 1331, 1333, 1351, 1386, 1401, 1427, 1443, 1459, 1488, 1501, 1531, 1536, 4, 24, 46
927, 949, 985, 993, 1025, 1038, 1068, 1087, 1112, 1135, 1140, 1159, 1184, 1209, 1208, 1242, 1248, 1249, 1279, 1280, 1281, 1307, 1330, 1331, 1333, 1351, 1386, 1401, 1427, 1443, 1459, 1488, 1501, 1531, 1536, 4, 24, 46, 47
927, 949, 985, 993, 1025, 1038, 1068, 1087, 1112, 1135, 1140, 1159, 1184, 1209, 1208, 1242, 1248, 1249, 1279, 1280, 1281, 1307, 1330, 1331, 1333, 1351, 1386, 1401, 1427, 1443, 1459, 1488, 1501, 1531, 1536, 4, 24, 48
927, 949, 985, 993, 1025, 1038, 1068, 1087, 1112, 1135, 1140, 1159, 1184, 1209, 1208, 1242, 1248, 1249, 1279, 1280, 1281, 1307, 1330, 1331, 1333, 1351, 1386, 1401, 1427, 1443, 1459, 1488, 1501, 1532, 1535, 5, 23, 49
927, 949, 985, 993, 1025, 1038, 1068, 1087, 1112, 1135, 1140, 1159, 1184, 1209, 1208, 1242, 1247, 1278, 1303, 1326, 1346, 1347, 1348, 1368, 1383, 1405, 1411, 1440, 1455, 1485, 1498, 1514, 1552, 8, 44, 50
927, 949, 985, 993, 1025, 1038, 1068, 1087, 1112, 1135, 1140, 1159, 1184, 1209, 1208, 1242, 1247, 1278, 1303, 1326, 1346, 1347, 1348, 1368, 1383, 1405, 1411, 1440, 1455, 1485, 1498, 1514, 1552, 8, 44, 51
927, 949, 985, 993, 1025, 1038, 1068, 1087, 1112, 1135, 1140, 1159, 1184, 1209, 1208, 1242, 1247, 1278, 1303, 1326, 1346, 1347, 1348, 1368, 1383, 1405, 1411, 1440, 1455, 1485, 1498, 1514, 1552, 9, 43, 52
927, 949, 985, 993, 1025, 1038, 1068, 1087, 1112, 1135, 1140, 1159, 1184, 1209, 1208, 1242, 1247, 1278, 1303, 1326, 1346, 1347, 1348, 1368, 1383, 1405, 1411, 1440, 1455, 1485, 1498, 1514, 1552, 9, 43, 53
927, 949, 985, 993, 1025, 1038, 1068, 1087, 1112, 1135, 1140, 1159, 1184, 1209, 1208, 1242, 1247, 1278, 1303, 1326, 1346, 1365, 1381, 1407, 1413, 1438, 1452, 1482, 1495, 1518, 1548, 12, 38, 39, 55, 54
927, 949, 985, 993, 1025, 1038, 1068, 1087, 1112, 1135, 1140, 1159, 1184, 1209, 1208, 1242, 1247, 1278, 1303, 1326, 1346, 1365, 1381, 1407, 1413, 1438, 1452, 1482, 1495, 1518, 1548, 12, 38, 39, 55
927, 949, 985, 993, 1025, 1038, 1068, 1087, 1112, 1135, 1140, 1159, 1184, 1209, 1208, 1242, 1247, 1278, 1303, 1326, 1346, 1365, 1381, 1407, 1413, 1438, 1452, 1482, 1495, 1518, 1548, 12, 38, 56
927, 949, 985, 993, 1025, 1038, 1068, 1087, 1112, 1135, 1140, 1159, 1184, 1209, 1208, 1242, 1247, 1278, 1303, 1326, 1346, 1365, 1381, 1407, 1413, 1438, 1452, 1482, 1495, 1518, 1548, 12, 37, 57
927, 949, 985, 993, 1025, 1038, 1068, 1087, 1112, 1135, 1140, 1159, 1184, 1209, 1240, 1266, 1277, 1302, 1325, 1345, 1364, 1380, 1408, 1414, 1437, 1472, 1481, 1513, 1519, 1546, 13, 36, 58
927, 949, 985, 993, 1025, 1038, 1068, 1087, 1111, 1134, 1141, 1160, 1186, 1210, 1239, 1265, 1276, 1300, 1324, 1344, 1363, 1379, 1410, 1415, 1435, 1471, 1480, 1512, 1520, 1545, 14, 35, 59
927, 949, 985, 993, 1025, 1038, 1068, 1087, 1111, 1134, 1141, 1160, 1186, 1210, 1239, 1265, 1276, 1300, 1324, 1344, 1363, 1379, 1410, 1415, 1435, 1471, 1480, 1512, 1520, 1545, 14, 35, 59, 60
927, 949, 985, 993, 1025, 1038, 1068, 1087, 1111, 1134, 1133, 1142, 1161, 1187, 1212, 1236, 1263, 1274, 1298, 1322, 1342, 1361, 1376, 1390, 1417, 1433, 1469, 1477, 1510, 1523, 1543, 16, 32, 61
927, 949, 985, 993, 1025, 1038, 1068, 1087, 1111, 1134, 1133, 1142, 1161, 1187, 1212, 1236, 1263, 1274, 1298, 1297, 1321, 1341, 1360, 1375, 1391, 1418, 1432, 1468, 1476, 1509, 1525, 1542, 17, 31, 62
927, 949, 985, 993, 1025, 1038, 1068, 1087, 1111, 1134, 1133, 1142, 1161, 1187, 1212, 1236, 1263, 1274, 1298, 1297, 1321, 1341, 1360, 1375, 1391, 1418, 1432, 1468, 1476, 1509, 1525, 1542, 17, 31, 62, 63
927, 949, 985, 993, 1025, 1038, 1068, 1087, 1111, 1134, 1133, 1142, 1161, 1187, 1212, 1236, 1263, 1274, 1298, 1297, 1321, 1341, 1360, 1375, 1391, 1418, 1432, 1468, 1476, 1509, 1525, 1542, 17, 31, 62, 63, 64
927, 949, 985, 993, 1025, 1038, 1068, 1087, 1112, 1135, 1140, 1159, 1184, 1209, 1208, 1242, 1248, 1249, 1279, 1280, 1281, 1307, 1330, 1331, 1333, 1351, 1386, 1401, 1427, 1443, 1459, 1488, 1501, 1531, 1536, 1537, 2, 26, 66, 65
927, 949, 985, 993, 1025, 1038, 1068, 1087, 1112, 1135, 1140, 1159, 1184, 1209, 1208, 1242, 1248, 1249, 1279, 1280, 1281, 1307, 1330, 1331, 1333, 1351, 1386, 1401, 1427, 1443, 1459, 1488, 1501, 1531, 1536, 1537, 2, 26, 66
927, 949, 985, 993, 1025, 1038, 1068, 1087, 1112, 1135, 1140, 1159, 1184, 1209, 1208, 1242, 1248, 1249, 1279, 1280, 1281, 1307, 1330, 1331, 1333, 1351, 1386, 1401, 1427, 1443, 1459, 1488, 1501, 1531, 1536, 1537, 2, 26, 67
927, 949, 985, 993, 1025, 1038, 1068, 1087, 1112, 1135, 1140, 1159, 1184, 1209, 1208, 1242, 1247, 1278, 1303, 1326, 1346, 1347, 1348, 1368, 1383, 1405, 1411, 1440, 1455, 1485, 1498, 1514, 1552, 8, 44, 50, 68
927, 949, 985, 993, 1025, 1038, 1068, 1087, 1112, 1135, 1140, 1159, 1184, 1209, 1208, 1242, 1247, 1278, 1303, 1326, 1346, 1347, 1348, 1368, 1383, 1405, 1411, 1440, 1455, 1485, 1498, 1514, 1552, 8, 44, 50, 69
927, 949, 985, 993, 1025, 1038, 1068, 1087, 1112, 1135, 1140, 1159, 1184, 1209, 1208, 1242, 1247, 1278, 1303, 1326, 1346, 1347, 1348, 1368, 1383, 1405, 1411, 1440, 1455, 1485, 1498, 1514, 1552, 8, 44, 51, 70
927, 949, 985, 993, 1025, 1038, 1068, 1087, 1112, 1135, 1140, 1159, 1184, 1209, 1208, 1242, 1247, 1278, 1303, 1326, 1346, 1347, 1348, 1368, 1383, 1405, 1411, 1440, 1455, 1485, 1498, 1514, 1552, 8, 44, 51, 71
927, 916, 878, 863, 840, 823, 797, 767, 747, 732, 711, 692, 662, 642, 622, 590, 576, 567, 529, 524, 485, 473, 443, 437, 408, 383, 363, 342, 311, 304, 281, 261, 222, 206, 198, 169, 137, 119, 118, 94, 72
927, 916, 878, 863, 840, 823, 797, 767, 747, 732, 711, 692, 662, 642, 622, 590, 576, 567, 529, 524, 485, 473, 443, 437, 408, 383, 363, 342, 311, 304, 281, 261, 222, 206, 198, 169, 138, 120, 95, 73
927, 949, 985, 993, 1025, 1038, 1068, 1087, 1112, 1135, 1140, 1159, 1184, 1209, 1208, 1242, 1247, 1278, 1303, 1326, 1346, 1365, 1381, 1407, 1413, 1438, 1452, 1482, 1495, 1518, 1548, 12, 38, 56, 74
927, 949, 985, 993, 1025, 1038, 1068, 1087, 1112, 1135, 1140, 1159, 1184, 1209, 1208, 1242, 1247, 1278, 1303, 1326, 1346, 1365, 1381, 1407, 1413, 1438, 1452, 1482, 1495, 1518, 1548, 12, 37, 57, 75
927, 949, 985, 993, 1025, 1038, 1068, 1087, 1112, 1135, 1140, 1159, 1184, 1209, 1240, 1266, 1277, 1302, 1325, 1345, 1364, 1380, 1408, 1414, 1437, 1472, 1481, 1513, 1519, 1546, 13, 36, 58, 76
927, 949, 985, 993, 1025, 1038, 1068, 1087, 1111, 1134, 1141, 1160, 1186, 1210, 1239, 1265, 1276, 1300, 1324, 1344, 1363, 1379, 1410, 1415, 1435, 1471, 1480, 1512, 1520, 1545, 14, 35, 59, 77
927, 949, 985, 993, 1025, 1038, 1068, 1087, 1111, 1134, 1141, 1160, 1186, 1210, 1239, 1265, 1276, 1300, 1324, 1344, 1363, 1379, 1410, 1415, 1435, 1471, 1480, 1512, 1520, 1545, 14, 35, 59, 77, 78
927, 949, 985, 993, 1025, 1038, 1068, 1087, 1111, 1134, 1133, 1142, 1161, 1187, 1212, 1236, 1263, 1274, 1298, 1322, 1342, 1361, 1376, 1390, 1417, 1433, 1469, 1477, 1510, 1523, 1543, 16, 32, 61, 79
927, 949, 985, 993, 1025, 1038, 1068, 1087, 1111, 1134, 1133, 1142, 1161, 1187, 1212, 1236, 1263, 1274, 1298, 1322, 1342, 1361, 1376, 1390, 1417, 1433, 1469, 1477, 1510, 1523, 1543, 16, 32, 61, 80
927, 949, 985, 993, 1025, 1038, 1068, 1087, 1111, 1134, 1133, 1142, 1161, 1187, 1212, 1236, 1263, 1274, 1298, 1297, 1321, 1341, 1360, 1375, 1391, 1418, 1432, 1468, 1476, 1509, 1525, 1542, 17, 31, 62, 81
927, 949, 985, 993, 1025, 1038, 1068, 1087, 1111, 1134, 1133, 1142, 1161, 1187, 1212, 1236, 1263, 1274, 1298, 1297, 1321, 1341, 1360, 1375, 1391, 1418, 1432, 1468, 1476, 1509, 1525, 1542, 17, 31, 62, 81, 82
927, 949, 985, 993, 1025, 1038, 1068, 1087, 1111, 1134, 1133, 1142, 1161, 1187, 1212, 1236, 1263, 1274, 1298, 1297, 1321, 1341, 1360, 1375, 1391, 1418, 1432, 1468, 1476, 1509, 1525, 1542, 17, 31, 62, 63, 64, 83
927, 949, 985, 993, 1025, 1038, 1068, 1087, 1112, 1135, 1140, 1159, 1184, 1209, 1208, 1242, 1248, 1249, 1279, 1280, 1281, 1307, 1330, 1331, 1333, 1351, 1386, 1401, 1427, 1443, 1459, 1488, 1501, 1531, 1536, 1537, 2, 26, 66, 84
927, 949, 985, 993, 1025, 1038, 1068, 1087, 1112, 1135, 1140, 1159, 1184, 1209, 1208, 1242, 1248, 1249, 1279, 1280, 1281, 1307, 1330, 1331, 1333, 1351, 1386, 1401, 1427, 1443, 1459, 1488, 1501, 1531, 1536, 1537, 2, 26, 67, 85
927, 949, 985, 993, 1025, 1038, 1068, 1087, 1112, 1135, 1140, 1159, 1184, 1209, 1208, 1242, 1248, 1249, 1279, 1280, 1281, 1307, 1330, 1331, 1333, 1351, 1386, 1401, 1427, 1443, 1459, 1488, 1501, 1531, 1536, 4, 24, 46, 86
927, 916, 878, 863, 840, 823, 797, 767, 747, 732, 711, 692, 662, 642, 622, 590, 576, 567, 530, 523, 484, 474, 442, 417, 416, 411, 385, 360, 345, 309, 285, 278, 264, 226, 227, 212, 182, 173, 154, 114, 90, 87
927, 916, 878, 863, 840, 823, 797, 767, 747, 732, 711, 692, 662, 642, 622, 590, 576, 567, 530, 523, 484, 474, 442, 417, 416, 411, 385, 360, 345, 309, 285, 278, 264, 226, 211, 180, 172, 132, 115, 91, 88
927, 949, 985, 993, 1025, 1038, 1068, 1087, 1112, 1135, 1140, 1159, 1184, 1209, 1208, 1242, 1248, 1249, 1279, 1280, 1281, 1307, 1330, 1331, 1333, 1351, 1386, 1401, 1427, 1443, 1459, 1488, 1501, 1531, 1536, 4, 24, 46, 86, 89
927, 916, 878, 863, 840, 823, 797, 767, 747, 732, 711, 692, 662, 642, 622, 590, 576, 567, 530, 523, 484, 474, 442, 417, 416, 411, 385, 360, 345, 309, 285, 278, 264, 226, 227, 212, 182, 173, 154, 114, 90
927, 916, 878, 863, 840, 823, 797, 767, 747, 732, 711, 692, 662, 642, 622, 590, 576, 567, 530, 523, 484, 474, 442, 417, 416, 411, 385, 360, 345, 309, 285, 278, 264, 226, 211, 180, 172, 132, 115, 91
927, 916, 878, 863, 840, 823, 797, 767, 747, 732, 711, 692, 662, 642, 622, 590, 576, 567, 530, 523, 484, 474, 442, 417, 416, 411, 385, 361, 344, 310, 305, 279, 263, 225, 208, 179, 171, 134, 116, 92
927, 916, 878, 863, 840, 823, 797, 767, 747, 732, 711, 692, 662, 642, 622, 590, 576, 567, 529, 524, 485, 473, 443, 437, 408, 383, 363, 342, 311, 304, 280, 262, 223, 207, 178, 170, 135, 117, 93
927, 916, 878, 863, 840, 823, 797, 767, 747, 732, 711, 692, 662, 642, 622, 590, 576, 567, 529, 524, 485, 473, 443, 437, 408, 383, 363, 342, 311, 304, 281, 261, 222, 206, 198, 169, 137, 119, 118, 94
927, 916, 878, 863, 840, 823, 797, 767, 747, 732, 711, 692, 662, 642, 622, 590, 576, 567, 529, 524, 485, 473, 443, 437, 408, 383, 363, 342, 311, 304, 281, 261, 222, 206, 198, 169, 138, 120, 95
927, 949, 985, 993, 1025, 1038, 1068, 1087, 1112, 1135, 1140, 1159, 1184, 1209, 1208, 1242, 1247, 1278, 1303, 1326, 1346, 1365, 1381, 1407, 1413, 1438, 1452, 1482, 1495, 1518, 1548, 12, 38, 56, 74, 96
927, 949, 985, 993, 1025, 1038, 1068, 1087, 1112, 1135, 1140, 1159, 1184, 1209, 1208, 1242, 1247, 1278, 1303, 1326, 1346, 1365, 1381, 1407, 1413, 1438, 1452, 1482, 1495, 1518, 1548, 12, 37, 57, 75, 97
927, 949, 985, 993, 1025, 1038, 1068, 1087, 1112, 1135, 1140, 1159, 1184, 1209, 1208, 1242, 1247, 1278, 1303, 1326, 1346, 1365, 1381, 1407, 1413, 1438, 1452, 1482, 1495, 1518, 1548, 12, 37, 57, 75, 98
927, 949, 985, 993, 1025, 1038, 1068, 1087, 1112, 1135, 1140, 1159, 1184, 1209, 1240, 1266, 1277, 1302, 1325, 1345, 1364, 1380, 1408, 1414, 1437, 1472, 1481, 1513, 1519, 1546, 13, 36, 58, 76, 99
