908, 941, 955, 976, 1006, 1018, 1050, 1060, 1081, 1104, 1127, 1148, 1167, 1195, 1218, 1230, 1257, 1289, 1292, 1316, 1337, 1355, 1371, 1397, 1423, 1449, 1463, 1493, 1504, 1529, 1538, 0
908, 941, 955, 976, 1006, 1018, 1050, 1060, 1081, 1104, 1127, 1148, 1167, 1195, 1218, 1230, 1257, 1289, 1292, 1316, 1337, 1355, 1371, 1397, 1423, 1449, 1463, 1493, 1504, 1529, 1538, 1
908, 941, 955, 976, 1006, 1018, 1050, 1060, 1059, 1058, 1080, 1103, 1126, 1149, 1168, 1196, 1219, 1229, 1256, 1288, 1291, 1315, 1336, 1354, 1370, 1398, 1424, 1448, 1462, 1492, 1503, 1530, 1537, 2
908, 941, 955, 976, 1006, 1018, 1050, 1060, 1059, 1058, 1080, 1103, 1126, 1149, 1168, 1196, 1219, 1229, 1256, 1288, 1291, 1315, 1336, 1354, 1370, 1398, 1424, 1448, 1462, 1492, 1503, 1530, 1537, 3
908, 941, 955, 976, 1006, 1018, 1050, 1060, 1059, 1058, 1080, 1103, 1126, 1149, 1168, 1196, 1219, 1229, 1256, 1288, 1291, 1315, 1336, 1354, 1370, 1398, 1399, 1425, 1445, 1461, 1490, 1502, 1531, 1536, 4
908, 907, 940, 939, 938, 937, 959, 973, 1003, 1014, 1047, 1056, 1078, 1101, 1124, 1151, 1170, 1199, 1222, 1226, 1254, 1285, 1310, 1313, 1334, 1352, 1388, 1400, 1426, 1444, 1460, 1488, 1501, 1532, 1535, 5
908, 907, 940, 939, 938, 937, 959, 973, 1003, 1014, 1047, 1056, 1078, 1101, 1124, 1151, 1170, 1199, 1222, 1226, 1254, 1285, 1310, 1313, 1334, 1352, 1388, 1400, 1426, 1444, 1460, 1488, 1501, 1532, 1535, 5, 6
908, 907, 940, 939, 938, 937, 959, 973, 1003, 1014, 1047, 1056, 1078, 1101, 1124, 1151, 1170, 1199, 1222, 1226, 1225, 1253, 1284, 1283, 1308, 1331, 1332, 1350, 1385, 1403, 1428, 1442, 1457, 1486, 1499, 1534, 1553, 7
908, 909, 942, 943, 952, 979, 1010, 1011, 1023, 1037, 1038, 1068, 1087, 1112, 1135, 1140, 1159, 1184, 1209, 1208, 1242, 1247, 1278, 1303, 1326, 1346, 1347, 1348, 1368, 1383, 1405, 1411, 1440, 1455, 1485, 1498, 1514, 1552, 8
908, 909, 942, 943, 952, 979, 1010, 1011, 1023, 1037, 1038, 1068, 1087, 1112, 1135, 1140, 1159, 1184, 1209, 1208, 1242, 1247, 1278, 1303, 1326, 1346, 1347, 1348, 1368, 1383, 1405, 1411, 1440, 1455, 1485, 1498, 1514, 1552, 9
908, 909, 896, 871, 833, 817, 791, 761, 753, 736, 705, 677, 667, 647, 617, 598, 570, 551, 545, 508, 491, 469, 447, 433, 404, 379, 366, 339, 317, 301, 284, 259, 241, 203, 196, 166, 140, 121, 96, 74, 55, 40, 11, 10
908, 909, 896, 871, 833, 817, 791, 761, 753, 736, 705, 677, 667, 647, 617, 598, 570, 551, 545, 508, 491, 469, 447, 433, 404, 379, 366, 339, 317, 301, 284, 259, 241, 203, 196, 166, 140, 121, 96, 74, 55, 40, 11
908, 941, 954, 977, 1008, 1019, 1032, 1063, 1083, 1107, 1131, 1145, 1162, 1189, 1213, 1235, 1262, 1273, 1298, 1322, 1342, 1361, 1376, 1390, 1417, 1433, 1469, 1470, 1479, 1512, 1520, 1519, 1547, 1548, 12
908, 941, 954, 977, 1008, 1019, 1032, 1063, 1083, 1107, 1131, 1145, 1162, 1189, 1213, 1235, 1262, 1273, 1298, 1322, 1342, 1361, 1376, 1390, 1417, 1433, 1469, 1470, 1479, 1512, 1520, 1545, 14, 13
908, 941, 954, 977, 1008, 1019, 1032, 1063, 1083, 1107, 1131, 1145, 1162, 1189, 1213, 1235, 1262, 1273, 1298, 1322, 1342, 1361, 1376, 1390, 1417, 1433, 1469, 1470, 1479, 1512, 1520, 1545, 14
908, 941, 954, 977, 1008, 1019, 1032, 1063, 1083, 1107, 1131, 1145, 1162, 1189, 1213, 1235, 1262, 1273, 1298, 1322, 1342, 1361, 1376, 1390, 1417, 1433, 1469, 1477, 1478, 1511, 1521, 1544, 15
908, 941, 955, 976, 1006, 1018, 1050, 1060, 1081, 1104, 1127, 1148, 1167, 1195, 1217, 1231, 1259, 1269, 1295, 1318, 1339, 1358, 1374, 1392, 1419, 1432, 1468, 1476, 1509, 1524, 1523, 1543, 16
908, 941, 955, 976, 1006, 1018, 1050, 1060, 1081, 1104, 1127, 1148, 1167, 1195, 1217, 1231, 1259, 1269, 1295, 1318, 1339, 1358, 1374, 1392, 1419, 1432, 1468, 1476, 1509, 1525, 1542, 17
908, 941, 955, 976, 1006, 1018, 1050, 1060, 1081, 1104, 1127, 1148, 1167, 1195, 1217, 1231, 1259, 1269, 1295, 1318, 1339, 1358, 1374, 1392, 1420, 1431, 1467, 1475, 1508, 1526, 1541, 18
908, 941, 955, 976, 1006, 1018, 1050, 1060, 1081, 1104, 1127, 1148, 1167, 1195, 1217, 1231, 1259, 1269, 1295, 1318, 1339, 1358, 1374, 1392, 1420, 1431, 1467, 1475, 1508, 1526, 1541, 19
908, 941, 955, 976, 1006, 1018, 1050, 1060, 1081, 1104, 1127, 1148, 1167, 1195, 1217, 1231, 1259, 1269, 1295, 1318, 1339, 1358, 1373, 1393, 1421, 1451, 1465, 1474, 1507, 1527, 1540, 20
908, 941, 955, 976, 1006, 1018, 1050, 1060, 1081, 1104, 1127, 1148, 1167, 1195, 1217, 1231, 1259, 1268, 1294, 1317, 1338, 1356, 1372, 1394, 1422, 1450, 1464, 1473, 1506, 1528, 1539, 21
908, 907, 940, 939, 938, 937, 959, 973, 1003, 1014, 1047, 1056, 1078, 1101, 1124, 1151, 1170, 1199, 1222, 1226, 1254, 1285, 1310, 1313, 1334, 1352, 1388, 1400, 1426, 1444, 1460, 1488, 1501, 1532, 1535, 5, 22
908, 907, 940, 939, 938, 937, 959, 973, 1003, 1014, 1047, 1056, 1078, 1101, 1124, 1151, 1170, 1199, 1222, 1226, 1254, 1285, 1310, 1313, 1334, 1352, 1388, 1400, 1426, 1444, 1460, 1488, 1501, 1532, 1535, 5, 23
908, 941, 955, 976, 1006, 1018, 1050, 1060, 1059, 1058, 1080, 1103, 1126, 1149, 1168, 1196, 1219, 1229, 1256, 1288, 1291, 1315, 1336, 1354, 1370, 1398, 1399, 1425, 1445, 1461, 1490, 1502, 1531, 1536, 4, 24
908, 941, 955, 976, 1006, 1018, 1050, 1060, 1059, 1058, 1080, 1103, 1126, 1149, 1168, 1196, 1219, 1229, 1256, 1288, 1291, 1315, 1336, 1354, 1370, 1398, 1424, 1448, 1462, 1492, 1503, 1530, 1537, 3, 25
908, 941, 955, 976, 1006, 1018, 1050, 1060, 1081, 1104, 1127, 1148, 1167, 1195, 1218, 1230, 1257, 1289, 1292, 1316, 1337, 1355, 1371, 1397, 1423, 1449, 1463, 1493, 1504, 1529, 1538, 0, 26
908, 941, 955, 976, 1006, 1018, 1050, 1060, 1081, 1104, 1127, 1148, 1167, 1195, 1217, 1231, 1259, 1268, 1294, 1317, 1338, 1356, 1372, 1394, 1422, 1450, 1464, 1473, 1506, 1528, 1539, 21, 27
908, 941, 955, 976, 1006, 1018, 1050, 1060, 1081, 1104, 1127, 1148, 1167, 1195, 1217, 1231, 1259, 1268, 1294, 1317, 1338, 1356, 1372, 1394, 1422, 1450, 1464, 1473, 1506, 1528, 1539, 21, 28
908, 941, 955, 976, 1006, 1018, 1050, 1060, 1081, 1104, 1127, 1148, 1167, 1195, 1217, 1231, 1259, 1269, 1295, 1318, 1339, 1358, 1373, 1393, 1421, 1451, 1465, 1474, 1507, 1527, 1540, 20, 29
908, 941, 955, 976, 1006, 1018, 1050, 1060, 1081, 1104, 1127, 1148, 1167, 1195, 1217, 1231, 1259, 1269, 1295, 1318, 1339, 1358, 1374, 1392, 1420, 1431, 1467, 1475, 1508, 1526, 1541, 19, 30
908, 941, 955, 976, 1006, 1018, 1050, 1060, 1081, 1104, 1127, 1148, 1167, 1195, 1217, 1231, 1259, 1269, 1295, 1318, 1339, 1358, 1374, 1392, 1419, 1432, 1468, 1476, 1509, 1525, 1542, 17, 31
908, 941, 955, 976, 1006, 1018, 1050, 1060, 1081, 1104, 1127, 1148, 1167, 1195, 1217, 1231, 1259, 1269, 1295, 1318, 1339, 1358, 1374, 1392, 1419, 1432, 1468, 1476, 1509, 1524, 1523, 1543, 16, 32
908, 941, 954, 977, 1008, 1019, 1032, 1063, 1083, 1107, 1131, 1145, 1162, 1189, 1213, 1235, 1262, 1273, 1298, 1322, 1342, 1361, 1376, 1390, 1417, 1433, 1469, 1477, 1478, 1511, 1521, 1544, 15, 33
908, 941, 954, 977, 1008, 1019, 1032, 1063, 1083, 1107, 1131, 1145, 1162, 1189, 1213, 1235, 1262, 1273, 1298, 1322, 1342, 1361, 1376, 1390, 1417, 1433, 1469, 1477, 1478, 1511, 1521, 1544, 15, 34
908, 941, 954, 977, 1008, 1019, 1032, 1063, 1083, 1107, 1131, 1145, 1162, 1189, 1213, 1235, 1262, 1273, 1298, 1322, 1342, 1361, 1376, 1390, 1417, 1433, 1469, 1470, 1479, 1512, 1520, 1545, 14, 35
908, 941, 954, 977, 1008, 1019, 1032, 1063, 1083, 1107, 1131, 1145, 1162, 1189, 1213, 1235, 1262, 1273, 1298, 1322, 1342, 1361, 1376, 1390, 1417, 1433, 1469, 1470, 1479, 1512, 1520, 1545, 14, 13, 36
908, 941, 954, 977, 1008, 1019, 1032, 1063, 1083, 1107, 1131, 1145, 1162, 1189, 1213, 1235, 1262, 1273, 1298, 1322, 1342, 1361, 1376, 1390, 1417, 1433, 1469, 1470, 1479, 1512, 1520, 1545, 14, 13, 36, 37
908, 909, 896, 871, 833, 817, 791, 761, 753, 736, 705, 677, 667, 647, 617, 598, 570, 551, 545, 508, 491, 469, 447, 433, 404, 379, 366, 339, 317, 301, 284, 259, 241, 203, 196, 166, 140, 121, 96, 74, 56, 38
908, 909, 896, 871, 833, 817, 791, 761, 753, 736, 705, 677, 667, 647, 617, 598, 570, 551, 545, 508, 491, 469, 447, 433, 404, 379, 366, 339, 317, 301, 284, 259, 241, 203, 196, 166, 140, 121, 96, 74, 55, 39
908, 909, 896, 871, 833, 817, 791, 761, 753, 736, 705, 677, 667, 647, 617, 598, 570, 551, 545, 508, 491, 469, 447, 433, 404, 379, 366, 339, 317, 301, 284, 259, 241, 203, 196, 166, 140, 121, 96, 74, 55, 40
908, 909, 896, 871, 833, 817, 791, 761, 753, 736, 705, 677, 667, 647, 617, 598, 570, 551, 545, 508, 491, 469, 447, 433, 404, 379, 366, 339, 317, 301, 284, 259, 241, 203, 196, 166, 140, 121, 96, 74, 55, 54, 41
908, 909, 896, 871, 833, 817, 791, 761, 753, 736, 705, 677, 667, 647, 617, 598, 570, 551, 545, 508, 491, 469, 447, 433, 404, 379, 366, 339, 317, 301, 284, 259, 241, 203, 196, 166, 140, 121, 96, 74, 55, 54, 41, 42
908, 909, 896, 871, 833, 817, 791, 761, 753, 736, 705, 677, 667, 647, 617, 598, 570, 551, 545, 508, 491, 469, 447, 433, 404, 379, 366, 339, 317, 301, 284, 259, 241, 203, 196, 166, 140, 121, 96, 74, 55, 54, 41, 42, 43
908, 907, 940, 939, 938, 937, 959, 973, 1003, 1014, 1047, 1056, 1078, 1101, 1124, 1151, 1170, 1199, 1222, 1226, 1225, 1253, 1284, 1283, 1308, 1331, 1332, 1350, 1385, 1403, 1428, 1442, 1457, 1486, 1499, 1534, 1553, 7, 44
908, 907, 940, 939, 938, 937, 959, 973, 1003, 1014, 1047, 1056, 1078, 1101, 1124, 1151, 1170, 1199, 1222, 1226, 1254, 1285, 1310, 1313, 1334, 1352, 1388, 1400, 1426, 1444, 1460, 1488, 1501, 1532, 1535, 5, 22, 45
908, 941, 955, 976, 1006, 1018, 1050, 1060, 1059, 1058, 1080, 1103, 1126, 1149, 1168, 1196, 1219, 1229, 1256, 1288, 1291, 1315, 1336, 1354, 1370, 1398, 1424, 1448, 1462, 1492, 1503, 1530, 1537, 3, 25, 47, 46
908, 941, 955, 976, 1006, 1018, 1050, 1060, 1059, 1058, 1080, 1103, 1126, 1149, 1168, 1196, 1219, 1229, 1256, 1288, 1291, 1315, 1336, 1354, 1370, 1398, 1424, 1448, 1462, 1492, 1503, 1530, 1537, 3, 25, 47
908, 941, 955, 976, 1006, 1018, 1050, 1060, 1059, 1058, 1080, 1103, 1126, 1149, 1168, 1196, 1219, 1229, 1256, 1288, 1291, 1315, 1336, 1354, 1370, 1398, 1399, 1425, 1445, 1461, 1490, 1502, 1531, 1536, 4, 24, 48
908, 907, 940, 939, 938, 937, 959, 973, 1003, 1014, 1047, 1056, 1078, 1101, 1124, 1151, 1170, 1199, 1222, 1226, 1254, 1285, 1310, 1313, 1334, 1352, 1388, 1400, 1426, 1444, 1460, 1488, 1501, 1532, 1535, 5, 23, 49
908, 907, 940, 939, 938, 937, 959, 973, 1003, 1014, 1047, 1056, 1078, 1101, 1124, 1151, 1170, 1199, 1222, 1226, 1254, 1285, 1310, 1313, 1334, 1352, 1388, 1400, 1426, 1444, 1460, 1488, 1501, 1532, 1535, 5, 23, 49, 50
908, 907, 940, 939, 938, 937, 959, 973, 1003, 1014, 1047, 1056, 1078, 1101, 1124, 1151, 1170, 1199, 1222, 1226, 1225, 1253, 1284, 1283, 1308, 1331, 1332, 1350, 1385, 1403, 1428, 1442, 1457, 1486, 1499, 1534, 1553, 7, 44, 51
908, 909, 896, 871, 833, 817, 791, 761, 753, 736, 705, 677, 667, 647, 617, 598, 570, 571, 572, 550, 547, 507, 489, 488, 471, 445, 436, 406, 381, 364, 341, 313, 303, 282, 261, 222, 206, 198, 169, 137, 119, 118, 94, 72, 52
908, 909, 896, 871, 833, 817, 791, 761, 753, 736, 705, 677, 667, 647, 617, 598, 570, 571, 572, 550, 547, 507, 489, 488, 471, 445, 436, 406, 381, 364, 341, 313, 303, 282, 261, 222, 206, 198, 169, 137, 119, 118, 94, 72, 53
908, 909, 896, 871, 833, 817, 791, 761, 753, 736, 705, 677, 667, 647, 617, 598, 570, 551, 545, 508, 491, 469, 447, 433, 404, 379, 366, 339, 317, 301, 284, 259, 241, 203, 196, 166, 140, 121, 96, 74, 55, 54
908, 909, 896, 871, 833, 817, 791, 761, 753, 736, 705, 677, 667, 647, 617, 598, 570, 551, 545, 508, 491, 469, 447, 433, 404, 379, 366, 339, 317, 301, 284, 259, 241, 203, 196, 166, 140, 121, 96, 74, 55
908, 909, 896, 871, 833, 817, 791, 761, 753, 736, 705, 677, 667, 647, 617, 598, 570, 551, 545, 508, 491, 469, 447, 433, 404, 379, 366, 339, 317, 301, 284, 259, 241, 203, 196, 166, 140, 121, 96, 74, 56
908, 909, 896, 871, 833, 817, 791, 761, 753, 736, 705, 677, 667, 647, 617, 598, 570, 551, 545, 508, 492, 467, 448, 432, 403, 378, 368, 338, 318, 300, 265, 258, 239, 201, 195, 165, 141, 122, 98, 75, 57
908, 941, 954, 977, 1008, 1019, 1032, 1063, 1083, 1107, 1131, 1145, 1162, 1189, 1213, 1235, 1262, 1273, 1298, 1322, 1342, 1361, 1376, 1390, 1417, 1433, 1469, 1470, 1479, 1512, 1520, 1545, 14, 13, 36, 58
908, 941, 954, 977, 1008, 1019, 1032, 1063, 1083, 1107, 1131, 1145, 1162, 1189, 1213, 1235, 1262, 1273, 1298, 1322, 1342, 1361, 1376, 1390, 1417, 1433, 1469, 1470, 1479, 1512, 1520, 1545, 14, 35, 59
908, 941, 954, 977, 1008, 1019, 1032, 1063, 1083, 1107, 1131, 1145, 1162, 1189, 1213, 1235, 1262, 1273, 1298, 1322, 1342, 1361, 1376, 1390, 1417, 1433, 1469, 1477, 1478, 1511, 1521, 1544, 15, 33, 60
908, 941, 955, 976, 1006, 1018, 1050, 1060, 1081, 1104, 1127, 1148, 1167, 1195, 1217, 1231, 1259, 1269, 1295, 1318, 1339, 1358, 1374, 1392, 1419, 1432, 1468, 1476, 1509, 1525, 1542, 17, 31, 62, 61
908, 941, 955, 976, 1006, 1018, 1050, 1060, 1081, 1104, 1127, 1148, 1167, 1195, 1217, 1231, 1259, 1269, 1295, 1318, 1339, 1358, 1374, 1392, 1419, 1432, 1468, 1476, 1509, 1525, 1542, 17, 31, 62
908, 941, 955, 976, 1006, 1018, 1050, 1060, 1081, 1104, 1127, 1148, 1167, 1195, 1217, 1231, 1259, 1269, 1295, 1318, 1339, 1358, 1374, 1392, 1420, 1431, 1467, 1475, 1508, 1526, 1541, 19, 30, 63
908, 941, 955, 976, 1006, 1018, 1050, 1060, 1081, 1104, 1127, 1148, 1167, 1195, 1217, 1231, 1259, 1269, 1295, 1318, 1339, 1358, 1373, 1393, 1421, 1451, 1465, 1474, 1507, 1527, 1540, 20, 29, 64
908, 941, 955, 976, 1006, 1018, 1050, 1060, 1081, 1104, 1127, 1148, 1167, 1195, 1217, 1231, 1259, 1268, 1294, 1317, 1338, 1356, 1372, 1394, 1422, 1450, 1464, 1473, 1506, 1528, 1539, 21, 27, 65
908, 941, 955, 976, 1006, 1018, 1050, 1060, 1081, 1104, 1127, 1148, 1167, 1195, 1218, 1230, 1257, 1289, 1292, 1316, 1337, 1355, 1371, 1397, 1423, 1449, 1463, 1493, 1504, 1529, 1538, 0, 26, 66
908, 941, 955, 976, 1006, 1018, 1050, 1060, 1081, 1104, 1127, 1148, 1167, 1195, 1218, 1230, 1257, 1289, 1292, 1316, 1337, 1355, 1371, 1397, 1423, 1449, 1463, 1493, 1504, 1529, 1538, 0, 26, 67
908, 907, 940, 939, 938, 937, 959, 973, 1003, 1014, 1047, 1056, 1078, 1101, 1124, 1151, 1170, 1199, 1222, 1226, 1254, 1285, 1310, 1313, 1334, 1352, 1388, 1400, 1426, 1444, 1460, 1488, 1501, 1532, 1535, 5, 23, 49, 88, 68
908, 907, 940, 939, 938, 937, 959, 973, 1003, 1014, 1047, 1056, 1078, 1101, 1124, 1151, 1170, 1199, 1222, 1226, 1254, 1285, 1310, 1313, 1334, 1352, 1388, 1400, 1426, 1444, 1460, 1488, 1501, 1532, 1535, 5, 23, 49, 88, 68, 69
908, 909, 896, 871, 833, 817, 791, 761, 753, 736, 705, 677, 667, 647, 617, 598, 570, 571, 572, 550, 547, 507, 489, 488, 471, 445, 436, 406, 381, 364, 341, 313, 303, 282, 261, 222, 206, 198, 169, 137, 119, 118, 117, 93, 70
908, 909, 896, 871, 833, 817, 791, 761, 753, 736, 705, 677, 667, 647, 617, 598, 570, 571, 572, 550, 547, 507, 489, 488, 471, 445, 436, 406, 381, 364, 341, 313, 303, 282, 261, 222, 206, 198, 169, 137, 119, 118, 117, 93, 71
908, 909, 896, 871, 833, 817, 791, 761, 753, 736, 705, 677, 667, 647, 617, 598, 570, 571, 572, 550, 547, 507, 489, 488, 471, 445, 436, 406, 381, 364, 341, 313, 303, 282, 261, 222, 206, 198, 169, 137, 119, 118, 94, 72
908, 909, 896, 871, 833, 817, 791, 761, 753, 736, 705, 677, 667, 647, 617, 598, 570, 551, 545, 508, 491, 469, 447, 433, 404, 379, 366, 339, 317, 301, 284, 259, 241, 203, 196, 166, 140, 121, 96, 74, 73
908, 909, 896, 871, 833, 817, 791, 761, 753, 736, 705, 677, 667, 647, 617, 598, 570, 551, 545, 508, 491, 469, 447, 433, 404, 379, 366, 339, 317, 301, 284, 259, 241, 203, 196, 166, 140, 121, 96, 74
908, 909, 896, 871, 833, 817, 791, 761, 753, 736, 705, 677, 667, 647, 617, 598, 570, 551, 545, 508, 492, 467, 448, 432, 403, 378, 368, 338, 318, 300, 265, 258, 239, 201, 195, 165, 141, 122, 98, 75
908, 941, 954, 977, 1008, 1019, 1032, 1063, 1083, 1107, 1131, 1145, 1162, 1189, 1213, 1235, 1262, 1273, 1298, 1322, 1342, 1361, 1376, 1390, 1417, 1433, 1469, 1470, 1479, 1512, 1520, 1545, 14, 35, 59, 76
908, 941, 954, 977, 1008, 1019, 1032, 1063, 1083, 1107, 1131, 1145, 1162, 1189, 1213, 1235, 1262, 1273, 1298, 1322, 1342, 1361, 1376, 1390, 1417, 1433, 1469, 1470, 1479, 1512, 1520, 1545, 14, 35, 59, 77
908, 941, 954, 977, 1008, 1019, 1032, 1063, 1083, 1107, 1131, 1145, 1162, 1189, 1213, 1235, 1262, 1273, 1298, 1322, 1342, 1361, 1376, 1390, 1417, 1433, 1469, 1477, 1478, 1511, 1521, 1544, 15, 33, 60, 78
908, 941, 955, 976, 1006, 1018, 1050, 1060, 1081, 1104, 1127, 1148, 1167, 1195, 1217, 1231, 1259, 1269, 1295, 1318, 1339, 1358, 1374, 1392, 1419, 1432, 1468, 1476, 1509, 1525, 1542, 17, 31, 62, 61, 79
908, 941, 955, 976, 1006, 1018, 1050, 1060, 1081, 1104, 1127, 1148, 1167, 1195, 1217, 1231, 1259, 1269, 1295, 1318, 1339, 1358, 1374, 1392, 1419, 1432, 1468, 1476, 1509, 1525, 1542, 17, 31, 62, 61, 80
908, 941, 955, 976, 1006, 1018, 1050, 1060, 1081, 1104, 1127, 1148, 1167, 1195, 1217, 1231, 1259, 1269, 1295, 1318, 1339, 1358, 1374, 1392, 1419, 1432, 1468, 1476, 1509, 1525, 1542, 17, 31, 62, 81
908, 941, 955, 976, 1006, 1018, 1050, 1060, 1081, 1104, 1127, 1148, 1167, 1195, 1217, 1231, 1259, 1269, 1295, 1318, 1339, 1358, 1374, 1392, 1420, 1431, 1467, 1475, 1508, 1526, 1541, 19, 30, 63, 82
908, 941, 955, 976, 1006, 1018, 1050, 1060, 1081, 1104, 1127, 1148, 1167, 1195, 1217, 1231, 1259, 1269, 1295, 1318, 1339, 1358, 1373, 1393, 1421, 1451, 1465, 1474, 1507, 1527, 1540, 20, 29, 64, 83
908, 941, 955, 976, 1006, 1018, 1050, 1060, 1081, 1104, 1127, 1148, 1167, 1195, 1217, 1231, 1259, 1268, 1294, 1317, 1338, 1356, 1372, 1394, 1422, 1450, 1464, 1473, 1506, 1528, 1539, 21, 27, 65, 84
908, 941, 955, 976, 1006, 1018, 1050, 1060, 1081, 1104, 1127, 1148, 1167, 1195, 1218, 1230, 1257, 1289, 1292, 1316, 1337, 1355, 1371, 1397, 1423, 1449, 1463, 1493, 1504, 1529, 1538, 0, 26, 67, 85
908, 941, 955, 976, 1006, 1018, 1050, 1060, 1059, 1058, 1080, 1103, 1126, 1149, 1168, 1196, 1219, 1229, 1256, 1288, 1291, 1315, 1336, 1354, 1370, 1398, 1424, 1448, 1462, 1492, 1503, 1530, 1537, 3, 25, 47, 86
908, 941, 955, 976, 1006, 1018, 1050, 1060, 1059, 1058, 1080, 1103, 1126, 1149, 1168, 1196, 1219, 1229, 1256, 1288, 1291, 1315, 1336, 1354, 1370, 1398, 1399, 1425, 1445, 1461, 1490, 1502, 1531, 1536, 4, 24, 48, 87
908, 907, 940, 939, 938, 937, 959, 973, 1003, 1014, 1047, 1056, 1078, 1101, 1124, 1151, 1170, 1199, 1222, 1226, 1254, 1285, 1310, 1313, 1334, 1352, 1388, 1400, 1426, 1444, 1460, 1488, 1501, 1532, 1535, 5, 23, 49, 88
908, 941, 955, 976, 1006, 1018, 1050, 1060, 1059, 1058, 1080, 1103, 1126, 1149, 1168, 1196, 1219, 1229, 1256, 1288, 1291, 1315, 1336, 1354, 1370, 1398, 1424, 1448, 1462, 1492, 1503, 1530, 1537, 3, 25, 47, 86, 89
908, 941, 955, 976, 1006, 1018, 1050, 1060, 1059, 1058, 1080, 1103, 1126, 1149, 1168, 1196, 1219, 1229, 1256, 1288, 1291, 1315, 1336, 1354, 1370, 1398, 1399, 1425, 1445, 1461, 1490, 1502, 1531, 1536, 4, 24, 48, 87, 90
908, 907, 940, 939, 938, 937, 959, 973, 1003, 1014, 1047, 1056, 1078, 1101, 1124, 1151, 1170, 1199, 1222, 1226, 1254, 1285, 1310, 1313, 1334, 1352, 1388, 1400, 1426, 1444, 1460, 1488, 1501, 1532, 1535, 5, 23, 49, 88, 91
908, 907, 940, 939, 938, 937, 959, 973, 1003, 1014, 1047, 1056, 1078, 1101, 1124, 1151, 1170, 1199, 1222, 1226, 1254, 1285, 1310, 1313, 1334, 1352, 1388, 1400, 1426, 1444, 1460, 1488, 1501, 1532, 1535, 5, 23, 49, 88, 91, 92
908, 909, 896, 871, 833, 817, 791, 761, 753, 736, 705, 677, 667, 647, 617, 598, 570, 571, 572, 550, 547, 507, 489, 488, 471, 445, 436, 406, 381, 364, 341, 313, 303, 282, 261, 222, 206, 198, 169, 137, 119, 118, 117, 93
908, 909, 896, 871, 833, 817, 791, 761, 753, 736, 705, 677, 667, 647, 617, 598, 570, 571, 572, 550, 547, 507, 489, 488, 471, 445, 436, 406, 381, 364, 341, 313, 303, 282, 261, 222, 206, 198, 169, 137, 119, 118, 94
908, 909, 896, 871, 833, 817, 791, 761, 753, 736, 705, 677, 667, 647, 617, 598, 570, 551, 545, 508, 491, 469, 447, 433, 404, 379, 366, 339, 317, 301, 284, 259, 241, 203, 196, 166, 140, 121, 96, 95
908, 909, 896, 871, 833, 817, 791, 761, 753, 736, 705, 677, 667, 647, 617, 598, 570, 551, 545, 508, 491, 469, 447, 433, 404, 379, 366, 339, 317, 301, 284, 259, 241, 203, 196, 166, 140, 121, 96
908, 909, 896, 871, 833, 817, 791, 761, 753, 736, 705, 677, 667, 647, 617, 598, 570, 551, 545, 508, 492, 467, 448, 432, 403, 378, 368, 338, 318, 300, 265, 258, 239, 201, 195, 165, 141, 122, 97
908, 909, 896, 871, 833, 817, 791, 761, 753, 736, 705, 677, 667, 647, 617, 598, 570, 551, 545, 508, 492, 467, 448, 432, 403, 378, 368, 338, 318, 300, 265, 258, 239, 201, 195, 165, 141, 122, 98
908, 941, 954, 977, 1008, 1019, 1032, 1063, 1083, 1107, 1131, 1145, 1162, 1189, 1213, 1235, 1262, 1273, 1298, 1322, 1342, 1361, 1376, 1390, 1417, 1433, 1469, 1470, 1479, 1512, 1520, 1545, 14, 35, 59, 76, 99
