1395, 1396, 1409, 1444, 1445, 1471, 1498, 1497, 1530, 1538, 1, 0
1395, 1396, 1409, 1444, 1445, 1471, 1498, 1497, 1530, 1538, 1
1395, 1408, 1424, 1447, 1473, 1499, 1528, 1535, 1536, 2
1395, 1408, 1424, 1447, 1473, 1499, 1528, 1535, 3
1395, 1408, 1424, 1447, 1473, 1499, 1527, 1534, 1533, 4
1395, 1408, 1424, 1447, 1473, 1499, 1527, 1526, 1553, 5
1395, 1408, 1424, 1447, 1448, 1475, 1502, 1525, 1552, 6
1395, 1394, 1393, 1406, 1426, 1449, 1476, 1503, 1523, 1551, 7
1395, 1394, 1393, 1406, 1426, 1449, 1476, 1503, 1523, 1551, 7, 8
1395, 1394, 1393, 1392, 1405, 1427, 1450, 1477, 1506, 1522, 1550, 9
1395, 1394, 1393, 1392, 1405, 1427, 1450, 1477, 1506, 1522, 1550, 9, 10
1395, 1394, 1393, 1392, 1405, 1427, 1450, 1477, 1506, 1522, 1550, 9, 10, 11
1395, 1394, 1393, 1392, 1405, 1427, 1450, 1477, 1506, 1522, 1550, 9, 10, 11, 12
1395, 1394, 1393, 1392, 1405, 1427, 1450, 1477, 1506, 1522, 1550, 9, 10, 11, 12, 13
1395, 1394, 1393, 1392, 1405, 1427, 1450, 1477, 1506, 1522, 1550, 9, 10, 11, 12, 13, 14
1395, 1396, 1397, 1398, 1399, 1412, 1440, 1462, 1466, 1493, 1514, 1542, 17, 16, 15
1395, 1396, 1397, 1398, 1399, 1412, 1440, 1462, 1466, 1493, 1514, 1542, 17, 16
1395, 1396, 1397, 1398, 1399, 1412, 1440, 1462, 1466, 1493, 1514, 1542, 17
1395, 1396, 1397, 1398, 1399, 1412, 1440, 1462, 1466, 1493, 1513, 1541, 18
1395, 1396, 1397, 1398, 1399, 1412, 1440, 1462, 1466, 1493, 1511, 1540, 19
1395, 1396, 1397, 1398, 1399, 1412, 1440, 1462, 1466, 1493, 1511, 1540, 20
1395, 1396, 1397, 1398, 1399, 1412, 1440, 1462, 1466, 1493, 1511, 1540, 19, 21
1395, 1396, 1397, 1398, 1399, 1412, 1440, 1462, 1466, 1493, 1511, 1540, 20, 22
1395, 1396, 1409, 1444, 1445, 1471, 1498, 1497, 1530, 1538, 1, 0, 23
1395, 1396, 1409, 1444, 1445, 1471, 1498, 1497, 1530, 1538, 1, 0, 24
1395, 1396, 1409, 1444, 1445, 1471, 1498, 1497, 1530, 1538, 1, 25
1395, 1408, 1424, 1447, 1473, 1499, 1528, 1535, 1536, 2, 26
1395, 1408, 1424, 1447, 1473, 1499, 1528, 1535, 3, 27
1395, 1408, 1424, 1447, 1473, 1499, 1527, 1534, 1533, 4, 28
1395, 1408, 1424, 1447, 1473, 1499, 1527, 1534, 1533, 4, 28, 29
1395, 1408, 1424, 1447, 1448, 1475, 1502, 1525, 1552, 6, 30
1395, 1408, 1424, 1447, 1448, 1475, 1502, 1525, 1552, 6, 31
1395, 1394, 1393, 1406, 1426, 1449, 1476, 1503, 1523, 1551, 7, 32
1395, 1394, 1393, 1392, 1405, 1427, 1450, 1477, 1506, 1522, 1550, 9, 33
1395, 1394, 1393, 1392, 1405, 1427, 1450, 1477, 1506, 1522, 1550, 9, 33, 34
1395, 1394, 1393, 1392, 1405, 1427, 1450, 1477, 1506, 1522, 1550, 9, 33, 34, 35
1395, 1394, 1393, 1392, 1405, 1427, 1450, 1477, 1506, 1522, 1550, 9, 33, 34, 35, 36
1395, 1394, 1393, 1392, 1405, 1427, 1450, 1477, 1506, 1522, 1550, 9, 33, 34, 35, 36, 37
1395, 1396, 1397, 1398, 1399, 1412, 1440, 1462, 1466, 1493, 1514, 1542, 17, 16, 38
1395, 1396, 1397, 1398, 1399, 1412, 1440, 1462, 1466, 1493, 1514, 1542, 17, 16, 39
