186, 160, 140, 120, 96, 86, 49, 24, 0
186, 160, 140, 120, 96, 86, 49, 25, 1
186, 160, 159, 139, 122, 93, 83, 52, 26, 2
186, 160, 159, 139, 122, 93, 83, 52, 27, 3
186, 160, 159, 139, 122, 93, 83, 52, 27, 3, 4
186, 160, 159, 139, 138, 137, 124, 91, 82, 81, 56, 29, 5
186, 160, 159, 139, 138, 137, 124, 91, 82, 81, 56, 29, 30, 6
186, 187, 188, 189, 190, 154, 175, 134, 133, 128, 110, 78, 59, 60, 32, 7
186, 187, 188, 189, 190, 154, 175, 134, 133, 128, 110, 78, 59, 60, 32, 7, 8
186, 187, 188, 189, 190, 154, 175, 134, 133, 128, 110, 78, 59, 60, 32, 7, 8, 9
186, 187, 188, 189, 190, 154, 175, 134, 133, 128, 110, 78, 59, 60, 32, 7, 8, 9, 10
186, 185, 161, 141, 142, 117, 100, 67, 46, 41, 17, 16, 15, 14, 13, 12, 11
186, 185, 161, 141, 142, 117, 100, 67, 46, 41, 17, 16, 15, 14, 13, 12
186, 185, 161, 141, 142, 117, 100, 67, 46, 41, 17, 16, 15, 14, 13
186, 185, 161, 141, 142, 117, 100, 67, 46, 41, 17, 16, 15, 14
186, 185, 161, 141, 142, 117, 100, 67, 46, 41, 17, 16, 15
186, 185, 161, 141, 142, 117, 100, 67, 46, 41, 17, 16
186, 185, 161, 141, 142, 117, 100, 67, 46, 41, 17
186, 185, 161, 141, 118, 97, 88, 47, 21, 18
186, 160, 140, 120, 96, 87, 48, 22, 20, 19
186, 160, 140, 120, 96, 87, 48, 22, 20
186, 185, 161, 141, 118, 97, 88, 47, 21
186, 160, 140, 120, 96, 87, 48, 22
186, 160, 140, 120, 96, 86, 49, 23
186, 160, 140, 120, 96, 86, 49, 24
186, 160, 140, 120, 96, 86, 49, 25
186, 160, 159, 139, 122, 93, 83, 52, 26
186, 160, 159, 139, 122, 93, 83, 52, 27
186, 160, 159, 139, 138, 137, 124, 91, 82, 81, 56, 28
186, 160, 159, 139, 138, 137, 124, 91, 82, 81, 56, 29
186, 160, 159, 139, 138, 137, 124, 91, 82, 81, 56, 29, 30
186, 160, 159, 139, 138, 137, 124, 91, 82, 81, 57, 58, 31
186, 187, 188, 189, 190, 154, 175, 134, 133, 128, 110, 78, 59, 60, 32
186, 187, 188, 189, 190, 154, 175, 134, 133, 128, 110, 78, 59, 60, 32, 33
186, 187, 188, 189, 190, 154, 175, 134, 133, 128, 110, 78, 59, 60, 61, 34
186, 185, 161, 141, 142, 117, 100, 67, 46, 41, 40, 39, 38, 37, 36, 35
186, 185, 161, 141, 142, 117, 100, 67, 46, 41, 40, 39, 38, 37, 36
186, 185, 161, 141, 142, 117, 100, 67, 46, 41, 40, 39, 38, 37
186, 185, 161, 141, 142, 117, 100, 67, 46, 41, 40, 39, 38
186, 185, 161, 141, 142, 117, 100, 67, 46, 41, 40, 39
