1382, 1362, 1363, 1394, 1407, 1425, 1447, 1473, 1499, 1528, 1535, 1536, 2, 1, 0
1382, 1362, 1363, 1394, 1407, 1425, 1447, 1473, 1499, 1528, 1535, 1536, 2, 1
1382, 1362, 1363, 1394, 1407, 1425, 1447, 1473, 1499, 1528, 1535, 1536, 2
1382, 1362, 1363, 1394, 1407, 1425, 1447, 1473, 1499, 1528, 1535, 3
1382, 1391, 1392, 1405, 1427, 1450, 1449, 1475, 1501, 1526, 1553, 4
1382, 1391, 1392, 1405, 1427, 1450, 1477, 1504, 1523, 1551, 1552, 6, 5
1382, 1391, 1392, 1405, 1427, 1450, 1477, 1504, 1523, 1551, 1552, 6
1382, 1391, 1423, 1428, 1452, 1478, 1507, 1521, 1550, 8, 7
1382, 1391, 1423, 1428, 1452, 1478, 1507, 1521, 1550, 8
1382, 1391, 1423, 1428, 1452, 1478, 1507, 1521, 1550, 9
1382, 1391, 1423, 1428, 1452, 1478, 1507, 1508, 1520, 1549, 10
1382, 1391, 1423, 1428, 1452, 1478, 1507, 1508, 1520, 1548, 11
1382, 1391, 1423, 1428, 1452, 1478, 1507, 1508, 1520, 1548, 11, 12
1382, 1391, 1423, 1428, 1452, 1478, 1507, 1508, 1520, 1548, 11, 12, 13
1382, 1391, 1423, 1428, 1452, 1478, 1507, 1508, 1520, 1548, 11, 12, 13, 14
1382, 1391, 1423, 1428, 1452, 1478, 1507, 1508, 1520, 1548, 11, 12, 13, 14, 15
1382, 1391, 1423, 1428, 1452, 1478, 1507, 1508, 1509, 1510, 1487, 1518, 1517, 1516, 1543, 16
1382, 1391, 1423, 1428, 1452, 1478, 1507, 1508, 1509, 1510, 1487, 1518, 1517, 1516, 1543, 16, 17
1382, 1391, 1423, 1428, 1452, 1478, 1507, 1508, 1509, 1510, 1487, 1518, 1517, 1516, 1543, 16, 17, 18
1382, 1362, 1363, 1394, 1407, 1425, 1447, 1473, 1499, 1498, 1497, 1496, 1495, 1494, 1512, 1540, 19
1382, 1362, 1363, 1394, 1407, 1425, 1447, 1473, 1499, 1528, 1535, 1536, 2, 1, 0, 20
1382, 1362, 1363, 1394, 1407, 1425, 1447, 1473, 1499, 1498, 1497, 1496, 1495, 1494, 1512, 1540, 19, 21
1382, 1362, 1363, 1394, 1407, 1425, 1447, 1473, 1499, 1528, 1535, 1536, 2, 26, 25, 24, 23, 22
1382, 1362, 1363, 1394, 1407, 1425, 1447, 1473, 1499, 1528, 1535, 1536, 2, 26, 25, 24, 23
1382, 1362, 1363, 1394, 1407, 1425, 1447, 1473, 1499, 1528, 1535, 1536, 2, 26, 25, 24
1382, 1362, 1363, 1394, 1407, 1425, 1447, 1473, 1499, 1528, 1535, 1536, 2, 26, 25
1382, 1362, 1363, 1394, 1407, 1425, 1447, 1473, 1499, 1528, 1535, 1536, 2, 26
1382, 1362, 1363, 1394, 1407, 1425, 1447, 1473, 1499, 1528, 1535, 3, 27
1382, 1391, 1392, 1405, 1427, 1450, 1477, 1504, 1523, 1551, 1552, 6, 30, 29, 28
1382, 1391, 1392, 1405, 1427, 1450, 1477, 1504, 1523, 1551, 1552, 6, 30, 29
1382, 1391, 1392, 1405, 1427, 1450, 1477, 1504, 1523, 1551, 1552, 6, 30
1382, 1391, 1392, 1405, 1427, 1450, 1477, 1504, 1523, 1551, 1552, 6, 31
1382, 1391, 1423, 1428, 1452, 1478, 1507, 1521, 1550, 8, 7, 32
1382, 1391, 1423, 1428, 1452, 1478, 1507, 1521, 1550, 9, 33
1382, 1391, 1423, 1428, 1452, 1478, 1507, 1508, 1520, 1549, 10, 34
1382, 1391, 1423, 1428, 1452, 1478, 1507, 1508, 1520, 1548, 11, 35
1382, 1391, 1423, 1428, 1452, 1478, 1507, 1508, 1520, 1548, 11, 35, 36
1382, 1391, 1423, 1428, 1452, 1478, 1507, 1508, 1520, 1548, 11, 12, 13, 37
1382, 1391, 1423, 1428, 1452, 1478, 1507, 1508, 1520, 1548, 11, 12, 13, 14, 15, 38
1382, 1391, 1423, 1428, 1452, 1478, 1507, 1508, 1509, 1510, 1487, 1518, 1517, 1516, 1543, 16, 39
