258, 220, 196, 189, 156, 137, 138, 122, 94, 85, 86, 49, 24, 0
258, 220, 196, 189, 156, 137, 138, 122, 94, 85, 86, 49, 25, 1
258, 220, 196, 189, 156, 137, 138, 122, 93, 83, 52, 26, 2
258, 220, 196, 189, 190, 154, 136, 127, 90, 81, 82, 55, 54, 27, 3
258, 220, 196, 189, 190, 154, 136, 127, 90, 81, 56, 28, 4
258, 220, 196, 189, 190, 154, 136, 127, 90, 81, 56, 29, 5
258, 220, 196, 189, 190, 154, 136, 127, 90, 81, 56, 29, 30, 6
258, 220, 196, 189, 190, 154, 175, 134, 133, 128, 110, 78, 59, 60, 32, 7
258, 220, 196, 189, 190, 154, 175, 134, 133, 128, 110, 78, 59, 60, 32, 7, 8
258, 220, 196, 189, 190, 154, 175, 134, 133, 128, 110, 78, 59, 60, 32, 7, 8, 9
258, 220, 196, 189, 190, 154, 175, 134, 133, 128, 110, 78, 59, 60, 32, 7, 8, 9, 10
258, 220, 196, 189, 190, 154, 175, 134, 133, 128, 110, 78, 59, 60, 32, 7, 8, 9, 10, 11
258, 220, 196, 189, 190, 154, 175, 134, 133, 128, 110, 78, 59, 60, 32, 7, 8, 9, 10, 11, 12
258, 220, 196, 189, 190, 154, 175, 134, 133, 128, 110, 78, 59, 60, 32, 7, 8, 9, 10, 11, 12, 13
258, 220, 196, 189, 190, 154, 175, 134, 133, 128, 110, 78, 59, 60, 32, 7, 8, 9, 10, 11, 12, 13, 14
258, 220, 196, 197, 198, 188, 157, 139, 140, 141, 142, 117, 100, 67, 46, 41, 17, 16, 15
258, 220, 196, 197, 198, 188, 157, 139, 140, 141, 142, 117, 100, 67, 46, 41, 17, 16
258, 220, 196, 197, 198, 188, 157, 139, 140, 141, 142, 117, 100, 67, 46, 41, 17
258, 220, 196, 197, 198, 188, 157, 139, 121, 95, 96, 87, 48, 22, 21, 18
258, 220, 196, 197, 198, 188, 157, 139, 121, 95, 96, 87, 48, 22, 20, 19
258, 220, 196, 197, 198, 188, 157, 139, 121, 95, 96, 87, 48, 22, 20
258, 220, 196, 197, 198, 188, 157, 139, 121, 95, 96, 87, 48, 22, 21
258, 220, 196, 197, 198, 188, 157, 139, 121, 95, 96, 87, 48, 22
258, 220, 196, 189, 156, 137, 138, 122, 94, 85, 86, 49, 23
258, 220, 196, 189, 156, 137, 138, 122, 94, 85, 86, 49, 24
258, 220, 196, 189, 156, 137, 138, 122, 94, 85, 86, 49, 25
258, 220, 196, 189, 156, 137, 138, 122, 93, 83, 52, 26
258, 220, 196, 189, 190, 154, 136, 127, 90, 81, 82, 55, 54, 27
258, 220, 196, 189, 190, 154, 136, 127, 90, 81, 56, 28
258, 220, 196, 189, 190, 154, 136, 127, 90, 81, 56, 29
258, 220, 196, 189, 190, 154, 136, 127, 90, 81, 56, 29, 30
258, 220, 196, 189, 190, 154, 175, 134, 133, 128, 110, 80, 58, 31
258, 220, 196, 189, 190, 154, 175, 134, 133, 128, 110, 78, 59, 60, 32
258, 220, 196, 189, 190, 154, 175, 134, 133, 128, 110, 78, 59, 60, 32, 33
258, 220, 196, 189, 190, 154, 175, 134, 133, 128, 110, 78, 59, 60, 61, 34
258, 220, 196, 189, 190, 154, 175, 134, 133, 128, 110, 78, 59, 60, 61, 34, 35
258, 259, 221, 222, 215, 214, 194, 173, 152, 151, 132, 106, 105, 73, 64, 36
258, 259, 221, 222, 215, 214, 194, 173, 152, 151, 132, 106, 105, 73, 64, 36, 37
258, 220, 196, 197, 198, 188, 157, 139, 140, 141, 142, 117, 100, 67, 46, 41, 40, 39, 38
258, 220, 196, 197, 198, 188, 157, 139, 140, 141, 142, 117, 100, 67, 46, 41, 40, 39
