249, 233, 234, 235, 204, 184, 162, 141, 119, 96, 86, 49, 24, 0
249, 233, 234, 235, 204, 184, 162, 141, 119, 96, 86, 49, 25, 1
249, 233, 234, 235, 204, 184, 162, 141, 119, 96, 86, 85, 50, 26, 2
249, 233, 234, 235, 204, 184, 162, 141, 119, 96, 86, 85, 50, 26, 27, 3
249, 233, 234, 235, 204, 184, 162, 141, 119, 96, 86, 85, 50, 26, 27, 3, 4
249, 233, 234, 235, 204, 184, 162, 141, 119, 96, 86, 85, 84, 83, 54, 55, 28, 5
249, 248, 232, 207, 208, 209, 210, 177, 170, 171, 151, 152, 130, 108, 77, 60, 59, 31, 6
249, 248, 232, 207, 208, 209, 210, 177, 170, 171, 151, 152, 130, 108, 77, 60, 32, 7
249, 248, 232, 207, 208, 209, 178, 168, 148, 111, 105, 106, 76, 61, 33, 8
249, 248, 232, 207, 208, 209, 178, 168, 148, 111, 105, 106, 76, 61, 33, 9
249, 248, 232, 207, 208, 209, 178, 168, 148, 111, 105, 74, 75, 62, 34, 10
249, 248, 232, 207, 208, 209, 178, 168, 148, 111, 105, 74, 63, 35, 11
249, 233, 206, 180, 179, 166, 146, 114, 113, 104, 72, 65, 36, 12
249, 233, 206, 180, 165, 144, 115, 103, 70, 42, 66, 37, 13
249, 233, 206, 180, 165, 144, 115, 103, 70, 42, 66, 37, 14
249, 233, 206, 180, 165, 144, 115, 103, 70, 42, 38, 15
249, 233, 206, 180, 165, 144, 115, 103, 70, 44, 39, 16
249, 233, 206, 180, 165, 164, 143, 117, 100, 67, 46, 41, 17
249, 233, 206, 180, 165, 164, 143, 117, 100, 67, 46, 41, 17, 18
249, 233, 206, 180, 165, 164, 143, 117, 100, 67, 46, 47, 21, 19
249, 233, 206, 180, 165, 164, 143, 117, 100, 67, 46, 47, 21, 19, 20
249, 233, 206, 180, 165, 164, 143, 117, 100, 67, 46, 47, 21
249, 233, 206, 180, 165, 164, 143, 117, 99, 98, 88, 48, 22
249, 233, 234, 235, 204, 184, 162, 141, 119, 96, 86, 49, 23
249, 233, 234, 235, 204, 184, 162, 141, 119, 96, 86, 49, 24
249, 233, 234, 235, 204, 184, 162, 141, 119, 96, 86, 49, 25
249, 233, 234, 235, 204, 184, 162, 141, 119, 96, 86, 85, 50, 26
249, 233, 234, 235, 204, 184, 162, 141, 119, 96, 86, 85, 50, 26, 27
249, 233, 234, 235, 204, 184, 162, 141, 119, 96, 86, 85, 84, 83, 54, 55, 28
249, 233, 234, 235, 204, 184, 162, 141, 119, 96, 86, 85, 84, 83, 54, 55, 28, 29
249, 248, 232, 207, 208, 209, 210, 177, 170, 171, 151, 152, 130, 108, 109, 110, 80, 58, 30
249, 248, 232, 207, 208, 209, 210, 177, 170, 171, 151, 152, 130, 108, 77, 60, 59, 31
249, 248, 232, 207, 208, 209, 210, 177, 170, 171, 151, 152, 130, 108, 77, 60, 32
249, 248, 232, 207, 208, 209, 178, 168, 148, 111, 105, 106, 76, 61, 33
249, 248, 232, 207, 208, 209, 178, 168, 148, 111, 105, 74, 75, 62, 34
249, 248, 232, 207, 208, 209, 178, 168, 148, 111, 105, 74, 63, 35
249, 233, 206, 180, 179, 166, 146, 114, 113, 104, 72, 65, 36
249, 233, 206, 180, 165, 144, 115, 103, 70, 42, 66, 37
249, 233, 206, 180, 165, 144, 115, 103, 70, 42, 38
249, 233, 206, 180, 165, 144, 115, 103, 70, 44, 39
