261, 250, 234, 235, 204, 184, 162, 141, 119, 96, 86, 49, 24, 0
261, 250, 234, 235, 204, 184, 162, 141, 119, 96, 86, 49, 25, 1
261, 250, 234, 235, 204, 184, 162, 141, 119, 96, 86, 85, 50, 26, 2
261, 250, 234, 235, 204, 184, 162, 141, 119, 96, 86, 85, 50, 26, 27, 3
261, 250, 234, 235, 204, 184, 162, 141, 119, 96, 86, 85, 50, 26, 27, 3, 4
261, 250, 234, 235, 204, 184, 162, 141, 119, 96, 86, 85, 84, 83, 54, 55, 28, 5
261, 249, 248, 232, 207, 208, 209, 210, 177, 170, 171, 151, 152, 130, 108, 77, 60, 59, 31, 6
261, 249, 248, 232, 207, 208, 209, 210, 177, 170, 171, 151, 152, 130, 108, 77, 60, 32, 7
261, 249, 248, 232, 207, 208, 209, 178, 168, 148, 111, 105, 106, 76, 61, 33, 8
261, 249, 248, 232, 207, 208, 209, 178, 168, 148, 111, 105, 106, 76, 61, 33, 9
261, 249, 248, 232, 207, 208, 209, 178, 168, 148, 111, 105, 74, 75, 62, 34, 10
261, 249, 248, 232, 207, 208, 209, 178, 168, 148, 111, 105, 74, 63, 35, 11
261, 249, 233, 206, 180, 179, 166, 146, 114, 113, 104, 72, 65, 36, 12
261, 250, 234, 205, 181, 165, 144, 115, 103, 70, 42, 66, 37, 13
261, 250, 234, 205, 181, 165, 144, 115, 103, 70, 42, 66, 37, 14
261, 250, 234, 205, 181, 165, 144, 115, 103, 70, 42, 38, 15
261, 250, 234, 205, 181, 165, 144, 115, 103, 70, 44, 39, 16
261, 250, 234, 205, 181, 182, 163, 143, 117, 100, 67, 46, 41, 17
261, 250, 234, 205, 181, 182, 163, 143, 117, 100, 67, 46, 41, 17, 18
261, 250, 234, 205, 181, 182, 163, 143, 117, 100, 67, 46, 47, 21, 19
261, 250, 234, 205, 181, 182, 163, 143, 117, 100, 67, 46, 47, 21, 19, 20
261, 250, 234, 205, 181, 182, 163, 143, 117, 100, 67, 46, 47, 21
261, 250, 234, 235, 204, 184, 162, 141, 118, 97, 88, 48, 22
261, 250, 234, 235, 204, 184, 162, 141, 119, 96, 86, 49, 23
261, 250, 234, 235, 204, 184, 162, 141, 119, 96, 86, 49, 24
261, 250, 234, 235, 204, 184, 162, 141, 119, 96, 86, 49, 25
261, 250, 234, 235, 204, 184, 162, 141, 119, 96, 86, 85, 50, 26
261, 250, 234, 235, 204, 184, 162, 141, 119, 96, 86, 85, 50, 26, 27
261, 250, 234, 235, 204, 184, 162, 141, 119, 96, 86, 85, 84, 83, 54, 55, 28
261, 250, 234, 235, 204, 184, 162, 141, 119, 96, 86, 85, 84, 83, 54, 55, 28, 29
261, 249, 248, 232, 207, 208, 209, 210, 177, 170, 171, 151, 152, 130, 108, 109, 110, 80, 58, 30
261, 249, 248, 232, 207, 208, 209, 210, 177, 170, 171, 151, 152, 130, 108, 77, 60, 59, 31
261, 249, 248, 232, 207, 208, 209, 210, 177, 170, 171, 151, 152, 130, 108, 77, 60, 32
261, 249, 248, 232, 207, 208, 209, 178, 168, 148, 111, 105, 106, 76, 61, 33
261, 249, 248, 232, 207, 208, 209, 178, 168, 148, 111, 105, 74, 75, 62, 34
261, 249, 248, 232, 207, 208, 209, 178, 168, 148, 111, 105, 74, 63, 35
261, 249, 233, 206, 180, 179, 166, 146, 114, 113, 104, 72, 65, 36
261, 250, 234, 205, 181, 165, 144, 115, 103, 70, 42, 66, 37
261, 250, 234, 205, 181, 165, 144, 115, 103, 70, 42, 38
261, 250, 234, 205, 181, 165, 144, 115, 103, 70, 44, 39
