362, 363, 343, 326, 290, 268, 255, 217, 200, 187, 158, 139, 121, 95, 86, 49, 24, 0
362, 363, 343, 326, 290, 268, 255, 217, 200, 187, 158, 139, 121, 95, 86, 49, 25, 1
362, 363, 343, 326, 290, 268, 255, 217, 200, 187, 158, 139, 122, 93, 83, 52, 26, 2
362, 344, 324, 294, 272, 259, 221, 216, 190, 154, 136, 127, 90, 81, 82, 55, 54, 27, 3
362, 344, 324, 294, 272, 259, 221, 216, 190, 154, 136, 127, 90, 81, 56, 28, 4
362, 344, 324, 294, 272, 259, 221, 216, 190, 154, 136, 127, 90, 81, 56, 29, 5
362, 344, 324, 294, 272, 273, 239, 222, 215, 192, 174, 133, 128, 110, 80, 58, 31, 6
362, 344, 324, 294, 272, 273, 239, 222, 215, 192, 174, 133, 128, 110, 78, 59, 60, 32, 7
362, 344, 324, 294, 272, 273, 239, 222, 215, 192, 174, 133, 128, 110, 78, 59, 60, 32, 7, 8
362, 344, 324, 294, 272, 273, 239, 222, 215, 192, 174, 133, 128, 110, 78, 59, 60, 32, 7, 8, 9
362, 344, 324, 294, 272, 273, 239, 222, 215, 192, 174, 133, 128, 110, 78, 59, 60, 32, 7, 8, 9, 10
362, 344, 324, 294, 272, 273, 239, 222, 215, 192, 174, 133, 128, 110, 78, 59, 60, 32, 7, 8, 9, 10, 11
362, 344, 324, 294, 272, 273, 239, 222, 215, 192, 174, 133, 128, 110, 78, 59, 60, 32, 7, 8, 9, 10, 11, 12
362, 344, 324, 294, 272, 273, 239, 222, 215, 192, 174, 133, 128, 110, 78, 59, 60, 32, 7, 8, 9, 10, 11, 12, 13
362, 344, 324, 294, 272, 273, 239, 222, 215, 192, 174, 133, 128, 110, 78, 59, 60, 32, 7, 8, 9, 10, 11, 12, 13, 14
362, 363, 343, 326, 290, 289, 266, 265, 253, 237, 236, 204, 182, 163, 143, 117, 100, 67, 46, 41, 17, 16, 15
362, 363, 343, 326, 290, 289, 266, 265, 253, 237, 236, 204, 182, 163, 143, 117, 100, 67, 46, 41, 17, 16
362, 363, 343, 326, 290, 289, 266, 265, 253, 237, 236, 204, 182, 163, 143, 117, 100, 67, 46, 41, 17
362, 363, 343, 326, 290, 268, 255, 217, 200, 201, 186, 185, 161, 141, 118, 97, 88, 47, 21, 18
362, 363, 343, 326, 290, 268, 255, 217, 200, 187, 159, 160, 140, 120, 96, 87, 48, 22, 20, 19
362, 363, 343, 326, 290, 268, 255, 217, 200, 187, 159, 160, 140, 120, 96, 87, 48, 22, 20
362, 363, 343, 326, 290, 268, 255, 217, 200, 201, 186, 185, 161, 141, 118, 97, 88, 47, 21
362, 363, 343, 326, 290, 268, 255, 217, 200, 187, 159, 160, 140, 120, 96, 87, 48, 22
362, 363, 343, 326, 290, 268, 255, 217, 200, 187, 158, 139, 121, 95, 86, 49, 23
362, 363, 343, 326, 290, 268, 255, 217, 200, 187, 158, 139, 121, 95, 86, 49, 24
362, 363, 343, 326, 290, 268, 255, 217, 200, 187, 158, 139, 121, 95, 86, 49, 25
362, 363, 343, 326, 290, 268, 255, 217, 200, 187, 158, 139, 122, 93, 83, 52, 26
362, 344, 324, 294, 272, 259, 221, 216, 190, 154, 136, 127, 90, 81, 82, 55, 54, 27
362, 344, 324, 294, 272, 259, 221, 216, 190, 154, 136, 127, 90, 81, 56, 28
362, 344, 324, 294, 272, 259, 221, 216, 190, 154, 136, 127, 90, 81, 56, 29
362, 344, 324, 294, 272, 259, 221, 216, 190, 154, 136, 127, 90, 81, 56, 29, 30
362, 344, 324, 294, 272, 273, 239, 222, 215, 192, 174, 133, 128, 110, 80, 58, 31
362, 344, 324, 294, 272, 273, 239, 222, 215, 192, 174, 133, 128, 110, 78, 59, 60, 32
362, 344, 324, 294, 272, 273, 239, 222, 215, 192, 174, 133, 128, 110, 78, 59, 60, 32, 33
362, 344, 324, 294, 272, 273, 239, 222, 215, 192, 174, 133, 128, 110, 78, 59, 60, 61, 34
362, 344, 324, 294, 272, 273, 239, 222, 215, 192, 174, 133, 128, 110, 78, 59, 60, 61, 34, 35
362, 344, 324, 294, 272, 273, 239, 222, 215, 214, 194, 173, 152, 151, 132, 106, 105, 73, 64, 36
362, 344, 324, 294, 272, 273, 239, 222, 215, 214, 194, 173, 152, 151, 132, 106, 105, 73, 64, 36, 37
362, 363, 343, 326, 290, 289, 266, 265, 253, 237, 236, 204, 182, 163, 143, 117, 100, 67, 46, 41, 40, 39, 38
362, 363, 343, 326, 290, 289, 266, 265, 253, 237, 236, 204, 182, 163, 143, 117, 100, 67, 46, 41, 40, 39
