476, 475, 444, 433, 395, 387, 360, 345, 322, 294, 271, 258, 220, 196, 189, 156, 137, 138, 122, 94, 85, 86, 49, 24, 0
476, 475, 444, 433, 395, 387, 360, 345, 322, 294, 271, 258, 220, 196, 189, 156, 137, 138, 122, 94, 85, 86, 49, 25, 1
476, 475, 444, 433, 395, 387, 360, 345, 322, 294, 271, 258, 220, 196, 189, 156, 137, 138, 122, 93, 83, 52, 26, 2
476, 475, 444, 433, 395, 387, 360, 345, 322, 294, 272, 259, 221, 216, 190, 154, 136, 127, 90, 81, 82, 55, 54, 27, 3
476, 475, 444, 433, 395, 387, 360, 345, 322, 294, 272, 259, 221, 216, 190, 154, 136, 127, 90, 81, 56, 28, 4
476, 475, 444, 433, 395, 387, 360, 345, 322, 294, 272, 259, 221, 216, 190, 154, 136, 127, 90, 81, 56, 29, 5
476, 443, 435, 436, 414, 385, 358, 348, 319, 296, 274, 241, 223, 215, 192, 174, 133, 128, 110, 80, 58, 31, 6
476, 443, 435, 436, 414, 385, 358, 348, 319, 296, 274, 241, 223, 214, 194, 173, 152, 130, 108, 77, 60, 32, 7
476, 443, 435, 436, 414, 385, 358, 348, 319, 296, 274, 241, 223, 214, 194, 173, 152, 130, 108, 77, 60, 32, 7, 8
476, 443, 435, 436, 414, 385, 358, 348, 319, 296, 274, 241, 223, 214, 194, 173, 152, 130, 108, 77, 60, 32, 7, 8, 9
476, 443, 435, 436, 414, 385, 358, 348, 319, 296, 274, 241, 223, 214, 194, 173, 152, 130, 131, 107, 76, 62, 34, 10
476, 443, 435, 436, 414, 385, 358, 348, 319, 296, 274, 241, 223, 214, 194, 173, 152, 151, 132, 106, 75, 74, 63, 35, 11
476, 443, 435, 436, 414, 385, 358, 348, 319, 296, 274, 241, 223, 214, 194, 173, 152, 151, 132, 106, 105, 73, 64, 36, 12
476, 443, 435, 436, 414, 385, 358, 348, 319, 296, 274, 241, 223, 214, 194, 173, 152, 151, 132, 106, 105, 73, 64, 36, 12, 13
476, 443, 435, 436, 414, 385, 358, 348, 319, 296, 274, 241, 223, 214, 194, 173, 152, 151, 132, 106, 105, 73, 64, 36, 12, 13, 14
476, 443, 435, 436, 414, 385, 358, 348, 319, 296, 274, 241, 223, 214, 194, 173, 152, 151, 132, 106, 105, 73, 64, 36, 12, 13, 14, 15
476, 475, 444, 432, 396, 388, 362, 363, 343, 326, 290, 289, 266, 265, 253, 237, 236, 204, 182, 163, 143, 117, 100, 67, 46, 41, 17, 16
476, 475, 444, 432, 396, 388, 362, 363, 343, 326, 290, 289, 266, 265, 253, 237, 236, 204, 182, 163, 143, 117, 100, 67, 46, 41, 17
476, 475, 444, 433, 395, 387, 360, 345, 322, 294, 271, 258, 220, 196, 197, 198, 188, 157, 139, 121, 95, 96, 87, 48, 22, 21, 18
476, 475, 444, 433, 395, 387, 360, 345, 322, 294, 271, 258, 220, 196, 197, 198, 188, 157, 139, 121, 95, 96, 87, 48, 22, 20, 19
476, 475, 444, 433, 395, 387, 360, 345, 322, 294, 271, 258, 220, 196, 197, 198, 188, 157, 139, 121, 95, 96, 87, 48, 22, 20
476, 475, 444, 433, 395, 387, 360, 345, 322, 294, 271, 258, 220, 196, 197, 198, 188, 157, 139, 121, 95, 96, 87, 48, 22, 21
476, 475, 444, 433, 395, 387, 360, 345, 322, 294, 271, 258, 220, 196, 197, 198, 188, 157, 139, 121, 95, 96, 87, 48, 22
476, 475, 444, 433, 395, 387, 360, 345, 322, 294, 271, 258, 220, 196, 189, 156, 137, 138, 122, 94, 85, 86, 49, 23
476, 475, 444, 433, 395, 387, 360, 345, 322, 294, 271, 258, 220, 196, 189, 156, 137, 138, 122, 94, 85, 86, 49, 24
476, 475, 444, 433, 395, 387, 360, 345, 322, 294, 271, 258, 220, 196, 189, 156, 137, 138, 122, 94, 85, 86, 49, 25
476, 475, 444, 433, 395, 387, 360, 345, 322, 294, 271, 258, 220, 196, 189, 156, 137, 138, 122, 93, 83, 52, 26
476, 475, 444, 433, 395, 387, 360, 345, 322, 294, 272, 259, 221, 216, 190, 154, 136, 127, 90, 81, 82, 55, 54, 27
476, 475, 444, 433, 395, 387, 360, 345, 322, 294, 272, 259, 221, 216, 190, 154, 136, 127, 90, 81, 56, 28
476, 475, 444, 433, 395, 387, 360, 345, 322, 294, 272, 259, 221, 216, 190, 154, 136, 127, 90, 81, 56, 29
476, 443, 435, 436, 414, 385, 358, 348, 319, 296, 274, 241, 223, 215, 192, 174, 133, 128, 110, 80, 58, 30
476, 443, 435, 436, 414, 385, 358, 348, 319, 296, 274, 241, 223, 215, 192, 174, 133, 128, 110, 80, 58, 31
476, 443, 435, 436, 414, 385, 358, 348, 319, 296, 274, 241, 223, 214, 194, 173, 152, 130, 108, 77, 60, 32
476, 443, 435, 436, 414, 385, 358, 348, 319, 296, 274, 241, 223, 214, 194, 173, 152, 130, 108, 77, 60, 32, 33
476, 443, 435, 436, 414, 385, 358, 348, 319, 296, 274, 241, 223, 214, 194, 173, 152, 130, 131, 107, 76, 62, 34
476, 443, 435, 436, 414, 385, 358, 348, 319, 296, 274, 241, 223, 214, 194, 173, 152, 151, 132, 106, 75, 74, 63, 35
476, 443, 435, 436, 414, 385, 358, 348, 319, 296, 274, 241, 223, 214, 194, 173, 152, 151, 132, 106, 105, 73, 64, 36
476, 443, 435, 436, 414, 385, 358, 348, 319, 296, 274, 241, 223, 214, 194, 173, 152, 151, 132, 106, 105, 73, 64, 36, 37
476, 475, 444, 432, 396, 388, 362, 363, 343, 326, 290, 289, 266, 265, 253, 237, 236, 204, 182, 163, 143, 117, 100, 67, 46, 41, 40, 39, 38
476, 475, 444, 432, 396, 388, 362, 363, 343, 326, 290, 289, 266, 265, 253, 237, 236, 204, 182, 163, 143, 117, 100, 67, 46, 41, 40, 39
