693, 685, 654, 636, 607, 596, 567, 546, 525, 519, 494, 471, 448, 428, 399, 392, 367, 341, 327, 289, 266, 254, 238, 202, 186, 160, 140, 120, 96, 86, 49, 24, 0
693, 685, 654, 636, 607, 596, 567, 546, 525, 519, 494, 471, 448, 428, 399, 392, 367, 341, 327, 289, 266, 254, 238, 202, 186, 160, 140, 120, 96, 86, 49, 25, 1
693, 685, 654, 636, 607, 596, 567, 546, 524, 520, 493, 473, 446, 429, 398, 389, 363, 343, 326, 290, 268, 255, 217, 200, 187, 158, 139, 122, 93, 83, 52, 26, 2
693, 685, 654, 636, 607, 596, 567, 546, 524, 520, 493, 473, 446, 429, 398, 389, 363, 343, 326, 290, 268, 255, 217, 200, 187, 158, 139, 122, 93, 83, 52, 27, 3
693, 685, 654, 636, 637, 629, 598, 570, 548, 543, 522, 490, 474, 444, 433, 395, 387, 360, 345, 322, 294, 272, 259, 221, 216, 190, 154, 136, 127, 90, 81, 56, 28, 4
693, 685, 654, 636, 637, 629, 598, 570, 548, 543, 522, 490, 474, 444, 433, 395, 387, 360, 345, 322, 294, 272, 259, 221, 216, 190, 154, 136, 127, 90, 81, 56, 29, 5
693, 685, 654, 636, 637, 629, 598, 570, 548, 543, 522, 490, 474, 444, 433, 395, 387, 360, 345, 322, 294, 272, 273, 239, 222, 215, 192, 174, 133, 128, 110, 80, 58, 31, 6
693, 685, 654, 636, 637, 629, 598, 570, 548, 543, 522, 490, 474, 444, 433, 395, 387, 360, 345, 322, 294, 272, 273, 239, 222, 215, 192, 174, 133, 128, 110, 78, 59, 60, 32, 7
693, 685, 654, 636, 637, 629, 598, 570, 548, 543, 522, 490, 474, 444, 433, 395, 387, 360, 345, 322, 294, 272, 273, 239, 222, 215, 192, 174, 133, 128, 110, 78, 59, 60, 32, 7, 8
693, 685, 654, 636, 637, 629, 598, 570, 548, 543, 522, 490, 474, 444, 433, 395, 387, 360, 345, 322, 294, 272, 273, 239, 222, 215, 192, 174, 133, 128, 110, 78, 59, 60, 32, 7, 8, 9
693, 685, 654, 636, 637, 629, 598, 570, 548, 543, 522, 490, 474, 444, 433, 395, 387, 360, 345, 322, 294, 272, 273, 239, 222, 215, 192, 174, 133, 128, 110, 78, 59, 60, 32, 7, 8, 9, 10
693, 685, 654, 636, 637, 629, 598, 570, 548, 543, 522, 490, 474, 444, 433, 395, 387, 360, 345, 322, 294, 272, 273, 239, 222, 215, 192, 174, 133, 128, 110, 78, 59, 60, 32, 7, 8, 9, 10, 11
693, 685, 654, 636, 607, 596, 567, 546, 525, 519, 494, 495, 470, 452, 426, 401, 374, 369, 337, 309, 310, 285, 261, 249, 233, 206, 180, 179, 166, 146, 114, 113, 104, 72, 65, 36, 12
693, 685, 654, 636, 607, 596, 567, 546, 525, 519, 494, 495, 470, 452, 426, 401, 374, 369, 337, 308, 287, 264, 252, 236, 204, 182, 163, 143, 117, 100, 67, 46, 41, 17, 16, 15, 14, 13
693, 685, 654, 636, 607, 596, 567, 546, 525, 519, 494, 495, 470, 452, 426, 401, 374, 369, 337, 308, 287, 264, 252, 236, 204, 182, 163, 143, 117, 100, 67, 46, 41, 17, 16, 15, 14
693, 685, 654, 636, 607, 596, 567, 546, 525, 519, 494, 495, 470, 452, 426, 401, 374, 369, 337, 308, 287, 264, 252, 236, 204, 182, 163, 143, 117, 100, 67, 46, 41, 17, 16, 15
693, 685, 654, 636, 607, 596, 567, 546, 525, 519, 494, 495, 470, 452, 426, 401, 374, 369, 337, 308, 287, 264, 252, 236, 204, 182, 163, 143, 117, 100, 67, 46, 41, 17, 16
693, 685, 654, 636, 607, 596, 567, 546, 525, 519, 494, 495, 470, 452, 426, 401, 374, 369, 337, 308, 287, 264, 252, 236, 204, 182, 163, 143, 117, 100, 67, 46, 41, 17
693, 685, 654, 636, 607, 596, 567, 546, 525, 519, 494, 495, 470, 452, 426, 401, 374, 369, 337, 308, 287, 264, 252, 236, 204, 182, 163, 143, 117, 100, 67, 46, 41, 17, 18
693, 685, 654, 636, 607, 596, 567, 546, 525, 519, 494, 471, 448, 428, 399, 392, 367, 341, 327, 289, 266, 254, 238, 202, 186, 160, 140, 120, 96, 87, 48, 22, 20, 19
693, 685, 654, 636, 607, 596, 567, 546, 525, 519, 494, 471, 448, 428, 399, 392, 367, 341, 327, 289, 266, 254, 238, 202, 186, 160, 140, 120, 96, 87, 48, 22, 20
693, 685, 654, 636, 607, 596, 567, 546, 525, 519, 494, 495, 470, 452, 426, 401, 374, 369, 337, 308, 287, 264, 252, 236, 204, 182, 163, 143, 117, 100, 67, 46, 47, 21
693, 685, 654, 636, 607, 596, 567, 546, 525, 519, 494, 471, 448, 428, 399, 392, 367, 341, 327, 289, 266, 254, 238, 202, 186, 160, 140, 120, 96, 87, 48, 22
693, 685, 654, 636, 607, 596, 567, 546, 525, 519, 494, 471, 448, 428, 399, 392, 367, 341, 327, 289, 266, 254, 238, 202, 186, 160, 140, 120, 96, 86, 49, 23
693, 685, 654, 636, 607, 596, 567, 546, 525, 519, 494, 471, 448, 428, 399, 392, 367, 341, 327, 289, 266, 254, 238, 202, 186, 160, 140, 120, 96, 86, 49, 24
693, 685, 654, 636, 607, 596, 567, 546, 525, 519, 494, 471, 448, 428, 399, 392, 367, 341, 327, 289, 266, 254, 238, 202, 186, 160, 140, 120, 96, 86, 49, 25
693, 685, 654, 636, 607, 596, 567, 546, 524, 520, 493, 473, 446, 429, 398, 389, 363, 343, 326, 290, 268, 255, 217, 200, 187, 158, 139, 122, 93, 83, 52, 26
693, 685, 654, 636, 607, 596, 567, 546, 524, 520, 493, 473, 446, 429, 398, 389, 363, 343, 326, 290, 268, 255, 217, 200, 187, 158, 139, 122, 93, 83, 52, 27
693, 685, 654, 636, 637, 629, 598, 570, 548, 543, 522, 490, 474, 444, 433, 395, 387, 360, 345, 322, 294, 272, 259, 221, 216, 190, 154, 136, 127, 90, 81, 56, 28
693, 685, 654, 636, 637, 629, 598, 570, 548, 543, 522, 490, 474, 444, 433, 395, 387, 360, 345, 322, 294, 272, 259, 221, 216, 190, 154, 136, 127, 90, 81, 56, 29
693, 685, 654, 636, 637, 629, 598, 570, 548, 543, 522, 490, 474, 444, 433, 395, 387, 360, 345, 322, 294, 272, 259, 221, 216, 190, 154, 136, 127, 90, 81, 56, 29, 30
693, 685, 654, 636, 637, 629, 598, 570, 548, 543, 522, 490, 474, 444, 433, 395, 387, 360, 345, 322, 294, 272, 273, 239, 222, 215, 192, 174, 133, 128, 110, 80, 58, 31
693, 685, 654, 636, 637, 629, 598, 570, 548, 543, 522, 490, 474, 444, 433, 395, 387, 360, 345, 322, 294, 272, 273, 239, 222, 215, 192, 174, 133, 128, 110, 78, 59, 60, 32
693, 685, 654, 636, 637, 629, 598, 570, 548, 543, 522, 490, 474, 444, 433, 395, 387, 360, 345, 322, 294, 272, 273, 239, 222, 215, 192, 174, 133, 128, 110, 78, 59, 60, 32, 33
693, 685, 654, 636, 637, 629, 598, 570, 548, 543, 522, 490, 474, 444, 433, 395, 387, 360, 345, 322, 294, 272, 273, 239, 222, 215, 192, 174, 133, 128, 110, 78, 59, 60, 61, 34
693, 692, 684, 683, 656, 639, 640, 626, 601, 572, 551, 540, 502, 487, 478, 441, 436, 414, 385, 358, 348, 319, 296, 274, 241, 223, 214, 194, 173, 152, 151, 132, 106, 75, 74, 63, 35
693, 685, 654, 636, 607, 596, 567, 546, 525, 519, 494, 495, 470, 452, 426, 401, 374, 369, 337, 309, 310, 285, 261, 249, 233, 206, 180, 179, 166, 146, 114, 113, 104, 72, 65, 36
693, 685, 654, 636, 607, 596, 567, 546, 525, 519, 494, 495, 470, 452, 426, 401, 374, 369, 337, 308, 287, 264, 252, 236, 204, 182, 163, 143, 117, 100, 67, 46, 41, 40, 39, 38, 37
693, 685, 654, 636, 607, 596, 567, 546, 525, 519, 494, 495, 470, 452, 426, 401, 374, 369, 337, 308, 287, 264, 252, 236, 204, 182, 163, 143, 117, 100, 67, 46, 41, 40, 39, 38
693, 685, 654, 636, 607, 596, 567, 546, 525, 519, 494, 495, 470, 452, 426, 401, 374, 369, 337, 308, 287, 264, 252, 236, 204, 182, 163, 143, 117, 100, 67, 46, 41, 40, 39
