1316, 1322, 1350, 1351, 1365, 1395, 1408, 1409, 1444, 1445, 1471, 1498, 1528, 1539, 1, 0
1316, 1322, 1350, 1351, 1365, 1395, 1408, 1409, 1444, 1445, 1471, 1498, 1528, 1539, 1
1316, 1322, 1350, 1363, 1394, 1407, 1425, 1447, 1473, 1499, 1529, 1537, 2
1316, 1322, 1350, 1363, 1394, 1407, 1425, 1447, 1473, 1499, 1529, 1536, 3
1316, 1322, 1350, 1363, 1393, 1406, 1426, 1449, 1475, 1501, 1531, 1534, 4
1316, 1322, 1350, 1363, 1393, 1406, 1426, 1449, 1475, 1501, 1531, 1534, 5
1316, 1322, 1350, 1363, 1393, 1406, 1426, 1449, 1475, 1502, 1532, 1553, 6
1316, 1322, 1350, 1363, 1393, 1406, 1426, 1449, 1476, 1503, 1513, 1552, 7
1316, 1322, 1350, 1363, 1393, 1406, 1426, 1449, 1476, 1503, 1513, 1552, 7, 8
1316, 1322, 1350, 1363, 1393, 1406, 1426, 1449, 1476, 1503, 1513, 1514, 1551, 9
1316, 1322, 1350, 1363, 1393, 1406, 1426, 1449, 1476, 1503, 1513, 1514, 1551, 9, 10
1316, 1322, 1350, 1363, 1393, 1406, 1426, 1449, 1450, 1451, 1478, 1479, 1508, 1516, 1549, 11
1316, 1322, 1350, 1363, 1393, 1406, 1426, 1449, 1450, 1451, 1478, 1479, 1480, 1510, 1517, 1548, 12
1316, 1322, 1350, 1363, 1393, 1406, 1426, 1449, 1450, 1451, 1478, 1479, 1480, 1510, 1517, 1548, 1547, 13
1316, 1322, 1350, 1363, 1393, 1406, 1426, 1449, 1450, 1451, 1478, 1479, 1480, 1510, 1517, 1548, 1547, 13, 14
1316, 1322, 1350, 1363, 1393, 1406, 1426, 1449, 1450, 1451, 1478, 1479, 1480, 1510, 1517, 1548, 1547, 13, 14, 15
1316, 1315, 1314, 1313, 1340, 1339, 1338, 1355, 1369, 1399, 1412, 1440, 1462, 1466, 1493, 1523, 1543, 17, 16
1316, 1315, 1314, 1313, 1340, 1339, 1338, 1355, 1369, 1399, 1412, 1440, 1462, 1466, 1493, 1523, 1543, 17
1316, 1315, 1314, 1313, 1340, 1339, 1338, 1355, 1369, 1399, 1412, 1440, 1462, 1466, 1493, 1524, 1542, 18
1316, 1322, 1350, 1351, 1365, 1395, 1408, 1409, 1444, 1445, 1471, 1498, 1528, 1539, 1, 0, 20, 19
1316, 1322, 1350, 1351, 1365, 1395, 1408, 1409, 1444, 1445, 1471, 1498, 1528, 1539, 1, 0, 20
1316, 1322, 1350, 1351, 1365, 1395, 1408, 1409, 1444, 1445, 1471, 1498, 1528, 1539, 1, 0, 20, 19, 21
1316, 1322, 1350, 1363, 1394, 1407, 1425, 1447, 1473, 1499, 1529, 1537, 2, 26, 25, 24, 23, 22
1316, 1322, 1350, 1363, 1394, 1407, 1425, 1447, 1473, 1499, 1529, 1537, 2, 26, 25, 24, 23
1316, 1322, 1350, 1363, 1394, 1407, 1425, 1447, 1473, 1499, 1529, 1537, 2, 26, 25, 24
1316, 1322, 1350, 1363, 1394, 1407, 1425, 1447, 1473, 1499, 1529, 1537, 2, 26, 25
1316, 1322, 1350, 1363, 1394, 1407, 1425, 1447, 1473, 1499, 1529, 1537, 2, 26
1316, 1322, 1350, 1363, 1394, 1407, 1425, 1447, 1473, 1499, 1529, 1536, 3, 27
1316, 1322, 1350, 1363, 1393, 1406, 1426, 1449, 1475, 1501, 1531, 1534, 5, 28
1316, 1322, 1350, 1363, 1393, 1406, 1426, 1449, 1475, 1501, 1531, 1534, 5, 29
1316, 1322, 1350, 1363, 1393, 1406, 1426, 1449, 1475, 1502, 1532, 1553, 6, 30
1316, 1322, 1350, 1363, 1393, 1406, 1426, 1449, 1475, 1502, 1532, 1553, 6, 31
1316, 1322, 1350, 1363, 1393, 1406, 1426, 1449, 1476, 1503, 1513, 1552, 7, 32
1316, 1322, 1350, 1363, 1393, 1406, 1426, 1449, 1476, 1503, 1513, 1514, 1551, 9, 33
1316, 1322, 1350, 1363, 1393, 1406, 1426, 1449, 1476, 1503, 1513, 1514, 1551, 9, 10, 34
1316, 1322, 1350, 1363, 1393, 1406, 1426, 1449, 1450, 1451, 1478, 1479, 1508, 1516, 1549, 11, 35
1316, 1322, 1350, 1363, 1393, 1406, 1426, 1449, 1450, 1451, 1478, 1479, 1480, 1510, 1517, 1548, 12, 36
1316, 1322, 1350, 1363, 1393, 1406, 1426, 1449, 1450, 1451, 1478, 1479, 1480, 1510, 1517, 1548, 1547, 13, 37
1316, 1322, 1350, 1363, 1393, 1406, 1426, 1449, 1450, 1451, 1478, 1479, 1480, 1510, 1517, 1548, 1547, 13, 37, 38
1316, 1315, 1314, 1313, 1340, 1339, 1338, 1355, 1369, 1399, 1412, 1440, 1462, 1466, 1493, 1523, 1543, 17, 16, 39
1316, 1315, 1314, 1313, 1340, 1339, 1338, 1355, 1369, 1399, 1412, 1440, 1462, 1466, 1493, 1523, 1543, 17, 16, 40
1316, 1322, 1350, 1351, 1365, 1395, 1408, 1409, 1444, 1445, 1471, 1498, 1528, 1539, 1, 0, 20, 19, 21, 41
1316, 1322, 1350, 1363, 1394, 1407, 1425, 1447, 1473, 1499, 1529, 1537, 2, 26, 42
1316, 1322, 1350, 1363, 1394, 1407, 1425, 1447, 1473, 1499, 1529, 1537, 2, 26, 43
1316, 1322, 1350, 1363, 1394, 1407, 1425, 1447, 1473, 1499, 1529, 1537, 2, 26, 44
1316, 1322, 1350, 1363, 1394, 1407, 1425, 1447, 1473, 1499, 1529, 1536, 3, 27, 45
1316, 1322, 1350, 1363, 1394, 1407, 1425, 1447, 1473, 1499, 1529, 1536, 3, 27, 46
1316, 1322, 1350, 1363, 1393, 1406, 1426, 1449, 1475, 1501, 1531, 1534, 5, 28, 47
1316, 1322, 1350, 1363, 1393, 1406, 1426, 1449, 1475, 1501, 1531, 1534, 5, 29, 48
1316, 1322, 1350, 1363, 1393, 1406, 1426, 1449, 1475, 1501, 1531, 1534, 5, 29, 49
1316, 1322, 1350, 1363, 1393, 1406, 1426, 1449, 1475, 1502, 1532, 1553, 6, 31, 50
1316, 1322, 1350, 1363, 1393, 1406, 1426, 1449, 1475, 1502, 1532, 1553, 6, 31, 51
1316, 1322, 1350, 1363, 1393, 1406, 1426, 1449, 1476, 1503, 1513, 1552, 7, 32, 52
1316, 1322, 1350, 1363, 1393, 1406, 1426, 1449, 1476, 1503, 1513, 1514, 1551, 9, 33, 53
1316, 1322, 1350, 1363, 1393, 1406, 1426, 1449, 1476, 1503, 1513, 1514, 1551, 9, 10, 34, 54
1316, 1322, 1350, 1363, 1393, 1406, 1426, 1449, 1450, 1451, 1478, 1479, 1508, 1516, 1549, 11, 35, 55
1316, 1322, 1350, 1363, 1393, 1406, 1426, 1449, 1450, 1451, 1478, 1479, 1508, 1516, 1549, 11, 35, 55, 56
1316, 1322, 1350, 1363, 1393, 1406, 1426, 1449, 1450, 1451, 1478, 1479, 1480, 1510, 1517, 1548, 12, 36, 57
1316, 1322, 1350, 1363, 1393, 1406, 1426, 1449, 1450, 1451, 1478, 1479, 1480, 1510, 1517, 1548, 12, 36, 57, 58
1316, 1322, 1350, 1363, 1393, 1406, 1426, 1449, 1450, 1451, 1478, 1479, 1480, 1510, 1517, 1548, 12, 36, 57, 58, 59
1316, 1315, 1314, 1313, 1340, 1339, 1338, 1355, 1369, 1399, 1412, 1440, 1462, 1466, 1493, 1523, 1543, 17, 16, 39, 60
1316, 1322, 1350, 1351, 1365, 1395, 1408, 1409, 1444, 1445, 1471, 1498, 1528, 1539, 1, 0, 20, 19, 21, 63, 62, 61
1316, 1322, 1350, 1351, 1365, 1395, 1408, 1409, 1444, 1445, 1471, 1498, 1528, 1539, 1, 0, 20, 19, 21, 63, 62
1316, 1322, 1350, 1351, 1365, 1395, 1408, 1409, 1444, 1445, 1471, 1498, 1528, 1539, 1, 0, 20, 19, 21, 63
1316, 1322, 1350, 1363, 1394, 1407, 1425, 1447, 1473, 1499, 1529, 1537, 2, 26, 42, 66, 65, 64
1316, 1322, 1350, 1363, 1394, 1407, 1425, 1447, 1473, 1499, 1529, 1537, 2, 26, 42, 66, 65
1316, 1322, 1350, 1363, 1394, 1407, 1425, 1447, 1473, 1499, 1529, 1537, 2, 26, 42, 66
1316, 1322, 1350, 1363, 1394, 1407, 1425, 1447, 1473, 1499, 1529, 1537, 2, 26, 44, 84, 85, 86, 87, 88, 67
1316, 1322, 1350, 1363, 1394, 1407, 1425, 1447, 1473, 1499, 1529, 1537, 2, 26, 44, 84, 85, 86, 87, 88, 67, 68
1316, 1322, 1350, 1363, 1394, 1407, 1425, 1447, 1473, 1499, 1529, 1537, 2, 26, 44, 84, 85, 86, 87, 88, 67, 68, 69
1316, 1322, 1350, 1363, 1393, 1406, 1426, 1449, 1450, 1451, 1478, 1479, 1480, 1510, 1517, 1548, 12, 36, 57, 72, 71, 70
1316, 1322, 1350, 1363, 1393, 1406, 1426, 1449, 1450, 1451, 1478, 1479, 1480, 1510, 1517, 1548, 12, 36, 57, 72, 71
1316, 1322, 1350, 1363, 1393, 1406, 1426, 1449, 1450, 1451, 1478, 1479, 1480, 1510, 1517, 1548, 12, 36, 57, 72
1316, 1322, 1350, 1363, 1393, 1406, 1426, 1449, 1476, 1503, 1513, 1514, 1551, 9, 33, 53, 76, 75, 74, 73
1316, 1322, 1350, 1363, 1393, 1406, 1426, 1449, 1476, 1503, 1513, 1514, 1551, 9, 33, 53, 76, 75, 74
1316, 1322, 1350, 1363, 1393, 1406, 1426, 1449, 1476, 1503, 1513, 1514, 1551, 9, 33, 53, 76, 75
1316, 1322, 1350, 1363, 1393, 1406, 1426, 1449, 1476, 1503, 1513, 1514, 1551, 9, 33, 53, 76
1316, 1322, 1350, 1363, 1393, 1406, 1426, 1449, 1476, 1503, 1513, 1552, 7, 32, 52, 77
1316, 1322, 1350, 1363, 1393, 1406, 1426, 1449, 1475, 1502, 1532, 1553, 6, 31, 50, 80, 79, 78
1316, 1322, 1350, 1363, 1393, 1406, 1426, 1449, 1475, 1502, 1532, 1553, 6, 31, 50, 80, 79
1316, 1322, 1350, 1363, 1393, 1406, 1426, 1449, 1475, 1502, 1532, 1553, 6, 31, 50, 80
1316, 1322, 1350, 1363, 1393, 1406, 1426, 1449, 1475, 1501, 1531, 1534, 5, 29, 48, 81
1316, 1322, 1350, 1363, 1393, 1406, 1426, 1449, 1475, 1501, 1531, 1534, 5, 29, 48, 81, 82
1316, 1322, 1350, 1363, 1394, 1407, 1425, 1447, 1473, 1499, 1529, 1536, 3, 27, 45, 83
1316, 1322, 1350, 1363, 1394, 1407, 1425, 1447, 1473, 1499, 1529, 1537, 2, 26, 44, 84
1316, 1322, 1350, 1363, 1394, 1407, 1425, 1447, 1473, 1499, 1529, 1537, 2, 26, 44, 84, 85
1316, 1322, 1350, 1363, 1394, 1407, 1425, 1447, 1473, 1499, 1529, 1537, 2, 26, 44, 84, 85, 86
1316, 1322, 1350, 1363, 1394, 1407, 1425, 1447, 1473, 1499, 1529, 1537, 2, 26, 44, 84, 85, 86, 87
1316, 1322, 1350, 1363, 1394, 1407, 1425, 1447, 1473, 1499, 1529, 1537, 2, 26, 44, 84, 85, 86, 87, 88
1316, 1322, 1350, 1363, 1393, 1406, 1426, 1449, 1475, 1501, 1531, 1534, 5, 29, 48, 81, 89
1316, 1322, 1350, 1363, 1393, 1406, 1426, 1449, 1475, 1501, 1531, 1534, 5, 29, 48, 81, 82, 90
1316, 1322, 1350, 1363, 1394, 1407, 1425, 1447, 1473, 1499, 1529, 1536, 3, 27, 45, 83, 91
1316, 1322, 1350, 1363, 1394, 1407, 1425, 1447, 1473, 1499, 1529, 1536, 3, 27, 45, 83, 92
1316, 1322, 1350, 1363, 1394, 1407, 1425, 1447, 1473, 1499, 1529, 1537, 2, 26, 44, 84, 93
1316, 1322, 1350, 1363, 1394, 1407, 1425, 1447, 1473, 1499, 1529, 1537, 2, 26, 44, 84, 85, 86, 94
1316, 1322, 1350, 1363, 1394, 1407, 1425, 1447, 1473, 1499, 1529, 1537, 2, 26, 44, 84, 85, 86, 95
1316, 1322, 1350, 1363, 1394, 1407, 1425, 1447, 1473, 1499, 1529, 1537, 2, 26, 44, 84, 85, 86, 95, 96
1316, 1322, 1350, 1363, 1394, 1407, 1425, 1447, 1473, 1499, 1529, 1537, 2, 26, 44, 84, 85, 86, 95, 96, 97
1316, 1322, 1350, 1363, 1394, 1407, 1425, 1447, 1473, 1499, 1529, 1537, 2, 26, 44, 84, 85, 86, 95, 96, 97, 98
1316, 1322, 1350, 1363, 1394, 1407, 1425, 1447, 1473, 1499, 1529, 1537, 2, 26, 44, 84, 85, 86, 95, 96, 97, 98, 99
