420, 405, 377, 361, 335, 336, 316, 283, 263, 251, 235, 204, 188, 172, 141, 118, 96, 88, 64, 22, 23, 0
420, 405, 377, 361, 335, 336, 316, 283, 263, 251, 235, 204, 188, 172, 141, 140, 120, 95, 86, 66, 25, 1
420, 405, 377, 361, 335, 336, 316, 283, 263, 251, 235, 204, 188, 172, 141, 140, 120, 95, 86, 85, 84, 44, 26, 2
420, 421, 406, 376, 375, 358, 357, 356, 339, 320, 288, 289, 267, 255, 217, 200, 185, 168, 139, 122, 92, 83, 45, 27, 3
420, 419, 402, 379, 363, 331, 312, 301, 278, 244, 229, 211, 176, 160, 150, 132, 107, 108, 77, 52, 51, 31, 30, 29, 28, 4
420, 419, 402, 379, 363, 331, 312, 301, 278, 244, 229, 211, 176, 160, 150, 132, 107, 108, 77, 52, 51, 31, 6, 5
420, 419, 402, 379, 363, 331, 312, 301, 278, 244, 229, 211, 176, 160, 150, 132, 107, 108, 77, 52, 51, 31, 6
420, 419, 402, 379, 363, 331, 312, 301, 278, 244, 229, 211, 176, 160, 150, 132, 107, 108, 77, 52, 32, 7
420, 419, 402, 379, 363, 331, 312, 301, 278, 244, 229, 211, 176, 160, 150, 132, 107, 76, 53, 33, 8
420, 419, 402, 379, 363, 331, 312, 301, 278, 244, 229, 211, 176, 160, 150, 132, 107, 76, 53, 33, 9
420, 419, 402, 379, 363, 331, 312, 301, 278, 244, 229, 211, 176, 160, 150, 132, 106, 75, 54, 34, 10
420, 419, 402, 379, 363, 331, 312, 302, 281, 245, 230, 210, 195, 158, 149, 112, 105, 74, 55, 35, 11
420, 419, 402, 379, 363, 331, 312, 302, 281, 245, 230, 210, 195, 158, 149, 112, 105, 73, 56, 36, 12
420, 405, 377, 361, 335, 315, 304, 282, 246, 231, 209, 194, 156, 147, 113, 103, 71, 58, 37, 13
420, 405, 377, 361, 335, 315, 304, 282, 246, 231, 209, 194, 156, 147, 113, 103, 71, 58, 37, 14
420, 405, 377, 361, 335, 315, 304, 282, 246, 231, 209, 194, 156, 147, 113, 103, 71, 58, 37, 14, 15
420, 405, 377, 361, 335, 315, 304, 282, 247, 232, 207, 193, 155, 146, 114, 102, 70, 60, 39, 16
420, 405, 377, 361, 335, 336, 316, 283, 263, 251, 235, 204, 189, 173, 143, 117, 98, 67, 62, 41, 17
420, 405, 377, 361, 335, 336, 316, 283, 263, 251, 235, 204, 189, 173, 143, 117, 98, 67, 62, 41, 17, 18
420, 405, 377, 361, 335, 336, 316, 283, 263, 251, 235, 204, 188, 172, 141, 118, 96, 88, 63, 21, 19
420, 405, 377, 361, 335, 336, 316, 283, 263, 251, 235, 204, 188, 172, 141, 118, 96, 88, 64, 22, 20
420, 405, 377, 361, 335, 336, 316, 283, 263, 251, 235, 204, 188, 172, 141, 118, 96, 88, 63, 21
420, 405, 377, 361, 335, 336, 316, 283, 263, 251, 235, 204, 188, 172, 141, 118, 96, 88, 64, 22
420, 405, 377, 361, 335, 336, 316, 283, 263, 251, 235, 204, 188, 172, 141, 118, 96, 88, 64, 22, 23
420, 405, 377, 361, 335, 336, 316, 283, 263, 251, 235, 204, 188, 172, 141, 140, 120, 95, 86, 66, 24
420, 405, 377, 361, 335, 336, 316, 283, 263, 251, 235, 204, 188, 172, 141, 140, 120, 95, 86, 66, 25
420, 405, 377, 361, 335, 336, 316, 283, 263, 251, 235, 204, 188, 172, 141, 140, 120, 95, 86, 85, 84, 44, 26
420, 421, 406, 376, 375, 358, 357, 356, 339, 320, 288, 289, 267, 255, 217, 200, 185, 168, 139, 122, 92, 83, 45, 27
420, 419, 402, 379, 363, 331, 312, 301, 278, 244, 229, 211, 176, 160, 150, 132, 107, 108, 77, 52, 51, 31, 30, 29, 28
420, 419, 402, 379, 363, 331, 312, 301, 278, 244, 229, 211, 176, 160, 150, 132, 107, 108, 77, 52, 51, 31, 30, 29
420, 419, 402, 379, 363, 331, 312, 301, 278, 244, 229, 211, 176, 160, 150, 132, 107, 108, 77, 52, 51, 31, 30
420, 419, 402, 379, 363, 331, 312, 301, 278, 244, 229, 211, 176, 160, 150, 132, 107, 108, 77, 52, 51, 31
420, 419, 402, 379, 363, 331, 312, 301, 278, 244, 229, 211, 176, 160, 150, 132, 107, 108, 77, 52, 32
420, 419, 402, 379, 363, 331, 312, 301, 278, 244, 229, 211, 176, 160, 150, 132, 107, 76, 53, 33
420, 419, 402, 379, 363, 331, 312, 301, 278, 244, 229, 211, 176, 160, 150, 132, 106, 75, 54, 34
420, 419, 402, 379, 363, 331, 312, 302, 281, 245, 230, 210, 195, 158, 149, 112, 105, 74, 55, 35
420, 419, 402, 379, 363, 331, 312, 302, 281, 245, 230, 210, 195, 158, 149, 112, 105, 73, 56, 36
420, 405, 377, 361, 335, 315, 304, 282, 246, 231, 209, 194, 156, 147, 113, 103, 71, 58, 37
420, 405, 377, 361, 335, 315, 304, 282, 247, 232, 207, 193, 155, 146, 114, 102, 70, 60, 39, 38
420, 405, 377, 361, 335, 315, 304, 282, 247, 232, 207, 193, 155, 146, 114, 102, 70, 60, 39
420, 405, 377, 361, 335, 315, 304, 282, 247, 232, 207, 193, 155, 146, 114, 102, 70, 60, 40
420, 405, 377, 361, 335, 336, 316, 283, 263, 251, 235, 204, 189, 173, 143, 117, 98, 67, 62, 41
420, 405, 377, 361, 335, 336, 316, 283, 263, 251, 235, 204, 188, 172, 141, 140, 120, 95, 86, 85, 84, 42
420, 405, 377, 361, 335, 336, 316, 283, 263, 251, 235, 204, 188, 172, 141, 140, 120, 95, 86, 85, 43
420, 405, 377, 361, 335, 336, 316, 283, 263, 251, 235, 204, 188, 172, 141, 140, 120, 95, 86, 85, 84, 44
420, 421, 406, 376, 375, 358, 357, 356, 339, 320, 288, 289, 267, 255, 217, 200, 185, 168, 139, 122, 92, 83, 45
420, 421, 406, 376, 375, 358, 357, 356, 339, 320, 288, 289, 267, 255, 217, 200, 185, 168, 139, 122, 92, 83, 46
420, 419, 402, 379, 363, 331, 312, 301, 278, 244, 229, 211, 176, 160, 150, 132, 107, 108, 109, 110, 89, 81, 82, 47
420, 419, 402, 379, 363, 331, 312, 301, 278, 244, 229, 211, 176, 160, 150, 132, 107, 108, 77, 52, 51, 50, 49, 48
420, 419, 402, 379, 363, 331, 312, 301, 278, 244, 229, 211, 176, 160, 150, 132, 107, 108, 77, 52, 51, 50, 49
420, 419, 402, 379, 363, 331, 312, 301, 278, 244, 229, 211, 176, 160, 150, 132, 107, 108, 77, 52, 51, 50
420, 419, 402, 379, 363, 331, 312, 301, 278, 244, 229, 211, 176, 160, 150, 132, 107, 108, 77, 52, 51
420, 419, 402, 379, 363, 331, 312, 301, 278, 244, 229, 211, 176, 160, 150, 132, 107, 108, 77, 52
420, 419, 402, 379, 363, 331, 312, 301, 278, 244, 229, 211, 176, 160, 150, 132, 107, 76, 53
420, 419, 402, 379, 363, 331, 312, 301, 278, 244, 229, 211, 176, 160, 150, 132, 106, 75, 54
420, 419, 402, 379, 363, 331, 312, 302, 281, 245, 230, 210, 195, 158, 149, 112, 105, 74, 55
420, 419, 402, 379, 363, 331, 312, 302, 281, 245, 230, 210, 195, 158, 149, 112, 105, 73, 56
420, 419, 402, 379, 363, 331, 312, 302, 281, 245, 230, 210, 195, 158, 149, 112, 105, 73, 56, 57
420, 405, 377, 361, 335, 315, 304, 282, 246, 231, 209, 194, 156, 147, 113, 103, 71, 58
420, 405, 377, 361, 335, 315, 304, 282, 247, 232, 207, 193, 155, 146, 114, 102, 70, 59
420, 405, 377, 361, 335, 315, 304, 282, 247, 232, 207, 193, 155, 146, 114, 102, 70, 60
420, 405, 377, 361, 335, 315, 304, 282, 247, 232, 207, 193, 155, 146, 114, 102, 70, 60, 61
420, 405, 377, 361, 335, 336, 316, 283, 263, 251, 235, 204, 189, 173, 143, 117, 98, 67, 62
420, 405, 377, 361, 335, 336, 316, 283, 263, 251, 235, 204, 188, 172, 141, 118, 96, 88, 63
420, 405, 377, 361, 335, 336, 316, 283, 263, 251, 235, 204, 188, 172, 141, 118, 96, 88, 64
420, 405, 377, 361, 335, 336, 316, 283, 263, 251, 235, 204, 188, 172, 141, 118, 96, 88, 64, 65
420, 405, 377, 361, 335, 336, 316, 283, 263, 251, 235, 204, 188, 172, 141, 140, 120, 95, 86, 66
420, 405, 377, 361, 335, 336, 316, 283, 263, 251, 235, 204, 189, 173, 143, 117, 98, 67
420, 405, 377, 361, 335, 315, 304, 282, 247, 232, 207, 193, 155, 146, 114, 102, 70, 69, 68
420, 405, 377, 361, 335, 315, 304, 282, 247, 232, 207, 193, 155, 146, 114, 102, 70, 69
420, 405, 377, 361, 335, 315, 304, 282, 247, 232, 207, 193, 155, 146, 114, 102, 70
420, 405, 377, 361, 335, 315, 304, 282, 246, 231, 209, 194, 156, 147, 113, 103, 71
420, 405, 377, 361, 335, 315, 304, 282, 246, 231, 209, 194, 156, 147, 113, 104, 72
420, 419, 402, 379, 363, 331, 312, 302, 281, 245, 230, 210, 195, 158, 149, 112, 105, 73
420, 419, 402, 379, 363, 331, 312, 302, 281, 245, 230, 210, 195, 158, 149, 112, 105, 74
420, 419, 402, 379, 363, 331, 312, 301, 278, 244, 229, 211, 176, 160, 150, 132, 106, 75
420, 419, 402, 379, 363, 331, 312, 301, 278, 244, 229, 211, 176, 160, 150, 132, 107, 76
420, 419, 402, 379, 363, 331, 312, 301, 278, 244, 229, 211, 176, 160, 150, 132, 107, 108, 77
420, 419, 402, 379, 363, 331, 312, 301, 278, 244, 229, 211, 176, 160, 150, 132, 107, 108, 77, 78
420, 419, 402, 379, 363, 331, 312, 301, 278, 244, 229, 211, 176, 160, 150, 132, 107, 108, 77, 78, 79
420, 419, 402, 379, 363, 331, 312, 301, 278, 244, 229, 211, 176, 160, 150, 132, 107, 108, 77, 78, 79, 80
420, 419, 402, 379, 363, 331, 312, 301, 278, 244, 229, 211, 176, 160, 150, 132, 107, 108, 109, 110, 89, 81
420, 419, 402, 379, 363, 331, 312, 301, 278, 244, 229, 211, 176, 160, 150, 132, 107, 108, 109, 110, 89, 81, 82
420, 421, 406, 376, 375, 358, 357, 356, 339, 320, 288, 289, 267, 255, 217, 200, 185, 168, 139, 122, 92, 83
420, 405, 377, 361, 335, 336, 316, 283, 263, 251, 235, 204, 188, 172, 141, 140, 120, 95, 86, 85, 84
420, 405, 377, 361, 335, 336, 316, 283, 263, 251, 235, 204, 188, 172, 141, 140, 120, 95, 86, 85
420, 405, 377, 361, 335, 336, 316, 283, 263, 251, 235, 204, 188, 172, 141, 140, 120, 95, 86
420, 405, 377, 361, 335, 336, 316, 283, 263, 251, 235, 204, 188, 172, 141, 118, 96, 88, 87
420, 405, 377, 361, 335, 336, 316, 283, 263, 251, 235, 204, 188, 172, 141, 118, 96, 88
420, 419, 402, 379, 363, 331, 312, 301, 278, 244, 229, 211, 176, 160, 150, 132, 107, 108, 109, 110, 89
420, 419, 402, 379, 363, 331, 312, 301, 278, 244, 229, 211, 176, 160, 150, 132, 107, 108, 109, 110, 89, 90
420, 421, 406, 376, 375, 358, 357, 356, 339, 320, 288, 289, 267, 255, 217, 200, 185, 168, 139, 122, 91
420, 421, 406, 376, 375, 358, 357, 356, 339, 320, 288, 289, 267, 255, 217, 200, 185, 168, 139, 122, 92
420, 421, 406, 376, 375, 358, 357, 356, 339, 320, 288, 289, 267, 255, 217, 200, 185, 168, 139, 122, 93
420, 405, 377, 361, 335, 336, 316, 283, 263, 251, 235, 204, 188, 172, 141, 140, 120, 94
420, 405, 377, 361, 335, 336, 316, 283, 263, 251, 235, 204, 188, 172, 141, 140, 120, 95
420, 405, 377, 361, 335, 336, 316, 283, 263, 251, 235, 204, 188, 172, 141, 118, 96
420, 405, 377, 361, 335, 336, 316, 283, 263, 251, 235, 204, 188, 172, 141, 118, 97
420, 405, 377, 361, 335, 336, 316, 283, 263, 251, 235, 204, 189, 173, 143, 117, 98
420, 405, 377, 361, 335, 336, 316, 283, 263, 251, 235, 204, 189, 173, 143, 117, 99
