1260, 1261, 1267, 1297, 1323, 1346, 1366, 1367, 1386, 1402, 1426, 1432, 1460, 1461, 1475, 1505, 1506, 1507, 1520, 1553, 1552, 0
1260, 1261, 1267, 1268, 1269, 1270, 1271, 1301, 1327, 1351, 1352, 1353, 1371, 1407, 1408, 1409, 1418, 1445, 1466, 1480, 1510, 1522, 1551, 1
1260, 1261, 1267, 1268, 1269, 1270, 1271, 1301, 1327, 1351, 1352, 1353, 1371, 1407, 1408, 1409, 1418, 1445, 1466, 1480, 1510, 1511, 1523, 1550, 2
1260, 1261, 1267, 1268, 1269, 1270, 1271, 1301, 1327, 1351, 1352, 1353, 1371, 1407, 1408, 1409, 1418, 1417, 1444, 1468, 1481, 1512, 1513, 1524, 1549, 3
1260, 1286, 1285, 1295, 1321, 1344, 1364, 1383, 1399, 1430, 1410, 1411, 1412, 1413, 1441, 1442, 1470, 1484, 1493, 1526, 1548, 4
1260, 1286, 1285, 1295, 1321, 1344, 1364, 1383, 1399, 1430, 1435, 1456, 1491, 1490, 1489, 1488, 1487, 1486, 1494, 1527, 1547, 5
1260, 1286, 1285, 1295, 1321, 1344, 1364, 1383, 1399, 1430, 1435, 1456, 1491, 1490, 1489, 1488, 1487, 1486, 1494, 1527, 1546, 6
1260, 1286, 1285, 1295, 1321, 1344, 1364, 1383, 1399, 1430, 1435, 1456, 1491, 1500, 1532, 1531, 1530, 1529, 1528, 1545, 7
1260, 1286, 1285, 1295, 1321, 1344, 1364, 1383, 1399, 1430, 1435, 1456, 1491, 1500, 1532, 1531, 1541, 1542, 1543, 8
1260, 1286, 1285, 1295, 1321, 1344, 1364, 1383, 1399, 1430, 1435, 1456, 1491, 1500, 1532, 1531, 1541, 1542, 9
