735, 711, 681, 660, 653, 619, 597, 585, 551, 542, 503, 495, 474, 457, 431, 405, 380, 350, 345, 305, 298, 270, 246, 231, 200, 192, 175, 135, 111, 92, 72, 47, 25, 0
735, 711, 681, 660, 653, 619, 597, 585, 584, 552, 541, 524, 496, 475, 458, 434, 407, 378, 352, 347, 308, 297, 269, 247, 232, 202, 193, 152, 134, 110, 93, 71, 49, 24, 1
735, 711, 681, 660, 653, 619, 597, 585, 584, 552, 541, 524, 496, 475, 458, 434, 407, 378, 352, 347, 308, 297, 269, 247, 232, 202, 193, 152, 134, 110, 93, 71, 70, 50, 23, 2
735, 711, 681, 660, 653, 619, 597, 585, 584, 552, 541, 524, 523, 497, 476, 437, 435, 409, 377, 353, 327, 310, 295, 266, 249, 234, 204, 196, 155, 131, 129, 95, 69, 51, 20, 3
735, 711, 681, 660, 653, 619, 597, 585, 584, 552, 541, 524, 523, 497, 476, 437, 435, 409, 377, 353, 327, 310, 295, 266, 249, 235, 236, 205, 197, 156, 130, 127, 96, 67, 52, 41, 4
735, 711, 681, 660, 653, 619, 597, 585, 584, 552, 541, 524, 523, 497, 476, 437, 435, 409, 377, 353, 327, 310, 295, 266, 249, 235, 236, 206, 207, 176, 157, 150, 126, 97, 87, 54, 40, 5
735, 711, 681, 660, 653, 619, 597, 585, 584, 552, 541, 524, 523, 497, 476, 437, 435, 409, 377, 353, 327, 310, 295, 266, 249, 235, 236, 206, 207, 176, 157, 150, 126, 97, 87, 54, 40, 6
735, 711, 681, 660, 653, 619, 597, 585, 584, 552, 541, 524, 523, 497, 476, 437, 435, 409, 377, 353, 327, 310, 295, 266, 265, 264, 251, 252, 238, 209, 177, 158, 149, 125, 98, 85, 55, 39, 7
735, 734, 712, 682, 661, 651, 622, 623, 594, 568, 545, 526, 508, 490, 467, 451, 450, 424, 398, 397, 390, 363, 336, 319, 286, 278, 258, 220, 213, 182, 164, 163, 145, 121, 122, 100, 83, 84, 56, 37, 8
735, 751, 765, 788, 819, 844, 861, 881, 899, 935, 948, 967, 1007, 1029, 1046, 1045, 1058, 1057, 1086, 1105, 1130, 1154, 1162, 1181, 1208, 1231, 1256, 1283, 1292, 1319, 1342, 1362, 1381, 1396, 1410, 1437, 1453, 1489, 1497, 1530, 1542, 9
