1449, 1448, 1447, 1446, 1445, 1444, 1443, 1442, 1466, 1472, 1500, 1513, 2, 1, 0
1449, 1448, 1447, 1446, 1445, 1444, 1443, 1442, 1466, 1472, 1500, 1513, 2, 1
1449, 1448, 1447, 1446, 1445, 1444, 1443, 1442, 1466, 1472, 1500, 1513, 2
1449, 1448, 1447, 1446, 1445, 1444, 1443, 1465, 1471, 1501, 1514, 3
1449, 1459, 1485, 1486, 1487, 1488, 1489, 1502, 1516, 4
1449, 1459, 1485, 1506, 1505, 1504, 1503, 1518, 5
1449, 1459, 1485, 1506, 1505, 1504, 1519, 6
1449, 1459, 1485, 1506, 1521, 8, 7
1449, 1459, 1485, 1506, 1521, 8
1449, 1459, 1485, 1506, 1521, 9
