192, 191, 190, 158, 143, 144, 145, 110, 108, 85, 52, 26, 0
192, 191, 190, 158, 143, 144, 145, 110, 108, 85, 52, 26, 1
192, 191, 190, 158, 143, 144, 145, 110, 108, 85, 52, 26, 2
192, 191, 190, 158, 143, 144, 145, 110, 108, 85, 52, 26, 2, 3
192, 191, 190, 158, 143, 144, 145, 110, 108, 85, 52, 26, 2, 3, 4
192, 191, 190, 158, 143, 144, 145, 110, 108, 85, 52, 26, 2, 3, 4, 5
192, 191, 190, 158, 143, 144, 145, 110, 108, 85, 52, 26, 2, 3, 4, 5, 6
192, 193, 163, 164, 165, 135, 122, 98, 75, 62, 37, 12, 11, 10, 9, 8, 7
192, 193, 163, 164, 165, 135, 122, 98, 75, 62, 37, 12, 11, 10, 9, 8
192, 193, 163, 164, 165, 135, 122, 98, 75, 62, 37, 12, 11, 10, 9
