1320, 1319, 1340, 1359, 1374, 1373, 1372, 1394, 1395, 1423, 1449, 1463, 1493, 1504, 1529, 1538, 0
1320, 1319, 1340, 1359, 1374, 1373, 1372, 1394, 1395, 1423, 1449, 1463, 1493, 1504, 1529, 1538, 1
1320, 1319, 1340, 1359, 1374, 1373, 1372, 1394, 1395, 1423, 1424, 1448, 1462, 1491, 1503, 1530, 1537, 2
1320, 1319, 1340, 1359, 1374, 1373, 1372, 1394, 1395, 1423, 1424, 1448, 1462, 1491, 1503, 1530, 1537, 3
1320, 1319, 1340, 1359, 1374, 1373, 1372, 1394, 1395, 1423, 1424, 1448, 1462, 1491, 1503, 1530, 1537, 3, 4
1320, 1319, 1340, 1359, 1374, 1373, 1372, 1371, 1370, 1389, 1388, 1400, 1426, 1445, 1460, 1488, 1501, 1532, 1535, 5
1320, 1319, 1340, 1359, 1374, 1373, 1372, 1371, 1370, 1389, 1388, 1400, 1426, 1445, 1460, 1488, 1501, 1532, 1535, 5, 6
1320, 1341, 1360, 1375, 1391, 1390, 1417, 1433, 1469, 1470, 1479, 1512, 1520, 1519, 1548, 1549, 1550, 1551, 1552, 8, 7
1320, 1341, 1360, 1375, 1391, 1390, 1417, 1433, 1469, 1470, 1479, 1512, 1520, 1519, 1548, 1549, 1550, 1551, 1552, 8
1320, 1341, 1360, 1375, 1391, 1390, 1417, 1433, 1469, 1470, 1479, 1512, 1520, 1545, 1546, 13, 12, 11, 10, 9
