1520, 1545, 1544, 1543, 1542, 1541, 1540, 1539, 1538, 0
1520, 1545, 1544, 1543, 1542, 1541, 1540, 1539, 1538, 1
1520, 1545, 1544, 1543, 1542, 1541, 1540, 1539, 1538, 1, 2
1520, 1545, 1544, 1543, 1542, 1541, 1540, 1539, 1538, 1537, 3
1520, 1519, 1548, 1549, 1550, 1551, 1552, 8, 7, 6, 5, 4
1520, 1519, 1548, 1549, 1550, 1551, 1552, 8, 7, 6, 5
1520, 1519, 1548, 1549, 1550, 1551, 1552, 8, 7, 6
1520, 1519, 1548, 1549, 1550, 1551, 1552, 8, 7
1520, 1519, 1548, 1549, 1550, 1551, 1552, 8
1520, 1545, 1546, 13, 12, 11, 10, 9
