375, 349, 335, 322, 296, 268, 256, 235, 234, 219, 190, 158, 143, 144, 145, 110, 108, 85, 52, 26, 0
375, 349, 335, 322, 296, 268, 256, 235, 234, 219, 190, 158, 143, 144, 145, 110, 108, 85, 52, 26, 1
375, 349, 335, 322, 296, 268, 256, 235, 234, 219, 190, 158, 143, 144, 145, 110, 108, 85, 52, 26, 2
375, 349, 335, 322, 296, 268, 256, 235, 234, 219, 190, 158, 143, 144, 145, 110, 108, 85, 52, 26, 2, 3
375, 349, 335, 322, 296, 268, 256, 235, 234, 219, 190, 158, 143, 144, 145, 110, 108, 85, 52, 26, 2, 3, 4
375, 349, 335, 322, 296, 268, 256, 235, 234, 219, 190, 158, 143, 144, 145, 110, 108, 85, 52, 26, 2, 3, 4, 5
375, 349, 335, 322, 296, 268, 256, 235, 234, 219, 190, 158, 143, 144, 145, 110, 108, 85, 52, 26, 2, 3, 4, 5, 6
375, 371, 336, 320, 319, 318, 317, 301, 284, 262, 241, 204, 196, 166, 134, 121, 96, 74, 65, 66, 41, 42, 43, 9, 8, 7
375, 371, 336, 320, 319, 318, 317, 301, 284, 262, 241, 204, 196, 166, 134, 121, 96, 74, 65, 66, 41, 42, 43, 9, 8
375, 371, 336, 320, 319, 318, 317, 301, 284, 262, 241, 204, 196, 166, 134, 121, 96, 74, 65, 66, 41, 42, 43, 9
