510, 511, 495, 465, 448, 425, 400, 374, 351, 332, 331, 324, 293, 271, 253, 232, 217, 187, 186, 177, 145, 110, 108, 85, 52, 26, 0
510, 511, 495, 465, 448, 425, 400, 374, 351, 332, 331, 324, 293, 271, 253, 232, 217, 187, 186, 177, 145, 110, 108, 85, 52, 26, 1
510, 511, 495, 465, 448, 425, 400, 374, 351, 332, 331, 324, 293, 271, 253, 232, 217, 187, 186, 177, 145, 110, 108, 85, 52, 26, 2
510, 511, 495, 465, 448, 425, 400, 374, 351, 332, 331, 324, 293, 271, 253, 232, 217, 187, 186, 177, 145, 110, 108, 85, 52, 26, 2, 3
510, 511, 495, 465, 448, 425, 400, 374, 351, 332, 331, 324, 293, 271, 253, 232, 217, 187, 186, 177, 145, 110, 108, 85, 52, 26, 2, 3, 4
510, 511, 495, 465, 448, 425, 400, 374, 351, 332, 331, 324, 293, 271, 253, 232, 217, 187, 186, 177, 145, 110, 108, 85, 52, 26, 2, 3, 4, 5
510, 511, 495, 465, 448, 425, 400, 374, 351, 332, 331, 324, 293, 271, 253, 232, 217, 187, 186, 177, 145, 110, 108, 85, 52, 26, 2, 3, 4, 5, 6
510, 494, 466, 446, 422, 402, 376, 370, 337, 319, 318, 317, 301, 284, 262, 241, 204, 196, 166, 134, 121, 96, 74, 65, 66, 41, 42, 43, 9, 8, 7
510, 494, 466, 446, 422, 402, 376, 370, 337, 319, 318, 317, 301, 284, 262, 241, 204, 196, 166, 134, 121, 96, 74, 65, 66, 41, 42, 43, 9, 8
510, 494, 466, 446, 422, 402, 376, 370, 337, 319, 318, 317, 301, 284, 262, 241, 204, 196, 166, 134, 121, 96, 74, 65, 66, 41, 42, 43, 9
