183, 184, 185, 164, 138, 139, 140, 116, 107, 106, 67, 47, 23, 0
183, 184, 185, 164, 138, 139, 140, 116, 107, 106, 67, 47, 23, 0, 1
183, 184, 185, 164, 138, 139, 140, 116, 107, 106, 67, 47, 48, 24, 2
183, 184, 185, 164, 138, 139, 140, 116, 107, 106, 67, 47, 48, 24, 2, 3
183, 182, 181, 169, 132, 125, 126, 96, 79, 55, 31, 30, 29, 28, 6, 5, 4
183, 182, 181, 169, 132, 125, 126, 96, 79, 55, 31, 30, 29, 28, 6, 5
183, 182, 181, 169, 132, 125, 126, 96, 79, 55, 31, 30, 29, 28, 6
183, 182, 181, 169, 132, 125, 126, 96, 79, 55, 31, 30, 7
183, 182, 181, 169, 132, 125, 95, 80, 56, 32, 9, 8
183, 182, 181, 169, 132, 125, 95, 80, 56, 32, 9
183, 182, 168, 134, 124, 93, 82, 57, 33, 10
183, 182, 168, 134, 124, 93, 82, 57, 33, 10, 11
183, 182, 168, 134, 124, 93, 82, 57, 33, 34, 12
183, 167, 135, 123, 91, 84, 59, 36, 13
183, 167, 135, 123, 91, 85, 60, 37, 14
183, 167, 135, 123, 91, 85, 60, 37, 38, 15
183, 167, 135, 123, 91, 85, 60, 37, 38, 15, 16
183, 167, 135, 123, 91, 85, 61, 62, 42, 40, 17
183, 167, 135, 123, 91, 85, 61, 62, 42, 40, 17, 18
183, 184, 185, 164, 138, 139, 140, 116, 107, 66, 46, 22, 19
183, 184, 185, 164, 138, 139, 140, 116, 107, 106, 67, 47, 23, 20
183, 167, 135, 123, 91, 85, 61, 62, 42, 40, 41, 21
183, 184, 185, 164, 138, 139, 140, 116, 107, 66, 46, 22
183, 184, 185, 164, 138, 139, 140, 116, 107, 106, 67, 47, 23
183, 184, 185, 164, 138, 139, 140, 116, 107, 106, 67, 47, 48, 24
183, 182, 181, 169, 132, 125, 126, 96, 79, 55, 31, 30, 29, 28, 27, 26, 25
183, 182, 181, 169, 132, 125, 126, 96, 79, 55, 31, 30, 29, 28, 27, 26
183, 182, 181, 169, 132, 125, 126, 96, 79, 55, 31, 30, 29, 28, 27
183, 182, 181, 169, 132, 125, 126, 96, 79, 55, 31, 30, 29, 28
183, 182, 181, 169, 132, 125, 126, 96, 79, 55, 31, 30, 29
183, 182, 181, 169, 132, 125, 126, 96, 79, 55, 31, 30
183, 182, 181, 169, 132, 125, 126, 96, 79, 55, 31
183, 182, 181, 169, 132, 125, 95, 80, 56, 32
183, 182, 168, 134, 124, 93, 82, 57, 33
183, 182, 168, 134, 124, 93, 82, 57, 33, 34
183, 182, 168, 134, 124, 92, 83, 58, 35
183, 167, 135, 123, 91, 84, 59, 36
183, 167, 135, 123, 91, 85, 60, 37
183, 167, 135, 123, 91, 85, 60, 37, 38
183, 167, 135, 123, 91, 85, 60, 37, 38, 39
183, 167, 135, 123, 91, 85, 61, 62, 42, 40
183, 167, 135, 123, 91, 85, 61, 62, 42, 40, 41
183, 167, 135, 123, 91, 85, 61, 62, 42
183, 167, 135, 123, 91, 85, 61, 62, 42, 43
183, 184, 185, 164, 138, 139, 140, 116, 107, 66, 44
183, 184, 185, 164, 138, 139, 140, 116, 107, 66, 45
183, 184, 185, 164, 138, 139, 140, 116, 107, 66, 46
183, 184, 185, 164, 138, 139, 140, 116, 107, 106, 67, 47
183, 184, 185, 164, 138, 139, 140, 116, 107, 106, 67, 47, 48
183, 182, 181, 180, 179, 178, 171, 153, 127, 128, 98, 77, 76, 52, 51, 50, 49
183, 182, 181, 180, 179, 178, 171, 153, 127, 128, 98, 77, 76, 52, 51, 50
183, 182, 181, 180, 179, 178, 171, 153, 127, 128, 98, 77, 76, 52, 51
183, 182, 181, 180, 179, 178, 171, 153, 127, 128, 98, 77, 76, 52
183, 182, 181, 169, 132, 125, 126, 96, 79, 55, 54, 53
183, 182, 181, 169, 132, 125, 126, 96, 79, 55, 54
183, 182, 181, 169, 132, 125, 126, 96, 79, 55
183, 182, 181, 169, 132, 125, 95, 80, 56
183, 182, 168, 134, 124, 93, 82, 57
183, 182, 168, 134, 124, 92, 83, 58
183, 167, 135, 123, 91, 84, 59
183, 167, 135, 123, 91, 85, 60
183, 167, 135, 123, 91, 85, 61
183, 167, 135, 123, 91, 85, 61, 62
183, 167, 135, 123, 91, 85, 86, 87, 63
183, 167, 135, 123, 91, 85, 61, 62, 42, 64
183, 167, 166, 136, 122, 121, 120, 119, 118, 109, 108, 65
183, 184, 185, 164, 138, 139, 140, 116, 107, 66
183, 184, 185, 164, 138, 139, 140, 116, 107, 106, 67
183, 184, 185, 164, 138, 139, 140, 116, 107, 106, 67, 68
183, 184, 185, 186, 187, 162, 161, 160, 143, 113, 104, 69
183, 184, 185, 186, 187, 162, 161, 160, 143, 113, 104, 70
183, 184, 185, 186, 187, 162, 161, 160, 143, 113, 104, 70, 71
183, 182, 181, 180, 179, 178, 171, 153, 127, 128, 98, 77, 76, 75, 74, 73, 72
183, 182, 181, 180, 179, 178, 171, 153, 127, 128, 98, 77, 76, 75, 74, 73
183, 182, 181, 180, 179, 178, 171, 153, 127, 128, 98, 77, 76, 75, 74
183, 182, 181, 180, 179, 178, 171, 153, 127, 128, 98, 77, 76, 75
183, 182, 181, 180, 179, 178, 171, 153, 127, 128, 98, 77, 76
183, 182, 181, 180, 179, 178, 171, 153, 127, 128, 98, 77
183, 182, 181, 169, 132, 125, 126, 96, 79, 78
183, 182, 181, 169, 132, 125, 126, 96, 79
183, 182, 181, 169, 132, 125, 95, 80
183, 182, 168, 134, 124, 93, 82, 81
183, 182, 168, 134, 124, 93, 82
183, 182, 168, 134, 124, 92, 83
183, 167, 135, 123, 91, 84
183, 167, 135, 123, 91, 85
183, 167, 135, 123, 91, 85, 86
183, 167, 135, 123, 91, 85, 86, 87
183, 167, 166, 136, 122, 89, 88
183, 167, 166, 136, 122, 89
183, 167, 135, 123, 91, 90
183, 167, 135, 123, 91
183, 182, 168, 134, 124, 92
183, 182, 168, 134, 124, 93
183, 182, 181, 169, 132, 125, 94
183, 182, 181, 169, 132, 125, 95
183, 182, 181, 169, 132, 125, 126, 96
183, 182, 181, 169, 132, 125, 126, 97
183, 182, 181, 180, 179, 178, 171, 153, 127, 128, 98
183, 182, 181, 180, 179, 178, 171, 153, 127, 128, 98, 99
