1529, 1530, 1531, 1508, 1509, 1510, 1511, 1553, 0
1529, 1530, 1531, 1508, 1509, 1510, 1511, 1553, 1
1529, 1530, 1531, 1508, 1509, 1510, 1551, 3, 2
1529, 1530, 1531, 1508, 1509, 1510, 1551, 3
1529, 1530, 1531, 1548, 1549, 1550, 4
1529, 1546, 1547, 6, 5
1529, 1546, 1547, 6
1529, 1546, 7
1529, 1546, 7, 8
1529, 1528, 1527, 1526, 1544, 9
1529, 1528, 1527, 1526, 1525, 1543, 10
1529, 1528, 1527, 1526, 1525, 1543, 10, 11
1529, 1528, 1527, 1526, 1525, 1543, 10, 11, 12
1529, 1528, 1527, 1526, 1525, 1543, 10, 11, 12, 13
1529, 1528, 1527, 1526, 1525, 1543, 10, 11, 12, 13, 14
1529, 1528, 1527, 1526, 1525, 1543, 10, 11, 12, 13, 14, 15
1529, 1528, 1527, 1526, 1525, 1543, 10, 11, 12, 13, 14, 15, 16
1529, 1530, 1531, 1508, 1509, 1510, 1511, 1512, 1532, 1533, 19, 18, 17
1529, 1530, 1531, 1508, 1509, 1510, 1511, 1512, 1532, 1533, 19, 18
1529, 1530, 1531, 1508, 1509, 1510, 1511, 1512, 1532, 1533, 19
1529, 1530, 1531, 1508, 1509, 1510, 1511, 1553, 0, 20
1529, 1530, 1531, 1508, 1509, 1510, 1511, 1512, 1532, 1533, 19, 22, 21
1529, 1530, 1531, 1508, 1509, 1510, 1511, 1512, 1532, 1533, 19, 22
1529, 1530, 1531, 1508, 1509, 1510, 1511, 1553, 0, 23
1529, 1530, 1531, 1508, 1509, 1510, 1551, 3, 2, 24
1529, 1530, 1531, 1548, 1549, 1550, 4, 25
1529, 1530, 1531, 1548, 1549, 1550, 4, 26
1529, 1546, 1547, 6, 5, 27
1529, 1546, 7, 29, 28
1529, 1546, 7, 29
1529, 1546, 7, 30
1529, 1546, 7, 30, 31
1529, 1528, 1527, 1526, 1544, 9, 32
1529, 1528, 1527, 1526, 1525, 1543, 10, 33
1529, 1528, 1527, 1526, 1525, 1543, 10, 33, 34
1529, 1528, 1527, 1526, 1525, 1543, 10, 33, 34, 35
1529, 1528, 1527, 1526, 1525, 1543, 10, 33, 34, 35, 36
1529, 1528, 1527, 1526, 1525, 1543, 10, 33, 34, 35, 36, 37
1529, 1528, 1527, 1526, 1525, 1543, 10, 33, 34, 35, 36, 37, 38
1529, 1528, 1527, 1526, 1525, 1543, 10, 33, 34, 35, 36, 37, 38, 39
1529, 1530, 1531, 1508, 1509, 1510, 1511, 1512, 1532, 1533, 19, 22, 21, 41, 40
1529, 1530, 1531, 1508, 1509, 1510, 1511, 1512, 1532, 1533, 19, 22, 21, 41
1529, 1530, 1531, 1508, 1509, 1510, 1511, 1512, 1532, 1533, 19, 22, 21, 41, 40, 42
1529, 1530, 1531, 1508, 1509, 1510, 1551, 3, 2, 24, 48, 47, 46, 45, 44, 43
1529, 1530, 1531, 1508, 1509, 1510, 1551, 3, 2, 24, 48, 47, 46, 45, 44
1529, 1530, 1531, 1508, 1509, 1510, 1551, 3, 2, 24, 48, 47, 46, 45
1529, 1530, 1531, 1508, 1509, 1510, 1551, 3, 2, 24, 48, 47, 46
1529, 1530, 1531, 1508, 1509, 1510, 1551, 3, 2, 24, 48, 47
1529, 1530, 1531, 1508, 1509, 1510, 1551, 3, 2, 24, 48
1529, 1530, 1531, 1548, 1549, 1550, 4, 26, 49
1529, 1530, 1531, 1548, 1549, 1550, 4, 26, 50
1529, 1546, 1547, 6, 5, 27, 51
1529, 1546, 1547, 6, 5, 27, 52
1529, 1546, 7, 29, 28, 53
1529, 1546, 7, 30, 54
1529, 1546, 7, 30, 31, 55
1529, 1528, 1527, 1526, 1544, 9, 32, 56
1529, 1528, 1527, 1526, 1525, 1543, 10, 33, 57
1529, 1528, 1527, 1526, 1525, 1543, 10, 33, 57, 58
1529, 1528, 1527, 1526, 1525, 1543, 10, 33, 57, 58, 59
1529, 1528, 1527, 1526, 1525, 1543, 10, 33, 57, 58, 59, 60
1529, 1528, 1527, 1526, 1525, 1543, 10, 33, 57, 58, 59, 60, 61
1529, 1528, 1527, 1526, 1525, 1543, 10, 33, 57, 58, 59, 60, 61, 62
1529, 1530, 1531, 1508, 1509, 1510, 1551, 3, 2, 24, 48, 47, 67, 106, 107, 108, 109, 63
1529, 1530, 1531, 1508, 1509, 1510, 1511, 1512, 1532, 1533, 19, 22, 21, 41, 40, 42, 64
1529, 1530, 1531, 1508, 1509, 1510, 1551, 3, 2, 24, 48, 47, 46, 66, 65
1529, 1530, 1531, 1508, 1509, 1510, 1551, 3, 2, 24, 48, 47, 46, 66
1529, 1530, 1531, 1508, 1509, 1510, 1551, 3, 2, 24, 48, 47, 67
1529, 1530, 1531, 1508, 1509, 1510, 1551, 3, 2, 24, 48, 47, 68
1529, 1530, 1531, 1508, 1509, 1510, 1551, 3, 2, 24, 48, 70, 69
1529, 1530, 1531, 1508, 1509, 1510, 1551, 3, 2, 24, 48, 70
1529, 1530, 1531, 1548, 1549, 1550, 4, 26, 49, 71
1529, 1530, 1531, 1548, 1549, 1550, 4, 26, 49, 72
1529, 1530, 1531, 1548, 1549, 1550, 4, 26, 50, 73
1529, 1546, 1547, 6, 5, 27, 52, 75, 74
1529, 1546, 1547, 6, 5, 27, 52, 75
1529, 1546, 7, 29, 28, 53, 77, 76
1529, 1546, 7, 29, 28, 53, 77
1529, 1546, 7, 30, 54, 78
1529, 1546, 7, 30, 31, 55, 79
1529, 1528, 1527, 1526, 1544, 9, 32, 56, 80
1529, 1528, 1527, 1526, 1544, 9, 32, 56, 80, 81
1529, 1528, 1527, 1526, 1544, 9, 32, 56, 80, 81, 82
1529, 1528, 1527, 1526, 1544, 9, 32, 56, 80, 81, 82, 83
1529, 1528, 1527, 1526, 1544, 9, 32, 56, 80, 81, 82, 83, 84
1529, 1528, 1527, 1526, 1544, 9, 32, 56, 80, 81, 82, 83, 84, 85
1529, 1528, 1527, 1526, 1544, 9, 32, 56, 80, 81, 82, 83, 84, 85, 86
1529, 1528, 1527, 1526, 1544, 9, 32, 56, 80, 81, 82, 83, 84, 85, 86, 87
1529, 1528, 1527, 1526, 1544, 9, 32, 56, 80, 81, 82, 93, 92, 91, 90, 89, 88
1529, 1528, 1527, 1526, 1544, 9, 32, 56, 80, 81, 82, 93, 92, 91, 90, 89
1529, 1528, 1527, 1526, 1544, 9, 32, 56, 80, 81, 82, 93, 92, 91, 90
1529, 1528, 1527, 1526, 1544, 9, 32, 56, 80, 81, 82, 93, 92, 91
1529, 1528, 1527, 1526, 1544, 9, 32, 56, 80, 81, 82, 93, 92
1529, 1528, 1527, 1526, 1544, 9, 32, 56, 80, 81, 82, 93
1529, 1546, 7, 30, 31, 55, 79, 96, 95, 94
1529, 1546, 7, 30, 31, 55, 79, 96, 95
1529, 1546, 7, 30, 31, 55, 79, 96
1529, 1546, 7, 30, 54, 78, 97
1529, 1546, 7, 29, 28, 53, 77, 98
1529, 1546, 7, 29, 28, 53, 77, 76, 99
