220, 209, 192, 159, 143, 113, 104, 69, 47, 23, 0
220, 209, 192, 159, 143, 113, 104, 70, 48, 24, 1
220, 209, 192, 159, 143, 113, 104, 70, 48, 24, 2
220, 209, 192, 159, 143, 113, 104, 70, 48, 24, 2, 3
220, 209, 192, 159, 143, 113, 104, 70, 48, 24, 2, 3, 4
220, 209, 192, 159, 158, 144, 111, 103, 72, 49, 50, 51, 27, 5
220, 209, 192, 159, 158, 144, 111, 103, 72, 49, 50, 51, 27, 5, 6
220, 209, 192, 193, 194, 157, 156, 155, 154, 149, 131, 99, 76, 77, 53, 28, 29, 7
220, 209, 192, 193, 194, 157, 156, 155, 154, 149, 131, 99, 76, 77, 53, 28, 29, 30, 31, 8
220, 209, 192, 193, 194, 157, 156, 155, 154, 149, 131, 99, 76, 77, 53, 28, 29, 30, 31, 8, 9
220, 219, 218, 217, 237, 212, 213, 214, 175, 176, 173, 172, 153, 126, 96, 95, 80, 81, 57, 33, 10
220, 221, 222, 207, 189, 161, 140, 139, 118, 119, 120, 121, 89, 90, 91, 84, 83, 58, 34, 11
220, 221, 222, 207, 189, 161, 140, 139, 118, 119, 120, 121, 89, 90, 91, 84, 83, 58, 35, 12
220, 209, 192, 159, 143, 114, 106, 107, 66, 45, 21, 18, 17, 16, 15, 14, 13
220, 209, 192, 159, 143, 114, 106, 107, 66, 45, 21, 18, 17, 16, 15, 14
220, 209, 192, 159, 143, 114, 106, 107, 66, 45, 21, 18, 17, 16, 15
220, 209, 192, 159, 143, 114, 106, 107, 66, 45, 21, 18, 17, 16
220, 209, 192, 159, 143, 114, 106, 107, 66, 45, 21, 18, 17
220, 209, 192, 159, 143, 114, 106, 107, 66, 45, 21, 18
220, 209, 192, 159, 143, 114, 106, 107, 66, 46, 22, 19
220, 209, 192, 159, 143, 113, 104, 69, 47, 23, 20
220, 209, 192, 159, 143, 114, 106, 107, 66, 45, 21
220, 209, 192, 159, 143, 114, 106, 107, 66, 46, 22
220, 209, 192, 159, 143, 113, 104, 69, 47, 23
220, 209, 192, 159, 143, 113, 104, 70, 48, 24
220, 209, 192, 159, 143, 113, 104, 70, 48, 24, 25
220, 209, 192, 159, 158, 144, 111, 103, 72, 49, 26
220, 209, 192, 159, 158, 144, 111, 103, 72, 49, 50, 51, 27
220, 209, 192, 193, 194, 157, 156, 155, 154, 149, 131, 99, 76, 77, 53, 28
220, 209, 192, 193, 194, 157, 156, 155, 154, 149, 131, 99, 76, 77, 53, 28, 29
220, 209, 192, 193, 194, 157, 156, 155, 154, 149, 131, 99, 76, 77, 53, 28, 29, 30
220, 209, 192, 193, 194, 157, 156, 155, 154, 149, 131, 99, 76, 77, 53, 28, 29, 30, 31
220, 219, 218, 217, 237, 212, 213, 214, 175, 176, 173, 172, 153, 126, 96, 95, 80, 56, 32
220, 219, 218, 217, 237, 212, 213, 214, 175, 176, 173, 172, 153, 126, 96, 95, 80, 81, 57, 33
220, 221, 222, 207, 189, 161, 140, 139, 118, 119, 120, 121, 89, 90, 91, 84, 83, 58, 34
220, 221, 222, 207, 189, 161, 140, 139, 118, 119, 120, 121, 89, 90, 91, 84, 83, 58, 35
220, 221, 222, 207, 189, 161, 140, 139, 118, 119, 88, 87, 86, 85, 60, 59, 36
220, 221, 222, 207, 189, 161, 140, 139, 118, 119, 88, 87, 62, 38, 37
220, 221, 222, 207, 189, 161, 140, 139, 118, 119, 88, 87, 62, 38
220, 209, 192, 159, 143, 114, 106, 107, 66, 45, 21, 41, 40, 39
220, 209, 192, 159, 143, 114, 106, 107, 66, 45, 21, 41, 40
220, 209, 192, 159, 143, 114, 106, 107, 66, 45, 21, 41
220, 209, 192, 159, 160, 142, 115, 116, 108, 65, 43, 42
220, 209, 192, 159, 160, 142, 115, 116, 108, 65, 43
220, 209, 192, 159, 143, 114, 106, 107, 66, 44
220, 209, 192, 159, 143, 114, 106, 107, 66, 45
220, 209, 192, 159, 143, 114, 106, 107, 66, 46
220, 209, 192, 159, 143, 113, 104, 69, 47
220, 209, 192, 159, 143, 113, 104, 70, 48
220, 209, 192, 159, 158, 144, 111, 103, 72, 49
220, 209, 192, 159, 158, 144, 111, 103, 72, 49, 50
220, 209, 192, 159, 158, 144, 111, 103, 72, 49, 50, 51
220, 209, 192, 159, 158, 144, 111, 103, 102, 74, 75, 52
220, 209, 192, 193, 194, 157, 156, 155, 154, 149, 131, 99, 76, 77, 53
220, 209, 192, 193, 194, 157, 156, 155, 154, 149, 131, 99, 76, 77, 53, 54
220, 209, 192, 193, 194, 157, 156, 155, 154, 149, 131, 99, 76, 77, 78, 55
220, 219, 218, 217, 237, 212, 213, 214, 175, 176, 173, 172, 153, 126, 96, 95, 80, 56
220, 219, 218, 217, 237, 212, 213, 214, 175, 176, 173, 172, 153, 126, 96, 95, 80, 81, 57
220, 221, 222, 207, 189, 161, 140, 139, 118, 119, 120, 121, 89, 90, 91, 84, 83, 58
220, 221, 222, 207, 189, 161, 140, 139, 118, 119, 88, 87, 86, 85, 60, 59
220, 221, 222, 207, 189, 161, 140, 139, 118, 119, 88, 87, 86, 85, 60
220, 221, 222, 207, 189, 161, 140, 139, 118, 119, 88, 87, 62, 61
220, 221, 222, 207, 189, 161, 140, 139, 118, 119, 88, 87, 62
220, 209, 192, 159, 160, 142, 115, 116, 108, 109, 63
220, 209, 192, 159, 160, 142, 115, 116, 108, 65, 64
220, 209, 192, 159, 160, 142, 115, 116, 108, 65
220, 209, 192, 159, 143, 114, 106, 107, 66
220, 209, 192, 159, 143, 114, 105, 67
220, 209, 192, 159, 143, 114, 105, 68
220, 209, 192, 159, 143, 113, 104, 69
220, 209, 192, 159, 143, 113, 104, 70
220, 209, 192, 159, 143, 113, 104, 70, 71
220, 209, 192, 159, 158, 144, 111, 103, 72
220, 209, 192, 159, 158, 144, 111, 103, 102, 73
220, 209, 192, 159, 158, 144, 111, 103, 102, 74
220, 209, 192, 159, 158, 144, 111, 103, 102, 74, 75
220, 209, 192, 193, 194, 157, 156, 155, 154, 149, 131, 99, 76
220, 209, 192, 193, 194, 157, 156, 155, 154, 149, 131, 99, 76, 77
220, 209, 192, 193, 194, 157, 156, 155, 154, 149, 131, 99, 76, 77, 78
220, 219, 218, 217, 237, 212, 213, 214, 175, 176, 173, 172, 152, 127, 97, 79
220, 219, 218, 217, 237, 212, 213, 214, 175, 176, 173, 172, 153, 126, 96, 95, 80
220, 219, 218, 217, 237, 212, 213, 214, 175, 176, 173, 172, 153, 126, 96, 95, 80, 81
220, 219, 218, 217, 237, 212, 213, 214, 175, 176, 173, 172, 153, 126, 96, 95, 80, 81, 82
220, 221, 222, 207, 189, 161, 140, 139, 118, 119, 120, 121, 89, 90, 91, 84, 83
220, 221, 222, 207, 189, 161, 140, 139, 118, 119, 120, 121, 89, 90, 91, 84
220, 221, 222, 207, 189, 161, 140, 139, 118, 119, 88, 87, 86, 85
220, 221, 222, 207, 189, 161, 140, 139, 118, 119, 88, 87, 86
220, 221, 222, 207, 189, 161, 140, 139, 118, 119, 88, 87
220, 221, 222, 207, 189, 161, 140, 139, 118, 119, 88
220, 221, 222, 207, 189, 161, 140, 139, 118, 119, 120, 121, 89
220, 221, 222, 207, 189, 161, 140, 139, 118, 119, 120, 121, 89, 90
220, 221, 222, 207, 189, 161, 140, 139, 118, 119, 120, 121, 89, 90, 91
220, 221, 222, 207, 189, 161, 140, 139, 118, 119, 120, 121, 89, 90, 91, 92
220, 221, 222, 207, 189, 161, 140, 139, 118, 119, 120, 121, 89, 90, 91, 92, 93
220, 219, 218, 217, 237, 212, 213, 214, 175, 176, 173, 172, 153, 126, 125, 94
220, 219, 218, 217, 237, 212, 213, 214, 175, 176, 173, 172, 153, 126, 96, 95
220, 219, 218, 217, 237, 212, 213, 214, 175, 176, 173, 172, 153, 126, 96
220, 219, 218, 217, 237, 212, 213, 214, 175, 176, 173, 172, 152, 127, 97
220, 209, 192, 193, 194, 157, 156, 155, 154, 149, 150, 130, 98
220, 209, 192, 193, 194, 157, 156, 155, 154, 149, 131, 99
