380, 381, 370, 341, 319, 296, 273, 244, 236, 213, 212, 195, 156, 148, 110, 102, 103, 71, 70, 48, 24, 1, 0
380, 381, 370, 341, 319, 296, 273, 244, 236, 213, 212, 195, 156, 148, 110, 102, 103, 71, 70, 48, 24, 1
380, 381, 370, 341, 319, 296, 273, 244, 236, 213, 212, 195, 156, 148, 110, 102, 73, 49, 25, 3, 2
380, 381, 370, 341, 319, 296, 273, 244, 236, 213, 212, 195, 156, 148, 110, 102, 73, 49, 25, 3
380, 349, 340, 320, 297, 272, 247, 233, 216, 177, 173, 151, 129, 98, 77, 76, 52, 27, 26, 4
380, 349, 340, 320, 297, 272, 247, 233, 216, 177, 173, 151, 129, 98, 77, 53, 28, 6, 5
380, 349, 340, 320, 297, 272, 247, 233, 216, 177, 173, 151, 129, 98, 77, 53, 28, 6
380, 349, 340, 320, 297, 272, 247, 233, 216, 177, 173, 151, 129, 98, 77, 53, 28, 29, 7
380, 349, 340, 320, 297, 272, 247, 233, 216, 177, 173, 172, 152, 127, 97, 79, 55, 31, 8
380, 350, 351, 339, 322, 301, 269, 250, 231, 198, 180, 170, 133, 125, 95, 80, 56, 32, 9
380, 350, 351, 339, 322, 301, 269, 250, 231, 198, 180, 170, 133, 125, 94, 81, 57, 33, 10
380, 350, 351, 339, 322, 301, 269, 250, 231, 198, 180, 170, 133, 125, 94, 81, 57, 33, 10, 11
380, 350, 351, 339, 322, 301, 269, 250, 231, 198, 180, 170, 133, 125, 94, 81, 57, 33, 34, 12
380, 350, 351, 339, 322, 301, 269, 250, 231, 198, 180, 170, 133, 125, 94, 81, 57, 33, 34, 35, 36, 13
380, 350, 351, 339, 322, 301, 269, 268, 267, 252, 228, 200, 183, 167, 135, 123, 91, 85, 60, 37, 14
380, 350, 351, 339, 322, 301, 269, 268, 267, 252, 228, 200, 183, 167, 135, 123, 91, 85, 60, 37, 38, 15
380, 350, 351, 339, 322, 301, 269, 268, 267, 252, 228, 200, 183, 167, 135, 123, 91, 85, 60, 37, 38, 15, 16
380, 350, 351, 339, 322, 301, 269, 268, 267, 252, 228, 200, 183, 167, 135, 123, 91, 85, 61, 62, 42, 40, 17
380, 381, 370, 341, 319, 296, 273, 244, 236, 213, 212, 211, 210, 193, 192, 159, 143, 114, 106, 107, 66, 45, 21, 18
380, 381, 370, 341, 319, 296, 273, 244, 236, 213, 212, 195, 156, 148, 110, 102, 103, 71, 70, 69, 47, 23, 20, 19
380, 381, 370, 341, 319, 296, 273, 244, 236, 213, 212, 195, 156, 148, 110, 102, 103, 71, 70, 69, 47, 23, 20
380, 381, 370, 341, 319, 296, 273, 244, 236, 213, 212, 211, 210, 193, 192, 159, 143, 114, 106, 107, 66, 45, 21
380, 381, 370, 341, 319, 296, 273, 244, 236, 213, 212, 195, 156, 148, 110, 102, 103, 71, 70, 69, 47, 46, 22
380, 381, 370, 341, 319, 296, 273, 244, 236, 213, 212, 195, 156, 148, 110, 102, 103, 71, 70, 69, 47, 23
380, 381, 370, 341, 319, 296, 273, 244, 236, 213, 212, 195, 156, 148, 110, 102, 103, 71, 70, 48, 24
380, 381, 370, 341, 319, 296, 273, 244, 236, 213, 212, 195, 156, 148, 110, 102, 73, 49, 25
380, 349, 340, 320, 297, 272, 247, 233, 216, 177, 173, 151, 129, 98, 77, 76, 52, 27, 26
380, 349, 340, 320, 297, 272, 247, 233, 216, 177, 173, 151, 129, 98, 77, 76, 52, 27
380, 349, 340, 320, 297, 272, 247, 233, 216, 177, 173, 151, 129, 98, 77, 53, 28
380, 349, 340, 320, 297, 272, 247, 233, 216, 177, 173, 151, 129, 98, 77, 53, 28, 29
380, 349, 340, 320, 297, 272, 247, 233, 216, 177, 173, 151, 129, 98, 77, 53, 28, 29, 30
380, 349, 340, 320, 297, 272, 247, 233, 216, 177, 173, 172, 152, 127, 97, 79, 55, 31
380, 350, 351, 339, 322, 301, 269, 250, 231, 198, 180, 170, 133, 125, 95, 80, 56, 32
380, 350, 351, 339, 322, 301, 269, 250, 231, 198, 180, 170, 133, 125, 94, 81, 57, 33
380, 350, 351, 339, 322, 301, 269, 250, 231, 198, 180, 170, 133, 125, 94, 81, 57, 33, 34
380, 350, 351, 339, 322, 301, 269, 250, 231, 198, 180, 170, 133, 125, 94, 81, 57, 33, 34, 35
380, 350, 351, 339, 322, 301, 269, 250, 231, 198, 180, 170, 133, 125, 94, 81, 57, 33, 34, 35, 36
380, 350, 351, 339, 322, 301, 269, 268, 267, 252, 228, 200, 183, 167, 135, 123, 91, 85, 60, 37
380, 350, 351, 339, 322, 301, 269, 268, 267, 252, 228, 200, 183, 167, 135, 123, 91, 85, 60, 37, 38
380, 350, 351, 339, 322, 301, 269, 268, 267, 252, 228, 200, 183, 167, 135, 123, 91, 85, 60, 37, 38, 39
380, 350, 351, 339, 322, 301, 269, 268, 267, 252, 228, 200, 183, 167, 135, 123, 91, 85, 61, 62, 42, 40
380, 350, 351, 339, 322, 301, 269, 268, 267, 252, 228, 200, 183, 167, 135, 123, 91, 85, 61, 62, 42, 40, 41
380, 350, 351, 339, 322, 301, 269, 268, 267, 252, 228, 200, 183, 167, 135, 123, 91, 85, 61, 62, 42
380, 350, 351, 339, 322, 301, 269, 268, 267, 252, 228, 200, 183, 167, 135, 123, 91, 85, 61, 62, 42, 43
380, 381, 370, 341, 319, 296, 273, 244, 236, 213, 212, 211, 210, 193, 192, 159, 143, 114, 106, 107, 66, 44
380, 381, 370, 341, 319, 296, 273, 244, 236, 213, 212, 211, 210, 193, 192, 159, 143, 114, 106, 107, 66, 45
380, 381, 370, 341, 319, 296, 273, 244, 236, 213, 212, 195, 156, 148, 110, 102, 103, 71, 70, 69, 47, 46
380, 381, 370, 341, 319, 296, 273, 244, 236, 213, 212, 195, 156, 148, 110, 102, 103, 71, 70, 69, 47
380, 381, 370, 341, 319, 296, 273, 244, 236, 213, 212, 195, 156, 148, 110, 102, 103, 71, 70, 48
380, 381, 370, 341, 319, 296, 273, 244, 236, 213, 212, 195, 156, 148, 110, 102, 73, 49
380, 381, 370, 341, 319, 296, 273, 244, 236, 213, 196, 154, 149, 131, 101, 75, 74, 50
380, 381, 370, 341, 319, 296, 273, 244, 236, 213, 196, 154, 149, 131, 101, 75, 51
380, 349, 340, 320, 297, 272, 247, 233, 216, 177, 173, 151, 129, 98, 77, 76, 52
380, 349, 340, 320, 297, 272, 247, 233, 216, 177, 173, 151, 129, 98, 77, 53
380, 349, 340, 320, 297, 272, 247, 233, 216, 177, 173, 151, 129, 98, 77, 53, 54
380, 349, 340, 320, 297, 272, 247, 233, 216, 177, 173, 172, 152, 127, 97, 79, 55
380, 350, 351, 339, 322, 301, 269, 250, 231, 198, 180, 170, 133, 125, 95, 80, 56
380, 350, 351, 339, 322, 301, 269, 250, 231, 198, 180, 170, 133, 125, 94, 81, 57
380, 350, 351, 339, 322, 301, 269, 250, 231, 198, 180, 170, 133, 125, 94, 81, 57, 58
380, 350, 351, 339, 322, 301, 269, 250, 231, 198, 180, 170, 133, 125, 94, 81, 57, 58, 59
380, 350, 351, 339, 322, 301, 269, 268, 267, 252, 228, 200, 183, 167, 135, 123, 91, 85, 60
380, 350, 351, 339, 322, 301, 269, 268, 267, 252, 228, 200, 183, 167, 135, 123, 91, 85, 61
380, 350, 351, 339, 322, 301, 269, 268, 267, 252, 228, 200, 183, 167, 135, 123, 91, 85, 61, 62
380, 350, 351, 339, 322, 301, 269, 268, 267, 266, 265, 264, 263, 255, 225, 205, 187, 162, 139, 117, 109, 63
380, 350, 351, 339, 322, 301, 269, 268, 267, 252, 228, 200, 183, 167, 135, 123, 91, 85, 61, 62, 42, 64
380, 350, 351, 339, 322, 301, 269, 268, 267, 266, 265, 264, 263, 255, 225, 205, 187, 162, 139, 117, 109, 108, 65
380, 381, 370, 341, 319, 296, 273, 244, 236, 213, 212, 211, 210, 193, 192, 159, 143, 114, 106, 107, 66
380, 381, 370, 341, 319, 296, 273, 244, 236, 213, 212, 195, 156, 148, 110, 102, 103, 71, 70, 69, 68, 67
380, 381, 370, 341, 319, 296, 273, 244, 236, 213, 212, 195, 156, 148, 110, 102, 103, 71, 70, 69, 68
380, 381, 370, 341, 319, 296, 273, 244, 236, 213, 212, 195, 156, 148, 110, 102, 103, 71, 70, 69
380, 381, 370, 341, 319, 296, 273, 244, 236, 213, 212, 195, 156, 148, 110, 102, 103, 71, 70
380, 381, 370, 341, 319, 296, 273, 244, 236, 213, 212, 195, 156, 148, 110, 102, 103, 71
380, 381, 370, 341, 319, 296, 273, 244, 236, 213, 212, 195, 156, 148, 110, 102, 72
380, 381, 370, 341, 319, 296, 273, 244, 236, 213, 212, 195, 156, 148, 110, 102, 73
380, 381, 370, 341, 319, 296, 273, 244, 236, 213, 196, 154, 149, 131, 101, 75, 74
380, 381, 370, 341, 319, 296, 273, 244, 236, 213, 196, 154, 149, 131, 101, 75
380, 349, 340, 320, 297, 272, 247, 233, 216, 177, 173, 151, 129, 98, 77, 76
380, 349, 340, 320, 297, 272, 247, 233, 216, 177, 173, 151, 129, 98, 77
380, 349, 340, 320, 297, 272, 247, 233, 216, 177, 173, 172, 152, 127, 97, 78
380, 349, 340, 320, 297, 272, 247, 233, 216, 177, 173, 172, 152, 127, 97, 79
380, 350, 351, 339, 322, 301, 269, 250, 231, 198, 180, 170, 133, 125, 95, 80
380, 350, 351, 339, 322, 301, 269, 250, 231, 198, 180, 170, 133, 125, 94, 81
380, 350, 351, 339, 322, 301, 269, 250, 231, 198, 180, 170, 133, 125, 94, 81, 82
380, 350, 351, 339, 322, 301, 269, 250, 231, 198, 180, 170, 133, 125, 94, 81, 82, 83
380, 350, 351, 339, 322, 301, 269, 250, 231, 198, 180, 170, 133, 125, 94, 81, 82, 83, 84
380, 350, 351, 339, 322, 301, 269, 268, 267, 252, 228, 200, 183, 167, 135, 123, 91, 85
380, 350, 351, 339, 322, 301, 269, 268, 267, 252, 228, 200, 183, 167, 135, 123, 91, 85, 86
380, 350, 351, 339, 322, 301, 269, 268, 267, 252, 228, 200, 183, 167, 135, 123, 91, 85, 86, 87
380, 350, 351, 339, 322, 301, 269, 268, 267, 252, 228, 200, 183, 167, 166, 136, 122, 89, 88
380, 350, 351, 339, 322, 301, 269, 268, 267, 252, 228, 200, 183, 167, 166, 136, 122, 89
380, 350, 351, 339, 322, 301, 269, 268, 267, 252, 228, 200, 183, 167, 135, 123, 91, 90
380, 350, 351, 339, 322, 301, 269, 268, 267, 252, 228, 200, 183, 167, 135, 123, 91
380, 350, 351, 339, 322, 301, 269, 250, 231, 198, 180, 170, 133, 125, 124, 92
380, 350, 351, 339, 322, 301, 269, 250, 231, 198, 180, 170, 133, 125, 124, 93
380, 350, 351, 339, 322, 301, 269, 250, 231, 198, 180, 170, 133, 125, 94
380, 350, 351, 339, 322, 301, 269, 250, 231, 198, 180, 170, 133, 125, 95
380, 349, 340, 320, 297, 272, 247, 233, 216, 177, 173, 172, 153, 126, 96
380, 349, 340, 320, 297, 272, 247, 233, 216, 177, 173, 172, 152, 127, 97
380, 349, 340, 320, 297, 272, 247, 233, 216, 177, 173, 151, 129, 98
380, 349, 340, 320, 297, 272, 247, 233, 216, 177, 173, 151, 129, 98, 99
