322, 321, 298, 271, 248, 233, 216, 177, 173, 151, 129, 98, 77, 76, 52, 51, 50, 49, 25, 24, 1, 0
322, 321, 298, 271, 248, 233, 216, 177, 173, 151, 129, 98, 77, 76, 52, 51, 50, 49, 25, 24, 1
322, 321, 298, 271, 248, 233, 216, 177, 173, 151, 129, 98, 77, 76, 52, 51, 50, 49, 25, 3, 2
322, 321, 298, 271, 248, 233, 216, 177, 173, 151, 129, 98, 77, 76, 52, 51, 50, 49, 25, 3
322, 321, 298, 271, 248, 233, 216, 177, 173, 151, 129, 98, 77, 76, 52, 27, 26, 4
322, 321, 298, 271, 248, 233, 216, 177, 173, 151, 129, 98, 77, 53, 28, 6, 5
322, 321, 298, 271, 248, 233, 216, 177, 173, 151, 129, 98, 77, 53, 28, 6
322, 299, 270, 249, 232, 197, 178, 171, 153, 127, 97, 78, 54, 30, 7
322, 299, 270, 249, 232, 197, 178, 171, 153, 126, 96, 79, 55, 31, 8
322, 301, 269, 250, 231, 198, 180, 170, 133, 125, 95, 80, 56, 32, 9
322, 301, 269, 250, 231, 198, 180, 170, 133, 125, 94, 81, 57, 33, 10
322, 301, 269, 250, 231, 198, 180, 170, 133, 125, 94, 81, 57, 33, 10, 11
322, 301, 269, 250, 231, 198, 180, 170, 133, 125, 94, 81, 57, 33, 34, 12
322, 301, 269, 250, 231, 198, 180, 170, 133, 125, 94, 81, 57, 33, 34, 35, 36, 13
322, 301, 269, 268, 267, 252, 228, 200, 183, 167, 135, 123, 91, 85, 60, 37, 14
322, 301, 269, 268, 267, 252, 228, 200, 183, 167, 135, 123, 91, 85, 60, 37, 38, 15
322, 301, 269, 268, 267, 252, 228, 200, 183, 167, 135, 123, 91, 85, 60, 37, 38, 15, 16
322, 301, 269, 268, 267, 252, 228, 200, 183, 167, 135, 123, 91, 85, 61, 62, 42, 40, 17
322, 301, 269, 268, 267, 252, 228, 200, 183, 167, 135, 123, 91, 85, 61, 62, 42, 40, 17, 18
322, 301, 269, 268, 267, 266, 265, 264, 263, 255, 225, 205, 187, 162, 161, 141, 116, 107, 66, 46, 22, 19
322, 321, 298, 271, 248, 233, 216, 177, 173, 151, 129, 98, 77, 76, 52, 51, 50, 49, 48, 47, 23, 20
322, 301, 269, 268, 267, 252, 228, 200, 183, 167, 135, 123, 91, 85, 61, 62, 42, 40, 41, 21
322, 301, 269, 268, 267, 266, 265, 264, 263, 255, 225, 205, 187, 162, 161, 141, 116, 107, 66, 46, 22
322, 321, 298, 271, 248, 233, 216, 177, 173, 151, 129, 98, 77, 76, 52, 51, 50, 49, 48, 47, 23
322, 321, 298, 271, 248, 233, 216, 177, 173, 151, 129, 98, 77, 76, 52, 51, 50, 49, 25, 24
322, 321, 298, 271, 248, 233, 216, 177, 173, 151, 129, 98, 77, 76, 52, 51, 50, 49, 25
322, 321, 298, 271, 248, 233, 216, 177, 173, 151, 129, 98, 77, 76, 52, 27, 26
322, 321, 298, 271, 248, 233, 216, 177, 173, 151, 129, 98, 77, 76, 52, 27
322, 321, 298, 271, 248, 233, 216, 177, 173, 151, 129, 98, 77, 53, 28
322, 299, 270, 249, 232, 197, 178, 171, 153, 127, 97, 78, 54, 29
322, 299, 270, 249, 232, 197, 178, 171, 153, 127, 97, 78, 54, 30
322, 299, 270, 249, 232, 197, 178, 171, 153, 126, 96, 79, 55, 31
322, 301, 269, 250, 231, 198, 180, 170, 133, 125, 95, 80, 56, 32
322, 301, 269, 250, 231, 198, 180, 170, 133, 125, 94, 81, 57, 33
322, 301, 269, 250, 231, 198, 180, 170, 133, 125, 94, 81, 57, 33, 34
322, 301, 269, 250, 231, 198, 180, 170, 133, 125, 94, 81, 57, 33, 34, 35
322, 301, 269, 250, 231, 198, 180, 170, 133, 125, 94, 81, 57, 33, 34, 35, 36
322, 301, 269, 268, 267, 252, 228, 200, 183, 167, 135, 123, 91, 85, 60, 37
322, 301, 269, 268, 267, 252, 228, 200, 183, 167, 135, 123, 91, 85, 60, 37, 38
322, 301, 269, 268, 267, 252, 228, 200, 183, 167, 135, 123, 91, 85, 60, 37, 38, 39
322, 301, 269, 268, 267, 252, 228, 200, 183, 167, 135, 123, 91, 85, 61, 62, 42, 40
322, 301, 269, 268, 267, 252, 228, 200, 183, 167, 135, 123, 91, 85, 61, 62, 42, 40, 41
322, 301, 269, 268, 267, 252, 228, 200, 183, 167, 135, 123, 91, 85, 61, 62, 42
322, 301, 269, 268, 267, 252, 228, 200, 183, 167, 135, 123, 91, 85, 61, 62, 42, 43
322, 301, 269, 268, 267, 266, 265, 264, 263, 255, 225, 205, 187, 162, 161, 141, 116, 107, 66, 44
322, 301, 269, 268, 267, 266, 265, 264, 263, 255, 225, 205, 187, 162, 161, 141, 116, 107, 66, 45
322, 301, 269, 268, 267, 266, 265, 264, 263, 255, 225, 205, 187, 162, 161, 141, 116, 107, 66, 46
322, 321, 298, 271, 248, 233, 216, 177, 173, 151, 129, 98, 77, 76, 52, 51, 50, 49, 48, 47
322, 321, 298, 271, 248, 233, 216, 177, 173, 151, 129, 98, 77, 76, 52, 51, 50, 49, 48
322, 321, 298, 271, 248, 233, 216, 177, 173, 151, 129, 98, 77, 76, 52, 51, 50, 49
322, 321, 298, 271, 248, 233, 216, 177, 173, 151, 129, 98, 77, 76, 52, 51, 50
322, 321, 298, 271, 248, 233, 216, 177, 173, 151, 129, 98, 77, 76, 52, 51
322, 321, 298, 271, 248, 233, 216, 177, 173, 151, 129, 98, 77, 76, 52
322, 321, 298, 271, 248, 233, 216, 177, 173, 151, 129, 98, 77, 53
322, 299, 270, 249, 232, 197, 178, 171, 153, 127, 97, 78, 54
322, 299, 270, 249, 232, 197, 178, 171, 153, 126, 96, 79, 55
322, 301, 269, 250, 231, 198, 180, 170, 133, 125, 95, 80, 56
322, 301, 269, 250, 231, 198, 180, 170, 133, 125, 94, 81, 57
322, 301, 269, 250, 231, 198, 180, 170, 133, 125, 94, 81, 57, 58
322, 301, 269, 250, 231, 198, 180, 170, 133, 125, 94, 81, 57, 58, 59
322, 301, 269, 268, 267, 252, 228, 200, 183, 167, 135, 123, 91, 85, 60
322, 301, 269, 268, 267, 252, 228, 200, 183, 167, 135, 123, 91, 85, 61
322, 301, 269, 268, 267, 252, 228, 200, 183, 167, 135, 123, 91, 85, 61, 62
322, 301, 269, 268, 267, 266, 265, 264, 263, 255, 225, 205, 187, 162, 139, 117, 109, 63
322, 301, 269, 268, 267, 252, 228, 200, 183, 167, 135, 123, 91, 85, 61, 62, 42, 64
322, 301, 269, 268, 267, 266, 265, 264, 263, 255, 225, 205, 187, 162, 139, 117, 109, 108, 65
322, 301, 269, 268, 267, 266, 265, 264, 263, 255, 225, 205, 187, 162, 161, 141, 116, 107, 66
322, 321, 298, 271, 248, 233, 216, 177, 173, 151, 129, 98, 77, 76, 75, 74, 73, 72, 71, 70, 69, 68, 67
322, 321, 298, 271, 248, 233, 216, 177, 173, 151, 129, 98, 77, 76, 75, 74, 73, 72, 71, 70, 69, 68
322, 321, 298, 271, 248, 233, 216, 177, 173, 151, 129, 98, 77, 76, 75, 74, 73, 72, 71, 70, 69
322, 321, 298, 271, 248, 233, 216, 177, 173, 151, 129, 98, 77, 76, 75, 74, 73, 72, 71, 70
322, 321, 298, 271, 248, 233, 216, 177, 173, 151, 129, 98, 77, 76, 75, 74, 73, 72, 71
322, 321, 298, 271, 248, 233, 216, 177, 173, 151, 129, 98, 77, 76, 75, 74, 73, 72
322, 321, 298, 271, 248, 233, 216, 177, 173, 151, 129, 98, 77, 76, 75, 74, 73
322, 321, 298, 271, 248, 233, 216, 177, 173, 151, 129, 98, 77, 76, 75, 74
322, 321, 298, 271, 248, 233, 216, 177, 173, 151, 129, 98, 77, 76, 75
322, 321, 298, 271, 248, 233, 216, 177, 173, 151, 129, 98, 77, 76
322, 321, 298, 271, 248, 233, 216, 177, 173, 151, 129, 98, 77
322, 299, 270, 249, 232, 197, 178, 171, 153, 127, 97, 78
322, 299, 270, 249, 232, 197, 178, 171, 153, 126, 96, 79
322, 301, 269, 250, 231, 198, 180, 170, 133, 125, 95, 80
322, 301, 269, 250, 231, 198, 180, 170, 133, 125, 94, 81
322, 301, 269, 250, 231, 198, 180, 170, 133, 125, 94, 81, 82
322, 301, 269, 250, 231, 198, 180, 170, 133, 125, 94, 81, 82, 83
322, 301, 269, 250, 231, 198, 180, 170, 133, 125, 94, 81, 82, 83, 84
322, 301, 269, 268, 267, 252, 228, 200, 183, 167, 135, 123, 91, 85
322, 301, 269, 268, 267, 252, 228, 200, 183, 167, 135, 123, 91, 85, 86
322, 301, 269, 268, 267, 252, 228, 200, 183, 167, 135, 123, 91, 85, 86, 87
322, 301, 269, 268, 267, 252, 228, 200, 183, 167, 166, 136, 122, 89, 88
322, 301, 269, 268, 267, 252, 228, 200, 183, 167, 166, 136, 122, 89
322, 301, 269, 268, 267, 252, 228, 200, 183, 167, 135, 123, 91, 90
322, 301, 269, 268, 267, 252, 228, 200, 183, 167, 135, 123, 91
322, 301, 269, 250, 231, 198, 180, 170, 133, 125, 124, 92
322, 301, 269, 250, 231, 198, 180, 170, 133, 125, 124, 93
322, 301, 269, 250, 231, 198, 180, 170, 133, 125, 94
322, 301, 269, 250, 231, 198, 180, 170, 133, 125, 95
322, 299, 270, 249, 232, 197, 178, 171, 153, 126, 96
322, 299, 270, 249, 232, 197, 178, 171, 153, 127, 97
322, 321, 298, 271, 248, 233, 216, 177, 173, 151, 129, 98
322, 321, 298, 271, 248, 233, 216, 177, 173, 151, 129, 98, 99
