907, 924, 956, 979, 1000, 1018, 1045, 1053, 1072, 1091, 1136, 1142, 1141, 1174, 1179, 1201, 1234, 1258, 1266, 1299, 1314, 1336, 1342, 1372, 1386, 1416, 1429, 1445, 1483, 1494, 1511, 1553, 0
907, 924, 956, 979, 1000, 1018, 1045, 1053, 1072, 1091, 1136, 1142, 1141, 1174, 1179, 1201, 1234, 1258, 1266, 1299, 1314, 1336, 1342, 1372, 1386, 1416, 1429, 1445, 1483, 1494, 1511, 1553, 1
907, 924, 956, 979, 1000, 1018, 1045, 1053, 1072, 1091, 1136, 1142, 1141, 1174, 1179, 1201, 1234, 1258, 1266, 1299, 1314, 1336, 1342, 1372, 1386, 1416, 1429, 1445, 1483, 1494, 1511, 1552, 2
907, 924, 956, 979, 1000, 1018, 1045, 1053, 1072, 1091, 1136, 1142, 1141, 1174, 1179, 1201, 1234, 1258, 1266, 1299, 1314, 1336, 1342, 1372, 1386, 1416, 1429, 1445, 1483, 1495, 1510, 1551, 3
907, 924, 956, 979, 1000, 1018, 1045, 1053, 1072, 1091, 1136, 1142, 1141, 1174, 1179, 1201, 1234, 1257, 1268, 1296, 1312, 1338, 1344, 1370, 1383, 1413, 1425, 1447, 1481, 1496, 1509, 1550, 4
907, 924, 956, 979, 1000, 1018, 1045, 1053, 1072, 1091, 1136, 1142, 1141, 1174, 1179, 1201, 1234, 1257, 1268, 1296, 1312, 1338, 1344, 1370, 1383, 1413, 1425, 1447, 1481, 1496, 1508, 1549, 5
907, 924, 956, 979, 1000, 1018, 1045, 1053, 1072, 1091, 1136, 1142, 1141, 1174, 1179, 1201, 1234, 1257, 1268, 1296, 1312, 1338, 1344, 1370, 1383, 1413, 1426, 1448, 1480, 1498, 1530, 1547, 6
907, 924, 956, 979, 1000, 1018, 1045, 1053, 1072, 1091, 1136, 1142, 1141, 1174, 1179, 1201, 1234, 1257, 1268, 1296, 1312, 1338, 1344, 1370, 1383, 1413, 1426, 1448, 1480, 1498, 1529, 1546, 7
907, 908, 923, 955, 980, 999, 1017, 1043, 1054, 1073, 1092, 1134, 1144, 1171, 1198, 1220, 1232, 1255, 1270, 1294, 1310, 1340, 1346, 1367, 1401, 1411, 1410, 1443, 1450, 1477, 1500, 1526, 1544, 8
907, 908, 923, 955, 980, 999, 1017, 1043, 1054, 1073, 1092, 1134, 1144, 1171, 1198, 1220, 1232, 1255, 1270, 1294, 1310, 1340, 1346, 1367, 1401, 1411, 1410, 1443, 1450, 1477, 1500, 1526, 1544, 9
907, 908, 923, 955, 980, 999, 1017, 1043, 1055, 1074, 1093, 1133, 1145, 1168, 1196, 1218, 1230, 1229, 1252, 1273, 1291, 1306, 1321, 1348, 1365, 1399, 1408, 1441, 1452, 1476, 1501, 1524, 1543, 10
907, 908, 923, 955, 980, 999, 1017, 1043, 1055, 1074, 1093, 1133, 1145, 1168, 1196, 1218, 1230, 1229, 1252, 1273, 1291, 1306, 1321, 1348, 1365, 1399, 1408, 1441, 1452, 1476, 1501, 1524, 1543, 10, 11
907, 908, 923, 955, 980, 999, 1017, 1043, 1055, 1074, 1093, 1133, 1145, 1168, 1196, 1218, 1230, 1229, 1252, 1273, 1291, 1306, 1321, 1348, 1365, 1399, 1408, 1441, 1453, 1475, 1502, 1523, 1542, 12
907, 908, 923, 955, 980, 999, 1017, 1043, 1055, 1074, 1093, 1133, 1145, 1168, 1196, 1218, 1230, 1229, 1252, 1273, 1291, 1306, 1321, 1348, 1365, 1399, 1408, 1441, 1453, 1475, 1502, 1503, 1522, 1541, 13
907, 908, 923, 955, 980, 999, 1017, 1043, 1055, 1074, 1093, 1133, 1145, 1168, 1196, 1218, 1230, 1229, 1252, 1273, 1291, 1306, 1322, 1323, 1351, 1363, 1397, 1406, 1439, 1456, 1473, 1504, 1521, 1540, 14
907, 908, 897, 877, 851, 831, 801, 783, 750, 751, 722, 692, 691, 670, 652, 635, 612, 604, 582, 560, 530, 514, 488, 475, 445, 429, 395, 372, 357, 334, 304, 284, 263, 255, 225, 204, 186, 164, 138, 119, 88, 87, 62, 38, 15
907, 924, 956, 957, 978, 1002, 1020, 1046, 1049, 1090, 1109, 1111, 1140, 1139, 1138, 1177, 1184, 1205, 1238, 1262, 1264, 1282, 1283, 1319, 1331, 1357, 1378, 1391, 1422, 1434, 1461, 1469, 1487, 1517, 1537, 16
907, 908, 897, 877, 851, 831, 801, 783, 750, 751, 722, 692, 691, 670, 652, 635, 612, 604, 582, 560, 530, 514, 488, 475, 445, 429, 395, 372, 357, 334, 304, 284, 263, 255, 225, 205, 187, 162, 139, 117, 109, 63, 42, 40, 17
907, 924, 956, 957, 978, 1002, 1020, 1046, 1049, 1090, 1109, 1111, 1140, 1139, 1138, 1177, 1184, 1205, 1238, 1262, 1264, 1282, 1317, 1332, 1358, 1376, 1390, 1419, 1432, 1462, 1467, 1490, 1515, 1535, 18
907, 924, 956, 957, 978, 1002, 1020, 1046, 1049, 1090, 1109, 1111, 1140, 1175, 1181, 1202, 1203, 1236, 1260, 1265, 1300, 1315, 1335, 1362, 1373, 1387, 1417, 1430, 1465, 1485, 1492, 1512, 1532, 1533, 19
907, 924, 956, 957, 978, 1002, 1020, 1046, 1049, 1090, 1109, 1111, 1140, 1175, 1181, 1202, 1203, 1236, 1260, 1265, 1300, 1315, 1335, 1362, 1373, 1387, 1417, 1430, 1465, 1485, 1492, 1512, 1532, 20
907, 924, 956, 957, 978, 1002, 1020, 1046, 1049, 1090, 1109, 1111, 1140, 1175, 1181, 1202, 1203, 1236, 1260, 1265, 1300, 1315, 1335, 1362, 1373, 1387, 1417, 1430, 1465, 1485, 1492, 1512, 1532, 1533, 19, 22, 21
907, 924, 956, 957, 978, 1002, 1020, 1046, 1049, 1090, 1109, 1111, 1140, 1175, 1181, 1202, 1203, 1236, 1260, 1265, 1300, 1315, 1335, 1362, 1373, 1387, 1417, 1430, 1465, 1485, 1492, 1512, 1532, 1533, 19, 22
907, 924, 956, 957, 978, 1002, 1020, 1046, 1049, 1090, 1109, 1111, 1140, 1175, 1181, 1202, 1203, 1236, 1260, 1265, 1300, 1315, 1335, 1362, 1373, 1387, 1417, 1430, 1465, 1485, 1492, 1512, 1532, 20, 23
907, 924, 956, 979, 1000, 1018, 1045, 1053, 1072, 1091, 1136, 1142, 1141, 1174, 1179, 1201, 1234, 1258, 1266, 1299, 1314, 1336, 1342, 1372, 1386, 1416, 1429, 1445, 1483, 1494, 1511, 1553, 1, 24
907, 924, 956, 979, 1000, 1018, 1045, 1053, 1072, 1091, 1136, 1142, 1141, 1174, 1179, 1201, 1234, 1257, 1268, 1296, 1312, 1338, 1344, 1370, 1383, 1413, 1425, 1447, 1481, 1496, 1509, 1550, 4, 25
907, 924, 956, 979, 1000, 1018, 1045, 1053, 1072, 1091, 1136, 1142, 1141, 1174, 1179, 1201, 1234, 1257, 1268, 1296, 1312, 1338, 1344, 1370, 1383, 1413, 1425, 1447, 1481, 1496, 1509, 1550, 4, 26
907, 924, 956, 979, 1000, 1018, 1045, 1053, 1072, 1091, 1136, 1142, 1141, 1174, 1179, 1201, 1234, 1257, 1268, 1296, 1312, 1338, 1344, 1370, 1383, 1413, 1425, 1447, 1481, 1496, 1508, 1549, 5, 27
907, 924, 956, 979, 1000, 1018, 1045, 1053, 1072, 1091, 1136, 1142, 1141, 1174, 1179, 1201, 1234, 1257, 1268, 1296, 1312, 1338, 1344, 1370, 1383, 1413, 1426, 1448, 1480, 1498, 1530, 1547, 6, 28
907, 924, 956, 979, 1000, 1018, 1045, 1053, 1072, 1091, 1136, 1142, 1141, 1174, 1179, 1201, 1234, 1257, 1268, 1296, 1312, 1338, 1344, 1370, 1383, 1413, 1426, 1448, 1480, 1498, 1529, 1546, 7, 29
907, 924, 956, 979, 1000, 1018, 1045, 1053, 1072, 1091, 1136, 1142, 1141, 1174, 1179, 1201, 1234, 1257, 1268, 1296, 1312, 1338, 1344, 1370, 1383, 1413, 1426, 1448, 1480, 1498, 1529, 1546, 7, 30
907, 908, 923, 955, 980, 999, 1017, 1043, 1054, 1073, 1092, 1134, 1144, 1171, 1198, 1220, 1232, 1255, 1270, 1294, 1310, 1340, 1346, 1367, 1401, 1411, 1410, 1443, 1450, 1477, 1500, 1526, 1544, 8, 31
907, 908, 923, 955, 980, 999, 1017, 1043, 1054, 1073, 1092, 1134, 1144, 1171, 1198, 1220, 1232, 1255, 1270, 1294, 1310, 1340, 1346, 1367, 1401, 1411, 1410, 1443, 1450, 1477, 1500, 1526, 1544, 9, 32
907, 908, 923, 955, 980, 999, 1017, 1043, 1055, 1074, 1093, 1133, 1145, 1168, 1196, 1218, 1230, 1229, 1252, 1273, 1291, 1306, 1321, 1348, 1365, 1399, 1408, 1441, 1452, 1476, 1501, 1524, 1543, 10, 33
907, 908, 923, 955, 980, 999, 1017, 1043, 1055, 1074, 1093, 1133, 1145, 1168, 1196, 1218, 1230, 1229, 1252, 1273, 1291, 1306, 1321, 1348, 1365, 1399, 1408, 1441, 1452, 1476, 1501, 1524, 1543, 10, 33, 34
907, 908, 923, 955, 980, 999, 1017, 1043, 1055, 1074, 1093, 1133, 1145, 1168, 1196, 1218, 1230, 1229, 1252, 1273, 1291, 1306, 1321, 1348, 1365, 1399, 1408, 1441, 1453, 1475, 1502, 1523, 1542, 12, 35
907, 908, 923, 955, 980, 999, 1017, 1043, 1055, 1074, 1093, 1133, 1145, 1168, 1196, 1218, 1230, 1229, 1252, 1273, 1291, 1306, 1321, 1348, 1365, 1399, 1408, 1441, 1453, 1475, 1502, 1503, 1522, 1541, 13, 36
907, 908, 923, 955, 980, 999, 1017, 1043, 1055, 1074, 1093, 1133, 1145, 1168, 1196, 1218, 1230, 1229, 1252, 1273, 1291, 1306, 1322, 1323, 1351, 1363, 1397, 1406, 1439, 1456, 1473, 1504, 1521, 1540, 14, 37
907, 908, 897, 877, 851, 831, 801, 783, 750, 751, 722, 692, 691, 670, 652, 635, 612, 604, 582, 560, 530, 514, 488, 475, 445, 429, 395, 372, 357, 334, 304, 284, 263, 255, 225, 204, 186, 164, 138, 119, 88, 87, 62, 38
907, 908, 897, 877, 851, 831, 801, 783, 750, 751, 722, 692, 691, 670, 652, 635, 612, 604, 582, 560, 530, 514, 488, 475, 445, 429, 395, 372, 357, 334, 304, 284, 263, 255, 225, 205, 187, 162, 139, 117, 109, 63, 42, 39
907, 908, 897, 877, 851, 831, 801, 783, 750, 751, 722, 692, 691, 670, 652, 635, 612, 604, 582, 560, 530, 514, 488, 475, 445, 429, 395, 372, 357, 334, 304, 284, 263, 255, 225, 205, 187, 162, 139, 117, 109, 63, 42, 40
907, 908, 897, 877, 851, 831, 801, 783, 750, 751, 722, 692, 691, 670, 652, 635, 612, 604, 582, 560, 530, 514, 488, 475, 445, 429, 395, 372, 357, 334, 304, 284, 263, 255, 225, 205, 187, 162, 139, 117, 109, 63, 42, 40, 41
907, 908, 897, 877, 851, 831, 801, 783, 750, 751, 722, 692, 691, 670, 652, 635, 612, 604, 582, 560, 530, 514, 488, 475, 445, 429, 395, 372, 357, 334, 304, 284, 263, 255, 225, 205, 187, 162, 139, 117, 109, 63, 42
907, 908, 897, 877, 851, 831, 801, 783, 750, 751, 722, 692, 691, 670, 652, 635, 612, 604, 582, 560, 530, 514, 488, 475, 445, 429, 395, 372, 357, 334, 304, 284, 263, 255, 225, 205, 187, 162, 139, 117, 109, 108, 65, 43
907, 924, 956, 957, 978, 1002, 1020, 1046, 1049, 1090, 1109, 1111, 1140, 1175, 1181, 1202, 1203, 1236, 1260, 1265, 1300, 1315, 1335, 1362, 1373, 1387, 1417, 1430, 1465, 1485, 1492, 1512, 1532, 1533, 19, 22, 21, 44
907, 924, 956, 957, 978, 1002, 1020, 1046, 1049, 1090, 1109, 1111, 1140, 1175, 1181, 1202, 1203, 1236, 1260, 1265, 1300, 1315, 1335, 1362, 1373, 1387, 1417, 1430, 1465, 1485, 1492, 1512, 1532, 1533, 19, 22, 21, 45
907, 924, 956, 957, 978, 1002, 1020, 1046, 1049, 1090, 1109, 1111, 1140, 1175, 1181, 1202, 1203, 1236, 1260, 1265, 1300, 1315, 1335, 1362, 1373, 1387, 1417, 1430, 1465, 1485, 1492, 1512, 1532, 1533, 19, 22, 46
907, 924, 956, 957, 978, 1002, 1020, 1046, 1049, 1090, 1109, 1111, 1140, 1175, 1181, 1202, 1203, 1236, 1260, 1265, 1300, 1315, 1335, 1362, 1373, 1387, 1417, 1430, 1465, 1485, 1492, 1512, 1532, 20, 23, 47
907, 924, 956, 979, 1000, 1018, 1045, 1053, 1072, 1091, 1136, 1142, 1141, 1174, 1179, 1201, 1234, 1258, 1266, 1299, 1314, 1336, 1342, 1372, 1386, 1416, 1429, 1445, 1483, 1494, 1511, 1553, 1, 24, 48
907, 924, 956, 979, 1000, 1018, 1045, 1053, 1072, 1091, 1136, 1142, 1141, 1174, 1179, 1201, 1234, 1257, 1268, 1296, 1312, 1338, 1344, 1370, 1383, 1413, 1425, 1447, 1481, 1496, 1509, 1550, 4, 26, 49
907, 924, 956, 979, 1000, 1018, 1045, 1053, 1072, 1091, 1136, 1142, 1141, 1174, 1179, 1201, 1234, 1257, 1268, 1296, 1312, 1338, 1344, 1370, 1383, 1413, 1425, 1447, 1481, 1496, 1509, 1550, 4, 26, 50
907, 924, 956, 979, 1000, 1018, 1045, 1053, 1072, 1091, 1136, 1142, 1141, 1174, 1179, 1201, 1234, 1257, 1268, 1296, 1312, 1338, 1344, 1370, 1383, 1413, 1425, 1447, 1481, 1496, 1508, 1549, 5, 27, 51
907, 924, 956, 979, 1000, 1018, 1045, 1053, 1072, 1091, 1136, 1142, 1141, 1174, 1179, 1201, 1234, 1257, 1268, 1296, 1312, 1338, 1344, 1370, 1383, 1413, 1425, 1447, 1481, 1496, 1508, 1549, 5, 27, 52
907, 924, 956, 979, 1000, 1018, 1045, 1053, 1072, 1091, 1136, 1142, 1141, 1174, 1179, 1201, 1234, 1257, 1268, 1296, 1312, 1338, 1344, 1370, 1383, 1413, 1426, 1448, 1480, 1498, 1530, 1547, 6, 28, 53
907, 924, 956, 979, 1000, 1018, 1045, 1053, 1072, 1091, 1136, 1142, 1141, 1174, 1179, 1201, 1234, 1257, 1268, 1296, 1312, 1338, 1344, 1370, 1383, 1413, 1426, 1448, 1480, 1498, 1529, 1546, 7, 30, 54
907, 908, 923, 955, 980, 999, 1017, 1043, 1054, 1073, 1092, 1134, 1144, 1171, 1198, 1220, 1232, 1255, 1270, 1294, 1310, 1340, 1346, 1367, 1401, 1411, 1410, 1443, 1450, 1477, 1500, 1526, 1544, 8, 31, 55
907, 908, 923, 955, 980, 999, 1017, 1043, 1054, 1073, 1092, 1134, 1144, 1171, 1198, 1220, 1232, 1255, 1270, 1294, 1310, 1340, 1346, 1367, 1401, 1411, 1410, 1443, 1450, 1477, 1500, 1526, 1544, 9, 32, 56
907, 908, 923, 955, 980, 999, 1017, 1043, 1055, 1074, 1093, 1133, 1145, 1168, 1196, 1218, 1230, 1229, 1252, 1273, 1291, 1306, 1321, 1348, 1365, 1399, 1408, 1441, 1452, 1476, 1501, 1524, 1543, 10, 33, 57
907, 908, 923, 955, 980, 999, 1017, 1043, 1055, 1074, 1093, 1133, 1145, 1168, 1196, 1218, 1230, 1229, 1252, 1273, 1291, 1306, 1321, 1348, 1365, 1399, 1408, 1441, 1453, 1475, 1502, 1523, 1542, 12, 35, 58
907, 908, 923, 955, 980, 999, 1017, 1043, 1055, 1074, 1093, 1133, 1145, 1168, 1196, 1218, 1230, 1229, 1252, 1273, 1291, 1306, 1321, 1348, 1365, 1399, 1408, 1441, 1453, 1475, 1502, 1503, 1522, 1541, 13, 36, 59
907, 908, 923, 955, 980, 999, 1017, 1043, 1055, 1074, 1093, 1133, 1145, 1168, 1196, 1218, 1230, 1229, 1252, 1273, 1291, 1306, 1322, 1323, 1351, 1363, 1397, 1406, 1439, 1456, 1473, 1504, 1521, 1540, 14, 37, 60
907, 908, 923, 955, 980, 999, 1017, 1043, 1055, 1074, 1093, 1133, 1145, 1168, 1196, 1218, 1230, 1229, 1252, 1273, 1291, 1306, 1322, 1323, 1351, 1363, 1397, 1406, 1439, 1456, 1473, 1504, 1521, 1540, 14, 37, 61
907, 908, 897, 877, 851, 831, 801, 783, 750, 751, 722, 692, 691, 670, 652, 635, 612, 604, 582, 560, 530, 514, 488, 475, 445, 429, 395, 372, 357, 334, 304, 284, 263, 255, 225, 204, 186, 164, 138, 119, 88, 87, 62
907, 908, 897, 877, 851, 831, 801, 783, 750, 751, 722, 692, 691, 670, 652, 635, 612, 604, 582, 560, 530, 514, 488, 475, 445, 429, 395, 372, 357, 334, 304, 284, 263, 255, 225, 205, 187, 162, 139, 117, 109, 63
907, 908, 897, 877, 851, 831, 801, 783, 750, 751, 722, 692, 691, 670, 652, 635, 612, 604, 582, 560, 530, 514, 488, 475, 445, 429, 395, 372, 357, 334, 304, 284, 263, 255, 225, 205, 187, 162, 139, 117, 109, 64
907, 908, 897, 877, 851, 831, 801, 783, 750, 751, 722, 692, 691, 670, 652, 635, 612, 604, 582, 560, 530, 514, 488, 475, 445, 429, 395, 372, 357, 334, 304, 284, 263, 255, 225, 205, 187, 162, 139, 117, 109, 108, 65
907, 924, 956, 957, 978, 1002, 1020, 1046, 1049, 1090, 1109, 1111, 1140, 1175, 1181, 1202, 1203, 1236, 1260, 1265, 1300, 1315, 1335, 1362, 1373, 1387, 1417, 1430, 1465, 1485, 1492, 1512, 1532, 1533, 19, 22, 46, 66
907, 924, 956, 957, 978, 1002, 1020, 1046, 1049, 1090, 1109, 1111, 1140, 1175, 1181, 1202, 1203, 1236, 1260, 1265, 1300, 1315, 1335, 1362, 1373, 1387, 1417, 1430, 1465, 1485, 1492, 1512, 1532, 20, 23, 47, 67
907, 924, 956, 957, 978, 1002, 1020, 1046, 1049, 1090, 1109, 1111, 1140, 1175, 1181, 1202, 1203, 1236, 1260, 1265, 1300, 1315, 1335, 1362, 1373, 1387, 1417, 1430, 1465, 1485, 1492, 1512, 1532, 20, 23, 47, 68
907, 924, 956, 979, 1000, 1018, 1045, 1053, 1072, 1091, 1136, 1142, 1141, 1174, 1179, 1201, 1234, 1258, 1266, 1299, 1314, 1336, 1342, 1372, 1386, 1416, 1429, 1445, 1483, 1494, 1511, 1553, 1, 24, 48, 70, 69
907, 924, 956, 979, 1000, 1018, 1045, 1053, 1072, 1091, 1136, 1142, 1141, 1174, 1179, 1201, 1234, 1258, 1266, 1299, 1314, 1336, 1342, 1372, 1386, 1416, 1429, 1445, 1483, 1494, 1511, 1553, 1, 24, 48, 70
907, 924, 956, 979, 1000, 1018, 1045, 1053, 1072, 1091, 1136, 1142, 1141, 1174, 1179, 1201, 1234, 1257, 1268, 1296, 1312, 1338, 1344, 1370, 1383, 1413, 1425, 1447, 1481, 1496, 1509, 1550, 4, 26, 49, 71
907, 924, 956, 979, 1000, 1018, 1045, 1053, 1072, 1091, 1136, 1142, 1141, 1174, 1179, 1201, 1234, 1257, 1268, 1296, 1312, 1338, 1344, 1370, 1383, 1413, 1425, 1447, 1481, 1496, 1509, 1550, 4, 26, 49, 72
907, 924, 956, 979, 1000, 1018, 1045, 1053, 1072, 1091, 1136, 1142, 1141, 1174, 1179, 1201, 1234, 1257, 1268, 1296, 1312, 1338, 1344, 1370, 1383, 1413, 1425, 1447, 1481, 1496, 1509, 1550, 4, 26, 50, 73
907, 924, 956, 979, 1000, 1018, 1045, 1053, 1072, 1091, 1136, 1142, 1141, 1174, 1179, 1201, 1234, 1257, 1268, 1296, 1312, 1338, 1344, 1370, 1383, 1413, 1425, 1447, 1481, 1496, 1509, 1550, 4, 26, 50, 74
907, 924, 956, 979, 1000, 1018, 1045, 1053, 1072, 1091, 1136, 1142, 1141, 1174, 1179, 1201, 1234, 1257, 1268, 1296, 1312, 1338, 1344, 1370, 1383, 1413, 1425, 1447, 1481, 1496, 1508, 1549, 5, 27, 52, 75
907, 899, 859, 860, 847, 810, 795, 777, 744, 729, 699, 681, 664, 644, 624, 596, 573, 551, 539, 503, 499, 461, 456, 417, 405, 383, 369, 343, 317, 295, 273, 244, 236, 213, 196, 154, 149, 131, 99, 76
907, 924, 956, 979, 1000, 1018, 1045, 1053, 1072, 1091, 1136, 1142, 1141, 1174, 1179, 1201, 1234, 1257, 1268, 1296, 1312, 1338, 1344, 1370, 1383, 1413, 1426, 1448, 1480, 1498, 1530, 1547, 6, 28, 53, 77
907, 924, 956, 979, 1000, 1018, 1045, 1053, 1072, 1091, 1136, 1142, 1141, 1174, 1179, 1201, 1234, 1257, 1268, 1296, 1312, 1338, 1344, 1370, 1383, 1413, 1426, 1448, 1480, 1498, 1529, 1546, 7, 30, 54, 78
907, 908, 923, 955, 980, 999, 1017, 1043, 1054, 1073, 1092, 1134, 1144, 1171, 1198, 1220, 1232, 1255, 1270, 1294, 1310, 1340, 1346, 1367, 1401, 1411, 1410, 1443, 1450, 1477, 1500, 1526, 1544, 8, 31, 55, 79
907, 908, 923, 955, 980, 999, 1017, 1043, 1054, 1073, 1092, 1134, 1144, 1171, 1198, 1220, 1232, 1255, 1270, 1294, 1310, 1340, 1346, 1367, 1401, 1411, 1410, 1443, 1450, 1477, 1500, 1526, 1544, 9, 32, 56, 80
907, 908, 923, 955, 980, 999, 1017, 1043, 1055, 1074, 1093, 1133, 1145, 1168, 1196, 1218, 1230, 1229, 1252, 1273, 1291, 1306, 1321, 1348, 1365, 1399, 1408, 1441, 1452, 1476, 1501, 1524, 1543, 10, 33, 57, 81
907, 908, 923, 955, 980, 999, 1017, 1043, 1055, 1074, 1093, 1133, 1145, 1168, 1196, 1218, 1230, 1229, 1252, 1273, 1291, 1306, 1321, 1348, 1365, 1399, 1408, 1441, 1452, 1476, 1501, 1524, 1543, 10, 33, 57, 82
907, 908, 923, 955, 980, 999, 1017, 1043, 1055, 1074, 1093, 1133, 1145, 1168, 1196, 1218, 1230, 1229, 1252, 1273, 1291, 1306, 1321, 1348, 1365, 1399, 1408, 1441, 1452, 1476, 1501, 1524, 1543, 10, 33, 57, 82, 83
907, 908, 923, 955, 980, 999, 1017, 1043, 1055, 1074, 1093, 1133, 1145, 1168, 1196, 1218, 1230, 1229, 1252, 1273, 1291, 1306, 1321, 1348, 1365, 1399, 1408, 1441, 1453, 1475, 1502, 1503, 1522, 1541, 13, 36, 59, 84
907, 908, 897, 877, 851, 831, 801, 783, 750, 751, 722, 692, 691, 670, 652, 635, 612, 604, 582, 560, 530, 514, 488, 475, 445, 429, 395, 372, 357, 334, 304, 284, 263, 255, 225, 204, 186, 164, 138, 119, 88, 87, 86, 85
907, 908, 897, 877, 851, 831, 801, 783, 750, 751, 722, 692, 691, 670, 652, 635, 612, 604, 582, 560, 530, 514, 488, 475, 445, 429, 395, 372, 357, 334, 304, 284, 263, 255, 225, 204, 186, 164, 138, 119, 88, 87, 86
907, 908, 897, 877, 851, 831, 801, 783, 750, 751, 722, 692, 691, 670, 652, 635, 612, 604, 582, 560, 530, 514, 488, 475, 445, 429, 395, 372, 357, 334, 304, 284, 263, 255, 225, 204, 186, 164, 138, 119, 88, 87
907, 908, 897, 877, 851, 831, 801, 783, 750, 751, 722, 692, 691, 670, 652, 635, 612, 604, 582, 560, 530, 514, 488, 475, 445, 429, 395, 372, 357, 334, 304, 284, 263, 255, 225, 204, 186, 164, 138, 119, 88
907, 908, 897, 877, 851, 831, 801, 783, 750, 751, 722, 692, 691, 670, 652, 635, 612, 604, 582, 560, 530, 514, 488, 475, 445, 429, 395, 372, 357, 334, 304, 284, 263, 255, 225, 204, 186, 164, 138, 120, 121, 89
907, 908, 897, 877, 851, 831, 801, 783, 750, 751, 722, 692, 691, 670, 652, 635, 612, 604, 582, 560, 530, 514, 488, 475, 445, 429, 395, 372, 357, 334, 304, 284, 263, 255, 225, 204, 186, 164, 138, 120, 121, 89, 90
907, 908, 897, 877, 851, 831, 801, 783, 750, 723, 693, 688, 669, 636, 611, 602, 580, 559, 531, 515, 487, 476, 444, 427, 397, 375, 356, 335, 325, 303, 267, 252, 228, 200, 183, 167, 135, 123, 91
907, 908, 923, 955, 980, 999, 1017, 1043, 1055, 1074, 1093, 1133, 1145, 1168, 1196, 1218, 1230, 1229, 1252, 1273, 1291, 1306, 1321, 1348, 1365, 1399, 1408, 1441, 1452, 1476, 1501, 1524, 1543, 10, 33, 57, 82, 93, 92
907, 908, 923, 955, 980, 999, 1017, 1043, 1055, 1074, 1093, 1133, 1145, 1168, 1196, 1218, 1230, 1229, 1252, 1273, 1291, 1306, 1321, 1348, 1365, 1399, 1408, 1441, 1452, 1476, 1501, 1524, 1543, 10, 33, 57, 82, 93
907, 908, 923, 955, 980, 999, 1017, 1043, 1055, 1074, 1093, 1133, 1145, 1168, 1196, 1218, 1230, 1229, 1252, 1273, 1291, 1306, 1321, 1348, 1365, 1399, 1408, 1441, 1452, 1476, 1501, 1524, 1543, 10, 33, 57, 81, 94
907, 908, 923, 955, 980, 999, 1017, 1043, 1054, 1073, 1092, 1134, 1144, 1171, 1198, 1220, 1232, 1255, 1270, 1294, 1310, 1340, 1346, 1367, 1401, 1411, 1410, 1443, 1450, 1477, 1500, 1526, 1544, 9, 32, 56, 80, 95
907, 908, 923, 955, 980, 999, 1017, 1043, 1054, 1073, 1092, 1134, 1144, 1171, 1198, 1220, 1232, 1255, 1270, 1294, 1310, 1340, 1346, 1367, 1401, 1411, 1410, 1443, 1450, 1477, 1500, 1526, 1544, 8, 31, 55, 79, 96
907, 908, 923, 955, 980, 999, 1017, 1043, 1054, 1073, 1092, 1134, 1144, 1171, 1198, 1220, 1232, 1255, 1270, 1294, 1310, 1340, 1346, 1367, 1401, 1411, 1410, 1443, 1450, 1477, 1500, 1526, 1544, 8, 31, 55, 79, 97
907, 899, 859, 860, 847, 810, 795, 777, 744, 729, 699, 681, 664, 644, 624, 596, 573, 551, 539, 503, 499, 461, 456, 417, 405, 383, 369, 343, 317, 295, 273, 244, 235, 215, 175, 174, 150, 130, 98
907, 899, 859, 860, 847, 810, 795, 777, 744, 729, 699, 681, 664, 644, 624, 596, 573, 551, 539, 503, 499, 461, 456, 417, 405, 383, 369, 343, 317, 295, 273, 244, 236, 213, 196, 154, 149, 131, 99
