962, 974, 987, 1024, 1030, 1068, 1087, 1106, 1116, 1137, 1177, 1183, 1204, 1237, 1261, 1265, 1300, 1315, 1335, 1362, 1373, 1387, 1417, 1430, 1465, 1484, 1493, 1511, 1553, 0
962, 974, 987, 1024, 1030, 1068, 1087, 1106, 1116, 1137, 1177, 1183, 1204, 1237, 1261, 1265, 1300, 1315, 1335, 1362, 1373, 1387, 1417, 1430, 1465, 1484, 1493, 1511, 1553, 1
962, 974, 987, 1024, 1030, 1068, 1087, 1106, 1116, 1137, 1177, 1183, 1204, 1237, 1261, 1265, 1300, 1315, 1335, 1362, 1373, 1387, 1417, 1430, 1465, 1484, 1493, 1511, 1552, 2
962, 974, 987, 1024, 1030, 1068, 1087, 1106, 1116, 1137, 1177, 1183, 1204, 1237, 1261, 1265, 1300, 1315, 1335, 1362, 1373, 1387, 1417, 1430, 1465, 1484, 1493, 1511, 1552, 2, 3
962, 974, 987, 1024, 1030, 1068, 1087, 1106, 1116, 1137, 1177, 1183, 1204, 1237, 1261, 1265, 1300, 1315, 1335, 1362, 1373, 1387, 1417, 1430, 1465, 1484, 1493, 1511, 1552, 2, 3, 4
962, 974, 987, 1024, 1030, 1068, 1087, 1106, 1116, 1137, 1177, 1183, 1204, 1237, 1261, 1265, 1300, 1315, 1335, 1362, 1373, 1387, 1417, 1430, 1465, 1484, 1493, 1511, 1552, 2, 3, 4, 5
962, 974, 987, 1024, 1030, 1068, 1069, 1088, 1107, 1115, 1139, 1176, 1182, 1203, 1236, 1259, 1266, 1298, 1313, 1337, 1343, 1371, 1384, 1414, 1427, 1447, 1481, 1497, 1531, 1547, 6
962, 974, 975, 1005, 1004, 1021, 1047, 1050, 1090, 1109, 1112, 1113, 1141, 1174, 1179, 1201, 1234, 1257, 1268, 1296, 1312, 1338, 1344, 1370, 1383, 1413, 1426, 1448, 1480, 1498, 1529, 1546, 7
962, 974, 987, 1025, 1027, 1067, 1085, 1103, 1102, 1101, 1123, 1152, 1161, 1189, 1211, 1224, 1225, 1248, 1276, 1288, 1289, 1305, 1323, 1350, 1364, 1398, 1399, 1409, 1442, 1450, 1477, 1500, 1526, 1544, 8
962, 974, 987, 1025, 1027, 1067, 1085, 1103, 1102, 1101, 1123, 1152, 1161, 1189, 1211, 1224, 1225, 1248, 1276, 1288, 1289, 1305, 1323, 1350, 1364, 1398, 1399, 1409, 1442, 1450, 1477, 1500, 1526, 1544, 9
962, 974, 987, 1025, 1027, 1067, 1085, 1103, 1102, 1101, 1123, 1152, 1161, 1189, 1211, 1224, 1225, 1248, 1276, 1288, 1289, 1305, 1323, 1350, 1364, 1398, 1399, 1408, 1441, 1452, 1476, 1501, 1524, 1543, 10
962, 974, 987, 1025, 1027, 1067, 1085, 1103, 1102, 1101, 1123, 1152, 1161, 1189, 1211, 1224, 1225, 1248, 1276, 1288, 1289, 1305, 1323, 1350, 1364, 1398, 1407, 1440, 1454, 1474, 1503, 1522, 1542, 11
962, 974, 987, 1025, 1027, 1067, 1085, 1103, 1102, 1101, 1123, 1152, 1161, 1189, 1211, 1224, 1225, 1248, 1276, 1288, 1289, 1305, 1323, 1350, 1364, 1398, 1407, 1440, 1454, 1474, 1503, 1522, 1542, 12
962, 974, 987, 1025, 1027, 1067, 1085, 1103, 1119, 1155, 1157, 1185, 1207, 1239, 1243, 1280, 1283, 1320, 1330, 1356, 1379, 1393, 1424, 1435, 1459, 1471, 1472, 1506, 1521, 1540, 13
962, 974, 987, 1025, 1027, 1067, 1085, 1103, 1119, 1155, 1157, 1185, 1207, 1239, 1243, 1280, 1283, 1320, 1330, 1356, 1379, 1393, 1424, 1435, 1459, 1471, 1472, 1506, 1521, 1540, 14
962, 974, 987, 1025, 1027, 1067, 1085, 1103, 1119, 1155, 1157, 1185, 1207, 1239, 1243, 1280, 1283, 1319, 1331, 1357, 1378, 1391, 1422, 1434, 1461, 1469, 1487, 1517, 1538, 15
962, 974, 987, 1025, 1027, 1067, 1085, 1103, 1119, 1155, 1157, 1185, 1207, 1239, 1243, 1280, 1283, 1319, 1331, 1357, 1378, 1391, 1422, 1434, 1461, 1469, 1487, 1517, 1537, 16
962, 974, 987, 1025, 1027, 1067, 1085, 1103, 1119, 1155, 1157, 1185, 1207, 1239, 1243, 1280, 1283, 1319, 1331, 1357, 1378, 1391, 1422, 1434, 1461, 1468, 1489, 1516, 1536, 17
962, 974, 987, 1024, 1030, 1068, 1087, 1106, 1116, 1137, 1177, 1184, 1205, 1238, 1262, 1264, 1282, 1317, 1332, 1358, 1376, 1390, 1419, 1432, 1462, 1467, 1490, 1515, 1535, 18
962, 974, 987, 1024, 1030, 1068, 1087, 1106, 1116, 1137, 1177, 1184, 1205, 1238, 1262, 1264, 1282, 1317, 1332, 1358, 1376, 1390, 1419, 1432, 1463, 1466, 1491, 1513, 1533, 19
962, 974, 987, 1024, 1030, 1068, 1087, 1106, 1116, 1137, 1177, 1183, 1204, 1237, 1261, 1265, 1300, 1315, 1335, 1362, 1373, 1387, 1417, 1430, 1465, 1485, 1492, 1512, 1532, 20
962, 974, 987, 1024, 1030, 1068, 1087, 1106, 1116, 1137, 1177, 1184, 1205, 1238, 1262, 1264, 1282, 1317, 1332, 1358, 1376, 1390, 1419, 1432, 1462, 1467, 1490, 1515, 1535, 18, 21
962, 974, 987, 1024, 1030, 1068, 1087, 1106, 1116, 1137, 1177, 1184, 1205, 1238, 1262, 1264, 1282, 1317, 1332, 1358, 1376, 1390, 1419, 1432, 1463, 1466, 1491, 1513, 1533, 19, 22
962, 974, 987, 1024, 1030, 1068, 1087, 1106, 1116, 1137, 1177, 1183, 1204, 1237, 1261, 1265, 1300, 1315, 1335, 1362, 1373, 1387, 1417, 1430, 1465, 1485, 1492, 1512, 1532, 20, 23
962, 974, 987, 1024, 1030, 1068, 1087, 1106, 1116, 1137, 1177, 1183, 1204, 1237, 1261, 1265, 1300, 1315, 1335, 1362, 1373, 1387, 1417, 1430, 1465, 1484, 1493, 1511, 1553, 1, 24
962, 974, 987, 1024, 1030, 1068, 1087, 1106, 1116, 1137, 1177, 1183, 1204, 1237, 1261, 1265, 1300, 1315, 1335, 1362, 1373, 1387, 1417, 1430, 1465, 1484, 1493, 1511, 1552, 2, 3, 25
962, 974, 987, 1024, 1030, 1068, 1087, 1106, 1116, 1137, 1177, 1183, 1204, 1237, 1261, 1265, 1300, 1315, 1335, 1362, 1373, 1387, 1417, 1430, 1465, 1484, 1493, 1511, 1552, 2, 3, 25, 26
962, 974, 987, 1024, 1030, 1068, 1087, 1106, 1116, 1137, 1177, 1183, 1204, 1237, 1261, 1265, 1300, 1315, 1335, 1362, 1373, 1387, 1417, 1430, 1465, 1484, 1493, 1511, 1552, 2, 3, 25, 26, 27
962, 930, 900, 883, 884, 866, 842, 817, 788, 770, 738, 735, 704, 677, 660, 649, 648, 622, 593, 571, 549, 550, 540, 503, 499, 461, 456, 417, 405, 383, 369, 343, 317, 295, 273, 244, 235, 215, 175, 174, 150, 130, 98, 77, 53, 28
962, 930, 900, 883, 884, 866, 842, 817, 788, 770, 738, 735, 704, 677, 660, 649, 648, 622, 593, 571, 549, 550, 540, 503, 499, 461, 456, 417, 405, 383, 369, 343, 317, 295, 273, 244, 235, 215, 175, 174, 150, 130, 98, 77, 53, 28, 29
962, 974, 975, 1005, 1004, 1021, 1047, 1050, 1090, 1109, 1112, 1113, 1141, 1174, 1179, 1201, 1234, 1257, 1268, 1296, 1312, 1338, 1344, 1370, 1383, 1413, 1426, 1448, 1480, 1498, 1529, 1546, 7, 30
962, 930, 900, 883, 884, 866, 842, 817, 788, 770, 738, 735, 704, 677, 660, 649, 648, 622, 593, 571, 549, 550, 540, 503, 499, 461, 456, 417, 405, 383, 369, 343, 317, 295, 273, 244, 235, 215, 175, 176, 173, 172, 152, 127, 97, 79, 55, 31
962, 930, 900, 883, 884, 866, 842, 817, 788, 770, 738, 735, 704, 677, 660, 649, 648, 622, 593, 571, 549, 550, 540, 503, 499, 461, 456, 417, 405, 383, 369, 343, 317, 295, 273, 244, 235, 215, 175, 176, 173, 172, 153, 126, 96, 95, 80, 56, 32
962, 974, 987, 1025, 1027, 1067, 1085, 1103, 1102, 1101, 1123, 1152, 1161, 1189, 1211, 1224, 1225, 1248, 1276, 1288, 1289, 1305, 1323, 1350, 1364, 1398, 1407, 1440, 1454, 1474, 1503, 1522, 1542, 12, 34, 33
962, 974, 987, 1025, 1027, 1067, 1085, 1103, 1102, 1101, 1123, 1152, 1161, 1189, 1211, 1224, 1225, 1248, 1276, 1288, 1289, 1305, 1323, 1350, 1364, 1398, 1407, 1440, 1454, 1474, 1503, 1522, 1542, 12, 34
962, 974, 987, 1025, 1027, 1067, 1085, 1103, 1102, 1101, 1123, 1152, 1161, 1189, 1211, 1224, 1225, 1248, 1276, 1288, 1289, 1305, 1323, 1350, 1364, 1398, 1407, 1440, 1454, 1474, 1503, 1522, 1542, 12, 35
962, 974, 987, 1025, 1027, 1067, 1085, 1103, 1119, 1155, 1157, 1185, 1207, 1239, 1243, 1280, 1283, 1320, 1330, 1356, 1379, 1393, 1424, 1435, 1459, 1471, 1472, 1506, 1521, 1540, 13, 36
962, 974, 987, 1025, 1027, 1067, 1085, 1103, 1119, 1155, 1157, 1185, 1207, 1239, 1243, 1280, 1283, 1320, 1330, 1356, 1379, 1393, 1424, 1435, 1459, 1471, 1472, 1506, 1521, 1540, 14, 37
962, 974, 987, 1025, 1027, 1067, 1085, 1103, 1119, 1155, 1157, 1185, 1207, 1239, 1243, 1280, 1283, 1319, 1331, 1357, 1378, 1391, 1422, 1434, 1461, 1469, 1487, 1517, 1538, 15, 38
962, 974, 987, 1025, 1027, 1067, 1085, 1103, 1119, 1155, 1157, 1185, 1207, 1239, 1243, 1280, 1283, 1319, 1331, 1357, 1378, 1391, 1422, 1434, 1461, 1469, 1487, 1517, 1537, 16, 39
962, 974, 987, 1025, 1027, 1067, 1085, 1103, 1119, 1155, 1157, 1185, 1207, 1239, 1243, 1280, 1283, 1319, 1331, 1357, 1378, 1391, 1422, 1434, 1461, 1468, 1489, 1516, 1536, 17, 40
962, 974, 987, 1025, 1027, 1067, 1085, 1103, 1119, 1155, 1157, 1185, 1207, 1239, 1243, 1280, 1283, 1319, 1331, 1357, 1378, 1391, 1422, 1434, 1461, 1468, 1489, 1516, 1536, 17, 41
962, 974, 987, 1025, 1027, 1067, 1085, 1103, 1119, 1155, 1157, 1185, 1207, 1239, 1243, 1280, 1283, 1319, 1331, 1357, 1378, 1391, 1422, 1434, 1461, 1468, 1489, 1516, 1536, 17, 40, 42
962, 974, 987, 1025, 1027, 1067, 1085, 1103, 1119, 1155, 1157, 1185, 1207, 1239, 1243, 1280, 1283, 1319, 1331, 1357, 1378, 1391, 1422, 1434, 1461, 1468, 1489, 1516, 1536, 17, 41, 43
962, 974, 987, 1024, 1030, 1068, 1087, 1106, 1116, 1137, 1177, 1184, 1205, 1238, 1262, 1264, 1282, 1317, 1332, 1358, 1376, 1390, 1419, 1432, 1462, 1467, 1490, 1515, 1535, 18, 21, 44
962, 974, 987, 1024, 1030, 1068, 1087, 1106, 1116, 1137, 1177, 1184, 1205, 1238, 1262, 1264, 1282, 1317, 1332, 1358, 1376, 1390, 1419, 1432, 1462, 1467, 1490, 1515, 1535, 18, 21, 45
962, 974, 987, 1024, 1030, 1068, 1087, 1106, 1116, 1137, 1177, 1184, 1205, 1238, 1262, 1264, 1282, 1317, 1332, 1358, 1376, 1390, 1419, 1432, 1463, 1466, 1491, 1513, 1533, 19, 22, 46
962, 974, 987, 1024, 1030, 1068, 1087, 1106, 1116, 1137, 1177, 1183, 1204, 1237, 1261, 1265, 1300, 1315, 1335, 1362, 1373, 1387, 1417, 1430, 1465, 1485, 1492, 1512, 1532, 20, 23, 47
962, 974, 987, 1024, 1030, 1068, 1087, 1106, 1116, 1137, 1177, 1183, 1204, 1237, 1261, 1265, 1300, 1315, 1335, 1362, 1373, 1387, 1417, 1430, 1465, 1484, 1493, 1511, 1553, 1, 24, 48
962, 974, 987, 1024, 1030, 1068, 1087, 1106, 1116, 1137, 1177, 1183, 1204, 1237, 1261, 1265, 1300, 1315, 1335, 1362, 1373, 1387, 1417, 1430, 1465, 1484, 1493, 1511, 1552, 2, 3, 25, 49
962, 974, 987, 1024, 1030, 1068, 1087, 1106, 1116, 1137, 1177, 1183, 1204, 1237, 1261, 1265, 1300, 1315, 1335, 1362, 1373, 1387, 1417, 1430, 1465, 1484, 1493, 1511, 1552, 2, 3, 25, 49, 50
962, 974, 987, 1024, 1030, 1068, 1087, 1106, 1116, 1137, 1177, 1183, 1204, 1237, 1261, 1265, 1300, 1315, 1335, 1362, 1373, 1387, 1417, 1430, 1465, 1484, 1493, 1511, 1552, 2, 3, 25, 49, 50, 51
962, 930, 900, 883, 884, 866, 842, 817, 788, 770, 738, 735, 704, 677, 660, 649, 648, 622, 593, 571, 549, 550, 540, 503, 499, 461, 456, 417, 405, 383, 369, 343, 317, 295, 273, 244, 236, 213, 196, 154, 149, 131, 101, 75, 52
962, 930, 900, 883, 884, 866, 842, 817, 788, 770, 738, 735, 704, 677, 660, 649, 648, 622, 593, 571, 549, 550, 540, 503, 499, 461, 456, 417, 405, 383, 369, 343, 317, 295, 273, 244, 235, 215, 175, 174, 150, 130, 98, 77, 53
962, 930, 900, 883, 884, 866, 842, 817, 788, 770, 738, 735, 704, 677, 660, 649, 648, 622, 593, 571, 549, 550, 540, 503, 499, 461, 456, 417, 405, 383, 369, 343, 317, 295, 273, 244, 235, 215, 175, 174, 150, 130, 98, 77, 53, 54
962, 930, 900, 883, 884, 866, 842, 817, 788, 770, 738, 735, 704, 677, 660, 649, 648, 622, 593, 571, 549, 550, 540, 503, 499, 461, 456, 417, 405, 383, 369, 343, 317, 295, 273, 244, 235, 215, 175, 176, 173, 172, 152, 127, 97, 79, 55
962, 930, 900, 883, 884, 866, 842, 817, 788, 770, 738, 735, 704, 677, 660, 649, 648, 622, 593, 571, 549, 550, 540, 503, 499, 461, 456, 417, 405, 383, 369, 343, 317, 295, 273, 244, 235, 215, 175, 176, 173, 172, 153, 126, 96, 95, 80, 56
962, 974, 987, 1025, 1027, 1067, 1085, 1103, 1102, 1101, 1123, 1152, 1161, 1189, 1211, 1224, 1225, 1248, 1276, 1288, 1289, 1305, 1323, 1350, 1364, 1398, 1407, 1440, 1454, 1474, 1503, 1522, 1542, 12, 34, 33, 57
962, 974, 987, 1025, 1027, 1067, 1085, 1103, 1102, 1101, 1123, 1152, 1161, 1189, 1211, 1224, 1225, 1248, 1276, 1288, 1289, 1305, 1323, 1350, 1364, 1398, 1407, 1440, 1454, 1474, 1503, 1522, 1542, 12, 35, 58
962, 974, 987, 1025, 1027, 1067, 1085, 1103, 1119, 1155, 1157, 1185, 1207, 1239, 1243, 1280, 1283, 1320, 1330, 1356, 1379, 1393, 1424, 1435, 1459, 1471, 1472, 1506, 1521, 1540, 14, 37, 59
962, 974, 987, 1025, 1027, 1067, 1085, 1103, 1119, 1155, 1157, 1185, 1207, 1239, 1243, 1280, 1283, 1320, 1330, 1356, 1379, 1393, 1424, 1435, 1459, 1471, 1472, 1506, 1521, 1540, 14, 37, 60
962, 974, 987, 1025, 1027, 1067, 1085, 1103, 1119, 1155, 1157, 1185, 1207, 1239, 1243, 1280, 1283, 1320, 1330, 1356, 1379, 1393, 1424, 1435, 1459, 1471, 1472, 1506, 1521, 1540, 14, 37, 61
962, 974, 987, 1025, 1027, 1067, 1085, 1103, 1119, 1155, 1157, 1185, 1207, 1239, 1243, 1280, 1283, 1319, 1331, 1357, 1378, 1391, 1422, 1434, 1461, 1469, 1487, 1517, 1538, 15, 38, 62
962, 974, 987, 1025, 1027, 1067, 1085, 1103, 1119, 1155, 1157, 1185, 1207, 1239, 1243, 1280, 1283, 1319, 1331, 1357, 1378, 1391, 1422, 1434, 1461, 1468, 1489, 1516, 1536, 17, 40, 42, 63
962, 974, 987, 1025, 1027, 1067, 1085, 1103, 1119, 1155, 1157, 1185, 1207, 1239, 1243, 1280, 1283, 1319, 1331, 1357, 1378, 1391, 1422, 1434, 1461, 1468, 1489, 1516, 1536, 17, 40, 42, 64
962, 974, 987, 1025, 1027, 1067, 1085, 1103, 1119, 1155, 1157, 1185, 1207, 1239, 1243, 1280, 1283, 1319, 1331, 1357, 1378, 1391, 1422, 1434, 1461, 1468, 1489, 1516, 1536, 17, 41, 43, 65
962, 974, 987, 1024, 1030, 1068, 1087, 1106, 1116, 1137, 1177, 1184, 1205, 1238, 1262, 1264, 1282, 1317, 1332, 1358, 1376, 1390, 1419, 1432, 1463, 1466, 1491, 1513, 1533, 19, 22, 46, 66
962, 974, 987, 1024, 1030, 1068, 1087, 1106, 1116, 1137, 1177, 1183, 1204, 1237, 1261, 1265, 1300, 1315, 1335, 1362, 1373, 1387, 1417, 1430, 1465, 1485, 1492, 1512, 1532, 20, 23, 47, 67
962, 974, 987, 1024, 1030, 1068, 1087, 1106, 1116, 1137, 1177, 1183, 1204, 1237, 1261, 1265, 1300, 1315, 1335, 1362, 1373, 1387, 1417, 1430, 1465, 1485, 1492, 1512, 1532, 20, 23, 47, 68
962, 974, 987, 1024, 1030, 1068, 1087, 1106, 1116, 1137, 1177, 1183, 1204, 1237, 1261, 1265, 1300, 1315, 1335, 1362, 1373, 1387, 1417, 1430, 1465, 1484, 1493, 1511, 1553, 1, 24, 48, 70, 69
962, 974, 987, 1024, 1030, 1068, 1087, 1106, 1116, 1137, 1177, 1183, 1204, 1237, 1261, 1265, 1300, 1315, 1335, 1362, 1373, 1387, 1417, 1430, 1465, 1484, 1493, 1511, 1553, 1, 24, 48, 70
962, 974, 987, 1024, 1030, 1068, 1087, 1106, 1116, 1137, 1177, 1183, 1204, 1237, 1261, 1265, 1300, 1315, 1335, 1362, 1373, 1387, 1417, 1430, 1465, 1484, 1493, 1511, 1553, 1, 24, 48, 70, 71
962, 974, 987, 1024, 1030, 1068, 1087, 1106, 1116, 1137, 1177, 1183, 1204, 1237, 1261, 1265, 1300, 1315, 1335, 1362, 1373, 1387, 1417, 1430, 1465, 1484, 1493, 1511, 1552, 2, 3, 25, 49, 72
962, 974, 987, 1024, 1030, 1068, 1087, 1106, 1116, 1137, 1177, 1183, 1204, 1237, 1261, 1265, 1300, 1315, 1335, 1362, 1373, 1387, 1417, 1430, 1465, 1484, 1493, 1511, 1552, 2, 3, 25, 49, 73
962, 974, 987, 1024, 1030, 1068, 1087, 1106, 1116, 1137, 1177, 1183, 1204, 1237, 1261, 1265, 1300, 1315, 1335, 1362, 1373, 1387, 1417, 1430, 1465, 1484, 1493, 1511, 1552, 2, 3, 25, 49, 50, 74
962, 930, 900, 883, 884, 866, 842, 817, 788, 770, 738, 735, 704, 677, 660, 649, 648, 622, 593, 571, 549, 550, 540, 503, 499, 461, 456, 417, 405, 383, 369, 343, 317, 295, 273, 244, 236, 213, 196, 154, 149, 131, 101, 75
962, 930, 900, 883, 884, 866, 842, 817, 788, 770, 738, 735, 704, 677, 660, 649, 648, 622, 593, 571, 549, 550, 540, 503, 499, 461, 456, 417, 405, 383, 369, 343, 317, 295, 273, 244, 236, 213, 196, 154, 149, 131, 99, 76
962, 930, 900, 883, 884, 866, 842, 817, 788, 770, 738, 735, 704, 677, 660, 649, 648, 622, 593, 571, 549, 550, 540, 503, 499, 461, 456, 417, 405, 383, 369, 343, 317, 295, 273, 244, 235, 215, 175, 174, 150, 130, 98, 77
962, 930, 900, 883, 884, 866, 842, 817, 788, 770, 738, 735, 704, 677, 660, 649, 648, 622, 593, 571, 549, 550, 540, 503, 499, 461, 456, 417, 405, 383, 369, 343, 317, 295, 273, 244, 235, 215, 175, 176, 173, 172, 152, 127, 97, 78
962, 930, 900, 883, 884, 866, 842, 817, 788, 770, 738, 735, 704, 677, 660, 649, 648, 622, 593, 571, 549, 550, 540, 503, 499, 461, 456, 417, 405, 383, 369, 343, 317, 295, 273, 244, 235, 215, 175, 176, 173, 172, 152, 127, 97, 79
962, 930, 900, 883, 884, 866, 842, 817, 788, 770, 738, 735, 704, 677, 660, 649, 648, 622, 593, 571, 549, 550, 540, 503, 499, 461, 456, 417, 405, 383, 369, 343, 317, 295, 273, 244, 235, 215, 175, 176, 173, 172, 153, 126, 96, 95, 80
962, 930, 900, 883, 884, 866, 842, 817, 788, 770, 738, 735, 704, 677, 660, 649, 648, 622, 593, 571, 549, 550, 540, 503, 499, 461, 456, 417, 405, 383, 369, 343, 317, 295, 273, 244, 235, 215, 175, 176, 173, 172, 153, 126, 96, 95, 80, 81
962, 974, 987, 1025, 1027, 1067, 1085, 1103, 1102, 1101, 1123, 1152, 1161, 1189, 1211, 1224, 1225, 1248, 1276, 1288, 1289, 1305, 1323, 1350, 1364, 1398, 1407, 1440, 1454, 1474, 1503, 1522, 1542, 12, 34, 33, 57, 82
962, 974, 987, 1025, 1027, 1067, 1085, 1103, 1102, 1101, 1123, 1152, 1161, 1189, 1211, 1224, 1225, 1248, 1276, 1288, 1289, 1305, 1323, 1350, 1364, 1398, 1407, 1440, 1454, 1474, 1503, 1522, 1542, 12, 35, 58, 83
962, 974, 987, 1025, 1027, 1067, 1085, 1103, 1119, 1155, 1157, 1185, 1207, 1239, 1243, 1280, 1283, 1320, 1330, 1356, 1379, 1393, 1424, 1435, 1459, 1471, 1472, 1506, 1521, 1540, 14, 37, 59, 84
962, 974, 987, 1025, 1027, 1067, 1085, 1103, 1119, 1155, 1157, 1185, 1207, 1239, 1243, 1280, 1283, 1320, 1330, 1356, 1379, 1393, 1424, 1435, 1459, 1471, 1472, 1506, 1521, 1540, 14, 37, 60, 85
962, 974, 987, 1025, 1027, 1067, 1085, 1103, 1119, 1155, 1157, 1185, 1207, 1239, 1243, 1280, 1283, 1320, 1330, 1356, 1379, 1393, 1424, 1435, 1459, 1471, 1472, 1506, 1521, 1540, 14, 37, 61, 86
962, 974, 987, 1025, 1027, 1067, 1085, 1103, 1119, 1155, 1157, 1185, 1207, 1239, 1243, 1280, 1283, 1319, 1331, 1357, 1378, 1391, 1422, 1434, 1461, 1469, 1487, 1517, 1538, 15, 38, 62, 87
962, 974, 987, 1025, 1027, 1067, 1085, 1103, 1119, 1155, 1157, 1185, 1207, 1239, 1243, 1280, 1283, 1319, 1331, 1357, 1378, 1391, 1422, 1434, 1461, 1469, 1487, 1517, 1538, 15, 38, 62, 87, 88
962, 974, 987, 1025, 1027, 1067, 1085, 1103, 1119, 1155, 1157, 1185, 1207, 1239, 1243, 1280, 1283, 1320, 1330, 1356, 1379, 1393, 1424, 1435, 1459, 1471, 1472, 1506, 1521, 1540, 14, 37, 61, 86, 89
962, 974, 987, 1025, 1027, 1067, 1085, 1103, 1119, 1155, 1157, 1185, 1207, 1239, 1243, 1280, 1283, 1320, 1330, 1356, 1379, 1393, 1424, 1435, 1459, 1471, 1472, 1506, 1521, 1540, 14, 37, 60, 85, 90
962, 974, 987, 1025, 1027, 1067, 1085, 1103, 1119, 1155, 1157, 1185, 1207, 1239, 1243, 1280, 1283, 1320, 1330, 1356, 1379, 1393, 1424, 1435, 1459, 1471, 1472, 1506, 1521, 1540, 14, 37, 60, 85, 91
962, 974, 987, 1025, 1027, 1067, 1085, 1103, 1102, 1101, 1123, 1152, 1161, 1189, 1211, 1224, 1225, 1248, 1276, 1288, 1289, 1305, 1323, 1350, 1364, 1398, 1407, 1440, 1454, 1474, 1503, 1522, 1542, 12, 35, 58, 83, 92
962, 974, 987, 1025, 1027, 1067, 1085, 1103, 1102, 1101, 1123, 1152, 1161, 1189, 1211, 1224, 1225, 1248, 1276, 1288, 1289, 1305, 1323, 1350, 1364, 1398, 1407, 1440, 1454, 1474, 1503, 1522, 1542, 12, 34, 33, 57, 82, 93
962, 930, 900, 883, 884, 866, 842, 817, 788, 770, 738, 735, 704, 677, 660, 649, 648, 622, 593, 571, 549, 550, 540, 503, 499, 461, 456, 417, 405, 383, 369, 343, 317, 295, 273, 244, 235, 215, 175, 176, 173, 172, 153, 126, 125, 94
962, 930, 900, 883, 884, 866, 842, 817, 788, 770, 738, 735, 704, 677, 660, 649, 648, 622, 593, 571, 549, 550, 540, 503, 499, 461, 456, 417, 405, 383, 369, 343, 317, 295, 273, 244, 235, 215, 175, 176, 173, 172, 153, 126, 96, 95
962, 930, 900, 883, 884, 866, 842, 817, 788, 770, 738, 735, 704, 677, 660, 649, 648, 622, 593, 571, 549, 550, 540, 503, 499, 461, 456, 417, 405, 383, 369, 343, 317, 295, 273, 244, 235, 215, 175, 176, 173, 172, 153, 126, 96
962, 930, 900, 883, 884, 866, 842, 817, 788, 770, 738, 735, 704, 677, 660, 649, 648, 622, 593, 571, 549, 550, 540, 503, 499, 461, 456, 417, 405, 383, 369, 343, 317, 295, 273, 244, 235, 215, 175, 176, 173, 172, 152, 127, 97
962, 930, 900, 883, 884, 866, 842, 817, 788, 770, 738, 735, 704, 677, 660, 649, 648, 622, 593, 571, 549, 550, 540, 503, 499, 461, 456, 417, 405, 383, 369, 343, 317, 295, 273, 244, 235, 215, 175, 174, 150, 130, 98
962, 930, 900, 883, 884, 866, 842, 817, 788, 770, 738, 735, 704, 677, 660, 649, 648, 622, 593, 571, 549, 550, 540, 503, 499, 461, 456, 417, 405, 383, 369, 343, 317, 295, 273, 244, 236, 213, 196, 154, 149, 131, 99
