1331, 1332, 1333, 1353, 1354, 1378, 1391, 1418, 1441, 1445, 1472, 1506, 1521, 1520, 1552, 0
1331, 1332, 1333, 1353, 1354, 1378, 1391, 1418, 1441, 1445, 1472, 1506, 1521, 1520, 1553, 1
1331, 1351, 1375, 1388, 1423, 1424, 1450, 1477, 1502, 1518, 1534, 1533, 2
1331, 1351, 1375, 1388, 1423, 1424, 1450, 1477, 1502, 1518, 1534, 4, 3
1331, 1351, 1375, 1388, 1423, 1424, 1450, 1477, 1502, 1518, 1534, 4
1331, 1351, 1375, 1388, 1423, 1425, 1451, 1478, 1501, 1516, 1535, 5
1331, 1351, 1375, 1388, 1423, 1425, 1451, 1478, 1501, 1515, 1536, 6
1331, 1351, 1375, 1388, 1423, 1425, 1451, 1478, 1500, 1514, 1513, 1537, 7
1331, 1351, 1375, 1388, 1423, 1425, 1451, 1478, 1500, 1514, 1513, 1538, 8
1331, 1351, 1375, 1388, 1423, 1425, 1451, 1478, 1500, 1514, 1513, 1538, 8, 9
1331, 1351, 1375, 1388, 1423, 1425, 1451, 1478, 1500, 1514, 1513, 1538, 1539, 10
1331, 1330, 1329, 1348, 1372, 1385, 1405, 1429, 1455, 1482, 1495, 1531, 1540, 11
1331, 1330, 1329, 1328, 1347, 1371, 1384, 1406, 1430, 1456, 1484, 1494, 1530, 1542, 12
1331, 1330, 1329, 1328, 1347, 1371, 1384, 1406, 1430, 1456, 1484, 1494, 1530, 1542, 12, 13
1331, 1330, 1329, 1328, 1347, 1371, 1384, 1406, 1430, 1456, 1484, 1494, 1530, 1542, 12, 13, 14
1331, 1330, 1329, 1328, 1347, 1371, 1384, 1406, 1430, 1456, 1484, 1494, 1530, 1542, 12, 13, 14, 15
1331, 1332, 1333, 1353, 1354, 1378, 1391, 1418, 1441, 1445, 1472, 1507, 1522, 1550, 1549, 17, 16
1331, 1332, 1333, 1353, 1354, 1378, 1391, 1418, 1441, 1445, 1472, 1507, 1522, 1550, 1549, 17
1331, 1332, 1333, 1353, 1354, 1378, 1391, 1418, 1441, 1445, 1472, 1507, 1522, 1550, 1549, 18
1331, 1332, 1333, 1353, 1354, 1378, 1391, 1418, 1441, 1445, 1472, 1507, 1522, 1550, 1549, 19
1331, 1332, 1333, 1353, 1354, 1378, 1391, 1418, 1441, 1445, 1472, 1507, 1522, 1550, 20
1331, 1351, 1375, 1388, 1423, 1425, 1451, 1478, 1500, 1514, 1513, 1538, 8, 21
1331, 1351, 1375, 1388, 1423, 1425, 1451, 1478, 1500, 1514, 1513, 1537, 7, 22
1331, 1351, 1375, 1388, 1423, 1425, 1451, 1478, 1500, 1514, 1513, 1538, 8, 23
1331, 1351, 1375, 1388, 1423, 1425, 1451, 1478, 1500, 1514, 1513, 1537, 7, 24
1331, 1351, 1375, 1388, 1423, 1425, 1451, 1478, 1501, 1515, 1536, 6, 25
1331, 1351, 1375, 1388, 1423, 1425, 1451, 1478, 1501, 1515, 1536, 6, 26
1331, 1351, 1375, 1388, 1423, 1425, 1451, 1478, 1501, 1516, 1535, 5, 27
1331, 1351, 1375, 1388, 1423, 1425, 1451, 1478, 1501, 1516, 1535, 5, 28
1331, 1351, 1375, 1388, 1423, 1424, 1450, 1477, 1502, 1518, 1534, 4, 29
1331, 1332, 1333, 1353, 1354, 1378, 1391, 1418, 1441, 1445, 1472, 1506, 1521, 1520, 1553, 1, 30
1331, 1332, 1333, 1353, 1354, 1378, 1391, 1418, 1441, 1445, 1472, 1506, 1521, 1520, 1552, 0, 31
1331, 1332, 1333, 1353, 1354, 1378, 1391, 1418, 1441, 1445, 1472, 1507, 1522, 1550, 20, 32
1331, 1332, 1333, 1353, 1354, 1378, 1391, 1418, 1441, 1445, 1472, 1507, 1522, 1550, 1549, 19, 33
1331, 1332, 1333, 1353, 1354, 1378, 1391, 1418, 1441, 1445, 1472, 1507, 1522, 1550, 1549, 18, 34
1331, 1332, 1333, 1353, 1354, 1378, 1391, 1418, 1441, 1445, 1472, 1507, 1522, 1550, 1549, 17, 35
1331, 1332, 1333, 1353, 1354, 1378, 1391, 1418, 1441, 1445, 1472, 1507, 1522, 1550, 1549, 17, 35, 36
1331, 1332, 1333, 1353, 1354, 1378, 1391, 1418, 1441, 1445, 1472, 1507, 1522, 1550, 1549, 17, 35, 36, 37
1331, 1330, 1329, 1328, 1347, 1371, 1384, 1406, 1430, 1456, 1484, 1494, 1530, 1542, 12, 42, 41, 40, 39, 38
1331, 1330, 1329, 1328, 1347, 1371, 1384, 1406, 1430, 1456, 1484, 1494, 1530, 1542, 12, 42, 41, 40, 39
1331, 1330, 1329, 1328, 1347, 1371, 1384, 1406, 1430, 1456, 1484, 1494, 1530, 1542, 12, 42, 41, 40
1331, 1330, 1329, 1328, 1347, 1371, 1384, 1406, 1430, 1456, 1484, 1494, 1530, 1542, 12, 42, 41
1331, 1330, 1329, 1328, 1347, 1371, 1384, 1406, 1430, 1456, 1484, 1494, 1530, 1542, 12, 42
1331, 1330, 1329, 1348, 1372, 1385, 1405, 1429, 1455, 1482, 1495, 1531, 1540, 11, 43
1331, 1351, 1375, 1388, 1423, 1425, 1451, 1478, 1500, 1514, 1513, 1538, 1539, 10, 45, 44
1331, 1351, 1375, 1388, 1423, 1425, 1451, 1478, 1500, 1514, 1513, 1538, 1539, 10, 45
1331, 1332, 1333, 1353, 1354, 1378, 1391, 1418, 1441, 1445, 1472, 1507, 1522, 1550, 20, 32, 46
1331, 1332, 1333, 1353, 1354, 1378, 1391, 1418, 1441, 1445, 1472, 1507, 1522, 1550, 1549, 19, 33, 47
1331, 1332, 1333, 1353, 1354, 1378, 1391, 1418, 1441, 1445, 1472, 1507, 1522, 1550, 1549, 18, 34, 48
1331, 1332, 1333, 1353, 1354, 1378, 1391, 1418, 1441, 1445, 1472, 1507, 1522, 1550, 1549, 18, 34, 49
1331, 1332, 1333, 1353, 1354, 1378, 1391, 1418, 1441, 1445, 1472, 1507, 1522, 1550, 1549, 18, 34, 49, 50
1331, 1330, 1329, 1328, 1347, 1371, 1384, 1406, 1430, 1456, 1484, 1494, 1530, 1542, 12, 42, 55, 54, 53, 52, 51
1331, 1330, 1329, 1328, 1347, 1371, 1384, 1406, 1430, 1456, 1484, 1494, 1530, 1542, 12, 42, 55, 54, 53, 52
1331, 1330, 1329, 1328, 1347, 1371, 1384, 1406, 1430, 1456, 1484, 1494, 1530, 1542, 12, 42, 55, 54, 53
1331, 1330, 1329, 1328, 1347, 1371, 1384, 1406, 1430, 1456, 1484, 1494, 1530, 1542, 12, 42, 55, 54
1331, 1330, 1329, 1328, 1347, 1371, 1384, 1406, 1430, 1456, 1484, 1494, 1530, 1542, 12, 42, 55
1331, 1330, 1329, 1348, 1372, 1385, 1405, 1429, 1455, 1482, 1495, 1531, 1540, 11, 43, 56
1331, 1351, 1375, 1388, 1423, 1425, 1451, 1478, 1500, 1514, 1513, 1538, 1539, 10, 45, 59, 58, 57
1331, 1351, 1375, 1388, 1423, 1425, 1451, 1478, 1500, 1514, 1513, 1538, 1539, 10, 45, 59, 58
1331, 1351, 1375, 1388, 1423, 1425, 1451, 1478, 1500, 1514, 1513, 1538, 1539, 10, 45, 59
1331, 1351, 1375, 1388, 1423, 1425, 1451, 1478, 1500, 1514, 1513, 1537, 7, 22, 60
1331, 1351, 1375, 1388, 1423, 1425, 1451, 1478, 1500, 1514, 1513, 1537, 7, 22, 60, 61
1331, 1351, 1375, 1388, 1423, 1425, 1451, 1478, 1501, 1515, 1536, 6, 26, 62
1331, 1351, 1375, 1388, 1423, 1425, 1451, 1478, 1501, 1516, 1535, 5, 28, 63
1331, 1351, 1375, 1388, 1423, 1425, 1451, 1478, 1501, 1516, 1535, 5, 28, 64
1331, 1351, 1375, 1388, 1423, 1424, 1450, 1477, 1502, 1518, 1534, 4, 29, 65
1331, 1351, 1375, 1388, 1423, 1424, 1450, 1477, 1502, 1518, 1534, 4, 29, 65, 66
1331, 1332, 1333, 1353, 1354, 1378, 1391, 1418, 1441, 1445, 1472, 1506, 1521, 1520, 1553, 1, 30, 67
1331, 1351, 1375, 1388, 1423, 1425, 1451, 1478, 1500, 1514, 1513, 1537, 7, 22, 60, 68
1331, 1351, 1375, 1388, 1423, 1425, 1451, 1478, 1500, 1514, 1513, 1537, 7, 22, 60, 61, 69
1331, 1351, 1375, 1388, 1423, 1425, 1451, 1478, 1501, 1515, 1536, 6, 26, 62, 70
1331, 1351, 1375, 1388, 1423, 1425, 1451, 1478, 1501, 1515, 1536, 6, 26, 62, 71
1331, 1351, 1375, 1388, 1423, 1425, 1451, 1478, 1501, 1516, 1535, 5, 28, 63, 72
1331, 1351, 1375, 1388, 1423, 1424, 1450, 1477, 1502, 1518, 1534, 4, 29, 65, 73
1331, 1351, 1375, 1388, 1423, 1424, 1450, 1477, 1502, 1518, 1534, 4, 29, 65, 74
1331, 1332, 1333, 1353, 1354, 1378, 1391, 1418, 1441, 1445, 1472, 1506, 1521, 1520, 1553, 1, 30, 67, 75
1331, 1332, 1333, 1353, 1354, 1378, 1391, 1418, 1441, 1445, 1472, 1506, 1521, 1520, 1553, 1, 30, 67, 76
1331, 1332, 1333, 1353, 1354, 1378, 1391, 1418, 1441, 1445, 1472, 1506, 1521, 1520, 1553, 1, 30, 67, 76, 77
1331, 1332, 1333, 1353, 1354, 1378, 1391, 1418, 1441, 1445, 1472, 1507, 1522, 1550, 20, 32, 46, 78
1331, 1332, 1333, 1353, 1354, 1378, 1391, 1418, 1441, 1445, 1472, 1507, 1522, 1550, 20, 32, 46, 79
1331, 1332, 1333, 1353, 1354, 1378, 1391, 1418, 1441, 1445, 1472, 1507, 1522, 1550, 20, 32, 46, 79, 80
1331, 1332, 1333, 1353, 1354, 1378, 1391, 1418, 1441, 1445, 1472, 1507, 1522, 1550, 1549, 19, 33, 47, 81
1331, 1332, 1333, 1353, 1354, 1378, 1391, 1418, 1441, 1445, 1472, 1507, 1522, 1550, 1549, 18, 34, 49, 82
1331, 1330, 1329, 1328, 1347, 1371, 1384, 1406, 1430, 1456, 1484, 1494, 1530, 1542, 12, 42, 55, 54, 53, 84, 83
1331, 1330, 1329, 1328, 1347, 1371, 1384, 1406, 1430, 1456, 1484, 1494, 1530, 1542, 12, 42, 55, 54, 53, 84
1331, 1330, 1329, 1328, 1347, 1371, 1384, 1406, 1430, 1456, 1484, 1494, 1530, 1542, 12, 42, 55, 85
1331, 1330, 1329, 1348, 1372, 1385, 1405, 1429, 1455, 1482, 1495, 1531, 1540, 11, 43, 56, 87, 86
1331, 1330, 1329, 1348, 1372, 1385, 1405, 1429, 1455, 1482, 1495, 1531, 1540, 11, 43, 56, 87
1331, 1330, 1329, 1348, 1372, 1385, 1405, 1429, 1455, 1482, 1495, 1531, 1540, 11, 43, 56, 88
1331, 1351, 1375, 1388, 1423, 1425, 1451, 1478, 1500, 1514, 1513, 1538, 1539, 10, 45, 59, 89
1331, 1330, 1329, 1328, 1347, 1371, 1384, 1406, 1430, 1456, 1484, 1494, 1530, 1542, 12, 42, 55, 54, 53, 84, 90
1331, 1330, 1329, 1328, 1347, 1371, 1384, 1406, 1430, 1456, 1484, 1494, 1530, 1542, 12, 42, 55, 54, 53, 84, 91
1331, 1330, 1329, 1328, 1347, 1371, 1384, 1406, 1430, 1456, 1484, 1494, 1530, 1542, 12, 42, 55, 54, 53, 84, 83, 92
1331, 1332, 1333, 1353, 1354, 1378, 1391, 1418, 1441, 1445, 1472, 1507, 1522, 1550, 1549, 18, 34, 49, 82, 93
1331, 1332, 1333, 1353, 1354, 1378, 1391, 1418, 1441, 1445, 1472, 1507, 1522, 1550, 1549, 18, 34, 49, 82, 94
1331, 1332, 1333, 1353, 1354, 1378, 1391, 1418, 1441, 1445, 1472, 1507, 1522, 1550, 20, 32, 46, 79, 80, 95
1331, 1332, 1333, 1353, 1354, 1378, 1391, 1418, 1441, 1445, 1472, 1507, 1522, 1550, 20, 32, 46, 79, 96
1331, 1351, 1375, 1388, 1423, 1424, 1450, 1477, 1502, 1518, 1534, 4, 29, 65, 74, 98, 97
1331, 1351, 1375, 1388, 1423, 1424, 1450, 1477, 1502, 1518, 1534, 4, 29, 65, 74, 98
1331, 1351, 1375, 1388, 1423, 1424, 1450, 1477, 1502, 1518, 1534, 4, 29, 65, 74, 99
