1506, 1521, 1520, 1552, 0
1506, 1521, 1520, 1553, 1
1506, 1521, 1520, 1553, 1, 2
1506, 1521, 1520, 1553, 1, 2, 3
1506, 1521, 1520, 1553, 1, 2, 3, 4
1506, 1521, 1520, 1553, 1, 2, 3, 4, 5
1506, 1521, 1520, 1553, 1, 2, 3, 4, 5, 6
1506, 1505, 1504, 1503, 1502, 1517, 1516, 1515, 1536, 1537, 7
1506, 1505, 1504, 1503, 1502, 1501, 1514, 1513, 1538, 8
1506, 1505, 1504, 1503, 1502, 1501, 1514, 1513, 1538, 8, 9
1506, 1505, 1504, 1503, 1502, 1501, 1514, 1513, 1538, 1539, 10
1506, 1505, 1504, 1503, 1502, 1501, 1514, 1513, 1538, 1539, 10, 11
1506, 1507, 1522, 1550, 1549, 17, 16, 15, 14, 13, 12
1506, 1507, 1522, 1550, 1549, 17, 16, 15, 14, 13
1506, 1507, 1522, 1550, 1549, 17, 16, 15, 14
1506, 1507, 1522, 1550, 1549, 17, 16, 15
1506, 1507, 1522, 1550, 1549, 17, 16
1506, 1507, 1522, 1550, 1549, 17
1506, 1507, 1522, 1550, 1549, 18
1506, 1507, 1522, 1550, 1549, 19
1506, 1507, 1522, 1550, 20
1506, 1505, 1504, 1503, 1502, 1501, 1514, 1513, 1538, 8, 21
1506, 1505, 1504, 1503, 1502, 1517, 1516, 1515, 1536, 1537, 7, 22
1506, 1505, 1504, 1503, 1502, 1501, 1514, 1513, 1538, 8, 23
1506, 1521, 1520, 1553, 1, 2, 29, 28, 27, 26, 25, 24
1506, 1521, 1520, 1553, 1, 2, 29, 28, 27, 26, 25
1506, 1521, 1520, 1553, 1, 2, 29, 28, 27, 26
1506, 1521, 1520, 1553, 1, 2, 29, 28, 27
1506, 1521, 1520, 1553, 1, 2, 29, 28
1506, 1521, 1520, 1553, 1, 2, 29
1506, 1521, 1520, 1553, 1, 30
1506, 1521, 1520, 1552, 0, 31
1506, 1507, 1522, 1550, 20, 32
1506, 1507, 1522, 1550, 1549, 19, 33
1506, 1507, 1522, 1550, 1549, 18, 34
1506, 1507, 1522, 1550, 1549, 17, 35
1506, 1507, 1522, 1550, 1549, 17, 35, 36
1506, 1507, 1522, 1550, 1549, 17, 35, 36, 37
1506, 1507, 1522, 1550, 1549, 17, 35, 36, 37, 38
1506, 1507, 1522, 1550, 1549, 17, 35, 36, 37, 38, 39
1506, 1507, 1522, 1550, 1549, 17, 35, 36, 37, 38, 39, 40
1506, 1507, 1522, 1550, 1549, 17, 35, 36, 37, 38, 39, 40, 41
1506, 1507, 1522, 1550, 1549, 17, 35, 36, 37, 38, 39, 40, 41, 42
1506, 1505, 1504, 1503, 1502, 1501, 1514, 1513, 1538, 1539, 10, 45, 44, 43
1506, 1505, 1504, 1503, 1502, 1501, 1514, 1513, 1538, 1539, 10, 45, 44
1506, 1505, 1504, 1503, 1502, 1501, 1514, 1513, 1538, 1539, 10, 45
1506, 1507, 1522, 1550, 20, 32, 46
1506, 1507, 1522, 1550, 1549, 19, 33, 47
1506, 1507, 1522, 1550, 1549, 18, 34, 48
1506, 1507, 1522, 1550, 1549, 18, 34, 49
1506, 1507, 1522, 1550, 1549, 18, 34, 49, 50
1506, 1507, 1522, 1550, 1549, 17, 35, 36, 37, 51
1506, 1507, 1522, 1550, 1549, 17, 35, 36, 37, 51, 52
1506, 1507, 1522, 1550, 1549, 17, 35, 36, 37, 51, 52, 53
1506, 1507, 1522, 1550, 1549, 17, 35, 36, 37, 51, 52, 53, 54
1506, 1507, 1522, 1550, 1549, 17, 35, 36, 37, 51, 52, 53, 54, 55
1506, 1507, 1522, 1550, 1549, 17, 35, 36, 37, 51, 52, 53, 54, 55, 56
1506, 1505, 1504, 1503, 1502, 1501, 1514, 1513, 1538, 1539, 10, 45, 59, 58, 57
1506, 1505, 1504, 1503, 1502, 1501, 1514, 1513, 1538, 1539, 10, 45, 59, 58
1506, 1505, 1504, 1503, 1502, 1501, 1514, 1513, 1538, 1539, 10, 45, 59
1506, 1521, 1520, 1553, 1, 2, 29, 28, 27, 62, 61, 60
1506, 1521, 1520, 1553, 1, 2, 29, 28, 27, 62, 61
1506, 1521, 1520, 1553, 1, 2, 29, 28, 27, 62
1506, 1521, 1520, 1553, 1, 30, 66, 65, 64, 63
1506, 1521, 1520, 1553, 1, 30, 66, 65, 64
1506, 1521, 1520, 1553, 1, 30, 66, 65
1506, 1521, 1520, 1553, 1, 30, 66
1506, 1521, 1520, 1553, 1, 30, 67
1506, 1521, 1520, 1553, 1, 2, 29, 28, 27, 62, 61, 60, 68
1506, 1521, 1520, 1553, 1, 30, 66, 74, 73, 72, 71, 70, 69
1506, 1521, 1520, 1553, 1, 30, 66, 74, 73, 72, 71, 70
1506, 1521, 1520, 1553, 1, 30, 66, 74, 73, 72, 71
1506, 1521, 1520, 1553, 1, 30, 66, 74, 73, 72
1506, 1521, 1520, 1553, 1, 30, 66, 74, 73
1506, 1521, 1520, 1553, 1, 30, 66, 74
1506, 1521, 1520, 1553, 1, 30, 67, 75
1506, 1521, 1520, 1553, 1, 30, 67, 76
1506, 1521, 1520, 1553, 1, 30, 67, 76, 77
1506, 1507, 1522, 1550, 20, 32, 46, 78
1506, 1507, 1522, 1550, 20, 32, 46, 79
1506, 1507, 1522, 1550, 20, 32, 46, 79, 80
1506, 1507, 1522, 1550, 1549, 19, 33, 47, 81
1506, 1507, 1522, 1550, 1549, 18, 34, 49, 82
1506, 1507, 1522, 1550, 1549, 17, 35, 36, 37, 51, 83
1506, 1507, 1522, 1550, 1549, 17, 35, 36, 37, 51, 83, 84
1506, 1507, 1522, 1550, 1549, 17, 35, 36, 37, 51, 83, 84, 85
1506, 1507, 1522, 1550, 1549, 17, 35, 36, 37, 51, 52, 53, 54, 55, 86
1506, 1507, 1522, 1550, 1549, 17, 35, 36, 37, 51, 52, 53, 54, 55, 86, 87
1506, 1507, 1522, 1550, 1549, 17, 35, 36, 37, 51, 52, 53, 54, 55, 56, 88
1506, 1505, 1504, 1503, 1502, 1501, 1514, 1513, 1538, 1539, 10, 45, 59, 89
1506, 1507, 1522, 1550, 1549, 18, 34, 49, 82, 93, 92, 91, 90
1506, 1507, 1522, 1550, 1549, 18, 34, 49, 82, 93, 92, 91
1506, 1507, 1522, 1550, 1549, 18, 34, 49, 82, 93, 92
1506, 1507, 1522, 1550, 1549, 18, 34, 49, 82, 93
1506, 1507, 1522, 1550, 1549, 18, 34, 49, 82, 94
1506, 1507, 1522, 1550, 20, 32, 46, 79, 80, 95
1506, 1507, 1522, 1550, 20, 32, 46, 79, 96
1506, 1521, 1520, 1553, 1, 30, 67, 75, 97
1506, 1521, 1520, 1553, 1, 30, 67, 75, 97, 98
1506, 1521, 1520, 1553, 1, 30, 66, 74, 99
