1348, 1373, 1386, 1404, 1427, 1453, 1478, 1477, 1502, 1518, 1534, 1533, 1553, 0
1348, 1373, 1386, 1404, 1427, 1453, 1478, 1477, 1502, 1518, 1534, 1533, 2, 1
1348, 1373, 1386, 1404, 1427, 1453, 1478, 1477, 1502, 1518, 1534, 1533, 2
1348, 1373, 1386, 1404, 1427, 1453, 1478, 1501, 1516, 1535, 5, 4, 3
1348, 1373, 1386, 1404, 1427, 1453, 1478, 1501, 1516, 1535, 5, 4
1348, 1373, 1386, 1404, 1427, 1453, 1478, 1501, 1516, 1535, 5
1348, 1373, 1386, 1404, 1427, 1453, 1478, 1501, 1515, 1536, 6
1348, 1372, 1385, 1405, 1429, 1454, 1480, 1498, 1513, 1537, 7
1348, 1372, 1385, 1405, 1429, 1454, 1480, 1498, 1513, 1538, 8
1348, 1372, 1385, 1405, 1429, 1454, 1481, 1497, 1532, 1539, 9
1348, 1372, 1385, 1405, 1429, 1454, 1481, 1497, 1532, 1539, 10
1348, 1372, 1385, 1405, 1429, 1455, 1482, 1495, 1531, 1540, 11
1348, 1347, 1371, 1384, 1406, 1430, 1456, 1484, 1494, 1530, 1542, 12
1348, 1347, 1371, 1384, 1406, 1430, 1456, 1484, 1494, 1530, 1542, 12, 13
1348, 1347, 1371, 1384, 1406, 1430, 1456, 1484, 1494, 1530, 1542, 12, 13, 14
1348, 1347, 1371, 1384, 1406, 1430, 1456, 1484, 1494, 1530, 1542, 12, 13, 14, 15
1348, 1347, 1371, 1384, 1406, 1430, 1456, 1484, 1494, 1530, 1529, 1544, 1545, 1546, 16
1348, 1347, 1371, 1384, 1406, 1430, 1456, 1484, 1494, 1530, 1529, 1544, 1545, 1546, 1547, 1548, 17
1348, 1347, 1371, 1384, 1406, 1430, 1456, 1484, 1494, 1530, 1529, 1544, 1545, 1546, 1547, 1548, 17, 18
1348, 1347, 1371, 1384, 1406, 1430, 1456, 1484, 1494, 1530, 1529, 1544, 1545, 1546, 1547, 1548, 1549, 19
1348, 1349, 1350, 1351, 1352, 1353, 1354, 1378, 1391, 1418, 1441, 1445, 1472, 1507, 1522, 1550, 20
1348, 1372, 1385, 1405, 1429, 1454, 1480, 1498, 1513, 1538, 8, 21
1348, 1372, 1385, 1405, 1429, 1454, 1480, 1498, 1513, 1537, 7, 22
1348, 1372, 1385, 1405, 1429, 1454, 1480, 1498, 1513, 1538, 8, 23
1348, 1372, 1385, 1405, 1429, 1454, 1480, 1498, 1513, 1537, 7, 24
1348, 1373, 1386, 1404, 1427, 1453, 1478, 1501, 1515, 1536, 6, 25
1348, 1373, 1386, 1404, 1427, 1453, 1478, 1501, 1515, 1536, 6, 26
1348, 1373, 1386, 1404, 1427, 1453, 1478, 1501, 1516, 1535, 5, 27
1348, 1373, 1386, 1404, 1427, 1453, 1478, 1501, 1516, 1535, 5, 28
1348, 1373, 1386, 1404, 1427, 1453, 1478, 1501, 1516, 1535, 5, 28, 29
1348, 1373, 1386, 1404, 1427, 1453, 1478, 1501, 1516, 1535, 5, 28, 29, 30
1348, 1373, 1386, 1404, 1427, 1453, 1478, 1477, 1502, 1518, 1534, 1533, 1553, 0, 31
1348, 1373, 1386, 1404, 1427, 1453, 1478, 1477, 1502, 1518, 1534, 1533, 1553, 0, 31, 32
1348, 1373, 1386, 1404, 1427, 1453, 1478, 1477, 1502, 1518, 1534, 1533, 1553, 0, 31, 32, 33
1348, 1347, 1371, 1384, 1406, 1430, 1456, 1484, 1494, 1530, 1529, 1544, 1545, 1546, 1547, 1548, 17, 18, 34
1348, 1347, 1371, 1384, 1406, 1430, 1456, 1484, 1494, 1530, 1542, 12, 42, 41, 40, 39, 38, 37, 36, 35
1348, 1347, 1371, 1384, 1406, 1430, 1456, 1484, 1494, 1530, 1542, 12, 42, 41, 40, 39, 38, 37, 36
1348, 1347, 1371, 1384, 1406, 1430, 1456, 1484, 1494, 1530, 1542, 12, 42, 41, 40, 39, 38, 37
1348, 1347, 1371, 1384, 1406, 1430, 1456, 1484, 1494, 1530, 1542, 12, 42, 41, 40, 39, 38
1348, 1347, 1371, 1384, 1406, 1430, 1456, 1484, 1494, 1530, 1542, 12, 42, 41, 40, 39
1348, 1347, 1371, 1384, 1406, 1430, 1456, 1484, 1494, 1530, 1542, 12, 42, 41, 40
1348, 1347, 1371, 1384, 1406, 1430, 1456, 1484, 1494, 1530, 1542, 12, 42, 41
1348, 1347, 1371, 1384, 1406, 1430, 1456, 1484, 1494, 1530, 1542, 12, 42
1348, 1372, 1385, 1405, 1429, 1455, 1482, 1495, 1531, 1540, 11, 43
1348, 1372, 1385, 1405, 1429, 1455, 1482, 1495, 1531, 1540, 11, 44
1348, 1372, 1385, 1405, 1429, 1454, 1481, 1497, 1532, 1539, 10, 45
1348, 1373, 1386, 1404, 1427, 1453, 1478, 1477, 1502, 1518, 1534, 1533, 1553, 0, 31, 32, 46
1348, 1373, 1386, 1404, 1427, 1453, 1478, 1477, 1502, 1518, 1534, 1533, 1553, 0, 31, 32, 33, 47
1348, 1347, 1371, 1384, 1406, 1430, 1456, 1484, 1494, 1530, 1529, 1544, 1545, 1546, 1547, 1548, 17, 18, 34, 48
1348, 1347, 1371, 1384, 1406, 1430, 1456, 1484, 1494, 1530, 1542, 12, 42, 41, 40, 39, 38, 37, 36, 35, 49
1348, 1347, 1371, 1384, 1406, 1430, 1456, 1484, 1494, 1530, 1542, 12, 42, 55, 54, 53, 52, 51, 50
1348, 1347, 1371, 1384, 1406, 1430, 1456, 1484, 1494, 1530, 1542, 12, 42, 55, 54, 53, 52, 51
1348, 1347, 1371, 1384, 1406, 1430, 1456, 1484, 1494, 1530, 1542, 12, 42, 55, 54, 53, 52
1348, 1347, 1371, 1384, 1406, 1430, 1456, 1484, 1494, 1530, 1542, 12, 42, 55, 54, 53
1348, 1347, 1371, 1384, 1406, 1430, 1456, 1484, 1494, 1530, 1542, 12, 42, 55, 54
1348, 1347, 1371, 1384, 1406, 1430, 1456, 1484, 1494, 1530, 1542, 12, 42, 55
1348, 1372, 1385, 1405, 1429, 1455, 1482, 1495, 1531, 1540, 11, 43, 56
1348, 1372, 1385, 1405, 1429, 1454, 1481, 1497, 1532, 1539, 10, 45, 59, 58, 57
1348, 1372, 1385, 1405, 1429, 1454, 1481, 1497, 1532, 1539, 10, 45, 59, 58
1348, 1372, 1385, 1405, 1429, 1454, 1481, 1497, 1532, 1539, 10, 45, 59
1348, 1372, 1385, 1405, 1429, 1454, 1480, 1498, 1513, 1537, 7, 22, 60
1348, 1372, 1385, 1405, 1429, 1454, 1480, 1498, 1513, 1537, 7, 22, 60, 61
1348, 1373, 1386, 1404, 1427, 1453, 1478, 1501, 1515, 1536, 6, 26, 62
1348, 1373, 1386, 1404, 1427, 1453, 1478, 1501, 1516, 1535, 5, 28, 63
1348, 1373, 1386, 1404, 1427, 1453, 1478, 1501, 1516, 1535, 5, 28, 64
1348, 1373, 1386, 1404, 1427, 1453, 1478, 1501, 1516, 1535, 5, 28, 64, 65
1348, 1373, 1386, 1404, 1427, 1453, 1478, 1501, 1516, 1535, 5, 28, 64, 65, 66
1348, 1373, 1386, 1404, 1427, 1453, 1478, 1501, 1516, 1535, 5, 28, 29, 30, 67
1348, 1372, 1385, 1405, 1429, 1454, 1480, 1498, 1513, 1537, 7, 22, 60, 68
1348, 1372, 1385, 1405, 1429, 1454, 1480, 1498, 1513, 1537, 7, 22, 60, 61, 69
1348, 1373, 1386, 1404, 1427, 1453, 1478, 1501, 1515, 1536, 6, 26, 62, 70
1348, 1373, 1386, 1404, 1427, 1453, 1478, 1501, 1515, 1536, 6, 26, 62, 71
1348, 1373, 1386, 1404, 1427, 1453, 1478, 1501, 1516, 1535, 5, 28, 63, 72
1348, 1373, 1386, 1404, 1427, 1453, 1478, 1501, 1516, 1535, 5, 28, 64, 65, 73
1348, 1373, 1386, 1404, 1427, 1453, 1478, 1501, 1516, 1535, 5, 28, 64, 65, 74
1348, 1373, 1386, 1404, 1427, 1453, 1478, 1501, 1516, 1535, 5, 28, 29, 30, 67, 75
1348, 1373, 1386, 1404, 1427, 1453, 1478, 1501, 1516, 1535, 5, 28, 29, 30, 67, 76
1348, 1373, 1386, 1404, 1427, 1453, 1478, 1501, 1516, 1535, 5, 28, 29, 30, 67, 76, 77
1348, 1373, 1386, 1404, 1427, 1453, 1478, 1501, 1516, 1535, 5, 28, 29, 30, 67, 76, 77, 78
1348, 1373, 1386, 1404, 1427, 1453, 1478, 1501, 1516, 1535, 5, 28, 29, 30, 67, 76, 77, 78, 79
1348, 1373, 1386, 1404, 1427, 1453, 1478, 1501, 1516, 1535, 5, 28, 29, 30, 67, 76, 77, 78, 79, 80
1348, 1373, 1386, 1404, 1427, 1453, 1478, 1501, 1516, 1535, 5, 28, 29, 30, 67, 76, 77, 78, 79, 80, 81
1348, 1347, 1371, 1384, 1406, 1430, 1456, 1484, 1494, 1530, 1542, 12, 42, 55, 54, 53, 84, 83, 82
1348, 1347, 1371, 1384, 1406, 1430, 1456, 1484, 1494, 1530, 1542, 12, 42, 55, 54, 53, 84, 83
1348, 1347, 1371, 1384, 1406, 1430, 1456, 1484, 1494, 1530, 1542, 12, 42, 55, 54, 53, 84
1348, 1347, 1371, 1384, 1406, 1430, 1456, 1484, 1494, 1530, 1542, 12, 42, 55, 85
1348, 1372, 1385, 1405, 1429, 1455, 1482, 1495, 1531, 1540, 11, 43, 56, 87, 86
1348, 1372, 1385, 1405, 1429, 1455, 1482, 1495, 1531, 1540, 11, 43, 56, 87
1348, 1372, 1385, 1405, 1429, 1455, 1482, 1495, 1531, 1540, 11, 43, 56, 88
1348, 1372, 1385, 1405, 1429, 1454, 1481, 1497, 1532, 1539, 10, 45, 59, 89
1348, 1347, 1371, 1384, 1406, 1430, 1456, 1484, 1494, 1530, 1542, 12, 42, 55, 54, 53, 84, 90
1348, 1347, 1371, 1384, 1406, 1430, 1456, 1484, 1494, 1530, 1542, 12, 42, 55, 54, 53, 84, 91
1348, 1347, 1371, 1384, 1406, 1430, 1456, 1484, 1494, 1530, 1542, 12, 42, 55, 54, 53, 84, 83, 92
1348, 1347, 1371, 1384, 1406, 1430, 1456, 1484, 1494, 1530, 1542, 12, 42, 55, 54, 53, 84, 83, 92, 93
1348, 1347, 1371, 1384, 1406, 1430, 1456, 1484, 1494, 1530, 1542, 12, 42, 55, 54, 53, 84, 83, 82, 94
1348, 1373, 1386, 1404, 1427, 1453, 1478, 1501, 1516, 1535, 5, 28, 29, 30, 67, 76, 77, 96, 95
1348, 1373, 1386, 1404, 1427, 1453, 1478, 1501, 1516, 1535, 5, 28, 29, 30, 67, 76, 77, 96
1348, 1373, 1386, 1404, 1427, 1453, 1478, 1501, 1516, 1535, 5, 28, 64, 65, 74, 98, 97
1348, 1373, 1386, 1404, 1427, 1453, 1478, 1501, 1516, 1535, 5, 28, 64, 65, 74, 98
1348, 1373, 1386, 1404, 1427, 1453, 1478, 1501, 1516, 1535, 5, 28, 64, 65, 74, 99
