291, 273, 250, 237, 236, 198, 176, 177, 163, 141, 117, 101, 72, 73, 74, 66, 30, 1, 0
291, 273, 250, 237, 236, 198, 176, 177, 163, 141, 117, 101, 72, 73, 74, 66, 30, 1
291, 273, 250, 237, 236, 198, 176, 177, 163, 141, 117, 101, 72, 64, 65, 29, 2
291, 273, 250, 237, 236, 198, 176, 177, 163, 141, 117, 101, 72, 64, 65, 29, 3
291, 273, 250, 237, 236, 198, 176, 177, 163, 141, 117, 101, 72, 64, 65, 29, 4
291, 273, 250, 237, 236, 198, 176, 177, 163, 141, 117, 101, 71, 62, 27, 5
291, 273, 250, 237, 199, 175, 162, 143, 115, 105, 68, 60, 24, 25, 6
291, 273, 250, 237, 199, 175, 162, 143, 115, 105, 68, 60, 22, 7
291, 273, 250, 237, 199, 175, 162, 143, 115, 105, 68, 60, 22, 8
291, 273, 250, 237, 199, 175, 162, 143, 115, 105, 68, 60, 22, 8, 9
291, 273, 251, 238, 200, 195, 160, 159, 145, 112, 107, 89, 59, 45, 10
291, 273, 251, 238, 200, 195, 160, 159, 145, 112, 107, 89, 57, 44, 11
291, 273, 251, 238, 200, 195, 160, 159, 145, 112, 107, 89, 57, 44, 11, 12
291, 273, 251, 238, 200, 195, 160, 159, 145, 112, 107, 89, 57, 44, 11, 12, 13
291, 273, 251, 238, 200, 195, 160, 159, 145, 112, 107, 89, 57, 44, 11, 12, 13, 14
291, 273, 251, 238, 200, 195, 160, 159, 145, 132, 108, 88, 56, 55, 54, 53, 52, 39, 15
291, 273, 251, 252, 218, 201, 194, 193, 157, 146, 131, 130, 111, 85, 84, 83, 51, 37, 16
291, 273, 250, 237, 236, 198, 176, 177, 163, 141, 118, 119, 120, 121, 96, 95, 80, 47, 33, 34, 18, 17
291, 273, 250, 237, 236, 198, 176, 177, 163, 141, 118, 119, 120, 121, 96, 95, 80, 47, 33, 34, 18
291, 273, 250, 237, 236, 198, 176, 177, 163, 141, 118, 119, 120, 121, 96, 95, 80, 47, 33, 19
291, 273, 250, 237, 236, 198, 176, 177, 163, 141, 118, 119, 120, 121, 96, 79, 46, 32, 20
291, 273, 250, 237, 199, 175, 162, 143, 115, 105, 68, 60, 21
291, 273, 250, 237, 199, 175, 162, 143, 115, 105, 68, 60, 22
291, 273, 250, 237, 199, 175, 162, 143, 115, 105, 68, 60, 23
291, 273, 250, 237, 199, 175, 162, 143, 115, 105, 68, 60, 24
291, 273, 250, 237, 199, 175, 162, 143, 115, 105, 68, 60, 24, 25
291, 273, 250, 237, 236, 198, 176, 177, 163, 141, 117, 101, 71, 62, 26
291, 273, 250, 237, 236, 198, 176, 177, 163, 141, 117, 101, 71, 62, 27
291, 273, 250, 237, 236, 198, 176, 177, 163, 141, 117, 101, 72, 63, 28
291, 273, 250, 237, 236, 198, 176, 177, 163, 141, 117, 101, 72, 64, 65, 29
291, 273, 250, 237, 236, 198, 176, 177, 163, 141, 117, 101, 72, 73, 74, 66, 30
291, 273, 250, 237, 236, 198, 176, 177, 163, 141, 117, 101, 72, 73, 74, 66, 67, 31
291, 273, 250, 237, 236, 198, 176, 177, 163, 141, 118, 119, 120, 121, 96, 79, 46, 32
291, 273, 250, 237, 236, 198, 176, 177, 163, 141, 118, 119, 120, 121, 96, 95, 80, 47, 33
291, 273, 250, 237, 236, 198, 176, 177, 163, 141, 118, 119, 120, 121, 96, 95, 80, 47, 33, 34
291, 273, 250, 237, 236, 198, 176, 177, 163, 141, 118, 119, 120, 121, 96, 95, 80, 47, 33, 34, 35
291, 273, 251, 252, 218, 201, 194, 193, 157, 146, 131, 130, 111, 85, 84, 83, 51, 37, 36
291, 273, 251, 252, 218, 201, 194, 193, 157, 146, 131, 130, 111, 85, 84, 83, 51, 37
291, 273, 251, 238, 200, 195, 160, 159, 145, 132, 108, 88, 56, 55, 54, 53, 52, 39, 38
291, 273, 251, 238, 200, 195, 160, 159, 145, 132, 108, 88, 56, 55, 54, 53, 52, 39
291, 273, 251, 238, 200, 195, 160, 159, 145, 132, 108, 88, 56, 55, 54, 53, 40
291, 273, 251, 238, 200, 195, 160, 159, 145, 132, 108, 88, 56, 55, 41
291, 273, 251, 238, 200, 195, 160, 159, 145, 112, 107, 89, 57, 44, 43, 42
291, 273, 251, 238, 200, 195, 160, 159, 145, 112, 107, 89, 57, 44, 43
291, 273, 251, 238, 200, 195, 160, 159, 145, 112, 107, 89, 57, 44
291, 273, 251, 238, 200, 195, 160, 159, 145, 112, 107, 89, 59, 45
291, 273, 250, 237, 236, 198, 176, 177, 163, 141, 118, 119, 120, 121, 96, 79, 46
291, 273, 250, 237, 236, 198, 176, 177, 163, 141, 118, 119, 120, 121, 96, 95, 80, 47
291, 273, 250, 237, 236, 198, 176, 177, 163, 141, 118, 119, 120, 121, 96, 95, 81, 48
291, 273, 250, 237, 236, 198, 176, 177, 163, 141, 118, 119, 120, 121, 96, 95, 81, 48, 49
291, 273, 251, 252, 218, 201, 194, 193, 157, 146, 131, 130, 111, 85, 84, 83, 50
291, 273, 251, 252, 218, 201, 194, 193, 157, 146, 131, 130, 111, 85, 84, 83, 51
291, 273, 251, 238, 200, 195, 160, 159, 145, 132, 108, 88, 56, 55, 54, 53, 52
291, 273, 251, 238, 200, 195, 160, 159, 145, 132, 108, 88, 56, 55, 54, 53
291, 273, 251, 238, 200, 195, 160, 159, 145, 132, 108, 88, 56, 55, 54
291, 273, 251, 238, 200, 195, 160, 159, 145, 132, 108, 88, 56, 55
291, 273, 251, 238, 200, 195, 160, 159, 145, 132, 108, 88, 56
291, 273, 251, 238, 200, 195, 160, 159, 145, 112, 107, 89, 57
291, 273, 251, 238, 200, 195, 160, 159, 145, 112, 107, 89, 58
291, 273, 251, 238, 200, 195, 160, 159, 145, 112, 107, 89, 59
291, 273, 250, 237, 199, 175, 162, 143, 115, 105, 68, 60
291, 273, 250, 237, 199, 175, 162, 143, 115, 105, 68, 60, 61
291, 273, 250, 237, 236, 198, 176, 177, 163, 141, 117, 101, 71, 62
291, 273, 250, 237, 236, 198, 176, 177, 163, 141, 117, 101, 72, 63
291, 273, 250, 237, 236, 198, 176, 177, 163, 141, 117, 101, 72, 64
291, 273, 250, 237, 236, 198, 176, 177, 163, 141, 117, 101, 72, 64, 65
291, 273, 250, 237, 236, 198, 176, 177, 163, 141, 117, 101, 72, 73, 74, 66
291, 273, 250, 237, 236, 198, 176, 177, 163, 141, 117, 101, 72, 73, 74, 66, 67
291, 273, 250, 237, 199, 175, 162, 143, 115, 105, 68
291, 273, 250, 237, 199, 175, 162, 143, 115, 105, 68, 69
291, 273, 250, 237, 236, 198, 176, 177, 163, 141, 117, 101, 70
291, 273, 250, 237, 236, 198, 176, 177, 163, 141, 117, 101, 71
291, 273, 250, 237, 236, 198, 176, 177, 163, 141, 117, 101, 72
291, 273, 250, 237, 236, 198, 176, 177, 163, 141, 117, 101, 72, 73
291, 273, 250, 237, 236, 198, 176, 177, 163, 141, 117, 101, 72, 73, 74
291, 273, 250, 237, 236, 198, 176, 177, 163, 141, 118, 119, 120, 97, 75
291, 273, 250, 237, 236, 198, 176, 177, 163, 141, 118, 119, 120, 97, 76
291, 273, 250, 237, 236, 198, 176, 177, 163, 141, 118, 119, 120, 97, 76, 77
291, 273, 250, 237, 236, 198, 176, 177, 163, 141, 118, 119, 120, 121, 96, 78
291, 273, 250, 237, 236, 198, 176, 177, 163, 141, 118, 119, 120, 121, 96, 79
291, 273, 250, 237, 236, 198, 176, 177, 163, 141, 118, 119, 120, 121, 96, 95, 80
291, 273, 250, 237, 236, 198, 176, 177, 163, 141, 118, 119, 120, 121, 96, 95, 81
291, 273, 250, 237, 236, 198, 176, 177, 178, 179, 180, 181, 182, 183, 184, 170, 154, 123, 94, 82
291, 273, 251, 252, 218, 201, 194, 193, 157, 146, 131, 130, 111, 85, 84, 83
291, 273, 251, 252, 218, 201, 194, 193, 157, 146, 131, 130, 111, 85, 84
291, 273, 251, 252, 218, 201, 194, 193, 157, 146, 131, 130, 111, 85
291, 273, 251, 238, 200, 195, 160, 159, 145, 132, 108, 88, 87, 86
291, 273, 251, 238, 200, 195, 160, 159, 145, 132, 108, 88, 87
291, 273, 251, 238, 200, 195, 160, 159, 145, 132, 108, 88
291, 273, 251, 238, 200, 195, 160, 159, 145, 112, 107, 89
291, 273, 251, 252, 218, 201, 194, 193, 157, 146, 147, 148, 149, 128, 90
291, 273, 251, 252, 218, 201, 194, 193, 157, 146, 147, 148, 149, 128, 90, 91
291, 273, 251, 252, 218, 201, 194, 193, 157, 146, 147, 148, 149, 128, 90, 91, 92
291, 273, 251, 252, 218, 201, 194, 193, 157, 146, 147, 148, 149, 128, 90, 91, 92, 93
291, 273, 250, 237, 236, 198, 176, 177, 178, 179, 180, 181, 182, 183, 184, 170, 154, 123, 94
291, 273, 250, 237, 236, 198, 176, 177, 163, 141, 118, 119, 120, 121, 96, 95
291, 273, 250, 237, 236, 198, 176, 177, 163, 141, 118, 119, 120, 121, 96
291, 273, 250, 237, 236, 198, 176, 177, 163, 141, 118, 119, 120, 97
291, 273, 250, 237, 236, 198, 176, 177, 163, 141, 118, 100, 99, 98
291, 273, 250, 237, 236, 198, 176, 177, 163, 141, 118, 100, 99
