554, 553, 534, 512, 482, 475, 457, 437, 398, 382, 358, 334, 312, 303, 283, 239, 227, 228, 213, 185, 171, 154, 123, 95, 80, 79, 46, 32, 31, 0
554, 553, 534, 512, 482, 475, 457, 437, 398, 382, 358, 334, 312, 303, 283, 239, 227, 228, 213, 185, 171, 154, 123, 95, 96, 77, 76, 67, 30, 1
554, 533, 532, 509, 488, 479, 442, 421, 422, 413, 374, 365, 350, 325, 291, 273, 250, 237, 236, 198, 176, 177, 163, 141, 117, 101, 72, 64, 65, 29, 2
554, 533, 532, 509, 488, 479, 442, 421, 422, 413, 374, 365, 350, 325, 291, 273, 250, 237, 236, 198, 176, 177, 163, 141, 117, 101, 72, 64, 65, 29, 3
554, 533, 532, 509, 488, 479, 442, 421, 422, 413, 374, 365, 350, 325, 291, 273, 250, 237, 236, 198, 176, 177, 163, 141, 117, 101, 72, 64, 65, 29, 4
554, 533, 532, 509, 488, 479, 442, 421, 422, 413, 374, 365, 350, 325, 291, 273, 250, 237, 236, 198, 176, 177, 163, 141, 117, 101, 71, 62, 27, 5
554, 533, 510, 483, 476, 440, 417, 395, 378, 361, 331, 307, 328, 286, 277, 254, 220, 202, 194, 159, 160, 144, 114, 106, 68, 60, 24, 25, 6
554, 533, 510, 483, 476, 440, 417, 395, 378, 361, 331, 307, 328, 286, 277, 254, 220, 202, 194, 159, 160, 144, 114, 106, 68, 60, 22, 7
554, 533, 510, 483, 476, 440, 417, 395, 378, 361, 331, 307, 328, 286, 277, 254, 220, 202, 194, 159, 160, 144, 114, 106, 68, 60, 22, 8
554, 533, 510, 483, 476, 440, 417, 395, 378, 361, 331, 307, 328, 286, 277, 254, 220, 202, 194, 159, 145, 112, 107, 89, 59, 45, 9
554, 533, 510, 483, 476, 440, 417, 395, 378, 361, 331, 307, 328, 286, 277, 254, 220, 202, 194, 159, 145, 112, 107, 89, 59, 45, 10
554, 533, 510, 483, 476, 440, 417, 395, 378, 361, 331, 308, 284, 279, 256, 222, 206, 191, 156, 147, 131, 109, 87, 56, 43, 11
554, 533, 510, 483, 476, 440, 417, 395, 378, 361, 331, 308, 284, 279, 256, 222, 206, 191, 156, 147, 131, 109, 87, 56, 43, 11, 12
554, 533, 510, 483, 476, 458, 438, 397, 380, 360, 333, 310, 305, 280, 257, 223, 207, 190, 155, 148, 129, 111, 85, 54, 41, 13
554, 533, 510, 483, 476, 458, 438, 397, 380, 360, 333, 310, 305, 281, 260, 225, 209, 188, 173, 151, 127, 90, 84, 52, 40, 14
554, 533, 510, 483, 476, 458, 438, 397, 380, 360, 333, 310, 305, 281, 260, 225, 209, 188, 173, 151, 127, 90, 84, 52, 39, 15
554, 533, 510, 483, 476, 458, 438, 397, 380, 360, 333, 310, 305, 281, 260, 225, 209, 188, 173, 152, 126, 92, 83, 51, 37, 16
554, 553, 534, 512, 482, 475, 457, 437, 398, 382, 358, 334, 312, 303, 283, 239, 227, 228, 213, 185, 171, 154, 123, 94, 82, 49, 34, 18, 17
554, 553, 534, 512, 482, 475, 457, 437, 398, 382, 358, 334, 312, 303, 283, 239, 227, 228, 213, 185, 171, 154, 123, 94, 82, 49, 34, 18
554, 553, 534, 512, 482, 475, 457, 437, 398, 382, 358, 334, 312, 303, 283, 239, 227, 228, 213, 185, 171, 154, 123, 94, 82, 49, 34, 19
554, 553, 534, 512, 482, 475, 457, 437, 398, 382, 358, 334, 312, 303, 283, 239, 227, 228, 213, 185, 171, 154, 123, 94, 82, 49, 34, 19, 20
554, 533, 510, 483, 476, 440, 417, 395, 378, 361, 331, 307, 328, 286, 277, 254, 220, 202, 194, 159, 160, 144, 114, 106, 68, 60, 21
554, 533, 510, 483, 476, 440, 417, 395, 378, 361, 331, 307, 328, 286, 277, 254, 220, 202, 194, 159, 160, 144, 114, 106, 68, 60, 22
554, 533, 510, 483, 476, 440, 417, 395, 378, 361, 331, 307, 328, 286, 277, 254, 220, 202, 194, 159, 160, 144, 114, 106, 68, 60, 23
554, 533, 510, 483, 476, 440, 417, 395, 378, 361, 331, 307, 328, 286, 277, 254, 220, 202, 194, 159, 160, 144, 114, 106, 68, 60, 24
554, 533, 510, 483, 476, 440, 417, 395, 378, 361, 331, 307, 328, 286, 277, 254, 220, 202, 194, 159, 160, 144, 114, 106, 68, 60, 24, 25
554, 533, 532, 509, 488, 479, 442, 421, 422, 413, 374, 365, 350, 325, 291, 273, 250, 237, 236, 198, 176, 177, 163, 141, 117, 101, 71, 62, 26
554, 533, 532, 509, 488, 479, 442, 421, 422, 413, 374, 365, 350, 325, 291, 273, 250, 237, 236, 198, 176, 177, 163, 141, 117, 101, 71, 62, 27
554, 533, 532, 509, 488, 479, 442, 421, 422, 413, 374, 365, 350, 325, 291, 273, 250, 237, 236, 198, 176, 177, 163, 141, 117, 101, 72, 63, 28
554, 533, 532, 509, 488, 479, 442, 421, 422, 413, 374, 365, 350, 325, 291, 273, 250, 237, 236, 198, 176, 177, 163, 141, 117, 101, 72, 64, 65, 29
554, 553, 534, 512, 482, 475, 457, 437, 398, 382, 358, 334, 312, 303, 283, 239, 227, 228, 213, 185, 171, 154, 123, 95, 96, 77, 76, 67, 30
554, 553, 534, 512, 482, 475, 457, 437, 398, 382, 358, 334, 312, 303, 283, 239, 227, 228, 213, 185, 171, 154, 123, 95, 80, 79, 46, 32, 31
554, 553, 534, 512, 482, 475, 457, 437, 398, 382, 358, 334, 312, 303, 283, 239, 227, 228, 213, 185, 171, 154, 123, 95, 80, 79, 46, 32
554, 553, 534, 512, 482, 475, 457, 437, 398, 382, 358, 334, 312, 303, 283, 239, 227, 228, 213, 185, 171, 154, 123, 94, 82, 49, 34, 33
554, 553, 534, 512, 482, 475, 457, 437, 398, 382, 358, 334, 312, 303, 283, 239, 227, 228, 213, 185, 171, 154, 123, 94, 82, 49, 34
554, 553, 534, 512, 482, 475, 457, 437, 398, 382, 358, 334, 312, 303, 283, 239, 227, 228, 213, 185, 171, 154, 123, 94, 82, 49, 35
554, 533, 510, 483, 476, 458, 438, 397, 380, 360, 333, 310, 305, 281, 260, 225, 209, 188, 173, 152, 126, 92, 83, 51, 37, 36
554, 533, 510, 483, 476, 458, 438, 397, 380, 360, 333, 310, 305, 281, 260, 225, 209, 188, 173, 152, 126, 92, 83, 51, 37
554, 533, 510, 483, 476, 458, 438, 397, 380, 360, 333, 310, 305, 281, 260, 225, 209, 188, 173, 152, 126, 92, 83, 51, 38
554, 533, 510, 483, 476, 458, 438, 397, 380, 360, 333, 310, 305, 281, 260, 225, 209, 188, 173, 151, 127, 90, 84, 52, 39
554, 533, 510, 483, 476, 458, 438, 397, 380, 360, 333, 310, 305, 281, 260, 225, 209, 188, 173, 151, 127, 90, 84, 52, 40
554, 533, 510, 483, 476, 458, 438, 397, 380, 360, 333, 310, 305, 280, 257, 223, 207, 190, 155, 148, 129, 111, 85, 54, 41
554, 533, 510, 483, 476, 458, 438, 397, 380, 360, 333, 310, 305, 280, 257, 223, 207, 190, 155, 148, 129, 111, 85, 55, 42
554, 533, 510, 483, 476, 440, 417, 395, 378, 361, 331, 308, 284, 279, 256, 222, 206, 191, 156, 147, 131, 109, 87, 56, 43
554, 533, 510, 483, 476, 440, 417, 395, 378, 361, 331, 307, 328, 286, 277, 254, 220, 202, 194, 159, 145, 112, 107, 89, 57, 44
554, 533, 510, 483, 476, 440, 417, 395, 378, 361, 331, 307, 328, 286, 277, 254, 220, 202, 194, 159, 145, 112, 107, 89, 59, 45
554, 553, 534, 512, 482, 475, 457, 437, 398, 382, 358, 334, 312, 303, 283, 239, 227, 228, 213, 185, 171, 154, 123, 95, 80, 79, 46
554, 553, 534, 512, 482, 475, 457, 437, 398, 382, 358, 334, 312, 303, 283, 239, 227, 228, 213, 185, 171, 154, 123, 95, 80, 47
554, 553, 534, 512, 482, 475, 457, 437, 398, 382, 358, 334, 312, 303, 283, 239, 227, 228, 213, 185, 171, 154, 123, 94, 82, 49, 48
554, 553, 534, 512, 482, 475, 457, 437, 398, 382, 358, 334, 312, 303, 283, 239, 227, 228, 213, 185, 171, 154, 123, 94, 82, 49
554, 533, 510, 483, 476, 458, 438, 397, 380, 360, 333, 310, 305, 281, 260, 225, 209, 188, 173, 152, 126, 92, 83, 50
554, 533, 510, 483, 476, 458, 438, 397, 380, 360, 333, 310, 305, 281, 260, 225, 209, 188, 173, 152, 126, 92, 83, 51
554, 533, 510, 483, 476, 458, 438, 397, 380, 360, 333, 310, 305, 281, 260, 225, 209, 188, 173, 151, 127, 90, 84, 52
554, 533, 510, 483, 476, 458, 438, 397, 380, 360, 333, 310, 305, 281, 260, 225, 209, 188, 173, 151, 127, 90, 84, 53
554, 533, 510, 483, 476, 458, 438, 397, 380, 360, 333, 310, 305, 280, 257, 223, 207, 190, 155, 148, 129, 111, 85, 54
554, 533, 510, 483, 476, 458, 438, 397, 380, 360, 333, 310, 305, 280, 257, 223, 207, 190, 155, 148, 129, 111, 85, 55
554, 533, 510, 483, 476, 440, 417, 395, 378, 361, 331, 308, 284, 279, 256, 222, 206, 191, 156, 147, 131, 109, 87, 56
554, 533, 510, 483, 476, 440, 417, 395, 378, 361, 331, 307, 328, 286, 277, 254, 220, 202, 194, 159, 145, 112, 107, 89, 57
554, 533, 510, 483, 476, 440, 417, 395, 378, 361, 331, 307, 328, 286, 277, 254, 220, 202, 194, 159, 145, 112, 107, 89, 58
554, 533, 510, 483, 476, 440, 417, 395, 378, 361, 331, 307, 328, 286, 277, 254, 220, 202, 194, 159, 145, 112, 107, 89, 59
554, 533, 510, 483, 476, 440, 417, 395, 378, 361, 331, 307, 328, 286, 277, 254, 220, 202, 194, 159, 160, 144, 114, 106, 68, 60
554, 533, 510, 483, 476, 440, 417, 395, 378, 361, 331, 307, 328, 286, 277, 254, 220, 202, 194, 159, 160, 144, 114, 106, 68, 60, 61
554, 533, 532, 509, 488, 479, 442, 421, 422, 413, 374, 365, 350, 325, 291, 273, 250, 237, 236, 198, 176, 177, 163, 141, 117, 101, 71, 62
554, 533, 532, 509, 488, 479, 442, 421, 422, 413, 374, 365, 350, 325, 291, 273, 250, 237, 236, 198, 176, 177, 163, 141, 117, 101, 72, 63
554, 533, 532, 509, 488, 479, 442, 421, 422, 413, 374, 365, 350, 325, 291, 273, 250, 237, 236, 198, 176, 177, 163, 141, 117, 101, 72, 64
554, 533, 532, 509, 488, 479, 442, 421, 422, 413, 374, 365, 350, 325, 291, 273, 250, 237, 236, 198, 176, 177, 163, 141, 117, 101, 72, 64, 65
554, 553, 534, 512, 482, 475, 457, 437, 398, 382, 358, 334, 312, 303, 283, 239, 227, 228, 213, 185, 171, 154, 123, 95, 96, 77, 76, 67, 66
554, 553, 534, 512, 482, 475, 457, 437, 398, 382, 358, 334, 312, 303, 283, 239, 227, 228, 213, 185, 171, 154, 123, 95, 96, 77, 76, 67
554, 533, 510, 483, 476, 440, 417, 395, 378, 361, 331, 307, 328, 286, 277, 254, 220, 202, 194, 159, 160, 144, 114, 106, 68
554, 533, 510, 483, 476, 440, 417, 395, 378, 361, 331, 307, 328, 286, 277, 254, 220, 202, 194, 159, 160, 144, 114, 106, 68, 69
554, 533, 532, 509, 488, 479, 442, 421, 422, 413, 374, 365, 350, 325, 291, 273, 250, 237, 236, 198, 176, 177, 163, 141, 117, 101, 70
554, 533, 532, 509, 488, 479, 442, 421, 422, 413, 374, 365, 350, 325, 291, 273, 250, 237, 236, 198, 176, 177, 163, 141, 117, 101, 71
554, 533, 532, 509, 488, 479, 442, 421, 422, 413, 374, 365, 350, 325, 291, 273, 250, 237, 236, 198, 176, 177, 163, 141, 117, 101, 72
554, 533, 532, 509, 488, 479, 442, 421, 422, 413, 374, 365, 350, 325, 291, 273, 250, 237, 236, 198, 176, 177, 163, 141, 117, 101, 72, 73
554, 553, 534, 512, 482, 475, 457, 437, 398, 382, 358, 334, 312, 303, 283, 239, 240, 229, 230, 214, 183, 167, 135, 120, 98, 74
554, 553, 534, 512, 482, 475, 457, 437, 398, 382, 358, 334, 312, 303, 283, 239, 227, 228, 213, 185, 171, 154, 123, 95, 96, 77, 76, 75
554, 553, 534, 512, 482, 475, 457, 437, 398, 382, 358, 334, 312, 303, 283, 239, 227, 228, 213, 185, 171, 154, 123, 95, 96, 77, 76
554, 553, 534, 512, 482, 475, 457, 437, 398, 382, 358, 334, 312, 303, 283, 239, 227, 228, 213, 185, 171, 154, 123, 95, 96, 77
554, 553, 534, 512, 482, 475, 457, 437, 398, 382, 358, 334, 312, 303, 283, 239, 227, 228, 213, 185, 171, 154, 123, 95, 80, 79, 78
554, 553, 534, 512, 482, 475, 457, 437, 398, 382, 358, 334, 312, 303, 283, 239, 227, 228, 213, 185, 171, 154, 123, 95, 80, 79
554, 553, 534, 512, 482, 475, 457, 437, 398, 382, 358, 334, 312, 303, 283, 239, 227, 228, 213, 185, 171, 154, 123, 95, 80
554, 553, 534, 512, 482, 475, 457, 437, 398, 382, 358, 334, 312, 303, 283, 239, 227, 228, 213, 185, 171, 154, 123, 95, 81
554, 553, 534, 512, 482, 475, 457, 437, 398, 382, 358, 334, 312, 303, 283, 239, 227, 228, 213, 185, 171, 154, 123, 94, 82
554, 533, 510, 483, 476, 458, 438, 397, 380, 360, 333, 310, 305, 281, 260, 225, 209, 188, 173, 152, 126, 92, 83
554, 533, 510, 483, 476, 458, 438, 397, 380, 360, 333, 310, 305, 281, 260, 225, 209, 188, 173, 151, 127, 90, 84
554, 533, 510, 483, 476, 458, 438, 397, 380, 360, 333, 310, 305, 280, 257, 223, 207, 190, 155, 148, 129, 111, 85
554, 533, 510, 483, 476, 458, 438, 397, 380, 360, 333, 310, 305, 280, 257, 223, 207, 190, 155, 148, 129, 111, 86
554, 533, 510, 483, 476, 440, 417, 395, 378, 361, 331, 308, 284, 279, 256, 222, 206, 191, 156, 147, 131, 109, 87
554, 533, 510, 483, 476, 440, 417, 395, 378, 361, 331, 308, 284, 279, 256, 222, 206, 191, 156, 147, 131, 109, 87, 88
554, 533, 510, 483, 476, 440, 417, 395, 378, 361, 331, 307, 328, 286, 277, 254, 220, 202, 194, 159, 145, 112, 107, 89
554, 533, 510, 483, 476, 458, 438, 397, 380, 360, 333, 310, 305, 281, 260, 225, 209, 188, 173, 151, 127, 90
554, 533, 510, 483, 476, 458, 438, 397, 380, 360, 333, 310, 305, 281, 260, 225, 209, 188, 173, 151, 127, 91
554, 533, 510, 483, 476, 458, 438, 397, 380, 360, 333, 310, 305, 281, 260, 225, 209, 188, 173, 152, 126, 92
554, 533, 510, 483, 476, 458, 438, 397, 380, 360, 333, 310, 305, 281, 260, 225, 209, 210, 187, 186, 172, 153, 125, 93
554, 553, 534, 512, 482, 475, 457, 437, 398, 382, 358, 334, 312, 303, 283, 239, 227, 228, 213, 185, 171, 154, 123, 94
554, 553, 534, 512, 482, 475, 457, 437, 398, 382, 358, 334, 312, 303, 283, 239, 227, 228, 213, 185, 171, 154, 123, 95
554, 553, 534, 512, 482, 475, 457, 437, 398, 382, 358, 334, 312, 303, 283, 239, 227, 228, 213, 185, 171, 154, 123, 95, 96
554, 553, 534, 512, 482, 475, 457, 437, 398, 382, 358, 334, 312, 303, 283, 239, 240, 229, 230, 214, 183, 167, 135, 120, 97
554, 553, 534, 512, 482, 475, 457, 437, 398, 382, 358, 334, 312, 303, 283, 239, 240, 229, 230, 214, 183, 167, 135, 120, 98
554, 553, 534, 512, 482, 475, 457, 437, 398, 382, 358, 334, 312, 303, 283, 239, 240, 229, 230, 214, 183, 167, 135, 120, 98, 99
