647, 610, 594, 571, 546, 539, 518, 500, 471, 454, 434, 402, 385, 355, 339, 315, 301, 262, 242, 230, 214, 183, 168, 134, 122, 96, 79, 46, 32, 31, 0
647, 610, 594, 571, 546, 539, 518, 500, 471, 454, 434, 402, 385, 355, 339, 315, 301, 262, 242, 230, 214, 183, 168, 134, 122, 96, 77, 76, 67, 30, 1
647, 610, 594, 571, 546, 539, 518, 500, 471, 454, 434, 402, 385, 355, 339, 315, 301, 262, 242, 230, 214, 183, 167, 135, 120, 98, 74, 65, 29, 2
647, 610, 594, 571, 546, 539, 518, 500, 471, 454, 434, 402, 385, 355, 339, 315, 301, 262, 242, 230, 214, 183, 167, 135, 120, 98, 74, 65, 29, 3
647, 610, 594, 571, 546, 539, 518, 500, 471, 454, 434, 402, 385, 355, 339, 315, 301, 262, 242, 230, 214, 183, 167, 135, 120, 98, 74, 65, 29, 4
647, 610, 594, 571, 546, 539, 518, 500, 471, 454, 434, 402, 385, 355, 339, 315, 301, 262, 242, 230, 214, 183, 167, 135, 120, 98, 74, 65, 64, 28, 5
647, 610, 594, 571, 546, 539, 518, 500, 471, 454, 434, 402, 385, 355, 339, 315, 301, 262, 242, 230, 214, 183, 167, 135, 120, 98, 74, 65, 64, 28, 5, 6
647, 646, 626, 597, 568, 550, 536, 514, 481, 473, 457, 437, 438, 396, 378, 361, 331, 307, 328, 286, 277, 254, 220, 202, 194, 159, 160, 144, 114, 106, 68, 60, 22, 7
647, 646, 626, 597, 568, 550, 536, 514, 481, 473, 457, 437, 438, 396, 378, 361, 331, 307, 328, 286, 277, 254, 220, 202, 194, 159, 160, 144, 114, 106, 68, 60, 22, 8
647, 646, 626, 597, 568, 550, 536, 514, 481, 473, 457, 437, 438, 396, 378, 361, 331, 307, 328, 286, 277, 254, 220, 202, 194, 159, 145, 112, 107, 89, 59, 45, 9
647, 646, 626, 597, 568, 550, 536, 514, 481, 473, 457, 437, 438, 396, 378, 361, 331, 307, 328, 286, 277, 254, 220, 202, 194, 159, 145, 112, 107, 89, 59, 45, 10
647, 646, 626, 597, 568, 550, 536, 514, 481, 473, 457, 437, 398, 381, 359, 333, 310, 305, 280, 257, 223, 207, 190, 155, 148, 130, 131, 109, 87, 56, 43, 11
647, 646, 626, 597, 568, 550, 536, 514, 481, 473, 457, 437, 398, 381, 359, 333, 310, 305, 280, 257, 223, 207, 190, 155, 148, 129, 111, 85, 55, 42, 12
647, 646, 626, 597, 568, 550, 536, 514, 481, 473, 457, 437, 398, 381, 359, 333, 310, 305, 280, 257, 223, 207, 190, 155, 148, 129, 111, 85, 54, 41, 13
647, 646, 626, 597, 568, 550, 536, 514, 481, 473, 457, 437, 398, 381, 359, 333, 310, 305, 281, 260, 225, 209, 188, 173, 151, 127, 90, 84, 52, 40, 14
647, 646, 626, 597, 568, 550, 536, 514, 481, 473, 457, 437, 398, 381, 359, 333, 310, 305, 281, 260, 225, 209, 188, 173, 151, 127, 90, 84, 52, 39, 15
647, 646, 626, 597, 568, 550, 536, 514, 481, 473, 457, 437, 398, 381, 359, 333, 310, 305, 281, 260, 225, 209, 188, 173, 152, 126, 92, 83, 51, 37, 16
647, 646, 626, 597, 568, 550, 536, 514, 481, 473, 457, 437, 398, 382, 358, 334, 312, 303, 283, 239, 227, 228, 213, 185, 171, 154, 123, 94, 82, 49, 34, 18, 17
647, 646, 626, 597, 568, 550, 536, 514, 481, 473, 457, 437, 398, 382, 358, 334, 312, 303, 283, 239, 227, 228, 213, 185, 171, 154, 123, 94, 82, 49, 34, 18
647, 646, 626, 597, 568, 550, 536, 514, 481, 473, 457, 437, 398, 382, 358, 334, 312, 303, 283, 239, 227, 228, 213, 185, 171, 154, 123, 94, 82, 49, 34, 19
647, 610, 594, 571, 546, 539, 518, 500, 471, 454, 434, 402, 385, 355, 339, 315, 301, 262, 242, 230, 214, 183, 168, 134, 122, 96, 79, 46, 32, 20
647, 646, 626, 597, 568, 550, 536, 514, 481, 473, 457, 437, 438, 396, 378, 361, 331, 307, 328, 286, 277, 254, 220, 202, 194, 159, 160, 144, 114, 106, 68, 60, 21
647, 646, 626, 597, 568, 550, 536, 514, 481, 473, 457, 437, 438, 396, 378, 361, 331, 307, 328, 286, 277, 254, 220, 202, 194, 159, 160, 144, 114, 106, 68, 60, 22
647, 646, 626, 597, 568, 550, 536, 514, 481, 473, 457, 437, 438, 396, 378, 361, 331, 307, 328, 286, 277, 254, 220, 202, 194, 159, 160, 144, 114, 106, 68, 60, 23
647, 646, 626, 597, 568, 550, 536, 514, 481, 473, 457, 437, 438, 396, 378, 361, 331, 307, 328, 286, 277, 254, 220, 202, 194, 159, 160, 144, 114, 106, 68, 60, 24
647, 610, 594, 571, 546, 539, 518, 500, 471, 454, 434, 402, 385, 355, 339, 315, 301, 262, 242, 230, 214, 183, 167, 135, 120, 98, 74, 65, 64, 63, 62, 25
647, 610, 594, 571, 546, 539, 518, 500, 471, 454, 434, 402, 385, 355, 339, 315, 301, 262, 242, 230, 214, 183, 167, 135, 120, 98, 74, 65, 64, 28, 27, 26
647, 610, 594, 571, 546, 539, 518, 500, 471, 454, 434, 402, 385, 355, 339, 315, 301, 262, 242, 230, 214, 183, 167, 135, 120, 98, 74, 65, 64, 28, 27
647, 610, 594, 571, 546, 539, 518, 500, 471, 454, 434, 402, 385, 355, 339, 315, 301, 262, 242, 230, 214, 183, 167, 135, 120, 98, 74, 65, 64, 28
647, 610, 594, 571, 546, 539, 518, 500, 471, 454, 434, 402, 385, 355, 339, 315, 301, 262, 242, 230, 214, 183, 167, 135, 120, 98, 74, 65, 29
647, 610, 594, 571, 546, 539, 518, 500, 471, 454, 434, 402, 385, 355, 339, 315, 301, 262, 242, 230, 214, 183, 168, 134, 122, 96, 77, 76, 67, 30
647, 610, 594, 571, 546, 539, 518, 500, 471, 454, 434, 402, 385, 355, 339, 315, 301, 262, 242, 230, 214, 183, 168, 134, 122, 96, 79, 46, 32, 31
647, 610, 594, 571, 546, 539, 518, 500, 471, 454, 434, 402, 385, 355, 339, 315, 301, 262, 242, 230, 214, 183, 168, 134, 122, 96, 79, 46, 32
647, 646, 626, 597, 568, 550, 536, 514, 481, 473, 457, 437, 398, 382, 358, 334, 312, 303, 283, 239, 227, 228, 213, 185, 171, 154, 123, 94, 82, 49, 34, 33
647, 646, 626, 597, 568, 550, 536, 514, 481, 473, 457, 437, 398, 382, 358, 334, 312, 303, 283, 239, 227, 228, 213, 185, 171, 154, 123, 94, 82, 49, 34
647, 646, 626, 597, 568, 550, 536, 514, 481, 473, 457, 437, 398, 382, 358, 334, 312, 303, 283, 239, 227, 228, 213, 185, 171, 154, 123, 94, 82, 49, 35
647, 646, 626, 597, 568, 550, 536, 514, 481, 473, 457, 437, 398, 381, 359, 333, 310, 305, 281, 260, 225, 209, 188, 173, 152, 126, 92, 83, 51, 37, 36
647, 646, 626, 597, 568, 550, 536, 514, 481, 473, 457, 437, 398, 381, 359, 333, 310, 305, 281, 260, 225, 209, 188, 173, 152, 126, 92, 83, 51, 37
647, 646, 626, 597, 568, 550, 536, 514, 481, 473, 457, 437, 398, 381, 359, 333, 310, 305, 281, 260, 225, 209, 188, 173, 152, 126, 92, 83, 51, 38
647, 646, 626, 597, 568, 550, 536, 514, 481, 473, 457, 437, 398, 381, 359, 333, 310, 305, 281, 260, 225, 209, 188, 173, 151, 127, 90, 84, 52, 39
647, 646, 626, 597, 568, 550, 536, 514, 481, 473, 457, 437, 398, 381, 359, 333, 310, 305, 281, 260, 225, 209, 188, 173, 151, 127, 90, 84, 52, 40
647, 646, 626, 597, 568, 550, 536, 514, 481, 473, 457, 437, 398, 381, 359, 333, 310, 305, 280, 257, 223, 207, 190, 155, 148, 129, 111, 85, 54, 41
647, 646, 626, 597, 568, 550, 536, 514, 481, 473, 457, 437, 398, 381, 359, 333, 310, 305, 280, 257, 223, 207, 190, 155, 148, 129, 111, 85, 55, 42
647, 646, 626, 597, 568, 550, 536, 514, 481, 473, 457, 437, 398, 381, 359, 333, 310, 305, 280, 257, 223, 207, 190, 155, 148, 130, 131, 109, 87, 56, 43
647, 646, 626, 597, 568, 550, 536, 514, 481, 473, 457, 437, 438, 396, 378, 361, 331, 307, 328, 286, 277, 254, 220, 202, 194, 159, 145, 112, 107, 89, 57, 44
647, 646, 626, 597, 568, 550, 536, 514, 481, 473, 457, 437, 438, 396, 378, 361, 331, 307, 328, 286, 277, 254, 220, 202, 194, 159, 145, 112, 107, 89, 59, 45
647, 610, 594, 571, 546, 539, 518, 500, 471, 454, 434, 402, 385, 355, 339, 315, 301, 262, 242, 230, 214, 183, 168, 134, 122, 96, 79, 46
647, 646, 626, 597, 568, 550, 536, 514, 481, 473, 457, 437, 398, 382, 358, 334, 312, 303, 283, 239, 227, 228, 213, 185, 171, 154, 123, 95, 80, 47
647, 646, 626, 597, 568, 550, 536, 514, 481, 473, 457, 437, 398, 382, 358, 334, 312, 303, 283, 239, 227, 228, 213, 185, 171, 154, 123, 94, 82, 49, 48
647, 646, 626, 597, 568, 550, 536, 514, 481, 473, 457, 437, 398, 382, 358, 334, 312, 303, 283, 239, 227, 228, 213, 185, 171, 154, 123, 94, 82, 49
647, 646, 626, 597, 568, 550, 536, 514, 481, 473, 457, 437, 398, 381, 359, 333, 310, 305, 281, 260, 225, 209, 188, 173, 152, 126, 92, 83, 50
647, 646, 626, 597, 568, 550, 536, 514, 481, 473, 457, 437, 398, 381, 359, 333, 310, 305, 281, 260, 225, 209, 188, 173, 152, 126, 92, 83, 51
647, 646, 626, 597, 568, 550, 536, 514, 481, 473, 457, 437, 398, 381, 359, 333, 310, 305, 281, 260, 225, 209, 188, 173, 151, 127, 90, 84, 52
647, 646, 626, 597, 568, 550, 536, 514, 481, 473, 457, 437, 398, 381, 359, 333, 310, 305, 281, 260, 225, 209, 188, 173, 151, 127, 90, 84, 53
647, 646, 626, 597, 568, 550, 536, 514, 481, 473, 457, 437, 398, 381, 359, 333, 310, 305, 280, 257, 223, 207, 190, 155, 148, 129, 111, 85, 54
647, 646, 626, 597, 568, 550, 536, 514, 481, 473, 457, 437, 398, 381, 359, 333, 310, 305, 280, 257, 223, 207, 190, 155, 148, 129, 111, 85, 55
647, 646, 626, 597, 568, 550, 536, 514, 481, 473, 457, 437, 398, 381, 359, 333, 310, 305, 280, 257, 223, 207, 190, 155, 148, 130, 131, 109, 87, 56
647, 646, 626, 597, 568, 550, 536, 514, 481, 473, 457, 437, 438, 396, 378, 361, 331, 307, 328, 286, 277, 254, 220, 202, 194, 159, 145, 112, 107, 89, 57
647, 646, 626, 597, 568, 550, 536, 514, 481, 473, 457, 437, 438, 396, 378, 361, 331, 307, 328, 286, 277, 254, 220, 202, 194, 159, 145, 112, 107, 89, 58
647, 646, 626, 597, 568, 550, 536, 514, 481, 473, 457, 437, 438, 396, 378, 361, 331, 307, 328, 286, 277, 254, 220, 202, 194, 159, 145, 112, 107, 89, 59
647, 646, 626, 597, 568, 550, 536, 514, 481, 473, 457, 437, 438, 396, 378, 361, 331, 307, 328, 286, 277, 254, 220, 202, 194, 159, 160, 144, 114, 106, 68, 60
647, 646, 626, 597, 568, 550, 536, 514, 481, 473, 457, 437, 438, 396, 378, 361, 331, 307, 328, 286, 277, 254, 220, 202, 194, 159, 160, 144, 114, 106, 68, 60, 61
647, 610, 594, 571, 546, 539, 518, 500, 471, 454, 434, 402, 385, 355, 339, 315, 301, 262, 242, 230, 214, 183, 167, 135, 120, 98, 74, 65, 64, 63, 62
647, 610, 594, 571, 546, 539, 518, 500, 471, 454, 434, 402, 385, 355, 339, 315, 301, 262, 242, 230, 214, 183, 167, 135, 120, 98, 74, 65, 64, 63
647, 610, 594, 571, 546, 539, 518, 500, 471, 454, 434, 402, 385, 355, 339, 315, 301, 262, 242, 230, 214, 183, 167, 135, 120, 98, 74, 65, 64
647, 610, 594, 571, 546, 539, 518, 500, 471, 454, 434, 402, 385, 355, 339, 315, 301, 262, 242, 230, 214, 183, 167, 135, 120, 98, 74, 65
647, 610, 594, 571, 546, 539, 518, 500, 471, 454, 434, 402, 385, 355, 339, 315, 301, 262, 242, 230, 214, 183, 168, 134, 122, 96, 77, 76, 67, 66
647, 610, 594, 571, 546, 539, 518, 500, 471, 454, 434, 402, 385, 355, 339, 315, 301, 262, 242, 230, 214, 183, 168, 134, 122, 96, 77, 76, 67
647, 646, 626, 597, 568, 550, 536, 514, 481, 473, 457, 437, 438, 396, 378, 361, 331, 307, 328, 286, 277, 254, 220, 202, 194, 159, 160, 144, 114, 106, 68
647, 646, 626, 597, 568, 550, 536, 514, 481, 473, 457, 437, 438, 396, 378, 361, 331, 307, 328, 286, 277, 254, 220, 202, 194, 159, 160, 144, 114, 106, 68, 69
647, 610, 594, 571, 546, 539, 518, 500, 471, 454, 434, 402, 385, 355, 339, 315, 301, 262, 242, 230, 214, 183, 167, 135, 120, 98, 99, 100, 101, 70
647, 610, 594, 571, 546, 539, 518, 500, 471, 454, 434, 402, 385, 355, 339, 315, 301, 262, 242, 230, 214, 183, 167, 135, 120, 98, 99, 100, 101, 71
647, 610, 594, 571, 546, 539, 518, 500, 471, 454, 434, 402, 385, 355, 339, 315, 301, 262, 242, 230, 214, 183, 167, 135, 120, 98, 74, 73, 72
647, 610, 594, 571, 546, 539, 518, 500, 471, 454, 434, 402, 385, 355, 339, 315, 301, 262, 242, 230, 214, 183, 167, 135, 120, 98, 74, 73
647, 610, 594, 571, 546, 539, 518, 500, 471, 454, 434, 402, 385, 355, 339, 315, 301, 262, 242, 230, 214, 183, 167, 135, 120, 98, 74
647, 610, 594, 571, 546, 539, 518, 500, 471, 454, 434, 402, 385, 355, 339, 315, 301, 262, 242, 230, 214, 183, 168, 134, 122, 96, 77, 76, 75
647, 610, 594, 571, 546, 539, 518, 500, 471, 454, 434, 402, 385, 355, 339, 315, 301, 262, 242, 230, 214, 183, 168, 134, 122, 96, 77, 76
647, 610, 594, 571, 546, 539, 518, 500, 471, 454, 434, 402, 385, 355, 339, 315, 301, 262, 242, 230, 214, 183, 168, 134, 122, 96, 77
647, 610, 594, 571, 546, 539, 518, 500, 471, 454, 434, 402, 385, 355, 339, 315, 301, 262, 242, 230, 214, 183, 168, 134, 122, 96, 78
647, 610, 594, 571, 546, 539, 518, 500, 471, 454, 434, 402, 385, 355, 339, 315, 301, 262, 242, 230, 214, 183, 168, 134, 122, 96, 79
647, 646, 626, 597, 568, 550, 536, 514, 481, 473, 457, 437, 398, 382, 358, 334, 312, 303, 283, 239, 227, 228, 213, 185, 171, 154, 123, 95, 80
647, 646, 626, 597, 568, 550, 536, 514, 481, 473, 457, 437, 398, 382, 358, 334, 312, 303, 283, 239, 227, 228, 213, 185, 171, 154, 123, 95, 81
647, 646, 626, 597, 568, 550, 536, 514, 481, 473, 457, 437, 398, 382, 358, 334, 312, 303, 283, 239, 227, 228, 213, 185, 171, 154, 123, 94, 82
647, 646, 626, 597, 568, 550, 536, 514, 481, 473, 457, 437, 398, 381, 359, 333, 310, 305, 281, 260, 225, 209, 188, 173, 152, 126, 92, 83
647, 646, 626, 597, 568, 550, 536, 514, 481, 473, 457, 437, 398, 381, 359, 333, 310, 305, 281, 260, 225, 209, 188, 173, 151, 127, 90, 84
647, 646, 626, 597, 568, 550, 536, 514, 481, 473, 457, 437, 398, 381, 359, 333, 310, 305, 280, 257, 223, 207, 190, 155, 148, 129, 111, 85
647, 646, 626, 597, 568, 550, 536, 514, 481, 473, 457, 437, 398, 381, 359, 333, 310, 305, 280, 257, 223, 207, 190, 155, 148, 129, 111, 86
647, 646, 626, 597, 568, 550, 536, 514, 481, 473, 457, 437, 398, 381, 359, 333, 310, 305, 280, 257, 223, 207, 190, 155, 148, 130, 131, 109, 87
647, 646, 626, 597, 568, 550, 536, 514, 481, 473, 457, 437, 398, 381, 359, 333, 310, 305, 280, 257, 223, 207, 190, 155, 148, 130, 131, 109, 87, 88
647, 646, 626, 597, 568, 550, 536, 514, 481, 473, 457, 437, 438, 396, 378, 361, 331, 307, 328, 286, 277, 254, 220, 202, 194, 159, 145, 112, 107, 89
647, 646, 626, 597, 568, 550, 536, 514, 481, 473, 457, 437, 398, 381, 359, 333, 310, 305, 281, 260, 225, 209, 188, 173, 151, 127, 90
647, 646, 626, 597, 568, 550, 536, 514, 481, 473, 457, 437, 398, 381, 359, 333, 310, 305, 281, 260, 225, 209, 188, 173, 151, 127, 91
647, 646, 626, 597, 568, 550, 536, 514, 481, 473, 457, 437, 398, 381, 359, 333, 310, 305, 281, 260, 225, 209, 188, 173, 152, 126, 92
647, 646, 626, 597, 568, 550, 536, 514, 481, 473, 457, 437, 398, 382, 358, 334, 312, 303, 283, 239, 227, 212, 186, 172, 153, 125, 93
647, 646, 626, 597, 568, 550, 536, 514, 481, 473, 457, 437, 398, 382, 358, 334, 312, 303, 283, 239, 227, 228, 213, 185, 171, 154, 123, 94
647, 646, 626, 597, 568, 550, 536, 514, 481, 473, 457, 437, 398, 382, 358, 334, 312, 303, 283, 239, 227, 228, 213, 185, 171, 154, 123, 95
647, 610, 594, 571, 546, 539, 518, 500, 471, 454, 434, 402, 385, 355, 339, 315, 301, 262, 242, 230, 214, 183, 168, 134, 122, 96
647, 610, 594, 571, 546, 539, 518, 500, 471, 454, 434, 402, 385, 355, 339, 315, 301, 262, 242, 230, 214, 183, 167, 135, 120, 97
647, 610, 594, 571, 546, 539, 518, 500, 471, 454, 434, 402, 385, 355, 339, 315, 301, 262, 242, 230, 214, 183, 167, 135, 120, 98
647, 610, 594, 571, 546, 539, 518, 500, 471, 454, 434, 402, 385, 355, 339, 315, 301, 262, 242, 230, 214, 183, 167, 135, 120, 98, 99
