704, 676, 669, 629, 611, 592, 572, 544, 540, 520, 499, 470, 453, 433, 403, 386, 354, 340, 315, 301, 262, 242, 230, 214, 183, 168, 134, 122, 96, 79, 46, 32, 31, 0
704, 676, 669, 629, 611, 592, 572, 544, 540, 520, 499, 470, 453, 433, 403, 386, 354, 340, 315, 301, 262, 242, 230, 214, 183, 168, 134, 122, 96, 77, 76, 67, 30, 1
704, 676, 669, 629, 611, 592, 572, 544, 540, 520, 499, 470, 453, 433, 403, 386, 354, 340, 315, 301, 262, 242, 230, 214, 183, 167, 135, 120, 98, 74, 65, 29, 2
704, 676, 669, 629, 611, 592, 572, 544, 540, 520, 499, 470, 453, 433, 403, 386, 354, 340, 315, 301, 262, 242, 230, 214, 183, 167, 135, 120, 98, 74, 65, 29, 3
704, 676, 669, 629, 611, 592, 572, 544, 540, 520, 499, 470, 453, 433, 403, 386, 354, 340, 315, 301, 262, 242, 230, 214, 183, 167, 135, 120, 98, 74, 65, 29, 4
704, 676, 669, 629, 611, 592, 572, 544, 540, 520, 499, 470, 453, 433, 403, 386, 354, 340, 315, 301, 262, 242, 230, 214, 183, 167, 135, 120, 98, 74, 65, 64, 28, 5
704, 703, 702, 675, 674, 667, 631, 632, 614, 588, 574, 563, 525, 523, 495, 466, 449, 427, 407, 391, 371, 343, 321, 295, 269, 247, 234, 196, 179, 164, 140, 118, 101, 71, 62, 26, 6
704, 703, 702, 675, 674, 667, 631, 632, 614, 588, 574, 563, 525, 523, 495, 466, 449, 427, 407, 391, 371, 343, 321, 322, 294, 272, 249, 237, 199, 175, 162, 143, 115, 105, 68, 60, 22, 7
704, 703, 702, 675, 674, 667, 631, 632, 614, 588, 574, 563, 525, 523, 495, 466, 449, 427, 407, 391, 371, 343, 321, 322, 294, 272, 249, 237, 199, 175, 162, 143, 115, 105, 68, 60, 22, 8
704, 719, 765, 780, 794, 828, 850, 875, 896, 907, 923, 952, 971, 997, 1021, 1036, 1054, 1089, 1105, 1123, 1152, 1158, 1187, 1211, 1212, 1228, 1252, 1268, 1296, 1303, 1302, 1328, 1347, 1371, 1384, 1406, 1430, 1456, 1483, 1495, 1531, 1532, 1539, 9
704, 719, 765, 780, 794, 828, 850, 875, 896, 907, 923, 952, 971, 997, 1021, 1036, 1054, 1089, 1105, 1123, 1152, 1158, 1187, 1211, 1212, 1228, 1252, 1268, 1296, 1303, 1302, 1328, 1347, 1371, 1384, 1406, 1430, 1456, 1483, 1495, 1531, 1532, 1539, 10
704, 676, 669, 629, 628, 610, 594, 571, 547, 538, 516, 515, 502, 472, 456, 436, 398, 381, 359, 333, 310, 305, 280, 257, 223, 207, 190, 155, 148, 130, 131, 109, 87, 56, 43, 11
704, 719, 765, 780, 794, 828, 850, 875, 896, 907, 923, 952, 971, 997, 1021, 1036, 1054, 1089, 1105, 1123, 1152, 1158, 1187, 1211, 1212, 1229, 1251, 1267, 1299, 1304, 1326, 1327, 1346, 1370, 1402, 1407, 1432, 1457, 1486, 1493, 1530, 1542, 12
704, 676, 669, 629, 628, 610, 594, 571, 547, 538, 516, 515, 502, 472, 456, 436, 398, 381, 359, 333, 310, 305, 280, 257, 223, 207, 190, 155, 148, 129, 111, 85, 54, 41, 13
704, 676, 669, 629, 628, 610, 594, 571, 547, 538, 516, 515, 502, 472, 456, 436, 398, 381, 359, 333, 310, 305, 281, 260, 225, 209, 188, 173, 151, 127, 90, 84, 52, 40, 14
704, 676, 669, 629, 628, 610, 594, 571, 547, 538, 516, 515, 502, 472, 456, 436, 398, 381, 359, 333, 310, 305, 281, 260, 225, 209, 188, 173, 151, 127, 90, 84, 52, 39, 15
704, 676, 669, 629, 628, 610, 594, 571, 547, 538, 516, 515, 502, 472, 456, 436, 398, 381, 359, 333, 310, 305, 281, 260, 225, 209, 188, 173, 152, 126, 92, 83, 51, 37, 16
704, 676, 669, 629, 611, 592, 572, 544, 540, 520, 499, 470, 453, 433, 403, 386, 354, 340, 315, 301, 264, 241, 229, 213, 185, 171, 154, 123, 94, 82, 49, 34, 18, 17
704, 676, 669, 629, 611, 592, 572, 544, 540, 520, 499, 470, 453, 433, 403, 386, 354, 340, 315, 301, 264, 241, 229, 213, 185, 171, 154, 123, 94, 82, 49, 34, 18
704, 676, 669, 629, 611, 592, 572, 544, 540, 520, 499, 470, 453, 433, 403, 386, 354, 340, 315, 301, 264, 241, 229, 213, 185, 171, 154, 123, 94, 82, 49, 34, 19
704, 676, 669, 629, 611, 592, 572, 544, 540, 520, 499, 470, 453, 433, 403, 386, 354, 340, 315, 301, 262, 242, 230, 214, 183, 168, 134, 122, 96, 79, 46, 32, 20
704, 703, 702, 675, 674, 667, 631, 632, 614, 588, 574, 563, 525, 523, 495, 466, 449, 427, 407, 391, 371, 343, 321, 322, 294, 272, 249, 237, 199, 175, 162, 143, 115, 105, 68, 60, 21
704, 703, 702, 675, 674, 667, 631, 632, 614, 588, 574, 563, 525, 523, 495, 466, 449, 427, 407, 391, 371, 343, 321, 322, 294, 272, 249, 237, 199, 175, 162, 143, 115, 105, 68, 60, 22
704, 703, 702, 675, 674, 667, 631, 632, 614, 588, 574, 563, 525, 523, 495, 466, 449, 427, 407, 391, 371, 343, 321, 322, 294, 272, 249, 237, 199, 175, 162, 143, 115, 105, 68, 60, 23
704, 703, 702, 675, 674, 667, 631, 632, 614, 588, 574, 563, 525, 523, 495, 466, 449, 427, 407, 391, 371, 343, 321, 322, 294, 272, 249, 237, 199, 175, 162, 143, 115, 105, 68, 60, 24
704, 703, 702, 675, 674, 667, 631, 632, 614, 588, 574, 563, 525, 523, 495, 466, 449, 427, 407, 391, 371, 343, 321, 295, 269, 247, 234, 196, 179, 164, 140, 118, 101, 71, 62, 25
704, 703, 702, 675, 674, 667, 631, 632, 614, 588, 574, 563, 525, 523, 495, 466, 449, 427, 407, 391, 371, 343, 321, 295, 269, 247, 234, 196, 179, 164, 140, 118, 101, 71, 62, 26
704, 676, 669, 629, 611, 592, 572, 544, 540, 520, 499, 470, 453, 433, 403, 386, 354, 340, 315, 301, 262, 242, 230, 214, 183, 167, 135, 120, 98, 74, 65, 64, 28, 27
704, 676, 669, 629, 611, 592, 572, 544, 540, 520, 499, 470, 453, 433, 403, 386, 354, 340, 315, 301, 262, 242, 230, 214, 183, 167, 135, 120, 98, 74, 65, 64, 28
704, 676, 669, 629, 611, 592, 572, 544, 540, 520, 499, 470, 453, 433, 403, 386, 354, 340, 315, 301, 262, 242, 230, 214, 183, 167, 135, 120, 98, 74, 65, 29
704, 676, 669, 629, 611, 592, 572, 544, 540, 520, 499, 470, 453, 433, 403, 386, 354, 340, 315, 301, 262, 242, 230, 214, 183, 168, 134, 122, 96, 77, 76, 67, 30
704, 676, 669, 629, 611, 592, 572, 544, 540, 520, 499, 470, 453, 433, 403, 386, 354, 340, 315, 301, 262, 242, 230, 214, 183, 168, 134, 122, 96, 79, 46, 32, 31
704, 676, 669, 629, 611, 592, 572, 544, 540, 520, 499, 470, 453, 433, 403, 386, 354, 340, 315, 301, 262, 242, 230, 214, 183, 168, 134, 122, 96, 79, 46, 32
704, 676, 669, 629, 611, 592, 572, 544, 540, 520, 499, 470, 453, 433, 403, 386, 354, 340, 315, 301, 262, 242, 230, 214, 183, 168, 134, 122, 96, 95, 80, 47, 33
704, 676, 669, 629, 611, 592, 572, 544, 540, 520, 499, 470, 453, 433, 403, 386, 354, 340, 315, 301, 264, 241, 229, 213, 185, 171, 154, 123, 94, 82, 49, 34
704, 676, 669, 629, 611, 592, 572, 544, 540, 520, 499, 470, 453, 433, 403, 386, 354, 340, 315, 301, 264, 241, 229, 213, 185, 171, 154, 123, 94, 82, 49, 35
704, 676, 669, 629, 628, 610, 594, 571, 547, 538, 516, 515, 502, 472, 456, 436, 398, 381, 359, 333, 310, 305, 281, 260, 225, 209, 188, 173, 152, 126, 92, 83, 51, 37, 36
704, 676, 669, 629, 628, 610, 594, 571, 547, 538, 516, 515, 502, 472, 456, 436, 398, 381, 359, 333, 310, 305, 281, 260, 225, 209, 188, 173, 152, 126, 92, 83, 51, 37
704, 676, 669, 629, 628, 610, 594, 571, 547, 538, 516, 515, 502, 472, 456, 436, 398, 381, 359, 333, 310, 305, 281, 260, 225, 209, 188, 173, 152, 126, 92, 83, 51, 38
704, 676, 669, 629, 628, 610, 594, 571, 547, 538, 516, 515, 502, 472, 456, 436, 398, 381, 359, 333, 310, 305, 281, 260, 225, 209, 188, 173, 151, 127, 90, 84, 52, 39
704, 676, 669, 629, 628, 610, 594, 571, 547, 538, 516, 515, 502, 472, 456, 436, 398, 381, 359, 333, 310, 305, 281, 260, 225, 209, 188, 173, 151, 127, 90, 84, 52, 40
704, 676, 669, 629, 628, 610, 594, 571, 547, 538, 516, 515, 502, 472, 456, 436, 398, 381, 359, 333, 310, 305, 280, 257, 223, 207, 190, 155, 148, 129, 111, 85, 54, 41
704, 676, 669, 629, 628, 610, 594, 571, 547, 538, 516, 515, 502, 472, 456, 436, 398, 381, 359, 333, 310, 305, 280, 257, 223, 207, 190, 155, 148, 129, 111, 85, 55, 42
704, 676, 669, 629, 628, 610, 594, 571, 547, 538, 516, 515, 502, 472, 456, 436, 398, 381, 359, 333, 310, 305, 280, 257, 223, 207, 190, 155, 148, 130, 131, 109, 87, 56, 43
704, 676, 669, 629, 628, 610, 594, 571, 547, 538, 516, 515, 502, 472, 456, 436, 398, 381, 359, 333, 310, 305, 280, 257, 223, 207, 190, 155, 148, 130, 131, 109, 87, 56, 43, 44
704, 719, 765, 780, 794, 828, 850, 875, 896, 907, 923, 952, 971, 997, 1021, 1036, 1054, 1089, 1105, 1123, 1152, 1158, 1187, 1211, 1212, 1228, 1252, 1268, 1296, 1303, 1302, 1328, 1347, 1371, 1384, 1406, 1430, 1456, 1483, 1495, 1531, 1532, 1539, 10, 45
704, 676, 669, 629, 611, 592, 572, 544, 540, 520, 499, 470, 453, 433, 403, 386, 354, 340, 315, 301, 262, 242, 230, 214, 183, 168, 134, 122, 96, 79, 46
704, 676, 669, 629, 611, 592, 572, 544, 540, 520, 499, 470, 453, 433, 403, 386, 354, 340, 315, 301, 262, 242, 230, 214, 183, 168, 134, 122, 96, 95, 80, 47
704, 676, 669, 629, 611, 592, 572, 544, 540, 520, 499, 470, 453, 433, 403, 386, 354, 340, 315, 301, 264, 241, 229, 213, 185, 171, 154, 123, 94, 82, 49, 48
704, 676, 669, 629, 611, 592, 572, 544, 540, 520, 499, 470, 453, 433, 403, 386, 354, 340, 315, 301, 264, 241, 229, 213, 185, 171, 154, 123, 94, 82, 49
704, 676, 669, 629, 628, 610, 594, 571, 547, 538, 516, 515, 502, 472, 456, 436, 398, 381, 359, 333, 310, 305, 281, 260, 225, 209, 188, 173, 152, 126, 92, 83, 50
704, 676, 669, 629, 628, 610, 594, 571, 547, 538, 516, 515, 502, 472, 456, 436, 398, 381, 359, 333, 310, 305, 281, 260, 225, 209, 188, 173, 152, 126, 92, 83, 51
704, 676, 669, 629, 628, 610, 594, 571, 547, 538, 516, 515, 502, 472, 456, 436, 398, 381, 359, 333, 310, 305, 281, 260, 225, 209, 188, 173, 151, 127, 90, 84, 52
704, 676, 669, 629, 628, 610, 594, 571, 547, 538, 516, 515, 502, 472, 456, 436, 398, 381, 359, 333, 310, 305, 281, 260, 225, 209, 188, 173, 151, 127, 90, 84, 53
704, 676, 669, 629, 628, 610, 594, 571, 547, 538, 516, 515, 502, 472, 456, 436, 398, 381, 359, 333, 310, 305, 280, 257, 223, 207, 190, 155, 148, 129, 111, 85, 54
704, 676, 669, 629, 628, 610, 594, 571, 547, 538, 516, 515, 502, 472, 456, 436, 398, 381, 359, 333, 310, 305, 280, 257, 223, 207, 190, 155, 148, 129, 111, 85, 55
704, 676, 669, 629, 628, 610, 594, 571, 547, 538, 516, 515, 502, 472, 456, 436, 398, 381, 359, 333, 310, 305, 280, 257, 223, 207, 190, 155, 148, 130, 131, 109, 87, 56
704, 676, 669, 629, 628, 610, 594, 571, 547, 538, 516, 515, 502, 472, 456, 436, 398, 381, 359, 333, 310, 305, 280, 257, 223, 207, 190, 155, 148, 130, 131, 132, 108, 89, 57
704, 676, 669, 629, 628, 610, 594, 571, 547, 538, 516, 515, 502, 472, 456, 436, 398, 381, 359, 333, 310, 305, 280, 257, 223, 207, 190, 155, 148, 130, 131, 132, 108, 89, 58
704, 676, 669, 629, 628, 610, 594, 571, 547, 538, 516, 515, 502, 472, 456, 436, 398, 381, 359, 333, 310, 305, 280, 257, 223, 207, 190, 155, 148, 130, 131, 132, 108, 89, 59
704, 703, 702, 675, 674, 667, 631, 632, 614, 588, 574, 563, 525, 523, 495, 466, 449, 427, 407, 391, 371, 343, 321, 322, 294, 272, 249, 237, 199, 175, 162, 143, 115, 105, 68, 60
704, 703, 702, 675, 674, 667, 631, 632, 614, 588, 574, 563, 525, 523, 495, 466, 449, 427, 407, 391, 371, 343, 321, 322, 294, 272, 249, 237, 199, 175, 162, 143, 115, 105, 68, 60, 61
704, 703, 702, 675, 674, 667, 631, 632, 614, 588, 574, 563, 525, 523, 495, 466, 449, 427, 407, 391, 371, 343, 321, 295, 269, 247, 234, 196, 179, 164, 140, 118, 101, 71, 62
704, 676, 669, 629, 611, 592, 572, 544, 540, 520, 499, 470, 453, 433, 403, 386, 354, 340, 315, 301, 262, 242, 230, 214, 183, 167, 135, 120, 98, 74, 65, 64, 63
704, 676, 669, 629, 611, 592, 572, 544, 540, 520, 499, 470, 453, 433, 403, 386, 354, 340, 315, 301, 262, 242, 230, 214, 183, 167, 135, 120, 98, 74, 65, 64
704, 676, 669, 629, 611, 592, 572, 544, 540, 520, 499, 470, 453, 433, 403, 386, 354, 340, 315, 301, 262, 242, 230, 214, 183, 167, 135, 120, 98, 74, 65
704, 676, 669, 629, 611, 592, 572, 544, 540, 520, 499, 470, 453, 433, 403, 386, 354, 340, 315, 301, 262, 242, 230, 214, 183, 168, 134, 122, 96, 77, 76, 67, 66
704, 676, 669, 629, 611, 592, 572, 544, 540, 520, 499, 470, 453, 433, 403, 386, 354, 340, 315, 301, 262, 242, 230, 214, 183, 168, 134, 122, 96, 77, 76, 67
704, 703, 702, 675, 674, 667, 631, 632, 614, 588, 574, 563, 525, 523, 495, 466, 449, 427, 407, 391, 371, 343, 321, 322, 294, 272, 249, 237, 199, 175, 162, 143, 115, 105, 68
704, 703, 702, 675, 674, 667, 631, 632, 614, 588, 574, 563, 525, 523, 495, 466, 449, 427, 407, 391, 371, 343, 321, 322, 294, 272, 249, 237, 199, 175, 162, 143, 115, 105, 68, 69
704, 703, 702, 675, 674, 667, 631, 632, 614, 588, 574, 563, 525, 523, 495, 466, 449, 427, 407, 391, 371, 343, 321, 295, 269, 247, 234, 196, 179, 164, 140, 118, 101, 70
704, 703, 702, 675, 674, 667, 631, 632, 614, 588, 574, 563, 525, 523, 495, 466, 449, 427, 407, 391, 371, 343, 321, 295, 269, 247, 234, 196, 179, 164, 140, 118, 101, 71
704, 703, 702, 675, 674, 667, 631, 632, 614, 588, 574, 563, 525, 523, 495, 466, 449, 427, 407, 391, 371, 343, 321, 295, 269, 247, 234, 196, 179, 164, 140, 118, 101, 72
704, 676, 669, 629, 611, 592, 572, 544, 540, 520, 499, 470, 453, 433, 403, 386, 354, 340, 315, 301, 262, 242, 230, 214, 183, 167, 135, 120, 98, 74, 73
704, 676, 669, 629, 611, 592, 572, 544, 540, 520, 499, 470, 453, 433, 403, 386, 354, 340, 315, 301, 262, 242, 230, 214, 183, 167, 135, 120, 98, 74
704, 676, 669, 629, 611, 592, 572, 544, 540, 520, 499, 470, 453, 433, 403, 386, 354, 340, 315, 301, 262, 242, 230, 214, 183, 168, 134, 122, 96, 77, 76, 75
704, 676, 669, 629, 611, 592, 572, 544, 540, 520, 499, 470, 453, 433, 403, 386, 354, 340, 315, 301, 262, 242, 230, 214, 183, 168, 134, 122, 96, 77, 76
704, 676, 669, 629, 611, 592, 572, 544, 540, 520, 499, 470, 453, 433, 403, 386, 354, 340, 315, 301, 262, 242, 230, 214, 183, 168, 134, 122, 96, 77
704, 676, 669, 629, 611, 592, 572, 544, 540, 520, 499, 470, 453, 433, 403, 386, 354, 340, 315, 301, 262, 242, 230, 214, 183, 168, 134, 122, 96, 78
704, 676, 669, 629, 611, 592, 572, 544, 540, 520, 499, 470, 453, 433, 403, 386, 354, 340, 315, 301, 262, 242, 230, 214, 183, 168, 134, 122, 96, 79
704, 676, 669, 629, 611, 592, 572, 544, 540, 520, 499, 470, 453, 433, 403, 386, 354, 340, 315, 301, 262, 242, 230, 214, 183, 168, 134, 122, 96, 95, 80
704, 676, 669, 629, 611, 592, 572, 544, 540, 520, 499, 470, 453, 433, 403, 386, 354, 340, 315, 301, 262, 242, 230, 214, 183, 168, 134, 122, 96, 95, 81
704, 676, 669, 629, 611, 592, 572, 544, 540, 520, 499, 470, 453, 433, 403, 386, 354, 340, 315, 301, 264, 241, 229, 213, 185, 171, 154, 123, 94, 82
704, 676, 669, 629, 628, 610, 594, 571, 547, 538, 516, 515, 502, 472, 456, 436, 398, 381, 359, 333, 310, 305, 281, 260, 225, 209, 188, 173, 152, 126, 92, 83
704, 676, 669, 629, 628, 610, 594, 571, 547, 538, 516, 515, 502, 472, 456, 436, 398, 381, 359, 333, 310, 305, 281, 260, 225, 209, 188, 173, 151, 127, 90, 84
704, 676, 669, 629, 628, 610, 594, 571, 547, 538, 516, 515, 502, 472, 456, 436, 398, 381, 359, 333, 310, 305, 280, 257, 223, 207, 190, 155, 148, 129, 111, 85
704, 676, 669, 629, 628, 610, 594, 571, 547, 538, 516, 515, 502, 472, 456, 436, 398, 381, 359, 333, 310, 305, 280, 257, 223, 207, 190, 155, 148, 129, 111, 86
704, 676, 669, 629, 628, 610, 594, 571, 547, 538, 516, 515, 502, 472, 456, 436, 398, 381, 359, 333, 310, 305, 280, 257, 223, 207, 190, 155, 148, 130, 131, 109, 87
704, 676, 669, 629, 628, 610, 594, 571, 547, 538, 516, 515, 502, 472, 456, 436, 398, 381, 359, 333, 310, 305, 280, 257, 223, 207, 190, 155, 148, 130, 131, 109, 87, 88
704, 676, 669, 629, 628, 610, 594, 571, 547, 538, 516, 515, 502, 472, 456, 436, 398, 381, 359, 333, 310, 305, 280, 257, 223, 207, 190, 155, 148, 130, 131, 132, 108, 89
704, 676, 669, 629, 628, 610, 594, 571, 547, 538, 516, 515, 502, 472, 456, 436, 398, 381, 359, 333, 310, 305, 281, 260, 225, 209, 188, 173, 151, 127, 90
704, 676, 669, 629, 628, 610, 594, 571, 547, 538, 516, 515, 502, 472, 456, 436, 398, 381, 359, 333, 310, 305, 281, 260, 225, 209, 188, 173, 151, 127, 91
704, 676, 669, 629, 628, 610, 594, 571, 547, 538, 516, 515, 502, 472, 456, 436, 398, 381, 359, 333, 310, 305, 281, 260, 225, 209, 188, 173, 152, 126, 92
704, 676, 669, 629, 611, 592, 572, 544, 540, 520, 499, 470, 453, 433, 403, 386, 354, 340, 315, 301, 264, 241, 229, 213, 185, 172, 153, 125, 93
704, 676, 669, 629, 611, 592, 572, 544, 540, 520, 499, 470, 453, 433, 403, 386, 354, 340, 315, 301, 264, 241, 229, 213, 185, 171, 154, 123, 94
704, 676, 669, 629, 611, 592, 572, 544, 540, 520, 499, 470, 453, 433, 403, 386, 354, 340, 315, 301, 262, 242, 230, 214, 183, 168, 134, 122, 96, 95
704, 676, 669, 629, 611, 592, 572, 544, 540, 520, 499, 470, 453, 433, 403, 386, 354, 340, 315, 301, 262, 242, 230, 214, 183, 168, 134, 122, 96
704, 676, 669, 629, 611, 592, 572, 544, 540, 520, 499, 470, 453, 433, 403, 386, 354, 340, 315, 301, 262, 242, 230, 214, 183, 167, 135, 120, 97
704, 676, 669, 629, 611, 592, 572, 544, 540, 520, 499, 470, 453, 433, 403, 386, 354, 340, 315, 301, 262, 242, 230, 214, 183, 167, 135, 120, 98
704, 676, 669, 629, 611, 592, 572, 544, 540, 520, 499, 470, 453, 433, 403, 386, 354, 340, 315, 301, 262, 242, 230, 214, 183, 167, 135, 120, 98, 99
