737, 757, 771, 804, 817, 858, 865, 883, 916, 931, 960, 979, 1004, 1007, 1048, 1047, 1066, 1079, 1096, 1135, 1142, 1169, 1197, 1220, 1222, 1240, 1241, 1277, 1288, 1315, 1337, 1355, 1380, 1392, 1418, 1441, 1445, 1472, 1506, 1521, 1520, 1552, 0
737, 757, 771, 804, 817, 858, 865, 883, 916, 931, 960, 979, 1004, 1007, 1048, 1047, 1066, 1079, 1096, 1135, 1142, 1169, 1197, 1220, 1222, 1240, 1241, 1277, 1288, 1315, 1337, 1355, 1380, 1392, 1418, 1441, 1445, 1472, 1506, 1521, 1520, 1553, 1
737, 757, 771, 804, 817, 858, 865, 883, 916, 931, 960, 979, 1004, 1007, 1048, 1047, 1066, 1079, 1096, 1135, 1142, 1169, 1197, 1220, 1222, 1240, 1276, 1289, 1317, 1335, 1354, 1377, 1390, 1420, 1419, 1442, 1448, 1474, 1504, 1519, 1533, 2
737, 712, 688, 656, 642, 623, 602, 584, 555, 532, 509, 488, 479, 442, 421, 422, 413, 374, 365, 350, 325, 291, 273, 250, 237, 236, 198, 176, 177, 163, 141, 117, 101, 72, 64, 65, 29, 3
737, 757, 771, 804, 817, 858, 865, 883, 916, 931, 960, 979, 1004, 1007, 1048, 1047, 1066, 1079, 1096, 1135, 1142, 1169, 1197, 1220, 1222, 1240, 1276, 1289, 1317, 1335, 1354, 1377, 1390, 1421, 1443, 1449, 1475, 1502, 1518, 1534, 4
737, 712, 688, 656, 642, 623, 602, 584, 555, 532, 509, 488, 479, 442, 421, 422, 413, 374, 365, 350, 325, 291, 273, 250, 237, 236, 198, 176, 177, 163, 141, 117, 101, 71, 62, 27, 5
737, 712, 688, 656, 642, 623, 602, 584, 555, 532, 509, 488, 479, 442, 421, 422, 413, 374, 365, 350, 325, 291, 273, 250, 237, 199, 175, 162, 143, 115, 105, 68, 60, 24, 25, 6
737, 712, 688, 656, 642, 623, 602, 584, 555, 532, 509, 488, 479, 442, 421, 422, 413, 374, 365, 350, 325, 291, 273, 250, 237, 199, 175, 162, 143, 115, 105, 68, 60, 22, 7
737, 712, 688, 656, 642, 623, 602, 584, 555, 532, 509, 488, 479, 442, 421, 422, 413, 374, 365, 350, 325, 291, 273, 250, 237, 199, 175, 162, 143, 115, 105, 68, 60, 22, 8
737, 712, 688, 656, 642, 623, 602, 584, 555, 532, 509, 488, 479, 442, 420, 415, 375, 364, 351, 327, 288, 275, 253, 220, 202, 194, 159, 145, 112, 107, 89, 59, 45, 9
737, 712, 688, 656, 642, 623, 602, 584, 555, 532, 509, 488, 479, 442, 420, 415, 375, 364, 351, 327, 288, 275, 253, 220, 202, 194, 159, 145, 112, 107, 89, 59, 45, 10
737, 712, 688, 656, 642, 623, 602, 601, 585, 554, 533, 510, 483, 476, 440, 417, 395, 378, 361, 331, 308, 284, 279, 256, 222, 206, 191, 156, 147, 131, 109, 87, 56, 43, 11
737, 712, 688, 656, 642, 623, 602, 601, 585, 554, 533, 510, 483, 476, 440, 417, 395, 378, 361, 331, 308, 284, 279, 256, 222, 206, 191, 156, 147, 131, 109, 87, 56, 43, 11, 12
737, 712, 688, 656, 642, 623, 602, 601, 585, 554, 533, 510, 483, 476, 458, 438, 397, 380, 360, 333, 310, 305, 280, 257, 223, 207, 190, 155, 148, 129, 111, 85, 54, 41, 13
737, 712, 688, 656, 642, 623, 602, 601, 585, 554, 533, 510, 483, 476, 458, 438, 397, 380, 360, 333, 310, 305, 281, 260, 225, 209, 188, 173, 151, 127, 90, 84, 52, 40, 14
737, 712, 688, 656, 642, 623, 602, 601, 585, 554, 533, 510, 483, 476, 458, 438, 397, 380, 360, 333, 310, 305, 281, 260, 225, 209, 188, 173, 151, 127, 90, 84, 52, 39, 15
737, 712, 688, 656, 642, 623, 602, 601, 585, 554, 533, 510, 483, 476, 458, 438, 397, 380, 360, 333, 310, 305, 281, 260, 225, 209, 188, 173, 152, 126, 92, 83, 51, 37, 16
737, 712, 688, 656, 642, 623, 602, 601, 585, 554, 553, 534, 512, 482, 475, 457, 437, 398, 382, 358, 334, 312, 303, 283, 239, 227, 228, 213, 185, 171, 154, 123, 94, 82, 49, 34, 18, 17
737, 712, 688, 656, 642, 623, 602, 601, 585, 554, 553, 534, 512, 482, 475, 457, 437, 398, 382, 358, 334, 312, 303, 283, 239, 227, 228, 213, 185, 171, 154, 123, 94, 82, 49, 34, 18
737, 712, 688, 656, 642, 623, 602, 601, 585, 554, 553, 534, 512, 482, 475, 457, 437, 398, 382, 358, 334, 312, 303, 283, 239, 227, 228, 213, 185, 171, 154, 123, 94, 82, 49, 34, 19
737, 712, 688, 656, 642, 623, 602, 601, 585, 554, 553, 534, 512, 482, 475, 457, 437, 398, 382, 358, 334, 312, 303, 283, 239, 227, 228, 213, 185, 171, 154, 123, 94, 82, 49, 34, 19, 20
737, 712, 688, 656, 642, 623, 602, 584, 555, 532, 509, 488, 479, 442, 421, 422, 413, 374, 365, 350, 325, 291, 273, 250, 237, 199, 175, 162, 143, 115, 105, 68, 60, 21
737, 712, 688, 656, 642, 623, 602, 584, 555, 532, 509, 488, 479, 442, 421, 422, 413, 374, 365, 350, 325, 291, 273, 250, 237, 199, 175, 162, 143, 115, 105, 68, 60, 22
737, 712, 688, 656, 642, 623, 602, 584, 555, 532, 509, 488, 479, 442, 421, 422, 413, 374, 365, 350, 325, 291, 273, 250, 237, 199, 175, 162, 143, 115, 105, 68, 60, 23
737, 712, 688, 656, 642, 623, 602, 584, 555, 532, 509, 488, 479, 442, 421, 422, 413, 374, 365, 350, 325, 291, 273, 250, 237, 199, 175, 162, 143, 115, 105, 68, 60, 24
737, 712, 688, 656, 642, 623, 602, 584, 555, 532, 509, 488, 479, 442, 421, 422, 413, 374, 365, 350, 325, 291, 273, 250, 237, 199, 175, 162, 143, 115, 105, 68, 60, 24, 25
737, 712, 688, 656, 642, 623, 602, 584, 555, 532, 509, 488, 479, 442, 421, 422, 413, 374, 365, 350, 325, 291, 273, 250, 237, 236, 198, 176, 177, 163, 141, 117, 101, 71, 62, 26
737, 712, 688, 656, 642, 623, 602, 584, 555, 532, 509, 488, 479, 442, 421, 422, 413, 374, 365, 350, 325, 291, 273, 250, 237, 236, 198, 176, 177, 163, 141, 117, 101, 71, 62, 27
737, 712, 688, 656, 642, 623, 602, 584, 555, 532, 509, 488, 479, 442, 421, 422, 413, 374, 365, 350, 325, 291, 273, 250, 237, 236, 198, 176, 177, 163, 141, 117, 101, 72, 63, 28
737, 712, 688, 656, 642, 623, 602, 584, 555, 532, 509, 488, 479, 442, 421, 422, 413, 374, 365, 350, 325, 291, 273, 250, 237, 236, 198, 176, 177, 163, 141, 117, 101, 72, 64, 65, 29
737, 757, 771, 804, 817, 858, 865, 883, 916, 931, 960, 979, 1004, 1007, 1048, 1047, 1066, 1079, 1096, 1135, 1142, 1169, 1197, 1220, 1222, 1240, 1241, 1277, 1288, 1315, 1337, 1355, 1380, 1392, 1418, 1441, 1445, 1472, 1506, 1521, 1520, 1553, 1, 30
737, 757, 771, 804, 817, 858, 865, 883, 916, 931, 960, 979, 1004, 1007, 1048, 1047, 1066, 1079, 1096, 1135, 1142, 1169, 1197, 1220, 1222, 1240, 1241, 1277, 1288, 1315, 1337, 1355, 1380, 1392, 1418, 1441, 1445, 1472, 1506, 1521, 1520, 1552, 0, 31
737, 712, 688, 656, 642, 623, 602, 601, 585, 554, 553, 534, 512, 482, 475, 457, 437, 398, 382, 358, 334, 312, 303, 283, 239, 227, 228, 213, 185, 171, 154, 123, 95, 80, 79, 46, 32
737, 712, 688, 656, 642, 623, 602, 601, 585, 554, 553, 534, 512, 482, 475, 457, 437, 398, 382, 358, 334, 312, 303, 283, 239, 227, 228, 213, 185, 171, 154, 123, 94, 82, 49, 34, 33
737, 712, 688, 656, 642, 623, 602, 601, 585, 554, 553, 534, 512, 482, 475, 457, 437, 398, 382, 358, 334, 312, 303, 283, 239, 227, 228, 213, 185, 171, 154, 123, 94, 82, 49, 34
737, 712, 688, 656, 642, 623, 602, 601, 585, 554, 553, 534, 512, 482, 475, 457, 437, 398, 382, 358, 334, 312, 303, 283, 239, 227, 228, 213, 185, 171, 154, 123, 94, 82, 49, 35
737, 712, 688, 656, 642, 623, 602, 601, 585, 554, 533, 510, 483, 476, 458, 438, 397, 380, 360, 333, 310, 305, 281, 260, 225, 209, 188, 173, 152, 126, 92, 83, 51, 37, 36
737, 712, 688, 656, 642, 623, 602, 601, 585, 554, 533, 510, 483, 476, 458, 438, 397, 380, 360, 333, 310, 305, 281, 260, 225, 209, 188, 173, 152, 126, 92, 83, 51, 37
737, 712, 688, 656, 642, 623, 602, 601, 585, 554, 533, 510, 483, 476, 458, 438, 397, 380, 360, 333, 310, 305, 281, 260, 225, 209, 188, 173, 152, 126, 92, 83, 51, 38
737, 712, 688, 656, 642, 623, 602, 601, 585, 554, 533, 510, 483, 476, 458, 438, 397, 380, 360, 333, 310, 305, 281, 260, 225, 209, 188, 173, 151, 127, 90, 84, 52, 39
737, 712, 688, 656, 642, 623, 602, 601, 585, 554, 533, 510, 483, 476, 458, 438, 397, 380, 360, 333, 310, 305, 281, 260, 225, 209, 188, 173, 151, 127, 90, 84, 52, 40
737, 712, 688, 656, 642, 623, 602, 601, 585, 554, 533, 510, 483, 476, 458, 438, 397, 380, 360, 333, 310, 305, 280, 257, 223, 207, 190, 155, 148, 129, 111, 85, 54, 41
737, 712, 688, 656, 642, 623, 602, 601, 585, 554, 533, 510, 483, 476, 458, 438, 397, 380, 360, 333, 310, 305, 280, 257, 223, 207, 190, 155, 148, 129, 111, 85, 55, 42
737, 712, 688, 656, 642, 623, 602, 601, 585, 554, 533, 510, 483, 476, 440, 417, 395, 378, 361, 331, 308, 284, 279, 256, 222, 206, 191, 156, 147, 131, 109, 87, 56, 43
737, 712, 688, 656, 642, 623, 602, 584, 555, 532, 509, 488, 479, 442, 420, 415, 375, 364, 351, 327, 288, 275, 253, 220, 202, 194, 159, 145, 112, 107, 89, 57, 44
737, 712, 688, 656, 642, 623, 602, 584, 555, 532, 509, 488, 479, 442, 420, 415, 375, 364, 351, 327, 288, 275, 253, 220, 202, 194, 159, 145, 112, 107, 89, 59, 45
737, 712, 688, 656, 642, 623, 602, 601, 585, 554, 553, 534, 512, 482, 475, 457, 437, 398, 382, 358, 334, 312, 303, 283, 239, 227, 228, 213, 185, 171, 154, 123, 95, 80, 79, 46
737, 712, 688, 656, 642, 623, 602, 601, 585, 554, 553, 534, 512, 482, 475, 457, 437, 398, 382, 358, 334, 312, 303, 283, 239, 227, 228, 213, 185, 171, 154, 123, 95, 80, 47
737, 712, 688, 656, 642, 623, 602, 601, 585, 554, 553, 534, 512, 482, 475, 457, 437, 398, 382, 358, 334, 312, 303, 283, 239, 227, 228, 213, 185, 171, 154, 123, 94, 82, 49, 48
737, 712, 688, 656, 642, 623, 602, 601, 585, 554, 553, 534, 512, 482, 475, 457, 437, 398, 382, 358, 334, 312, 303, 283, 239, 227, 228, 213, 185, 171, 154, 123, 94, 82, 49
737, 712, 688, 656, 642, 623, 602, 601, 585, 554, 533, 510, 483, 476, 458, 438, 397, 380, 360, 333, 310, 305, 281, 260, 225, 209, 188, 173, 152, 126, 92, 83, 50
737, 712, 688, 656, 642, 623, 602, 601, 585, 554, 533, 510, 483, 476, 458, 438, 397, 380, 360, 333, 310, 305, 281, 260, 225, 209, 188, 173, 152, 126, 92, 83, 51
737, 712, 688, 656, 642, 623, 602, 601, 585, 554, 533, 510, 483, 476, 458, 438, 397, 380, 360, 333, 310, 305, 281, 260, 225, 209, 188, 173, 151, 127, 90, 84, 52
737, 712, 688, 656, 642, 623, 602, 601, 585, 554, 533, 510, 483, 476, 458, 438, 397, 380, 360, 333, 310, 305, 281, 260, 225, 209, 188, 173, 151, 127, 90, 84, 53
737, 712, 688, 656, 642, 623, 602, 601, 585, 554, 533, 510, 483, 476, 458, 438, 397, 380, 360, 333, 310, 305, 280, 257, 223, 207, 190, 155, 148, 129, 111, 85, 54
737, 712, 688, 656, 642, 623, 602, 601, 585, 554, 533, 510, 483, 476, 458, 438, 397, 380, 360, 333, 310, 305, 280, 257, 223, 207, 190, 155, 148, 129, 111, 85, 55
737, 712, 688, 656, 642, 623, 602, 601, 585, 554, 533, 510, 483, 476, 440, 417, 395, 378, 361, 331, 308, 284, 279, 256, 222, 206, 191, 156, 147, 131, 109, 87, 56
737, 712, 688, 656, 642, 623, 602, 584, 555, 532, 509, 488, 479, 442, 420, 415, 375, 364, 351, 327, 288, 275, 253, 220, 202, 194, 159, 145, 112, 107, 89, 57
737, 712, 688, 656, 642, 623, 602, 584, 555, 532, 509, 488, 479, 442, 420, 415, 375, 364, 351, 327, 288, 275, 253, 220, 202, 194, 159, 145, 112, 107, 89, 58
737, 712, 688, 656, 642, 623, 602, 584, 555, 532, 509, 488, 479, 442, 420, 415, 375, 364, 351, 327, 288, 275, 253, 220, 202, 194, 159, 145, 112, 107, 89, 59
737, 712, 688, 656, 642, 623, 602, 584, 555, 532, 509, 488, 479, 442, 421, 422, 413, 374, 365, 350, 325, 291, 273, 250, 237, 199, 175, 162, 143, 115, 105, 68, 60
737, 712, 688, 656, 642, 623, 602, 584, 555, 532, 509, 488, 479, 442, 421, 422, 413, 374, 365, 350, 325, 291, 273, 250, 237, 199, 175, 162, 143, 115, 105, 68, 60, 61
737, 712, 688, 656, 642, 623, 602, 584, 555, 532, 509, 488, 479, 442, 421, 422, 413, 374, 365, 350, 325, 291, 273, 250, 237, 236, 198, 176, 177, 163, 141, 117, 101, 71, 62
737, 712, 688, 656, 642, 623, 602, 584, 555, 532, 509, 488, 479, 442, 421, 422, 413, 374, 365, 350, 325, 291, 273, 250, 237, 236, 198, 176, 177, 163, 141, 117, 101, 72, 63
737, 712, 688, 656, 642, 623, 602, 584, 555, 532, 509, 488, 479, 442, 421, 422, 413, 374, 365, 350, 325, 291, 273, 250, 237, 236, 198, 176, 177, 163, 141, 117, 101, 72, 64
737, 712, 688, 656, 642, 623, 602, 584, 555, 532, 509, 488, 479, 442, 421, 422, 413, 374, 365, 350, 325, 291, 273, 250, 237, 236, 198, 176, 177, 163, 141, 117, 101, 72, 64, 65
737, 757, 771, 804, 817, 858, 865, 883, 916, 931, 960, 979, 1004, 1007, 1048, 1047, 1066, 1079, 1096, 1135, 1142, 1169, 1197, 1220, 1222, 1240, 1241, 1277, 1288, 1315, 1337, 1355, 1380, 1392, 1418, 1441, 1445, 1472, 1506, 1521, 1520, 1553, 1, 30, 66
737, 712, 688, 656, 642, 623, 602, 601, 585, 554, 553, 534, 512, 482, 475, 457, 437, 398, 382, 358, 334, 312, 303, 283, 239, 227, 228, 213, 185, 171, 154, 123, 95, 96, 77, 76, 67
737, 712, 688, 656, 642, 623, 602, 584, 555, 532, 509, 488, 479, 442, 421, 422, 413, 374, 365, 350, 325, 291, 273, 250, 237, 199, 175, 162, 143, 115, 105, 68
737, 712, 688, 656, 642, 623, 602, 584, 555, 532, 509, 488, 479, 442, 421, 422, 413, 374, 365, 350, 325, 291, 273, 250, 237, 199, 175, 162, 143, 115, 105, 68, 69
737, 712, 688, 656, 642, 623, 602, 584, 555, 532, 509, 488, 479, 442, 421, 422, 413, 374, 365, 350, 325, 291, 273, 250, 237, 236, 198, 176, 177, 163, 141, 117, 101, 70
737, 712, 688, 656, 642, 623, 602, 584, 555, 532, 509, 488, 479, 442, 421, 422, 413, 374, 365, 350, 325, 291, 273, 250, 237, 236, 198, 176, 177, 163, 141, 117, 101, 71
737, 712, 688, 656, 642, 623, 602, 584, 555, 532, 509, 488, 479, 442, 421, 422, 413, 374, 365, 350, 325, 291, 273, 250, 237, 236, 198, 176, 177, 163, 141, 117, 101, 72
737, 712, 688, 656, 642, 623, 602, 584, 555, 532, 509, 488, 479, 442, 421, 422, 413, 374, 365, 350, 325, 291, 273, 250, 237, 236, 198, 176, 177, 163, 141, 117, 101, 72, 73
737, 712, 688, 656, 642, 623, 602, 584, 555, 532, 509, 488, 479, 442, 421, 422, 413, 374, 365, 350, 325, 291, 273, 250, 237, 236, 198, 176, 177, 163, 141, 117, 101, 72, 73, 74
737, 712, 688, 656, 642, 623, 602, 601, 585, 554, 553, 534, 512, 482, 475, 457, 437, 398, 382, 358, 334, 312, 303, 283, 239, 227, 228, 213, 185, 171, 154, 123, 95, 96, 77, 76, 75
737, 712, 688, 656, 642, 623, 602, 601, 585, 554, 553, 534, 512, 482, 475, 457, 437, 398, 382, 358, 334, 312, 303, 283, 239, 227, 228, 213, 185, 171, 154, 123, 95, 96, 77, 76
737, 712, 688, 656, 642, 623, 602, 601, 585, 554, 553, 534, 512, 482, 475, 457, 437, 398, 382, 358, 334, 312, 303, 283, 239, 227, 228, 213, 185, 171, 154, 123, 95, 96, 77
737, 712, 688, 656, 642, 623, 602, 601, 585, 554, 553, 534, 512, 482, 475, 457, 437, 398, 382, 358, 334, 312, 303, 283, 239, 227, 228, 213, 185, 171, 154, 123, 95, 80, 79, 78
737, 712, 688, 656, 642, 623, 602, 601, 585, 554, 553, 534, 512, 482, 475, 457, 437, 398, 382, 358, 334, 312, 303, 283, 239, 227, 228, 213, 185, 171, 154, 123, 95, 80, 79
737, 712, 688, 656, 642, 623, 602, 601, 585, 554, 553, 534, 512, 482, 475, 457, 437, 398, 382, 358, 334, 312, 303, 283, 239, 227, 228, 213, 185, 171, 154, 123, 95, 80
737, 712, 688, 656, 642, 623, 602, 601, 585, 554, 553, 534, 512, 482, 475, 457, 437, 398, 382, 358, 334, 312, 303, 283, 239, 227, 228, 213, 185, 171, 154, 123, 95, 81
737, 712, 688, 656, 642, 623, 602, 601, 585, 554, 553, 534, 512, 482, 475, 457, 437, 398, 382, 358, 334, 312, 303, 283, 239, 227, 228, 213, 185, 171, 154, 123, 94, 82
737, 712, 688, 656, 642, 623, 602, 601, 585, 554, 533, 510, 483, 476, 458, 438, 397, 380, 360, 333, 310, 305, 281, 260, 225, 209, 188, 173, 152, 126, 92, 83
737, 712, 688, 656, 642, 623, 602, 601, 585, 554, 533, 510, 483, 476, 458, 438, 397, 380, 360, 333, 310, 305, 281, 260, 225, 209, 188, 173, 151, 127, 90, 84
737, 712, 688, 656, 642, 623, 602, 601, 585, 554, 533, 510, 483, 476, 458, 438, 397, 380, 360, 333, 310, 305, 280, 257, 223, 207, 190, 155, 148, 129, 111, 85
737, 712, 688, 656, 642, 623, 602, 601, 585, 554, 533, 510, 483, 476, 458, 438, 397, 380, 360, 333, 310, 305, 280, 257, 223, 207, 190, 155, 148, 129, 111, 86
737, 712, 688, 656, 642, 623, 602, 601, 585, 554, 533, 510, 483, 476, 440, 417, 395, 378, 361, 331, 308, 284, 279, 256, 222, 206, 191, 156, 147, 131, 109, 87
737, 712, 688, 656, 642, 623, 602, 601, 585, 554, 533, 510, 483, 476, 440, 417, 395, 378, 361, 331, 308, 284, 279, 256, 222, 206, 191, 156, 147, 131, 109, 87, 88
737, 712, 688, 656, 642, 623, 602, 584, 555, 532, 509, 488, 479, 442, 420, 415, 375, 364, 351, 327, 288, 275, 253, 220, 202, 194, 159, 145, 112, 107, 89
737, 712, 688, 656, 642, 623, 602, 601, 585, 554, 533, 510, 483, 476, 458, 438, 397, 380, 360, 333, 310, 305, 281, 260, 225, 209, 188, 173, 151, 127, 90
737, 712, 688, 656, 642, 623, 602, 601, 585, 554, 533, 510, 483, 476, 458, 438, 397, 380, 360, 333, 310, 305, 281, 260, 225, 209, 188, 173, 151, 127, 91
737, 712, 688, 656, 642, 623, 602, 601, 585, 554, 533, 510, 483, 476, 458, 438, 397, 380, 360, 333, 310, 305, 281, 260, 225, 209, 188, 173, 152, 126, 92
737, 712, 688, 656, 642, 623, 602, 601, 585, 554, 533, 510, 483, 476, 458, 438, 397, 380, 360, 333, 310, 305, 281, 260, 225, 209, 210, 187, 186, 172, 153, 125, 93
737, 712, 688, 656, 642, 623, 602, 601, 585, 554, 553, 534, 512, 482, 475, 457, 437, 398, 382, 358, 334, 312, 303, 283, 239, 227, 228, 213, 185, 171, 154, 123, 94
737, 712, 688, 656, 642, 623, 602, 601, 585, 554, 553, 534, 512, 482, 475, 457, 437, 398, 382, 358, 334, 312, 303, 283, 239, 227, 228, 213, 185, 171, 154, 123, 95
737, 712, 688, 656, 642, 623, 602, 601, 585, 554, 553, 534, 512, 482, 475, 457, 437, 398, 382, 358, 334, 312, 303, 283, 239, 227, 228, 213, 185, 171, 154, 123, 95, 96
737, 712, 688, 656, 642, 623, 602, 601, 585, 554, 553, 534, 512, 482, 475, 457, 437, 398, 382, 358, 334, 312, 303, 283, 239, 240, 229, 230, 214, 183, 167, 135, 120, 97
737, 712, 688, 656, 642, 623, 602, 601, 585, 554, 553, 534, 512, 482, 475, 457, 437, 398, 382, 358, 334, 312, 303, 283, 239, 240, 229, 230, 214, 183, 167, 135, 120, 98
737, 712, 688, 656, 642, 623, 602, 584, 555, 532, 509, 488, 479, 442, 421, 422, 413, 374, 365, 350, 325, 291, 273, 250, 237, 236, 198, 176, 177, 163, 141, 118, 100, 99
