758, 757, 771, 804, 817, 858, 865, 883, 916, 931, 960, 979, 1004, 1007, 1048, 1047, 1066, 1079, 1096, 1135, 1142, 1169, 1197, 1220, 1222, 1240, 1241, 1277, 1288, 1315, 1337, 1355, 1380, 1392, 1418, 1441, 1445, 1472, 1506, 1521, 1520, 1552, 0
758, 738, 711, 687, 686, 653, 644, 645, 646, 627, 596, 569, 549, 537, 516, 501, 471, 454, 434, 402, 385, 355, 339, 315, 301, 262, 242, 230, 214, 183, 168, 134, 122, 96, 77, 76, 67, 30, 1
758, 757, 771, 804, 817, 858, 865, 883, 916, 931, 960, 979, 1004, 1007, 1048, 1047, 1066, 1079, 1096, 1135, 1142, 1169, 1197, 1220, 1222, 1240, 1276, 1289, 1317, 1335, 1354, 1377, 1390, 1420, 1419, 1442, 1448, 1474, 1504, 1519, 1533, 2
758, 757, 771, 804, 817, 858, 865, 883, 916, 931, 960, 979, 1004, 1007, 1048, 1047, 1066, 1079, 1096, 1135, 1142, 1169, 1197, 1220, 1222, 1240, 1276, 1289, 1317, 1335, 1354, 1377, 1390, 1420, 1419, 1442, 1448, 1474, 1504, 1519, 1533, 3
758, 757, 771, 804, 817, 858, 865, 883, 916, 931, 960, 979, 1004, 1007, 1048, 1047, 1066, 1079, 1096, 1135, 1142, 1169, 1197, 1220, 1222, 1240, 1276, 1289, 1317, 1335, 1354, 1377, 1390, 1421, 1443, 1449, 1475, 1502, 1518, 1534, 4
758, 757, 771, 804, 817, 858, 865, 883, 916, 931, 960, 979, 1004, 1007, 1048, 1047, 1066, 1079, 1096, 1135, 1142, 1169, 1197, 1220, 1222, 1240, 1276, 1289, 1317, 1335, 1354, 1377, 1390, 1421, 1443, 1449, 1475, 1502, 1517, 1535, 5
758, 757, 771, 804, 817, 858, 865, 883, 916, 931, 960, 979, 1004, 1007, 1048, 1047, 1066, 1079, 1097, 1134, 1140, 1172, 1195, 1218, 1223, 1258, 1273, 1292, 1320, 1331, 1351, 1375, 1388, 1423, 1425, 1451, 1478, 1501, 1515, 1536, 6
758, 757, 737, 712, 688, 656, 642, 623, 602, 584, 555, 532, 509, 488, 479, 442, 421, 422, 413, 374, 365, 350, 325, 291, 273, 250, 237, 199, 175, 162, 143, 115, 105, 68, 60, 22, 7
758, 757, 737, 712, 688, 656, 642, 623, 602, 584, 555, 532, 509, 488, 479, 442, 421, 422, 413, 374, 365, 350, 325, 291, 273, 250, 237, 199, 175, 162, 143, 115, 105, 68, 60, 22, 8
758, 757, 737, 712, 688, 656, 642, 623, 602, 584, 555, 532, 509, 488, 479, 442, 420, 415, 375, 364, 351, 327, 288, 275, 253, 220, 202, 194, 159, 145, 112, 107, 89, 59, 45, 9
758, 757, 737, 712, 688, 656, 642, 623, 602, 584, 555, 532, 509, 488, 479, 442, 420, 415, 375, 364, 351, 327, 288, 275, 253, 220, 202, 194, 159, 145, 112, 107, 89, 59, 45, 10
758, 738, 711, 687, 655, 643, 624, 600, 585, 554, 533, 510, 483, 476, 440, 417, 395, 378, 361, 331, 308, 284, 279, 256, 222, 206, 191, 156, 147, 131, 109, 87, 56, 43, 11
758, 738, 711, 687, 686, 653, 644, 625, 598, 567, 551, 535, 513, 482, 475, 457, 437, 398, 381, 359, 333, 310, 305, 280, 257, 223, 207, 190, 155, 148, 129, 111, 85, 55, 42, 12
758, 738, 711, 687, 686, 653, 644, 625, 598, 567, 551, 535, 513, 482, 475, 457, 437, 398, 381, 359, 333, 310, 305, 280, 257, 223, 207, 190, 155, 148, 129, 111, 85, 54, 41, 13
758, 738, 711, 687, 686, 653, 644, 625, 598, 567, 551, 535, 513, 482, 475, 457, 437, 398, 381, 359, 333, 310, 305, 281, 260, 225, 209, 188, 173, 151, 127, 90, 84, 52, 40, 14
758, 738, 711, 687, 686, 653, 644, 625, 598, 567, 551, 535, 513, 482, 475, 457, 437, 398, 381, 359, 333, 310, 305, 281, 260, 225, 209, 188, 173, 151, 127, 90, 84, 52, 39, 15
758, 738, 711, 687, 686, 653, 644, 625, 598, 567, 551, 535, 513, 482, 475, 457, 437, 398, 381, 359, 333, 310, 305, 281, 260, 225, 209, 188, 173, 152, 126, 92, 83, 51, 37, 16
758, 738, 711, 687, 686, 653, 644, 625, 598, 567, 551, 535, 513, 482, 475, 457, 437, 398, 382, 358, 334, 312, 303, 283, 239, 227, 228, 213, 185, 171, 154, 123, 94, 82, 49, 34, 18, 17
758, 738, 711, 687, 686, 653, 644, 625, 598, 567, 551, 535, 513, 482, 475, 457, 437, 398, 382, 358, 334, 312, 303, 283, 239, 227, 228, 213, 185, 171, 154, 123, 94, 82, 49, 34, 18
758, 738, 711, 687, 686, 653, 644, 625, 598, 567, 551, 535, 513, 482, 475, 457, 437, 398, 382, 358, 334, 312, 303, 283, 239, 227, 228, 213, 185, 171, 154, 123, 94, 82, 49, 34, 19
758, 738, 711, 687, 686, 653, 644, 625, 598, 567, 551, 535, 513, 482, 475, 457, 437, 398, 382, 358, 334, 312, 303, 283, 239, 227, 228, 213, 185, 171, 154, 123, 94, 82, 49, 34, 19, 20
758, 757, 737, 712, 688, 656, 642, 623, 602, 584, 555, 532, 509, 488, 479, 442, 421, 422, 413, 374, 365, 350, 325, 291, 273, 250, 237, 199, 175, 162, 143, 115, 105, 68, 60, 21
758, 757, 737, 712, 688, 656, 642, 623, 602, 584, 555, 532, 509, 488, 479, 442, 421, 422, 413, 374, 365, 350, 325, 291, 273, 250, 237, 199, 175, 162, 143, 115, 105, 68, 60, 22
758, 757, 737, 712, 688, 656, 642, 623, 602, 584, 555, 532, 509, 488, 479, 442, 421, 422, 413, 374, 365, 350, 325, 291, 273, 250, 237, 199, 175, 162, 143, 115, 105, 68, 60, 23
758, 757, 737, 712, 688, 656, 642, 623, 602, 584, 555, 532, 509, 488, 479, 442, 421, 422, 413, 374, 365, 350, 325, 291, 273, 250, 237, 199, 175, 162, 143, 115, 105, 68, 60, 24
758, 757, 737, 712, 688, 656, 642, 623, 602, 584, 555, 532, 509, 488, 479, 442, 421, 422, 413, 374, 365, 350, 325, 291, 273, 250, 237, 199, 175, 162, 143, 115, 105, 68, 60, 24, 25
758, 757, 737, 712, 688, 656, 642, 623, 602, 584, 555, 532, 509, 488, 479, 442, 421, 422, 413, 374, 365, 350, 325, 291, 273, 250, 237, 236, 198, 176, 177, 163, 141, 117, 101, 71, 62, 26
758, 757, 737, 712, 688, 656, 642, 623, 602, 584, 555, 532, 509, 488, 479, 442, 421, 422, 413, 374, 365, 350, 325, 291, 273, 250, 237, 236, 198, 176, 177, 163, 141, 117, 101, 71, 62, 27
758, 757, 737, 712, 688, 656, 642, 623, 602, 584, 555, 532, 509, 488, 479, 442, 421, 422, 413, 374, 365, 350, 325, 291, 273, 250, 237, 236, 198, 176, 177, 163, 141, 117, 101, 72, 63, 28
758, 757, 737, 712, 688, 656, 642, 623, 602, 584, 555, 532, 509, 488, 479, 442, 421, 422, 413, 374, 365, 350, 325, 291, 273, 250, 237, 236, 198, 176, 177, 163, 141, 117, 101, 72, 64, 65, 29
758, 738, 711, 687, 686, 653, 644, 645, 646, 627, 596, 569, 549, 537, 516, 501, 471, 454, 434, 402, 385, 355, 339, 315, 301, 262, 242, 230, 214, 183, 168, 134, 122, 96, 77, 76, 67, 30
758, 738, 711, 687, 686, 653, 644, 625, 598, 567, 551, 535, 513, 482, 475, 457, 437, 398, 382, 358, 334, 312, 303, 283, 239, 227, 228, 213, 185, 171, 154, 123, 95, 80, 79, 46, 32, 31
758, 738, 711, 687, 686, 653, 644, 625, 598, 567, 551, 535, 513, 482, 475, 457, 437, 398, 382, 358, 334, 312, 303, 283, 239, 227, 228, 213, 185, 171, 154, 123, 95, 80, 79, 46, 32
758, 738, 711, 687, 686, 653, 644, 625, 598, 567, 551, 535, 513, 482, 475, 457, 437, 398, 382, 358, 334, 312, 303, 283, 239, 227, 228, 213, 185, 171, 154, 123, 94, 82, 49, 34, 33
758, 738, 711, 687, 686, 653, 644, 625, 598, 567, 551, 535, 513, 482, 475, 457, 437, 398, 382, 358, 334, 312, 303, 283, 239, 227, 228, 213, 185, 171, 154, 123, 94, 82, 49, 34
758, 738, 711, 687, 686, 653, 644, 625, 598, 567, 551, 535, 513, 482, 475, 457, 437, 398, 382, 358, 334, 312, 303, 283, 239, 227, 228, 213, 185, 171, 154, 123, 94, 82, 49, 35
758, 738, 711, 687, 686, 653, 644, 625, 598, 567, 551, 535, 513, 482, 475, 457, 437, 398, 381, 359, 333, 310, 305, 281, 260, 225, 209, 188, 173, 152, 126, 92, 83, 51, 37, 36
758, 738, 711, 687, 686, 653, 644, 625, 598, 567, 551, 535, 513, 482, 475, 457, 437, 398, 381, 359, 333, 310, 305, 281, 260, 225, 209, 188, 173, 152, 126, 92, 83, 51, 37
758, 738, 711, 687, 686, 653, 644, 625, 598, 567, 551, 535, 513, 482, 475, 457, 437, 398, 381, 359, 333, 310, 305, 281, 260, 225, 209, 188, 173, 152, 126, 92, 83, 51, 38
758, 738, 711, 687, 686, 653, 644, 625, 598, 567, 551, 535, 513, 482, 475, 457, 437, 398, 381, 359, 333, 310, 305, 281, 260, 225, 209, 188, 173, 151, 127, 90, 84, 52, 39
758, 738, 711, 687, 686, 653, 644, 625, 598, 567, 551, 535, 513, 482, 475, 457, 437, 398, 381, 359, 333, 310, 305, 281, 260, 225, 209, 188, 173, 151, 127, 90, 84, 52, 40
758, 738, 711, 687, 686, 653, 644, 625, 598, 567, 551, 535, 513, 482, 475, 457, 437, 398, 381, 359, 333, 310, 305, 280, 257, 223, 207, 190, 155, 148, 129, 111, 85, 54, 41
758, 738, 711, 687, 686, 653, 644, 625, 598, 567, 551, 535, 513, 482, 475, 457, 437, 398, 381, 359, 333, 310, 305, 280, 257, 223, 207, 190, 155, 148, 129, 111, 85, 55, 42
758, 738, 711, 687, 655, 643, 624, 600, 585, 554, 533, 510, 483, 476, 440, 417, 395, 378, 361, 331, 308, 284, 279, 256, 222, 206, 191, 156, 147, 131, 109, 87, 56, 43
758, 757, 737, 712, 688, 656, 642, 623, 602, 584, 555, 532, 509, 488, 479, 442, 420, 415, 375, 364, 351, 327, 288, 275, 253, 220, 202, 194, 159, 145, 112, 107, 89, 57, 44
758, 757, 737, 712, 688, 656, 642, 623, 602, 584, 555, 532, 509, 488, 479, 442, 420, 415, 375, 364, 351, 327, 288, 275, 253, 220, 202, 194, 159, 145, 112, 107, 89, 59, 45
758, 738, 711, 687, 686, 653, 644, 625, 598, 567, 551, 535, 513, 482, 475, 457, 437, 398, 382, 358, 334, 312, 303, 283, 239, 227, 228, 213, 185, 171, 154, 123, 95, 80, 79, 46
758, 738, 711, 687, 686, 653, 644, 625, 598, 567, 551, 535, 513, 482, 475, 457, 437, 398, 382, 358, 334, 312, 303, 283, 239, 227, 228, 213, 185, 171, 154, 123, 95, 80, 47
758, 738, 711, 687, 686, 653, 644, 625, 598, 567, 551, 535, 513, 482, 475, 457, 437, 398, 382, 358, 334, 312, 303, 283, 239, 227, 228, 213, 185, 171, 154, 123, 94, 82, 49, 48
758, 738, 711, 687, 686, 653, 644, 625, 598, 567, 551, 535, 513, 482, 475, 457, 437, 398, 382, 358, 334, 312, 303, 283, 239, 227, 228, 213, 185, 171, 154, 123, 94, 82, 49
758, 738, 711, 687, 686, 653, 644, 625, 598, 567, 551, 535, 513, 482, 475, 457, 437, 398, 381, 359, 333, 310, 305, 281, 260, 225, 209, 188, 173, 152, 126, 92, 83, 50
758, 738, 711, 687, 686, 653, 644, 625, 598, 567, 551, 535, 513, 482, 475, 457, 437, 398, 381, 359, 333, 310, 305, 281, 260, 225, 209, 188, 173, 152, 126, 92, 83, 51
758, 738, 711, 687, 686, 653, 644, 625, 598, 567, 551, 535, 513, 482, 475, 457, 437, 398, 381, 359, 333, 310, 305, 281, 260, 225, 209, 188, 173, 151, 127, 90, 84, 52
758, 738, 711, 687, 686, 653, 644, 625, 598, 567, 551, 535, 513, 482, 475, 457, 437, 398, 381, 359, 333, 310, 305, 281, 260, 225, 209, 188, 173, 151, 127, 90, 84, 53
758, 738, 711, 687, 686, 653, 644, 625, 598, 567, 551, 535, 513, 482, 475, 457, 437, 398, 381, 359, 333, 310, 305, 280, 257, 223, 207, 190, 155, 148, 129, 111, 85, 54
758, 738, 711, 687, 686, 653, 644, 625, 598, 567, 551, 535, 513, 482, 475, 457, 437, 398, 381, 359, 333, 310, 305, 280, 257, 223, 207, 190, 155, 148, 129, 111, 85, 55
758, 738, 711, 687, 655, 643, 624, 600, 585, 554, 533, 510, 483, 476, 440, 417, 395, 378, 361, 331, 308, 284, 279, 256, 222, 206, 191, 156, 147, 131, 109, 87, 56
758, 757, 737, 712, 688, 656, 642, 623, 602, 584, 555, 532, 509, 488, 479, 442, 420, 415, 375, 364, 351, 327, 288, 275, 253, 220, 202, 194, 159, 145, 112, 107, 89, 57
758, 757, 737, 712, 688, 656, 642, 623, 602, 584, 555, 532, 509, 488, 479, 442, 420, 415, 375, 364, 351, 327, 288, 275, 253, 220, 202, 194, 159, 145, 112, 107, 89, 58
758, 757, 737, 712, 688, 656, 642, 623, 602, 584, 555, 532, 509, 488, 479, 442, 420, 415, 375, 364, 351, 327, 288, 275, 253, 220, 202, 194, 159, 145, 112, 107, 89, 59
758, 757, 737, 712, 688, 656, 642, 623, 602, 584, 555, 532, 509, 488, 479, 442, 421, 422, 413, 374, 365, 350, 325, 291, 273, 250, 237, 199, 175, 162, 143, 115, 105, 68, 60
758, 757, 737, 712, 688, 656, 642, 623, 602, 584, 555, 532, 509, 488, 479, 442, 421, 422, 413, 374, 365, 350, 325, 291, 273, 250, 237, 199, 175, 162, 143, 115, 105, 68, 60, 61
758, 757, 737, 712, 688, 656, 642, 623, 602, 584, 555, 532, 509, 488, 479, 442, 421, 422, 413, 374, 365, 350, 325, 291, 273, 250, 237, 236, 198, 176, 177, 163, 141, 117, 101, 71, 62
758, 757, 737, 712, 688, 656, 642, 623, 602, 584, 555, 532, 509, 488, 479, 442, 421, 422, 413, 374, 365, 350, 325, 291, 273, 250, 237, 236, 198, 176, 177, 163, 141, 117, 101, 72, 63
758, 757, 737, 712, 688, 656, 642, 623, 602, 584, 555, 532, 509, 488, 479, 442, 421, 422, 413, 374, 365, 350, 325, 291, 273, 250, 237, 236, 198, 176, 177, 163, 141, 117, 101, 72, 64
758, 757, 737, 712, 688, 656, 642, 623, 602, 584, 555, 532, 509, 488, 479, 442, 421, 422, 413, 374, 365, 350, 325, 291, 273, 250, 237, 236, 198, 176, 177, 163, 141, 117, 101, 72, 64, 65
758, 738, 711, 687, 686, 653, 644, 645, 646, 627, 596, 569, 549, 537, 516, 501, 471, 454, 434, 402, 385, 355, 339, 315, 301, 262, 242, 230, 214, 183, 168, 134, 122, 96, 77, 76, 67, 66
758, 738, 711, 687, 686, 653, 644, 645, 646, 627, 596, 569, 549, 537, 516, 501, 471, 454, 434, 402, 385, 355, 339, 315, 301, 262, 242, 230, 214, 183, 168, 134, 122, 96, 77, 76, 67
758, 757, 737, 712, 688, 656, 642, 623, 602, 584, 555, 532, 509, 488, 479, 442, 421, 422, 413, 374, 365, 350, 325, 291, 273, 250, 237, 199, 175, 162, 143, 115, 105, 68
758, 757, 737, 712, 688, 656, 642, 623, 602, 584, 555, 532, 509, 488, 479, 442, 421, 422, 413, 374, 365, 350, 325, 291, 273, 250, 237, 199, 175, 162, 143, 115, 105, 68, 69
758, 757, 737, 712, 688, 656, 642, 623, 602, 584, 555, 532, 509, 488, 479, 442, 421, 422, 413, 374, 365, 350, 325, 291, 273, 250, 237, 236, 198, 176, 177, 163, 141, 117, 101, 70
758, 757, 737, 712, 688, 656, 642, 623, 602, 584, 555, 532, 509, 488, 479, 442, 421, 422, 413, 374, 365, 350, 325, 291, 273, 250, 237, 236, 198, 176, 177, 163, 141, 117, 101, 71
758, 757, 737, 712, 688, 656, 642, 623, 602, 584, 555, 532, 509, 488, 479, 442, 421, 422, 413, 374, 365, 350, 325, 291, 273, 250, 237, 236, 198, 176, 177, 163, 141, 117, 101, 72
758, 757, 737, 712, 688, 656, 642, 623, 602, 584, 555, 532, 509, 488, 479, 442, 421, 422, 413, 374, 365, 350, 325, 291, 273, 250, 237, 236, 198, 176, 177, 163, 141, 117, 101, 72, 73
758, 738, 711, 687, 686, 653, 644, 645, 646, 627, 596, 569, 549, 537, 516, 501, 471, 454, 434, 402, 385, 355, 339, 315, 301, 262, 242, 230, 214, 183, 167, 135, 120, 98, 74
758, 738, 711, 687, 686, 653, 644, 645, 646, 627, 596, 569, 549, 537, 516, 501, 471, 454, 434, 402, 385, 355, 339, 315, 301, 262, 242, 230, 214, 183, 168, 134, 122, 96, 77, 76, 75
758, 738, 711, 687, 686, 653, 644, 645, 646, 627, 596, 569, 549, 537, 516, 501, 471, 454, 434, 402, 385, 355, 339, 315, 301, 262, 242, 230, 214, 183, 168, 134, 122, 96, 77, 76
758, 738, 711, 687, 686, 653, 644, 645, 646, 627, 596, 569, 549, 537, 516, 501, 471, 454, 434, 402, 385, 355, 339, 315, 301, 262, 242, 230, 214, 183, 168, 134, 122, 96, 77
758, 738, 711, 687, 686, 653, 644, 645, 646, 627, 596, 569, 549, 537, 516, 501, 471, 454, 434, 402, 385, 355, 339, 315, 301, 262, 242, 230, 214, 183, 168, 134, 122, 96, 78
758, 738, 711, 687, 686, 653, 644, 625, 598, 567, 551, 535, 513, 482, 475, 457, 437, 398, 382, 358, 334, 312, 303, 283, 239, 227, 228, 213, 185, 171, 154, 123, 95, 80, 79
758, 738, 711, 687, 686, 653, 644, 625, 598, 567, 551, 535, 513, 482, 475, 457, 437, 398, 382, 358, 334, 312, 303, 283, 239, 227, 228, 213, 185, 171, 154, 123, 95, 80
758, 738, 711, 687, 686, 653, 644, 625, 598, 567, 551, 535, 513, 482, 475, 457, 437, 398, 382, 358, 334, 312, 303, 283, 239, 227, 228, 213, 185, 171, 154, 123, 95, 81
758, 738, 711, 687, 686, 653, 644, 625, 598, 567, 551, 535, 513, 482, 475, 457, 437, 398, 382, 358, 334, 312, 303, 283, 239, 227, 228, 213, 185, 171, 154, 123, 94, 82
758, 738, 711, 687, 686, 653, 644, 625, 598, 567, 551, 535, 513, 482, 475, 457, 437, 398, 381, 359, 333, 310, 305, 281, 260, 225, 209, 188, 173, 152, 126, 92, 83
758, 738, 711, 687, 686, 653, 644, 625, 598, 567, 551, 535, 513, 482, 475, 457, 437, 398, 381, 359, 333, 310, 305, 281, 260, 225, 209, 188, 173, 151, 127, 90, 84
758, 738, 711, 687, 686, 653, 644, 625, 598, 567, 551, 535, 513, 482, 475, 457, 437, 398, 381, 359, 333, 310, 305, 280, 257, 223, 207, 190, 155, 148, 129, 111, 85
758, 738, 711, 687, 686, 653, 644, 625, 598, 567, 551, 535, 513, 482, 475, 457, 437, 398, 381, 359, 333, 310, 305, 280, 257, 223, 207, 190, 155, 148, 129, 111, 86
758, 738, 711, 687, 655, 643, 624, 600, 585, 554, 533, 510, 483, 476, 440, 417, 395, 378, 361, 331, 308, 284, 279, 256, 222, 206, 191, 156, 147, 131, 109, 87
758, 738, 711, 687, 655, 643, 624, 600, 585, 554, 533, 510, 483, 476, 440, 417, 395, 378, 361, 331, 308, 284, 279, 256, 222, 206, 191, 156, 147, 131, 109, 87, 88
758, 757, 737, 712, 688, 656, 642, 623, 602, 584, 555, 532, 509, 488, 479, 442, 420, 415, 375, 364, 351, 327, 288, 275, 253, 220, 202, 194, 159, 145, 112, 107, 89
758, 738, 711, 687, 686, 653, 644, 625, 598, 567, 551, 535, 513, 482, 475, 457, 437, 398, 381, 359, 333, 310, 305, 281, 260, 225, 209, 188, 173, 151, 127, 90
758, 738, 711, 687, 686, 653, 644, 625, 598, 567, 551, 535, 513, 482, 475, 457, 437, 398, 381, 359, 333, 310, 305, 281, 260, 225, 209, 188, 173, 151, 127, 91
758, 738, 711, 687, 686, 653, 644, 625, 598, 567, 551, 535, 513, 482, 475, 457, 437, 398, 381, 359, 333, 310, 305, 281, 260, 225, 209, 188, 173, 152, 126, 92
758, 738, 711, 687, 686, 653, 644, 625, 598, 567, 551, 535, 513, 482, 475, 457, 437, 398, 382, 358, 334, 312, 303, 283, 239, 227, 212, 186, 172, 153, 125, 93
758, 738, 711, 687, 686, 653, 644, 625, 598, 567, 551, 535, 513, 482, 475, 457, 437, 398, 382, 358, 334, 312, 303, 283, 239, 227, 228, 213, 185, 171, 154, 123, 94
758, 738, 711, 687, 686, 653, 644, 625, 598, 567, 551, 535, 513, 482, 475, 457, 437, 398, 382, 358, 334, 312, 303, 283, 239, 227, 228, 213, 185, 171, 154, 123, 95
758, 738, 711, 687, 686, 653, 644, 645, 646, 627, 596, 569, 549, 537, 516, 501, 471, 454, 434, 402, 385, 355, 339, 315, 301, 262, 242, 230, 214, 183, 168, 134, 122, 96
758, 738, 711, 687, 686, 653, 644, 645, 646, 627, 596, 569, 549, 537, 516, 501, 471, 454, 434, 402, 385, 355, 339, 315, 301, 262, 242, 230, 214, 183, 167, 135, 120, 97
758, 738, 711, 687, 686, 653, 644, 645, 646, 627, 596, 569, 549, 537, 516, 501, 471, 454, 434, 402, 385, 355, 339, 315, 301, 262, 242, 230, 214, 183, 167, 135, 120, 98
758, 738, 711, 687, 686, 653, 644, 645, 646, 627, 596, 569, 549, 537, 516, 501, 471, 454, 434, 402, 385, 355, 339, 315, 301, 262, 242, 230, 214, 183, 167, 135, 120, 98, 99
