851, 875, 895, 906, 942, 941, 940, 939, 948, 968, 990, 1016, 1041, 1060, 1074, 1112, 1116, 1144, 1166, 1199, 1202, 1238, 1241, 1277, 1288, 1315, 1337, 1355, 1380, 1392, 1418, 1441, 1445, 1472, 1506, 1521, 1520, 1552, 0
851, 875, 895, 906, 942, 941, 940, 939, 948, 968, 990, 1016, 1041, 1060, 1074, 1112, 1116, 1144, 1166, 1199, 1202, 1238, 1241, 1277, 1288, 1315, 1337, 1355, 1380, 1392, 1418, 1441, 1445, 1472, 1506, 1521, 1520, 1553, 1
851, 875, 895, 906, 942, 941, 940, 939, 948, 968, 990, 1016, 1041, 1060, 1074, 1112, 1116, 1144, 1166, 1199, 1202, 1238, 1241, 1277, 1288, 1315, 1337, 1355, 1379, 1391, 1419, 1442, 1448, 1474, 1504, 1519, 1533, 2
851, 875, 895, 906, 942, 941, 940, 939, 948, 968, 990, 1016, 1041, 1060, 1074, 1112, 1116, 1144, 1166, 1199, 1202, 1238, 1241, 1277, 1288, 1315, 1337, 1355, 1379, 1391, 1419, 1442, 1448, 1474, 1504, 1519, 1533, 3
851, 875, 895, 906, 942, 941, 940, 939, 948, 968, 990, 1016, 1041, 1060, 1074, 1112, 1116, 1144, 1166, 1199, 1202, 1238, 1241, 1277, 1288, 1315, 1337, 1355, 1379, 1391, 1419, 1442, 1448, 1474, 1503, 1518, 1534, 4
851, 875, 895, 906, 942, 941, 940, 939, 948, 968, 990, 1016, 1041, 1060, 1074, 1112, 1116, 1144, 1166, 1199, 1202, 1238, 1241, 1277, 1288, 1289, 1317, 1335, 1354, 1377, 1390, 1421, 1443, 1449, 1475, 1502, 1517, 1535, 5
851, 850, 828, 793, 781, 767, 723, 700, 699, 673, 665, 633, 615, 586, 575, 563, 525, 523, 495, 466, 449, 427, 407, 391, 371, 343, 321, 295, 269, 247, 234, 196, 179, 164, 140, 118, 101, 71, 62, 26, 6
851, 875, 896, 907, 923, 952, 971, 997, 1021, 1036, 1054, 1089, 1105, 1123, 1152, 1158, 1187, 1211, 1212, 1228, 1252, 1268, 1296, 1303, 1302, 1328, 1347, 1371, 1383, 1405, 1429, 1454, 1480, 1498, 1513, 1537, 7
851, 875, 896, 907, 923, 952, 971, 997, 1021, 1036, 1054, 1089, 1105, 1123, 1152, 1158, 1187, 1211, 1212, 1228, 1252, 1268, 1296, 1303, 1302, 1328, 1347, 1371, 1383, 1405, 1429, 1454, 1480, 1498, 1513, 1538, 8
851, 875, 896, 907, 923, 952, 971, 997, 1021, 1036, 1054, 1089, 1105, 1123, 1152, 1158, 1187, 1211, 1212, 1228, 1252, 1268, 1296, 1303, 1302, 1328, 1347, 1371, 1384, 1406, 1430, 1456, 1483, 1495, 1531, 1532, 1539, 9
851, 875, 896, 907, 923, 952, 971, 997, 1021, 1036, 1054, 1089, 1105, 1123, 1152, 1158, 1187, 1211, 1212, 1228, 1252, 1268, 1296, 1303, 1302, 1328, 1347, 1371, 1384, 1406, 1430, 1456, 1483, 1495, 1531, 1532, 1539, 10
851, 875, 896, 907, 923, 952, 971, 997, 1021, 1036, 1054, 1089, 1105, 1123, 1152, 1158, 1187, 1211, 1212, 1228, 1252, 1268, 1296, 1303, 1302, 1328, 1347, 1371, 1384, 1406, 1430, 1456, 1483, 1495, 1531, 1540, 11
851, 875, 896, 907, 923, 952, 971, 997, 1021, 1036, 1054, 1089, 1105, 1123, 1152, 1158, 1187, 1211, 1212, 1229, 1251, 1267, 1299, 1304, 1326, 1327, 1346, 1370, 1402, 1407, 1432, 1457, 1486, 1493, 1530, 1542, 12
851, 875, 896, 907, 923, 952, 971, 997, 1021, 1036, 1054, 1089, 1105, 1123, 1152, 1158, 1187, 1210, 1231, 1249, 1264, 1279, 1306, 1323, 1344, 1368, 1401, 1408, 1433, 1458, 1487, 1492, 1529, 1543, 13
851, 875, 896, 907, 923, 952, 971, 997, 1021, 1036, 1054, 1089, 1105, 1123, 1152, 1158, 1187, 1210, 1231, 1249, 1264, 1279, 1306, 1323, 1344, 1368, 1401, 1408, 1433, 1458, 1487, 1492, 1528, 1544, 14
851, 875, 896, 907, 923, 952, 971, 997, 1021, 1036, 1054, 1089, 1105, 1123, 1152, 1158, 1187, 1210, 1231, 1249, 1264, 1279, 1306, 1323, 1343, 1366, 1399, 1409, 1434, 1459, 1488, 1491, 1527, 1545, 15
851, 875, 896, 907, 923, 952, 971, 996, 1020, 1037, 1056, 1091, 1107, 1122, 1151, 1161, 1185, 1207, 1233, 1247, 1263, 1281, 1308, 1322, 1342, 1365, 1398, 1413, 1436, 1461, 1467, 1511, 1525, 1547, 16
851, 875, 896, 907, 923, 952, 971, 996, 1020, 1037, 1056, 1091, 1107, 1122, 1151, 1161, 1185, 1207, 1233, 1247, 1263, 1281, 1308, 1322, 1342, 1365, 1398, 1413, 1436, 1461, 1467, 1510, 1524, 1548, 17
851, 875, 896, 907, 923, 952, 971, 996, 1020, 1037, 1056, 1091, 1107, 1122, 1151, 1161, 1185, 1207, 1233, 1247, 1263, 1281, 1309, 1321, 1361, 1364, 1397, 1414, 1437, 1462, 1468, 1509, 1523, 1549, 18
851, 875, 896, 907, 923, 952, 971, 996, 1020, 1037, 1056, 1091, 1107, 1122, 1151, 1161, 1185, 1207, 1233, 1247, 1263, 1281, 1309, 1321, 1361, 1364, 1397, 1414, 1437, 1462, 1468, 1509, 1523, 1549, 19
851, 830, 795, 779, 764, 721, 706, 678, 649, 628, 610, 594, 571, 546, 539, 518, 500, 471, 454, 434, 402, 385, 355, 339, 315, 301, 262, 242, 230, 214, 183, 168, 134, 122, 96, 79, 46, 32, 20
851, 875, 896, 907, 923, 952, 971, 997, 1021, 1036, 1054, 1089, 1105, 1123, 1152, 1158, 1187, 1211, 1212, 1228, 1252, 1268, 1296, 1303, 1302, 1328, 1347, 1371, 1383, 1405, 1429, 1454, 1480, 1498, 1513, 1538, 8, 21
851, 875, 896, 907, 923, 952, 971, 997, 1021, 1036, 1054, 1089, 1105, 1123, 1152, 1158, 1187, 1211, 1212, 1228, 1252, 1268, 1296, 1303, 1302, 1328, 1347, 1371, 1383, 1405, 1429, 1454, 1480, 1498, 1513, 1537, 7, 22
851, 875, 896, 907, 923, 952, 971, 997, 1021, 1036, 1054, 1089, 1105, 1123, 1152, 1158, 1187, 1211, 1212, 1228, 1252, 1268, 1296, 1303, 1302, 1328, 1347, 1371, 1383, 1405, 1429, 1454, 1480, 1498, 1513, 1538, 8, 23
851, 875, 896, 907, 923, 952, 971, 997, 1021, 1036, 1054, 1089, 1105, 1123, 1152, 1158, 1187, 1211, 1212, 1228, 1252, 1268, 1296, 1303, 1302, 1328, 1347, 1371, 1383, 1405, 1429, 1454, 1480, 1498, 1513, 1537, 7, 24
851, 850, 828, 793, 781, 767, 723, 700, 699, 673, 665, 633, 615, 586, 575, 563, 525, 523, 495, 466, 449, 427, 407, 391, 371, 343, 321, 295, 269, 247, 234, 196, 179, 164, 140, 118, 101, 71, 62, 25
851, 850, 828, 793, 781, 767, 723, 700, 699, 673, 665, 633, 615, 586, 575, 563, 525, 523, 495, 466, 449, 427, 407, 391, 371, 343, 321, 295, 269, 247, 234, 196, 179, 164, 140, 118, 101, 71, 62, 26
851, 850, 828, 793, 781, 767, 723, 700, 699, 673, 665, 633, 615, 586, 575, 563, 525, 523, 495, 466, 449, 427, 407, 391, 371, 343, 321, 295, 269, 247, 234, 196, 179, 164, 140, 118, 101, 71, 62, 27
851, 850, 828, 793, 781, 767, 723, 700, 699, 673, 665, 633, 615, 586, 575, 563, 525, 523, 495, 466, 449, 427, 407, 391, 371, 343, 321, 295, 269, 247, 234, 196, 179, 164, 140, 118, 101, 72, 63, 28
851, 850, 828, 793, 781, 767, 723, 700, 699, 673, 665, 633, 615, 586, 575, 563, 525, 523, 495, 466, 449, 427, 407, 391, 371, 343, 320, 296, 268, 245, 233, 217, 181, 165, 138, 119, 99, 74, 65, 29
851, 875, 895, 906, 942, 941, 940, 939, 948, 968, 990, 1016, 1041, 1060, 1074, 1112, 1116, 1144, 1166, 1199, 1202, 1238, 1241, 1277, 1288, 1315, 1337, 1355, 1380, 1392, 1418, 1441, 1445, 1472, 1506, 1521, 1520, 1553, 1, 30
851, 875, 895, 906, 942, 941, 940, 939, 948, 968, 990, 1016, 1041, 1060, 1074, 1112, 1116, 1144, 1166, 1199, 1202, 1238, 1241, 1277, 1288, 1315, 1337, 1355, 1380, 1392, 1418, 1441, 1445, 1472, 1506, 1521, 1520, 1552, 0, 31
851, 830, 795, 779, 764, 721, 706, 678, 649, 628, 610, 594, 571, 546, 539, 518, 500, 471, 454, 434, 402, 385, 355, 339, 315, 301, 262, 242, 230, 214, 183, 168, 134, 122, 96, 79, 46, 32
851, 875, 896, 907, 923, 952, 971, 996, 1020, 1037, 1056, 1091, 1107, 1122, 1151, 1161, 1185, 1207, 1233, 1247, 1263, 1281, 1309, 1321, 1361, 1364, 1397, 1414, 1437, 1462, 1468, 1509, 1523, 1549, 19, 33
851, 875, 896, 907, 923, 952, 971, 996, 1020, 1037, 1056, 1091, 1107, 1122, 1151, 1161, 1185, 1207, 1233, 1247, 1263, 1281, 1309, 1321, 1361, 1364, 1397, 1414, 1437, 1462, 1468, 1509, 1523, 1549, 18, 34
851, 875, 896, 907, 923, 952, 971, 996, 1020, 1037, 1056, 1091, 1107, 1122, 1151, 1161, 1185, 1207, 1233, 1247, 1263, 1281, 1308, 1322, 1342, 1365, 1398, 1413, 1436, 1461, 1467, 1510, 1524, 1548, 17, 35
851, 875, 896, 907, 923, 952, 971, 996, 1020, 1037, 1056, 1091, 1107, 1122, 1151, 1161, 1185, 1207, 1233, 1247, 1263, 1281, 1308, 1322, 1342, 1365, 1398, 1413, 1436, 1461, 1467, 1511, 1525, 1547, 16, 36
851, 875, 896, 907, 923, 952, 971, 996, 1020, 1037, 1056, 1091, 1107, 1122, 1151, 1161, 1185, 1207, 1233, 1247, 1263, 1281, 1308, 1322, 1342, 1365, 1398, 1413, 1436, 1461, 1467, 1511, 1525, 1547, 16, 37
851, 875, 896, 907, 923, 952, 971, 997, 1021, 1036, 1054, 1089, 1105, 1123, 1152, 1158, 1187, 1210, 1231, 1249, 1264, 1279, 1306, 1323, 1343, 1366, 1399, 1409, 1434, 1459, 1488, 1491, 1527, 1545, 15, 38
851, 875, 896, 907, 923, 952, 971, 997, 1021, 1036, 1054, 1089, 1105, 1123, 1152, 1158, 1187, 1210, 1231, 1249, 1264, 1279, 1306, 1323, 1343, 1366, 1399, 1409, 1434, 1459, 1488, 1491, 1527, 1545, 15, 39
851, 875, 896, 907, 923, 952, 971, 997, 1021, 1036, 1054, 1089, 1105, 1123, 1152, 1158, 1187, 1210, 1231, 1249, 1264, 1279, 1306, 1323, 1344, 1368, 1401, 1408, 1433, 1458, 1487, 1492, 1528, 1544, 14, 40
851, 875, 896, 907, 923, 952, 971, 997, 1021, 1036, 1054, 1089, 1105, 1123, 1152, 1158, 1187, 1210, 1231, 1249, 1264, 1279, 1306, 1323, 1344, 1368, 1401, 1408, 1433, 1458, 1487, 1492, 1529, 1543, 13, 41
851, 875, 896, 907, 923, 952, 971, 997, 1021, 1036, 1054, 1089, 1105, 1123, 1152, 1158, 1187, 1210, 1231, 1249, 1264, 1279, 1306, 1323, 1344, 1368, 1401, 1408, 1433, 1458, 1487, 1492, 1529, 1543, 13, 42
851, 875, 896, 907, 923, 952, 971, 997, 1021, 1036, 1054, 1089, 1105, 1123, 1152, 1158, 1187, 1211, 1212, 1228, 1252, 1268, 1296, 1303, 1302, 1328, 1347, 1371, 1384, 1406, 1430, 1456, 1483, 1495, 1531, 1540, 11, 43
851, 875, 896, 907, 923, 952, 971, 997, 1021, 1036, 1054, 1089, 1105, 1123, 1152, 1158, 1187, 1211, 1212, 1228, 1252, 1268, 1296, 1303, 1302, 1328, 1347, 1371, 1384, 1406, 1430, 1456, 1483, 1495, 1531, 1540, 11, 44
851, 875, 896, 907, 923, 952, 971, 997, 1021, 1036, 1054, 1089, 1105, 1123, 1152, 1158, 1187, 1211, 1212, 1228, 1252, 1268, 1296, 1303, 1302, 1328, 1347, 1371, 1384, 1406, 1430, 1456, 1483, 1495, 1531, 1532, 1539, 10, 45
851, 830, 795, 779, 764, 721, 706, 678, 649, 628, 610, 594, 571, 546, 539, 518, 500, 471, 454, 434, 402, 385, 355, 339, 315, 301, 262, 242, 230, 214, 183, 168, 134, 122, 96, 79, 46
851, 830, 795, 779, 764, 721, 706, 678, 649, 628, 610, 594, 571, 546, 539, 518, 500, 471, 454, 434, 402, 385, 355, 339, 315, 301, 262, 242, 230, 214, 183, 168, 134, 122, 96, 95, 80, 47
851, 875, 896, 907, 923, 952, 971, 996, 1020, 1037, 1056, 1091, 1107, 1122, 1151, 1161, 1185, 1207, 1233, 1247, 1263, 1281, 1309, 1321, 1361, 1364, 1397, 1414, 1437, 1462, 1468, 1509, 1523, 1549, 18, 34, 48
851, 830, 795, 779, 764, 721, 706, 678, 649, 628, 610, 594, 571, 546, 539, 518, 500, 471, 454, 434, 402, 385, 355, 339, 315, 301, 264, 241, 229, 213, 185, 171, 154, 123, 94, 82, 49
851, 875, 896, 907, 923, 952, 971, 996, 1020, 1037, 1056, 1091, 1107, 1122, 1151, 1161, 1185, 1207, 1233, 1247, 1263, 1281, 1308, 1322, 1342, 1365, 1398, 1413, 1436, 1461, 1467, 1511, 1525, 1547, 16, 36, 50
851, 875, 896, 907, 923, 952, 971, 997, 1021, 1036, 1054, 1089, 1105, 1123, 1152, 1158, 1187, 1210, 1231, 1249, 1264, 1279, 1306, 1323, 1343, 1366, 1399, 1409, 1434, 1459, 1488, 1491, 1527, 1545, 15, 38, 51
851, 875, 896, 907, 923, 952, 971, 997, 1021, 1036, 1054, 1089, 1105, 1123, 1152, 1158, 1187, 1210, 1231, 1249, 1264, 1279, 1306, 1323, 1343, 1366, 1399, 1409, 1434, 1459, 1488, 1491, 1527, 1545, 15, 39, 52
851, 875, 896, 907, 923, 952, 971, 997, 1021, 1036, 1054, 1089, 1105, 1123, 1152, 1158, 1187, 1210, 1231, 1249, 1264, 1279, 1306, 1323, 1344, 1368, 1401, 1408, 1433, 1458, 1487, 1492, 1528, 1544, 14, 40, 53
851, 875, 896, 907, 923, 952, 971, 997, 1021, 1036, 1054, 1089, 1105, 1123, 1152, 1158, 1187, 1210, 1231, 1249, 1264, 1279, 1306, 1323, 1344, 1368, 1401, 1408, 1433, 1458, 1487, 1492, 1529, 1543, 13, 41, 54
851, 875, 896, 907, 923, 952, 971, 997, 1021, 1036, 1054, 1089, 1105, 1123, 1152, 1158, 1187, 1210, 1231, 1249, 1264, 1279, 1306, 1323, 1344, 1368, 1401, 1408, 1433, 1458, 1487, 1492, 1529, 1543, 13, 41, 55
851, 875, 896, 907, 923, 952, 971, 997, 1021, 1036, 1054, 1089, 1105, 1123, 1152, 1158, 1187, 1211, 1212, 1228, 1252, 1268, 1296, 1303, 1302, 1328, 1347, 1371, 1384, 1406, 1430, 1456, 1483, 1495, 1531, 1540, 11, 43, 56
851, 875, 896, 907, 923, 952, 971, 997, 1021, 1036, 1054, 1089, 1105, 1123, 1152, 1158, 1187, 1211, 1212, 1228, 1252, 1268, 1296, 1303, 1302, 1328, 1347, 1371, 1384, 1406, 1430, 1456, 1483, 1495, 1531, 1540, 11, 44, 57
851, 875, 896, 907, 923, 952, 971, 997, 1021, 1036, 1054, 1089, 1105, 1123, 1152, 1158, 1187, 1211, 1212, 1228, 1252, 1268, 1296, 1303, 1302, 1328, 1347, 1371, 1384, 1406, 1430, 1456, 1483, 1495, 1531, 1540, 11, 44, 58
851, 875, 896, 907, 923, 952, 971, 997, 1021, 1036, 1054, 1089, 1105, 1123, 1152, 1158, 1187, 1211, 1212, 1228, 1252, 1268, 1296, 1303, 1302, 1328, 1347, 1371, 1384, 1406, 1430, 1456, 1483, 1495, 1531, 1532, 1539, 10, 45, 59
851, 850, 828, 793, 781, 767, 723, 700, 699, 673, 665, 633, 615, 616, 609, 577, 561, 527, 505, 492, 462, 446, 423, 411, 373, 366, 349, 324, 291, 273, 250, 237, 199, 175, 162, 143, 115, 105, 68, 60
851, 850, 828, 793, 781, 767, 723, 700, 699, 673, 665, 633, 615, 616, 609, 577, 561, 527, 505, 492, 462, 446, 423, 411, 373, 366, 349, 324, 291, 273, 250, 237, 199, 175, 162, 143, 115, 105, 68, 60, 61
851, 850, 828, 793, 781, 767, 723, 700, 699, 673, 665, 633, 615, 586, 575, 563, 525, 523, 495, 466, 449, 427, 407, 391, 371, 343, 321, 295, 269, 247, 234, 196, 179, 164, 140, 118, 101, 71, 62
851, 850, 828, 793, 781, 767, 723, 700, 699, 673, 665, 633, 615, 586, 575, 563, 525, 523, 495, 466, 449, 427, 407, 391, 371, 343, 321, 295, 269, 247, 234, 196, 179, 164, 140, 118, 101, 72, 63
851, 850, 828, 793, 781, 767, 723, 700, 699, 673, 665, 633, 615, 586, 575, 563, 525, 523, 495, 466, 449, 427, 407, 391, 371, 343, 321, 295, 269, 247, 234, 196, 179, 164, 140, 118, 101, 72, 64
851, 850, 828, 793, 781, 767, 723, 700, 699, 673, 665, 633, 615, 586, 575, 563, 525, 523, 495, 466, 449, 427, 407, 391, 371, 343, 320, 296, 268, 245, 233, 217, 181, 165, 138, 119, 99, 74, 65
851, 875, 895, 906, 942, 941, 940, 939, 948, 968, 990, 1016, 1041, 1060, 1074, 1112, 1116, 1144, 1166, 1199, 1202, 1238, 1241, 1277, 1288, 1315, 1337, 1355, 1380, 1392, 1418, 1441, 1445, 1472, 1506, 1521, 1520, 1553, 1, 30, 66
851, 830, 795, 779, 764, 721, 706, 678, 649, 628, 610, 594, 571, 546, 539, 518, 500, 471, 454, 434, 402, 385, 355, 339, 315, 301, 262, 242, 230, 214, 183, 168, 134, 122, 96, 77, 76, 67
851, 850, 828, 793, 781, 767, 723, 700, 699, 673, 665, 633, 615, 616, 609, 577, 561, 527, 505, 492, 462, 446, 423, 411, 373, 366, 349, 324, 291, 273, 250, 237, 199, 175, 162, 143, 115, 105, 68
851, 850, 828, 793, 781, 767, 723, 700, 699, 673, 665, 633, 615, 616, 609, 577, 561, 527, 505, 492, 462, 446, 423, 411, 373, 366, 349, 324, 291, 273, 250, 237, 199, 175, 162, 143, 115, 105, 68, 69
851, 850, 828, 793, 781, 767, 723, 700, 699, 673, 665, 633, 615, 586, 575, 563, 525, 523, 495, 466, 449, 427, 407, 391, 371, 343, 321, 295, 269, 247, 234, 196, 179, 164, 140, 118, 101, 70
851, 850, 828, 793, 781, 767, 723, 700, 699, 673, 665, 633, 615, 586, 575, 563, 525, 523, 495, 466, 449, 427, 407, 391, 371, 343, 321, 295, 269, 247, 234, 196, 179, 164, 140, 118, 101, 71
851, 850, 828, 793, 781, 767, 723, 700, 699, 673, 665, 633, 615, 586, 575, 563, 525, 523, 495, 466, 449, 427, 407, 391, 371, 343, 321, 295, 269, 247, 234, 196, 179, 164, 140, 118, 101, 72
851, 850, 828, 793, 781, 767, 723, 700, 699, 673, 665, 633, 615, 586, 575, 563, 525, 523, 495, 466, 449, 427, 407, 391, 371, 343, 320, 296, 268, 245, 233, 217, 181, 165, 138, 119, 99, 73
851, 850, 828, 793, 781, 767, 723, 700, 699, 673, 665, 633, 615, 586, 575, 563, 525, 523, 495, 466, 449, 427, 407, 391, 371, 343, 320, 296, 268, 245, 233, 217, 181, 165, 138, 119, 99, 74
851, 830, 795, 779, 764, 721, 706, 678, 649, 628, 610, 594, 571, 546, 539, 518, 500, 471, 454, 434, 402, 385, 355, 339, 315, 301, 262, 242, 230, 214, 183, 168, 134, 122, 96, 77, 76, 75
851, 830, 795, 779, 764, 721, 706, 678, 649, 628, 610, 594, 571, 546, 539, 518, 500, 471, 454, 434, 402, 385, 355, 339, 315, 301, 262, 242, 230, 214, 183, 168, 134, 122, 96, 77, 76
851, 830, 795, 779, 764, 721, 706, 678, 649, 628, 610, 594, 571, 546, 539, 518, 500, 471, 454, 434, 402, 385, 355, 339, 315, 301, 262, 242, 230, 214, 183, 168, 134, 122, 96, 77
851, 830, 795, 779, 764, 721, 706, 678, 649, 628, 610, 594, 571, 546, 539, 518, 500, 471, 454, 434, 402, 385, 355, 339, 315, 301, 262, 242, 230, 214, 183, 168, 134, 122, 96, 78
851, 830, 795, 779, 764, 721, 706, 678, 649, 628, 610, 594, 571, 546, 539, 518, 500, 471, 454, 434, 402, 385, 355, 339, 315, 301, 262, 242, 230, 214, 183, 168, 134, 122, 96, 79
851, 830, 795, 779, 764, 721, 706, 678, 649, 628, 610, 594, 571, 546, 539, 518, 500, 471, 454, 434, 402, 385, 355, 339, 315, 301, 262, 242, 230, 214, 183, 168, 134, 122, 96, 95, 80
851, 830, 795, 779, 764, 721, 706, 678, 649, 628, 610, 594, 571, 546, 539, 518, 500, 471, 454, 434, 402, 385, 355, 339, 315, 301, 262, 242, 230, 214, 183, 168, 134, 122, 96, 95, 81
851, 830, 795, 779, 764, 721, 706, 678, 649, 628, 610, 594, 571, 546, 539, 518, 500, 471, 454, 434, 402, 385, 355, 339, 315, 301, 264, 241, 229, 213, 185, 171, 154, 123, 94, 82
851, 830, 795, 779, 764, 721, 706, 678, 649, 628, 610, 594, 571, 547, 538, 516, 515, 502, 472, 456, 436, 398, 381, 359, 333, 310, 305, 281, 260, 225, 209, 188, 173, 152, 126, 92, 83
851, 830, 795, 779, 764, 721, 706, 678, 649, 628, 610, 594, 571, 547, 538, 516, 515, 502, 472, 456, 436, 398, 381, 359, 333, 310, 305, 281, 260, 225, 209, 188, 173, 151, 127, 90, 84
851, 830, 795, 779, 764, 721, 706, 678, 649, 628, 610, 594, 571, 547, 538, 516, 515, 502, 472, 456, 436, 398, 381, 359, 333, 310, 305, 280, 257, 223, 207, 190, 155, 148, 129, 111, 85
851, 830, 795, 779, 764, 721, 706, 678, 649, 628, 610, 594, 571, 547, 538, 516, 515, 502, 472, 456, 436, 398, 381, 359, 333, 310, 305, 280, 257, 223, 207, 190, 155, 148, 129, 111, 86
851, 875, 896, 907, 923, 952, 971, 997, 1021, 1036, 1054, 1089, 1105, 1123, 1152, 1158, 1187, 1211, 1212, 1228, 1252, 1268, 1296, 1303, 1302, 1328, 1347, 1371, 1384, 1406, 1430, 1456, 1483, 1495, 1531, 1540, 11, 43, 56, 87
851, 875, 896, 907, 923, 952, 971, 997, 1021, 1036, 1054, 1089, 1105, 1123, 1152, 1158, 1187, 1211, 1212, 1228, 1252, 1268, 1296, 1303, 1302, 1328, 1347, 1371, 1384, 1406, 1430, 1456, 1483, 1495, 1531, 1540, 11, 43, 56, 88
851, 875, 896, 907, 923, 952, 971, 997, 1021, 1036, 1054, 1089, 1105, 1123, 1152, 1158, 1187, 1211, 1212, 1228, 1252, 1268, 1296, 1303, 1302, 1328, 1347, 1371, 1384, 1406, 1430, 1456, 1483, 1495, 1531, 1540, 11, 44, 57, 89
851, 830, 795, 779, 764, 721, 706, 678, 649, 628, 610, 594, 571, 547, 538, 516, 515, 502, 472, 456, 436, 398, 381, 359, 333, 310, 305, 281, 260, 225, 209, 188, 173, 151, 127, 90
851, 830, 795, 779, 764, 721, 706, 678, 649, 628, 610, 594, 571, 547, 538, 516, 515, 502, 472, 456, 436, 398, 381, 359, 333, 310, 305, 281, 260, 225, 209, 188, 173, 151, 127, 91
851, 830, 795, 779, 764, 721, 706, 678, 649, 628, 610, 594, 571, 547, 538, 516, 515, 502, 472, 456, 436, 398, 381, 359, 333, 310, 305, 281, 260, 225, 209, 188, 173, 152, 126, 92
851, 830, 795, 779, 764, 721, 706, 678, 649, 628, 610, 594, 571, 547, 538, 516, 515, 502, 472, 456, 436, 398, 382, 358, 334, 312, 303, 283, 239, 227, 212, 186, 172, 153, 125, 93
851, 830, 795, 779, 764, 721, 706, 678, 649, 628, 610, 594, 571, 546, 539, 518, 500, 471, 454, 434, 402, 385, 355, 339, 315, 301, 264, 241, 229, 213, 185, 171, 154, 123, 94
851, 830, 795, 779, 764, 721, 706, 678, 649, 628, 610, 594, 571, 546, 539, 518, 500, 471, 454, 434, 402, 385, 355, 339, 315, 301, 262, 242, 230, 214, 183, 168, 134, 122, 96, 95
851, 830, 795, 779, 764, 721, 706, 678, 649, 628, 610, 594, 571, 546, 539, 518, 500, 471, 454, 434, 402, 385, 355, 339, 315, 301, 262, 242, 230, 214, 183, 168, 134, 122, 96
851, 830, 795, 779, 764, 721, 706, 678, 649, 628, 610, 594, 571, 546, 539, 518, 500, 471, 454, 434, 402, 385, 355, 339, 315, 301, 262, 242, 230, 214, 183, 167, 135, 120, 97
851, 830, 795, 779, 764, 721, 706, 678, 649, 628, 610, 594, 571, 546, 539, 518, 500, 471, 454, 434, 402, 385, 355, 339, 315, 301, 262, 242, 230, 214, 183, 167, 135, 120, 98
851, 850, 828, 793, 781, 767, 723, 700, 699, 673, 665, 633, 615, 586, 575, 563, 525, 523, 495, 466, 449, 427, 407, 391, 371, 343, 320, 296, 268, 245, 233, 217, 181, 165, 138, 119, 99
