995, 1019, 1038, 1057, 1093, 1108, 1120, 1148, 1147, 1163, 1181, 1204, 1236, 1243, 1259, 1286, 1314, 1338, 1357, 1382, 1393, 1417, 1440, 1465, 1471, 1507, 1521, 1520, 1552, 0
995, 1019, 1038, 1057, 1093, 1108, 1120, 1148, 1147, 1163, 1181, 1204, 1236, 1243, 1259, 1286, 1314, 1338, 1357, 1382, 1393, 1417, 1440, 1465, 1471, 1507, 1521, 1520, 1553, 1
995, 1019, 1038, 1057, 1093, 1108, 1120, 1148, 1147, 1163, 1181, 1204, 1236, 1243, 1259, 1286, 1314, 1338, 1356, 1381, 1392, 1391, 1419, 1442, 1448, 1474, 1504, 1519, 1533, 2
995, 1019, 1038, 1057, 1093, 1108, 1120, 1148, 1147, 1163, 1181, 1204, 1236, 1243, 1259, 1286, 1314, 1338, 1356, 1381, 1392, 1391, 1419, 1442, 1448, 1474, 1504, 1519, 1533, 3
995, 1019, 1038, 1057, 1093, 1108, 1120, 1148, 1147, 1163, 1181, 1204, 1236, 1243, 1259, 1286, 1314, 1338, 1356, 1381, 1392, 1391, 1419, 1442, 1448, 1474, 1503, 1518, 1534, 4
995, 1019, 1038, 1057, 1093, 1108, 1120, 1148, 1147, 1163, 1181, 1204, 1236, 1243, 1259, 1286, 1314, 1338, 1356, 1381, 1392, 1391, 1419, 1420, 1443, 1449, 1475, 1502, 1517, 1535, 5
995, 1019, 1038, 1057, 1093, 1108, 1120, 1148, 1147, 1163, 1181, 1204, 1236, 1243, 1259, 1286, 1314, 1338, 1356, 1381, 1392, 1391, 1419, 1420, 1443, 1449, 1475, 1502, 1517, 1535, 5, 6
995, 1019, 1038, 1037, 1055, 1090, 1106, 1123, 1152, 1158, 1187, 1211, 1212, 1228, 1252, 1268, 1296, 1303, 1302, 1328, 1347, 1371, 1383, 1405, 1429, 1454, 1480, 1498, 1513, 1537, 7
995, 1019, 1038, 1037, 1055, 1090, 1106, 1123, 1152, 1158, 1187, 1211, 1212, 1228, 1252, 1268, 1296, 1303, 1302, 1328, 1347, 1371, 1383, 1405, 1429, 1454, 1480, 1498, 1513, 1538, 8
995, 1019, 1038, 1037, 1055, 1090, 1106, 1123, 1152, 1158, 1187, 1211, 1212, 1228, 1252, 1268, 1296, 1303, 1302, 1328, 1347, 1371, 1384, 1406, 1430, 1456, 1483, 1495, 1531, 1532, 1539, 9
995, 1019, 1038, 1037, 1055, 1090, 1106, 1123, 1152, 1158, 1187, 1211, 1212, 1228, 1252, 1268, 1296, 1303, 1302, 1328, 1347, 1371, 1384, 1406, 1430, 1456, 1483, 1495, 1531, 1532, 1539, 10
995, 1019, 1038, 1037, 1055, 1090, 1106, 1123, 1152, 1158, 1187, 1211, 1212, 1228, 1252, 1268, 1296, 1303, 1302, 1328, 1347, 1371, 1384, 1406, 1430, 1456, 1483, 1495, 1531, 1540, 11
995, 1019, 1038, 1037, 1056, 1091, 1107, 1122, 1151, 1161, 1186, 1208, 1232, 1248, 1264, 1279, 1306, 1323, 1344, 1368, 1401, 1408, 1433, 1458, 1457, 1486, 1493, 1530, 1542, 12
995, 1019, 1038, 1037, 1056, 1091, 1107, 1122, 1151, 1161, 1186, 1208, 1232, 1248, 1264, 1279, 1306, 1323, 1344, 1368, 1401, 1408, 1433, 1458, 1487, 1492, 1529, 1543, 13
995, 1019, 1038, 1037, 1056, 1091, 1107, 1122, 1151, 1161, 1186, 1208, 1232, 1248, 1264, 1279, 1306, 1323, 1344, 1368, 1401, 1408, 1433, 1458, 1487, 1492, 1528, 1544, 14
995, 1019, 1038, 1037, 1056, 1091, 1107, 1122, 1151, 1161, 1186, 1208, 1232, 1248, 1264, 1279, 1306, 1323, 1343, 1366, 1399, 1409, 1434, 1459, 1488, 1491, 1527, 1545, 15
995, 1019, 1038, 1037, 1056, 1091, 1107, 1122, 1151, 1161, 1185, 1207, 1233, 1247, 1263, 1281, 1308, 1322, 1342, 1365, 1398, 1413, 1436, 1461, 1467, 1511, 1525, 1547, 16
995, 1019, 1038, 1057, 1093, 1108, 1120, 1148, 1147, 1163, 1181, 1204, 1236, 1243, 1259, 1286, 1314, 1338, 1357, 1382, 1393, 1417, 1440, 1465, 1469, 1508, 1523, 1549, 17
995, 1019, 1038, 1057, 1093, 1108, 1120, 1148, 1147, 1163, 1181, 1204, 1236, 1243, 1259, 1286, 1314, 1338, 1357, 1382, 1393, 1417, 1440, 1465, 1469, 1508, 1523, 1549, 18
995, 1019, 1038, 1057, 1093, 1108, 1120, 1148, 1147, 1163, 1181, 1204, 1236, 1243, 1259, 1286, 1314, 1338, 1357, 1382, 1393, 1417, 1440, 1465, 1469, 1508, 1523, 1549, 19
995, 1019, 1038, 1057, 1093, 1108, 1120, 1148, 1147, 1163, 1181, 1204, 1236, 1243, 1259, 1286, 1314, 1338, 1357, 1382, 1393, 1417, 1440, 1465, 1471, 1507, 1522, 1550, 20
995, 1019, 1038, 1037, 1055, 1090, 1106, 1123, 1152, 1158, 1187, 1211, 1212, 1228, 1252, 1268, 1296, 1303, 1302, 1328, 1347, 1371, 1383, 1405, 1429, 1454, 1480, 1498, 1513, 1538, 8, 21
995, 1019, 1038, 1037, 1055, 1090, 1106, 1123, 1152, 1158, 1187, 1211, 1212, 1228, 1252, 1268, 1296, 1303, 1302, 1328, 1347, 1371, 1383, 1405, 1429, 1454, 1480, 1498, 1513, 1537, 7, 22
995, 1019, 1038, 1037, 1055, 1090, 1106, 1123, 1152, 1158, 1187, 1211, 1212, 1228, 1252, 1268, 1296, 1303, 1302, 1328, 1347, 1371, 1383, 1405, 1429, 1454, 1480, 1498, 1513, 1538, 8, 23
995, 1019, 1038, 1037, 1055, 1090, 1106, 1123, 1152, 1158, 1187, 1211, 1212, 1228, 1252, 1268, 1296, 1303, 1302, 1328, 1347, 1371, 1383, 1405, 1429, 1454, 1480, 1498, 1513, 1537, 7, 24
995, 1019, 1038, 1057, 1093, 1108, 1120, 1148, 1147, 1163, 1181, 1204, 1236, 1243, 1259, 1286, 1314, 1338, 1356, 1381, 1392, 1391, 1419, 1420, 1443, 1449, 1475, 1502, 1517, 1535, 5, 6, 25
995, 1019, 1038, 1057, 1093, 1108, 1120, 1148, 1147, 1163, 1181, 1204, 1236, 1243, 1259, 1286, 1314, 1338, 1356, 1381, 1392, 1391, 1419, 1420, 1443, 1449, 1475, 1502, 1517, 1535, 5, 27, 26
995, 1019, 1038, 1057, 1093, 1108, 1120, 1148, 1147, 1163, 1181, 1204, 1236, 1243, 1259, 1286, 1314, 1338, 1356, 1381, 1392, 1391, 1419, 1420, 1443, 1449, 1475, 1502, 1517, 1535, 5, 27
995, 1019, 1038, 1057, 1093, 1108, 1120, 1148, 1147, 1163, 1181, 1204, 1236, 1243, 1259, 1286, 1314, 1338, 1356, 1381, 1392, 1391, 1419, 1442, 1448, 1474, 1503, 1518, 1534, 4, 29, 28
995, 1019, 1038, 1057, 1093, 1108, 1120, 1148, 1147, 1163, 1181, 1204, 1236, 1243, 1259, 1286, 1314, 1338, 1356, 1381, 1392, 1391, 1419, 1442, 1448, 1474, 1503, 1518, 1534, 4, 29
995, 1019, 1038, 1057, 1093, 1108, 1120, 1148, 1147, 1163, 1181, 1204, 1236, 1243, 1259, 1286, 1314, 1338, 1357, 1382, 1393, 1417, 1440, 1465, 1471, 1507, 1521, 1520, 1553, 1, 30
995, 1019, 1038, 1057, 1093, 1108, 1120, 1148, 1147, 1163, 1181, 1204, 1236, 1243, 1259, 1286, 1314, 1338, 1357, 1382, 1393, 1417, 1440, 1465, 1471, 1507, 1521, 1520, 1552, 0, 31
995, 1019, 1038, 1057, 1093, 1108, 1120, 1148, 1147, 1163, 1181, 1204, 1236, 1243, 1259, 1286, 1314, 1338, 1357, 1382, 1393, 1417, 1440, 1465, 1471, 1507, 1522, 1550, 20, 32
995, 1019, 1038, 1057, 1093, 1108, 1120, 1148, 1147, 1163, 1181, 1204, 1236, 1243, 1259, 1286, 1314, 1338, 1357, 1382, 1393, 1417, 1440, 1465, 1469, 1508, 1523, 1549, 19, 33
995, 1019, 1038, 1057, 1093, 1108, 1120, 1148, 1147, 1163, 1181, 1204, 1236, 1243, 1259, 1286, 1314, 1338, 1357, 1382, 1393, 1417, 1440, 1465, 1469, 1508, 1523, 1549, 18, 34
995, 1019, 1038, 1057, 1093, 1108, 1120, 1148, 1147, 1163, 1181, 1204, 1236, 1243, 1259, 1286, 1314, 1338, 1357, 1382, 1393, 1417, 1440, 1465, 1469, 1508, 1523, 1549, 17, 35
995, 1019, 1038, 1037, 1056, 1091, 1107, 1122, 1151, 1161, 1185, 1207, 1233, 1247, 1263, 1281, 1308, 1322, 1342, 1365, 1398, 1413, 1436, 1461, 1467, 1511, 1525, 1547, 16, 36
995, 1019, 1038, 1037, 1056, 1091, 1107, 1122, 1151, 1161, 1185, 1207, 1233, 1247, 1263, 1281, 1308, 1322, 1342, 1365, 1398, 1413, 1436, 1461, 1467, 1511, 1525, 1547, 16, 37
995, 1019, 1038, 1037, 1056, 1091, 1107, 1122, 1151, 1161, 1186, 1208, 1232, 1248, 1264, 1279, 1306, 1323, 1343, 1366, 1399, 1409, 1434, 1459, 1488, 1491, 1527, 1545, 15, 38
995, 1019, 1038, 1037, 1056, 1091, 1107, 1122, 1151, 1161, 1186, 1208, 1232, 1248, 1264, 1279, 1306, 1323, 1343, 1366, 1399, 1409, 1434, 1459, 1488, 1491, 1527, 1545, 15, 39
995, 1019, 1038, 1037, 1056, 1091, 1107, 1122, 1151, 1161, 1186, 1208, 1232, 1248, 1264, 1279, 1306, 1323, 1344, 1368, 1401, 1408, 1433, 1458, 1487, 1492, 1528, 1544, 14, 40
995, 1019, 1038, 1037, 1056, 1091, 1107, 1122, 1151, 1161, 1186, 1208, 1232, 1248, 1264, 1279, 1306, 1323, 1344, 1368, 1401, 1408, 1433, 1458, 1487, 1492, 1529, 1543, 13, 41
995, 1019, 1038, 1037, 1056, 1091, 1107, 1122, 1151, 1161, 1186, 1208, 1232, 1248, 1264, 1279, 1306, 1323, 1344, 1368, 1401, 1408, 1433, 1458, 1487, 1492, 1529, 1543, 13, 42
995, 1019, 1038, 1037, 1055, 1090, 1106, 1123, 1152, 1158, 1187, 1211, 1212, 1228, 1252, 1268, 1296, 1303, 1302, 1328, 1347, 1371, 1384, 1406, 1430, 1456, 1483, 1495, 1531, 1540, 11, 43
995, 1019, 1038, 1037, 1055, 1090, 1106, 1123, 1152, 1158, 1187, 1211, 1212, 1228, 1252, 1268, 1296, 1303, 1302, 1328, 1347, 1371, 1384, 1406, 1430, 1456, 1483, 1495, 1531, 1540, 11, 44
995, 1019, 1038, 1037, 1055, 1090, 1106, 1123, 1152, 1158, 1187, 1211, 1212, 1228, 1252, 1268, 1296, 1303, 1302, 1328, 1347, 1371, 1384, 1406, 1430, 1456, 1483, 1495, 1531, 1532, 1539, 10, 45
995, 1019, 1038, 1057, 1093, 1108, 1120, 1148, 1147, 1163, 1181, 1204, 1236, 1243, 1259, 1286, 1314, 1338, 1357, 1382, 1393, 1417, 1440, 1465, 1471, 1507, 1522, 1550, 20, 32, 46
995, 1019, 1038, 1057, 1093, 1108, 1120, 1148, 1147, 1163, 1181, 1204, 1236, 1243, 1259, 1286, 1314, 1338, 1357, 1382, 1393, 1417, 1440, 1465, 1469, 1508, 1523, 1549, 19, 33, 47
995, 1019, 1038, 1057, 1093, 1108, 1120, 1148, 1147, 1163, 1181, 1204, 1236, 1243, 1259, 1286, 1314, 1338, 1357, 1382, 1393, 1417, 1440, 1465, 1469, 1508, 1523, 1549, 18, 34, 48
995, 1019, 1038, 1057, 1093, 1108, 1120, 1148, 1147, 1163, 1181, 1204, 1236, 1243, 1259, 1286, 1314, 1338, 1357, 1382, 1393, 1417, 1440, 1465, 1469, 1508, 1523, 1549, 18, 34, 49
995, 1019, 1038, 1037, 1056, 1091, 1107, 1122, 1151, 1161, 1185, 1207, 1233, 1247, 1263, 1281, 1308, 1322, 1342, 1365, 1398, 1413, 1436, 1461, 1467, 1511, 1525, 1547, 16, 36, 50
995, 1019, 1038, 1037, 1056, 1091, 1107, 1122, 1151, 1161, 1186, 1208, 1232, 1248, 1264, 1279, 1306, 1323, 1343, 1366, 1399, 1409, 1434, 1459, 1488, 1491, 1527, 1545, 15, 38, 51
995, 1019, 1038, 1037, 1056, 1091, 1107, 1122, 1151, 1161, 1186, 1208, 1232, 1248, 1264, 1279, 1306, 1323, 1343, 1366, 1399, 1409, 1434, 1459, 1488, 1491, 1527, 1545, 15, 39, 52
995, 1019, 1038, 1037, 1056, 1091, 1107, 1122, 1151, 1161, 1186, 1208, 1232, 1248, 1264, 1279, 1306, 1323, 1344, 1368, 1401, 1408, 1433, 1458, 1487, 1492, 1528, 1544, 14, 40, 53
995, 1019, 1038, 1037, 1056, 1091, 1107, 1122, 1151, 1161, 1186, 1208, 1232, 1248, 1264, 1279, 1306, 1323, 1344, 1368, 1401, 1408, 1433, 1458, 1487, 1492, 1529, 1543, 13, 41, 54
995, 1019, 1038, 1037, 1056, 1091, 1107, 1122, 1151, 1161, 1186, 1208, 1232, 1248, 1264, 1279, 1306, 1323, 1344, 1368, 1401, 1408, 1433, 1458, 1487, 1492, 1529, 1543, 13, 41, 55
995, 1019, 1038, 1037, 1055, 1090, 1106, 1123, 1152, 1158, 1187, 1211, 1212, 1228, 1252, 1268, 1296, 1303, 1302, 1328, 1347, 1371, 1384, 1406, 1430, 1456, 1483, 1495, 1531, 1540, 11, 43, 56
995, 1019, 1038, 1037, 1055, 1090, 1106, 1123, 1152, 1158, 1187, 1211, 1212, 1228, 1252, 1268, 1296, 1303, 1302, 1328, 1347, 1371, 1384, 1406, 1430, 1456, 1483, 1495, 1531, 1540, 11, 44, 57
995, 1019, 1038, 1037, 1055, 1090, 1106, 1123, 1152, 1158, 1187, 1211, 1212, 1228, 1252, 1268, 1296, 1303, 1302, 1328, 1347, 1371, 1384, 1406, 1430, 1456, 1483, 1495, 1531, 1540, 11, 44, 58
995, 1019, 1038, 1037, 1055, 1090, 1106, 1123, 1152, 1158, 1187, 1211, 1212, 1228, 1252, 1268, 1296, 1303, 1302, 1328, 1347, 1371, 1384, 1406, 1430, 1456, 1483, 1495, 1531, 1532, 1539, 10, 45, 59
995, 1019, 1038, 1037, 1055, 1090, 1106, 1123, 1152, 1158, 1187, 1211, 1212, 1228, 1252, 1268, 1296, 1303, 1302, 1328, 1347, 1371, 1383, 1405, 1429, 1454, 1480, 1498, 1513, 1537, 7, 22, 60
995, 1019, 1038, 1037, 1055, 1090, 1106, 1123, 1152, 1158, 1187, 1211, 1212, 1228, 1252, 1268, 1296, 1303, 1302, 1328, 1347, 1371, 1383, 1405, 1429, 1454, 1480, 1498, 1513, 1537, 7, 22, 60, 61
995, 1019, 1038, 1057, 1093, 1108, 1120, 1148, 1147, 1163, 1181, 1204, 1236, 1243, 1259, 1286, 1314, 1338, 1356, 1381, 1392, 1391, 1419, 1420, 1443, 1449, 1475, 1502, 1517, 1535, 5, 27, 62
995, 1019, 1038, 1057, 1093, 1108, 1120, 1148, 1147, 1163, 1181, 1204, 1236, 1243, 1259, 1286, 1314, 1338, 1356, 1381, 1392, 1391, 1419, 1442, 1448, 1474, 1503, 1518, 1534, 4, 29, 65, 64, 63
995, 1019, 1038, 1057, 1093, 1108, 1120, 1148, 1147, 1163, 1181, 1204, 1236, 1243, 1259, 1286, 1314, 1338, 1356, 1381, 1392, 1391, 1419, 1442, 1448, 1474, 1503, 1518, 1534, 4, 29, 65, 64
995, 1019, 1038, 1057, 1093, 1108, 1120, 1148, 1147, 1163, 1181, 1204, 1236, 1243, 1259, 1286, 1314, 1338, 1356, 1381, 1392, 1391, 1419, 1442, 1448, 1474, 1503, 1518, 1534, 4, 29, 65
995, 1019, 1038, 1057, 1093, 1108, 1120, 1148, 1147, 1163, 1181, 1204, 1236, 1243, 1259, 1286, 1314, 1338, 1357, 1382, 1393, 1417, 1440, 1465, 1471, 1507, 1521, 1520, 1553, 1, 30, 66
995, 1019, 1038, 1057, 1093, 1108, 1120, 1148, 1147, 1163, 1181, 1204, 1236, 1243, 1259, 1286, 1314, 1338, 1357, 1382, 1393, 1417, 1440, 1465, 1471, 1507, 1521, 1520, 1553, 1, 30, 67
995, 1019, 1038, 1037, 1055, 1090, 1106, 1123, 1152, 1158, 1187, 1211, 1212, 1228, 1252, 1268, 1296, 1303, 1302, 1328, 1347, 1371, 1383, 1405, 1429, 1454, 1480, 1498, 1513, 1537, 7, 22, 60, 68
995, 1019, 1038, 1037, 1055, 1090, 1106, 1123, 1152, 1158, 1187, 1211, 1212, 1228, 1252, 1268, 1296, 1303, 1302, 1328, 1347, 1371, 1383, 1405, 1429, 1454, 1480, 1498, 1513, 1537, 7, 22, 60, 61, 69
995, 1019, 1038, 1057, 1093, 1108, 1120, 1148, 1147, 1163, 1181, 1204, 1236, 1243, 1259, 1286, 1314, 1338, 1356, 1381, 1392, 1391, 1419, 1420, 1443, 1449, 1475, 1502, 1517, 1535, 5, 27, 62, 70
995, 1019, 1038, 1057, 1093, 1108, 1120, 1148, 1147, 1163, 1181, 1204, 1236, 1243, 1259, 1286, 1314, 1338, 1356, 1381, 1392, 1391, 1419, 1420, 1443, 1449, 1475, 1502, 1517, 1535, 5, 27, 62, 71
995, 1019, 1038, 1057, 1093, 1108, 1120, 1148, 1147, 1163, 1181, 1204, 1236, 1243, 1259, 1286, 1314, 1338, 1356, 1381, 1392, 1391, 1419, 1442, 1448, 1474, 1503, 1518, 1534, 4, 29, 65, 64, 72
995, 1019, 1038, 1057, 1093, 1108, 1120, 1148, 1147, 1163, 1181, 1204, 1236, 1243, 1259, 1286, 1314, 1338, 1357, 1382, 1393, 1417, 1440, 1465, 1471, 1507, 1521, 1520, 1553, 1, 30, 66, 74, 73
995, 1019, 1038, 1057, 1093, 1108, 1120, 1148, 1147, 1163, 1181, 1204, 1236, 1243, 1259, 1286, 1314, 1338, 1357, 1382, 1393, 1417, 1440, 1465, 1471, 1507, 1521, 1520, 1553, 1, 30, 66, 74
995, 1019, 1038, 1057, 1093, 1108, 1120, 1148, 1147, 1163, 1181, 1204, 1236, 1243, 1259, 1286, 1314, 1338, 1357, 1382, 1393, 1417, 1440, 1465, 1471, 1507, 1521, 1520, 1553, 1, 30, 67, 75
995, 1019, 1038, 1057, 1093, 1108, 1120, 1148, 1147, 1163, 1181, 1204, 1236, 1243, 1259, 1286, 1314, 1338, 1357, 1382, 1393, 1417, 1440, 1465, 1471, 1507, 1521, 1520, 1553, 1, 30, 67, 76
995, 1019, 1038, 1057, 1093, 1108, 1120, 1148, 1147, 1163, 1181, 1204, 1236, 1243, 1259, 1286, 1314, 1338, 1357, 1382, 1393, 1417, 1440, 1465, 1471, 1507, 1521, 1520, 1553, 1, 30, 67, 76, 77
995, 1019, 1038, 1057, 1093, 1108, 1120, 1148, 1147, 1163, 1181, 1204, 1236, 1243, 1259, 1286, 1314, 1338, 1357, 1382, 1393, 1417, 1440, 1465, 1471, 1507, 1522, 1550, 20, 32, 46, 78
995, 1019, 1038, 1057, 1093, 1108, 1120, 1148, 1147, 1163, 1181, 1204, 1236, 1243, 1259, 1286, 1314, 1338, 1357, 1382, 1393, 1417, 1440, 1465, 1471, 1507, 1522, 1550, 20, 32, 46, 79
995, 1019, 1038, 1057, 1093, 1108, 1120, 1148, 1147, 1163, 1181, 1204, 1236, 1243, 1259, 1286, 1314, 1338, 1357, 1382, 1393, 1417, 1440, 1465, 1469, 1508, 1523, 1549, 19, 33, 47, 80
995, 1019, 1038, 1057, 1093, 1108, 1120, 1148, 1147, 1163, 1181, 1204, 1236, 1243, 1259, 1286, 1314, 1338, 1357, 1382, 1393, 1417, 1440, 1465, 1469, 1508, 1523, 1549, 19, 33, 47, 81
995, 1019, 1038, 1057, 1093, 1108, 1120, 1148, 1147, 1163, 1181, 1204, 1236, 1243, 1259, 1286, 1314, 1338, 1357, 1382, 1393, 1417, 1440, 1465, 1469, 1508, 1523, 1549, 18, 34, 49, 82
995, 1019, 1038, 1037, 1056, 1091, 1107, 1122, 1151, 1161, 1186, 1208, 1232, 1248, 1264, 1279, 1306, 1323, 1343, 1366, 1399, 1409, 1434, 1459, 1488, 1491, 1527, 1545, 15, 38, 51, 83
995, 1019, 1038, 1037, 1056, 1091, 1107, 1122, 1151, 1161, 1186, 1208, 1232, 1248, 1264, 1279, 1306, 1323, 1343, 1366, 1399, 1409, 1434, 1459, 1488, 1491, 1527, 1545, 15, 39, 52, 84
995, 1019, 1038, 1037, 1056, 1091, 1107, 1122, 1151, 1161, 1186, 1208, 1232, 1248, 1264, 1279, 1306, 1323, 1344, 1368, 1401, 1408, 1433, 1458, 1487, 1492, 1529, 1543, 13, 41, 54, 85
995, 1019, 1038, 1037, 1056, 1091, 1107, 1122, 1151, 1161, 1186, 1208, 1232, 1248, 1264, 1279, 1306, 1323, 1344, 1368, 1401, 1408, 1433, 1458, 1487, 1492, 1529, 1543, 13, 41, 55, 86
995, 1019, 1038, 1037, 1055, 1090, 1106, 1123, 1152, 1158, 1187, 1211, 1212, 1228, 1252, 1268, 1296, 1303, 1302, 1328, 1347, 1371, 1384, 1406, 1430, 1456, 1483, 1495, 1531, 1540, 11, 43, 56, 87
995, 1019, 1038, 1037, 1055, 1090, 1106, 1123, 1152, 1158, 1187, 1211, 1212, 1228, 1252, 1268, 1296, 1303, 1302, 1328, 1347, 1371, 1384, 1406, 1430, 1456, 1483, 1495, 1531, 1540, 11, 43, 56, 88
995, 1019, 1038, 1037, 1055, 1090, 1106, 1123, 1152, 1158, 1187, 1211, 1212, 1228, 1252, 1268, 1296, 1303, 1302, 1328, 1347, 1371, 1384, 1406, 1430, 1456, 1483, 1495, 1531, 1540, 11, 44, 57, 89
995, 1019, 1038, 1037, 1056, 1091, 1107, 1122, 1151, 1161, 1186, 1208, 1232, 1248, 1264, 1279, 1306, 1323, 1343, 1366, 1399, 1409, 1434, 1459, 1488, 1491, 1527, 1545, 15, 39, 52, 84, 90
995, 1019, 1038, 1037, 1056, 1091, 1107, 1122, 1151, 1161, 1186, 1208, 1232, 1248, 1264, 1279, 1306, 1323, 1343, 1366, 1399, 1409, 1434, 1459, 1488, 1491, 1527, 1545, 15, 39, 52, 84, 91
995, 1019, 1038, 1037, 1056, 1091, 1107, 1122, 1151, 1161, 1186, 1208, 1232, 1248, 1264, 1279, 1306, 1323, 1343, 1366, 1399, 1409, 1434, 1459, 1488, 1491, 1527, 1545, 15, 38, 51, 83, 92
995, 1019, 1038, 1057, 1093, 1108, 1120, 1148, 1147, 1163, 1181, 1204, 1236, 1243, 1259, 1286, 1314, 1338, 1357, 1382, 1393, 1417, 1440, 1465, 1469, 1508, 1523, 1549, 18, 34, 49, 82, 93
995, 1019, 1038, 1057, 1093, 1108, 1120, 1148, 1147, 1163, 1181, 1204, 1236, 1243, 1259, 1286, 1314, 1338, 1357, 1382, 1393, 1417, 1440, 1465, 1469, 1508, 1523, 1549, 18, 34, 49, 82, 94
995, 1019, 1038, 1057, 1093, 1108, 1120, 1148, 1147, 1163, 1181, 1204, 1236, 1243, 1259, 1286, 1314, 1338, 1357, 1382, 1393, 1417, 1440, 1465, 1469, 1508, 1523, 1549, 19, 33, 47, 80, 95
995, 1019, 1038, 1057, 1093, 1108, 1120, 1148, 1147, 1163, 1181, 1204, 1236, 1243, 1259, 1286, 1314, 1338, 1357, 1382, 1393, 1417, 1440, 1465, 1471, 1507, 1522, 1550, 20, 32, 46, 79, 96
995, 1019, 1038, 1057, 1093, 1108, 1120, 1148, 1147, 1163, 1181, 1204, 1236, 1243, 1259, 1286, 1314, 1338, 1357, 1382, 1393, 1417, 1440, 1465, 1471, 1507, 1521, 1520, 1553, 1, 30, 67, 75, 97
995, 1019, 1038, 1057, 1093, 1108, 1120, 1148, 1147, 1163, 1181, 1204, 1236, 1243, 1259, 1286, 1314, 1338, 1357, 1382, 1393, 1417, 1440, 1465, 1471, 1507, 1521, 1520, 1553, 1, 30, 67, 75, 97, 98
995, 1019, 1038, 1057, 1093, 1108, 1120, 1148, 1147, 1163, 1181, 1204, 1236, 1243, 1259, 1286, 1314, 1338, 1357, 1382, 1393, 1417, 1440, 1465, 1471, 1507, 1521, 1520, 1553, 1, 30, 66, 74, 99
