1300, 1326, 1350, 1351, 1352, 1353, 1371, 1407, 1420, 1447, 1446, 1465, 1479, 1508, 1521, 1552, 0
1300, 1326, 1350, 1351, 1352, 1353, 1371, 1407, 1420, 1447, 1446, 1465, 1479, 1508, 1521, 1552, 1551, 1
1300, 1326, 1350, 1351, 1352, 1353, 1371, 1407, 1408, 1409, 1418, 1445, 1466, 1480, 1510, 1511, 1523, 1550, 2
1300, 1326, 1350, 1351, 1352, 1353, 1371, 1407, 1408, 1409, 1418, 1445, 1466, 1480, 1510, 1511, 1523, 1550, 2, 3
1300, 1326, 1350, 1351, 1352, 1353, 1371, 1407, 1408, 1409, 1418, 1445, 1467, 1468, 1481, 1512, 1513, 1525, 1548, 4
1300, 1326, 1350, 1351, 1352, 1353, 1371, 1407, 1408, 1409, 1418, 1445, 1467, 1468, 1481, 1512, 1513, 1525, 1548, 4, 5
1300, 1326, 1350, 1351, 1352, 1353, 1371, 1407, 1408, 1409, 1418, 1445, 1467, 1468, 1481, 1512, 1513, 1525, 1548, 4, 5, 6
1300, 1326, 1350, 1351, 1352, 1353, 1371, 1407, 1408, 1409, 1418, 1445, 1467, 1468, 1481, 1512, 1513, 1525, 1548, 4, 5, 6, 7
1300, 1326, 1350, 1351, 1352, 1353, 1371, 1407, 1408, 1409, 1418, 1445, 1467, 1468, 1481, 1512, 1513, 1525, 1548, 4, 5, 6, 7, 8
1300, 1326, 1349, 1369, 1389, 1404, 1403, 1402, 1401, 1400, 1399, 1430, 1435, 1456, 1491, 1500, 1532, 1539, 11, 10, 9
