437, 436, 434, 407, 378, 352, 347, 308, 297, 269, 247, 232, 201, 192, 154, 135, 111, 92, 72, 47, 25, 0
437, 436, 434, 407, 378, 352, 347, 308, 297, 269, 247, 232, 202, 193, 153, 134, 110, 93, 71, 49, 24, 1
437, 435, 409, 377, 353, 327, 310, 295, 266, 249, 234, 204, 196, 174, 131, 129, 95, 69, 51, 22, 2
437, 435, 409, 377, 353, 327, 310, 295, 266, 249, 234, 204, 196, 174, 131, 129, 95, 69, 51, 21, 3
437, 435, 409, 377, 353, 327, 310, 311, 294, 265, 250, 236, 205, 197, 173, 130, 127, 96, 67, 52, 41, 4
437, 435, 409, 377, 353, 327, 310, 311, 294, 265, 250, 236, 205, 197, 173, 130, 127, 96, 67, 52, 41, 4, 5
437, 435, 409, 377, 353, 327, 310, 311, 294, 265, 250, 236, 205, 197, 173, 130, 127, 96, 67, 52, 41, 4, 5, 6
437, 435, 409, 377, 353, 327, 310, 311, 294, 265, 250, 236, 205, 197, 173, 130, 127, 96, 67, 52, 41, 4, 5, 6, 7
437, 435, 409, 377, 353, 327, 310, 311, 294, 265, 250, 236, 205, 197, 173, 130, 127, 96, 67, 52, 41, 4, 5, 6, 7, 8
437, 435, 409, 376, 375, 374, 373, 356, 330, 313, 291, 284, 252, 238, 209, 177, 171, 149, 125, 98, 85, 84, 83, 57, 36, 9
