722, 721, 742, 777, 798, 805, 829, 872, 895, 910, 922, 957, 977, 993, 1019, 1034, 1067, 1075, 1097, 1121, 1144, 1171, 1190, 1219, 1241, 1246, 1274, 1305, 1330, 1333, 1354, 1372, 1408, 1419, 1446, 1465, 1479, 1508, 1521, 1552, 0
722, 702, 691, 669, 643, 632, 607, 575, 563, 532, 514, 485, 462, 445, 420, 394, 370, 359, 332, 315, 289, 290, 282, 253, 239, 210, 178, 171, 172, 173, 130, 128, 95, 69, 51, 22, 2, 1
722, 702, 691, 669, 643, 632, 607, 575, 563, 532, 514, 485, 462, 445, 420, 394, 370, 359, 332, 315, 289, 290, 282, 253, 239, 210, 178, 171, 172, 173, 130, 128, 95, 69, 51, 22, 2
722, 702, 691, 669, 643, 632, 607, 575, 563, 532, 514, 485, 462, 445, 420, 394, 370, 359, 332, 315, 289, 290, 282, 253, 239, 210, 178, 171, 172, 173, 130, 128, 95, 69, 51, 21, 3
722, 702, 691, 669, 643, 632, 607, 575, 563, 532, 514, 485, 462, 445, 420, 394, 370, 359, 332, 315, 289, 290, 282, 253, 239, 210, 178, 170, 148, 125, 126, 97, 87, 54, 53, 41, 4
722, 702, 691, 669, 643, 632, 607, 575, 563, 532, 514, 485, 462, 445, 420, 394, 370, 359, 332, 315, 289, 290, 282, 253, 239, 210, 178, 170, 148, 125, 98, 85, 55, 39, 40, 5
722, 702, 691, 669, 643, 632, 607, 575, 563, 532, 514, 485, 462, 445, 420, 394, 370, 359, 332, 315, 289, 290, 282, 253, 239, 210, 178, 170, 148, 125, 98, 85, 55, 39, 40, 6
722, 702, 691, 669, 643, 632, 607, 575, 563, 532, 514, 485, 462, 445, 420, 394, 370, 359, 332, 315, 289, 290, 282, 253, 239, 210, 178, 170, 148, 125, 98, 85, 55, 39, 7
722, 702, 691, 669, 643, 632, 607, 575, 563, 532, 514, 485, 462, 445, 420, 394, 370, 359, 332, 315, 289, 290, 282, 253, 239, 210, 179, 169, 147, 124, 99, 84, 56, 37, 8
722, 702, 691, 669, 643, 632, 607, 575, 563, 532, 514, 485, 462, 445, 420, 394, 370, 359, 332, 315, 289, 281, 255, 240, 211, 180, 168, 146, 123, 100, 83, 57, 36, 9
