1050, 1088, 1099, 1098, 1125, 1144, 1160, 1183, 1215, 1222, 1238, 1265, 1293, 1317, 1335, 1360, 1371, 1398, 1414, 1427, 1453, 1454, 1479, 1496, 1514, 1548, 0
1050, 1088, 1099, 1098, 1125, 1144, 1160, 1183, 1215, 1222, 1238, 1265, 1293, 1317, 1335, 1360, 1371, 1398, 1414, 1427, 1453, 1454, 1479, 1496, 1514, 1548, 1
1050, 1088, 1099, 1098, 1125, 1144, 1160, 1183, 1215, 1222, 1238, 1265, 1293, 1317, 1335, 1360, 1371, 1398, 1414, 1427, 1453, 1454, 1479, 1496, 1514, 1548, 2
1050, 1088, 1099, 1098, 1125, 1144, 1160, 1183, 1215, 1222, 1238, 1265, 1293, 1317, 1335, 1360, 1371, 1398, 1414, 1427, 1453, 1454, 1479, 1496, 1514, 1548, 0, 43, 3
1050, 1088, 1099, 1098, 1125, 1144, 1160, 1183, 1215, 1222, 1238, 1265, 1293, 1317, 1335, 1360, 1371, 1398, 1414, 1427, 1453, 1454, 1479, 1496, 1514, 1548, 1547, 4
1050, 1051, 1086, 1085, 1102, 1131, 1140, 1166, 1190, 1191, 1207, 1231, 1247, 1276, 1282, 1281, 1307, 1326, 1350, 1362, 1384, 1421, 1433, 1459, 1475, 1492, 1516, 1546, 5
1050, 1051, 1086, 1085, 1102, 1131, 1140, 1166, 1190, 1191, 1207, 1231, 1247, 1276, 1282, 1281, 1307, 1326, 1350, 1362, 1384, 1421, 1433, 1459, 1475, 1492, 1516, 1546, 6
1050, 1051, 1086, 1085, 1102, 1131, 1140, 1166, 1190, 1191, 1207, 1231, 1247, 1276, 1282, 1281, 1307, 1326, 1350, 1362, 1384, 1421, 1433, 1459, 1475, 1492, 1517, 1545, 7
1050, 1051, 1086, 1085, 1102, 1131, 1140, 1166, 1190, 1191, 1207, 1231, 1247, 1276, 1282, 1281, 1307, 1326, 1350, 1363, 1385, 1422, 1435, 1462, 1472, 1510, 1511, 1518, 1543, 8
1050, 1051, 1086, 1085, 1102, 1131, 1140, 1166, 1190, 1191, 1207, 1231, 1247, 1276, 1282, 1281, 1307, 1326, 1350, 1363, 1385, 1422, 1435, 1462, 1472, 1510, 1519, 1542, 9
1050, 1051, 1086, 1085, 1102, 1131, 1140, 1166, 1190, 1191, 1207, 1231, 1247, 1276, 1282, 1281, 1307, 1326, 1350, 1363, 1385, 1422, 1435, 1462, 1472, 1510, 1519, 1542, 10
1050, 1087, 1100, 1101, 1130, 1142, 1165, 1187, 1211, 1227, 1243, 1258, 1285, 1302, 1323, 1347, 1380, 1387, 1405, 1437, 1466, 1490, 1508, 1522, 1540, 11
1050, 1087, 1100, 1101, 1130, 1142, 1165, 1187, 1211, 1227, 1243, 1258, 1285, 1302, 1323, 1347, 1380, 1387, 1405, 1437, 1466, 1490, 1508, 1522, 1540, 12
1050, 1087, 1100, 1101, 1130, 1142, 1165, 1187, 1211, 1227, 1243, 1258, 1285, 1302, 1323, 1347, 1380, 1387, 1405, 1437, 1466, 1490, 1507, 1523, 1539, 13
1050, 1087, 1100, 1101, 1130, 1142, 1165, 1187, 1211, 1227, 1243, 1258, 1285, 1302, 1322, 1345, 1378, 1388, 1406, 1438, 1467, 1489, 1506, 1524, 1538, 14
1050, 1087, 1100, 1101, 1130, 1142, 1165, 1187, 1211, 1227, 1243, 1258, 1285, 1302, 1322, 1345, 1378, 1388, 1406, 1438, 1467, 1489, 1506, 1524, 1538, 15
1050, 1087, 1100, 1101, 1130, 1142, 1165, 1187, 1211, 1227, 1243, 1258, 1285, 1302, 1322, 1345, 1378, 1388, 1406, 1438, 1467, 1489, 1506, 1524, 1538, 16
1050, 1087, 1100, 1128, 1143, 1163, 1185, 1213, 1225, 1226, 1242, 1260, 1287, 1301, 1321, 1344, 1377, 1392, 1408, 1440, 1446, 1488, 1504, 1526, 1537, 17
1050, 1088, 1099, 1098, 1125, 1144, 1160, 1183, 1215, 1222, 1238, 1265, 1293, 1317, 1336, 1361, 1372, 1396, 1412, 1444, 1448, 1485, 1502, 1528, 1536, 18
1050, 1088, 1099, 1098, 1125, 1144, 1160, 1183, 1215, 1222, 1238, 1265, 1293, 1317, 1336, 1361, 1372, 1396, 1412, 1444, 1448, 1485, 1502, 1528, 1535, 19
1050, 1088, 1099, 1098, 1125, 1144, 1160, 1183, 1215, 1222, 1238, 1265, 1293, 1317, 1336, 1361, 1372, 1396, 1412, 1444, 1448, 1485, 1502, 1528, 1534, 20
1050, 1088, 1099, 1098, 1125, 1144, 1160, 1183, 1215, 1222, 1238, 1265, 1293, 1317, 1336, 1361, 1372, 1396, 1412, 1444, 1450, 1484, 1501, 1529, 1533, 21
1050, 1088, 1099, 1098, 1125, 1144, 1160, 1183, 1215, 1222, 1238, 1265, 1293, 1317, 1336, 1361, 1372, 1396, 1412, 1444, 1450, 1484, 1500, 1499, 1531, 1553, 22
1050, 1088, 1099, 1098, 1125, 1144, 1160, 1183, 1215, 1222, 1238, 1265, 1293, 1317, 1336, 1361, 1372, 1396, 1412, 1444, 1450, 1484, 1500, 1499, 1532, 1552, 23
1050, 1088, 1099, 1098, 1125, 1144, 1160, 1183, 1215, 1222, 1238, 1265, 1293, 1317, 1335, 1360, 1371, 1398, 1414, 1427, 1453, 1480, 1497, 1513, 1549, 24
1050, 1088, 1099, 1098, 1125, 1144, 1160, 1183, 1215, 1222, 1238, 1265, 1293, 1317, 1336, 1361, 1372, 1396, 1412, 1444, 1450, 1484, 1500, 1499, 1532, 1552, 23, 25
1050, 1088, 1099, 1098, 1125, 1144, 1160, 1183, 1215, 1222, 1238, 1265, 1293, 1317, 1336, 1361, 1372, 1396, 1412, 1444, 1450, 1484, 1500, 1499, 1532, 1552, 23, 26
1050, 1088, 1099, 1098, 1125, 1144, 1160, 1183, 1215, 1222, 1238, 1265, 1293, 1317, 1336, 1361, 1372, 1396, 1412, 1444, 1450, 1484, 1501, 1529, 1533, 21, 27
1050, 1088, 1099, 1098, 1125, 1144, 1160, 1183, 1215, 1222, 1238, 1265, 1293, 1317, 1336, 1361, 1372, 1396, 1412, 1444, 1448, 1485, 1502, 1528, 1534, 20, 28
1050, 1088, 1099, 1098, 1125, 1144, 1160, 1183, 1215, 1222, 1238, 1265, 1293, 1317, 1336, 1361, 1372, 1396, 1412, 1444, 1448, 1485, 1502, 1528, 1535, 19, 29
1050, 1088, 1099, 1098, 1125, 1144, 1160, 1183, 1215, 1222, 1238, 1265, 1293, 1317, 1336, 1361, 1372, 1396, 1412, 1444, 1448, 1485, 1502, 1528, 1535, 19, 30
1050, 1087, 1100, 1128, 1143, 1163, 1185, 1213, 1225, 1226, 1242, 1260, 1287, 1301, 1321, 1344, 1377, 1392, 1408, 1440, 1446, 1488, 1504, 1526, 1537, 17, 31
1050, 1087, 1100, 1128, 1143, 1163, 1185, 1213, 1225, 1226, 1242, 1260, 1287, 1301, 1321, 1344, 1377, 1392, 1408, 1440, 1446, 1488, 1504, 1526, 1537, 17, 32
1050, 1087, 1100, 1101, 1130, 1142, 1165, 1187, 1211, 1227, 1243, 1258, 1285, 1302, 1322, 1345, 1378, 1388, 1406, 1438, 1467, 1489, 1506, 1524, 1538, 14, 33
1050, 1087, 1100, 1101, 1130, 1142, 1165, 1187, 1211, 1227, 1243, 1258, 1285, 1302, 1323, 1347, 1380, 1387, 1405, 1437, 1466, 1490, 1507, 1523, 1539, 13, 34
1050, 1087, 1100, 1101, 1130, 1142, 1165, 1187, 1211, 1227, 1243, 1258, 1285, 1302, 1323, 1347, 1380, 1387, 1405, 1437, 1466, 1490, 1508, 1522, 1540, 12, 35
1050, 1087, 1100, 1101, 1130, 1142, 1165, 1187, 1211, 1227, 1243, 1258, 1285, 1302, 1323, 1347, 1380, 1387, 1405, 1437, 1466, 1490, 1508, 1522, 1540, 12, 36
1050, 1051, 1086, 1085, 1102, 1131, 1140, 1166, 1190, 1191, 1207, 1231, 1247, 1276, 1282, 1281, 1307, 1326, 1350, 1363, 1385, 1422, 1435, 1462, 1472, 1510, 1519, 1542, 10, 37
1050, 1051, 1086, 1085, 1102, 1131, 1140, 1166, 1190, 1191, 1207, 1231, 1247, 1276, 1282, 1281, 1307, 1326, 1350, 1363, 1385, 1422, 1435, 1462, 1472, 1510, 1519, 1542, 9, 38
1050, 1051, 1086, 1085, 1102, 1131, 1140, 1166, 1190, 1191, 1207, 1231, 1247, 1276, 1282, 1281, 1307, 1326, 1350, 1363, 1385, 1422, 1435, 1462, 1472, 1510, 1519, 1542, 9, 39
1050, 1051, 1086, 1085, 1102, 1131, 1140, 1166, 1190, 1191, 1207, 1231, 1247, 1276, 1282, 1281, 1307, 1326, 1350, 1363, 1385, 1422, 1435, 1462, 1472, 1510, 1511, 1518, 1543, 8, 40
1050, 1051, 1086, 1085, 1102, 1131, 1140, 1166, 1190, 1191, 1207, 1231, 1247, 1276, 1282, 1281, 1307, 1326, 1350, 1362, 1384, 1421, 1433, 1459, 1475, 1492, 1516, 1546, 6, 41
1050, 1051, 1086, 1085, 1102, 1131, 1140, 1166, 1190, 1191, 1207, 1231, 1247, 1276, 1282, 1281, 1307, 1326, 1350, 1362, 1384, 1421, 1433, 1459, 1475, 1492, 1516, 1546, 6, 41, 42
1050, 1088, 1099, 1098, 1125, 1144, 1160, 1183, 1215, 1222, 1238, 1265, 1293, 1317, 1335, 1360, 1371, 1398, 1414, 1427, 1453, 1454, 1479, 1496, 1514, 1548, 0, 43
1050, 1088, 1099, 1098, 1125, 1144, 1160, 1183, 1215, 1222, 1238, 1265, 1293, 1317, 1335, 1360, 1371, 1398, 1414, 1427, 1453, 1480, 1497, 1513, 1549, 24, 45, 44
1050, 1088, 1099, 1098, 1125, 1144, 1160, 1183, 1215, 1222, 1238, 1265, 1293, 1317, 1335, 1360, 1371, 1398, 1414, 1427, 1453, 1480, 1497, 1513, 1549, 24, 45
1050, 1088, 1099, 1098, 1125, 1144, 1160, 1183, 1215, 1222, 1238, 1265, 1293, 1317, 1335, 1360, 1371, 1398, 1414, 1427, 1453, 1480, 1497, 1513, 1549, 24, 46
1050, 1051, 1086, 1085, 1102, 1131, 1140, 1166, 1190, 1191, 1207, 1231, 1247, 1276, 1282, 1281, 1307, 1326, 1350, 1362, 1384, 1421, 1433, 1459, 1475, 1492, 1516, 1546, 6, 41, 47
1050, 1051, 1086, 1085, 1102, 1131, 1140, 1166, 1190, 1191, 1207, 1231, 1247, 1276, 1282, 1281, 1307, 1326, 1350, 1362, 1384, 1421, 1433, 1459, 1475, 1492, 1516, 1546, 6, 41, 42, 48
1050, 1088, 1099, 1098, 1125, 1144, 1160, 1183, 1215, 1222, 1238, 1265, 1293, 1317, 1335, 1360, 1371, 1398, 1414, 1427, 1453, 1454, 1479, 1496, 1514, 1548, 0, 43, 49
1050, 1088, 1099, 1098, 1125, 1144, 1160, 1183, 1215, 1222, 1238, 1265, 1293, 1317, 1335, 1360, 1371, 1398, 1414, 1427, 1453, 1454, 1479, 1496, 1514, 1548, 0, 43, 50
1050, 1088, 1099, 1098, 1125, 1144, 1160, 1183, 1215, 1222, 1238, 1265, 1293, 1317, 1335, 1360, 1371, 1398, 1414, 1427, 1453, 1480, 1497, 1513, 1549, 24, 45, 51
1050, 1088, 1099, 1098, 1125, 1144, 1160, 1183, 1215, 1222, 1238, 1265, 1293, 1317, 1336, 1361, 1372, 1396, 1412, 1444, 1450, 1484, 1500, 1499, 1532, 1552, 23, 25, 53, 52
1050, 1088, 1099, 1098, 1125, 1144, 1160, 1183, 1215, 1222, 1238, 1265, 1293, 1317, 1336, 1361, 1372, 1396, 1412, 1444, 1450, 1484, 1500, 1499, 1532, 1552, 23, 25, 53
1050, 1088, 1099, 1098, 1125, 1144, 1160, 1183, 1215, 1222, 1238, 1265, 1293, 1317, 1336, 1361, 1372, 1396, 1412, 1444, 1450, 1484, 1500, 1499, 1532, 1552, 23, 26, 54
1050, 1088, 1099, 1098, 1125, 1144, 1160, 1183, 1215, 1222, 1238, 1265, 1293, 1317, 1336, 1361, 1372, 1396, 1412, 1444, 1450, 1484, 1500, 1499, 1532, 1552, 23, 26, 55
1050, 1088, 1099, 1098, 1125, 1144, 1160, 1183, 1215, 1222, 1238, 1265, 1293, 1317, 1336, 1361, 1372, 1396, 1412, 1444, 1450, 1484, 1501, 1529, 1533, 21, 27, 56
1050, 1088, 1099, 1098, 1125, 1144, 1160, 1183, 1215, 1222, 1238, 1265, 1293, 1317, 1336, 1361, 1372, 1396, 1412, 1444, 1450, 1484, 1501, 1529, 1533, 21, 27, 57
1050, 1088, 1099, 1098, 1125, 1144, 1160, 1183, 1215, 1222, 1238, 1265, 1293, 1317, 1336, 1361, 1372, 1396, 1412, 1444, 1448, 1485, 1502, 1528, 1534, 20, 28, 58
1050, 1088, 1099, 1098, 1125, 1144, 1160, 1183, 1215, 1222, 1238, 1265, 1293, 1317, 1336, 1361, 1372, 1396, 1412, 1444, 1448, 1485, 1502, 1528, 1534, 20, 28, 59
1050, 1088, 1099, 1098, 1125, 1144, 1160, 1183, 1215, 1222, 1238, 1265, 1293, 1317, 1336, 1361, 1372, 1396, 1412, 1444, 1448, 1485, 1502, 1528, 1535, 19, 30, 60
1050, 1088, 1099, 1098, 1125, 1144, 1160, 1183, 1215, 1222, 1238, 1265, 1293, 1317, 1336, 1361, 1372, 1396, 1412, 1444, 1448, 1485, 1502, 1528, 1535, 19, 30, 61
1050, 1087, 1100, 1128, 1143, 1163, 1185, 1213, 1225, 1226, 1242, 1260, 1287, 1301, 1321, 1344, 1377, 1392, 1408, 1440, 1446, 1488, 1504, 1526, 1537, 17, 32, 62
1050, 1087, 1100, 1101, 1130, 1142, 1165, 1187, 1211, 1227, 1243, 1258, 1285, 1302, 1322, 1345, 1378, 1388, 1406, 1438, 1467, 1489, 1506, 1524, 1538, 14, 33, 63
1050, 1087, 1100, 1101, 1130, 1142, 1165, 1187, 1211, 1227, 1243, 1258, 1285, 1302, 1323, 1347, 1380, 1387, 1405, 1437, 1466, 1490, 1508, 1522, 1540, 12, 35, 64
1050, 1087, 1100, 1101, 1130, 1142, 1165, 1187, 1211, 1227, 1243, 1258, 1285, 1302, 1323, 1347, 1380, 1387, 1405, 1437, 1466, 1490, 1508, 1522, 1540, 12, 36, 65
1050, 1051, 1086, 1085, 1102, 1131, 1140, 1166, 1190, 1191, 1207, 1231, 1247, 1276, 1282, 1281, 1307, 1326, 1350, 1363, 1385, 1422, 1435, 1462, 1472, 1510, 1519, 1542, 10, 37, 66
1050, 1051, 1086, 1085, 1102, 1131, 1140, 1166, 1190, 1191, 1207, 1231, 1247, 1276, 1282, 1281, 1307, 1326, 1350, 1363, 1385, 1422, 1435, 1462, 1472, 1510, 1519, 1542, 10, 37, 67
1050, 1051, 1086, 1085, 1102, 1131, 1140, 1166, 1190, 1191, 1207, 1231, 1247, 1276, 1282, 1281, 1307, 1326, 1350, 1363, 1385, 1422, 1435, 1462, 1472, 1510, 1519, 1542, 9, 38, 68
1050, 1087, 1100, 1101, 1130, 1142, 1165, 1187, 1211, 1227, 1243, 1258, 1285, 1302, 1322, 1345, 1378, 1388, 1406, 1438, 1467, 1489, 1506, 1524, 1538, 14, 33, 63, 69
1050, 1087, 1100, 1101, 1130, 1142, 1165, 1187, 1211, 1227, 1243, 1258, 1285, 1302, 1322, 1345, 1378, 1388, 1406, 1438, 1467, 1489, 1506, 1524, 1538, 14, 33, 63, 70
1050, 1087, 1100, 1128, 1143, 1163, 1185, 1213, 1225, 1226, 1242, 1260, 1287, 1301, 1321, 1344, 1377, 1392, 1408, 1440, 1446, 1488, 1504, 1526, 1537, 17, 32, 62, 71
1050, 1088, 1099, 1098, 1125, 1144, 1160, 1183, 1215, 1222, 1238, 1265, 1293, 1317, 1336, 1361, 1372, 1396, 1412, 1444, 1448, 1485, 1502, 1528, 1535, 19, 30, 61, 72
1050, 1088, 1099, 1098, 1125, 1144, 1160, 1183, 1215, 1222, 1238, 1265, 1293, 1317, 1336, 1361, 1372, 1396, 1412, 1444, 1448, 1485, 1502, 1528, 1535, 19, 30, 60, 73
1050, 1088, 1099, 1098, 1125, 1144, 1160, 1183, 1215, 1222, 1238, 1265, 1293, 1317, 1336, 1361, 1372, 1396, 1412, 1444, 1448, 1485, 1502, 1528, 1534, 20, 28, 59, 74
1050, 1088, 1099, 1098, 1125, 1144, 1160, 1183, 1215, 1222, 1238, 1265, 1293, 1317, 1336, 1361, 1372, 1396, 1412, 1444, 1450, 1484, 1501, 1529, 1533, 21, 27, 57, 75
1050, 1088, 1099, 1098, 1125, 1144, 1160, 1183, 1215, 1222, 1238, 1265, 1293, 1317, 1336, 1361, 1372, 1396, 1412, 1444, 1450, 1484, 1500, 1499, 1532, 1552, 23, 26, 54, 76
1050, 1088, 1099, 1098, 1125, 1144, 1160, 1183, 1215, 1222, 1238, 1265, 1293, 1317, 1336, 1361, 1372, 1396, 1412, 1444, 1450, 1484, 1500, 1499, 1532, 1552, 23, 26, 54, 76, 77
1050, 1088, 1099, 1098, 1125, 1144, 1160, 1183, 1215, 1222, 1238, 1265, 1293, 1317, 1336, 1361, 1372, 1396, 1412, 1444, 1450, 1484, 1500, 1499, 1532, 1552, 23, 25, 53, 78
1050, 1088, 1099, 1098, 1125, 1144, 1160, 1183, 1215, 1222, 1238, 1265, 1293, 1317, 1335, 1360, 1371, 1398, 1414, 1427, 1453, 1480, 1497, 1513, 1549, 24, 45, 51, 79
1050, 1088, 1099, 1098, 1125, 1144, 1160, 1183, 1215, 1222, 1238, 1265, 1293, 1317, 1335, 1360, 1371, 1398, 1414, 1427, 1453, 1480, 1497, 1513, 1549, 24, 45, 51, 80
1050, 1051, 1086, 1085, 1102, 1131, 1140, 1166, 1190, 1191, 1207, 1231, 1247, 1276, 1282, 1281, 1307, 1326, 1350, 1362, 1384, 1421, 1433, 1459, 1475, 1492, 1516, 1546, 6, 41, 42, 48, 81
1050, 1051, 1086, 1085, 1102, 1131, 1140, 1166, 1190, 1191, 1207, 1231, 1247, 1276, 1282, 1281, 1307, 1326, 1350, 1362, 1384, 1421, 1433, 1459, 1475, 1492, 1516, 1546, 6, 41, 42, 48, 82
1050, 1051, 1086, 1085, 1102, 1131, 1140, 1166, 1190, 1191, 1207, 1231, 1247, 1276, 1282, 1281, 1307, 1326, 1350, 1362, 1384, 1421, 1433, 1459, 1475, 1492, 1516, 1546, 6, 41, 42, 48, 83
1050, 1051, 1086, 1085, 1102, 1131, 1140, 1166, 1190, 1191, 1207, 1231, 1247, 1276, 1282, 1281, 1307, 1326, 1350, 1362, 1384, 1421, 1433, 1459, 1475, 1492, 1516, 1546, 6, 41, 47, 84
1050, 1051, 1086, 1085, 1102, 1131, 1140, 1166, 1190, 1191, 1207, 1231, 1247, 1276, 1282, 1281, 1307, 1326, 1350, 1362, 1384, 1421, 1433, 1459, 1475, 1492, 1516, 1546, 6, 41, 47, 85
1050, 1051, 1086, 1085, 1102, 1131, 1140, 1166, 1190, 1191, 1207, 1231, 1247, 1276, 1282, 1281, 1307, 1326, 1350, 1363, 1385, 1422, 1435, 1462, 1472, 1510, 1519, 1542, 9, 38, 68, 86
1050, 1051, 1086, 1085, 1102, 1131, 1140, 1166, 1190, 1191, 1207, 1231, 1247, 1276, 1282, 1281, 1307, 1326, 1350, 1363, 1385, 1422, 1435, 1462, 1472, 1510, 1519, 1542, 10, 37, 67, 87
1050, 1051, 1086, 1085, 1102, 1131, 1140, 1166, 1190, 1191, 1207, 1231, 1247, 1276, 1282, 1281, 1307, 1326, 1350, 1363, 1385, 1422, 1435, 1462, 1472, 1510, 1519, 1542, 10, 37, 66, 88
1050, 1087, 1100, 1101, 1130, 1142, 1165, 1187, 1211, 1227, 1243, 1258, 1285, 1302, 1323, 1347, 1380, 1387, 1405, 1437, 1466, 1490, 1508, 1522, 1540, 12, 36, 65, 89
1050, 1087, 1100, 1101, 1130, 1142, 1165, 1187, 1211, 1227, 1243, 1258, 1285, 1302, 1323, 1347, 1380, 1387, 1405, 1437, 1466, 1490, 1508, 1522, 1540, 12, 35, 64, 90
1050, 1051, 1086, 1085, 1102, 1131, 1140, 1166, 1190, 1191, 1207, 1231, 1247, 1276, 1282, 1281, 1307, 1326, 1350, 1363, 1385, 1422, 1435, 1462, 1472, 1510, 1519, 1542, 9, 38, 68, 86, 91
1050, 1051, 1086, 1085, 1102, 1131, 1140, 1166, 1190, 1191, 1207, 1231, 1247, 1276, 1282, 1281, 1307, 1326, 1350, 1363, 1385, 1422, 1435, 1462, 1472, 1510, 1519, 1542, 9, 38, 68, 86, 92
1050, 1051, 1086, 1085, 1102, 1131, 1140, 1166, 1190, 1191, 1207, 1231, 1247, 1276, 1282, 1281, 1307, 1326, 1350, 1362, 1384, 1421, 1433, 1459, 1475, 1492, 1516, 1546, 6, 41, 47, 85, 93
1050, 1051, 1086, 1085, 1102, 1131, 1140, 1166, 1190, 1191, 1207, 1231, 1247, 1276, 1282, 1281, 1307, 1326, 1350, 1362, 1384, 1421, 1433, 1459, 1475, 1492, 1516, 1546, 6, 41, 47, 85, 94
1050, 1088, 1099, 1098, 1125, 1144, 1160, 1183, 1215, 1222, 1238, 1265, 1293, 1317, 1335, 1360, 1371, 1398, 1414, 1427, 1453, 1480, 1497, 1513, 1549, 24, 45, 51, 80, 96, 95
1050, 1088, 1099, 1098, 1125, 1144, 1160, 1183, 1215, 1222, 1238, 1265, 1293, 1317, 1335, 1360, 1371, 1398, 1414, 1427, 1453, 1480, 1497, 1513, 1549, 24, 45, 51, 80, 96
1050, 1088, 1099, 1098, 1125, 1144, 1160, 1183, 1215, 1222, 1238, 1265, 1293, 1317, 1335, 1360, 1371, 1398, 1414, 1427, 1453, 1480, 1497, 1513, 1549, 24, 45, 51, 80, 97
1050, 1088, 1099, 1098, 1125, 1144, 1160, 1183, 1215, 1222, 1238, 1265, 1293, 1317, 1336, 1361, 1372, 1396, 1412, 1444, 1450, 1484, 1500, 1499, 1532, 1552, 23, 25, 53, 78, 98
1050, 1088, 1099, 1098, 1125, 1144, 1160, 1183, 1215, 1222, 1238, 1265, 1293, 1317, 1336, 1361, 1372, 1396, 1412, 1444, 1450, 1484, 1500, 1499, 1532, 1552, 23, 26, 54, 76, 99
