1395, 1412, 1413, 1426, 1452, 1453, 1454, 1479, 1496, 1514, 1548, 0
1395, 1412, 1413, 1426, 1452, 1453, 1454, 1479, 1496, 1514, 1548, 1
1395, 1412, 1444, 1450, 1484, 1500, 1499, 1532, 1552, 1551, 24, 45, 44, 2
1395, 1412, 1413, 1426, 1452, 1453, 1454, 1479, 1496, 1514, 1548, 0, 43, 3
1395, 1412, 1413, 1426, 1452, 1453, 1454, 1479, 1496, 1514, 1548, 1547, 4
1395, 1412, 1413, 1426, 1452, 1453, 1454, 1479, 1496, 1514, 1548, 1547, 4, 5
1395, 1412, 1413, 1426, 1452, 1453, 1454, 1455, 1456, 1478, 1477, 1476, 1475, 1492, 1516, 1546, 6
1395, 1412, 1413, 1426, 1452, 1453, 1454, 1455, 1456, 1478, 1477, 1476, 1475, 1492, 1517, 1545, 7
1395, 1412, 1413, 1426, 1452, 1453, 1454, 1455, 1456, 1478, 1477, 1476, 1475, 1492, 1517, 1518, 1543, 8
1395, 1411, 1410, 1443, 1447, 1486, 1503, 1504, 1505, 1506, 1507, 1508, 1509, 1519, 1542, 9
1395, 1411, 1410, 1443, 1447, 1486, 1503, 1527, 1537, 1538, 14, 13, 12, 11, 10
1395, 1411, 1410, 1443, 1447, 1486, 1503, 1527, 1537, 1538, 14, 13, 12, 11
1395, 1411, 1410, 1443, 1447, 1486, 1503, 1527, 1537, 1538, 14, 13, 12
1395, 1411, 1410, 1443, 1447, 1486, 1503, 1527, 1537, 1538, 14, 13
1395, 1411, 1410, 1443, 1447, 1486, 1503, 1527, 1537, 1538, 14
1395, 1411, 1410, 1443, 1447, 1486, 1503, 1527, 1537, 17, 16, 15
1395, 1411, 1410, 1443, 1447, 1486, 1503, 1527, 1537, 17, 16
1395, 1411, 1410, 1443, 1447, 1486, 1503, 1527, 1537, 17
1395, 1412, 1444, 1448, 1485, 1502, 1528, 1536, 18
1395, 1412, 1444, 1448, 1485, 1502, 1528, 1535, 19
1395, 1412, 1444, 1448, 1485, 1502, 1528, 1534, 20
1395, 1412, 1444, 1450, 1484, 1501, 1529, 1533, 21
1395, 1412, 1444, 1450, 1484, 1500, 1499, 1531, 1553, 22
1395, 1412, 1444, 1450, 1484, 1500, 1499, 1532, 1552, 23
1395, 1412, 1444, 1450, 1484, 1500, 1499, 1532, 1552, 1551, 24
1395, 1412, 1444, 1450, 1484, 1500, 1499, 1532, 1552, 23, 25
1395, 1412, 1444, 1450, 1484, 1500, 1499, 1532, 1552, 23, 26
1395, 1412, 1444, 1450, 1484, 1501, 1529, 1533, 21, 27
1395, 1412, 1444, 1448, 1485, 1502, 1528, 1534, 20, 28
1395, 1412, 1444, 1448, 1485, 1502, 1528, 1535, 19, 29
1395, 1412, 1444, 1448, 1485, 1502, 1528, 1535, 19, 30
1395, 1411, 1410, 1443, 1447, 1486, 1503, 1527, 1537, 17, 31
1395, 1411, 1410, 1443, 1447, 1486, 1503, 1527, 1537, 17, 32
1395, 1411, 1410, 1443, 1447, 1486, 1503, 1527, 1537, 1538, 14, 33
1395, 1411, 1410, 1443, 1447, 1486, 1503, 1527, 1537, 1538, 14, 33, 34
1395, 1411, 1410, 1443, 1447, 1486, 1503, 1527, 1537, 1538, 14, 33, 34, 35
1395, 1411, 1410, 1443, 1447, 1486, 1503, 1527, 1537, 1538, 14, 33, 34, 35, 36
1395, 1411, 1410, 1443, 1447, 1486, 1503, 1527, 1537, 1538, 14, 33, 34, 35, 36, 37
1395, 1412, 1413, 1426, 1452, 1453, 1454, 1455, 1456, 1478, 1477, 1476, 1475, 1492, 1517, 1518, 1543, 8, 40, 39, 38
1395, 1412, 1413, 1426, 1452, 1453, 1454, 1455, 1456, 1478, 1477, 1476, 1475, 1492, 1517, 1518, 1543, 8, 40, 39
1395, 1412, 1413, 1426, 1452, 1453, 1454, 1455, 1456, 1478, 1477, 1476, 1475, 1492, 1517, 1518, 1543, 8, 40
1395, 1412, 1413, 1426, 1452, 1453, 1454, 1479, 1496, 1514, 1548, 0, 43, 42, 41
1395, 1412, 1413, 1426, 1452, 1453, 1454, 1479, 1496, 1514, 1548, 0, 43, 42
1395, 1412, 1413, 1426, 1452, 1453, 1454, 1479, 1496, 1514, 1548, 0, 43
1395, 1412, 1444, 1450, 1484, 1500, 1499, 1532, 1552, 1551, 24, 45, 44
1395, 1412, 1444, 1450, 1484, 1500, 1499, 1532, 1552, 1551, 24, 45
1395, 1412, 1444, 1450, 1484, 1500, 1499, 1532, 1552, 23, 25, 46
1395, 1412, 1413, 1426, 1452, 1453, 1454, 1479, 1496, 1514, 1548, 0, 43, 42, 41, 47
1395, 1412, 1413, 1426, 1452, 1453, 1454, 1479, 1496, 1514, 1548, 0, 43, 49, 48
1395, 1412, 1413, 1426, 1452, 1453, 1454, 1479, 1496, 1514, 1548, 0, 43, 49
1395, 1412, 1413, 1426, 1452, 1453, 1454, 1479, 1496, 1514, 1548, 0, 43, 50
1395, 1412, 1444, 1450, 1484, 1500, 1499, 1532, 1552, 1551, 24, 45, 51
1395, 1412, 1444, 1450, 1484, 1500, 1499, 1532, 1552, 23, 25, 53, 52
1395, 1412, 1444, 1450, 1484, 1500, 1499, 1532, 1552, 23, 25, 53
1395, 1412, 1444, 1450, 1484, 1500, 1499, 1532, 1552, 23, 26, 54
1395, 1412, 1444, 1450, 1484, 1500, 1499, 1532, 1552, 23, 26, 55
1395, 1412, 1444, 1450, 1484, 1501, 1529, 1533, 21, 27, 56
1395, 1412, 1444, 1450, 1484, 1501, 1529, 1533, 21, 27, 57
1395, 1412, 1444, 1448, 1485, 1502, 1528, 1534, 20, 28, 58
1395, 1412, 1444, 1448, 1485, 1502, 1528, 1534, 20, 28, 59
1395, 1412, 1444, 1448, 1485, 1502, 1528, 1535, 19, 30, 60
1395, 1412, 1444, 1448, 1485, 1502, 1528, 1535, 19, 30, 61
1395, 1411, 1410, 1443, 1447, 1486, 1503, 1527, 1537, 17, 32, 62
1395, 1411, 1410, 1443, 1447, 1486, 1503, 1527, 1537, 17, 32, 62, 63
1395, 1411, 1410, 1443, 1447, 1486, 1503, 1527, 1537, 17, 32, 62, 63, 64
1395, 1411, 1410, 1443, 1447, 1486, 1503, 1527, 1537, 1538, 14, 33, 34, 35, 36, 65
1395, 1411, 1410, 1443, 1447, 1486, 1503, 1527, 1537, 1538, 14, 33, 34, 35, 36, 65, 66
1395, 1411, 1410, 1443, 1447, 1486, 1503, 1527, 1537, 1538, 14, 33, 34, 35, 36, 37, 67
1395, 1412, 1413, 1426, 1452, 1453, 1454, 1455, 1456, 1478, 1477, 1476, 1475, 1492, 1517, 1518, 1543, 8, 40, 68
1395, 1411, 1410, 1443, 1447, 1486, 1503, 1527, 1537, 17, 32, 62, 71, 70, 69
1395, 1411, 1410, 1443, 1447, 1486, 1503, 1527, 1537, 17, 32, 62, 71, 70
1395, 1411, 1410, 1443, 1447, 1486, 1503, 1527, 1537, 17, 32, 62, 71
1395, 1412, 1444, 1448, 1485, 1502, 1528, 1535, 19, 30, 61, 72
1395, 1412, 1444, 1448, 1485, 1502, 1528, 1535, 19, 30, 60, 73
1395, 1412, 1444, 1448, 1485, 1502, 1528, 1534, 20, 28, 59, 74
1395, 1412, 1444, 1450, 1484, 1501, 1529, 1533, 21, 27, 57, 75
1395, 1412, 1444, 1450, 1484, 1500, 1499, 1532, 1552, 23, 26, 54, 76
1395, 1412, 1444, 1450, 1484, 1500, 1499, 1532, 1552, 23, 26, 54, 76, 77
1395, 1412, 1444, 1450, 1484, 1500, 1499, 1532, 1552, 23, 25, 53, 78
1395, 1412, 1444, 1450, 1484, 1500, 1499, 1532, 1552, 1551, 24, 45, 51, 79
1395, 1412, 1444, 1450, 1484, 1500, 1499, 1532, 1552, 1551, 24, 45, 51, 80
1395, 1412, 1444, 1450, 1484, 1500, 1499, 1532, 1552, 1551, 24, 45, 51, 80, 81
1395, 1412, 1444, 1450, 1484, 1500, 1499, 1532, 1552, 1551, 24, 45, 51, 80, 81, 82
1395, 1412, 1444, 1450, 1484, 1500, 1499, 1532, 1552, 1551, 24, 45, 51, 80, 81, 82, 83
1395, 1412, 1413, 1426, 1452, 1453, 1454, 1479, 1496, 1514, 1548, 0, 43, 42, 41, 47, 84
1395, 1412, 1413, 1426, 1452, 1453, 1454, 1479, 1496, 1514, 1548, 0, 43, 42, 41, 47, 85
1395, 1412, 1413, 1426, 1452, 1453, 1454, 1479, 1496, 1514, 1548, 0, 43, 42, 41, 47, 85, 86
1395, 1411, 1410, 1443, 1447, 1486, 1503, 1527, 1537, 1538, 14, 33, 34, 35, 36, 37, 67, 87
1395, 1411, 1410, 1443, 1447, 1486, 1503, 1527, 1537, 1538, 14, 33, 34, 35, 36, 65, 89, 88
1395, 1411, 1410, 1443, 1447, 1486, 1503, 1527, 1537, 1538, 14, 33, 34, 35, 36, 65, 89
1395, 1411, 1410, 1443, 1447, 1486, 1503, 1527, 1537, 17, 32, 62, 63, 64, 90
1395, 1412, 1413, 1426, 1452, 1453, 1454, 1479, 1496, 1514, 1548, 0, 43, 42, 41, 47, 85, 93, 92, 91
1395, 1412, 1413, 1426, 1452, 1453, 1454, 1479, 1496, 1514, 1548, 0, 43, 42, 41, 47, 85, 93, 92
1395, 1412, 1413, 1426, 1452, 1453, 1454, 1479, 1496, 1514, 1548, 0, 43, 42, 41, 47, 85, 93
1395, 1412, 1413, 1426, 1452, 1453, 1454, 1479, 1496, 1514, 1548, 0, 43, 42, 41, 47, 85, 94
1395, 1412, 1444, 1450, 1484, 1500, 1499, 1532, 1552, 1551, 24, 45, 51, 80, 96, 95
1395, 1412, 1444, 1450, 1484, 1500, 1499, 1532, 1552, 1551, 24, 45, 51, 80, 96
1395, 1412, 1444, 1450, 1484, 1500, 1499, 1532, 1552, 1551, 24, 45, 51, 80, 97
1395, 1412, 1444, 1450, 1484, 1500, 1499, 1532, 1552, 23, 25, 53, 78, 98
1395, 1412, 1444, 1450, 1484, 1500, 1499, 1532, 1552, 23, 26, 54, 76, 99
