182, 181, 173, 138, 139, 123, 94, 85, 47, 41, 42, 43, 0
182, 181, 173, 138, 139, 123, 94, 85, 47, 41, 42, 43, 1
182, 181, 173, 138, 139, 123, 94, 85, 47, 41, 42, 5, 4, 3, 2
182, 181, 173, 138, 139, 123, 94, 85, 47, 41, 42, 5, 4, 3
182, 181, 173, 138, 139, 123, 94, 85, 47, 41, 42, 5, 4
182, 181, 173, 138, 139, 123, 94, 85, 47, 41, 42, 5
182, 181, 173, 138, 139, 123, 94, 85, 47, 41, 6
182, 181, 173, 138, 139, 123, 94, 85, 47, 41, 7
182, 181, 173, 138, 124, 91, 86, 68, 40, 8
182, 181, 173, 138, 124, 91, 86, 68, 38, 9
182, 172, 136, 125, 110, 88, 66, 37, 10
182, 172, 136, 125, 110, 88, 89, 65, 36, 11
182, 172, 136, 125, 110, 109, 90, 64, 35, 12
182, 172, 136, 125, 110, 109, 90, 64, 35, 34, 13
182, 172, 136, 125, 110, 109, 90, 64, 63, 33, 14
182, 172, 136, 125, 110, 109, 90, 64, 63, 33, 14, 15
182, 172, 136, 125, 110, 109, 90, 64, 63, 33, 14, 15, 16
182, 172, 136, 125, 110, 109, 90, 64, 63, 62, 32, 17
182, 172, 136, 125, 110, 109, 90, 64, 63, 62, 32, 17, 18
182, 171, 170, 169, 168, 167, 152, 131, 132, 104, 103, 73, 60, 30, 19
182, 171, 170, 169, 168, 167, 152, 131, 132, 104, 103, 73, 60, 29, 20
182, 171, 170, 169, 168, 167, 152, 131, 132, 104, 103, 73, 60, 29, 20, 21
182, 171, 170, 169, 168, 167, 152, 131, 132, 104, 103, 73, 60, 29, 20, 21, 22
182, 181, 173, 138, 139, 123, 94, 85, 47, 41, 42, 43, 44, 45, 24, 23
182, 181, 173, 138, 139, 123, 94, 85, 47, 41, 42, 43, 44, 45, 24
182, 181, 173, 138, 139, 123, 94, 85, 47, 41, 42, 43, 44, 45, 46, 25
182, 181, 173, 138, 139, 123, 94, 85, 47, 41, 42, 43, 44, 45, 46, 25, 26
182, 171, 170, 169, 168, 167, 152, 131, 132, 104, 103, 73, 60, 29, 28, 27
182, 171, 170, 169, 168, 167, 152, 131, 132, 104, 103, 73, 60, 29, 28
182, 171, 170, 169, 168, 167, 152, 131, 132, 104, 103, 73, 60, 29
182, 171, 170, 169, 168, 167, 152, 131, 132, 104, 103, 73, 60, 30
182, 172, 136, 125, 110, 109, 90, 64, 63, 62, 31
182, 172, 136, 125, 110, 109, 90, 64, 63, 62, 32
182, 172, 136, 125, 110, 109, 90, 64, 63, 33
182, 172, 136, 125, 110, 109, 90, 64, 35, 34
182, 172, 136, 125, 110, 109, 90, 64, 35
182, 172, 136, 125, 110, 88, 89, 65, 36
182, 172, 136, 125, 110, 88, 66, 37
182, 181, 173, 138, 124, 91, 86, 68, 38
182, 181, 173, 138, 124, 91, 86, 68, 39
182, 181, 173, 138, 124, 91, 86, 68, 40
182, 181, 173, 138, 139, 123, 94, 85, 47, 41
182, 181, 173, 138, 139, 123, 94, 85, 47, 41, 42
182, 181, 173, 138, 139, 123, 94, 85, 47, 41, 42, 43
182, 181, 173, 138, 139, 123, 94, 85, 47, 41, 42, 43, 44
182, 181, 173, 138, 139, 123, 94, 85, 47, 41, 42, 43, 44, 45
182, 181, 173, 138, 139, 123, 94, 85, 47, 41, 42, 43, 44, 45, 46
182, 181, 173, 138, 139, 123, 94, 85, 47
182, 181, 173, 138, 139, 123, 94, 85, 47, 48
182, 181, 173, 138, 139, 123, 94, 85, 47, 48, 49
182, 181, 173, 138, 139, 123, 94, 85, 47, 48, 49, 50
182, 181, 173, 138, 139, 123, 94, 85, 47, 48, 49, 50, 51
182, 181, 173, 138, 139, 123, 94, 85, 47, 48, 49, 50, 51, 52
182, 181, 173, 138, 139, 123, 94, 85, 47, 48, 49, 50, 51, 52, 53
182, 181, 173, 138, 139, 123, 94, 85, 47, 48, 49, 50, 51, 52, 53, 54
182, 171, 170, 169, 168, 167, 152, 131, 132, 104, 103, 73, 60, 59, 58, 57, 56, 55
182, 171, 170, 169, 168, 167, 152, 131, 132, 104, 103, 73, 60, 59, 58, 57, 56
182, 171, 170, 169, 168, 167, 152, 131, 132, 104, 103, 73, 60, 59, 58, 57
182, 171, 170, 169, 168, 167, 152, 131, 132, 104, 103, 73, 60, 59, 58
182, 171, 170, 169, 168, 167, 152, 131, 132, 104, 103, 73, 60, 59
182, 171, 170, 169, 168, 167, 152, 131, 132, 104, 103, 73, 60
182, 172, 136, 125, 126, 127, 128, 107, 69, 70, 71, 72, 61
182, 172, 136, 125, 110, 109, 90, 64, 63, 62
182, 172, 136, 125, 110, 109, 90, 64, 63
182, 172, 136, 125, 110, 109, 90, 64
182, 172, 136, 125, 110, 88, 89, 65
182, 172, 136, 125, 110, 88, 66
182, 172, 136, 125, 110, 88, 66, 67
182, 181, 173, 138, 124, 91, 86, 68
182, 172, 136, 125, 126, 127, 128, 107, 69
182, 172, 136, 125, 126, 127, 128, 107, 69, 70
182, 172, 136, 125, 126, 127, 128, 107, 69, 70, 71
182, 172, 136, 125, 126, 127, 128, 107, 69, 70, 71, 72
182, 171, 170, 169, 168, 167, 152, 131, 132, 104, 103, 73
182, 183, 184, 185, 186, 187, 188, 189, 190, 165, 164, 150, 133, 102, 74
182, 183, 184, 185, 186, 187, 188, 189, 190, 165, 164, 150, 133, 102, 74, 75
182, 181, 173, 138, 139, 123, 94, 84, 83, 82, 81, 80, 79, 78, 77, 76
182, 181, 173, 138, 139, 123, 94, 84, 83, 82, 81, 80, 79, 78, 77
182, 181, 173, 138, 139, 123, 94, 84, 83, 82, 81, 80, 79, 78
182, 181, 173, 138, 139, 123, 94, 84, 83, 82, 81, 80, 79
182, 181, 173, 138, 139, 123, 94, 84, 83, 82, 81, 80
182, 181, 173, 138, 139, 123, 94, 84, 83, 82, 81
182, 181, 173, 138, 139, 123, 94, 84, 83, 82
182, 181, 173, 138, 139, 123, 94, 84, 83
182, 181, 173, 138, 139, 123, 94, 84
182, 181, 173, 138, 139, 123, 94, 85
182, 181, 173, 138, 124, 91, 86
182, 181, 173, 138, 124, 111, 87
182, 172, 136, 125, 110, 88
182, 172, 136, 125, 110, 88, 89
182, 172, 136, 125, 110, 109, 90
182, 181, 173, 138, 124, 91
182, 181, 173, 138, 124, 91, 92
182, 181, 173, 138, 139, 123, 93
182, 181, 173, 138, 139, 123, 94
182, 181, 180, 179, 174, 140, 122, 121, 95
182, 181, 180, 179, 174, 140, 122, 121, 95, 96
182, 181, 180, 179, 174, 140, 122, 121, 95, 96, 97
182, 181, 180, 179, 174, 140, 122, 121, 95, 96, 97, 98
182, 181, 180, 179, 174, 140, 122, 121, 95, 96, 97, 98, 99
