1276, 1282, 1281, 1307, 1326, 1327, 1352, 1365, 1383, 1419, 1432, 1457, 1478, 1495, 1514, 1548, 0
1276, 1282, 1281, 1307, 1326, 1327, 1352, 1365, 1383, 1419, 1432, 1457, 1478, 1495, 1514, 1548, 1
1276, 1282, 1281, 1307, 1326, 1327, 1352, 1365, 1383, 1419, 1432, 1457, 1478, 1495, 1514, 1548, 2
1276, 1282, 1281, 1307, 1326, 1327, 1352, 1365, 1383, 1419, 1432, 1457, 1478, 1494, 1515, 1547, 3
1276, 1282, 1281, 1307, 1326, 1327, 1352, 1365, 1383, 1419, 1432, 1457, 1478, 1494, 1515, 1547, 4
1276, 1282, 1281, 1307, 1326, 1350, 1362, 1384, 1421, 1433, 1459, 1475, 1492, 1516, 1546, 5
1276, 1282, 1281, 1307, 1326, 1350, 1362, 1384, 1421, 1433, 1459, 1475, 1492, 1516, 1546, 6
1276, 1282, 1281, 1307, 1326, 1350, 1362, 1384, 1421, 1433, 1459, 1475, 1492, 1517, 1545, 7
1276, 1282, 1281, 1307, 1326, 1350, 1363, 1385, 1422, 1435, 1462, 1472, 1510, 1511, 1518, 1543, 8
1276, 1282, 1281, 1307, 1326, 1350, 1363, 1385, 1422, 1435, 1462, 1472, 1510, 1519, 1542, 9
1276, 1282, 1281, 1307, 1326, 1350, 1363, 1385, 1422, 1435, 1462, 1472, 1510, 1519, 1542, 10
1276, 1282, 1281, 1307, 1326, 1350, 1363, 1385, 1422, 1435, 1463, 1471, 1509, 1521, 1541, 11
1276, 1277, 1283, 1304, 1324, 1348, 1347, 1380, 1387, 1405, 1437, 1466, 1490, 1508, 1522, 1540, 12
1276, 1277, 1283, 1304, 1324, 1348, 1347, 1380, 1387, 1405, 1437, 1466, 1490, 1507, 1523, 1539, 13
1276, 1277, 1283, 1304, 1324, 1348, 1347, 1380, 1387, 1405, 1437, 1466, 1490, 1507, 1523, 1539, 13, 14
1276, 1277, 1283, 1304, 1324, 1348, 1347, 1380, 1387, 1405, 1437, 1466, 1490, 1507, 1523, 1539, 13, 14, 15
1276, 1277, 1283, 1304, 1324, 1348, 1347, 1380, 1387, 1405, 1437, 1466, 1467, 1489, 1506, 1524, 1538, 16
1276, 1277, 1283, 1304, 1324, 1348, 1347, 1380, 1387, 1405, 1437, 1466, 1467, 1489, 1506, 1505, 1525, 1537, 17
1276, 1277, 1283, 1304, 1324, 1348, 1347, 1380, 1387, 1405, 1437, 1466, 1467, 1489, 1506, 1505, 1525, 1537, 17, 18
1276, 1277, 1283, 1304, 1324, 1348, 1347, 1379, 1378, 1390, 1407, 1439, 1440, 1446, 1487, 1486, 1502, 1528, 1535, 19
1276, 1277, 1283, 1304, 1324, 1348, 1347, 1379, 1378, 1390, 1407, 1439, 1440, 1446, 1487, 1486, 1502, 1528, 1534, 20
1276, 1277, 1283, 1304, 1324, 1348, 1347, 1379, 1378, 1390, 1407, 1439, 1440, 1446, 1487, 1486, 1502, 1528, 1534, 20, 21
1276, 1277, 1283, 1304, 1324, 1348, 1347, 1379, 1378, 1390, 1407, 1439, 1440, 1446, 1487, 1486, 1502, 1528, 1534, 20, 21, 22
1276, 1282, 1281, 1307, 1326, 1327, 1352, 1365, 1383, 1419, 1432, 1457, 1478, 1495, 1514, 1548, 1549, 24, 23
1276, 1282, 1281, 1307, 1326, 1327, 1352, 1365, 1383, 1419, 1432, 1457, 1478, 1495, 1514, 1548, 1549, 24
1276, 1282, 1281, 1307, 1326, 1327, 1352, 1365, 1383, 1419, 1432, 1457, 1478, 1495, 1514, 1548, 2, 44, 45, 46, 25
1276, 1282, 1281, 1307, 1326, 1327, 1352, 1365, 1383, 1419, 1432, 1457, 1478, 1495, 1514, 1548, 2, 44, 45, 46, 25, 26
1276, 1277, 1283, 1304, 1324, 1348, 1347, 1379, 1378, 1390, 1407, 1439, 1440, 1446, 1487, 1486, 1502, 1528, 1534, 20, 28, 27
1276, 1277, 1283, 1304, 1324, 1348, 1347, 1379, 1378, 1390, 1407, 1439, 1440, 1446, 1487, 1486, 1502, 1528, 1534, 20, 28
1276, 1277, 1283, 1304, 1324, 1348, 1347, 1379, 1378, 1390, 1407, 1439, 1440, 1446, 1487, 1486, 1502, 1528, 1535, 19, 29
1276, 1277, 1283, 1304, 1324, 1348, 1347, 1379, 1378, 1390, 1407, 1439, 1440, 1446, 1487, 1486, 1502, 1528, 1535, 19, 30
1276, 1277, 1283, 1304, 1324, 1348, 1347, 1380, 1387, 1405, 1437, 1466, 1467, 1489, 1506, 1505, 1525, 1537, 17, 31
1276, 1277, 1283, 1304, 1324, 1348, 1347, 1380, 1387, 1405, 1437, 1466, 1467, 1489, 1506, 1524, 1538, 16, 32
1276, 1277, 1283, 1304, 1324, 1348, 1347, 1380, 1387, 1405, 1437, 1466, 1490, 1507, 1523, 1539, 13, 33
1276, 1277, 1283, 1304, 1324, 1348, 1347, 1380, 1387, 1405, 1437, 1466, 1490, 1507, 1523, 1539, 13, 34
1276, 1277, 1283, 1304, 1324, 1348, 1347, 1380, 1387, 1405, 1437, 1466, 1490, 1508, 1522, 1540, 12, 35
1276, 1277, 1283, 1304, 1324, 1348, 1347, 1380, 1387, 1405, 1437, 1466, 1490, 1508, 1522, 1540, 12, 36
1276, 1282, 1281, 1307, 1326, 1350, 1363, 1385, 1422, 1435, 1462, 1472, 1510, 1519, 1542, 10, 37
1276, 1282, 1281, 1307, 1326, 1350, 1363, 1385, 1422, 1435, 1462, 1472, 1510, 1519, 1542, 9, 38
1276, 1282, 1281, 1307, 1326, 1350, 1363, 1385, 1422, 1435, 1462, 1472, 1510, 1519, 1542, 9, 39
1276, 1282, 1281, 1307, 1326, 1350, 1363, 1385, 1422, 1435, 1462, 1472, 1510, 1511, 1518, 1543, 8, 40
1276, 1282, 1281, 1307, 1326, 1350, 1362, 1384, 1421, 1433, 1459, 1475, 1492, 1516, 1546, 6, 41
1276, 1282, 1281, 1307, 1326, 1350, 1362, 1384, 1421, 1433, 1459, 1475, 1492, 1516, 1546, 6, 41, 42
1276, 1282, 1281, 1307, 1326, 1327, 1352, 1365, 1383, 1419, 1432, 1457, 1478, 1494, 1515, 1547, 3, 43
1276, 1282, 1281, 1307, 1326, 1327, 1352, 1365, 1383, 1419, 1432, 1457, 1478, 1495, 1514, 1548, 2, 44
1276, 1282, 1281, 1307, 1326, 1327, 1352, 1365, 1383, 1419, 1432, 1457, 1478, 1495, 1514, 1548, 2, 44, 45
1276, 1282, 1281, 1307, 1326, 1327, 1352, 1365, 1383, 1419, 1432, 1457, 1478, 1495, 1514, 1548, 2, 44, 45, 46
1276, 1282, 1281, 1307, 1326, 1350, 1362, 1384, 1421, 1433, 1459, 1475, 1492, 1516, 1546, 6, 41, 47
1276, 1282, 1281, 1307, 1326, 1350, 1362, 1384, 1421, 1433, 1459, 1475, 1492, 1516, 1546, 6, 41, 42, 48
1276, 1282, 1281, 1307, 1326, 1350, 1362, 1384, 1421, 1433, 1459, 1475, 1492, 1516, 1546, 6, 41, 42, 48, 49
1276, 1282, 1281, 1307, 1326, 1327, 1352, 1365, 1383, 1419, 1432, 1457, 1478, 1494, 1515, 1547, 3, 43, 50
1276, 1282, 1281, 1307, 1326, 1327, 1352, 1365, 1383, 1419, 1432, 1457, 1478, 1495, 1514, 1548, 2, 44, 51
1276, 1282, 1281, 1307, 1326, 1327, 1352, 1365, 1383, 1419, 1432, 1457, 1478, 1495, 1514, 1548, 2, 44, 45, 46, 52
1276, 1282, 1281, 1307, 1326, 1327, 1352, 1365, 1383, 1419, 1432, 1457, 1478, 1495, 1514, 1548, 2, 44, 45, 46, 53
1276, 1282, 1281, 1307, 1326, 1327, 1352, 1365, 1383, 1419, 1432, 1457, 1478, 1495, 1514, 1548, 2, 44, 45, 46, 53, 54
1276, 1277, 1283, 1304, 1324, 1348, 1347, 1379, 1378, 1390, 1407, 1439, 1440, 1446, 1487, 1486, 1502, 1528, 1534, 20, 28, 58, 57, 56, 55
1276, 1277, 1283, 1304, 1324, 1348, 1347, 1379, 1378, 1390, 1407, 1439, 1440, 1446, 1487, 1486, 1502, 1528, 1534, 20, 28, 58, 57, 56
1276, 1277, 1283, 1304, 1324, 1348, 1347, 1379, 1378, 1390, 1407, 1439, 1440, 1446, 1487, 1486, 1502, 1528, 1534, 20, 28, 58, 57
1276, 1277, 1283, 1304, 1324, 1348, 1347, 1379, 1378, 1390, 1407, 1439, 1440, 1446, 1487, 1486, 1502, 1528, 1534, 20, 28, 58
1276, 1277, 1283, 1304, 1324, 1348, 1347, 1379, 1378, 1390, 1407, 1439, 1440, 1446, 1487, 1486, 1502, 1528, 1534, 20, 28, 59
1276, 1277, 1283, 1304, 1324, 1348, 1347, 1379, 1378, 1390, 1407, 1439, 1440, 1446, 1487, 1486, 1502, 1528, 1535, 19, 30, 60
1276, 1277, 1283, 1304, 1324, 1348, 1347, 1380, 1387, 1405, 1437, 1466, 1490, 1507, 1523, 1539, 13, 33, 63, 62, 61
1276, 1277, 1283, 1304, 1324, 1348, 1347, 1380, 1387, 1405, 1437, 1466, 1490, 1507, 1523, 1539, 13, 33, 63, 62
1276, 1277, 1283, 1304, 1324, 1348, 1347, 1380, 1387, 1405, 1437, 1466, 1490, 1507, 1523, 1539, 13, 33, 63
1276, 1277, 1283, 1304, 1324, 1348, 1347, 1380, 1387, 1405, 1437, 1466, 1490, 1508, 1522, 1540, 12, 35, 64
1276, 1282, 1281, 1307, 1326, 1350, 1363, 1385, 1422, 1435, 1462, 1472, 1510, 1519, 1542, 10, 37, 66, 65
1276, 1282, 1281, 1307, 1326, 1350, 1363, 1385, 1422, 1435, 1462, 1472, 1510, 1519, 1542, 10, 37, 66
1276, 1282, 1281, 1307, 1326, 1350, 1363, 1385, 1422, 1435, 1462, 1472, 1510, 1519, 1542, 10, 37, 67
1276, 1282, 1281, 1307, 1326, 1350, 1363, 1385, 1422, 1435, 1462, 1472, 1510, 1519, 1542, 9, 38, 68
1276, 1277, 1283, 1304, 1324, 1348, 1347, 1380, 1387, 1405, 1437, 1466, 1490, 1507, 1523, 1539, 13, 33, 63, 69
1276, 1277, 1283, 1304, 1324, 1348, 1347, 1380, 1387, 1405, 1437, 1466, 1490, 1507, 1523, 1539, 13, 33, 63, 70
1276, 1277, 1283, 1304, 1324, 1348, 1347, 1380, 1387, 1405, 1437, 1466, 1490, 1507, 1523, 1539, 13, 33, 63, 62, 71
1276, 1277, 1283, 1304, 1324, 1348, 1347, 1380, 1387, 1405, 1437, 1466, 1490, 1507, 1523, 1539, 13, 33, 63, 62, 71, 72
1276, 1277, 1283, 1304, 1324, 1348, 1347, 1379, 1378, 1390, 1407, 1439, 1440, 1446, 1487, 1486, 1502, 1528, 1535, 19, 30, 60, 73
1276, 1277, 1283, 1304, 1324, 1348, 1347, 1379, 1378, 1390, 1407, 1439, 1440, 1446, 1487, 1486, 1502, 1528, 1534, 20, 28, 59, 74
1276, 1277, 1283, 1304, 1324, 1348, 1347, 1379, 1378, 1390, 1407, 1439, 1440, 1446, 1487, 1486, 1502, 1528, 1534, 20, 28, 59, 74, 75
1276, 1282, 1281, 1307, 1326, 1327, 1352, 1365, 1383, 1419, 1432, 1457, 1478, 1495, 1514, 1548, 2, 44, 45, 46, 53, 77, 76
1276, 1282, 1281, 1307, 1326, 1327, 1352, 1365, 1383, 1419, 1432, 1457, 1478, 1495, 1514, 1548, 2, 44, 45, 46, 53, 77
1276, 1282, 1281, 1307, 1326, 1327, 1352, 1365, 1383, 1419, 1432, 1457, 1478, 1495, 1514, 1548, 2, 44, 45, 46, 53, 78
1276, 1282, 1281, 1307, 1326, 1327, 1352, 1365, 1383, 1419, 1432, 1457, 1478, 1495, 1514, 1548, 2, 44, 51, 79
1276, 1282, 1281, 1307, 1326, 1327, 1352, 1365, 1383, 1419, 1432, 1457, 1478, 1494, 1515, 1547, 3, 43, 50, 80
1276, 1282, 1281, 1307, 1326, 1350, 1362, 1384, 1421, 1433, 1459, 1475, 1492, 1516, 1546, 6, 41, 42, 48, 81
1276, 1282, 1281, 1307, 1326, 1350, 1362, 1384, 1421, 1433, 1459, 1475, 1492, 1516, 1546, 6, 41, 42, 48, 82
1276, 1282, 1281, 1307, 1326, 1350, 1362, 1384, 1421, 1433, 1459, 1475, 1492, 1516, 1546, 6, 41, 42, 48, 83
1276, 1282, 1281, 1307, 1326, 1350, 1362, 1384, 1421, 1433, 1459, 1475, 1492, 1516, 1546, 6, 41, 47, 84
1276, 1282, 1281, 1307, 1326, 1350, 1362, 1384, 1421, 1433, 1459, 1475, 1492, 1516, 1546, 6, 41, 47, 85
1276, 1282, 1281, 1307, 1326, 1350, 1363, 1385, 1422, 1435, 1462, 1472, 1510, 1519, 1542, 9, 38, 68, 86
1276, 1282, 1281, 1307, 1326, 1350, 1363, 1385, 1422, 1435, 1462, 1472, 1510, 1519, 1542, 10, 37, 67, 87
1276, 1282, 1281, 1307, 1326, 1350, 1363, 1385, 1422, 1435, 1462, 1472, 1510, 1519, 1542, 10, 37, 66, 88
1276, 1282, 1281, 1307, 1326, 1350, 1363, 1385, 1422, 1435, 1462, 1472, 1510, 1519, 1542, 10, 37, 66, 88, 89
1276, 1282, 1281, 1307, 1326, 1350, 1363, 1385, 1422, 1435, 1462, 1472, 1510, 1519, 1542, 10, 37, 66, 65, 90
1276, 1282, 1281, 1307, 1326, 1350, 1363, 1385, 1422, 1435, 1462, 1472, 1510, 1519, 1542, 9, 38, 68, 86, 91
1276, 1282, 1281, 1307, 1326, 1350, 1363, 1385, 1422, 1435, 1462, 1472, 1510, 1519, 1542, 9, 38, 68, 86, 92
1276, 1282, 1281, 1307, 1326, 1350, 1362, 1384, 1421, 1433, 1459, 1475, 1492, 1516, 1546, 6, 41, 47, 85, 93
1276, 1282, 1281, 1307, 1326, 1350, 1362, 1384, 1421, 1433, 1459, 1475, 1492, 1516, 1546, 6, 41, 47, 85, 94
1276, 1282, 1281, 1307, 1326, 1350, 1362, 1384, 1421, 1433, 1459, 1475, 1492, 1516, 1546, 6, 41, 42, 48, 82, 95
1276, 1282, 1281, 1307, 1326, 1350, 1362, 1384, 1421, 1433, 1459, 1475, 1492, 1516, 1546, 6, 41, 42, 48, 82, 95, 96
1276, 1282, 1281, 1307, 1326, 1327, 1352, 1365, 1383, 1419, 1432, 1457, 1478, 1494, 1515, 1547, 3, 43, 50, 80, 97
1276, 1282, 1281, 1307, 1326, 1327, 1352, 1365, 1383, 1419, 1432, 1457, 1478, 1495, 1514, 1548, 2, 44, 45, 46, 53, 78, 98
1276, 1282, 1281, 1307, 1326, 1327, 1352, 1365, 1383, 1419, 1432, 1457, 1478, 1495, 1514, 1548, 2, 44, 45, 46, 53, 77, 99
