1448, 1449, 1484, 1500, 1499, 1532, 1552, 1551, 24, 0
1448, 1449, 1484, 1500, 1499, 1532, 1552, 1551, 24, 45, 44, 2, 1
1448, 1449, 1484, 1500, 1499, 1532, 1552, 1551, 24, 45, 44, 2
1448, 1449, 1484, 1500, 1499, 1532, 1552, 1551, 24, 45, 44, 43, 3
1448, 1449, 1484, 1500, 1499, 1532, 1552, 1551, 24, 45, 44, 43, 4
1448, 1449, 1484, 1500, 1499, 1532, 1552, 1551, 24, 45, 44, 43, 4, 5
1448, 1449, 1484, 1500, 1499, 1532, 1552, 1551, 1550, 1549, 1548, 1547, 1546, 6
1448, 1449, 1484, 1483, 1482, 1481, 1480, 1479, 1478, 1477, 1476, 1475, 1492, 1517, 1545, 7
1448, 1485, 1502, 1503, 1504, 1505, 1506, 1507, 1508, 1509, 1519, 1542, 9, 8
1448, 1485, 1502, 1503, 1504, 1505, 1506, 1507, 1508, 1509, 1519, 1542, 9
1448, 1485, 1502, 1528, 1536, 18, 17, 16, 15, 14, 13, 12, 11, 10
1448, 1485, 1502, 1528, 1536, 18, 17, 16, 15, 14, 13, 12, 11
1448, 1485, 1502, 1528, 1536, 18, 17, 16, 15, 14, 13, 12
1448, 1485, 1502, 1528, 1536, 18, 17, 16, 15, 14, 13
1448, 1485, 1502, 1528, 1536, 18, 17, 16, 15, 14
1448, 1485, 1502, 1528, 1536, 18, 17, 16, 15
1448, 1485, 1502, 1528, 1536, 18, 17, 16
1448, 1485, 1502, 1528, 1536, 18, 17
1448, 1485, 1502, 1528, 1536, 18
1448, 1485, 1502, 1528, 1535, 19
1448, 1485, 1502, 1528, 1534, 20
1448, 1449, 1484, 1501, 1529, 1533, 21
1448, 1449, 1484, 1500, 1499, 1531, 1553, 22
1448, 1449, 1484, 1500, 1499, 1532, 1552, 23
1448, 1449, 1484, 1500, 1499, 1532, 1552, 1551, 24
1448, 1449, 1484, 1500, 1499, 1532, 1552, 23, 25
1448, 1449, 1484, 1500, 1499, 1532, 1552, 23, 26
1448, 1449, 1484, 1501, 1529, 1533, 21, 27
1448, 1485, 1502, 1528, 1534, 20, 28
1448, 1485, 1502, 1528, 1535, 19, 29
1448, 1485, 1502, 1528, 1535, 19, 30
1448, 1485, 1502, 1528, 1535, 19, 30, 31
1448, 1485, 1502, 1528, 1536, 18, 17, 32
1448, 1485, 1502, 1528, 1536, 18, 17, 32, 33
1448, 1485, 1502, 1528, 1536, 18, 17, 32, 33, 34
1448, 1485, 1502, 1528, 1536, 18, 17, 32, 33, 34, 35
1448, 1485, 1502, 1528, 1536, 18, 17, 32, 33, 34, 35, 36
1448, 1485, 1502, 1528, 1536, 18, 17, 32, 33, 34, 35, 36, 37
1448, 1485, 1502, 1503, 1504, 1505, 1506, 1507, 1508, 1509, 1519, 1542, 9, 38
1448, 1485, 1502, 1503, 1504, 1505, 1506, 1507, 1508, 1509, 1519, 1542, 9, 39
1448, 1485, 1502, 1503, 1504, 1505, 1506, 1507, 1508, 1509, 1519, 1542, 9, 39, 40
1448, 1449, 1484, 1500, 1499, 1532, 1552, 1551, 24, 45, 44, 43, 42, 41
1448, 1449, 1484, 1500, 1499, 1532, 1552, 1551, 24, 45, 44, 43, 42
1448, 1449, 1484, 1500, 1499, 1532, 1552, 1551, 24, 45, 44, 43
1448, 1449, 1484, 1500, 1499, 1532, 1552, 1551, 24, 45, 44
1448, 1449, 1484, 1500, 1499, 1532, 1552, 1551, 24, 45
1448, 1449, 1484, 1500, 1499, 1532, 1552, 23, 25, 46
1448, 1449, 1484, 1500, 1499, 1532, 1552, 1551, 24, 45, 44, 43, 42, 41, 47
1448, 1449, 1484, 1500, 1499, 1532, 1552, 1551, 24, 45, 51, 50, 49, 48
1448, 1449, 1484, 1500, 1499, 1532, 1552, 1551, 24, 45, 51, 50, 49
1448, 1449, 1484, 1500, 1499, 1532, 1552, 1551, 24, 45, 51, 50
1448, 1449, 1484, 1500, 1499, 1532, 1552, 1551, 24, 45, 51
1448, 1449, 1484, 1500, 1499, 1532, 1552, 23, 25, 53, 52
1448, 1449, 1484, 1500, 1499, 1532, 1552, 23, 25, 53
1448, 1449, 1484, 1500, 1499, 1532, 1552, 23, 26, 54
1448, 1449, 1484, 1500, 1499, 1532, 1552, 23, 26, 55
1448, 1449, 1484, 1501, 1529, 1533, 21, 27, 56
1448, 1449, 1484, 1501, 1529, 1533, 21, 27, 57
1448, 1485, 1502, 1528, 1534, 20, 28, 58
1448, 1485, 1502, 1528, 1534, 20, 28, 59
1448, 1485, 1502, 1528, 1535, 19, 30, 60
1448, 1485, 1502, 1528, 1535, 19, 30, 61
1448, 1485, 1502, 1528, 1536, 18, 17, 32, 62
1448, 1485, 1502, 1528, 1536, 18, 17, 32, 62, 63
1448, 1485, 1502, 1528, 1536, 18, 17, 32, 62, 63, 64
1448, 1485, 1502, 1528, 1536, 18, 17, 32, 33, 34, 35, 36, 65
1448, 1485, 1502, 1528, 1536, 18, 17, 32, 33, 34, 35, 36, 65, 66
1448, 1485, 1502, 1528, 1536, 18, 17, 32, 33, 34, 35, 36, 37, 67
1448, 1485, 1502, 1528, 1536, 18, 17, 32, 33, 34, 35, 36, 37, 67, 68
1448, 1485, 1502, 1528, 1535, 19, 30, 61, 72, 71, 70, 69
1448, 1485, 1502, 1528, 1535, 19, 30, 61, 72, 71, 70
1448, 1485, 1502, 1528, 1535, 19, 30, 61, 72, 71
1448, 1485, 1502, 1528, 1535, 19, 30, 61, 72
1448, 1485, 1502, 1528, 1535, 19, 30, 60, 73
1448, 1485, 1502, 1528, 1534, 20, 28, 59, 74
1448, 1449, 1484, 1501, 1529, 1533, 21, 27, 57, 75
1448, 1449, 1484, 1500, 1499, 1532, 1552, 23, 26, 54, 76
1448, 1449, 1484, 1500, 1499, 1532, 1552, 23, 26, 54, 76, 77
1448, 1449, 1484, 1500, 1499, 1532, 1552, 23, 25, 53, 78
1448, 1449, 1484, 1500, 1499, 1532, 1552, 1551, 24, 45, 51, 79
1448, 1449, 1484, 1500, 1499, 1532, 1552, 1551, 24, 45, 51, 80
1448, 1449, 1484, 1500, 1499, 1532, 1552, 1551, 24, 45, 51, 80, 81
1448, 1449, 1484, 1500, 1499, 1532, 1552, 1551, 24, 45, 51, 80, 81, 82
1448, 1449, 1484, 1500, 1499, 1532, 1552, 1551, 24, 45, 51, 80, 81, 82, 83
1448, 1449, 1484, 1500, 1499, 1532, 1552, 1551, 24, 45, 44, 43, 42, 41, 47, 84
1448, 1449, 1484, 1500, 1499, 1532, 1552, 1551, 24, 45, 44, 43, 42, 41, 47, 85
1448, 1485, 1502, 1528, 1536, 18, 17, 32, 33, 34, 35, 36, 37, 67, 68, 86
1448, 1485, 1502, 1528, 1536, 18, 17, 32, 33, 34, 35, 36, 37, 67, 87
1448, 1485, 1502, 1528, 1536, 18, 17, 32, 62, 63, 64, 90, 89, 88
1448, 1485, 1502, 1528, 1536, 18, 17, 32, 62, 63, 64, 90, 89
1448, 1485, 1502, 1528, 1536, 18, 17, 32, 62, 63, 64, 90
1448, 1449, 1484, 1500, 1499, 1532, 1552, 1551, 24, 45, 44, 43, 42, 41, 47, 85, 93, 92, 91
1448, 1449, 1484, 1500, 1499, 1532, 1552, 1551, 24, 45, 44, 43, 42, 41, 47, 85, 93, 92
1448, 1449, 1484, 1500, 1499, 1532, 1552, 1551, 24, 45, 44, 43, 42, 41, 47, 85, 93
1448, 1449, 1484, 1500, 1499, 1532, 1552, 1551, 24, 45, 44, 43, 42, 41, 47, 85, 94
1448, 1449, 1484, 1500, 1499, 1532, 1552, 1551, 24, 45, 51, 80, 96, 95
1448, 1449, 1484, 1500, 1499, 1532, 1552, 1551, 24, 45, 51, 80, 96
1448, 1449, 1484, 1500, 1499, 1532, 1552, 1551, 24, 45, 51, 80, 97
1448, 1449, 1484, 1500, 1499, 1532, 1552, 23, 25, 53, 78, 98
1448, 1449, 1484, 1500, 1499, 1532, 1552, 23, 26, 54, 76, 99
