1490, 1469, 1470, 1509, 1510, 1511, 1518, 1544, 1545, 6, 41, 42, 43, 0
1490, 1469, 1470, 1509, 1510, 1511, 1518, 1544, 1545, 6, 41, 42, 43, 1
1490, 1469, 1470, 1509, 1510, 1511, 1518, 1544, 1545, 1546, 5, 4, 3, 2
1490, 1469, 1470, 1509, 1510, 1511, 1518, 1544, 1545, 1546, 5, 4, 3
1490, 1469, 1470, 1509, 1510, 1511, 1518, 1544, 1545, 1546, 5, 4
1490, 1469, 1470, 1509, 1510, 1511, 1518, 1544, 1545, 1546, 5
1490, 1469, 1470, 1509, 1510, 1511, 1518, 1544, 1545, 6
1490, 1469, 1470, 1509, 1519, 1542, 9, 8, 7
1490, 1469, 1470, 1509, 1519, 1542, 9, 8
1490, 1469, 1470, 1509, 1519, 1542, 9
1490, 1469, 1470, 1509, 1519, 1542, 10
1490, 1508, 1522, 1540, 11
1490, 1508, 1522, 1540, 12
1490, 1507, 1523, 1539, 13
1490, 1507, 1523, 1539, 13, 14
1490, 1507, 1523, 1539, 13, 14, 15
1490, 1507, 1506, 1524, 1538, 16
1490, 1507, 1506, 1505, 1525, 1537, 17
1490, 1507, 1506, 1505, 1525, 1537, 17, 18
1490, 1489, 1488, 1487, 1486, 1502, 1528, 1535, 19
1490, 1489, 1488, 1487, 1486, 1502, 1528, 1534, 20
1490, 1489, 1488, 1487, 1486, 1502, 1528, 1534, 20, 21
1490, 1489, 1488, 1487, 1486, 1502, 1528, 1534, 20, 21, 22
1490, 1489, 1488, 1487, 1486, 1502, 1501, 1530, 1553, 1552, 23
1490, 1469, 1470, 1509, 1510, 1511, 1518, 1544, 1545, 6, 41, 42, 43, 44, 45, 24
1490, 1489, 1488, 1487, 1486, 1502, 1528, 1534, 20, 28, 27, 26, 25
1490, 1489, 1488, 1487, 1486, 1502, 1528, 1534, 20, 28, 27, 26
1490, 1489, 1488, 1487, 1486, 1502, 1528, 1534, 20, 28, 27
1490, 1489, 1488, 1487, 1486, 1502, 1528, 1534, 20, 28
1490, 1489, 1488, 1487, 1486, 1502, 1528, 1535, 19, 29
1490, 1507, 1506, 1505, 1525, 1537, 17, 18, 30
1490, 1507, 1506, 1505, 1525, 1537, 17, 31
1490, 1507, 1523, 1539, 13, 14, 15, 32
1490, 1507, 1523, 1539, 13, 33
1490, 1507, 1523, 1539, 13, 34
1490, 1508, 1522, 1540, 12, 35
1490, 1508, 1522, 1540, 12, 36
1490, 1469, 1470, 1509, 1519, 1542, 10, 37
1490, 1469, 1470, 1509, 1519, 1542, 9, 38
1490, 1469, 1470, 1509, 1519, 1542, 9, 39
1490, 1469, 1470, 1509, 1519, 1542, 9, 39, 40
1490, 1469, 1470, 1509, 1510, 1511, 1518, 1544, 1545, 6, 41
1490, 1469, 1470, 1509, 1510, 1511, 1518, 1544, 1545, 6, 41, 42
1490, 1469, 1470, 1509, 1510, 1511, 1518, 1544, 1545, 6, 41, 42, 43
1490, 1469, 1470, 1509, 1510, 1511, 1518, 1544, 1545, 6, 41, 42, 43, 44
1490, 1469, 1470, 1509, 1510, 1511, 1518, 1544, 1545, 6, 41, 42, 43, 44, 45
1490, 1469, 1470, 1509, 1510, 1511, 1518, 1544, 1545, 6, 41, 42, 43, 44, 45, 46
1490, 1469, 1470, 1509, 1519, 1542, 9, 38, 68, 47
1490, 1469, 1470, 1509, 1510, 1511, 1518, 1544, 1545, 6, 41, 42, 48
1490, 1469, 1470, 1509, 1510, 1511, 1518, 1544, 1545, 6, 41, 42, 48, 49
1490, 1469, 1470, 1509, 1510, 1511, 1518, 1544, 1545, 6, 41, 42, 48, 49, 50
1490, 1469, 1470, 1509, 1510, 1511, 1518, 1544, 1545, 6, 41, 42, 48, 49, 50, 51
1490, 1469, 1470, 1509, 1510, 1511, 1518, 1544, 1545, 6, 41, 42, 48, 49, 50, 51, 52
1490, 1489, 1488, 1487, 1486, 1502, 1528, 1534, 20, 28, 58, 57, 56, 55, 54, 53
1490, 1489, 1488, 1487, 1486, 1502, 1528, 1534, 20, 28, 58, 57, 56, 55, 54
1490, 1489, 1488, 1487, 1486, 1502, 1528, 1534, 20, 28, 58, 57, 56, 55
1490, 1489, 1488, 1487, 1486, 1502, 1528, 1534, 20, 28, 58, 57, 56
1490, 1489, 1488, 1487, 1486, 1502, 1528, 1534, 20, 28, 58, 57
1490, 1489, 1488, 1487, 1486, 1502, 1528, 1534, 20, 28, 58
1490, 1489, 1488, 1487, 1486, 1502, 1528, 1534, 20, 28, 59
1490, 1507, 1506, 1505, 1525, 1537, 17, 18, 30, 60
1490, 1507, 1523, 1539, 13, 33, 63, 62, 61
1490, 1507, 1523, 1539, 13, 33, 63, 62
1490, 1507, 1523, 1539, 13, 33, 63
1490, 1508, 1522, 1540, 12, 35, 64
1490, 1508, 1522, 1540, 12, 36, 65
1490, 1469, 1470, 1509, 1519, 1542, 10, 37, 66
1490, 1469, 1470, 1509, 1519, 1542, 10, 37, 67
1490, 1469, 1470, 1509, 1519, 1542, 9, 38, 68
1490, 1507, 1523, 1539, 13, 33, 63, 69
1490, 1507, 1523, 1539, 13, 33, 63, 70
1490, 1507, 1523, 1539, 13, 33, 63, 62, 71
1490, 1507, 1523, 1539, 13, 33, 63, 62, 71, 72
1490, 1507, 1523, 1539, 13, 33, 63, 62, 61, 73
1490, 1489, 1488, 1487, 1486, 1502, 1528, 1534, 20, 28, 59, 74
1490, 1489, 1488, 1487, 1486, 1502, 1528, 1534, 20, 28, 59, 74, 75
1490, 1489, 1488, 1487, 1486, 1502, 1528, 1534, 20, 28, 59, 74, 75, 76
1490, 1489, 1488, 1487, 1486, 1502, 1528, 1534, 20, 28, 59, 74, 75, 76, 77
1490, 1489, 1488, 1487, 1486, 1502, 1528, 1534, 20, 28, 59, 74, 75, 76, 77, 78
1490, 1469, 1470, 1509, 1510, 1511, 1518, 1544, 1545, 6, 41, 42, 48, 81, 80, 79
1490, 1469, 1470, 1509, 1510, 1511, 1518, 1544, 1545, 6, 41, 42, 48, 81, 80
1490, 1469, 1470, 1509, 1510, 1511, 1518, 1544, 1545, 6, 41, 42, 48, 81
1490, 1469, 1470, 1509, 1510, 1511, 1518, 1544, 1545, 6, 41, 42, 48, 82
1490, 1469, 1470, 1509, 1510, 1511, 1518, 1544, 1545, 6, 41, 42, 48, 83
1490, 1469, 1470, 1509, 1519, 1542, 9, 38, 68, 86, 85, 84
1490, 1469, 1470, 1509, 1519, 1542, 9, 38, 68, 86, 85
1490, 1469, 1470, 1509, 1519, 1542, 9, 38, 68, 86
1490, 1469, 1470, 1509, 1519, 1542, 10, 37, 67, 87
1490, 1469, 1470, 1509, 1519, 1542, 10, 37, 66, 88
1490, 1508, 1522, 1540, 12, 36, 65, 89
1490, 1508, 1522, 1540, 12, 35, 64, 90
1490, 1469, 1470, 1509, 1519, 1542, 9, 38, 68, 86, 91
1490, 1469, 1470, 1509, 1519, 1542, 9, 38, 68, 86, 92
1490, 1469, 1470, 1509, 1519, 1542, 9, 38, 68, 86, 92, 93
1490, 1469, 1470, 1509, 1519, 1542, 9, 38, 68, 86, 92, 93, 94
1490, 1469, 1470, 1509, 1510, 1511, 1518, 1544, 1545, 6, 41, 42, 48, 82, 95
1490, 1469, 1470, 1509, 1510, 1511, 1518, 1544, 1545, 6, 41, 42, 48, 82, 95, 96
1490, 1469, 1470, 1509, 1510, 1511, 1518, 1544, 1545, 6, 41, 42, 48, 82, 95, 96, 97
1490, 1489, 1488, 1487, 1486, 1502, 1528, 1534, 20, 28, 59, 74, 75, 100, 99, 98
1490, 1489, 1488, 1487, 1486, 1502, 1528, 1534, 20, 28, 59, 74, 75, 100, 99
