163, 162, 146, 115, 99, 77, 53, 46, 45, 44, 2, 1, 0
163, 162, 146, 115, 99, 77, 53, 46, 45, 44, 2, 1
163, 162, 146, 115, 99, 77, 53, 46, 45, 44, 2
163, 162, 146, 115, 99, 77, 53, 46, 45, 44, 43, 3
163, 162, 146, 115, 99, 77, 53, 46, 45, 44, 43, 4
163, 162, 146, 115, 99, 77, 53, 46, 45, 44, 43, 4, 5
163, 162, 146, 115, 116, 117, 118, 97, 96, 95, 82, 48, 42, 41, 6
163, 162, 146, 115, 116, 117, 118, 97, 96, 95, 82, 48, 42, 41, 7
163, 149, 133, 103, 73, 61, 62, 63, 64, 65, 66, 67, 68, 40, 8
163, 149, 133, 103, 73, 61, 62, 63, 34, 35, 36, 37, 10, 9
163, 149, 133, 103, 73, 61, 62, 63, 34, 35, 36, 37, 10
163, 149, 133, 103, 73, 61, 62, 63, 34, 35, 36, 11
163, 149, 133, 103, 73, 61, 62, 63, 34, 35, 12
163, 149, 133, 103, 73, 61, 62, 63, 33, 13
163, 149, 133, 103, 73, 60, 30, 31, 32, 15, 14
163, 149, 133, 103, 73, 60, 30, 31, 32, 15
163, 149, 133, 103, 73, 60, 30, 18, 17, 16
163, 149, 133, 103, 73, 60, 30, 18, 17
163, 149, 133, 103, 73, 60, 30, 18
163, 149, 133, 103, 73, 60, 30, 19
163, 149, 133, 103, 73, 60, 29, 20
163, 149, 133, 103, 73, 60, 29, 20, 21
163, 149, 133, 103, 73, 60, 29, 20, 21, 22
163, 162, 146, 115, 99, 76, 54, 26, 23
163, 162, 146, 115, 99, 77, 53, 46, 24
163, 162, 146, 115, 99, 76, 54, 26, 25
163, 162, 146, 115, 99, 76, 54, 26
163, 149, 133, 102, 74, 58, 57, 27
163, 149, 133, 103, 73, 60, 29, 28
163, 149, 133, 103, 73, 60, 29
163, 149, 133, 103, 73, 60, 30
163, 149, 133, 103, 73, 60, 30, 31
163, 149, 133, 103, 73, 60, 30, 31, 32
163, 149, 133, 103, 73, 61, 62, 63, 33
163, 149, 133, 103, 73, 61, 62, 63, 34
163, 149, 133, 103, 73, 61, 62, 63, 34, 35
163, 149, 133, 103, 73, 61, 62, 63, 34, 35, 36
163, 149, 133, 103, 73, 61, 62, 63, 34, 35, 36, 37
163, 149, 133, 103, 73, 61, 62, 63, 34, 35, 36, 37, 38
163, 149, 133, 103, 73, 61, 62, 63, 34, 35, 36, 37, 38, 39
163, 149, 133, 103, 73, 61, 62, 63, 64, 65, 66, 67, 68, 40
163, 162, 146, 115, 116, 117, 118, 97, 96, 95, 82, 48, 42, 41
163, 162, 146, 115, 116, 117, 118, 97, 96, 95, 82, 48, 42
163, 162, 146, 115, 99, 77, 53, 46, 45, 44, 43
163, 162, 146, 115, 99, 77, 53, 46, 45, 44
163, 162, 146, 115, 99, 77, 53, 46, 45
163, 162, 146, 115, 99, 77, 53, 46
163, 162, 146, 115, 116, 117, 118, 97, 96, 95, 82, 48, 47
163, 162, 146, 115, 116, 117, 118, 97, 96, 95, 82, 48
163, 162, 146, 115, 99, 77, 78, 79, 80, 49
163, 162, 146, 115, 99, 77, 78, 79, 80, 50
163, 162, 146, 115, 99, 77, 53, 52, 51
163, 162, 146, 115, 99, 77, 53, 52
163, 162, 146, 115, 99, 77, 53
163, 162, 146, 115, 99, 76, 54
163, 149, 133, 102, 74, 58, 57, 56, 55
163, 149, 133, 102, 74, 58, 57, 56
163, 149, 133, 102, 74, 58, 57
163, 149, 133, 102, 74, 58
163, 149, 133, 102, 74, 59
163, 149, 133, 103, 73, 60
163, 149, 133, 103, 73, 61
163, 149, 133, 103, 73, 61, 62
163, 149, 133, 103, 73, 61, 62, 63
163, 149, 133, 103, 73, 61, 62, 63, 64
163, 149, 133, 103, 73, 61, 62, 63, 64, 65
163, 149, 133, 103, 73, 61, 62, 63, 64, 65, 66
163, 149, 133, 103, 73, 61, 62, 63, 64, 65, 66, 67
163, 149, 133, 103, 73, 61, 62, 63, 64, 65, 66, 67, 68
163, 164, 151, 132, 104, 72, 71, 70, 69
163, 164, 151, 132, 104, 72, 71, 70
163, 164, 151, 132, 104, 72, 71
163, 164, 151, 132, 104, 72
163, 149, 133, 103, 73
163, 149, 133, 102, 74
163, 149, 133, 102, 74, 75
163, 162, 146, 115, 99, 76
163, 162, 146, 115, 99, 77
163, 162, 146, 115, 99, 77, 78
163, 162, 146, 115, 99, 77, 78, 79
163, 162, 146, 115, 99, 77, 78, 79, 80
163, 162, 146, 115, 116, 117, 118, 97, 96, 95, 81
163, 162, 146, 115, 116, 117, 118, 97, 96, 95, 82
163, 162, 146, 115, 116, 117, 118, 97, 96, 95, 83
163, 162, 146, 115, 116, 117, 118, 97, 96, 95, 83, 84
163, 162, 161, 160, 159, 158, 157, 156, 155, 141, 122, 94, 85
163, 164, 151, 132, 104, 72, 71, 70, 69, 90, 89, 88, 87, 86
163, 164, 151, 132, 104, 72, 71, 70, 69, 90, 89, 88, 87
163, 164, 151, 132, 104, 72, 71, 70, 69, 90, 89, 88
163, 164, 151, 132, 104, 72, 71, 70, 69, 90, 89
163, 164, 151, 132, 104, 72, 71, 70, 69, 90
163, 164, 151, 132, 131, 130, 129, 128, 127, 126, 125, 124, 91
163, 162, 161, 160, 159, 158, 157, 156, 155, 141, 122, 94, 93, 92
163, 162, 161, 160, 159, 158, 157, 156, 155, 141, 122, 94, 93
163, 162, 161, 160, 159, 158, 157, 156, 155, 141, 122, 94
163, 162, 146, 115, 116, 117, 118, 97, 96, 95
163, 162, 146, 115, 116, 117, 118, 97, 96
163, 162, 146, 115, 116, 117, 118, 97
163, 162, 146, 115, 99, 98
163, 162, 146, 115, 99
