276, 241, 221, 209, 193, 162, 146, 115, 99, 77, 53, 46, 45, 44, 2, 1, 0
276, 241, 221, 209, 193, 162, 146, 115, 99, 77, 53, 46, 45, 44, 2, 1
276, 241, 221, 209, 193, 162, 146, 115, 99, 77, 53, 46, 45, 44, 2
276, 241, 221, 209, 193, 162, 146, 115, 99, 77, 53, 46, 45, 44, 43, 3
276, 241, 221, 209, 193, 162, 146, 115, 99, 77, 53, 46, 45, 44, 43, 4
276, 241, 221, 209, 193, 162, 146, 115, 99, 77, 53, 46, 45, 44, 43, 4, 5
276, 277, 245, 246, 247, 225, 213, 214, 176, 177, 154, 141, 122, 94, 85, 47, 41, 6
276, 277, 245, 246, 247, 225, 213, 214, 176, 177, 154, 141, 122, 94, 85, 47, 41, 7
276, 277, 245, 246, 247, 225, 213, 214, 176, 177, 154, 141, 122, 94, 85, 47, 41, 7, 8
276, 277, 245, 246, 247, 225, 213, 214, 176, 177, 154, 141, 122, 94, 93, 92, 86, 68, 38, 9
276, 275, 243, 220, 208, 192, 164, 151, 132, 104, 72, 71, 62, 63, 34, 35, 36, 37, 10
276, 275, 243, 220, 208, 192, 164, 151, 132, 104, 72, 71, 62, 63, 34, 35, 36, 11
276, 275, 243, 220, 208, 192, 164, 151, 132, 104, 72, 71, 62, 63, 34, 35, 12
276, 275, 243, 220, 208, 192, 164, 151, 132, 104, 72, 71, 62, 63, 33, 13
276, 275, 243, 220, 208, 192, 164, 151, 132, 104, 72, 71, 62, 32, 15, 14
276, 275, 243, 220, 208, 192, 164, 151, 132, 104, 72, 71, 62, 32, 15
276, 275, 243, 220, 208, 192, 164, 151, 132, 104, 72, 71, 62, 32, 16
276, 275, 243, 220, 208, 192, 164, 150, 133, 103, 73, 60, 30, 18, 17
276, 275, 243, 220, 208, 192, 164, 150, 133, 103, 73, 60, 30, 18
276, 275, 243, 220, 208, 192, 164, 150, 133, 103, 73, 60, 30, 19
276, 275, 243, 220, 208, 192, 164, 150, 133, 103, 73, 60, 29, 20
276, 241, 221, 209, 193, 162, 147, 113, 101, 75, 57, 27, 21
276, 241, 221, 209, 193, 162, 147, 113, 101, 75, 57, 27, 21, 22
276, 241, 221, 209, 193, 162, 146, 115, 99, 76, 54, 26, 23
276, 241, 221, 209, 193, 162, 146, 115, 99, 77, 53, 46, 24
276, 241, 221, 209, 193, 162, 146, 115, 99, 76, 54, 26, 25
276, 241, 221, 209, 193, 162, 146, 115, 99, 76, 54, 26
276, 241, 221, 209, 193, 162, 147, 113, 101, 75, 57, 27
276, 275, 243, 220, 208, 192, 164, 150, 133, 103, 73, 60, 29, 28
276, 275, 243, 220, 208, 192, 164, 150, 133, 103, 73, 60, 29
276, 275, 243, 220, 208, 192, 164, 150, 133, 103, 73, 60, 30
276, 275, 243, 220, 208, 192, 164, 150, 133, 103, 73, 60, 30, 31
276, 275, 243, 220, 208, 192, 164, 151, 132, 104, 72, 71, 62, 32
276, 275, 243, 220, 208, 192, 164, 151, 132, 104, 72, 71, 62, 63, 33
276, 275, 243, 220, 208, 192, 164, 151, 132, 104, 72, 71, 62, 63, 34
276, 275, 243, 220, 208, 192, 164, 151, 132, 104, 72, 71, 62, 63, 34, 35
276, 275, 243, 220, 208, 192, 164, 151, 132, 104, 72, 71, 62, 63, 34, 35, 36
276, 275, 243, 220, 208, 192, 164, 151, 132, 104, 72, 71, 62, 63, 34, 35, 36, 37
276, 277, 245, 246, 247, 225, 213, 214, 176, 177, 154, 141, 122, 94, 93, 92, 86, 68, 38
276, 277, 245, 246, 247, 225, 213, 214, 176, 177, 154, 141, 122, 94, 93, 92, 86, 68, 39
276, 277, 245, 246, 247, 225, 213, 214, 176, 177, 154, 141, 122, 94, 93, 92, 86, 68, 40
276, 277, 245, 246, 247, 225, 213, 214, 176, 177, 154, 141, 122, 94, 85, 47, 41
276, 277, 245, 246, 247, 225, 213, 214, 176, 177, 154, 141, 122, 94, 85, 47, 41, 42
276, 241, 221, 209, 193, 162, 146, 115, 99, 77, 53, 46, 45, 44, 43
276, 241, 221, 209, 193, 162, 146, 115, 99, 77, 53, 46, 45, 44
276, 241, 221, 209, 193, 162, 146, 115, 99, 77, 53, 46, 45
276, 241, 221, 209, 193, 162, 146, 115, 99, 77, 53, 46
276, 277, 245, 246, 247, 225, 213, 214, 176, 177, 154, 141, 122, 94, 85, 47
276, 241, 221, 209, 193, 162, 146, 115, 116, 117, 118, 97, 96, 95, 82, 48
276, 241, 221, 209, 193, 162, 146, 115, 99, 77, 78, 79, 80, 49
276, 241, 221, 209, 193, 162, 146, 115, 99, 77, 78, 79, 80, 50
276, 241, 221, 209, 193, 162, 146, 115, 99, 77, 53, 52, 51
276, 241, 221, 209, 193, 162, 146, 115, 99, 77, 53, 52
276, 241, 221, 209, 193, 162, 146, 115, 99, 77, 53
276, 241, 221, 209, 193, 162, 146, 115, 99, 76, 54
276, 241, 221, 209, 193, 162, 147, 113, 101, 75, 56, 55
276, 241, 221, 209, 193, 162, 147, 113, 101, 75, 56
276, 241, 221, 209, 193, 162, 147, 113, 101, 75, 57
276, 241, 221, 209, 193, 162, 147, 113, 101, 75, 74, 58
276, 241, 221, 209, 193, 162, 147, 113, 101, 75, 74, 59
276, 275, 243, 220, 208, 192, 164, 150, 133, 103, 73, 60
276, 275, 243, 220, 208, 192, 164, 150, 133, 103, 73, 61
276, 275, 243, 220, 208, 192, 164, 151, 132, 104, 72, 71, 62
276, 275, 243, 220, 208, 192, 164, 151, 132, 104, 72, 71, 62, 63
276, 275, 243, 220, 208, 192, 164, 151, 132, 104, 72, 71, 62, 63, 64
276, 275, 243, 220, 208, 192, 164, 151, 132, 104, 72, 71, 70, 69, 90, 65
276, 275, 243, 220, 208, 192, 164, 151, 132, 104, 72, 71, 70, 69, 90, 65, 66
276, 275, 243, 220, 208, 192, 164, 151, 132, 104, 72, 71, 70, 69, 90, 65, 66, 67
276, 277, 245, 246, 247, 225, 213, 214, 176, 177, 154, 141, 122, 94, 93, 92, 86, 68
276, 275, 243, 220, 208, 192, 164, 151, 132, 104, 72, 71, 70, 69
276, 275, 243, 220, 208, 192, 164, 151, 132, 104, 72, 71, 70
276, 275, 243, 220, 208, 192, 164, 151, 132, 104, 72, 71
276, 275, 243, 220, 208, 192, 164, 151, 132, 104, 72
276, 275, 243, 220, 208, 192, 164, 150, 133, 103, 73
276, 241, 221, 209, 193, 162, 147, 113, 101, 75, 74
276, 241, 221, 209, 193, 162, 147, 113, 101, 75
276, 241, 221, 209, 193, 162, 146, 115, 99, 76
276, 241, 221, 209, 193, 162, 146, 115, 99, 77
276, 241, 221, 209, 193, 162, 146, 115, 99, 77, 78
276, 241, 221, 209, 193, 162, 146, 115, 99, 77, 78, 79
276, 241, 221, 209, 193, 162, 146, 115, 99, 77, 78, 79, 80
276, 241, 221, 209, 193, 162, 146, 115, 116, 117, 118, 97, 96, 95, 81
276, 241, 221, 209, 193, 162, 146, 115, 116, 117, 118, 97, 96, 95, 82
276, 241, 221, 209, 193, 162, 146, 115, 116, 117, 118, 97, 96, 95, 83
276, 277, 245, 246, 247, 225, 213, 214, 176, 177, 154, 141, 122, 94, 84
276, 277, 245, 246, 247, 225, 213, 214, 176, 177, 154, 141, 122, 94, 85
276, 277, 245, 246, 247, 225, 213, 214, 176, 177, 154, 141, 122, 94, 93, 92, 86
276, 275, 243, 220, 208, 192, 164, 151, 132, 104, 72, 71, 70, 69, 90, 89, 88, 87
276, 275, 243, 220, 208, 192, 164, 151, 132, 104, 72, 71, 70, 69, 90, 89, 88
276, 275, 243, 220, 208, 192, 164, 151, 132, 104, 72, 71, 70, 69, 90, 89
276, 275, 243, 220, 208, 192, 164, 151, 132, 104, 72, 71, 70, 69, 90
276, 277, 245, 246, 247, 225, 213, 214, 176, 177, 154, 141, 122, 94, 93, 92, 91
276, 277, 245, 246, 247, 225, 213, 214, 176, 177, 154, 141, 122, 94, 93, 92
276, 277, 245, 246, 247, 225, 213, 214, 176, 177, 154, 141, 122, 94, 93
276, 277, 245, 246, 247, 225, 213, 214, 176, 177, 154, 141, 122, 94
276, 241, 221, 209, 193, 162, 146, 115, 116, 117, 118, 97, 96, 95
276, 241, 221, 209, 193, 162, 146, 115, 116, 117, 118, 97, 96
276, 241, 221, 209, 193, 162, 146, 115, 116, 117, 118, 97
276, 241, 221, 209, 193, 162, 146, 115, 99, 98
276, 241, 221, 209, 193, 162, 146, 115, 99
