317, 297, 279, 280, 247, 225, 213, 175, 158, 143, 119, 97, 80, 50, 43, 0
317, 297, 279, 280, 247, 225, 213, 175, 158, 143, 119, 97, 80, 50, 43, 1
317, 296, 278, 245, 222, 210, 194, 162, 146, 115, 99, 77, 53, 46, 45, 44, 2
317, 297, 279, 280, 247, 225, 213, 175, 158, 143, 119, 97, 80, 50, 43, 3
317, 297, 279, 280, 247, 225, 213, 175, 158, 143, 119, 97, 80, 50, 43, 4
317, 297, 279, 280, 247, 225, 213, 214, 176, 177, 154, 141, 122, 94, 85, 47, 41, 42, 5
317, 297, 279, 280, 247, 225, 213, 214, 176, 177, 154, 141, 122, 94, 85, 47, 41, 6
317, 297, 279, 280, 247, 225, 213, 214, 176, 177, 154, 141, 122, 94, 85, 47, 41, 7
317, 297, 279, 280, 247, 225, 213, 214, 176, 177, 154, 141, 122, 94, 85, 47, 41, 7, 8
317, 297, 279, 280, 247, 225, 213, 214, 176, 177, 154, 141, 122, 94, 93, 92, 86, 68, 38, 9
317, 297, 279, 280, 247, 225, 213, 214, 176, 177, 154, 141, 122, 94, 93, 92, 86, 68, 38, 9, 10
317, 318, 295, 275, 243, 220, 208, 192, 164, 151, 132, 104, 72, 71, 62, 63, 34, 35, 36, 11
317, 318, 295, 275, 243, 220, 208, 192, 164, 151, 132, 104, 72, 71, 62, 63, 34, 35, 12
317, 318, 295, 275, 243, 220, 208, 192, 164, 151, 132, 104, 72, 71, 62, 63, 33, 13
317, 318, 295, 275, 243, 220, 208, 192, 164, 151, 132, 104, 72, 71, 62, 32, 15, 14
317, 318, 295, 275, 243, 220, 208, 192, 164, 151, 132, 104, 72, 71, 62, 32, 15
317, 318, 295, 275, 243, 220, 208, 192, 164, 151, 132, 104, 72, 71, 62, 32, 16
317, 296, 278, 245, 222, 210, 194, 162, 163, 149, 133, 103, 73, 60, 30, 18, 17
317, 296, 278, 245, 222, 210, 194, 162, 163, 149, 133, 103, 73, 60, 30, 18
317, 296, 278, 245, 222, 210, 194, 162, 147, 113, 101, 75, 74, 59, 28, 20, 19
317, 296, 278, 245, 222, 210, 194, 162, 147, 113, 101, 75, 74, 59, 28, 20
317, 296, 278, 245, 222, 210, 194, 162, 147, 113, 101, 75, 57, 27, 21
317, 296, 278, 245, 222, 210, 194, 162, 147, 113, 101, 75, 57, 27, 21, 22
317, 296, 278, 245, 222, 210, 194, 162, 146, 115, 99, 76, 54, 26, 23
317, 296, 278, 245, 222, 210, 194, 162, 146, 115, 99, 77, 53, 46, 24
317, 296, 278, 245, 222, 210, 194, 162, 146, 115, 99, 76, 54, 26, 25
317, 296, 278, 245, 222, 210, 194, 162, 146, 115, 99, 76, 54, 26
317, 296, 278, 245, 222, 210, 194, 162, 147, 113, 101, 75, 57, 27
317, 296, 278, 245, 222, 210, 194, 162, 147, 113, 101, 75, 74, 59, 28
317, 296, 278, 245, 222, 210, 194, 162, 147, 113, 101, 75, 74, 59, 28, 29
317, 296, 278, 245, 222, 210, 194, 162, 163, 149, 133, 103, 73, 60, 30
317, 296, 278, 245, 222, 210, 194, 162, 163, 149, 133, 103, 73, 60, 30, 31
317, 318, 295, 275, 243, 220, 208, 192, 164, 151, 132, 104, 72, 71, 62, 32
317, 318, 295, 275, 243, 220, 208, 192, 164, 151, 132, 104, 72, 71, 62, 63, 33
317, 318, 295, 275, 243, 220, 208, 192, 164, 151, 132, 104, 72, 71, 62, 63, 34
317, 318, 295, 275, 243, 220, 208, 192, 164, 151, 132, 104, 72, 71, 62, 63, 34, 35
317, 318, 295, 275, 243, 220, 208, 192, 164, 151, 132, 104, 72, 71, 62, 63, 34, 35, 36
317, 297, 279, 280, 247, 225, 213, 214, 176, 177, 154, 141, 122, 94, 93, 92, 86, 68, 67, 37
317, 297, 279, 280, 247, 225, 213, 214, 176, 177, 154, 141, 122, 94, 93, 92, 86, 68, 38
317, 297, 279, 280, 247, 225, 213, 214, 176, 177, 154, 141, 122, 94, 93, 92, 86, 68, 39
317, 297, 279, 280, 247, 225, 213, 214, 176, 177, 154, 141, 122, 94, 93, 92, 86, 68, 40
317, 297, 279, 280, 247, 225, 213, 214, 176, 177, 154, 141, 122, 94, 85, 47, 41
317, 297, 279, 280, 247, 225, 213, 214, 176, 177, 154, 141, 122, 94, 85, 47, 41, 42
317, 297, 279, 280, 247, 225, 213, 175, 158, 143, 119, 97, 80, 50, 43
317, 296, 278, 245, 222, 210, 194, 162, 146, 115, 99, 77, 53, 46, 45, 44
317, 296, 278, 245, 222, 210, 194, 162, 146, 115, 99, 77, 53, 46, 45
317, 296, 278, 245, 222, 210, 194, 162, 146, 115, 99, 77, 53, 46
317, 297, 279, 280, 247, 225, 213, 214, 176, 177, 154, 141, 122, 94, 85, 47
317, 297, 279, 280, 247, 225, 213, 175, 158, 143, 119, 97, 96, 95, 82, 48
317, 297, 279, 280, 247, 225, 213, 175, 158, 143, 119, 97, 80, 49
317, 297, 279, 280, 247, 225, 213, 175, 158, 143, 119, 97, 80, 50
317, 297, 279, 280, 247, 225, 213, 175, 158, 143, 119, 97, 80, 51
317, 296, 278, 245, 222, 210, 194, 162, 146, 115, 99, 77, 53, 52
317, 296, 278, 245, 222, 210, 194, 162, 146, 115, 99, 77, 53
317, 296, 278, 245, 222, 210, 194, 162, 146, 115, 99, 76, 54
317, 296, 278, 245, 222, 210, 194, 162, 147, 113, 101, 75, 56, 55
317, 296, 278, 245, 222, 210, 194, 162, 147, 113, 101, 75, 56
317, 296, 278, 245, 222, 210, 194, 162, 147, 113, 101, 75, 57
317, 296, 278, 245, 222, 210, 194, 162, 147, 113, 101, 75, 74, 58
317, 296, 278, 245, 222, 210, 194, 162, 147, 113, 101, 75, 74, 59
317, 296, 278, 245, 222, 210, 194, 162, 163, 149, 133, 103, 73, 60
317, 296, 278, 245, 222, 210, 194, 162, 163, 149, 133, 103, 73, 61
317, 318, 295, 275, 243, 220, 208, 192, 164, 151, 132, 104, 72, 71, 62
317, 318, 295, 275, 243, 220, 208, 192, 164, 151, 132, 104, 72, 71, 62, 63
317, 318, 295, 275, 243, 220, 208, 192, 164, 151, 132, 104, 72, 71, 62, 63, 64
317, 318, 295, 275, 243, 220, 208, 192, 164, 151, 132, 104, 72, 71, 70, 69, 90, 65
317, 297, 279, 280, 247, 225, 213, 214, 176, 177, 154, 141, 122, 94, 93, 92, 86, 68, 67, 66
317, 297, 279, 280, 247, 225, 213, 214, 176, 177, 154, 141, 122, 94, 93, 92, 86, 68, 67
317, 297, 279, 280, 247, 225, 213, 214, 176, 177, 154, 141, 122, 94, 93, 92, 86, 68
317, 318, 295, 275, 243, 220, 208, 192, 164, 151, 132, 104, 72, 71, 70, 69
317, 318, 295, 275, 243, 220, 208, 192, 164, 151, 132, 104, 72, 71, 70
317, 318, 295, 275, 243, 220, 208, 192, 164, 151, 132, 104, 72, 71
317, 318, 295, 275, 243, 220, 208, 192, 164, 151, 132, 104, 72
317, 296, 278, 245, 222, 210, 194, 162, 163, 149, 133, 103, 73
317, 296, 278, 245, 222, 210, 194, 162, 147, 113, 101, 75, 74
317, 296, 278, 245, 222, 210, 194, 162, 147, 113, 101, 75
317, 296, 278, 245, 222, 210, 194, 162, 146, 115, 99, 76
317, 296, 278, 245, 222, 210, 194, 162, 146, 115, 99, 77
317, 296, 278, 245, 222, 210, 194, 162, 146, 115, 99, 77, 78
317, 297, 279, 280, 247, 225, 213, 175, 158, 143, 119, 97, 79
317, 297, 279, 280, 247, 225, 213, 175, 158, 143, 119, 97, 80
317, 297, 279, 280, 247, 225, 213, 175, 158, 143, 119, 97, 96, 95, 81
317, 297, 279, 280, 247, 225, 213, 175, 158, 143, 119, 97, 96, 95, 82
317, 297, 279, 280, 247, 225, 213, 175, 158, 143, 119, 97, 96, 95, 83
317, 297, 279, 280, 247, 225, 213, 214, 176, 177, 154, 141, 122, 94, 84
317, 297, 279, 280, 247, 225, 213, 214, 176, 177, 154, 141, 122, 94, 85
317, 297, 279, 280, 247, 225, 213, 214, 176, 177, 154, 141, 122, 94, 93, 92, 86
317, 297, 279, 280, 247, 225, 213, 214, 176, 177, 154, 141, 122, 94, 93, 92, 86, 87
317, 297, 279, 280, 247, 225, 213, 214, 176, 177, 154, 141, 122, 94, 93, 92, 86, 87, 88
317, 318, 295, 275, 243, 220, 208, 192, 164, 151, 132, 104, 72, 71, 70, 69, 90, 89
317, 318, 295, 275, 243, 220, 208, 192, 164, 151, 132, 104, 72, 71, 70, 69, 90
317, 297, 279, 280, 247, 225, 213, 214, 176, 177, 154, 141, 122, 94, 93, 92, 91
317, 297, 279, 280, 247, 225, 213, 214, 176, 177, 154, 141, 122, 94, 93, 92
317, 297, 279, 280, 247, 225, 213, 214, 176, 177, 154, 141, 122, 94, 93
317, 297, 279, 280, 247, 225, 213, 214, 176, 177, 154, 141, 122, 94
317, 297, 279, 280, 247, 225, 213, 175, 158, 143, 119, 97, 96, 95
317, 297, 279, 280, 247, 225, 213, 175, 158, 143, 119, 97, 96
317, 297, 279, 280, 247, 225, 213, 175, 158, 143, 119, 97
317, 296, 278, 245, 222, 210, 194, 162, 146, 115, 99, 98
317, 296, 278, 245, 222, 210, 194, 162, 146, 115, 99
