371, 347, 314, 301, 281, 248, 226, 213, 175, 158, 143, 119, 97, 80, 50, 43, 0
371, 347, 314, 301, 281, 248, 226, 213, 175, 158, 143, 119, 97, 80, 50, 43, 1
371, 347, 314, 301, 281, 248, 226, 213, 175, 158, 143, 119, 97, 80, 51, 44, 2
371, 347, 314, 301, 281, 248, 226, 213, 175, 158, 143, 119, 97, 80, 50, 43, 3
371, 347, 314, 301, 281, 248, 226, 213, 175, 158, 143, 119, 97, 80, 50, 43, 4
371, 372, 373, 346, 312, 302, 283, 252, 228, 215, 178, 154, 141, 122, 94, 85, 47, 41, 42, 5
371, 372, 373, 346, 312, 302, 283, 252, 228, 215, 178, 154, 141, 122, 94, 85, 47, 41, 6
371, 372, 373, 346, 312, 302, 283, 252, 228, 215, 178, 154, 141, 122, 94, 85, 47, 41, 7
371, 372, 373, 346, 312, 302, 283, 252, 230, 217, 179, 174, 139, 123, 92, 86, 68, 40, 8
371, 372, 373, 346, 312, 302, 283, 252, 230, 217, 179, 174, 139, 123, 92, 86, 68, 38, 9
371, 372, 373, 346, 312, 302, 283, 252, 230, 217, 179, 174, 139, 123, 92, 86, 68, 38, 9, 10
371, 372, 373, 346, 312, 302, 283, 252, 230, 217, 179, 174, 139, 123, 92, 86, 68, 38, 9, 10, 11
371, 372, 373, 346, 312, 302, 283, 252, 230, 231, 197, 180, 173, 137, 125, 110, 109, 90, 64, 35, 12
371, 372, 373, 346, 312, 302, 283, 252, 230, 231, 197, 180, 173, 137, 125, 110, 109, 90, 64, 35, 34, 13
371, 372, 373, 346, 312, 302, 283, 252, 230, 231, 197, 180, 173, 137, 125, 110, 109, 90, 64, 63, 33, 14
371, 347, 314, 301, 281, 248, 247, 246, 245, 244, 243, 220, 208, 192, 164, 151, 132, 104, 72, 71, 62, 32, 15
371, 347, 314, 301, 281, 248, 247, 246, 245, 244, 243, 220, 208, 192, 164, 151, 132, 104, 72, 71, 62, 32, 16
371, 347, 314, 301, 281, 248, 226, 213, 212, 211, 195, 194, 162, 163, 149, 133, 103, 73, 60, 30, 18, 17
371, 347, 314, 301, 281, 248, 226, 213, 212, 211, 195, 194, 162, 163, 149, 133, 103, 73, 60, 30, 18
371, 347, 314, 301, 281, 248, 226, 213, 212, 211, 195, 194, 162, 147, 113, 101, 75, 74, 59, 28, 20, 19
371, 347, 314, 301, 281, 248, 226, 213, 212, 211, 195, 194, 162, 147, 113, 101, 75, 74, 59, 28, 20
371, 347, 314, 301, 281, 248, 226, 213, 212, 211, 195, 194, 162, 147, 113, 101, 75, 57, 27, 21
371, 347, 314, 301, 281, 248, 226, 213, 175, 158, 143, 118, 117, 116, 99, 76, 54, 26, 22
371, 347, 314, 301, 281, 248, 226, 213, 175, 158, 143, 118, 117, 98, 78, 53, 25, 23
371, 347, 314, 301, 281, 248, 226, 213, 175, 158, 143, 119, 97, 80, 51, 45, 24
371, 347, 314, 301, 281, 248, 226, 213, 175, 158, 143, 118, 117, 98, 78, 53, 25
371, 347, 314, 301, 281, 248, 226, 213, 175, 158, 143, 118, 117, 116, 99, 76, 54, 26
371, 347, 314, 301, 281, 248, 226, 213, 212, 211, 195, 194, 162, 147, 113, 101, 75, 57, 27
371, 347, 314, 301, 281, 248, 226, 213, 212, 211, 195, 194, 162, 147, 113, 101, 75, 74, 59, 28
371, 347, 314, 301, 281, 248, 226, 213, 212, 211, 195, 194, 162, 147, 113, 101, 75, 74, 59, 28, 29
371, 347, 314, 301, 281, 248, 226, 213, 212, 211, 195, 194, 162, 163, 149, 133, 103, 73, 60, 30
371, 347, 314, 301, 281, 248, 226, 213, 212, 211, 195, 194, 162, 163, 149, 133, 103, 73, 60, 30, 31
371, 347, 314, 301, 281, 248, 247, 246, 245, 244, 243, 220, 208, 192, 164, 151, 132, 104, 72, 71, 62, 32
371, 372, 373, 346, 312, 302, 283, 252, 230, 231, 197, 180, 173, 137, 125, 110, 109, 90, 64, 63, 33
371, 372, 373, 346, 312, 302, 283, 252, 230, 231, 197, 180, 173, 137, 125, 110, 109, 90, 64, 35, 34
371, 372, 373, 346, 312, 302, 283, 252, 230, 231, 197, 180, 173, 137, 125, 110, 109, 90, 64, 35
371, 372, 373, 346, 312, 302, 283, 252, 230, 231, 197, 180, 173, 137, 125, 110, 88, 89, 65, 36
371, 372, 373, 346, 312, 302, 283, 252, 230, 217, 179, 174, 139, 138, 124, 111, 87, 67, 37
371, 372, 373, 346, 312, 302, 283, 252, 230, 217, 179, 174, 139, 123, 92, 86, 68, 38
371, 372, 373, 346, 312, 302, 283, 252, 230, 217, 179, 174, 139, 123, 92, 86, 68, 39
371, 372, 373, 346, 312, 302, 283, 252, 230, 217, 179, 174, 139, 123, 92, 86, 68, 40
371, 372, 373, 346, 312, 302, 283, 252, 228, 215, 178, 154, 141, 122, 94, 85, 47, 41
371, 372, 373, 346, 312, 302, 283, 252, 228, 215, 178, 154, 141, 122, 94, 85, 47, 41, 42
371, 347, 314, 301, 281, 248, 226, 213, 175, 158, 143, 119, 97, 80, 50, 43
371, 347, 314, 301, 281, 248, 226, 213, 175, 158, 143, 119, 97, 80, 51, 44
371, 347, 314, 301, 281, 248, 226, 213, 175, 158, 143, 119, 97, 80, 51, 45
371, 347, 314, 301, 281, 248, 226, 213, 175, 158, 143, 119, 97, 80, 51, 45, 46
371, 372, 373, 346, 312, 302, 283, 252, 228, 215, 178, 154, 141, 122, 94, 85, 47
371, 372, 373, 346, 312, 302, 283, 252, 228, 215, 178, 154, 141, 122, 94, 85, 47, 48
371, 347, 314, 301, 281, 248, 226, 213, 175, 158, 143, 119, 97, 80, 49
371, 347, 314, 301, 281, 248, 226, 213, 175, 158, 143, 119, 97, 80, 50
371, 347, 314, 301, 281, 248, 226, 213, 175, 158, 143, 119, 97, 80, 51
371, 347, 314, 301, 281, 248, 226, 213, 175, 158, 143, 119, 97, 80, 51, 52
371, 347, 314, 301, 281, 248, 226, 213, 175, 158, 143, 118, 117, 98, 78, 53
371, 347, 314, 301, 281, 248, 226, 213, 175, 158, 143, 118, 117, 116, 99, 76, 54
371, 347, 314, 301, 281, 248, 226, 213, 175, 158, 143, 118, 117, 116, 99, 76, 55
371, 347, 314, 301, 281, 248, 226, 213, 212, 211, 195, 194, 162, 147, 113, 101, 75, 56
371, 347, 314, 301, 281, 248, 226, 213, 212, 211, 195, 194, 162, 147, 113, 101, 75, 57
371, 347, 314, 301, 281, 248, 226, 213, 212, 211, 195, 194, 162, 147, 113, 101, 75, 74, 58
371, 347, 314, 301, 281, 248, 226, 213, 212, 211, 195, 194, 162, 147, 113, 101, 75, 74, 59
371, 347, 314, 301, 281, 248, 226, 213, 212, 211, 195, 194, 162, 163, 149, 133, 103, 73, 60
371, 347, 314, 301, 281, 248, 226, 213, 212, 211, 195, 194, 162, 163, 149, 133, 103, 73, 61
371, 347, 314, 301, 281, 248, 247, 246, 245, 244, 243, 220, 208, 192, 164, 151, 132, 104, 72, 71, 62
371, 372, 373, 346, 312, 302, 283, 252, 230, 231, 197, 180, 173, 137, 125, 110, 109, 90, 64, 63
371, 372, 373, 346, 312, 302, 283, 252, 230, 231, 197, 180, 173, 137, 125, 110, 109, 90, 64
371, 372, 373, 346, 312, 302, 283, 252, 230, 231, 197, 180, 173, 137, 125, 110, 88, 89, 65
371, 372, 373, 346, 312, 302, 283, 252, 230, 217, 179, 174, 139, 138, 124, 111, 87, 67, 66
371, 372, 373, 346, 312, 302, 283, 252, 230, 217, 179, 174, 139, 138, 124, 111, 87, 67
371, 372, 373, 346, 312, 302, 283, 252, 230, 217, 179, 174, 139, 123, 92, 86, 68
371, 372, 373, 346, 312, 302, 283, 252, 230, 231, 197, 180, 173, 137, 125, 126, 127, 128, 107, 69
371, 372, 373, 346, 312, 302, 283, 252, 230, 231, 197, 180, 173, 137, 125, 126, 127, 128, 107, 69, 70
371, 347, 314, 301, 281, 248, 247, 246, 245, 244, 243, 220, 208, 192, 164, 151, 132, 104, 72, 71
371, 347, 314, 301, 281, 248, 247, 246, 245, 244, 243, 220, 208, 192, 164, 151, 132, 104, 72
371, 347, 314, 301, 281, 248, 226, 213, 212, 211, 195, 194, 162, 163, 149, 133, 103, 73
371, 347, 314, 301, 281, 248, 226, 213, 212, 211, 195, 194, 162, 147, 113, 101, 75, 74
371, 347, 314, 301, 281, 248, 226, 213, 212, 211, 195, 194, 162, 147, 113, 101, 75
371, 347, 314, 301, 281, 248, 226, 213, 175, 158, 143, 118, 117, 116, 99, 76
371, 347, 314, 301, 281, 248, 226, 213, 175, 158, 143, 118, 117, 98, 78, 77
371, 347, 314, 301, 281, 248, 226, 213, 175, 158, 143, 118, 117, 98, 78
371, 347, 314, 301, 281, 248, 226, 213, 175, 158, 143, 119, 97, 79
371, 347, 314, 301, 281, 248, 226, 213, 175, 158, 143, 119, 97, 80
371, 372, 373, 346, 312, 302, 283, 252, 228, 215, 178, 154, 141, 121, 95, 81
371, 372, 373, 346, 312, 302, 283, 252, 228, 215, 178, 154, 141, 121, 95, 82
371, 372, 373, 346, 312, 302, 283, 252, 228, 215, 178, 154, 141, 121, 95, 83
371, 372, 373, 346, 312, 302, 283, 252, 228, 215, 178, 154, 141, 122, 94, 84
371, 372, 373, 346, 312, 302, 283, 252, 228, 215, 178, 154, 141, 122, 94, 85
371, 372, 373, 346, 312, 302, 283, 252, 230, 217, 179, 174, 139, 123, 92, 86
371, 372, 373, 346, 312, 302, 283, 252, 230, 217, 179, 174, 139, 138, 124, 111, 87
371, 372, 373, 346, 312, 302, 283, 252, 230, 231, 197, 180, 173, 137, 125, 110, 88
371, 372, 373, 346, 312, 302, 283, 252, 230, 231, 197, 180, 173, 137, 125, 110, 88, 89
371, 372, 373, 346, 312, 302, 283, 252, 230, 231, 197, 180, 173, 137, 125, 110, 109, 90
371, 372, 373, 346, 312, 302, 283, 252, 230, 217, 179, 174, 139, 123, 92, 91
371, 372, 373, 346, 312, 302, 283, 252, 230, 217, 179, 174, 139, 123, 92
371, 372, 373, 346, 312, 302, 283, 252, 228, 215, 178, 154, 141, 122, 94, 93
371, 372, 373, 346, 312, 302, 283, 252, 228, 215, 178, 154, 141, 122, 94
371, 372, 373, 346, 312, 302, 283, 252, 228, 215, 178, 154, 141, 121, 95
371, 347, 314, 301, 281, 248, 226, 213, 175, 158, 143, 119, 97, 96
371, 347, 314, 301, 281, 248, 226, 213, 175, 158, 143, 119, 97
371, 347, 314, 301, 281, 248, 226, 213, 175, 158, 143, 118, 117, 98
371, 347, 314, 301, 281, 248, 226, 213, 175, 158, 143, 118, 117, 116, 99
