410, 383, 365, 333, 319, 294, 275, 241, 221, 209, 193, 162, 146, 115, 99, 77, 53, 46, 45, 44, 2, 1, 0
410, 383, 365, 333, 319, 294, 275, 241, 221, 209, 193, 162, 146, 115, 99, 77, 53, 46, 45, 44, 2, 1
410, 383, 365, 333, 319, 294, 275, 241, 221, 209, 193, 162, 146, 115, 99, 77, 53, 46, 45, 44, 2
410, 409, 408, 407, 385, 370, 350, 316, 300, 281, 248, 226, 213, 175, 158, 143, 119, 97, 80, 50, 43, 3
410, 409, 408, 407, 385, 370, 350, 316, 300, 281, 248, 226, 213, 175, 158, 143, 119, 97, 80, 50, 43, 4
410, 409, 408, 407, 385, 370, 350, 316, 300, 301, 282, 251, 228, 215, 178, 154, 141, 122, 94, 85, 47, 41, 42, 5
410, 409, 408, 407, 385, 370, 350, 316, 300, 301, 282, 251, 228, 215, 178, 154, 141, 122, 94, 85, 47, 41, 6
410, 409, 408, 407, 385, 370, 350, 316, 300, 301, 282, 251, 228, 215, 178, 154, 141, 122, 94, 85, 47, 41, 7
410, 409, 408, 407, 385, 370, 349, 348, 314, 313, 302, 283, 252, 230, 217, 179, 174, 139, 123, 92, 86, 68, 40, 8
410, 409, 408, 407, 385, 370, 349, 348, 314, 313, 302, 283, 252, 230, 217, 179, 174, 139, 123, 92, 86, 68, 38, 9
410, 383, 382, 381, 363, 336, 323, 324, 290, 272, 261, 239, 203, 188, 168, 153, 128, 127, 109, 110, 88, 66, 37, 10
410, 383, 382, 381, 363, 336, 323, 291, 273, 262, 240, 205, 189, 167, 152, 130, 106, 69, 63, 34, 35, 36, 11
410, 383, 382, 381, 363, 336, 323, 291, 273, 262, 240, 205, 189, 167, 152, 130, 106, 69, 63, 34, 35, 12
410, 383, 382, 381, 363, 336, 323, 291, 273, 262, 240, 205, 189, 167, 152, 130, 106, 69, 63, 33, 13
410, 383, 382, 381, 363, 336, 323, 291, 273, 262, 240, 205, 189, 167, 152, 130, 106, 69, 63, 33, 14
410, 383, 382, 381, 363, 336, 323, 291, 273, 262, 240, 205, 189, 167, 152, 131, 105, 71, 62, 32, 15
410, 383, 382, 381, 363, 336, 323, 291, 273, 262, 240, 205, 189, 167, 152, 131, 105, 71, 62, 32, 16
410, 383, 365, 333, 319, 294, 275, 243, 220, 208, 192, 164, 150, 133, 103, 73, 60, 30, 18, 17
410, 383, 365, 333, 319, 294, 275, 243, 220, 208, 192, 164, 150, 133, 103, 73, 60, 30, 18
410, 383, 365, 333, 319, 294, 275, 243, 220, 208, 192, 164, 150, 133, 103, 73, 60, 30, 19
410, 383, 365, 333, 319, 294, 275, 243, 220, 208, 192, 164, 150, 133, 103, 73, 60, 29, 20
410, 383, 365, 333, 319, 294, 275, 241, 221, 209, 193, 162, 147, 113, 101, 75, 57, 27, 21
410, 383, 365, 333, 319, 294, 275, 241, 221, 209, 193, 162, 147, 113, 101, 75, 57, 27, 21, 22
410, 383, 365, 333, 319, 294, 275, 241, 221, 209, 193, 162, 146, 115, 99, 76, 54, 26, 23
410, 383, 365, 333, 319, 294, 275, 241, 221, 209, 193, 162, 146, 115, 99, 77, 53, 46, 24
410, 383, 365, 333, 319, 294, 275, 241, 221, 209, 193, 162, 146, 115, 99, 76, 54, 26, 25
410, 383, 365, 333, 319, 294, 275, 241, 221, 209, 193, 162, 146, 115, 99, 76, 54, 26
410, 383, 365, 333, 319, 294, 275, 241, 221, 209, 193, 162, 147, 113, 101, 75, 57, 27
410, 383, 365, 333, 319, 294, 275, 243, 220, 208, 192, 164, 150, 133, 103, 73, 60, 29, 28
410, 383, 365, 333, 319, 294, 275, 243, 220, 208, 192, 164, 150, 133, 103, 73, 60, 29
410, 383, 365, 333, 319, 294, 275, 243, 220, 208, 192, 164, 150, 133, 103, 73, 60, 30
410, 383, 365, 333, 319, 294, 275, 243, 220, 208, 192, 164, 150, 133, 103, 73, 60, 30, 31
410, 383, 382, 381, 363, 336, 323, 291, 273, 262, 240, 205, 189, 167, 152, 131, 105, 71, 62, 32
410, 383, 382, 381, 363, 336, 323, 291, 273, 262, 240, 205, 189, 167, 152, 130, 106, 69, 63, 33
410, 383, 382, 381, 363, 336, 323, 291, 273, 262, 240, 205, 189, 167, 152, 130, 106, 69, 63, 34
410, 383, 382, 381, 363, 336, 323, 291, 273, 262, 240, 205, 189, 167, 152, 130, 106, 69, 63, 34, 35
410, 383, 382, 381, 363, 336, 323, 291, 273, 262, 240, 205, 189, 167, 152, 130, 106, 69, 63, 34, 35, 36
410, 383, 382, 381, 363, 336, 323, 324, 290, 272, 261, 239, 203, 188, 168, 153, 128, 127, 109, 110, 88, 66, 37
410, 409, 408, 407, 385, 370, 349, 348, 314, 313, 302, 283, 252, 230, 217, 179, 174, 139, 123, 92, 86, 68, 38
410, 409, 408, 407, 385, 370, 349, 348, 314, 313, 302, 283, 252, 230, 217, 179, 174, 139, 123, 92, 86, 68, 39
410, 409, 408, 407, 385, 370, 349, 348, 314, 313, 302, 283, 252, 230, 217, 179, 174, 139, 123, 92, 86, 68, 40
410, 409, 408, 407, 385, 370, 350, 316, 300, 301, 282, 251, 228, 215, 178, 154, 141, 122, 94, 85, 47, 41
410, 409, 408, 407, 385, 370, 350, 316, 300, 301, 282, 251, 228, 215, 178, 154, 141, 122, 94, 85, 47, 41, 42
410, 409, 408, 407, 385, 370, 350, 316, 300, 281, 248, 226, 213, 175, 158, 143, 119, 97, 80, 50, 43
410, 383, 365, 333, 319, 294, 275, 241, 221, 209, 193, 162, 146, 115, 99, 77, 53, 46, 45, 44
410, 383, 365, 333, 319, 294, 275, 241, 221, 209, 193, 162, 146, 115, 99, 77, 53, 46, 45
410, 383, 365, 333, 319, 294, 275, 241, 221, 209, 193, 162, 146, 115, 99, 77, 53, 46
410, 409, 408, 407, 385, 370, 350, 316, 300, 301, 282, 251, 228, 215, 178, 154, 141, 122, 94, 85, 47
410, 409, 408, 407, 385, 370, 350, 316, 300, 301, 282, 251, 228, 215, 178, 154, 141, 122, 94, 85, 47, 48
410, 409, 408, 407, 385, 370, 350, 316, 300, 281, 248, 226, 213, 175, 158, 143, 119, 97, 80, 49
410, 409, 408, 407, 385, 370, 350, 316, 300, 281, 248, 226, 213, 175, 158, 143, 119, 97, 80, 50
410, 383, 365, 333, 319, 294, 275, 241, 221, 209, 193, 162, 146, 115, 99, 77, 53, 52, 51
410, 383, 365, 333, 319, 294, 275, 241, 221, 209, 193, 162, 146, 115, 99, 77, 53, 52
410, 383, 365, 333, 319, 294, 275, 241, 221, 209, 193, 162, 146, 115, 99, 77, 53
410, 383, 365, 333, 319, 294, 275, 241, 221, 209, 193, 162, 146, 115, 99, 76, 54
410, 383, 365, 333, 319, 294, 275, 241, 221, 209, 193, 162, 147, 113, 101, 75, 56, 55
410, 383, 365, 333, 319, 294, 275, 241, 221, 209, 193, 162, 147, 113, 101, 75, 56
410, 383, 365, 333, 319, 294, 275, 241, 221, 209, 193, 162, 147, 113, 101, 75, 57
410, 383, 365, 333, 319, 294, 275, 241, 221, 209, 193, 162, 147, 113, 101, 75, 74, 58
410, 383, 365, 333, 319, 294, 275, 241, 221, 209, 193, 162, 147, 113, 101, 75, 74, 59
410, 383, 365, 333, 319, 294, 275, 243, 220, 208, 192, 164, 150, 133, 103, 73, 60
410, 383, 365, 333, 319, 294, 275, 243, 220, 208, 192, 164, 150, 133, 103, 73, 61
410, 383, 382, 381, 363, 336, 323, 291, 273, 262, 240, 205, 189, 167, 152, 131, 105, 71, 62
410, 383, 382, 381, 363, 336, 323, 291, 273, 262, 240, 205, 189, 167, 152, 130, 106, 69, 63
410, 383, 382, 381, 363, 336, 323, 291, 273, 262, 240, 205, 189, 167, 152, 130, 106, 69, 63, 64
410, 383, 382, 381, 363, 336, 323, 324, 290, 272, 261, 239, 203, 188, 168, 153, 128, 127, 108, 90, 65
410, 383, 382, 381, 363, 336, 323, 324, 290, 272, 261, 239, 203, 188, 168, 153, 128, 127, 109, 110, 88, 66
410, 383, 382, 381, 363, 336, 323, 324, 290, 272, 261, 239, 203, 188, 168, 153, 128, 127, 109, 110, 88, 66, 67
410, 409, 408, 407, 385, 370, 349, 348, 314, 313, 302, 283, 252, 230, 217, 179, 174, 139, 123, 92, 86, 68
410, 383, 382, 381, 363, 336, 323, 291, 273, 262, 240, 205, 189, 167, 152, 130, 106, 69
410, 383, 382, 381, 363, 336, 323, 291, 273, 262, 240, 205, 189, 167, 152, 130, 106, 70
410, 383, 382, 381, 363, 336, 323, 291, 273, 262, 240, 205, 189, 167, 152, 131, 105, 71
410, 383, 365, 333, 319, 294, 275, 243, 220, 208, 192, 164, 151, 132, 104, 72
410, 383, 365, 333, 319, 294, 275, 243, 220, 208, 192, 164, 150, 133, 103, 73
410, 383, 365, 333, 319, 294, 275, 241, 221, 209, 193, 162, 147, 113, 101, 75, 74
410, 383, 365, 333, 319, 294, 275, 241, 221, 209, 193, 162, 147, 113, 101, 75
410, 383, 365, 333, 319, 294, 275, 241, 221, 209, 193, 162, 146, 115, 99, 76
410, 383, 365, 333, 319, 294, 275, 241, 221, 209, 193, 162, 146, 115, 99, 77
410, 383, 365, 333, 319, 294, 275, 241, 221, 209, 193, 162, 146, 115, 99, 77, 78
410, 383, 365, 333, 319, 294, 275, 241, 221, 209, 193, 162, 146, 115, 99, 77, 78, 79
410, 409, 408, 407, 385, 370, 350, 316, 300, 281, 248, 226, 213, 175, 158, 143, 119, 97, 80
410, 409, 408, 407, 385, 370, 350, 316, 300, 301, 282, 251, 228, 215, 178, 154, 141, 121, 95, 81
410, 409, 408, 407, 385, 370, 350, 316, 300, 301, 282, 251, 228, 215, 178, 154, 141, 121, 95, 82
410, 409, 408, 407, 385, 370, 350, 316, 300, 301, 282, 251, 228, 215, 178, 154, 141, 121, 95, 83
410, 409, 408, 407, 385, 370, 350, 316, 300, 301, 282, 251, 228, 215, 178, 154, 141, 122, 94, 84
410, 409, 408, 407, 385, 370, 350, 316, 300, 301, 282, 251, 228, 215, 178, 154, 141, 122, 94, 85
410, 409, 408, 407, 385, 370, 349, 348, 314, 313, 302, 283, 252, 230, 217, 179, 174, 139, 123, 92, 86
410, 383, 382, 381, 363, 336, 323, 324, 290, 272, 261, 239, 203, 188, 168, 153, 128, 127, 109, 110, 111, 87
410, 383, 382, 381, 363, 336, 323, 324, 290, 272, 261, 239, 203, 188, 168, 153, 128, 127, 109, 110, 88
410, 383, 382, 381, 363, 336, 323, 324, 290, 272, 261, 239, 203, 188, 168, 153, 128, 127, 109, 89
410, 383, 382, 381, 363, 336, 323, 324, 290, 272, 261, 239, 203, 188, 168, 153, 128, 127, 108, 90
410, 409, 408, 407, 385, 370, 349, 348, 314, 313, 302, 283, 252, 230, 217, 179, 174, 139, 123, 92, 91
410, 409, 408, 407, 385, 370, 349, 348, 314, 313, 302, 283, 252, 230, 217, 179, 174, 139, 123, 92
410, 409, 408, 407, 385, 370, 350, 316, 300, 301, 282, 251, 228, 215, 178, 154, 141, 122, 94, 93
410, 409, 408, 407, 385, 370, 350, 316, 300, 301, 282, 251, 228, 215, 178, 154, 141, 122, 94
410, 409, 408, 407, 385, 370, 350, 316, 300, 301, 282, 251, 228, 215, 178, 154, 141, 121, 95
410, 409, 408, 407, 385, 370, 350, 316, 300, 281, 248, 226, 213, 175, 158, 143, 119, 97, 96
410, 409, 408, 407, 385, 370, 350, 316, 300, 281, 248, 226, 213, 175, 158, 143, 119, 97
410, 383, 365, 333, 319, 294, 275, 241, 221, 209, 193, 162, 146, 115, 99, 98
410, 383, 365, 333, 319, 294, 275, 241, 221, 209, 193, 162, 146, 115, 99
