590, 571, 550, 542, 519, 487, 466, 447, 427, 411, 382, 365, 333, 319, 294, 275, 241, 221, 209, 193, 162, 146, 115, 99, 77, 53, 46, 45, 44, 2, 1, 0
590, 571, 550, 542, 519, 487, 466, 447, 427, 411, 382, 365, 333, 319, 294, 275, 241, 221, 209, 193, 162, 146, 115, 99, 77, 53, 46, 45, 44, 2, 1
590, 571, 550, 542, 519, 487, 466, 447, 427, 411, 382, 365, 333, 319, 294, 275, 241, 221, 209, 193, 162, 146, 115, 99, 77, 53, 46, 45, 44, 2
590, 571, 550, 551, 522, 521, 485, 484, 470, 443, 430, 406, 386, 370, 350, 316, 300, 281, 248, 226, 213, 175, 158, 143, 119, 97, 80, 50, 43, 3
590, 571, 550, 551, 522, 521, 485, 484, 470, 443, 430, 406, 386, 370, 350, 316, 300, 281, 248, 226, 213, 175, 158, 143, 119, 97, 80, 50, 43, 4
590, 571, 550, 551, 522, 521, 485, 484, 470, 443, 430, 406, 386, 370, 350, 316, 300, 301, 282, 251, 228, 215, 178, 154, 141, 122, 94, 85, 47, 41, 42, 5
590, 571, 550, 551, 522, 521, 485, 484, 470, 443, 430, 406, 386, 370, 350, 316, 300, 301, 282, 251, 228, 215, 178, 154, 141, 122, 94, 85, 47, 41, 6
590, 571, 550, 551, 522, 521, 485, 484, 470, 443, 430, 406, 386, 370, 350, 316, 300, 301, 282, 251, 228, 215, 178, 154, 141, 122, 94, 85, 47, 41, 7
590, 571, 572, 549, 539, 517, 516, 491, 492, 463, 449, 423, 415, 377, 360, 338, 326, 289, 271, 259, 236, 202, 186, 169, 134, 127, 109, 110, 111, 87, 68, 40, 8
590, 571, 572, 549, 539, 517, 516, 491, 492, 463, 449, 423, 415, 377, 360, 338, 326, 289, 271, 259, 236, 202, 186, 169, 134, 127, 109, 110, 88, 66, 37, 10, 9
590, 571, 572, 549, 539, 517, 516, 491, 492, 463, 449, 423, 415, 377, 360, 338, 326, 289, 271, 259, 236, 202, 186, 169, 134, 127, 109, 110, 88, 66, 37, 10
590, 571, 550, 542, 519, 487, 466, 447, 448, 425, 413, 380, 363, 336, 323, 291, 273, 262, 240, 205, 189, 167, 152, 130, 106, 69, 63, 34, 35, 36, 11
590, 571, 550, 542, 519, 487, 466, 447, 448, 425, 413, 380, 363, 336, 323, 291, 273, 262, 240, 205, 189, 167, 152, 130, 106, 69, 63, 34, 35, 12
590, 571, 550, 542, 519, 487, 466, 447, 448, 425, 413, 380, 363, 336, 323, 291, 273, 262, 240, 205, 189, 167, 152, 130, 106, 69, 63, 33, 13
590, 571, 550, 542, 519, 487, 466, 447, 448, 425, 413, 380, 363, 336, 323, 291, 273, 262, 240, 205, 189, 167, 152, 130, 106, 69, 63, 33, 14
590, 571, 550, 542, 519, 487, 466, 447, 448, 425, 413, 380, 363, 336, 323, 291, 273, 262, 240, 205, 189, 167, 152, 131, 105, 71, 62, 32, 15
590, 571, 550, 542, 519, 487, 466, 447, 448, 425, 413, 380, 363, 336, 323, 291, 273, 262, 240, 205, 189, 167, 152, 131, 105, 71, 62, 32, 16
590, 571, 550, 542, 519, 487, 466, 447, 448, 425, 413, 380, 363, 336, 323, 291, 273, 262, 240, 205, 189, 167, 152, 131, 105, 71, 62, 32, 17
590, 571, 550, 542, 519, 487, 466, 447, 427, 411, 382, 365, 333, 319, 294, 275, 243, 220, 208, 192, 164, 150, 133, 103, 73, 60, 30, 18
590, 571, 550, 542, 519, 487, 466, 447, 427, 411, 382, 365, 333, 319, 294, 275, 243, 220, 208, 192, 164, 150, 133, 103, 73, 60, 30, 19
590, 571, 550, 542, 519, 487, 466, 447, 427, 411, 382, 365, 333, 319, 294, 275, 243, 220, 208, 192, 164, 150, 133, 103, 73, 60, 29, 20
590, 571, 550, 542, 519, 487, 466, 447, 427, 411, 382, 365, 333, 319, 294, 275, 241, 221, 209, 193, 162, 147, 113, 101, 75, 57, 27, 21
590, 571, 550, 542, 519, 487, 466, 447, 427, 411, 382, 365, 333, 319, 294, 275, 241, 221, 209, 193, 162, 147, 113, 101, 75, 57, 27, 21, 22
590, 571, 550, 542, 519, 487, 466, 447, 427, 411, 382, 365, 333, 319, 294, 275, 241, 221, 209, 193, 162, 146, 115, 99, 76, 54, 26, 23
590, 571, 550, 542, 519, 487, 466, 447, 427, 411, 382, 365, 333, 319, 294, 275, 241, 221, 209, 193, 162, 146, 115, 99, 77, 53, 46, 24
590, 571, 550, 542, 519, 487, 466, 447, 427, 411, 382, 365, 333, 319, 294, 275, 241, 221, 209, 193, 162, 146, 115, 99, 76, 54, 26, 25
590, 571, 550, 542, 519, 487, 466, 447, 427, 411, 382, 365, 333, 319, 294, 275, 241, 221, 209, 193, 162, 146, 115, 99, 76, 54, 26
590, 571, 550, 542, 519, 487, 466, 447, 427, 411, 382, 365, 333, 319, 294, 275, 241, 221, 209, 193, 162, 147, 113, 101, 75, 57, 27
590, 571, 550, 542, 519, 487, 466, 447, 427, 411, 382, 365, 333, 319, 294, 275, 243, 220, 208, 192, 164, 150, 133, 103, 73, 60, 29, 28
590, 571, 550, 542, 519, 487, 466, 447, 427, 411, 382, 365, 333, 319, 294, 275, 243, 220, 208, 192, 164, 150, 133, 103, 73, 60, 29
590, 571, 550, 542, 519, 487, 466, 447, 427, 411, 382, 365, 333, 319, 294, 275, 243, 220, 208, 192, 164, 150, 133, 103, 73, 60, 30
590, 571, 550, 542, 519, 487, 466, 447, 448, 425, 413, 380, 363, 336, 323, 291, 273, 262, 240, 205, 189, 167, 152, 131, 105, 71, 62, 31
590, 571, 550, 542, 519, 487, 466, 447, 448, 425, 413, 380, 363, 336, 323, 291, 273, 262, 240, 205, 189, 167, 152, 131, 105, 71, 62, 32
590, 571, 550, 542, 519, 487, 466, 447, 448, 425, 413, 380, 363, 336, 323, 291, 273, 262, 240, 205, 189, 167, 152, 130, 106, 69, 63, 33
590, 571, 550, 542, 519, 487, 466, 447, 448, 425, 413, 380, 363, 336, 323, 291, 273, 262, 240, 205, 189, 167, 152, 130, 106, 69, 63, 34
590, 571, 550, 542, 519, 487, 466, 447, 448, 425, 413, 380, 363, 336, 323, 291, 273, 262, 240, 205, 189, 167, 152, 130, 106, 69, 63, 34, 35
590, 571, 550, 542, 519, 487, 466, 447, 448, 425, 413, 380, 363, 336, 323, 291, 273, 262, 240, 205, 189, 167, 152, 130, 106, 69, 63, 34, 35, 36
590, 571, 572, 549, 539, 517, 516, 491, 492, 463, 449, 423, 415, 377, 360, 338, 326, 289, 271, 259, 236, 202, 186, 169, 134, 127, 109, 110, 88, 66, 37
590, 571, 572, 549, 539, 517, 516, 491, 492, 463, 449, 423, 415, 377, 360, 338, 326, 289, 271, 259, 236, 202, 186, 169, 134, 127, 109, 110, 111, 87, 68, 38
590, 571, 572, 549, 539, 517, 516, 491, 492, 463, 449, 423, 415, 377, 360, 338, 326, 289, 271, 259, 236, 202, 186, 169, 134, 127, 109, 110, 111, 87, 68, 39
590, 571, 572, 549, 539, 517, 516, 491, 492, 463, 449, 423, 415, 377, 360, 338, 326, 289, 271, 259, 236, 202, 186, 169, 134, 127, 109, 110, 111, 87, 68, 40
590, 571, 550, 551, 522, 521, 485, 484, 470, 443, 430, 406, 386, 370, 350, 316, 300, 301, 282, 251, 228, 215, 178, 154, 141, 122, 94, 85, 47, 41
590, 571, 550, 551, 522, 521, 485, 484, 470, 443, 430, 406, 386, 370, 350, 316, 300, 301, 282, 251, 228, 215, 178, 154, 141, 122, 94, 85, 47, 41, 42
590, 571, 550, 551, 522, 521, 485, 484, 470, 443, 430, 406, 386, 370, 350, 316, 300, 281, 248, 226, 213, 175, 158, 143, 119, 97, 80, 50, 43
590, 571, 550, 542, 519, 487, 466, 447, 427, 411, 382, 365, 333, 319, 294, 275, 241, 221, 209, 193, 162, 146, 115, 99, 77, 53, 46, 45, 44
590, 571, 550, 542, 519, 487, 466, 447, 427, 411, 382, 365, 333, 319, 294, 275, 241, 221, 209, 193, 162, 146, 115, 99, 77, 53, 46, 45
590, 571, 550, 542, 519, 487, 466, 447, 427, 411, 382, 365, 333, 319, 294, 275, 241, 221, 209, 193, 162, 146, 115, 99, 77, 53, 46
590, 571, 550, 551, 522, 521, 485, 484, 470, 443, 430, 406, 386, 370, 350, 316, 300, 301, 282, 251, 228, 215, 178, 154, 141, 122, 94, 85, 47
590, 571, 550, 551, 522, 521, 485, 484, 470, 443, 430, 406, 386, 370, 350, 316, 300, 301, 282, 251, 228, 215, 178, 154, 141, 122, 94, 85, 47, 48
590, 571, 550, 551, 522, 521, 485, 484, 470, 443, 430, 406, 386, 370, 350, 316, 300, 281, 248, 226, 213, 175, 158, 143, 119, 97, 80, 49
590, 571, 550, 551, 522, 521, 485, 484, 470, 443, 430, 406, 386, 370, 350, 316, 300, 281, 248, 226, 213, 175, 158, 143, 119, 97, 80, 50
590, 571, 550, 542, 519, 487, 466, 447, 427, 411, 382, 365, 333, 319, 294, 275, 241, 221, 209, 193, 162, 146, 115, 99, 77, 53, 52, 51
590, 571, 550, 542, 519, 487, 466, 447, 427, 411, 382, 365, 333, 319, 294, 275, 241, 221, 209, 193, 162, 146, 115, 99, 77, 53, 52
590, 571, 550, 542, 519, 487, 466, 447, 427, 411, 382, 365, 333, 319, 294, 275, 241, 221, 209, 193, 162, 146, 115, 99, 77, 53
590, 571, 550, 542, 519, 487, 466, 447, 427, 411, 382, 365, 333, 319, 294, 275, 241, 221, 209, 193, 162, 146, 115, 99, 76, 54
590, 571, 550, 542, 519, 487, 466, 447, 427, 411, 382, 365, 333, 319, 294, 275, 241, 221, 209, 193, 162, 147, 113, 101, 75, 56, 55
590, 571, 550, 542, 519, 487, 466, 447, 427, 411, 382, 365, 333, 319, 294, 275, 241, 221, 209, 193, 162, 147, 113, 101, 75, 56
590, 571, 550, 542, 519, 487, 466, 447, 427, 411, 382, 365, 333, 319, 294, 275, 241, 221, 209, 193, 162, 147, 113, 101, 75, 57
590, 571, 550, 542, 519, 487, 466, 447, 427, 411, 382, 365, 333, 319, 294, 275, 241, 221, 209, 193, 162, 147, 113, 101, 75, 74, 58
590, 571, 550, 542, 519, 487, 466, 447, 427, 411, 382, 365, 333, 319, 294, 275, 241, 221, 209, 193, 162, 147, 113, 101, 75, 74, 59
590, 571, 550, 542, 519, 487, 466, 447, 427, 411, 382, 365, 333, 319, 294, 275, 243, 220, 208, 192, 164, 150, 133, 103, 73, 60
590, 571, 550, 542, 519, 487, 466, 447, 427, 411, 382, 365, 333, 319, 294, 275, 243, 220, 208, 192, 164, 150, 133, 103, 73, 61
590, 571, 550, 542, 519, 487, 466, 447, 448, 425, 413, 380, 363, 336, 323, 291, 273, 262, 240, 205, 189, 167, 152, 131, 105, 71, 62
590, 571, 550, 542, 519, 487, 466, 447, 448, 425, 413, 380, 363, 336, 323, 291, 273, 262, 240, 205, 189, 167, 152, 130, 106, 69, 63
590, 571, 550, 542, 519, 487, 466, 447, 448, 425, 413, 380, 363, 336, 323, 291, 273, 262, 240, 205, 189, 167, 152, 130, 106, 69, 63, 64
590, 571, 572, 549, 539, 517, 516, 491, 492, 463, 449, 423, 415, 377, 360, 338, 326, 289, 271, 259, 236, 202, 186, 169, 134, 127, 108, 90, 65
590, 571, 572, 549, 539, 517, 516, 491, 492, 463, 449, 423, 415, 377, 360, 338, 326, 289, 271, 259, 236, 202, 186, 169, 134, 127, 109, 110, 88, 66
590, 571, 572, 549, 539, 517, 516, 491, 492, 463, 449, 423, 415, 377, 360, 338, 326, 289, 271, 259, 236, 202, 186, 169, 134, 127, 109, 110, 88, 66, 67
590, 571, 572, 549, 539, 517, 516, 491, 492, 463, 449, 423, 415, 377, 360, 338, 326, 289, 271, 259, 236, 202, 186, 169, 134, 127, 109, 110, 111, 87, 68
590, 571, 550, 542, 519, 487, 466, 447, 448, 425, 413, 380, 363, 336, 323, 291, 273, 262, 240, 205, 189, 167, 152, 130, 106, 69
590, 571, 550, 542, 519, 487, 466, 447, 448, 425, 413, 380, 363, 336, 323, 291, 273, 262, 240, 205, 189, 167, 152, 130, 106, 70
590, 571, 550, 542, 519, 487, 466, 447, 448, 425, 413, 380, 363, 336, 323, 291, 273, 262, 240, 205, 189, 167, 152, 131, 105, 71
590, 571, 550, 542, 519, 487, 466, 447, 448, 425, 413, 380, 363, 336, 323, 291, 273, 262, 218, 206, 191, 165, 151, 132, 104, 72
590, 571, 550, 542, 519, 487, 466, 447, 427, 411, 382, 365, 333, 319, 294, 275, 243, 220, 208, 192, 164, 150, 133, 103, 73
590, 571, 550, 542, 519, 487, 466, 447, 427, 411, 382, 365, 333, 319, 294, 275, 241, 221, 209, 193, 162, 147, 113, 101, 75, 74
590, 571, 550, 542, 519, 487, 466, 447, 427, 411, 382, 365, 333, 319, 294, 275, 241, 221, 209, 193, 162, 147, 113, 101, 75
590, 571, 550, 542, 519, 487, 466, 447, 427, 411, 382, 365, 333, 319, 294, 275, 241, 221, 209, 193, 162, 146, 115, 99, 76
590, 571, 550, 542, 519, 487, 466, 447, 427, 411, 382, 365, 333, 319, 294, 275, 241, 221, 209, 193, 162, 146, 115, 99, 77
590, 571, 550, 542, 519, 487, 466, 447, 427, 411, 382, 365, 333, 319, 294, 275, 241, 221, 209, 193, 162, 146, 115, 99, 77, 78
590, 571, 550, 542, 519, 487, 466, 447, 427, 411, 382, 365, 333, 319, 294, 275, 241, 221, 209, 193, 162, 146, 115, 99, 77, 78, 79
590, 571, 550, 551, 522, 521, 485, 484, 470, 443, 430, 406, 386, 370, 350, 316, 300, 281, 248, 226, 213, 175, 158, 143, 119, 97, 80
590, 571, 550, 551, 522, 521, 485, 484, 470, 443, 430, 406, 386, 370, 350, 316, 300, 301, 282, 251, 228, 215, 178, 154, 141, 121, 95, 81
590, 571, 550, 551, 522, 521, 485, 484, 470, 443, 430, 406, 386, 370, 350, 316, 300, 301, 282, 251, 228, 215, 178, 154, 141, 121, 95, 82
590, 571, 550, 551, 522, 521, 485, 484, 470, 443, 430, 406, 386, 370, 350, 316, 300, 301, 282, 251, 228, 215, 178, 154, 141, 121, 95, 83
590, 571, 550, 551, 522, 521, 485, 484, 470, 443, 430, 406, 386, 370, 350, 316, 300, 301, 282, 251, 228, 215, 178, 154, 141, 122, 94, 84
590, 571, 550, 551, 522, 521, 485, 484, 470, 443, 430, 406, 386, 370, 350, 316, 300, 301, 282, 251, 228, 215, 178, 154, 141, 122, 94, 85
590, 571, 572, 549, 539, 517, 516, 491, 492, 463, 449, 423, 415, 377, 360, 338, 326, 289, 271, 259, 236, 202, 186, 169, 134, 127, 109, 110, 111, 87, 86
590, 571, 572, 549, 539, 517, 516, 491, 492, 463, 449, 423, 415, 377, 360, 338, 326, 289, 271, 259, 236, 202, 186, 169, 134, 127, 109, 110, 111, 87
590, 571, 572, 549, 539, 517, 516, 491, 492, 463, 449, 423, 415, 377, 360, 338, 326, 289, 271, 259, 236, 202, 186, 169, 134, 127, 109, 110, 88
590, 571, 572, 549, 539, 517, 516, 491, 492, 463, 449, 423, 415, 377, 360, 338, 326, 289, 271, 259, 236, 202, 186, 169, 134, 127, 109, 89
590, 571, 572, 549, 539, 517, 516, 491, 492, 463, 449, 423, 415, 377, 360, 338, 326, 289, 271, 259, 236, 202, 186, 169, 134, 127, 108, 90
590, 571, 572, 549, 539, 517, 516, 491, 492, 463, 449, 423, 415, 377, 360, 338, 326, 289, 271, 259, 236, 202, 201, 200, 184, 183, 182, 181, 173, 138, 124, 91
590, 571, 572, 549, 539, 517, 516, 491, 492, 463, 449, 423, 415, 377, 360, 338, 326, 289, 271, 259, 236, 202, 201, 200, 184, 183, 182, 181, 173, 138, 124, 91, 92
590, 571, 550, 551, 522, 521, 485, 484, 470, 443, 430, 406, 386, 370, 350, 316, 300, 301, 282, 251, 228, 215, 178, 154, 141, 122, 94, 93
590, 571, 550, 551, 522, 521, 485, 484, 470, 443, 430, 406, 386, 370, 350, 316, 300, 301, 282, 251, 228, 215, 178, 154, 141, 122, 94
590, 571, 550, 551, 522, 521, 485, 484, 470, 443, 430, 406, 386, 370, 350, 316, 300, 301, 282, 251, 228, 215, 178, 154, 141, 121, 95
590, 571, 550, 551, 522, 521, 485, 484, 470, 443, 430, 406, 386, 370, 350, 316, 300, 281, 248, 226, 213, 175, 158, 143, 119, 97, 96
590, 571, 550, 551, 522, 521, 485, 484, 470, 443, 430, 406, 386, 370, 350, 316, 300, 281, 248, 226, 213, 175, 158, 143, 119, 97
590, 571, 550, 542, 519, 487, 466, 447, 427, 411, 382, 365, 333, 319, 294, 275, 241, 221, 209, 193, 162, 146, 115, 99, 98
590, 571, 550, 542, 519, 487, 466, 447, 427, 411, 382, 365, 333, 319, 294, 275, 241, 221, 209, 193, 162, 146, 115, 99
