647, 646, 610, 611, 593, 567, 552, 523, 504, 484, 470, 443, 430, 406, 386, 370, 350, 316, 300, 281, 248, 226, 213, 175, 158, 143, 119, 97, 80, 50, 43, 0
647, 646, 610, 611, 593, 567, 552, 523, 504, 484, 470, 443, 430, 406, 386, 370, 350, 316, 300, 281, 248, 226, 213, 175, 158, 143, 119, 97, 80, 50, 43, 1
647, 646, 610, 611, 593, 567, 552, 523, 504, 484, 470, 443, 430, 406, 386, 370, 350, 316, 300, 281, 248, 226, 213, 175, 158, 143, 119, 97, 80, 51, 44, 2
647, 646, 610, 611, 593, 567, 552, 523, 504, 484, 470, 443, 430, 406, 386, 370, 350, 316, 300, 281, 248, 226, 213, 175, 158, 143, 119, 97, 80, 50, 43, 3
647, 646, 610, 611, 593, 567, 552, 523, 504, 484, 470, 443, 430, 406, 386, 370, 350, 316, 300, 281, 248, 226, 213, 175, 158, 143, 119, 97, 80, 50, 43, 4
647, 646, 610, 611, 593, 567, 552, 523, 504, 484, 470, 443, 430, 406, 386, 370, 350, 316, 300, 301, 282, 251, 228, 215, 178, 154, 141, 122, 94, 85, 47, 41, 42, 5
647, 646, 610, 611, 593, 567, 552, 523, 504, 484, 470, 443, 430, 406, 386, 370, 350, 316, 300, 301, 282, 251, 228, 215, 178, 154, 141, 122, 94, 85, 47, 41, 6
647, 646, 610, 611, 593, 567, 552, 523, 504, 484, 470, 443, 430, 406, 386, 370, 350, 316, 300, 301, 282, 251, 228, 215, 178, 154, 141, 122, 94, 85, 47, 41, 7
647, 646, 610, 611, 593, 567, 552, 523, 504, 484, 470, 443, 430, 406, 386, 370, 349, 348, 314, 313, 302, 283, 252, 230, 217, 179, 174, 139, 123, 92, 86, 68, 40, 8
647, 646, 610, 611, 593, 567, 552, 523, 504, 484, 470, 443, 430, 406, 386, 370, 349, 348, 314, 313, 302, 283, 252, 230, 217, 179, 174, 139, 123, 92, 86, 68, 38, 9
647, 609, 591, 569, 550, 549, 539, 517, 516, 491, 492, 463, 449, 423, 415, 377, 360, 338, 326, 289, 271, 259, 236, 202, 186, 169, 134, 127, 109, 110, 88, 66, 37, 10
647, 609, 591, 569, 550, 542, 519, 487, 466, 447, 448, 425, 413, 380, 363, 336, 323, 291, 273, 262, 240, 205, 189, 167, 152, 130, 106, 69, 63, 34, 35, 36, 11
647, 609, 591, 569, 550, 542, 519, 487, 466, 447, 448, 425, 413, 380, 363, 336, 323, 291, 273, 262, 240, 205, 189, 167, 152, 130, 106, 69, 63, 34, 35, 12
647, 609, 591, 569, 550, 542, 519, 487, 466, 447, 448, 425, 413, 380, 363, 336, 323, 291, 273, 262, 240, 205, 189, 167, 152, 130, 106, 69, 63, 33, 13
647, 609, 591, 569, 550, 542, 519, 487, 466, 447, 448, 425, 413, 380, 363, 336, 323, 291, 273, 262, 240, 205, 189, 167, 152, 130, 106, 69, 63, 33, 14
647, 609, 591, 569, 550, 542, 519, 487, 466, 447, 448, 425, 413, 380, 363, 336, 323, 291, 273, 262, 240, 205, 189, 167, 152, 131, 105, 71, 62, 32, 15
647, 609, 591, 569, 550, 542, 519, 487, 466, 447, 448, 425, 413, 380, 363, 336, 323, 291, 273, 262, 240, 205, 189, 167, 152, 131, 105, 71, 62, 32, 16
647, 609, 591, 569, 550, 542, 519, 487, 466, 447, 448, 425, 413, 380, 363, 336, 323, 291, 273, 262, 240, 205, 189, 167, 152, 131, 105, 71, 62, 32, 17
647, 609, 591, 569, 550, 542, 519, 487, 466, 447, 427, 411, 382, 365, 333, 319, 294, 275, 243, 220, 208, 192, 164, 150, 133, 103, 73, 60, 30, 18
647, 609, 591, 569, 550, 542, 519, 487, 466, 447, 427, 411, 382, 365, 333, 319, 294, 275, 243, 220, 208, 192, 164, 150, 133, 103, 73, 60, 30, 19
647, 609, 591, 569, 550, 542, 519, 487, 466, 447, 427, 411, 382, 365, 333, 319, 294, 275, 243, 220, 208, 192, 164, 150, 133, 103, 73, 60, 29, 20
647, 609, 591, 569, 550, 542, 519, 487, 466, 447, 427, 411, 382, 365, 333, 319, 294, 275, 241, 221, 209, 193, 162, 147, 113, 101, 75, 57, 27, 21
647, 609, 591, 569, 550, 542, 519, 487, 466, 447, 427, 411, 382, 365, 333, 319, 294, 275, 241, 221, 209, 193, 162, 147, 113, 101, 75, 57, 27, 21, 22
647, 609, 591, 569, 550, 542, 519, 487, 466, 447, 427, 411, 382, 365, 333, 319, 294, 275, 241, 221, 209, 193, 162, 146, 115, 99, 76, 54, 26, 23
647, 609, 591, 569, 550, 542, 519, 487, 466, 447, 427, 411, 382, 365, 333, 319, 294, 275, 241, 221, 209, 193, 162, 146, 115, 99, 77, 53, 46, 24
647, 609, 591, 569, 550, 542, 519, 487, 466, 447, 427, 411, 382, 365, 333, 319, 294, 275, 241, 221, 209, 193, 162, 146, 115, 99, 76, 54, 26, 25
647, 609, 591, 569, 550, 542, 519, 487, 466, 447, 427, 411, 382, 365, 333, 319, 294, 275, 241, 221, 209, 193, 162, 146, 115, 99, 76, 54, 26
647, 609, 591, 569, 550, 542, 519, 487, 466, 447, 427, 411, 382, 365, 333, 319, 294, 275, 241, 221, 209, 193, 162, 147, 113, 101, 75, 57, 27
647, 609, 591, 569, 550, 542, 519, 487, 466, 447, 427, 411, 382, 365, 333, 319, 294, 275, 243, 220, 208, 192, 164, 150, 133, 103, 73, 60, 29, 28
647, 609, 591, 569, 550, 542, 519, 487, 466, 447, 427, 411, 382, 365, 333, 319, 294, 275, 243, 220, 208, 192, 164, 150, 133, 103, 73, 60, 29
647, 609, 591, 569, 550, 542, 519, 487, 466, 447, 427, 411, 382, 365, 333, 319, 294, 275, 243, 220, 208, 192, 164, 150, 133, 103, 73, 60, 30
647, 609, 591, 569, 550, 542, 519, 487, 466, 447, 448, 425, 413, 380, 363, 336, 323, 291, 273, 262, 240, 205, 189, 167, 152, 131, 105, 71, 62, 31
647, 609, 591, 569, 550, 542, 519, 487, 466, 447, 448, 425, 413, 380, 363, 336, 323, 291, 273, 262, 240, 205, 189, 167, 152, 131, 105, 71, 62, 32
647, 609, 591, 569, 550, 542, 519, 487, 466, 447, 448, 425, 413, 380, 363, 336, 323, 291, 273, 262, 240, 205, 189, 167, 152, 130, 106, 69, 63, 33
647, 609, 591, 569, 550, 542, 519, 487, 466, 447, 448, 425, 413, 380, 363, 336, 323, 291, 273, 262, 240, 205, 189, 167, 152, 130, 106, 69, 63, 34
647, 609, 591, 569, 550, 542, 519, 487, 466, 447, 448, 425, 413, 380, 363, 336, 323, 291, 273, 262, 240, 205, 189, 167, 152, 130, 106, 69, 63, 34, 35
647, 609, 591, 569, 550, 542, 519, 487, 466, 447, 448, 425, 413, 380, 363, 336, 323, 291, 273, 262, 240, 205, 189, 167, 152, 130, 106, 69, 63, 34, 35, 36
647, 609, 591, 569, 550, 549, 539, 517, 516, 491, 492, 463, 449, 423, 415, 377, 360, 338, 326, 289, 271, 259, 236, 202, 186, 169, 134, 127, 109, 110, 88, 66, 37
647, 646, 610, 611, 593, 567, 552, 523, 504, 484, 470, 443, 430, 406, 386, 370, 349, 348, 314, 313, 302, 283, 252, 230, 217, 179, 174, 139, 123, 92, 86, 68, 38
647, 646, 610, 611, 593, 567, 552, 523, 504, 484, 470, 443, 430, 406, 386, 370, 349, 348, 314, 313, 302, 283, 252, 230, 217, 179, 174, 139, 123, 92, 86, 68, 39
647, 646, 610, 611, 593, 567, 552, 523, 504, 484, 470, 443, 430, 406, 386, 370, 349, 348, 314, 313, 302, 283, 252, 230, 217, 179, 174, 139, 123, 92, 86, 68, 40
647, 646, 610, 611, 593, 567, 552, 523, 504, 484, 470, 443, 430, 406, 386, 370, 350, 316, 300, 301, 282, 251, 228, 215, 178, 154, 141, 122, 94, 85, 47, 41
647, 646, 610, 611, 593, 567, 552, 523, 504, 484, 470, 443, 430, 406, 386, 370, 350, 316, 300, 301, 282, 251, 228, 215, 178, 154, 141, 122, 94, 85, 47, 41, 42
647, 646, 610, 611, 593, 567, 552, 523, 504, 484, 470, 443, 430, 406, 386, 370, 350, 316, 300, 281, 248, 226, 213, 175, 158, 143, 119, 97, 80, 50, 43
647, 646, 610, 611, 593, 567, 552, 523, 504, 484, 470, 443, 430, 406, 386, 370, 350, 316, 300, 281, 248, 226, 213, 175, 158, 143, 119, 97, 80, 51, 44
647, 646, 610, 611, 593, 567, 552, 523, 504, 484, 470, 443, 430, 406, 386, 370, 350, 316, 300, 281, 248, 226, 213, 175, 158, 143, 119, 97, 80, 51, 45
647, 609, 591, 569, 550, 542, 519, 487, 466, 447, 427, 411, 382, 365, 333, 319, 294, 275, 241, 221, 209, 193, 162, 146, 115, 99, 77, 53, 46
647, 646, 610, 611, 593, 567, 552, 523, 504, 484, 470, 443, 430, 406, 386, 370, 350, 316, 300, 301, 282, 251, 228, 215, 178, 154, 141, 122, 94, 85, 47
647, 646, 610, 611, 593, 567, 552, 523, 504, 484, 470, 443, 430, 406, 386, 370, 350, 316, 300, 301, 282, 251, 228, 215, 178, 154, 141, 122, 94, 85, 47, 48
647, 646, 610, 611, 593, 567, 552, 523, 504, 484, 470, 443, 430, 406, 386, 370, 350, 316, 300, 281, 248, 226, 213, 175, 158, 143, 119, 97, 80, 49
647, 646, 610, 611, 593, 567, 552, 523, 504, 484, 470, 443, 430, 406, 386, 370, 350, 316, 300, 281, 248, 226, 213, 175, 158, 143, 119, 97, 80, 50
647, 646, 610, 611, 593, 567, 552, 523, 504, 484, 470, 443, 430, 406, 386, 370, 350, 316, 300, 281, 248, 226, 213, 175, 158, 143, 119, 97, 80, 51
647, 609, 591, 569, 550, 542, 519, 487, 466, 447, 427, 411, 382, 365, 333, 319, 294, 275, 241, 221, 209, 193, 162, 146, 115, 99, 77, 53, 52
647, 609, 591, 569, 550, 542, 519, 487, 466, 447, 427, 411, 382, 365, 333, 319, 294, 275, 241, 221, 209, 193, 162, 146, 115, 99, 77, 53
647, 609, 591, 569, 550, 542, 519, 487, 466, 447, 427, 411, 382, 365, 333, 319, 294, 275, 241, 221, 209, 193, 162, 146, 115, 99, 76, 54
647, 609, 591, 569, 550, 542, 519, 487, 466, 447, 427, 411, 382, 365, 333, 319, 294, 275, 241, 221, 209, 193, 162, 147, 113, 101, 75, 56, 55
647, 609, 591, 569, 550, 542, 519, 487, 466, 447, 427, 411, 382, 365, 333, 319, 294, 275, 241, 221, 209, 193, 162, 147, 113, 101, 75, 56
647, 609, 591, 569, 550, 542, 519, 487, 466, 447, 427, 411, 382, 365, 333, 319, 294, 275, 241, 221, 209, 193, 162, 147, 113, 101, 75, 57
647, 609, 591, 569, 550, 542, 519, 487, 466, 447, 427, 411, 382, 365, 333, 319, 294, 275, 241, 221, 209, 193, 162, 147, 113, 101, 75, 74, 58
647, 609, 591, 569, 550, 542, 519, 487, 466, 447, 427, 411, 382, 365, 333, 319, 294, 275, 241, 221, 209, 193, 162, 147, 113, 101, 75, 74, 59
647, 609, 591, 569, 550, 542, 519, 487, 466, 447, 427, 411, 382, 365, 333, 319, 294, 275, 243, 220, 208, 192, 164, 150, 133, 103, 73, 60
647, 609, 591, 569, 550, 542, 519, 487, 466, 447, 427, 411, 382, 365, 333, 319, 294, 275, 243, 220, 208, 192, 164, 150, 133, 103, 73, 61
647, 609, 591, 569, 550, 542, 519, 487, 466, 447, 448, 425, 413, 380, 363, 336, 323, 291, 273, 262, 240, 205, 189, 167, 152, 131, 105, 71, 62
647, 609, 591, 569, 550, 542, 519, 487, 466, 447, 448, 425, 413, 380, 363, 336, 323, 291, 273, 262, 240, 205, 189, 167, 152, 130, 106, 69, 63
647, 609, 591, 569, 550, 542, 519, 487, 466, 447, 448, 425, 413, 380, 363, 336, 323, 291, 273, 262, 240, 205, 189, 167, 152, 130, 106, 69, 63, 64
647, 609, 591, 569, 550, 549, 539, 517, 516, 491, 492, 463, 449, 423, 415, 377, 360, 338, 326, 289, 271, 259, 236, 202, 186, 169, 134, 127, 108, 90, 65
647, 609, 591, 569, 550, 549, 539, 517, 516, 491, 492, 463, 449, 423, 415, 377, 360, 338, 326, 289, 271, 259, 236, 202, 186, 169, 134, 127, 109, 110, 88, 66
647, 609, 591, 569, 550, 549, 539, 517, 516, 491, 492, 463, 449, 423, 415, 377, 360, 338, 326, 289, 271, 259, 236, 202, 186, 169, 134, 127, 109, 110, 88, 66, 67
647, 646, 610, 611, 593, 567, 552, 523, 504, 484, 470, 443, 430, 406, 386, 370, 349, 348, 314, 313, 302, 283, 252, 230, 217, 179, 174, 139, 123, 92, 86, 68
647, 609, 591, 569, 550, 542, 519, 487, 466, 447, 448, 425, 413, 380, 363, 336, 323, 291, 273, 262, 240, 205, 189, 167, 152, 130, 106, 69
647, 609, 591, 569, 550, 542, 519, 487, 466, 447, 448, 425, 413, 380, 363, 336, 323, 291, 273, 262, 240, 205, 189, 167, 152, 130, 106, 70
647, 609, 591, 569, 550, 542, 519, 487, 466, 447, 448, 425, 413, 380, 363, 336, 323, 291, 273, 262, 240, 205, 189, 167, 152, 131, 105, 71
647, 609, 591, 569, 550, 542, 519, 487, 466, 447, 448, 425, 413, 380, 363, 336, 323, 291, 273, 262, 218, 206, 191, 165, 151, 132, 104, 72
647, 609, 591, 569, 550, 542, 519, 487, 466, 447, 427, 411, 382, 365, 333, 319, 294, 275, 243, 220, 208, 192, 164, 150, 133, 103, 73
647, 609, 591, 569, 550, 542, 519, 487, 466, 447, 427, 411, 382, 365, 333, 319, 294, 275, 241, 221, 209, 193, 162, 147, 113, 101, 75, 74
647, 609, 591, 569, 550, 542, 519, 487, 466, 447, 427, 411, 382, 365, 333, 319, 294, 275, 241, 221, 209, 193, 162, 147, 113, 101, 75
647, 609, 591, 569, 550, 542, 519, 487, 466, 447, 427, 411, 382, 365, 333, 319, 294, 275, 241, 221, 209, 193, 162, 146, 115, 99, 76
647, 609, 591, 569, 550, 542, 519, 487, 466, 447, 427, 411, 382, 365, 333, 319, 294, 275, 241, 221, 209, 193, 162, 146, 115, 99, 77
647, 609, 591, 569, 550, 542, 519, 487, 466, 447, 427, 411, 382, 365, 333, 319, 294, 275, 241, 221, 209, 193, 162, 146, 115, 99, 77, 78
647, 646, 610, 611, 593, 567, 552, 523, 504, 484, 470, 443, 430, 406, 386, 370, 350, 316, 300, 281, 248, 226, 213, 175, 158, 143, 119, 97, 79
647, 646, 610, 611, 593, 567, 552, 523, 504, 484, 470, 443, 430, 406, 386, 370, 350, 316, 300, 281, 248, 226, 213, 175, 158, 143, 119, 97, 80
647, 646, 610, 611, 593, 567, 552, 523, 504, 484, 470, 443, 430, 406, 386, 370, 350, 316, 300, 301, 282, 251, 228, 215, 178, 154, 141, 121, 95, 81
647, 646, 610, 611, 593, 567, 552, 523, 504, 484, 470, 443, 430, 406, 386, 370, 350, 316, 300, 301, 282, 251, 228, 215, 178, 154, 141, 121, 95, 82
647, 646, 610, 611, 593, 567, 552, 523, 504, 484, 470, 443, 430, 406, 386, 370, 350, 316, 300, 301, 282, 251, 228, 215, 178, 154, 141, 121, 95, 83
647, 646, 610, 611, 593, 567, 552, 523, 504, 484, 470, 443, 430, 406, 386, 370, 350, 316, 300, 301, 282, 251, 228, 215, 178, 154, 141, 122, 94, 84
647, 646, 610, 611, 593, 567, 552, 523, 504, 484, 470, 443, 430, 406, 386, 370, 350, 316, 300, 301, 282, 251, 228, 215, 178, 154, 141, 122, 94, 85
647, 646, 610, 611, 593, 567, 552, 523, 504, 484, 470, 443, 430, 406, 386, 370, 349, 348, 314, 313, 302, 283, 252, 230, 217, 179, 174, 139, 123, 92, 86
647, 609, 591, 569, 550, 549, 539, 517, 516, 491, 492, 463, 449, 423, 415, 377, 360, 338, 326, 289, 271, 259, 236, 202, 186, 169, 134, 127, 109, 110, 111, 87
647, 609, 591, 569, 550, 549, 539, 517, 516, 491, 492, 463, 449, 423, 415, 377, 360, 338, 326, 289, 271, 259, 236, 202, 186, 169, 134, 127, 109, 110, 88
647, 609, 591, 569, 550, 549, 539, 517, 516, 491, 492, 463, 449, 423, 415, 377, 360, 338, 326, 289, 271, 259, 236, 202, 186, 169, 134, 127, 109, 89
647, 609, 591, 569, 550, 549, 539, 517, 516, 491, 492, 463, 449, 423, 415, 377, 360, 338, 326, 289, 271, 259, 236, 202, 186, 169, 134, 127, 108, 90
647, 646, 610, 611, 593, 567, 552, 523, 504, 484, 470, 443, 430, 406, 386, 370, 349, 348, 314, 313, 302, 283, 252, 230, 217, 179, 174, 139, 123, 92, 91
647, 646, 610, 611, 593, 567, 552, 523, 504, 484, 470, 443, 430, 406, 386, 370, 349, 348, 314, 313, 302, 283, 252, 230, 217, 179, 174, 139, 123, 92
647, 646, 610, 611, 593, 567, 552, 523, 504, 484, 470, 443, 430, 406, 386, 370, 350, 316, 300, 301, 282, 251, 228, 215, 178, 154, 141, 122, 94, 93
647, 646, 610, 611, 593, 567, 552, 523, 504, 484, 470, 443, 430, 406, 386, 370, 350, 316, 300, 301, 282, 251, 228, 215, 178, 154, 141, 122, 94
647, 646, 610, 611, 593, 567, 552, 523, 504, 484, 470, 443, 430, 406, 386, 370, 350, 316, 300, 301, 282, 251, 228, 215, 178, 154, 141, 121, 95
647, 646, 610, 611, 593, 567, 552, 523, 504, 484, 470, 443, 430, 406, 386, 370, 350, 316, 300, 281, 248, 226, 213, 175, 158, 143, 119, 97, 96
647, 646, 610, 611, 593, 567, 552, 523, 504, 484, 470, 443, 430, 406, 386, 370, 350, 316, 300, 281, 248, 226, 213, 175, 158, 143, 119, 97
647, 646, 610, 611, 593, 567, 552, 523, 504, 484, 470, 443, 430, 406, 386, 370, 350, 316, 299, 280, 247, 224, 212, 196, 160, 144, 117, 98
647, 609, 591, 569, 550, 542, 519, 487, 466, 447, 427, 411, 382, 365, 333, 319, 294, 275, 241, 221, 209, 193, 162, 146, 115, 99
