699, 682, 681, 654, 653, 646, 610, 611, 593, 567, 552, 523, 504, 484, 470, 443, 430, 406, 386, 370, 350, 316, 300, 281, 248, 226, 213, 175, 158, 143, 119, 97, 80, 50, 43, 0
699, 682, 681, 654, 653, 646, 610, 611, 593, 567, 552, 523, 504, 484, 470, 443, 430, 406, 386, 370, 350, 316, 300, 281, 248, 226, 213, 175, 158, 143, 119, 97, 80, 50, 43, 1
699, 682, 655, 648, 608, 590, 571, 550, 542, 519, 487, 466, 447, 427, 411, 382, 365, 333, 319, 294, 275, 241, 221, 209, 193, 162, 146, 115, 99, 77, 53, 46, 45, 44, 2
699, 682, 681, 654, 653, 646, 610, 611, 593, 567, 552, 523, 504, 484, 470, 443, 430, 406, 386, 370, 350, 316, 300, 281, 248, 226, 213, 175, 158, 143, 119, 97, 80, 50, 43, 3
699, 682, 681, 654, 653, 646, 610, 611, 593, 567, 552, 523, 504, 484, 470, 443, 430, 406, 386, 370, 350, 316, 300, 281, 248, 226, 213, 175, 158, 143, 119, 97, 80, 50, 43, 4
699, 682, 681, 654, 653, 646, 610, 611, 593, 567, 552, 523, 504, 484, 470, 443, 430, 406, 386, 370, 350, 316, 300, 301, 282, 251, 228, 215, 178, 154, 141, 122, 94, 85, 47, 41, 42, 5
699, 682, 681, 654, 653, 646, 610, 611, 593, 567, 552, 523, 504, 484, 470, 443, 430, 406, 386, 370, 350, 316, 300, 301, 282, 251, 228, 215, 178, 154, 141, 122, 94, 85, 47, 41, 6
699, 682, 681, 654, 653, 646, 610, 611, 593, 567, 552, 523, 504, 484, 470, 443, 430, 406, 386, 370, 350, 316, 300, 301, 282, 251, 228, 215, 178, 154, 141, 122, 94, 85, 47, 41, 7
699, 742, 755, 775, 810, 832, 853, 878, 886, 902, 931, 950, 976, 1000, 1015, 1033, 1055, 1084, 1102, 1131, 1140, 1166, 1190, 1191, 1207, 1231, 1247, 1276, 1282, 1281, 1307, 1326, 1350, 1363, 1385, 1422, 1435, 1462, 1472, 1510, 1511, 1518, 1543, 8
699, 700, 683, 657, 628, 607, 589, 572, 549, 539, 517, 516, 491, 492, 463, 449, 423, 415, 377, 360, 338, 326, 289, 271, 259, 236, 202, 186, 169, 134, 127, 109, 110, 88, 66, 37, 10, 9
699, 700, 683, 657, 628, 607, 589, 572, 549, 539, 517, 516, 491, 492, 463, 449, 423, 415, 377, 360, 338, 326, 289, 271, 259, 236, 202, 186, 169, 134, 127, 109, 110, 88, 66, 37, 10
699, 700, 683, 657, 628, 607, 589, 572, 549, 540, 518, 488, 465, 448, 425, 413, 380, 363, 336, 323, 291, 273, 262, 240, 205, 189, 167, 152, 130, 106, 69, 63, 34, 35, 36, 11
699, 700, 683, 657, 628, 607, 589, 572, 549, 540, 518, 488, 465, 448, 425, 413, 380, 363, 336, 323, 291, 273, 262, 240, 205, 189, 167, 152, 130, 106, 69, 63, 34, 35, 12
699, 700, 683, 657, 628, 607, 589, 572, 549, 540, 518, 488, 465, 448, 425, 413, 380, 363, 336, 323, 291, 273, 262, 240, 205, 189, 167, 152, 130, 106, 69, 63, 33, 13
699, 700, 683, 657, 628, 607, 589, 572, 549, 540, 518, 488, 465, 448, 425, 413, 380, 363, 336, 323, 291, 273, 262, 240, 205, 189, 167, 152, 130, 106, 69, 63, 33, 14
699, 700, 683, 657, 628, 607, 589, 572, 549, 540, 518, 488, 465, 448, 425, 413, 380, 363, 336, 323, 291, 273, 262, 240, 205, 189, 167, 152, 131, 105, 71, 62, 32, 15
699, 700, 683, 657, 628, 607, 589, 572, 549, 540, 518, 488, 465, 448, 425, 413, 380, 363, 336, 323, 291, 273, 262, 240, 205, 189, 167, 152, 131, 105, 71, 62, 32, 16
699, 700, 683, 657, 628, 607, 589, 572, 549, 540, 518, 488, 465, 448, 425, 413, 380, 363, 336, 323, 291, 273, 262, 240, 205, 189, 167, 152, 131, 105, 71, 62, 32, 17
699, 682, 655, 648, 608, 590, 571, 550, 542, 519, 487, 466, 447, 427, 411, 382, 365, 333, 319, 294, 275, 243, 220, 208, 192, 164, 150, 133, 103, 73, 60, 30, 18
699, 682, 655, 648, 608, 590, 571, 550, 542, 519, 487, 466, 447, 427, 411, 382, 365, 333, 319, 294, 275, 243, 220, 208, 192, 164, 150, 133, 103, 73, 60, 30, 19
699, 682, 655, 648, 608, 590, 571, 550, 542, 519, 487, 466, 447, 427, 411, 382, 365, 333, 319, 294, 275, 243, 220, 208, 192, 164, 150, 133, 103, 73, 60, 29, 20
699, 682, 655, 648, 608, 590, 571, 550, 542, 519, 487, 466, 447, 427, 411, 382, 365, 333, 319, 294, 275, 241, 221, 209, 193, 162, 147, 113, 101, 75, 57, 27, 21
699, 682, 655, 648, 608, 590, 571, 550, 542, 519, 487, 466, 447, 427, 411, 382, 365, 333, 319, 294, 275, 241, 221, 209, 193, 162, 147, 113, 101, 75, 57, 27, 21, 22
699, 682, 655, 648, 608, 590, 571, 550, 542, 519, 487, 466, 447, 427, 411, 382, 365, 333, 319, 294, 275, 241, 221, 209, 193, 162, 146, 115, 99, 76, 54, 26, 23
699, 682, 655, 648, 608, 590, 571, 550, 542, 519, 487, 466, 447, 427, 411, 382, 365, 333, 319, 294, 275, 241, 221, 209, 193, 162, 146, 115, 99, 77, 53, 46, 24
699, 682, 655, 648, 608, 590, 571, 550, 542, 519, 487, 466, 447, 427, 411, 382, 365, 333, 319, 294, 275, 241, 221, 209, 193, 162, 146, 115, 99, 76, 54, 26, 25
699, 682, 655, 648, 608, 590, 571, 550, 542, 519, 487, 466, 447, 427, 411, 382, 365, 333, 319, 294, 275, 241, 221, 209, 193, 162, 146, 115, 99, 76, 54, 26
699, 682, 655, 648, 608, 590, 571, 550, 542, 519, 487, 466, 447, 427, 411, 382, 365, 333, 319, 294, 275, 241, 221, 209, 193, 162, 147, 113, 101, 75, 57, 27
699, 682, 655, 648, 608, 590, 571, 550, 542, 519, 487, 466, 447, 427, 411, 382, 365, 333, 319, 294, 275, 243, 220, 208, 192, 164, 150, 133, 103, 73, 60, 29, 28
699, 682, 655, 648, 608, 590, 571, 550, 542, 519, 487, 466, 447, 427, 411, 382, 365, 333, 319, 294, 275, 243, 220, 208, 192, 164, 150, 133, 103, 73, 60, 29
699, 682, 655, 648, 608, 590, 571, 550, 542, 519, 487, 466, 447, 427, 411, 382, 365, 333, 319, 294, 275, 243, 220, 208, 192, 164, 150, 133, 103, 73, 60, 30
699, 700, 683, 657, 628, 607, 589, 572, 549, 540, 518, 488, 465, 448, 425, 413, 380, 363, 336, 323, 291, 273, 262, 240, 205, 189, 167, 152, 131, 105, 71, 62, 31
699, 700, 683, 657, 628, 607, 589, 572, 549, 540, 518, 488, 465, 448, 425, 413, 380, 363, 336, 323, 291, 273, 262, 240, 205, 189, 167, 152, 131, 105, 71, 62, 32
699, 700, 683, 657, 628, 607, 589, 572, 549, 540, 518, 488, 465, 448, 425, 413, 380, 363, 336, 323, 291, 273, 262, 240, 205, 189, 167, 152, 130, 106, 69, 63, 33
699, 700, 683, 657, 628, 607, 589, 572, 549, 540, 518, 488, 465, 448, 425, 413, 380, 363, 336, 323, 291, 273, 262, 240, 205, 189, 167, 152, 130, 106, 69, 63, 34
699, 700, 683, 657, 628, 607, 589, 572, 549, 540, 518, 488, 465, 448, 425, 413, 380, 363, 336, 323, 291, 273, 262, 240, 205, 189, 167, 152, 130, 106, 69, 63, 34, 35
699, 700, 683, 657, 628, 607, 589, 572, 549, 540, 518, 488, 465, 448, 425, 413, 380, 363, 336, 323, 291, 273, 262, 240, 205, 189, 167, 152, 130, 106, 69, 63, 34, 35, 36
699, 700, 683, 657, 628, 607, 589, 572, 549, 539, 517, 516, 491, 492, 463, 449, 423, 415, 377, 360, 338, 326, 289, 271, 259, 236, 202, 186, 169, 134, 127, 109, 110, 88, 66, 37
699, 700, 683, 657, 628, 607, 589, 572, 549, 539, 517, 516, 491, 492, 463, 449, 423, 415, 377, 360, 338, 326, 289, 271, 259, 236, 202, 186, 169, 134, 127, 109, 110, 111, 87, 68, 38
699, 700, 683, 657, 628, 607, 589, 572, 549, 539, 517, 516, 491, 492, 463, 449, 423, 415, 377, 360, 338, 326, 289, 271, 259, 236, 202, 186, 169, 134, 127, 109, 110, 111, 87, 68, 39
699, 700, 683, 657, 628, 607, 589, 572, 549, 539, 517, 516, 491, 492, 463, 449, 423, 415, 377, 360, 338, 326, 289, 271, 259, 236, 202, 186, 169, 134, 127, 109, 110, 111, 87, 68, 40
699, 682, 681, 654, 653, 646, 610, 611, 593, 567, 552, 523, 504, 484, 470, 443, 430, 406, 386, 370, 350, 316, 300, 301, 282, 251, 228, 215, 178, 154, 141, 122, 94, 85, 47, 41
699, 682, 681, 654, 653, 646, 610, 611, 593, 567, 552, 523, 504, 484, 470, 443, 430, 406, 386, 370, 350, 316, 300, 301, 282, 251, 228, 215, 178, 154, 141, 122, 94, 85, 47, 41, 42
699, 682, 681, 654, 653, 646, 610, 611, 593, 567, 552, 523, 504, 484, 470, 443, 430, 406, 386, 370, 350, 316, 300, 281, 248, 226, 213, 175, 158, 143, 119, 97, 80, 50, 43
699, 682, 655, 648, 608, 590, 571, 550, 542, 519, 487, 466, 447, 427, 411, 382, 365, 333, 319, 294, 275, 241, 221, 209, 193, 162, 146, 115, 99, 77, 53, 46, 45, 44
699, 682, 655, 648, 608, 590, 571, 550, 542, 519, 487, 466, 447, 427, 411, 382, 365, 333, 319, 294, 275, 241, 221, 209, 193, 162, 146, 115, 99, 77, 53, 46, 45
699, 682, 655, 648, 608, 590, 571, 550, 542, 519, 487, 466, 447, 427, 411, 382, 365, 333, 319, 294, 275, 241, 221, 209, 193, 162, 146, 115, 99, 77, 53, 46
699, 682, 681, 654, 653, 646, 610, 611, 593, 567, 552, 523, 504, 484, 470, 443, 430, 406, 386, 370, 350, 316, 300, 301, 282, 251, 228, 215, 178, 154, 141, 122, 94, 85, 47
699, 682, 681, 654, 653, 646, 610, 611, 593, 567, 552, 523, 504, 484, 470, 443, 430, 406, 386, 370, 350, 316, 300, 301, 282, 251, 228, 215, 178, 154, 141, 122, 94, 85, 47, 48
699, 682, 681, 654, 653, 646, 610, 611, 593, 567, 552, 523, 504, 484, 470, 443, 430, 406, 386, 370, 350, 316, 300, 281, 248, 226, 213, 175, 158, 143, 119, 97, 80, 49
699, 682, 681, 654, 653, 646, 610, 611, 593, 567, 552, 523, 504, 484, 470, 443, 430, 406, 386, 370, 350, 316, 300, 281, 248, 226, 213, 175, 158, 143, 119, 97, 80, 50
699, 682, 681, 654, 653, 646, 610, 611, 593, 567, 552, 523, 504, 484, 470, 443, 430, 406, 386, 370, 350, 316, 300, 281, 248, 226, 213, 175, 158, 143, 119, 97, 80, 51
699, 682, 655, 648, 608, 590, 571, 550, 542, 519, 487, 466, 447, 427, 411, 382, 365, 333, 319, 294, 275, 241, 221, 209, 193, 162, 146, 115, 99, 77, 53, 52
699, 682, 655, 648, 608, 590, 571, 550, 542, 519, 487, 466, 447, 427, 411, 382, 365, 333, 319, 294, 275, 241, 221, 209, 193, 162, 146, 115, 99, 77, 53
699, 682, 655, 648, 608, 590, 571, 550, 542, 519, 487, 466, 447, 427, 411, 382, 365, 333, 319, 294, 275, 241, 221, 209, 193, 162, 146, 115, 99, 76, 54
699, 682, 655, 648, 608, 590, 571, 550, 542, 519, 487, 466, 447, 427, 411, 382, 365, 333, 319, 294, 275, 241, 221, 209, 193, 162, 147, 113, 101, 75, 56, 55
699, 682, 655, 648, 608, 590, 571, 550, 542, 519, 487, 466, 447, 427, 411, 382, 365, 333, 319, 294, 275, 241, 221, 209, 193, 162, 147, 113, 101, 75, 56
699, 682, 655, 648, 608, 590, 571, 550, 542, 519, 487, 466, 447, 427, 411, 382, 365, 333, 319, 294, 275, 241, 221, 209, 193, 162, 147, 113, 101, 75, 57
699, 682, 655, 648, 608, 590, 571, 550, 542, 519, 487, 466, 447, 427, 411, 382, 365, 333, 319, 294, 275, 241, 221, 209, 193, 162, 147, 113, 101, 75, 74, 58
699, 682, 655, 648, 608, 590, 571, 550, 542, 519, 487, 466, 447, 427, 411, 382, 365, 333, 319, 294, 275, 241, 221, 209, 193, 162, 147, 113, 101, 75, 74, 59
699, 682, 655, 648, 608, 590, 571, 550, 542, 519, 487, 466, 447, 427, 411, 382, 365, 333, 319, 294, 275, 243, 220, 208, 192, 164, 150, 133, 103, 73, 60
699, 682, 655, 648, 608, 590, 571, 550, 542, 519, 487, 466, 447, 427, 411, 382, 365, 333, 319, 294, 275, 243, 220, 208, 192, 164, 150, 133, 103, 73, 61
699, 700, 683, 657, 628, 607, 589, 572, 549, 540, 518, 488, 465, 448, 425, 413, 380, 363, 336, 323, 291, 273, 262, 240, 205, 189, 167, 152, 131, 105, 71, 62
699, 700, 683, 657, 628, 607, 589, 572, 549, 540, 518, 488, 465, 448, 425, 413, 380, 363, 336, 323, 291, 273, 262, 240, 205, 189, 167, 152, 130, 106, 69, 63
699, 700, 683, 657, 628, 607, 589, 572, 549, 540, 518, 488, 465, 448, 425, 413, 380, 363, 336, 323, 291, 273, 262, 240, 205, 189, 167, 152, 130, 106, 69, 63, 64
699, 700, 683, 657, 628, 607, 589, 572, 549, 539, 517, 516, 491, 492, 463, 449, 423, 415, 377, 360, 338, 326, 289, 271, 259, 236, 202, 186, 169, 134, 127, 108, 90, 65
699, 700, 683, 657, 628, 607, 589, 572, 549, 539, 517, 516, 491, 492, 463, 449, 423, 415, 377, 360, 338, 326, 289, 271, 259, 236, 202, 186, 169, 134, 127, 109, 110, 88, 66
699, 700, 683, 657, 628, 607, 589, 572, 549, 539, 517, 516, 491, 492, 463, 449, 423, 415, 377, 360, 338, 326, 289, 271, 259, 236, 202, 186, 169, 134, 127, 109, 110, 88, 66, 67
699, 700, 683, 657, 628, 607, 589, 572, 549, 539, 517, 516, 491, 492, 463, 449, 423, 415, 377, 360, 338, 326, 289, 271, 259, 236, 202, 186, 169, 134, 127, 109, 110, 111, 87, 68
699, 700, 683, 657, 628, 607, 589, 572, 549, 540, 518, 488, 465, 448, 425, 413, 380, 363, 336, 323, 291, 273, 262, 240, 205, 189, 167, 152, 130, 106, 69
699, 700, 683, 657, 628, 607, 589, 572, 549, 540, 518, 488, 465, 448, 425, 413, 380, 363, 336, 323, 291, 273, 262, 240, 205, 189, 167, 152, 130, 106, 70
699, 700, 683, 657, 628, 607, 589, 572, 549, 540, 518, 488, 465, 448, 425, 413, 380, 363, 336, 323, 291, 273, 262, 240, 205, 189, 167, 152, 131, 105, 71
699, 700, 683, 657, 628, 607, 589, 572, 549, 540, 518, 488, 465, 448, 425, 413, 380, 363, 336, 323, 291, 273, 262, 218, 206, 191, 165, 151, 132, 104, 72
699, 682, 655, 648, 608, 590, 571, 550, 542, 519, 487, 466, 447, 427, 411, 382, 365, 333, 319, 294, 275, 243, 220, 208, 192, 164, 150, 133, 103, 73
699, 682, 655, 648, 608, 590, 571, 550, 542, 519, 487, 466, 447, 427, 411, 382, 365, 333, 319, 294, 275, 241, 221, 209, 193, 162, 147, 113, 101, 75, 74
699, 682, 655, 648, 608, 590, 571, 550, 542, 519, 487, 466, 447, 427, 411, 382, 365, 333, 319, 294, 275, 241, 221, 209, 193, 162, 147, 113, 101, 75
699, 682, 655, 648, 608, 590, 571, 550, 542, 519, 487, 466, 447, 427, 411, 382, 365, 333, 319, 294, 275, 241, 221, 209, 193, 162, 146, 115, 99, 76
699, 682, 655, 648, 608, 590, 571, 550, 542, 519, 487, 466, 447, 427, 411, 382, 365, 333, 319, 294, 275, 241, 221, 209, 193, 162, 146, 115, 99, 77
699, 682, 655, 648, 608, 590, 571, 550, 542, 519, 487, 466, 447, 427, 411, 382, 365, 333, 319, 294, 275, 241, 221, 209, 193, 162, 146, 115, 99, 77, 78
699, 682, 681, 654, 653, 646, 610, 611, 593, 567, 552, 523, 504, 484, 470, 443, 430, 406, 386, 370, 350, 316, 300, 281, 248, 226, 213, 175, 158, 143, 119, 97, 79
699, 682, 681, 654, 653, 646, 610, 611, 593, 567, 552, 523, 504, 484, 470, 443, 430, 406, 386, 370, 350, 316, 300, 281, 248, 226, 213, 175, 158, 143, 119, 97, 80
699, 682, 681, 654, 653, 646, 610, 611, 593, 567, 552, 523, 504, 484, 470, 443, 430, 406, 386, 370, 350, 316, 300, 301, 282, 251, 228, 215, 178, 154, 141, 121, 95, 81
699, 682, 681, 654, 653, 646, 610, 611, 593, 567, 552, 523, 504, 484, 470, 443, 430, 406, 386, 370, 350, 316, 300, 301, 282, 251, 228, 215, 178, 154, 141, 121, 95, 82
699, 682, 681, 654, 653, 646, 610, 611, 593, 567, 552, 523, 504, 484, 470, 443, 430, 406, 386, 370, 350, 316, 300, 301, 282, 251, 228, 215, 178, 154, 141, 121, 95, 83
699, 682, 681, 654, 653, 646, 610, 611, 593, 567, 552, 523, 504, 484, 470, 443, 430, 406, 386, 370, 350, 316, 300, 301, 282, 251, 228, 215, 178, 154, 141, 122, 94, 84
699, 682, 681, 654, 653, 646, 610, 611, 593, 567, 552, 523, 504, 484, 470, 443, 430, 406, 386, 370, 350, 316, 300, 301, 282, 251, 228, 215, 178, 154, 141, 122, 94, 85
699, 700, 683, 657, 628, 607, 589, 572, 549, 539, 517, 516, 491, 492, 463, 449, 423, 415, 377, 360, 338, 326, 289, 271, 259, 236, 202, 186, 169, 134, 127, 109, 110, 111, 87, 86
699, 700, 683, 657, 628, 607, 589, 572, 549, 539, 517, 516, 491, 492, 463, 449, 423, 415, 377, 360, 338, 326, 289, 271, 259, 236, 202, 186, 169, 134, 127, 109, 110, 111, 87
699, 700, 683, 657, 628, 607, 589, 572, 549, 539, 517, 516, 491, 492, 463, 449, 423, 415, 377, 360, 338, 326, 289, 271, 259, 236, 202, 186, 169, 134, 127, 109, 110, 88
699, 700, 683, 657, 628, 607, 589, 572, 549, 539, 517, 516, 491, 492, 463, 449, 423, 415, 377, 360, 338, 326, 289, 271, 259, 236, 202, 186, 169, 134, 127, 109, 89
699, 700, 683, 657, 628, 607, 589, 572, 549, 539, 517, 516, 491, 492, 463, 449, 423, 415, 377, 360, 338, 326, 289, 271, 259, 236, 202, 186, 169, 134, 127, 108, 90
699, 700, 683, 657, 628, 607, 589, 572, 549, 539, 517, 516, 491, 492, 463, 449, 423, 415, 377, 360, 338, 326, 289, 271, 259, 236, 202, 201, 200, 184, 183, 182, 181, 173, 138, 124, 91
699, 682, 681, 654, 653, 646, 610, 611, 593, 567, 552, 523, 504, 484, 470, 443, 430, 406, 386, 370, 349, 348, 314, 313, 302, 283, 252, 230, 217, 179, 174, 139, 123, 92
699, 682, 681, 654, 653, 646, 610, 611, 593, 567, 552, 523, 504, 484, 470, 443, 430, 406, 386, 370, 350, 316, 300, 301, 282, 251, 228, 215, 178, 154, 141, 122, 94, 93
699, 682, 681, 654, 653, 646, 610, 611, 593, 567, 552, 523, 504, 484, 470, 443, 430, 406, 386, 370, 350, 316, 300, 301, 282, 251, 228, 215, 178, 154, 141, 122, 94
699, 682, 681, 654, 653, 646, 610, 611, 593, 567, 552, 523, 504, 484, 470, 443, 430, 406, 386, 370, 350, 316, 300, 301, 282, 251, 228, 215, 178, 154, 141, 121, 95
699, 682, 681, 654, 653, 646, 610, 611, 593, 567, 552, 523, 504, 484, 470, 443, 430, 406, 386, 370, 350, 316, 300, 281, 248, 226, 213, 175, 158, 143, 119, 97, 96
699, 682, 681, 654, 653, 646, 610, 611, 593, 567, 552, 523, 504, 484, 470, 443, 430, 406, 386, 370, 350, 316, 300, 281, 248, 226, 213, 175, 158, 143, 119, 97
699, 682, 655, 648, 608, 590, 571, 550, 542, 519, 487, 466, 447, 427, 411, 382, 365, 333, 319, 294, 275, 241, 221, 209, 193, 162, 146, 115, 99, 98
699, 682, 655, 648, 608, 590, 571, 550, 542, 519, 487, 466, 447, 427, 411, 382, 365, 333, 319, 294, 275, 241, 221, 209, 193, 162, 146, 115, 99
