796, 797, 798, 816, 817, 843, 865, 896, 914, 913, 942, 960, 985, 990, 1025, 1044, 1066, 1074, 1114, 1121, 1151, 1176, 1199, 1200, 1218, 1254, 1268, 1296, 1313, 1333, 1356, 1369, 1400, 1415, 1428, 1454, 1479, 1496, 1514, 1548, 0
796, 797, 798, 816, 817, 843, 865, 896, 914, 913, 942, 960, 985, 990, 1025, 1044, 1066, 1074, 1114, 1121, 1151, 1176, 1199, 1200, 1218, 1254, 1268, 1296, 1313, 1333, 1356, 1369, 1400, 1415, 1428, 1454, 1479, 1496, 1514, 1548, 1
796, 781, 749, 735, 717, 691, 667, 635, 621, 602, 581, 562, 532, 511, 498, 478, 456, 437, 400, 393, 353, 344, 309, 304, 285, 252, 228, 215, 178, 154, 155, 156, 142, 120, 96, 80, 51, 44, 2
796, 781, 749, 735, 717, 691, 667, 635, 621, 602, 581, 562, 532, 511, 498, 478, 456, 437, 400, 393, 353, 344, 309, 304, 285, 252, 228, 215, 178, 154, 155, 156, 142, 120, 96, 80, 50, 43, 3
796, 797, 798, 816, 817, 843, 865, 896, 914, 913, 942, 960, 985, 990, 1025, 1044, 1066, 1074, 1114, 1121, 1151, 1176, 1199, 1200, 1218, 1253, 1269, 1297, 1311, 1331, 1355, 1367, 1402, 1418, 1430, 1457, 1478, 1494, 1515, 1547, 4
796, 781, 749, 735, 717, 691, 667, 635, 621, 602, 581, 562, 532, 511, 498, 478, 456, 437, 400, 393, 353, 344, 309, 304, 285, 252, 228, 215, 178, 154, 141, 122, 94, 85, 47, 41, 42, 5
796, 781, 749, 735, 717, 691, 667, 635, 621, 602, 581, 562, 532, 511, 498, 478, 456, 437, 400, 393, 353, 344, 309, 304, 285, 252, 228, 215, 178, 154, 141, 122, 94, 85, 47, 41, 6
796, 781, 749, 735, 717, 691, 667, 635, 621, 602, 581, 562, 532, 511, 498, 478, 456, 437, 400, 393, 353, 344, 309, 304, 285, 252, 228, 215, 178, 154, 141, 122, 94, 85, 47, 41, 7
796, 781, 749, 735, 717, 691, 667, 635, 621, 602, 581, 562, 532, 511, 498, 478, 456, 437, 399, 394, 354, 343, 331, 306, 266, 254, 232, 199, 181, 173, 138, 124, 91, 86, 68, 40, 8
796, 781, 749, 735, 717, 691, 667, 635, 621, 602, 581, 562, 532, 511, 498, 478, 456, 437, 399, 394, 354, 343, 331, 306, 266, 254, 232, 199, 181, 173, 138, 124, 91, 86, 68, 38, 9
796, 781, 749, 735, 717, 691, 667, 635, 621, 602, 581, 580, 563, 533, 512, 497, 459, 453, 419, 396, 374, 357, 340, 328, 286, 269, 258, 235, 201, 185, 170, 135, 125, 110, 88, 66, 37, 10
796, 781, 749, 735, 717, 691, 667, 635, 621, 602, 581, 580, 563, 533, 512, 497, 459, 453, 421, 417, 376, 359, 339, 326, 289, 271, 259, 236, 202, 186, 169, 134, 127, 108, 90, 64, 36, 11
796, 781, 749, 735, 717, 691, 667, 635, 621, 602, 581, 580, 563, 533, 512, 497, 459, 453, 421, 417, 376, 359, 339, 326, 289, 271, 259, 236, 202, 186, 169, 134, 127, 108, 90, 64, 35, 12
796, 781, 749, 735, 717, 691, 667, 635, 621, 602, 581, 580, 563, 564, 534, 513, 495, 461, 452, 422, 416, 377, 361, 337, 325, 290, 272, 261, 239, 204, 189, 167, 152, 130, 106, 69, 63, 33, 13
796, 781, 749, 735, 717, 691, 667, 635, 621, 602, 581, 580, 563, 564, 534, 513, 495, 461, 452, 422, 416, 377, 361, 337, 325, 290, 272, 261, 239, 204, 189, 167, 152, 130, 106, 69, 63, 33, 14
796, 781, 749, 735, 717, 691, 667, 635, 621, 602, 581, 580, 563, 564, 534, 513, 495, 461, 452, 422, 416, 377, 361, 337, 325, 290, 272, 261, 239, 204, 189, 167, 152, 131, 105, 71, 62, 32, 15
796, 781, 749, 735, 717, 691, 667, 635, 621, 602, 581, 580, 563, 564, 534, 513, 495, 461, 452, 422, 416, 377, 361, 337, 325, 290, 272, 261, 239, 204, 189, 167, 152, 131, 105, 71, 62, 32, 16
796, 781, 749, 735, 717, 691, 667, 635, 621, 602, 581, 580, 563, 564, 534, 513, 495, 461, 452, 422, 416, 377, 361, 337, 325, 290, 272, 261, 239, 204, 189, 167, 152, 131, 105, 71, 62, 32, 17
796, 781, 749, 735, 717, 691, 667, 635, 621, 602, 581, 580, 563, 564, 534, 513, 495, 461, 452, 422, 416, 377, 361, 337, 325, 290, 272, 261, 239, 204, 189, 190, 165, 151, 132, 104, 103, 73, 60, 30, 18
796, 781, 749, 735, 717, 691, 667, 635, 621, 602, 581, 580, 563, 564, 534, 513, 495, 461, 452, 422, 416, 377, 361, 337, 325, 290, 272, 261, 239, 204, 189, 190, 165, 151, 132, 104, 103, 73, 60, 30, 19
796, 781, 749, 735, 717, 691, 667, 635, 621, 602, 581, 580, 563, 564, 534, 513, 495, 461, 452, 422, 416, 377, 361, 337, 325, 290, 272, 261, 239, 204, 189, 190, 165, 151, 132, 104, 103, 73, 60, 29, 20
796, 781, 749, 735, 717, 691, 667, 635, 621, 602, 581, 580, 563, 564, 534, 513, 495, 461, 452, 422, 416, 377, 361, 337, 325, 290, 272, 261, 239, 204, 189, 190, 165, 151, 132, 104, 103, 73, 60, 29, 20, 21
796, 797, 798, 816, 817, 843, 865, 896, 914, 913, 942, 960, 985, 990, 1025, 1044, 1066, 1074, 1114, 1121, 1151, 1176, 1199, 1200, 1218, 1254, 1268, 1296, 1313, 1333, 1357, 1370, 1398, 1413, 1424, 1451, 1483, 1500, 1499, 1531, 1553, 22
796, 797, 798, 816, 817, 843, 865, 896, 914, 913, 942, 960, 985, 990, 1025, 1044, 1066, 1074, 1114, 1121, 1151, 1176, 1199, 1200, 1218, 1254, 1268, 1296, 1313, 1333, 1357, 1370, 1398, 1413, 1424, 1451, 1483, 1500, 1499, 1532, 1552, 23
796, 797, 798, 816, 817, 843, 865, 896, 914, 913, 942, 960, 985, 990, 1025, 1044, 1066, 1074, 1114, 1121, 1151, 1176, 1199, 1200, 1218, 1254, 1268, 1296, 1313, 1333, 1356, 1369, 1400, 1415, 1428, 1454, 1479, 1497, 1513, 1549, 24
796, 797, 798, 816, 817, 843, 865, 896, 914, 913, 942, 960, 985, 990, 1025, 1044, 1066, 1074, 1114, 1121, 1151, 1176, 1199, 1200, 1218, 1254, 1268, 1296, 1313, 1333, 1357, 1370, 1398, 1413, 1424, 1451, 1483, 1500, 1499, 1532, 1552, 23, 25
796, 797, 798, 816, 817, 843, 865, 896, 914, 913, 942, 960, 985, 990, 1025, 1044, 1066, 1074, 1114, 1121, 1151, 1176, 1199, 1200, 1218, 1254, 1268, 1296, 1313, 1333, 1357, 1370, 1398, 1413, 1424, 1451, 1483, 1500, 1499, 1532, 1552, 23, 26
796, 781, 749, 735, 717, 691, 667, 635, 621, 602, 581, 580, 563, 564, 534, 513, 495, 461, 452, 422, 416, 377, 361, 337, 325, 290, 291, 273, 262, 218, 206, 207, 192, 164, 150, 133, 102, 74, 58, 57, 27
796, 781, 749, 735, 717, 691, 667, 635, 621, 602, 581, 580, 563, 564, 534, 513, 495, 461, 452, 422, 416, 377, 361, 337, 325, 290, 272, 261, 239, 204, 189, 190, 165, 151, 132, 104, 103, 73, 60, 29, 28
796, 781, 749, 735, 717, 691, 667, 635, 621, 602, 581, 580, 563, 564, 534, 513, 495, 461, 452, 422, 416, 377, 361, 337, 325, 290, 272, 261, 239, 204, 189, 190, 165, 151, 132, 104, 103, 73, 60, 29
796, 781, 749, 735, 717, 691, 667, 635, 621, 602, 581, 580, 563, 564, 534, 513, 495, 461, 452, 422, 416, 377, 361, 337, 325, 290, 272, 261, 239, 204, 189, 190, 165, 151, 132, 104, 103, 73, 60, 30
796, 781, 749, 735, 717, 691, 667, 635, 621, 602, 581, 580, 563, 564, 534, 513, 495, 461, 452, 422, 416, 377, 361, 337, 325, 290, 272, 261, 239, 204, 189, 167, 152, 131, 105, 71, 62, 31
796, 781, 749, 735, 717, 691, 667, 635, 621, 602, 581, 580, 563, 564, 534, 513, 495, 461, 452, 422, 416, 377, 361, 337, 325, 290, 272, 261, 239, 204, 189, 167, 152, 131, 105, 71, 62, 32
796, 781, 749, 735, 717, 691, 667, 635, 621, 602, 581, 580, 563, 564, 534, 513, 495, 461, 452, 422, 416, 377, 361, 337, 325, 290, 272, 261, 239, 204, 189, 167, 152, 130, 106, 69, 63, 33
796, 781, 749, 735, 717, 691, 667, 635, 621, 602, 581, 580, 563, 564, 534, 513, 495, 461, 452, 422, 416, 377, 361, 337, 325, 290, 272, 261, 239, 204, 189, 167, 152, 130, 106, 69, 63, 34
796, 781, 749, 735, 717, 691, 667, 635, 621, 602, 581, 580, 563, 533, 512, 497, 459, 453, 421, 417, 376, 359, 339, 326, 289, 271, 259, 236, 202, 186, 169, 134, 127, 108, 90, 64, 35
796, 781, 749, 735, 717, 691, 667, 635, 621, 602, 581, 580, 563, 533, 512, 497, 459, 453, 421, 417, 376, 359, 339, 326, 289, 271, 259, 236, 202, 186, 169, 134, 127, 108, 90, 64, 36
796, 781, 749, 735, 717, 691, 667, 635, 621, 602, 581, 580, 563, 533, 512, 497, 459, 453, 419, 396, 374, 357, 340, 328, 286, 269, 258, 235, 201, 185, 170, 135, 125, 110, 88, 66, 37
796, 781, 749, 735, 717, 691, 667, 635, 621, 602, 581, 562, 532, 511, 498, 478, 456, 437, 399, 394, 354, 343, 331, 306, 266, 254, 232, 199, 181, 173, 138, 124, 91, 86, 68, 38
796, 781, 749, 735, 717, 691, 667, 635, 621, 602, 581, 562, 532, 511, 498, 478, 456, 437, 399, 394, 354, 343, 331, 306, 266, 254, 232, 199, 181, 173, 138, 124, 91, 86, 68, 39
796, 781, 749, 735, 717, 691, 667, 635, 621, 602, 581, 562, 532, 511, 498, 478, 456, 437, 399, 394, 354, 343, 331, 306, 266, 254, 232, 199, 181, 173, 138, 124, 91, 86, 68, 40
796, 781, 749, 735, 717, 691, 667, 635, 621, 602, 581, 562, 532, 511, 498, 478, 456, 437, 400, 393, 353, 344, 309, 304, 285, 252, 228, 215, 178, 154, 141, 122, 94, 85, 47, 41
796, 781, 749, 735, 717, 691, 667, 635, 621, 602, 581, 562, 532, 511, 498, 478, 456, 437, 400, 393, 353, 344, 309, 304, 285, 252, 228, 215, 178, 154, 141, 122, 94, 85, 47, 41, 42
796, 781, 749, 735, 717, 691, 667, 635, 621, 602, 581, 562, 532, 511, 498, 478, 456, 437, 400, 393, 353, 344, 309, 304, 285, 252, 228, 215, 178, 154, 155, 156, 142, 120, 96, 80, 50, 43
796, 781, 749, 735, 717, 691, 667, 635, 621, 602, 581, 562, 532, 511, 498, 478, 456, 437, 400, 393, 353, 344, 309, 304, 285, 252, 228, 215, 178, 154, 155, 156, 142, 120, 96, 80, 51, 44
796, 781, 749, 735, 717, 691, 667, 635, 621, 602, 581, 562, 532, 511, 498, 478, 456, 437, 400, 393, 353, 344, 309, 304, 285, 252, 228, 215, 178, 154, 155, 156, 142, 120, 96, 80, 51, 45
796, 797, 798, 816, 817, 843, 865, 896, 914, 913, 942, 960, 985, 990, 1025, 1044, 1066, 1074, 1114, 1121, 1151, 1176, 1199, 1200, 1218, 1254, 1268, 1296, 1313, 1333, 1356, 1369, 1400, 1415, 1428, 1454, 1479, 1497, 1513, 1549, 24, 46
796, 781, 749, 735, 717, 691, 667, 635, 621, 602, 581, 562, 532, 511, 498, 478, 456, 437, 400, 393, 353, 344, 309, 304, 285, 252, 228, 215, 178, 154, 141, 122, 94, 85, 47
796, 781, 749, 735, 717, 691, 667, 635, 621, 602, 581, 562, 532, 511, 498, 478, 456, 437, 400, 393, 353, 344, 309, 304, 285, 252, 228, 215, 178, 154, 141, 122, 94, 85, 47, 48
796, 781, 749, 735, 717, 691, 667, 635, 621, 602, 581, 562, 532, 511, 498, 478, 456, 437, 400, 393, 353, 344, 309, 304, 285, 252, 228, 215, 178, 154, 155, 156, 142, 120, 96, 80, 49
796, 781, 749, 735, 717, 691, 667, 635, 621, 602, 581, 562, 532, 511, 498, 478, 456, 437, 400, 393, 353, 344, 309, 304, 285, 252, 228, 215, 178, 154, 155, 156, 142, 120, 96, 80, 50
796, 781, 749, 735, 717, 691, 667, 635, 621, 602, 581, 562, 532, 511, 498, 478, 456, 437, 400, 393, 353, 344, 309, 304, 285, 252, 228, 215, 178, 154, 155, 156, 142, 120, 96, 80, 51
796, 797, 798, 816, 817, 843, 865, 896, 914, 913, 942, 960, 985, 990, 1025, 1044, 1066, 1074, 1114, 1121, 1151, 1176, 1199, 1200, 1218, 1254, 1268, 1296, 1313, 1333, 1356, 1369, 1400, 1415, 1428, 1454, 1479, 1497, 1513, 1549, 24, 46, 52
796, 797, 798, 816, 817, 843, 865, 896, 914, 913, 942, 960, 985, 990, 1025, 1044, 1066, 1074, 1114, 1121, 1151, 1176, 1199, 1200, 1218, 1254, 1268, 1296, 1313, 1333, 1356, 1369, 1400, 1415, 1428, 1454, 1479, 1497, 1513, 1549, 24, 46, 53
796, 781, 749, 735, 717, 691, 667, 635, 621, 602, 581, 580, 563, 564, 534, 513, 495, 461, 452, 422, 416, 377, 361, 337, 325, 290, 291, 273, 262, 218, 206, 207, 192, 164, 150, 133, 102, 74, 58, 57, 56, 55, 54
796, 781, 749, 735, 717, 691, 667, 635, 621, 602, 581, 580, 563, 564, 534, 513, 495, 461, 452, 422, 416, 377, 361, 337, 325, 290, 291, 273, 262, 218, 206, 207, 192, 164, 150, 133, 102, 74, 58, 57, 56, 55
796, 781, 749, 735, 717, 691, 667, 635, 621, 602, 581, 580, 563, 564, 534, 513, 495, 461, 452, 422, 416, 377, 361, 337, 325, 290, 291, 273, 262, 218, 206, 207, 192, 164, 150, 133, 102, 74, 58, 57, 56
796, 781, 749, 735, 717, 691, 667, 635, 621, 602, 581, 580, 563, 564, 534, 513, 495, 461, 452, 422, 416, 377, 361, 337, 325, 290, 291, 273, 262, 218, 206, 207, 192, 164, 150, 133, 102, 74, 58, 57
796, 781, 749, 735, 717, 691, 667, 635, 621, 602, 581, 580, 563, 564, 534, 513, 495, 461, 452, 422, 416, 377, 361, 337, 325, 290, 291, 273, 262, 218, 206, 207, 192, 164, 150, 133, 102, 74, 58
796, 781, 749, 735, 717, 691, 667, 635, 621, 602, 581, 580, 563, 564, 534, 513, 495, 461, 452, 422, 416, 377, 361, 337, 325, 290, 291, 273, 262, 218, 206, 207, 192, 164, 150, 133, 102, 74, 59
796, 781, 749, 735, 717, 691, 667, 635, 621, 602, 581, 580, 563, 564, 534, 513, 495, 461, 452, 422, 416, 377, 361, 337, 325, 290, 272, 261, 239, 204, 189, 190, 165, 151, 132, 104, 103, 73, 60
796, 781, 749, 735, 717, 691, 667, 635, 621, 602, 581, 580, 563, 564, 534, 513, 495, 461, 452, 422, 416, 377, 361, 337, 325, 290, 272, 261, 239, 204, 189, 190, 165, 151, 132, 104, 103, 73, 61
796, 781, 749, 735, 717, 691, 667, 635, 621, 602, 581, 580, 563, 564, 534, 513, 495, 461, 452, 422, 416, 377, 361, 337, 325, 290, 272, 261, 239, 204, 189, 167, 152, 131, 105, 71, 62
796, 781, 749, 735, 717, 691, 667, 635, 621, 602, 581, 580, 563, 564, 534, 513, 495, 461, 452, 422, 416, 377, 361, 337, 325, 290, 272, 261, 239, 204, 189, 167, 152, 130, 106, 69, 63
796, 781, 749, 735, 717, 691, 667, 635, 621, 602, 581, 580, 563, 533, 512, 497, 459, 453, 421, 417, 376, 359, 339, 326, 289, 271, 259, 236, 202, 186, 169, 134, 127, 108, 90, 64
796, 781, 749, 735, 717, 691, 667, 635, 621, 602, 581, 580, 563, 533, 512, 497, 459, 453, 421, 417, 376, 359, 339, 326, 289, 271, 259, 236, 202, 186, 169, 134, 127, 108, 90, 65
796, 781, 749, 735, 717, 691, 667, 635, 621, 602, 581, 580, 563, 533, 512, 497, 459, 453, 419, 396, 374, 357, 340, 328, 286, 269, 258, 235, 201, 185, 170, 135, 125, 110, 88, 66
796, 781, 749, 735, 717, 691, 667, 635, 621, 602, 581, 580, 563, 533, 512, 497, 459, 453, 419, 396, 374, 357, 340, 328, 286, 269, 258, 235, 201, 185, 170, 135, 125, 110, 88, 66, 67
796, 781, 749, 735, 717, 691, 667, 635, 621, 602, 581, 562, 532, 511, 498, 478, 456, 437, 399, 394, 354, 343, 331, 306, 266, 254, 232, 199, 181, 173, 138, 124, 91, 86, 68
796, 781, 749, 735, 717, 691, 667, 635, 621, 602, 581, 580, 563, 564, 534, 513, 495, 461, 452, 422, 416, 377, 361, 337, 325, 290, 272, 261, 239, 204, 189, 167, 152, 130, 106, 69
796, 781, 749, 735, 717, 691, 667, 635, 621, 602, 581, 580, 563, 564, 534, 513, 495, 461, 452, 422, 416, 377, 361, 337, 325, 290, 272, 261, 239, 204, 189, 167, 152, 130, 106, 70
796, 781, 749, 735, 717, 691, 667, 635, 621, 602, 581, 580, 563, 564, 534, 513, 495, 461, 452, 422, 416, 377, 361, 337, 325, 290, 272, 261, 239, 204, 189, 167, 152, 131, 105, 71
796, 781, 749, 735, 717, 691, 667, 635, 621, 602, 581, 580, 563, 564, 534, 513, 495, 461, 452, 422, 416, 377, 361, 337, 325, 290, 272, 261, 239, 204, 189, 190, 165, 151, 132, 104, 72
796, 781, 749, 735, 717, 691, 667, 635, 621, 602, 581, 580, 563, 564, 534, 513, 495, 461, 452, 422, 416, 377, 361, 337, 325, 290, 272, 261, 239, 204, 189, 190, 165, 151, 132, 104, 103, 73
796, 781, 749, 735, 717, 691, 667, 635, 621, 602, 581, 580, 563, 564, 534, 513, 495, 461, 452, 422, 416, 377, 361, 337, 325, 290, 291, 273, 262, 218, 206, 207, 192, 164, 150, 133, 102, 74
796, 781, 749, 735, 717, 691, 667, 635, 621, 602, 581, 580, 563, 564, 534, 513, 495, 461, 452, 422, 416, 377, 361, 337, 325, 290, 291, 273, 262, 218, 206, 207, 192, 164, 150, 133, 102, 74, 75
796, 781, 749, 735, 717, 691, 667, 635, 621, 602, 581, 580, 563, 564, 534, 513, 495, 461, 452, 422, 416, 377, 361, 337, 325, 290, 291, 273, 262, 219, 208, 209, 193, 162, 146, 115, 99, 76
796, 781, 749, 735, 717, 691, 667, 635, 621, 602, 581, 580, 563, 564, 534, 513, 495, 461, 452, 422, 416, 377, 361, 337, 325, 290, 291, 273, 262, 219, 208, 209, 193, 162, 146, 115, 99, 77
796, 781, 749, 735, 717, 691, 667, 635, 621, 602, 581, 562, 532, 511, 498, 478, 456, 437, 400, 393, 353, 344, 309, 304, 285, 252, 228, 215, 178, 154, 155, 156, 142, 120, 97, 79, 78
796, 781, 749, 735, 717, 691, 667, 635, 621, 602, 581, 562, 532, 511, 498, 478, 456, 437, 400, 393, 353, 344, 309, 304, 285, 252, 228, 215, 178, 154, 155, 156, 142, 120, 97, 79
796, 781, 749, 735, 717, 691, 667, 635, 621, 602, 581, 562, 532, 511, 498, 478, 456, 437, 400, 393, 353, 344, 309, 304, 285, 252, 228, 215, 178, 154, 155, 156, 142, 120, 96, 80
796, 781, 749, 735, 717, 691, 667, 635, 621, 602, 581, 562, 532, 511, 498, 478, 456, 437, 400, 393, 353, 344, 309, 304, 285, 252, 228, 215, 178, 154, 141, 121, 95, 81
796, 781, 749, 735, 717, 691, 667, 635, 621, 602, 581, 562, 532, 511, 498, 478, 456, 437, 400, 393, 353, 344, 309, 304, 285, 252, 228, 215, 178, 154, 141, 121, 95, 82
796, 781, 749, 735, 717, 691, 667, 635, 621, 602, 581, 562, 532, 511, 498, 478, 456, 437, 400, 393, 353, 344, 309, 304, 285, 252, 228, 215, 178, 154, 141, 121, 95, 83
796, 781, 749, 735, 717, 691, 667, 635, 621, 602, 581, 562, 532, 511, 498, 478, 456, 437, 400, 393, 353, 344, 309, 304, 285, 252, 228, 215, 178, 154, 141, 122, 94, 84
796, 781, 749, 735, 717, 691, 667, 635, 621, 602, 581, 562, 532, 511, 498, 478, 456, 437, 400, 393, 353, 344, 309, 304, 285, 252, 228, 215, 178, 154, 141, 122, 94, 85
796, 781, 749, 735, 717, 691, 667, 635, 621, 602, 581, 562, 532, 511, 498, 478, 456, 437, 399, 394, 354, 343, 331, 306, 266, 254, 232, 199, 181, 173, 138, 124, 91, 86
796, 781, 749, 735, 717, 691, 667, 635, 621, 602, 581, 562, 532, 511, 498, 478, 456, 437, 399, 394, 354, 343, 331, 306, 266, 254, 232, 199, 181, 173, 138, 124, 111, 87
796, 781, 749, 735, 717, 691, 667, 635, 621, 602, 581, 580, 563, 533, 512, 497, 459, 453, 419, 396, 374, 357, 340, 328, 286, 269, 258, 235, 201, 185, 170, 135, 125, 110, 88
796, 781, 749, 735, 717, 691, 667, 635, 621, 602, 581, 580, 563, 533, 512, 497, 459, 453, 421, 417, 376, 359, 339, 326, 289, 271, 259, 236, 202, 186, 169, 134, 127, 109, 89
796, 781, 749, 735, 717, 691, 667, 635, 621, 602, 581, 580, 563, 533, 512, 497, 459, 453, 421, 417, 376, 359, 339, 326, 289, 271, 259, 236, 202, 186, 169, 134, 127, 108, 90
796, 781, 749, 735, 717, 691, 667, 635, 621, 602, 581, 562, 532, 511, 498, 478, 456, 437, 399, 394, 354, 343, 331, 306, 266, 254, 232, 199, 181, 173, 138, 124, 91
796, 781, 749, 735, 717, 691, 667, 635, 621, 602, 581, 562, 532, 511, 498, 478, 456, 437, 399, 394, 354, 343, 331, 306, 266, 254, 232, 199, 181, 173, 138, 124, 91, 92
796, 781, 749, 735, 717, 691, 667, 635, 621, 602, 581, 562, 532, 511, 498, 478, 456, 437, 400, 393, 353, 344, 309, 304, 285, 252, 228, 215, 178, 154, 141, 122, 94, 93
796, 781, 749, 735, 717, 691, 667, 635, 621, 602, 581, 562, 532, 511, 498, 478, 456, 437, 400, 393, 353, 344, 309, 304, 285, 252, 228, 215, 178, 154, 141, 122, 94
796, 781, 749, 735, 717, 691, 667, 635, 621, 602, 581, 562, 532, 511, 498, 478, 456, 437, 400, 393, 353, 344, 309, 304, 285, 252, 228, 215, 178, 154, 141, 121, 95
796, 781, 749, 735, 717, 691, 667, 635, 621, 602, 581, 562, 532, 511, 498, 478, 456, 437, 400, 393, 353, 344, 309, 304, 285, 252, 228, 215, 178, 154, 155, 156, 142, 120, 96
796, 781, 749, 735, 717, 691, 667, 635, 621, 602, 581, 562, 532, 511, 498, 478, 456, 437, 400, 393, 353, 344, 309, 304, 285, 252, 228, 215, 178, 154, 155, 156, 142, 120, 97
796, 781, 749, 735, 717, 691, 667, 635, 621, 602, 581, 562, 532, 511, 498, 478, 456, 437, 400, 393, 353, 344, 309, 304, 285, 252, 228, 215, 178, 154, 155, 156, 142, 120, 97, 98
796, 781, 749, 735, 717, 691, 667, 635, 621, 602, 581, 580, 563, 564, 534, 513, 495, 461, 452, 422, 416, 377, 361, 337, 325, 290, 291, 273, 262, 219, 208, 209, 193, 162, 146, 115, 99
