882, 907, 925, 944, 969, 995, 1020, 1039, 1070, 1091, 1095, 1123, 1147, 1178, 1181, 1217, 1220, 1256, 1267, 1268, 1296, 1313, 1333, 1356, 1369, 1400, 1415, 1428, 1454, 1479, 1496, 1514, 1548, 0
882, 907, 925, 944, 969, 995, 1020, 1039, 1070, 1091, 1095, 1123, 1147, 1178, 1181, 1217, 1220, 1256, 1267, 1268, 1296, 1313, 1333, 1356, 1369, 1400, 1415, 1428, 1454, 1479, 1496, 1514, 1548, 1
882, 907, 925, 944, 969, 995, 1020, 1039, 1070, 1091, 1095, 1123, 1147, 1178, 1181, 1217, 1220, 1256, 1267, 1268, 1296, 1313, 1333, 1356, 1369, 1400, 1415, 1428, 1454, 1479, 1496, 1514, 1548, 2
882, 907, 925, 944, 969, 995, 1020, 1039, 1070, 1091, 1095, 1123, 1147, 1178, 1181, 1217, 1220, 1256, 1267, 1268, 1296, 1313, 1333, 1356, 1369, 1400, 1415, 1428, 1454, 1479, 1496, 1514, 1548, 0, 43, 3
882, 881, 900, 909, 923, 962, 967, 991, 1024, 1043, 1066, 1074, 1114, 1121, 1151, 1176, 1199, 1200, 1218, 1253, 1269, 1297, 1311, 1331, 1355, 1367, 1402, 1418, 1430, 1457, 1478, 1494, 1515, 1547, 4
882, 881, 900, 909, 923, 962, 967, 991, 1024, 1043, 1066, 1074, 1114, 1121, 1151, 1176, 1199, 1200, 1218, 1253, 1269, 1297, 1311, 1331, 1355, 1367, 1402, 1418, 1430, 1457, 1476, 1475, 1492, 1516, 1546, 5
882, 881, 900, 909, 923, 962, 967, 991, 1024, 1043, 1066, 1074, 1114, 1121, 1151, 1176, 1199, 1200, 1218, 1253, 1269, 1297, 1311, 1331, 1355, 1367, 1402, 1418, 1430, 1457, 1476, 1475, 1492, 1516, 1546, 6
882, 881, 900, 909, 923, 962, 967, 991, 1024, 1043, 1066, 1074, 1114, 1121, 1151, 1176, 1199, 1200, 1218, 1253, 1269, 1297, 1311, 1331, 1355, 1367, 1402, 1418, 1430, 1457, 1476, 1475, 1492, 1517, 1545, 7
882, 881, 900, 909, 923, 962, 967, 991, 1024, 1043, 1066, 1074, 1114, 1121, 1151, 1176, 1199, 1200, 1218, 1253, 1269, 1297, 1311, 1331, 1355, 1367, 1402, 1418, 1430, 1457, 1476, 1475, 1492, 1517, 1518, 1543, 8
882, 881, 900, 909, 923, 962, 967, 991, 1024, 1043, 1066, 1074, 1114, 1121, 1151, 1176, 1199, 1200, 1218, 1253, 1269, 1297, 1311, 1331, 1355, 1367, 1402, 1418, 1430, 1457, 1476, 1475, 1492, 1517, 1518, 1543, 8, 9
882, 883, 884, 885, 903, 902, 931, 950, 976, 1000, 1015, 1033, 1055, 1084, 1102, 1131, 1140, 1166, 1190, 1191, 1207, 1231, 1247, 1276, 1282, 1281, 1307, 1326, 1350, 1363, 1385, 1422, 1435, 1462, 1472, 1510, 1519, 1542, 10
882, 907, 925, 944, 969, 970, 971, 972, 997, 998, 1017, 1016, 1034, 1053, 1086, 1101, 1130, 1142, 1165, 1187, 1211, 1227, 1243, 1258, 1285, 1302, 1323, 1347, 1380, 1387, 1405, 1437, 1466, 1490, 1508, 1522, 1540, 11
882, 883, 875, 856, 828, 806, 771, 759, 744, 702, 680, 654, 647, 609, 591, 569, 550, 542, 519, 487, 466, 447, 448, 425, 413, 380, 363, 336, 323, 291, 273, 262, 240, 205, 189, 167, 152, 130, 106, 69, 63, 34, 35, 12
882, 883, 875, 856, 828, 806, 771, 759, 744, 702, 680, 654, 647, 609, 591, 569, 550, 542, 519, 487, 466, 447, 448, 425, 413, 380, 363, 336, 323, 291, 273, 262, 240, 205, 189, 167, 152, 130, 106, 69, 63, 33, 13
882, 907, 925, 944, 969, 995, 1020, 1039, 1070, 1091, 1095, 1123, 1147, 1178, 1181, 1216, 1221, 1238, 1265, 1293, 1317, 1336, 1361, 1372, 1395, 1411, 1410, 1443, 1447, 1486, 1503, 1527, 1537, 1538, 14
882, 907, 925, 944, 969, 995, 1020, 1039, 1070, 1091, 1095, 1123, 1147, 1178, 1181, 1216, 1221, 1238, 1265, 1293, 1317, 1336, 1361, 1372, 1395, 1411, 1410, 1443, 1447, 1486, 1503, 1527, 1537, 17, 16, 15
882, 907, 925, 944, 969, 995, 1020, 1039, 1070, 1091, 1095, 1123, 1147, 1178, 1181, 1216, 1221, 1238, 1265, 1293, 1317, 1336, 1361, 1372, 1395, 1411, 1410, 1443, 1447, 1486, 1503, 1527, 1537, 17, 16
882, 907, 925, 944, 969, 995, 1020, 1039, 1070, 1091, 1095, 1123, 1147, 1178, 1181, 1216, 1221, 1238, 1265, 1293, 1317, 1336, 1361, 1372, 1395, 1411, 1410, 1443, 1447, 1486, 1503, 1527, 1537, 17
882, 907, 925, 944, 969, 995, 1020, 1039, 1070, 1091, 1095, 1123, 1147, 1178, 1181, 1216, 1221, 1238, 1265, 1293, 1317, 1336, 1361, 1372, 1396, 1412, 1444, 1448, 1485, 1502, 1528, 1536, 18
882, 907, 925, 944, 969, 995, 1020, 1039, 1070, 1091, 1095, 1123, 1147, 1178, 1181, 1216, 1221, 1238, 1265, 1293, 1317, 1336, 1361, 1372, 1396, 1412, 1444, 1448, 1485, 1502, 1528, 1535, 19
882, 907, 925, 944, 969, 995, 1020, 1039, 1070, 1091, 1095, 1123, 1147, 1178, 1181, 1216, 1221, 1238, 1265, 1293, 1317, 1336, 1361, 1372, 1396, 1412, 1444, 1448, 1485, 1502, 1528, 1534, 20
882, 907, 925, 944, 969, 995, 1020, 1039, 1070, 1091, 1095, 1123, 1147, 1178, 1181, 1217, 1220, 1256, 1267, 1294, 1315, 1334, 1359, 1371, 1398, 1413, 1424, 1451, 1484, 1501, 1529, 1533, 21
882, 907, 925, 944, 969, 995, 1020, 1039, 1070, 1091, 1095, 1123, 1147, 1178, 1181, 1217, 1220, 1256, 1267, 1294, 1315, 1334, 1359, 1371, 1398, 1413, 1424, 1451, 1483, 1500, 1499, 1531, 1553, 22
882, 907, 925, 944, 969, 995, 1020, 1039, 1070, 1091, 1095, 1123, 1147, 1178, 1181, 1217, 1220, 1256, 1267, 1294, 1315, 1334, 1359, 1371, 1398, 1413, 1424, 1451, 1483, 1500, 1499, 1532, 1552, 23
882, 907, 925, 944, 969, 995, 1020, 1039, 1070, 1091, 1095, 1123, 1147, 1178, 1181, 1217, 1220, 1256, 1267, 1294, 1315, 1334, 1359, 1371, 1398, 1414, 1427, 1453, 1480, 1497, 1513, 1549, 24
882, 907, 925, 944, 969, 995, 1020, 1039, 1070, 1091, 1095, 1123, 1147, 1178, 1181, 1217, 1220, 1256, 1267, 1294, 1315, 1334, 1359, 1371, 1398, 1413, 1424, 1451, 1483, 1500, 1499, 1532, 1552, 23, 25
882, 907, 925, 944, 969, 995, 1020, 1039, 1070, 1091, 1095, 1123, 1147, 1178, 1181, 1217, 1220, 1256, 1267, 1294, 1315, 1334, 1359, 1371, 1398, 1413, 1424, 1451, 1483, 1500, 1499, 1532, 1552, 23, 26
882, 907, 925, 944, 969, 995, 1020, 1039, 1070, 1091, 1095, 1123, 1147, 1178, 1181, 1217, 1220, 1256, 1267, 1294, 1315, 1334, 1359, 1371, 1398, 1413, 1424, 1451, 1484, 1501, 1529, 1533, 21, 27
882, 907, 925, 944, 969, 995, 1020, 1039, 1070, 1091, 1095, 1123, 1147, 1178, 1181, 1216, 1221, 1238, 1265, 1293, 1317, 1336, 1361, 1372, 1396, 1412, 1444, 1448, 1485, 1502, 1528, 1534, 20, 28
882, 907, 925, 944, 969, 995, 1020, 1039, 1070, 1091, 1095, 1123, 1147, 1178, 1181, 1216, 1221, 1238, 1265, 1293, 1317, 1336, 1361, 1372, 1396, 1412, 1444, 1448, 1485, 1502, 1528, 1535, 19, 29
882, 907, 925, 944, 969, 995, 1020, 1039, 1070, 1091, 1095, 1123, 1147, 1178, 1181, 1216, 1221, 1238, 1265, 1293, 1317, 1336, 1361, 1372, 1396, 1412, 1444, 1448, 1485, 1502, 1528, 1535, 19, 30
882, 907, 925, 944, 969, 995, 1020, 1039, 1070, 1091, 1095, 1123, 1147, 1178, 1181, 1216, 1221, 1238, 1265, 1293, 1317, 1336, 1361, 1372, 1395, 1411, 1410, 1443, 1447, 1486, 1503, 1527, 1537, 17, 31
882, 907, 925, 944, 969, 995, 1020, 1039, 1070, 1091, 1095, 1123, 1147, 1178, 1181, 1216, 1221, 1238, 1265, 1293, 1317, 1336, 1361, 1372, 1395, 1411, 1410, 1443, 1447, 1486, 1503, 1527, 1537, 17, 32
882, 883, 875, 856, 828, 806, 771, 759, 744, 702, 680, 654, 647, 609, 591, 569, 550, 542, 519, 487, 466, 447, 448, 425, 413, 380, 363, 336, 323, 291, 273, 262, 240, 205, 189, 167, 152, 130, 106, 69, 63, 33
882, 883, 875, 856, 828, 806, 771, 759, 744, 702, 680, 654, 647, 609, 591, 569, 550, 542, 519, 487, 466, 447, 448, 425, 413, 380, 363, 336, 323, 291, 273, 262, 240, 205, 189, 167, 152, 130, 106, 69, 63, 34
882, 883, 875, 856, 828, 806, 771, 759, 744, 702, 680, 654, 647, 609, 591, 569, 550, 542, 519, 487, 466, 447, 448, 425, 413, 380, 363, 336, 323, 291, 273, 262, 240, 205, 189, 167, 152, 130, 106, 69, 63, 34, 35
882, 883, 875, 856, 828, 806, 771, 759, 744, 702, 680, 654, 647, 609, 591, 569, 550, 542, 519, 487, 466, 447, 448, 425, 413, 380, 363, 336, 323, 291, 273, 262, 240, 205, 189, 167, 152, 130, 106, 69, 63, 34, 35, 36
882, 883, 884, 885, 903, 902, 931, 950, 976, 1000, 1015, 1033, 1055, 1084, 1102, 1131, 1140, 1166, 1190, 1191, 1207, 1231, 1247, 1276, 1282, 1281, 1307, 1326, 1350, 1363, 1385, 1422, 1435, 1462, 1472, 1510, 1519, 1542, 10, 37
882, 881, 900, 909, 923, 962, 967, 991, 1024, 1043, 1066, 1074, 1114, 1121, 1151, 1176, 1199, 1200, 1218, 1253, 1269, 1297, 1311, 1331, 1355, 1367, 1402, 1418, 1430, 1457, 1476, 1475, 1492, 1517, 1518, 1543, 8, 40, 39, 38
882, 881, 900, 909, 923, 962, 967, 991, 1024, 1043, 1066, 1074, 1114, 1121, 1151, 1176, 1199, 1200, 1218, 1253, 1269, 1297, 1311, 1331, 1355, 1367, 1402, 1418, 1430, 1457, 1476, 1475, 1492, 1517, 1518, 1543, 8, 40, 39
882, 881, 900, 909, 923, 962, 967, 991, 1024, 1043, 1066, 1074, 1114, 1121, 1151, 1176, 1199, 1200, 1218, 1253, 1269, 1297, 1311, 1331, 1355, 1367, 1402, 1418, 1430, 1457, 1476, 1475, 1492, 1517, 1518, 1543, 8, 40
882, 881, 900, 909, 923, 962, 967, 991, 1024, 1043, 1066, 1074, 1114, 1121, 1151, 1176, 1199, 1200, 1218, 1253, 1269, 1297, 1311, 1331, 1355, 1367, 1402, 1418, 1430, 1457, 1476, 1475, 1492, 1516, 1546, 6, 41
882, 881, 900, 909, 923, 962, 967, 991, 1024, 1043, 1066, 1074, 1114, 1121, 1151, 1176, 1199, 1200, 1218, 1253, 1269, 1297, 1311, 1331, 1355, 1367, 1402, 1418, 1430, 1457, 1476, 1475, 1492, 1516, 1546, 6, 41, 42
882, 907, 925, 944, 969, 995, 1020, 1039, 1070, 1091, 1095, 1123, 1147, 1178, 1181, 1217, 1220, 1256, 1267, 1268, 1296, 1313, 1333, 1356, 1369, 1400, 1415, 1428, 1454, 1479, 1496, 1514, 1548, 0, 43
882, 907, 925, 944, 969, 995, 1020, 1039, 1070, 1091, 1095, 1123, 1147, 1178, 1181, 1217, 1220, 1256, 1267, 1294, 1315, 1334, 1359, 1371, 1398, 1414, 1427, 1453, 1480, 1497, 1513, 1549, 24, 45, 44
882, 907, 925, 944, 969, 995, 1020, 1039, 1070, 1091, 1095, 1123, 1147, 1178, 1181, 1217, 1220, 1256, 1267, 1294, 1315, 1334, 1359, 1371, 1398, 1414, 1427, 1453, 1480, 1497, 1513, 1549, 24, 45
882, 907, 925, 944, 969, 995, 1020, 1039, 1070, 1091, 1095, 1123, 1147, 1178, 1181, 1217, 1220, 1256, 1267, 1294, 1315, 1334, 1359, 1371, 1398, 1414, 1427, 1453, 1480, 1497, 1513, 1549, 24, 46
882, 874, 857, 827, 805, 795, 760, 746, 705, 678, 652, 644, 612, 594, 566, 552, 523, 504, 484, 470, 443, 430, 406, 386, 370, 350, 316, 300, 301, 282, 251, 228, 215, 178, 154, 141, 122, 94, 85, 47
882, 881, 900, 909, 923, 962, 967, 991, 1024, 1043, 1066, 1074, 1114, 1121, 1151, 1176, 1199, 1200, 1218, 1253, 1269, 1297, 1311, 1331, 1355, 1367, 1402, 1418, 1430, 1457, 1476, 1475, 1492, 1516, 1546, 6, 41, 42, 48
882, 907, 925, 944, 969, 995, 1020, 1039, 1070, 1091, 1095, 1123, 1147, 1178, 1181, 1217, 1220, 1256, 1267, 1268, 1296, 1313, 1333, 1356, 1369, 1400, 1415, 1428, 1454, 1479, 1496, 1514, 1548, 0, 43, 49
882, 907, 925, 944, 969, 995, 1020, 1039, 1070, 1091, 1095, 1123, 1147, 1178, 1181, 1217, 1220, 1256, 1267, 1268, 1296, 1313, 1333, 1356, 1369, 1400, 1415, 1428, 1454, 1479, 1496, 1514, 1548, 0, 43, 50
882, 907, 925, 944, 969, 995, 1020, 1039, 1070, 1091, 1095, 1123, 1147, 1178, 1181, 1217, 1220, 1256, 1267, 1294, 1315, 1334, 1359, 1371, 1398, 1414, 1427, 1453, 1480, 1497, 1513, 1549, 24, 45, 51
882, 907, 925, 944, 969, 995, 1020, 1039, 1070, 1091, 1095, 1123, 1147, 1178, 1181, 1217, 1220, 1256, 1267, 1294, 1315, 1334, 1359, 1371, 1398, 1414, 1427, 1453, 1480, 1497, 1513, 1549, 24, 46, 52
882, 907, 925, 944, 969, 995, 1020, 1039, 1070, 1091, 1095, 1123, 1147, 1178, 1181, 1217, 1220, 1256, 1267, 1294, 1315, 1334, 1359, 1371, 1398, 1413, 1424, 1451, 1483, 1500, 1499, 1532, 1552, 23, 25, 53
882, 907, 925, 944, 969, 995, 1020, 1039, 1070, 1091, 1095, 1123, 1147, 1178, 1181, 1217, 1220, 1256, 1267, 1294, 1315, 1334, 1359, 1371, 1398, 1413, 1424, 1451, 1483, 1500, 1499, 1532, 1552, 23, 26, 54
882, 907, 925, 944, 969, 995, 1020, 1039, 1070, 1091, 1095, 1123, 1147, 1178, 1181, 1217, 1220, 1256, 1267, 1294, 1315, 1334, 1359, 1371, 1398, 1413, 1424, 1451, 1483, 1500, 1499, 1532, 1552, 23, 26, 55
882, 907, 925, 944, 969, 995, 1020, 1039, 1070, 1091, 1095, 1123, 1147, 1178, 1181, 1217, 1220, 1256, 1267, 1294, 1315, 1334, 1359, 1371, 1398, 1413, 1424, 1451, 1484, 1501, 1529, 1533, 21, 27, 56
882, 907, 925, 944, 969, 995, 1020, 1039, 1070, 1091, 1095, 1123, 1147, 1178, 1181, 1217, 1220, 1256, 1267, 1294, 1315, 1334, 1359, 1371, 1398, 1413, 1424, 1451, 1484, 1501, 1529, 1533, 21, 27, 57
882, 907, 925, 944, 969, 995, 1020, 1039, 1070, 1091, 1095, 1123, 1147, 1178, 1181, 1216, 1221, 1238, 1265, 1293, 1317, 1336, 1361, 1372, 1396, 1412, 1444, 1448, 1485, 1502, 1528, 1534, 20, 28, 58
882, 907, 925, 944, 969, 995, 1020, 1039, 1070, 1091, 1095, 1123, 1147, 1178, 1181, 1216, 1221, 1238, 1265, 1293, 1317, 1336, 1361, 1372, 1396, 1412, 1444, 1448, 1485, 1502, 1528, 1534, 20, 28, 59
882, 907, 925, 944, 969, 995, 1020, 1039, 1070, 1091, 1095, 1123, 1147, 1178, 1181, 1216, 1221, 1238, 1265, 1293, 1317, 1336, 1361, 1372, 1396, 1412, 1444, 1448, 1485, 1502, 1528, 1535, 19, 30, 60
882, 907, 925, 944, 969, 995, 1020, 1039, 1070, 1091, 1095, 1123, 1147, 1178, 1181, 1216, 1221, 1238, 1265, 1293, 1317, 1336, 1361, 1372, 1396, 1412, 1444, 1448, 1485, 1502, 1528, 1535, 19, 30, 61
882, 907, 925, 944, 969, 995, 1020, 1039, 1070, 1091, 1095, 1123, 1147, 1178, 1181, 1216, 1221, 1238, 1265, 1293, 1317, 1336, 1361, 1372, 1395, 1411, 1410, 1443, 1447, 1486, 1503, 1527, 1537, 17, 32, 62
882, 883, 875, 856, 828, 806, 771, 759, 744, 702, 680, 654, 647, 609, 591, 569, 550, 542, 519, 487, 466, 447, 448, 425, 413, 380, 363, 336, 323, 291, 273, 262, 240, 205, 189, 167, 152, 130, 106, 69, 63
882, 883, 875, 856, 828, 806, 771, 759, 744, 702, 680, 654, 647, 609, 591, 569, 550, 542, 519, 487, 466, 447, 448, 425, 413, 380, 363, 336, 323, 291, 273, 262, 240, 205, 189, 167, 152, 130, 106, 69, 63, 64
882, 883, 875, 856, 828, 806, 771, 759, 744, 702, 680, 654, 647, 609, 591, 569, 550, 549, 539, 517, 516, 491, 492, 463, 449, 423, 415, 377, 360, 338, 326, 289, 271, 259, 236, 202, 186, 169, 134, 127, 108, 90, 65
882, 883, 884, 885, 903, 902, 931, 950, 976, 1000, 1015, 1033, 1055, 1084, 1102, 1131, 1140, 1166, 1190, 1191, 1207, 1231, 1247, 1276, 1282, 1281, 1307, 1326, 1350, 1363, 1385, 1422, 1435, 1462, 1472, 1510, 1519, 1542, 10, 37, 66
882, 874, 857, 827, 805, 795, 760, 746, 705, 678, 652, 644, 612, 594, 566, 552, 523, 504, 484, 470, 443, 430, 406, 386, 370, 349, 348, 314, 313, 302, 283, 252, 230, 217, 179, 174, 139, 138, 124, 111, 87, 67
882, 881, 900, 909, 923, 962, 967, 991, 1024, 1043, 1066, 1074, 1114, 1121, 1151, 1176, 1199, 1200, 1218, 1253, 1269, 1297, 1311, 1331, 1355, 1367, 1402, 1418, 1430, 1457, 1476, 1475, 1492, 1517, 1518, 1543, 8, 40, 68
882, 883, 875, 856, 828, 806, 771, 759, 744, 702, 680, 654, 647, 609, 591, 569, 550, 542, 519, 487, 466, 447, 448, 425, 413, 380, 363, 336, 323, 291, 273, 262, 240, 205, 189, 167, 152, 130, 106, 69
882, 883, 875, 856, 828, 806, 771, 759, 744, 702, 680, 654, 647, 609, 591, 569, 550, 542, 519, 487, 466, 447, 448, 425, 413, 380, 363, 336, 323, 291, 273, 262, 240, 205, 189, 167, 152, 130, 106, 70
882, 883, 875, 856, 828, 806, 771, 759, 744, 702, 680, 654, 647, 609, 591, 569, 550, 542, 519, 487, 466, 447, 448, 425, 413, 380, 363, 336, 323, 291, 273, 262, 240, 205, 189, 167, 152, 131, 105, 71
882, 907, 925, 944, 969, 995, 1020, 1039, 1070, 1091, 1095, 1123, 1147, 1178, 1181, 1216, 1221, 1238, 1265, 1293, 1317, 1336, 1361, 1372, 1396, 1412, 1444, 1448, 1485, 1502, 1528, 1535, 19, 30, 61, 72
882, 907, 925, 944, 969, 995, 1020, 1039, 1070, 1091, 1095, 1123, 1147, 1178, 1181, 1216, 1221, 1238, 1265, 1293, 1317, 1336, 1361, 1372, 1396, 1412, 1444, 1448, 1485, 1502, 1528, 1535, 19, 30, 60, 73
882, 907, 925, 944, 969, 995, 1020, 1039, 1070, 1091, 1095, 1123, 1147, 1178, 1181, 1216, 1221, 1238, 1265, 1293, 1317, 1336, 1361, 1372, 1396, 1412, 1444, 1448, 1485, 1502, 1528, 1534, 20, 28, 59, 74
882, 907, 925, 944, 969, 995, 1020, 1039, 1070, 1091, 1095, 1123, 1147, 1178, 1181, 1217, 1220, 1256, 1267, 1294, 1315, 1334, 1359, 1371, 1398, 1413, 1424, 1451, 1484, 1501, 1529, 1533, 21, 27, 57, 75
882, 907, 925, 944, 969, 995, 1020, 1039, 1070, 1091, 1095, 1123, 1147, 1178, 1181, 1217, 1220, 1256, 1267, 1294, 1315, 1334, 1359, 1371, 1398, 1413, 1424, 1451, 1483, 1500, 1499, 1532, 1552, 23, 26, 54, 76
882, 874, 857, 827, 805, 795, 760, 746, 705, 678, 652, 644, 612, 594, 566, 552, 523, 504, 484, 470, 443, 430, 406, 386, 370, 350, 316, 299, 280, 247, 224, 212, 196, 160, 144, 117, 98, 78, 77
882, 874, 857, 827, 805, 795, 760, 746, 705, 678, 652, 644, 612, 594, 566, 552, 523, 504, 484, 470, 443, 430, 406, 386, 370, 350, 316, 299, 280, 247, 224, 212, 196, 160, 144, 117, 98, 78
882, 874, 857, 827, 805, 795, 760, 746, 705, 678, 652, 644, 612, 594, 566, 552, 523, 504, 484, 470, 443, 430, 406, 386, 370, 350, 316, 300, 281, 248, 226, 213, 175, 158, 143, 119, 97, 79
882, 874, 857, 827, 805, 795, 760, 746, 705, 678, 652, 644, 612, 594, 566, 552, 523, 504, 484, 470, 443, 430, 406, 386, 370, 350, 316, 300, 281, 248, 226, 213, 175, 158, 143, 119, 97, 80
882, 874, 857, 827, 805, 795, 760, 746, 705, 678, 652, 644, 612, 594, 566, 552, 523, 504, 484, 470, 443, 430, 406, 386, 370, 350, 316, 300, 301, 282, 251, 228, 215, 178, 154, 141, 121, 95, 81
882, 874, 857, 827, 805, 795, 760, 746, 705, 678, 652, 644, 612, 594, 566, 552, 523, 504, 484, 470, 443, 430, 406, 386, 370, 350, 316, 300, 301, 282, 251, 228, 215, 178, 154, 141, 121, 95, 82
882, 874, 857, 827, 805, 795, 760, 746, 705, 678, 652, 644, 612, 594, 566, 552, 523, 504, 484, 470, 443, 430, 406, 386, 370, 350, 316, 300, 301, 282, 251, 228, 215, 178, 154, 141, 121, 95, 83
882, 874, 857, 827, 805, 795, 760, 746, 705, 678, 652, 644, 612, 594, 566, 552, 523, 504, 484, 470, 443, 430, 406, 386, 370, 350, 316, 300, 301, 282, 251, 228, 215, 178, 154, 141, 122, 94, 84
882, 874, 857, 827, 805, 795, 760, 746, 705, 678, 652, 644, 612, 594, 566, 552, 523, 504, 484, 470, 443, 430, 406, 386, 370, 350, 316, 300, 301, 282, 251, 228, 215, 178, 154, 141, 122, 94, 85
882, 874, 857, 827, 805, 795, 760, 746, 705, 678, 652, 644, 612, 594, 566, 552, 523, 504, 484, 470, 443, 430, 406, 386, 370, 349, 348, 314, 313, 302, 283, 252, 230, 217, 179, 174, 139, 123, 92, 86
882, 874, 857, 827, 805, 795, 760, 746, 705, 678, 652, 644, 612, 594, 566, 552, 523, 504, 484, 470, 443, 430, 406, 386, 370, 349, 348, 314, 313, 302, 283, 252, 230, 217, 179, 174, 139, 138, 124, 111, 87
882, 874, 857, 827, 805, 795, 760, 746, 705, 678, 652, 644, 612, 594, 566, 552, 523, 504, 484, 470, 443, 430, 406, 386, 370, 349, 348, 314, 313, 302, 283, 252, 230, 231, 197, 180, 173, 137, 125, 110, 88
882, 883, 875, 856, 828, 806, 771, 759, 744, 702, 680, 654, 647, 609, 591, 569, 550, 549, 539, 517, 516, 491, 492, 463, 449, 423, 415, 377, 360, 338, 326, 289, 271, 259, 236, 202, 186, 169, 134, 127, 109, 89
882, 883, 875, 856, 828, 806, 771, 759, 744, 702, 680, 654, 647, 609, 591, 569, 550, 549, 539, 517, 516, 491, 492, 463, 449, 423, 415, 377, 360, 338, 326, 289, 271, 259, 236, 202, 186, 169, 134, 127, 108, 90
882, 874, 857, 827, 805, 795, 760, 746, 705, 678, 652, 644, 612, 594, 566, 552, 523, 504, 484, 470, 443, 430, 406, 386, 370, 349, 348, 314, 313, 302, 283, 252, 230, 217, 179, 174, 139, 123, 92, 91
882, 874, 857, 827, 805, 795, 760, 746, 705, 678, 652, 644, 612, 594, 566, 552, 523, 504, 484, 470, 443, 430, 406, 386, 370, 349, 348, 314, 313, 302, 283, 252, 230, 217, 179, 174, 139, 123, 92
882, 874, 857, 827, 805, 795, 760, 746, 705, 678, 652, 644, 612, 594, 566, 552, 523, 504, 484, 470, 443, 430, 406, 386, 370, 350, 316, 300, 301, 282, 251, 228, 215, 178, 154, 141, 122, 94, 93
882, 874, 857, 827, 805, 795, 760, 746, 705, 678, 652, 644, 612, 594, 566, 552, 523, 504, 484, 470, 443, 430, 406, 386, 370, 350, 316, 300, 301, 282, 251, 228, 215, 178, 154, 141, 122, 94
882, 874, 857, 827, 805, 795, 760, 746, 705, 678, 652, 644, 612, 594, 566, 552, 523, 504, 484, 470, 443, 430, 406, 386, 370, 350, 316, 300, 301, 282, 251, 228, 215, 178, 154, 141, 121, 95
882, 874, 857, 827, 805, 795, 760, 746, 705, 678, 652, 644, 612, 594, 566, 552, 523, 504, 484, 470, 443, 430, 406, 386, 370, 350, 316, 300, 281, 248, 226, 213, 175, 158, 143, 119, 97, 96
882, 874, 857, 827, 805, 795, 760, 746, 705, 678, 652, 644, 612, 594, 566, 552, 523, 504, 484, 470, 443, 430, 406, 386, 370, 350, 316, 300, 281, 248, 226, 213, 175, 158, 143, 119, 97
882, 874, 857, 827, 805, 795, 760, 746, 705, 678, 652, 644, 612, 594, 566, 552, 523, 504, 484, 470, 443, 430, 406, 386, 370, 350, 316, 299, 280, 247, 224, 212, 196, 160, 144, 117, 98
882, 907, 925, 944, 969, 995, 1020, 1039, 1070, 1091, 1095, 1123, 1147, 1178, 1181, 1217, 1220, 1256, 1267, 1294, 1315, 1334, 1359, 1371, 1398, 1413, 1424, 1451, 1483, 1500, 1499, 1532, 1552, 23, 26, 54, 76, 99
