873, 872, 900, 909, 923, 962, 967, 991, 1024, 1043, 1066, 1074, 1114, 1121, 1151, 1176, 1199, 1200, 1218, 1254, 1268, 1296, 1313, 1333, 1356, 1369, 1400, 1415, 1428, 1454, 1479, 1496, 1514, 1548, 0
873, 872, 900, 909, 923, 962, 967, 991, 1024, 1043, 1066, 1074, 1114, 1121, 1151, 1176, 1199, 1200, 1218, 1254, 1268, 1296, 1313, 1333, 1356, 1369, 1400, 1415, 1428, 1454, 1479, 1496, 1514, 1548, 1
873, 872, 900, 909, 923, 962, 967, 991, 1024, 1043, 1066, 1074, 1114, 1121, 1151, 1176, 1199, 1200, 1218, 1254, 1268, 1296, 1313, 1333, 1356, 1369, 1400, 1415, 1428, 1454, 1479, 1496, 1514, 1548, 2
873, 872, 900, 909, 923, 962, 967, 991, 1024, 1043, 1066, 1074, 1114, 1121, 1151, 1176, 1199, 1200, 1218, 1253, 1269, 1297, 1311, 1331, 1355, 1367, 1402, 1418, 1430, 1457, 1478, 1494, 1515, 1547, 3
873, 872, 900, 909, 923, 962, 967, 991, 1024, 1043, 1066, 1074, 1114, 1121, 1151, 1176, 1199, 1200, 1218, 1253, 1269, 1297, 1311, 1331, 1355, 1367, 1402, 1418, 1430, 1457, 1478, 1494, 1515, 1547, 4
873, 872, 900, 909, 923, 962, 967, 991, 1024, 1043, 1066, 1074, 1114, 1121, 1151, 1176, 1199, 1200, 1218, 1253, 1269, 1297, 1311, 1331, 1355, 1367, 1402, 1418, 1430, 1457, 1476, 1475, 1492, 1516, 1546, 5
873, 872, 900, 909, 923, 962, 967, 991, 1024, 1043, 1066, 1074, 1114, 1121, 1151, 1176, 1199, 1200, 1218, 1253, 1269, 1297, 1311, 1331, 1355, 1367, 1402, 1418, 1430, 1457, 1476, 1475, 1492, 1516, 1546, 6
873, 872, 900, 909, 923, 962, 967, 991, 1024, 1043, 1066, 1074, 1114, 1121, 1151, 1176, 1199, 1200, 1218, 1253, 1269, 1297, 1311, 1331, 1355, 1367, 1402, 1418, 1430, 1457, 1476, 1475, 1492, 1517, 1545, 7
873, 872, 900, 909, 923, 962, 967, 991, 1024, 1043, 1066, 1074, 1114, 1121, 1151, 1176, 1199, 1200, 1218, 1253, 1269, 1297, 1311, 1331, 1355, 1367, 1402, 1418, 1430, 1457, 1476, 1475, 1492, 1517, 1518, 1543, 8
873, 872, 900, 909, 923, 962, 967, 991, 1024, 1043, 1066, 1074, 1114, 1121, 1151, 1176, 1199, 1200, 1218, 1253, 1269, 1297, 1311, 1331, 1355, 1367, 1402, 1418, 1430, 1457, 1476, 1475, 1492, 1517, 1518, 1543, 8, 9
873, 872, 900, 909, 923, 962, 967, 991, 1024, 1043, 1066, 1074, 1114, 1120, 1152, 1174, 1198, 1197, 1196, 1203, 1234, 1250, 1273, 1280, 1281, 1307, 1326, 1350, 1363, 1385, 1422, 1435, 1462, 1472, 1510, 1519, 1542, 10
873, 872, 900, 909, 923, 962, 967, 991, 1024, 1043, 1066, 1074, 1114, 1120, 1152, 1174, 1198, 1197, 1196, 1203, 1234, 1250, 1273, 1280, 1281, 1307, 1326, 1350, 1363, 1385, 1422, 1435, 1463, 1471, 1509, 1521, 1541, 11
873, 872, 900, 909, 923, 962, 967, 991, 1024, 1043, 1066, 1074, 1114, 1120, 1152, 1174, 1198, 1197, 1196, 1203, 1234, 1250, 1273, 1280, 1281, 1307, 1326, 1350, 1363, 1385, 1422, 1435, 1463, 1471, 1509, 1521, 1541, 11, 12
873, 874, 875, 856, 828, 806, 771, 759, 744, 702, 680, 654, 647, 609, 591, 569, 550, 542, 519, 487, 466, 447, 448, 425, 413, 380, 363, 336, 323, 291, 273, 262, 240, 205, 189, 167, 152, 130, 106, 69, 63, 33, 13
873, 872, 900, 909, 923, 963, 964, 992, 1022, 1040, 1069, 1092, 1094, 1122, 1149, 1177, 1180, 1217, 1220, 1257, 1266, 1265, 1293, 1317, 1336, 1361, 1372, 1395, 1411, 1410, 1443, 1447, 1486, 1503, 1527, 1537, 1538, 14
873, 872, 900, 909, 923, 963, 964, 992, 1022, 1040, 1069, 1092, 1094, 1122, 1149, 1177, 1180, 1217, 1220, 1257, 1266, 1265, 1293, 1317, 1336, 1361, 1372, 1395, 1411, 1410, 1443, 1447, 1486, 1503, 1527, 1537, 17, 16, 15
873, 872, 900, 909, 923, 963, 964, 992, 1022, 1040, 1069, 1092, 1094, 1122, 1149, 1177, 1180, 1217, 1220, 1257, 1266, 1265, 1293, 1317, 1336, 1361, 1372, 1395, 1411, 1410, 1443, 1447, 1486, 1503, 1527, 1537, 17, 16
873, 872, 900, 909, 923, 963, 964, 992, 1022, 1040, 1069, 1092, 1094, 1122, 1149, 1177, 1180, 1217, 1220, 1257, 1266, 1265, 1293, 1317, 1336, 1361, 1372, 1395, 1411, 1410, 1443, 1447, 1486, 1503, 1527, 1537, 17
873, 872, 900, 909, 923, 963, 964, 992, 1022, 1040, 1069, 1092, 1094, 1122, 1149, 1177, 1180, 1217, 1220, 1257, 1266, 1265, 1293, 1317, 1336, 1361, 1372, 1396, 1412, 1444, 1448, 1485, 1502, 1528, 1536, 18
873, 872, 900, 909, 923, 963, 964, 992, 1022, 1040, 1069, 1092, 1094, 1122, 1149, 1177, 1180, 1217, 1220, 1257, 1266, 1265, 1293, 1317, 1336, 1361, 1372, 1396, 1412, 1444, 1448, 1485, 1502, 1528, 1535, 19
873, 872, 900, 909, 923, 963, 964, 992, 1022, 1040, 1069, 1092, 1094, 1122, 1149, 1177, 1180, 1217, 1220, 1257, 1266, 1265, 1293, 1317, 1336, 1361, 1372, 1396, 1412, 1444, 1448, 1485, 1502, 1528, 1534, 20
873, 872, 900, 909, 923, 963, 964, 992, 1022, 1040, 1069, 1092, 1094, 1122, 1149, 1177, 1180, 1217, 1220, 1256, 1267, 1294, 1315, 1334, 1359, 1371, 1398, 1413, 1424, 1451, 1484, 1501, 1529, 1533, 21
873, 872, 900, 909, 923, 963, 964, 992, 1022, 1040, 1069, 1092, 1094, 1122, 1149, 1177, 1180, 1217, 1220, 1256, 1267, 1294, 1315, 1334, 1359, 1371, 1398, 1413, 1424, 1451, 1483, 1500, 1499, 1531, 1553, 22
873, 872, 900, 909, 923, 963, 964, 992, 1022, 1040, 1069, 1092, 1094, 1122, 1149, 1177, 1180, 1217, 1220, 1256, 1267, 1294, 1315, 1334, 1359, 1371, 1398, 1413, 1424, 1451, 1483, 1500, 1499, 1532, 1552, 23
873, 872, 900, 909, 923, 962, 967, 991, 1024, 1043, 1066, 1074, 1114, 1121, 1151, 1176, 1199, 1200, 1218, 1254, 1268, 1296, 1313, 1333, 1356, 1369, 1400, 1415, 1428, 1454, 1479, 1497, 1513, 1549, 24
873, 872, 900, 909, 923, 963, 964, 992, 1022, 1040, 1069, 1092, 1094, 1122, 1149, 1177, 1180, 1217, 1220, 1256, 1267, 1294, 1315, 1334, 1359, 1371, 1398, 1413, 1424, 1451, 1483, 1500, 1499, 1532, 1552, 23, 25
873, 872, 900, 909, 923, 963, 964, 992, 1022, 1040, 1069, 1092, 1094, 1122, 1149, 1177, 1180, 1217, 1220, 1256, 1267, 1294, 1315, 1334, 1359, 1371, 1398, 1413, 1424, 1451, 1483, 1500, 1499, 1532, 1552, 23, 26
873, 872, 900, 909, 923, 963, 964, 992, 1022, 1040, 1069, 1092, 1094, 1122, 1149, 1177, 1180, 1217, 1220, 1256, 1267, 1294, 1315, 1334, 1359, 1371, 1398, 1413, 1424, 1451, 1484, 1501, 1529, 1533, 21, 27
873, 872, 900, 909, 923, 963, 964, 992, 1022, 1040, 1069, 1092, 1094, 1122, 1149, 1177, 1180, 1217, 1220, 1257, 1266, 1265, 1293, 1317, 1336, 1361, 1372, 1396, 1412, 1444, 1448, 1485, 1502, 1528, 1534, 20, 28
873, 872, 900, 909, 923, 963, 964, 992, 1022, 1040, 1069, 1092, 1094, 1122, 1149, 1177, 1180, 1217, 1220, 1257, 1266, 1265, 1293, 1317, 1336, 1361, 1372, 1396, 1412, 1444, 1448, 1485, 1502, 1528, 1535, 19, 29
873, 872, 900, 909, 923, 963, 964, 992, 1022, 1040, 1069, 1092, 1094, 1122, 1149, 1177, 1180, 1217, 1220, 1257, 1266, 1265, 1293, 1317, 1336, 1361, 1372, 1396, 1412, 1444, 1448, 1485, 1502, 1528, 1535, 19, 30
873, 872, 900, 909, 923, 963, 964, 992, 1022, 1040, 1069, 1092, 1094, 1122, 1149, 1177, 1180, 1217, 1220, 1257, 1266, 1265, 1293, 1317, 1336, 1361, 1372, 1395, 1411, 1410, 1443, 1447, 1486, 1503, 1527, 1537, 17, 31
873, 872, 900, 909, 923, 963, 964, 992, 1022, 1040, 1069, 1092, 1094, 1122, 1149, 1177, 1180, 1217, 1220, 1257, 1266, 1265, 1293, 1317, 1336, 1361, 1372, 1395, 1411, 1410, 1443, 1447, 1486, 1503, 1527, 1537, 17, 32
873, 874, 875, 856, 828, 806, 771, 759, 744, 702, 680, 654, 647, 609, 591, 569, 550, 542, 519, 487, 466, 447, 448, 425, 413, 380, 363, 336, 323, 291, 273, 262, 240, 205, 189, 167, 152, 130, 106, 69, 63, 33
873, 874, 875, 856, 828, 806, 771, 759, 744, 702, 680, 654, 647, 609, 591, 569, 550, 542, 519, 487, 466, 447, 448, 425, 413, 380, 363, 336, 323, 291, 273, 262, 240, 205, 189, 167, 152, 130, 106, 69, 63, 34
873, 874, 875, 856, 828, 806, 771, 759, 744, 702, 680, 654, 647, 609, 591, 569, 550, 542, 519, 487, 466, 447, 448, 425, 413, 380, 363, 336, 323, 291, 273, 262, 240, 205, 189, 167, 152, 130, 106, 69, 63, 34, 35
873, 872, 900, 909, 923, 962, 967, 991, 1024, 1043, 1066, 1074, 1114, 1120, 1152, 1174, 1198, 1197, 1196, 1203, 1234, 1250, 1273, 1280, 1281, 1307, 1326, 1350, 1363, 1385, 1422, 1435, 1463, 1471, 1509, 1521, 1541, 11, 36
873, 872, 900, 909, 923, 962, 967, 991, 1024, 1043, 1066, 1074, 1114, 1120, 1152, 1174, 1198, 1197, 1196, 1203, 1234, 1250, 1273, 1280, 1281, 1307, 1326, 1350, 1363, 1385, 1422, 1435, 1462, 1472, 1510, 1519, 1542, 10, 37
873, 872, 900, 909, 923, 962, 967, 991, 1024, 1043, 1066, 1074, 1114, 1121, 1151, 1176, 1199, 1200, 1218, 1253, 1269, 1297, 1311, 1331, 1355, 1367, 1402, 1418, 1430, 1457, 1476, 1475, 1492, 1517, 1518, 1543, 8, 40, 39, 38
873, 872, 900, 909, 923, 962, 967, 991, 1024, 1043, 1066, 1074, 1114, 1121, 1151, 1176, 1199, 1200, 1218, 1253, 1269, 1297, 1311, 1331, 1355, 1367, 1402, 1418, 1430, 1457, 1476, 1475, 1492, 1517, 1518, 1543, 8, 40, 39
873, 872, 900, 909, 923, 962, 967, 991, 1024, 1043, 1066, 1074, 1114, 1121, 1151, 1176, 1199, 1200, 1218, 1253, 1269, 1297, 1311, 1331, 1355, 1367, 1402, 1418, 1430, 1457, 1476, 1475, 1492, 1517, 1518, 1543, 8, 40
873, 872, 900, 909, 923, 962, 967, 991, 1024, 1043, 1066, 1074, 1114, 1121, 1151, 1176, 1199, 1200, 1218, 1253, 1269, 1297, 1311, 1331, 1355, 1367, 1402, 1418, 1430, 1457, 1476, 1475, 1492, 1516, 1546, 6, 41
873, 872, 900, 909, 923, 962, 967, 991, 1024, 1043, 1066, 1074, 1114, 1121, 1151, 1176, 1199, 1200, 1218, 1253, 1269, 1297, 1311, 1331, 1355, 1367, 1402, 1418, 1430, 1457, 1476, 1475, 1492, 1516, 1546, 6, 41, 42
873, 872, 900, 909, 923, 962, 967, 991, 1024, 1043, 1066, 1074, 1114, 1121, 1151, 1176, 1199, 1200, 1218, 1254, 1268, 1296, 1313, 1333, 1356, 1369, 1400, 1415, 1428, 1454, 1479, 1496, 1514, 1548, 0, 43
873, 872, 900, 909, 923, 962, 967, 991, 1024, 1043, 1066, 1074, 1114, 1121, 1151, 1176, 1199, 1200, 1218, 1254, 1268, 1296, 1313, 1333, 1356, 1369, 1400, 1415, 1428, 1454, 1479, 1496, 1514, 1548, 2, 44
873, 872, 900, 909, 923, 962, 967, 991, 1024, 1043, 1066, 1074, 1114, 1121, 1151, 1176, 1199, 1200, 1218, 1254, 1268, 1296, 1313, 1333, 1356, 1369, 1400, 1415, 1428, 1454, 1479, 1497, 1513, 1549, 24, 45
873, 872, 900, 909, 923, 962, 967, 991, 1024, 1043, 1066, 1074, 1114, 1121, 1151, 1176, 1199, 1200, 1218, 1254, 1268, 1296, 1313, 1333, 1356, 1369, 1400, 1415, 1428, 1454, 1479, 1497, 1513, 1549, 24, 46
873, 872, 900, 909, 923, 962, 967, 991, 1024, 1043, 1066, 1074, 1114, 1121, 1151, 1176, 1199, 1200, 1218, 1253, 1269, 1297, 1311, 1331, 1355, 1367, 1402, 1418, 1430, 1457, 1476, 1475, 1492, 1516, 1546, 6, 41, 47
873, 872, 900, 909, 923, 962, 967, 991, 1024, 1043, 1066, 1074, 1114, 1121, 1151, 1176, 1199, 1200, 1218, 1253, 1269, 1297, 1311, 1331, 1355, 1367, 1402, 1418, 1430, 1457, 1476, 1475, 1492, 1516, 1546, 6, 41, 42, 48
873, 872, 900, 909, 923, 962, 967, 991, 1024, 1043, 1066, 1074, 1114, 1121, 1151, 1176, 1199, 1200, 1218, 1254, 1268, 1296, 1313, 1333, 1356, 1369, 1400, 1415, 1428, 1454, 1479, 1496, 1514, 1548, 0, 43, 49
873, 872, 900, 909, 923, 962, 967, 991, 1024, 1043, 1066, 1074, 1114, 1121, 1151, 1176, 1199, 1200, 1218, 1254, 1268, 1296, 1313, 1333, 1356, 1369, 1400, 1415, 1428, 1454, 1479, 1496, 1514, 1548, 0, 43, 50
873, 872, 900, 909, 923, 962, 967, 991, 1024, 1043, 1066, 1074, 1114, 1121, 1151, 1176, 1199, 1200, 1218, 1254, 1268, 1296, 1313, 1333, 1356, 1369, 1400, 1415, 1428, 1454, 1479, 1496, 1514, 1548, 2, 44, 51
873, 872, 900, 909, 923, 962, 967, 991, 1024, 1043, 1066, 1074, 1114, 1121, 1151, 1176, 1199, 1200, 1218, 1254, 1268, 1296, 1313, 1333, 1356, 1369, 1400, 1415, 1428, 1454, 1479, 1497, 1513, 1549, 24, 46, 52
873, 872, 900, 909, 923, 962, 967, 991, 1024, 1043, 1066, 1074, 1114, 1121, 1151, 1176, 1199, 1200, 1218, 1254, 1268, 1296, 1313, 1333, 1356, 1369, 1400, 1415, 1428, 1454, 1479, 1497, 1513, 1549, 24, 46, 53
873, 872, 900, 909, 923, 963, 964, 992, 1022, 1040, 1069, 1092, 1094, 1122, 1149, 1177, 1180, 1217, 1220, 1256, 1267, 1294, 1315, 1334, 1359, 1371, 1398, 1413, 1424, 1451, 1483, 1500, 1499, 1532, 1552, 23, 26, 54
873, 872, 900, 909, 923, 963, 964, 992, 1022, 1040, 1069, 1092, 1094, 1122, 1149, 1177, 1180, 1217, 1220, 1256, 1267, 1294, 1315, 1334, 1359, 1371, 1398, 1413, 1424, 1451, 1483, 1500, 1499, 1532, 1552, 23, 26, 55
873, 858, 826, 804, 793, 761, 723, 707, 677, 651, 643, 612, 594, 566, 552, 523, 504, 484, 470, 443, 444, 429, 409, 384, 368, 332, 318, 295, 277, 245, 222, 210, 194, 162, 147, 113, 101, 75, 56
873, 858, 826, 804, 793, 761, 723, 707, 677, 651, 643, 612, 594, 566, 552, 523, 504, 484, 470, 443, 444, 429, 409, 384, 368, 332, 318, 295, 277, 245, 222, 210, 194, 162, 147, 113, 101, 75, 57
873, 872, 900, 909, 923, 963, 964, 992, 1022, 1040, 1069, 1092, 1094, 1122, 1149, 1177, 1180, 1217, 1220, 1257, 1266, 1265, 1293, 1317, 1336, 1361, 1372, 1396, 1412, 1444, 1448, 1485, 1502, 1528, 1534, 20, 28, 58
873, 872, 900, 909, 923, 963, 964, 992, 1022, 1040, 1069, 1092, 1094, 1122, 1149, 1177, 1180, 1217, 1220, 1257, 1266, 1265, 1293, 1317, 1336, 1361, 1372, 1396, 1412, 1444, 1448, 1485, 1502, 1528, 1534, 20, 28, 59
873, 872, 900, 909, 923, 963, 964, 992, 1022, 1040, 1069, 1092, 1094, 1122, 1149, 1177, 1180, 1217, 1220, 1257, 1266, 1265, 1293, 1317, 1336, 1361, 1372, 1396, 1412, 1444, 1448, 1485, 1502, 1528, 1535, 19, 30, 60
873, 872, 900, 909, 923, 963, 964, 992, 1022, 1040, 1069, 1092, 1094, 1122, 1149, 1177, 1180, 1217, 1220, 1257, 1266, 1265, 1293, 1317, 1336, 1361, 1372, 1396, 1412, 1444, 1448, 1485, 1502, 1528, 1535, 19, 30, 61
873, 874, 875, 856, 828, 806, 771, 759, 744, 702, 680, 654, 647, 609, 591, 569, 550, 542, 519, 487, 466, 447, 448, 425, 413, 380, 363, 336, 323, 291, 273, 262, 240, 205, 189, 167, 152, 131, 105, 71, 62
873, 874, 875, 856, 828, 806, 771, 759, 744, 702, 680, 654, 647, 609, 591, 569, 550, 542, 519, 487, 466, 447, 448, 425, 413, 380, 363, 336, 323, 291, 273, 262, 240, 205, 189, 167, 152, 130, 106, 69, 63
873, 874, 875, 856, 828, 806, 771, 759, 744, 702, 680, 654, 647, 609, 591, 569, 550, 542, 519, 487, 466, 447, 448, 425, 413, 380, 363, 336, 323, 291, 273, 262, 240, 205, 189, 167, 152, 130, 106, 69, 63, 64
873, 872, 900, 909, 923, 962, 967, 991, 1024, 1043, 1066, 1074, 1114, 1120, 1152, 1174, 1198, 1197, 1196, 1203, 1234, 1250, 1273, 1280, 1281, 1307, 1326, 1350, 1363, 1385, 1422, 1435, 1462, 1472, 1510, 1519, 1542, 10, 37, 66, 65
873, 872, 900, 909, 923, 962, 967, 991, 1024, 1043, 1066, 1074, 1114, 1120, 1152, 1174, 1198, 1197, 1196, 1203, 1234, 1250, 1273, 1280, 1281, 1307, 1326, 1350, 1363, 1385, 1422, 1435, 1462, 1472, 1510, 1519, 1542, 10, 37, 66
873, 872, 900, 909, 923, 962, 967, 991, 1024, 1043, 1066, 1074, 1114, 1120, 1152, 1174, 1198, 1197, 1196, 1203, 1234, 1250, 1273, 1280, 1281, 1307, 1326, 1350, 1363, 1385, 1422, 1435, 1462, 1472, 1510, 1519, 1542, 10, 37, 67
873, 872, 900, 909, 923, 962, 967, 991, 1024, 1043, 1066, 1074, 1114, 1121, 1151, 1176, 1199, 1200, 1218, 1253, 1269, 1297, 1311, 1331, 1355, 1367, 1402, 1418, 1430, 1457, 1476, 1475, 1492, 1517, 1518, 1543, 8, 40, 68
873, 874, 875, 856, 828, 806, 771, 759, 744, 702, 680, 654, 647, 609, 591, 569, 550, 542, 519, 487, 466, 447, 448, 425, 413, 380, 363, 336, 323, 291, 273, 262, 240, 205, 189, 167, 152, 130, 106, 69
873, 874, 875, 856, 828, 806, 771, 759, 744, 702, 680, 654, 647, 609, 591, 569, 550, 542, 519, 487, 466, 447, 448, 425, 413, 380, 363, 336, 323, 291, 273, 262, 240, 205, 189, 167, 152, 130, 106, 70
873, 874, 875, 856, 828, 806, 771, 759, 744, 702, 680, 654, 647, 609, 591, 569, 550, 542, 519, 487, 466, 447, 448, 425, 413, 380, 363, 336, 323, 291, 273, 262, 240, 205, 189, 167, 152, 131, 105, 71
873, 858, 826, 804, 793, 761, 723, 707, 677, 651, 643, 612, 594, 566, 552, 523, 504, 484, 470, 443, 444, 429, 409, 384, 368, 332, 318, 295, 275, 243, 220, 208, 192, 164, 151, 132, 104, 72
873, 872, 900, 909, 923, 963, 964, 992, 1022, 1040, 1069, 1092, 1094, 1122, 1149, 1177, 1180, 1217, 1220, 1257, 1266, 1265, 1293, 1317, 1336, 1361, 1372, 1396, 1412, 1444, 1448, 1485, 1502, 1528, 1535, 19, 30, 60, 73
873, 872, 900, 909, 923, 963, 964, 992, 1022, 1040, 1069, 1092, 1094, 1122, 1149, 1177, 1180, 1217, 1220, 1257, 1266, 1265, 1293, 1317, 1336, 1361, 1372, 1396, 1412, 1444, 1448, 1485, 1502, 1528, 1534, 20, 28, 59, 74
873, 858, 826, 804, 793, 761, 723, 707, 677, 651, 643, 612, 594, 566, 552, 523, 504, 484, 470, 443, 444, 429, 409, 384, 368, 332, 318, 295, 277, 245, 222, 210, 194, 162, 147, 113, 101, 75
873, 872, 900, 909, 923, 963, 964, 992, 1022, 1040, 1069, 1092, 1094, 1122, 1149, 1177, 1180, 1217, 1220, 1256, 1267, 1294, 1315, 1334, 1359, 1371, 1398, 1413, 1424, 1451, 1483, 1500, 1499, 1532, 1552, 23, 26, 54, 76
873, 858, 826, 804, 793, 761, 723, 707, 677, 651, 643, 612, 594, 566, 552, 523, 504, 484, 470, 443, 430, 406, 386, 370, 350, 316, 299, 280, 247, 224, 212, 196, 160, 144, 117, 98, 78, 77
873, 858, 826, 804, 793, 761, 723, 707, 677, 651, 643, 612, 594, 566, 552, 523, 504, 484, 470, 443, 430, 406, 386, 370, 350, 316, 299, 280, 247, 224, 212, 196, 160, 144, 117, 98, 78
873, 858, 826, 804, 793, 761, 723, 707, 677, 651, 643, 612, 594, 566, 552, 523, 504, 484, 470, 443, 430, 406, 386, 370, 350, 316, 300, 281, 248, 226, 213, 175, 158, 143, 119, 97, 79
873, 858, 826, 804, 793, 761, 723, 707, 677, 651, 643, 612, 594, 566, 552, 523, 504, 484, 470, 443, 430, 406, 386, 370, 350, 316, 300, 281, 248, 226, 213, 175, 158, 143, 119, 97, 80
873, 872, 900, 909, 923, 962, 967, 991, 1024, 1043, 1066, 1074, 1114, 1121, 1151, 1176, 1199, 1200, 1218, 1253, 1269, 1297, 1311, 1331, 1355, 1367, 1402, 1418, 1430, 1457, 1476, 1475, 1492, 1516, 1546, 6, 41, 42, 48, 81
873, 872, 900, 909, 923, 962, 967, 991, 1024, 1043, 1066, 1074, 1114, 1121, 1151, 1176, 1199, 1200, 1218, 1253, 1269, 1297, 1311, 1331, 1355, 1367, 1402, 1418, 1430, 1457, 1476, 1475, 1492, 1516, 1546, 6, 41, 42, 48, 82
873, 872, 900, 909, 923, 962, 967, 991, 1024, 1043, 1066, 1074, 1114, 1121, 1151, 1176, 1199, 1200, 1218, 1253, 1269, 1297, 1311, 1331, 1355, 1367, 1402, 1418, 1430, 1457, 1476, 1475, 1492, 1516, 1546, 6, 41, 42, 48, 83
873, 872, 900, 909, 923, 962, 967, 991, 1024, 1043, 1066, 1074, 1114, 1121, 1151, 1176, 1199, 1200, 1218, 1253, 1269, 1297, 1311, 1331, 1355, 1367, 1402, 1418, 1430, 1457, 1476, 1475, 1492, 1516, 1546, 6, 41, 47, 84
873, 872, 900, 909, 923, 962, 967, 991, 1024, 1043, 1066, 1074, 1114, 1121, 1151, 1176, 1199, 1200, 1218, 1253, 1269, 1297, 1311, 1331, 1355, 1367, 1402, 1418, 1430, 1457, 1476, 1475, 1492, 1516, 1546, 6, 41, 47, 85
873, 858, 826, 804, 792, 763, 764, 725, 709, 674, 673, 641, 615, 597, 586, 556, 526, 507, 502, 473, 439, 433, 402, 391, 352, 345, 310, 303, 285, 252, 230, 217, 179, 174, 139, 123, 92, 86
873, 872, 900, 909, 923, 962, 967, 991, 1024, 1043, 1066, 1074, 1114, 1121, 1151, 1176, 1199, 1200, 1218, 1253, 1269, 1297, 1311, 1331, 1355, 1367, 1402, 1418, 1430, 1457, 1476, 1475, 1492, 1517, 1518, 1543, 8, 40, 68, 87
873, 872, 900, 909, 923, 962, 967, 991, 1024, 1043, 1066, 1074, 1114, 1120, 1152, 1174, 1198, 1197, 1196, 1203, 1234, 1250, 1273, 1280, 1281, 1307, 1326, 1350, 1363, 1385, 1422, 1435, 1462, 1472, 1510, 1519, 1542, 10, 37, 66, 88
873, 872, 900, 909, 923, 962, 967, 991, 1024, 1043, 1066, 1074, 1114, 1120, 1152, 1174, 1198, 1197, 1196, 1203, 1234, 1250, 1273, 1280, 1281, 1307, 1326, 1350, 1363, 1385, 1422, 1435, 1462, 1472, 1510, 1519, 1542, 10, 37, 66, 88, 89
873, 874, 875, 856, 828, 806, 771, 759, 744, 702, 680, 654, 647, 609, 591, 569, 550, 549, 539, 517, 516, 491, 492, 463, 449, 423, 415, 377, 360, 338, 326, 289, 271, 259, 236, 202, 186, 169, 134, 127, 108, 90
873, 858, 826, 804, 792, 763, 764, 725, 709, 674, 673, 641, 615, 597, 586, 556, 526, 507, 502, 473, 439, 433, 402, 391, 352, 345, 310, 303, 285, 252, 230, 217, 179, 174, 139, 123, 92, 91
873, 858, 826, 804, 792, 763, 764, 725, 709, 674, 673, 641, 615, 597, 586, 556, 526, 507, 502, 473, 439, 433, 402, 391, 352, 345, 310, 303, 285, 252, 230, 217, 179, 174, 139, 123, 92
873, 872, 900, 909, 923, 962, 967, 991, 1024, 1043, 1066, 1074, 1114, 1121, 1151, 1176, 1199, 1200, 1218, 1253, 1269, 1297, 1311, 1331, 1355, 1367, 1402, 1418, 1430, 1457, 1476, 1475, 1492, 1516, 1546, 6, 41, 47, 85, 93
873, 872, 900, 909, 923, 962, 967, 991, 1024, 1043, 1066, 1074, 1114, 1121, 1151, 1176, 1199, 1200, 1218, 1253, 1269, 1297, 1311, 1331, 1355, 1367, 1402, 1418, 1430, 1457, 1476, 1475, 1492, 1516, 1546, 6, 41, 47, 85, 94
873, 858, 826, 804, 792, 763, 764, 725, 709, 674, 673, 641, 615, 597, 586, 556, 526, 507, 502, 473, 439, 433, 402, 391, 352, 345, 310, 303, 285, 252, 228, 215, 178, 154, 141, 121, 95
873, 858, 826, 804, 793, 761, 723, 707, 677, 651, 643, 612, 594, 566, 552, 523, 504, 484, 470, 443, 430, 406, 386, 370, 350, 316, 300, 281, 248, 226, 213, 175, 158, 143, 119, 97, 96
873, 858, 826, 804, 793, 761, 723, 707, 677, 651, 643, 612, 594, 566, 552, 523, 504, 484, 470, 443, 430, 406, 386, 370, 350, 316, 300, 281, 248, 226, 213, 175, 158, 143, 119, 97
873, 858, 826, 804, 793, 761, 723, 707, 677, 651, 643, 612, 594, 566, 552, 523, 504, 484, 470, 443, 430, 406, 386, 370, 350, 316, 299, 280, 247, 224, 212, 196, 160, 144, 117, 98
873, 858, 826, 804, 793, 761, 723, 707, 677, 651, 643, 612, 594, 566, 552, 523, 504, 484, 470, 443, 430, 406, 386, 370, 350, 316, 299, 280, 247, 224, 212, 196, 160, 144, 145, 116, 99
