951, 977, 978, 1002, 1012, 1030, 1059, 1081, 1108, 1135, 1136, 1156, 1170, 1193, 1206, 1233, 1249, 1274, 1280, 1308, 1327, 1352, 1365, 1383, 1419, 1432, 1457, 1478, 1495, 1514, 1548, 0
951, 977, 978, 1002, 1012, 1030, 1059, 1081, 1108, 1135, 1136, 1156, 1170, 1193, 1206, 1233, 1249, 1274, 1280, 1308, 1327, 1352, 1365, 1383, 1419, 1432, 1457, 1478, 1495, 1514, 1548, 1
951, 977, 978, 1002, 1012, 1030, 1059, 1081, 1108, 1135, 1136, 1156, 1170, 1193, 1206, 1233, 1249, 1274, 1280, 1308, 1327, 1352, 1365, 1383, 1419, 1432, 1457, 1478, 1495, 1514, 1548, 2
951, 977, 978, 1002, 1012, 1030, 1059, 1081, 1108, 1135, 1136, 1156, 1170, 1193, 1206, 1233, 1249, 1274, 1280, 1308, 1327, 1352, 1365, 1383, 1419, 1432, 1457, 1478, 1494, 1515, 1547, 3
951, 977, 978, 1002, 1012, 1030, 1059, 1081, 1108, 1135, 1136, 1156, 1170, 1193, 1206, 1233, 1249, 1274, 1280, 1308, 1327, 1352, 1365, 1383, 1419, 1432, 1457, 1478, 1494, 1515, 1547, 4
951, 977, 1000, 1015, 1033, 1055, 1084, 1102, 1131, 1140, 1166, 1190, 1191, 1207, 1231, 1247, 1276, 1282, 1281, 1307, 1326, 1350, 1362, 1384, 1421, 1433, 1459, 1475, 1492, 1516, 1546, 5
951, 977, 1000, 1015, 1033, 1055, 1084, 1102, 1131, 1140, 1166, 1190, 1191, 1207, 1231, 1247, 1276, 1282, 1281, 1307, 1326, 1350, 1362, 1384, 1421, 1433, 1459, 1475, 1492, 1516, 1546, 6
951, 977, 1000, 1015, 1033, 1055, 1084, 1102, 1131, 1140, 1166, 1190, 1191, 1207, 1231, 1247, 1276, 1282, 1281, 1307, 1326, 1350, 1362, 1384, 1421, 1433, 1459, 1475, 1492, 1517, 1545, 7
951, 977, 1000, 1015, 1033, 1055, 1084, 1102, 1131, 1140, 1166, 1190, 1191, 1207, 1231, 1247, 1276, 1282, 1281, 1307, 1326, 1350, 1363, 1385, 1422, 1435, 1462, 1472, 1510, 1511, 1518, 1543, 8
951, 977, 1000, 1015, 1033, 1055, 1084, 1102, 1131, 1140, 1166, 1190, 1191, 1207, 1231, 1247, 1276, 1282, 1281, 1307, 1326, 1350, 1363, 1385, 1422, 1435, 1462, 1472, 1510, 1519, 1542, 9
951, 977, 1000, 1015, 1033, 1055, 1084, 1102, 1131, 1140, 1166, 1190, 1191, 1207, 1231, 1247, 1276, 1282, 1281, 1307, 1326, 1350, 1363, 1385, 1422, 1435, 1462, 1472, 1510, 1519, 1542, 10
951, 977, 1000, 1015, 1033, 1055, 1084, 1102, 1131, 1140, 1166, 1189, 1210, 1228, 1243, 1258, 1285, 1302, 1323, 1347, 1380, 1387, 1405, 1437, 1466, 1490, 1508, 1522, 1540, 11
951, 977, 1000, 1015, 1033, 1055, 1084, 1102, 1131, 1140, 1166, 1189, 1210, 1228, 1243, 1258, 1285, 1302, 1323, 1347, 1380, 1387, 1405, 1437, 1466, 1490, 1508, 1522, 1540, 12
951, 977, 1000, 1015, 1033, 1055, 1084, 1102, 1131, 1140, 1166, 1189, 1210, 1228, 1243, 1258, 1285, 1302, 1323, 1347, 1380, 1387, 1405, 1437, 1466, 1490, 1507, 1523, 1539, 13
951, 977, 1000, 1015, 1033, 1055, 1084, 1102, 1131, 1140, 1166, 1189, 1210, 1228, 1243, 1258, 1285, 1302, 1322, 1345, 1378, 1388, 1406, 1438, 1467, 1489, 1506, 1524, 1538, 14
951, 977, 1000, 1015, 1033, 1055, 1084, 1102, 1131, 1140, 1166, 1189, 1210, 1228, 1243, 1258, 1285, 1302, 1322, 1345, 1378, 1388, 1406, 1438, 1467, 1489, 1506, 1524, 1538, 15
951, 977, 1000, 1015, 1033, 1055, 1084, 1102, 1131, 1140, 1166, 1189, 1210, 1228, 1243, 1258, 1285, 1302, 1322, 1345, 1378, 1388, 1406, 1438, 1467, 1489, 1506, 1524, 1538, 16
951, 950, 975, 999, 1016, 1034, 1053, 1086, 1101, 1130, 1142, 1164, 1186, 1212, 1226, 1242, 1260, 1287, 1301, 1321, 1344, 1377, 1392, 1408, 1440, 1446, 1488, 1504, 1526, 1537, 17
951, 950, 975, 999, 1016, 1034, 1053, 1086, 1101, 1130, 1142, 1164, 1186, 1212, 1226, 1241, 1261, 1289, 1320, 1338, 1342, 1375, 1394, 1410, 1443, 1447, 1486, 1502, 1528, 1536, 18
951, 950, 975, 999, 1016, 1034, 1053, 1086, 1101, 1130, 1142, 1164, 1186, 1212, 1226, 1241, 1261, 1289, 1320, 1338, 1342, 1375, 1394, 1410, 1443, 1447, 1486, 1502, 1528, 1535, 19
951, 950, 975, 999, 1016, 1034, 1053, 1086, 1101, 1130, 1142, 1164, 1186, 1212, 1226, 1241, 1261, 1289, 1320, 1338, 1342, 1375, 1394, 1410, 1443, 1447, 1486, 1502, 1528, 1534, 20
951, 950, 975, 999, 1016, 1034, 1053, 1086, 1101, 1130, 1142, 1164, 1186, 1212, 1226, 1241, 1261, 1289, 1320, 1338, 1342, 1375, 1394, 1410, 1443, 1447, 1486, 1502, 1528, 1534, 20, 21
951, 950, 975, 999, 1016, 1034, 1053, 1086, 1101, 1130, 1142, 1164, 1186, 1212, 1226, 1241, 1261, 1289, 1320, 1338, 1342, 1375, 1394, 1410, 1411, 1444, 1450, 1484, 1500, 1499, 1531, 1553, 22
951, 950, 975, 999, 1016, 1034, 1053, 1086, 1101, 1130, 1142, 1164, 1186, 1212, 1226, 1241, 1261, 1289, 1320, 1338, 1342, 1375, 1394, 1410, 1411, 1444, 1450, 1484, 1500, 1499, 1532, 1552, 23
951, 950, 975, 999, 1016, 1034, 1053, 1086, 1101, 1130, 1142, 1164, 1186, 1212, 1226, 1241, 1261, 1289, 1320, 1338, 1342, 1375, 1394, 1410, 1411, 1444, 1450, 1484, 1500, 1499, 1532, 1552, 1551, 24
951, 950, 975, 999, 1016, 1034, 1053, 1086, 1101, 1130, 1142, 1164, 1186, 1212, 1226, 1241, 1261, 1289, 1320, 1338, 1342, 1375, 1394, 1410, 1411, 1444, 1450, 1484, 1500, 1499, 1532, 1552, 23, 25
951, 950, 975, 999, 1016, 1034, 1053, 1086, 1101, 1130, 1142, 1164, 1186, 1212, 1226, 1241, 1261, 1289, 1320, 1338, 1342, 1375, 1394, 1410, 1411, 1444, 1450, 1484, 1500, 1499, 1532, 1552, 23, 26
951, 950, 975, 999, 1016, 1034, 1053, 1086, 1101, 1130, 1142, 1164, 1186, 1212, 1226, 1241, 1261, 1289, 1320, 1338, 1342, 1375, 1394, 1410, 1443, 1447, 1486, 1502, 1528, 1534, 20, 28, 27
951, 950, 975, 999, 1016, 1034, 1053, 1086, 1101, 1130, 1142, 1164, 1186, 1212, 1226, 1241, 1261, 1289, 1320, 1338, 1342, 1375, 1394, 1410, 1443, 1447, 1486, 1502, 1528, 1534, 20, 28
951, 950, 975, 999, 1016, 1034, 1053, 1086, 1101, 1130, 1142, 1164, 1186, 1212, 1226, 1241, 1261, 1289, 1320, 1338, 1342, 1375, 1394, 1410, 1443, 1447, 1486, 1502, 1528, 1535, 19, 29
951, 950, 975, 999, 1016, 1034, 1053, 1086, 1101, 1130, 1142, 1164, 1186, 1212, 1226, 1241, 1261, 1289, 1320, 1338, 1342, 1375, 1394, 1410, 1443, 1447, 1486, 1502, 1528, 1535, 19, 30
951, 950, 975, 999, 1016, 1034, 1053, 1086, 1101, 1130, 1142, 1164, 1186, 1212, 1226, 1242, 1260, 1287, 1301, 1321, 1344, 1377, 1392, 1408, 1440, 1446, 1488, 1504, 1526, 1537, 17, 31
951, 977, 1000, 1015, 1033, 1055, 1084, 1102, 1131, 1140, 1166, 1189, 1210, 1228, 1243, 1258, 1285, 1302, 1322, 1345, 1378, 1388, 1406, 1438, 1467, 1489, 1506, 1524, 1538, 16, 32
951, 977, 1000, 1015, 1033, 1055, 1084, 1102, 1131, 1140, 1166, 1189, 1210, 1228, 1243, 1258, 1285, 1302, 1322, 1345, 1378, 1388, 1406, 1438, 1467, 1489, 1506, 1524, 1538, 14, 33
951, 977, 1000, 1015, 1033, 1055, 1084, 1102, 1131, 1140, 1166, 1189, 1210, 1228, 1243, 1258, 1285, 1302, 1323, 1347, 1380, 1387, 1405, 1437, 1466, 1490, 1507, 1523, 1539, 13, 34
951, 977, 1000, 1015, 1033, 1055, 1084, 1102, 1131, 1140, 1166, 1189, 1210, 1228, 1243, 1258, 1285, 1302, 1323, 1347, 1380, 1387, 1405, 1437, 1466, 1490, 1508, 1522, 1540, 12, 35
951, 977, 1000, 1015, 1033, 1055, 1084, 1102, 1131, 1140, 1166, 1189, 1210, 1228, 1243, 1258, 1285, 1302, 1323, 1347, 1380, 1387, 1405, 1437, 1466, 1490, 1508, 1522, 1540, 12, 36
951, 977, 1000, 1015, 1033, 1055, 1084, 1102, 1131, 1140, 1166, 1190, 1191, 1207, 1231, 1247, 1276, 1282, 1281, 1307, 1326, 1350, 1363, 1385, 1422, 1435, 1462, 1472, 1510, 1519, 1542, 10, 37
951, 977, 1000, 1015, 1033, 1055, 1084, 1102, 1131, 1140, 1166, 1190, 1191, 1207, 1231, 1247, 1276, 1282, 1281, 1307, 1326, 1350, 1363, 1385, 1422, 1435, 1462, 1472, 1510, 1519, 1542, 9, 38
951, 977, 1000, 1015, 1033, 1055, 1084, 1102, 1131, 1140, 1166, 1190, 1191, 1207, 1231, 1247, 1276, 1282, 1281, 1307, 1326, 1350, 1363, 1385, 1422, 1435, 1462, 1472, 1510, 1519, 1542, 9, 39
951, 977, 1000, 1015, 1033, 1055, 1084, 1102, 1131, 1140, 1166, 1190, 1191, 1207, 1231, 1247, 1276, 1282, 1281, 1307, 1326, 1350, 1363, 1385, 1422, 1435, 1462, 1472, 1510, 1511, 1518, 1543, 8, 40
951, 977, 1000, 1015, 1033, 1055, 1084, 1102, 1131, 1140, 1166, 1190, 1191, 1207, 1231, 1247, 1276, 1282, 1281, 1307, 1326, 1350, 1362, 1384, 1421, 1433, 1459, 1475, 1492, 1516, 1546, 6, 41
951, 977, 1000, 1015, 1033, 1055, 1084, 1102, 1131, 1140, 1166, 1190, 1191, 1207, 1231, 1247, 1276, 1282, 1281, 1307, 1326, 1350, 1362, 1384, 1421, 1433, 1459, 1475, 1492, 1516, 1546, 6, 41, 42
951, 977, 978, 1002, 1012, 1030, 1059, 1081, 1108, 1135, 1136, 1156, 1170, 1193, 1206, 1233, 1249, 1274, 1280, 1308, 1327, 1352, 1365, 1383, 1419, 1432, 1457, 1478, 1494, 1515, 1547, 3, 43
951, 977, 978, 1002, 1012, 1030, 1059, 1081, 1108, 1135, 1136, 1156, 1170, 1193, 1206, 1233, 1249, 1274, 1280, 1308, 1327, 1352, 1365, 1383, 1419, 1432, 1457, 1478, 1495, 1514, 1548, 2, 44
951, 977, 978, 1002, 1012, 1030, 1059, 1081, 1108, 1135, 1136, 1156, 1170, 1193, 1206, 1233, 1249, 1274, 1280, 1308, 1327, 1352, 1365, 1383, 1419, 1432, 1457, 1478, 1495, 1514, 1548, 2, 44, 45
951, 950, 975, 999, 1016, 1034, 1053, 1086, 1101, 1130, 1142, 1164, 1186, 1212, 1226, 1241, 1261, 1289, 1320, 1338, 1342, 1375, 1394, 1410, 1411, 1444, 1450, 1484, 1500, 1499, 1532, 1552, 23, 25, 46
951, 977, 1000, 1015, 1033, 1055, 1084, 1102, 1131, 1140, 1166, 1190, 1191, 1207, 1231, 1247, 1276, 1282, 1281, 1307, 1326, 1350, 1362, 1384, 1421, 1433, 1459, 1475, 1492, 1516, 1546, 6, 41, 47
951, 977, 1000, 1015, 1033, 1055, 1084, 1102, 1131, 1140, 1166, 1190, 1191, 1207, 1231, 1247, 1276, 1282, 1281, 1307, 1326, 1350, 1362, 1384, 1421, 1433, 1459, 1475, 1492, 1516, 1546, 6, 41, 42, 48
951, 977, 978, 1002, 1012, 1030, 1059, 1081, 1108, 1135, 1136, 1156, 1170, 1193, 1206, 1233, 1249, 1274, 1280, 1308, 1327, 1352, 1365, 1383, 1419, 1432, 1457, 1478, 1494, 1515, 1547, 3, 43, 49
951, 977, 978, 1002, 1012, 1030, 1059, 1081, 1108, 1135, 1136, 1156, 1170, 1193, 1206, 1233, 1249, 1274, 1280, 1308, 1327, 1352, 1365, 1383, 1419, 1432, 1457, 1478, 1494, 1515, 1547, 3, 43, 50
951, 977, 978, 1002, 1012, 1030, 1059, 1081, 1108, 1135, 1136, 1156, 1170, 1193, 1206, 1233, 1249, 1274, 1280, 1308, 1327, 1352, 1365, 1383, 1419, 1432, 1457, 1478, 1495, 1514, 1548, 2, 44, 51
951, 950, 975, 999, 1016, 1034, 1053, 1086, 1101, 1130, 1142, 1164, 1186, 1212, 1226, 1241, 1261, 1289, 1320, 1338, 1342, 1375, 1394, 1410, 1411, 1444, 1450, 1484, 1500, 1499, 1532, 1552, 23, 25, 53, 52
951, 950, 975, 999, 1016, 1034, 1053, 1086, 1101, 1130, 1142, 1164, 1186, 1212, 1226, 1241, 1261, 1289, 1320, 1338, 1342, 1375, 1394, 1410, 1411, 1444, 1450, 1484, 1500, 1499, 1532, 1552, 23, 25, 53
951, 950, 975, 999, 1016, 1034, 1053, 1086, 1101, 1130, 1142, 1164, 1186, 1212, 1226, 1241, 1261, 1289, 1320, 1338, 1342, 1375, 1394, 1410, 1411, 1444, 1450, 1484, 1500, 1499, 1532, 1552, 23, 26, 54
951, 950, 975, 999, 1016, 1034, 1053, 1086, 1101, 1130, 1142, 1164, 1186, 1212, 1226, 1241, 1261, 1289, 1320, 1338, 1342, 1375, 1394, 1410, 1443, 1447, 1486, 1502, 1528, 1534, 20, 28, 58, 57, 56, 55
951, 950, 975, 999, 1016, 1034, 1053, 1086, 1101, 1130, 1142, 1164, 1186, 1212, 1226, 1241, 1261, 1289, 1320, 1338, 1342, 1375, 1394, 1410, 1443, 1447, 1486, 1502, 1528, 1534, 20, 28, 58, 57, 56
951, 950, 975, 999, 1016, 1034, 1053, 1086, 1101, 1130, 1142, 1164, 1186, 1212, 1226, 1241, 1261, 1289, 1320, 1338, 1342, 1375, 1394, 1410, 1443, 1447, 1486, 1502, 1528, 1534, 20, 28, 58, 57
951, 950, 975, 999, 1016, 1034, 1053, 1086, 1101, 1130, 1142, 1164, 1186, 1212, 1226, 1241, 1261, 1289, 1320, 1338, 1342, 1375, 1394, 1410, 1443, 1447, 1486, 1502, 1528, 1534, 20, 28, 58
951, 950, 975, 999, 1016, 1034, 1053, 1086, 1101, 1130, 1142, 1164, 1186, 1212, 1226, 1241, 1261, 1289, 1320, 1338, 1342, 1375, 1394, 1410, 1443, 1447, 1486, 1502, 1528, 1534, 20, 28, 59
951, 950, 975, 999, 1016, 1034, 1053, 1086, 1101, 1130, 1142, 1164, 1186, 1212, 1226, 1241, 1261, 1289, 1320, 1338, 1342, 1375, 1394, 1410, 1443, 1447, 1486, 1502, 1528, 1535, 19, 30, 60
951, 950, 975, 999, 1016, 1034, 1053, 1086, 1101, 1130, 1142, 1164, 1186, 1212, 1226, 1241, 1261, 1289, 1320, 1338, 1342, 1375, 1394, 1410, 1443, 1447, 1486, 1502, 1528, 1535, 19, 30, 61
951, 977, 1000, 1015, 1033, 1055, 1084, 1102, 1131, 1140, 1166, 1189, 1210, 1228, 1243, 1258, 1285, 1302, 1322, 1345, 1378, 1388, 1406, 1438, 1467, 1489, 1506, 1524, 1538, 16, 32, 62
951, 977, 1000, 1015, 1033, 1055, 1084, 1102, 1131, 1140, 1166, 1189, 1210, 1228, 1243, 1258, 1285, 1302, 1322, 1345, 1378, 1388, 1406, 1438, 1467, 1489, 1506, 1524, 1538, 14, 33, 63
951, 977, 1000, 1015, 1033, 1055, 1084, 1102, 1131, 1140, 1166, 1189, 1210, 1228, 1243, 1258, 1285, 1302, 1323, 1347, 1380, 1387, 1405, 1437, 1466, 1490, 1508, 1522, 1540, 12, 35, 64
951, 977, 1000, 1015, 1033, 1055, 1084, 1102, 1131, 1140, 1166, 1190, 1191, 1207, 1231, 1247, 1276, 1282, 1281, 1307, 1326, 1350, 1363, 1385, 1422, 1435, 1462, 1472, 1510, 1519, 1542, 10, 37, 66, 65
951, 977, 1000, 1015, 1033, 1055, 1084, 1102, 1131, 1140, 1166, 1190, 1191, 1207, 1231, 1247, 1276, 1282, 1281, 1307, 1326, 1350, 1363, 1385, 1422, 1435, 1462, 1472, 1510, 1519, 1542, 10, 37, 66
951, 977, 1000, 1015, 1033, 1055, 1084, 1102, 1131, 1140, 1166, 1190, 1191, 1207, 1231, 1247, 1276, 1282, 1281, 1307, 1326, 1350, 1363, 1385, 1422, 1435, 1462, 1472, 1510, 1519, 1542, 10, 37, 67
951, 977, 1000, 1015, 1033, 1055, 1084, 1102, 1131, 1140, 1166, 1190, 1191, 1207, 1231, 1247, 1276, 1282, 1281, 1307, 1326, 1350, 1363, 1385, 1422, 1435, 1462, 1472, 1510, 1519, 1542, 9, 38, 68
951, 977, 1000, 1015, 1033, 1055, 1084, 1102, 1131, 1140, 1166, 1189, 1210, 1228, 1243, 1258, 1285, 1302, 1322, 1345, 1378, 1388, 1406, 1438, 1467, 1489, 1506, 1524, 1538, 14, 33, 63, 69
951, 977, 1000, 1015, 1033, 1055, 1084, 1102, 1131, 1140, 1166, 1189, 1210, 1228, 1243, 1258, 1285, 1302, 1322, 1345, 1378, 1388, 1406, 1438, 1467, 1489, 1506, 1524, 1538, 14, 33, 63, 70
951, 977, 1000, 1015, 1033, 1055, 1084, 1102, 1131, 1140, 1166, 1189, 1210, 1228, 1243, 1258, 1285, 1302, 1322, 1345, 1378, 1388, 1406, 1438, 1467, 1489, 1506, 1524, 1538, 16, 32, 62, 71
951, 950, 975, 999, 1016, 1034, 1053, 1086, 1101, 1130, 1142, 1164, 1186, 1212, 1226, 1241, 1261, 1289, 1320, 1338, 1342, 1375, 1394, 1410, 1443, 1447, 1486, 1502, 1528, 1535, 19, 30, 61, 72
951, 950, 975, 999, 1016, 1034, 1053, 1086, 1101, 1130, 1142, 1164, 1186, 1212, 1226, 1241, 1261, 1289, 1320, 1338, 1342, 1375, 1394, 1410, 1443, 1447, 1486, 1502, 1528, 1535, 19, 30, 60, 73
951, 950, 975, 999, 1016, 1034, 1053, 1086, 1101, 1130, 1142, 1164, 1186, 1212, 1226, 1241, 1261, 1289, 1320, 1338, 1342, 1375, 1394, 1410, 1443, 1447, 1486, 1502, 1528, 1534, 20, 28, 59, 74
951, 950, 975, 999, 1016, 1034, 1053, 1086, 1101, 1130, 1142, 1164, 1186, 1212, 1226, 1241, 1261, 1289, 1320, 1338, 1342, 1375, 1394, 1410, 1443, 1447, 1486, 1502, 1528, 1534, 20, 28, 59, 74, 75
951, 950, 975, 999, 1016, 1034, 1053, 1086, 1101, 1130, 1142, 1164, 1186, 1212, 1226, 1241, 1261, 1289, 1320, 1338, 1342, 1375, 1394, 1410, 1411, 1444, 1450, 1484, 1500, 1499, 1532, 1552, 23, 26, 54, 76
951, 950, 931, 902, 886, 877, 854, 830, 807, 773, 758, 743, 701, 681, 654, 647, 609, 591, 569, 550, 542, 519, 487, 466, 447, 427, 411, 382, 365, 333, 319, 294, 275, 241, 221, 209, 193, 162, 146, 115, 99, 77
951, 950, 931, 902, 886, 877, 854, 830, 807, 772, 759, 745, 704, 679, 678, 652, 644, 612, 594, 566, 552, 523, 504, 484, 470, 443, 430, 406, 386, 370, 350, 316, 299, 280, 247, 224, 212, 196, 160, 144, 117, 98, 78
951, 977, 978, 1002, 1012, 1030, 1059, 1081, 1108, 1135, 1136, 1156, 1170, 1193, 1206, 1233, 1249, 1274, 1280, 1308, 1327, 1352, 1365, 1383, 1419, 1432, 1457, 1478, 1495, 1514, 1548, 2, 44, 51, 79
951, 977, 978, 1002, 1012, 1030, 1059, 1081, 1108, 1135, 1136, 1156, 1170, 1193, 1206, 1233, 1249, 1274, 1280, 1308, 1327, 1352, 1365, 1383, 1419, 1432, 1457, 1478, 1494, 1515, 1547, 3, 43, 50, 80
951, 977, 1000, 1015, 1033, 1055, 1084, 1102, 1131, 1140, 1166, 1190, 1191, 1207, 1231, 1247, 1276, 1282, 1281, 1307, 1326, 1350, 1362, 1384, 1421, 1433, 1459, 1475, 1492, 1516, 1546, 6, 41, 42, 48, 81
951, 977, 1000, 1015, 1033, 1055, 1084, 1102, 1131, 1140, 1166, 1190, 1191, 1207, 1231, 1247, 1276, 1282, 1281, 1307, 1326, 1350, 1362, 1384, 1421, 1433, 1459, 1475, 1492, 1516, 1546, 6, 41, 42, 48, 82
951, 977, 1000, 1015, 1033, 1055, 1084, 1102, 1131, 1140, 1166, 1190, 1191, 1207, 1231, 1247, 1276, 1282, 1281, 1307, 1326, 1350, 1362, 1384, 1421, 1433, 1459, 1475, 1492, 1516, 1546, 6, 41, 42, 48, 83
951, 977, 1000, 1015, 1033, 1055, 1084, 1102, 1131, 1140, 1166, 1190, 1191, 1207, 1231, 1247, 1276, 1282, 1281, 1307, 1326, 1350, 1362, 1384, 1421, 1433, 1459, 1475, 1492, 1516, 1546, 6, 41, 47, 84
951, 977, 1000, 1015, 1033, 1055, 1084, 1102, 1131, 1140, 1166, 1190, 1191, 1207, 1231, 1247, 1276, 1282, 1281, 1307, 1326, 1350, 1362, 1384, 1421, 1433, 1459, 1475, 1492, 1516, 1546, 6, 41, 47, 85
951, 977, 1000, 1015, 1033, 1055, 1084, 1102, 1131, 1140, 1166, 1190, 1191, 1207, 1231, 1247, 1276, 1282, 1281, 1307, 1326, 1350, 1363, 1385, 1422, 1435, 1462, 1472, 1510, 1519, 1542, 9, 38, 68, 86
951, 977, 1000, 1015, 1033, 1055, 1084, 1102, 1131, 1140, 1166, 1190, 1191, 1207, 1231, 1247, 1276, 1282, 1281, 1307, 1326, 1350, 1363, 1385, 1422, 1435, 1462, 1472, 1510, 1519, 1542, 10, 37, 67, 87
951, 977, 1000, 1015, 1033, 1055, 1084, 1102, 1131, 1140, 1166, 1190, 1191, 1207, 1231, 1247, 1276, 1282, 1281, 1307, 1326, 1350, 1363, 1385, 1422, 1435, 1462, 1472, 1510, 1519, 1542, 10, 37, 66, 88
951, 977, 1000, 1015, 1033, 1055, 1084, 1102, 1131, 1140, 1166, 1190, 1191, 1207, 1231, 1247, 1276, 1282, 1281, 1307, 1326, 1350, 1363, 1385, 1422, 1435, 1462, 1472, 1510, 1519, 1542, 10, 37, 66, 88, 89
951, 977, 1000, 1015, 1033, 1055, 1084, 1102, 1131, 1140, 1166, 1189, 1210, 1228, 1243, 1258, 1285, 1302, 1323, 1347, 1380, 1387, 1405, 1437, 1466, 1490, 1508, 1522, 1540, 12, 35, 64, 90
951, 977, 1000, 1015, 1033, 1055, 1084, 1102, 1131, 1140, 1166, 1190, 1191, 1207, 1231, 1247, 1276, 1282, 1281, 1307, 1326, 1350, 1363, 1385, 1422, 1435, 1462, 1472, 1510, 1519, 1542, 9, 38, 68, 86, 91
951, 977, 1000, 1015, 1033, 1055, 1084, 1102, 1131, 1140, 1166, 1190, 1191, 1207, 1231, 1247, 1276, 1282, 1281, 1307, 1326, 1350, 1363, 1385, 1422, 1435, 1462, 1472, 1510, 1519, 1542, 9, 38, 68, 86, 92
951, 977, 1000, 1015, 1033, 1055, 1084, 1102, 1131, 1140, 1166, 1190, 1191, 1207, 1231, 1247, 1276, 1282, 1281, 1307, 1326, 1350, 1362, 1384, 1421, 1433, 1459, 1475, 1492, 1516, 1546, 6, 41, 47, 85, 93
951, 977, 1000, 1015, 1033, 1055, 1084, 1102, 1131, 1140, 1166, 1190, 1191, 1207, 1231, 1247, 1276, 1282, 1281, 1307, 1326, 1350, 1362, 1384, 1421, 1433, 1459, 1475, 1492, 1516, 1546, 6, 41, 47, 85, 94
951, 977, 1000, 1015, 1033, 1055, 1084, 1102, 1131, 1140, 1166, 1190, 1191, 1207, 1231, 1247, 1276, 1282, 1281, 1307, 1326, 1350, 1362, 1384, 1421, 1433, 1459, 1475, 1492, 1516, 1546, 6, 41, 42, 48, 82, 95
951, 950, 931, 902, 886, 877, 854, 830, 807, 772, 759, 745, 704, 679, 678, 652, 644, 612, 594, 566, 552, 523, 504, 484, 470, 443, 430, 406, 386, 370, 350, 316, 300, 281, 248, 226, 213, 175, 158, 143, 119, 97, 96
951, 950, 931, 902, 886, 877, 854, 830, 807, 772, 759, 745, 704, 679, 678, 652, 644, 612, 594, 566, 552, 523, 504, 484, 470, 443, 430, 406, 386, 370, 350, 316, 300, 281, 248, 226, 213, 175, 158, 143, 119, 97
951, 950, 931, 902, 886, 877, 854, 830, 807, 772, 759, 745, 704, 679, 678, 652, 644, 612, 594, 566, 552, 523, 504, 484, 470, 443, 430, 406, 386, 370, 350, 316, 299, 280, 247, 224, 212, 196, 160, 144, 117, 98
951, 950, 931, 902, 886, 877, 854, 830, 807, 773, 758, 743, 701, 681, 654, 647, 609, 591, 569, 550, 542, 519, 487, 466, 447, 427, 411, 382, 365, 333, 319, 294, 275, 241, 221, 209, 193, 162, 146, 115, 99
