987, 988, 989, 1026, 1025, 1044, 1066, 1074, 1114, 1121, 1151, 1176, 1199, 1200, 1218, 1254, 1268, 1296, 1313, 1333, 1356, 1369, 1400, 1415, 1428, 1454, 1479, 1496, 1514, 1548, 0
987, 988, 989, 1026, 1025, 1044, 1066, 1074, 1114, 1121, 1151, 1176, 1199, 1200, 1218, 1254, 1268, 1296, 1313, 1333, 1356, 1369, 1400, 1415, 1428, 1454, 1479, 1496, 1514, 1548, 1
987, 988, 989, 1026, 1025, 1044, 1066, 1074, 1114, 1121, 1151, 1176, 1199, 1200, 1218, 1254, 1268, 1296, 1313, 1333, 1356, 1369, 1400, 1415, 1428, 1454, 1479, 1496, 1514, 1548, 2
987, 986, 1027, 1047, 1063, 1077, 1076, 1113, 1119, 1153, 1173, 1197, 1202, 1237, 1252, 1271, 1299, 1310, 1330, 1354, 1367, 1402, 1418, 1430, 1457, 1478, 1494, 1515, 1547, 3
987, 986, 1027, 1047, 1063, 1077, 1076, 1113, 1119, 1153, 1173, 1197, 1202, 1237, 1252, 1271, 1299, 1310, 1330, 1354, 1367, 1402, 1418, 1430, 1457, 1478, 1494, 1515, 1547, 4
987, 1007, 1048, 1028, 1062, 1078, 1111, 1116, 1155, 1171, 1194, 1205, 1233, 1249, 1274, 1280, 1308, 1327, 1351, 1364, 1384, 1421, 1433, 1459, 1475, 1492, 1516, 1546, 5
987, 1007, 1048, 1028, 1062, 1078, 1111, 1116, 1155, 1171, 1194, 1205, 1233, 1249, 1274, 1280, 1308, 1327, 1351, 1364, 1384, 1421, 1433, 1459, 1475, 1492, 1516, 1546, 6
987, 1007, 1048, 1028, 1062, 1078, 1111, 1116, 1155, 1171, 1194, 1205, 1233, 1249, 1274, 1280, 1308, 1327, 1351, 1364, 1384, 1421, 1433, 1459, 1475, 1492, 1517, 1545, 7
987, 1007, 1048, 1028, 1062, 1078, 1111, 1116, 1155, 1171, 1194, 1205, 1233, 1249, 1274, 1280, 1308, 1327, 1351, 1364, 1384, 1421, 1433, 1460, 1474, 1511, 1518, 1543, 8
987, 1007, 1048, 1028, 1062, 1078, 1111, 1116, 1155, 1171, 1194, 1205, 1233, 1249, 1274, 1275, 1281, 1307, 1326, 1350, 1363, 1385, 1422, 1435, 1462, 1472, 1510, 1519, 1542, 9
987, 1007, 1048, 1028, 1062, 1078, 1111, 1116, 1155, 1171, 1194, 1205, 1233, 1249, 1274, 1275, 1281, 1307, 1326, 1350, 1363, 1385, 1422, 1435, 1462, 1472, 1510, 1519, 1542, 10
987, 1007, 1048, 1028, 1062, 1078, 1111, 1116, 1155, 1171, 1194, 1205, 1233, 1249, 1274, 1275, 1281, 1307, 1326, 1350, 1363, 1385, 1422, 1435, 1463, 1471, 1509, 1521, 1541, 11
987, 1007, 1048, 1028, 1062, 1078, 1111, 1116, 1155, 1171, 1194, 1205, 1233, 1249, 1274, 1275, 1281, 1307, 1326, 1350, 1363, 1385, 1422, 1435, 1463, 1471, 1509, 1521, 1541, 11, 12
987, 1007, 1048, 1028, 1029, 1060, 1080, 1108, 1135, 1157, 1169, 1192, 1207, 1231, 1247, 1277, 1283, 1304, 1324, 1348, 1347, 1380, 1387, 1405, 1437, 1466, 1490, 1507, 1523, 1539, 13
987, 1007, 1048, 1028, 1029, 1060, 1080, 1108, 1135, 1157, 1169, 1192, 1207, 1231, 1247, 1277, 1283, 1304, 1324, 1348, 1347, 1380, 1387, 1405, 1437, 1466, 1490, 1507, 1523, 1539, 13, 14
987, 1007, 1048, 1028, 1029, 1060, 1080, 1108, 1135, 1157, 1169, 1192, 1207, 1231, 1247, 1277, 1283, 1304, 1324, 1348, 1347, 1380, 1387, 1405, 1437, 1466, 1490, 1507, 1523, 1539, 13, 14, 15
987, 1007, 1048, 1028, 1029, 1060, 1080, 1108, 1135, 1157, 1169, 1192, 1207, 1231, 1247, 1277, 1283, 1304, 1324, 1348, 1347, 1380, 1387, 1405, 1437, 1466, 1467, 1489, 1506, 1524, 1538, 16
987, 1007, 1048, 1028, 1029, 1060, 1080, 1108, 1135, 1157, 1169, 1192, 1207, 1231, 1247, 1277, 1283, 1304, 1324, 1348, 1347, 1380, 1387, 1405, 1437, 1466, 1467, 1489, 1506, 1505, 1525, 1537, 17
987, 988, 989, 1026, 1025, 1044, 1066, 1074, 1114, 1121, 1151, 1176, 1199, 1201, 1219, 1220, 1257, 1266, 1265, 1293, 1317, 1336, 1361, 1372, 1396, 1412, 1444, 1448, 1485, 1502, 1528, 1536, 18
987, 988, 989, 1026, 1025, 1044, 1066, 1074, 1114, 1121, 1151, 1176, 1199, 1201, 1219, 1220, 1257, 1266, 1265, 1293, 1317, 1336, 1361, 1372, 1396, 1412, 1444, 1448, 1485, 1502, 1528, 1535, 19
987, 988, 989, 1026, 1025, 1044, 1066, 1074, 1114, 1121, 1151, 1176, 1199, 1201, 1219, 1220, 1257, 1266, 1265, 1293, 1317, 1336, 1361, 1372, 1396, 1412, 1444, 1448, 1485, 1502, 1528, 1534, 20
987, 988, 989, 1026, 1025, 1044, 1066, 1074, 1114, 1121, 1151, 1176, 1199, 1200, 1218, 1254, 1268, 1296, 1313, 1333, 1357, 1370, 1398, 1413, 1424, 1451, 1484, 1501, 1529, 1533, 21
987, 988, 989, 1026, 1025, 1044, 1066, 1074, 1114, 1121, 1151, 1176, 1199, 1200, 1218, 1254, 1268, 1296, 1313, 1333, 1357, 1370, 1398, 1413, 1424, 1451, 1483, 1500, 1499, 1531, 1553, 22
987, 988, 989, 1026, 1025, 1044, 1066, 1074, 1114, 1121, 1151, 1176, 1199, 1200, 1218, 1254, 1268, 1296, 1313, 1333, 1357, 1370, 1398, 1413, 1424, 1451, 1483, 1500, 1499, 1532, 1552, 23
987, 988, 989, 1026, 1025, 1044, 1066, 1074, 1114, 1121, 1151, 1176, 1199, 1200, 1218, 1254, 1268, 1296, 1313, 1333, 1356, 1369, 1400, 1415, 1428, 1454, 1479, 1497, 1513, 1549, 24
987, 988, 989, 1026, 1025, 1044, 1066, 1074, 1114, 1121, 1151, 1176, 1199, 1200, 1218, 1254, 1268, 1296, 1313, 1333, 1357, 1370, 1398, 1413, 1424, 1451, 1483, 1500, 1499, 1532, 1552, 23, 25
987, 988, 989, 1026, 1025, 1044, 1066, 1074, 1114, 1121, 1151, 1176, 1199, 1200, 1218, 1254, 1268, 1296, 1313, 1333, 1357, 1370, 1398, 1413, 1424, 1451, 1483, 1500, 1499, 1532, 1552, 23, 26
987, 988, 989, 1026, 1025, 1044, 1066, 1074, 1114, 1121, 1151, 1176, 1199, 1200, 1218, 1254, 1268, 1296, 1313, 1333, 1357, 1370, 1398, 1413, 1424, 1451, 1484, 1501, 1529, 1533, 21, 27
987, 988, 989, 1026, 1025, 1044, 1066, 1074, 1114, 1121, 1151, 1176, 1199, 1201, 1219, 1220, 1257, 1266, 1265, 1293, 1317, 1336, 1361, 1372, 1396, 1412, 1444, 1448, 1485, 1502, 1528, 1534, 20, 28
987, 988, 989, 1026, 1025, 1044, 1066, 1074, 1114, 1121, 1151, 1176, 1199, 1201, 1219, 1220, 1257, 1266, 1265, 1293, 1317, 1336, 1361, 1372, 1396, 1412, 1444, 1448, 1485, 1502, 1528, 1535, 19, 29
987, 988, 989, 1026, 1025, 1044, 1066, 1074, 1114, 1121, 1151, 1176, 1199, 1201, 1219, 1220, 1257, 1266, 1265, 1293, 1317, 1336, 1361, 1372, 1396, 1412, 1444, 1448, 1485, 1502, 1528, 1535, 19, 30
987, 1007, 1048, 1028, 1029, 1060, 1080, 1108, 1135, 1157, 1169, 1192, 1207, 1231, 1247, 1277, 1283, 1304, 1324, 1348, 1347, 1380, 1387, 1405, 1437, 1466, 1467, 1489, 1506, 1505, 1525, 1537, 17, 31
987, 1007, 1048, 1028, 1029, 1060, 1080, 1108, 1135, 1157, 1169, 1192, 1207, 1231, 1247, 1277, 1283, 1304, 1324, 1348, 1347, 1380, 1387, 1405, 1437, 1466, 1467, 1489, 1506, 1524, 1538, 16, 32
987, 1007, 1048, 1028, 1029, 1060, 1080, 1108, 1135, 1157, 1169, 1192, 1207, 1231, 1247, 1277, 1283, 1304, 1324, 1348, 1347, 1380, 1387, 1405, 1437, 1466, 1490, 1507, 1523, 1539, 13, 33
987, 1007, 1048, 1028, 1029, 1060, 1080, 1108, 1135, 1157, 1169, 1192, 1207, 1231, 1247, 1277, 1283, 1304, 1324, 1348, 1347, 1380, 1387, 1405, 1437, 1466, 1490, 1507, 1523, 1539, 13, 34
987, 1007, 1048, 1028, 1062, 1078, 1111, 1116, 1155, 1171, 1194, 1205, 1233, 1249, 1274, 1275, 1281, 1307, 1326, 1350, 1363, 1385, 1422, 1435, 1463, 1471, 1509, 1521, 1541, 11, 36, 35
987, 1007, 1048, 1028, 1062, 1078, 1111, 1116, 1155, 1171, 1194, 1205, 1233, 1249, 1274, 1275, 1281, 1307, 1326, 1350, 1363, 1385, 1422, 1435, 1463, 1471, 1509, 1521, 1541, 11, 36
987, 1007, 1048, 1028, 1062, 1078, 1111, 1116, 1155, 1171, 1194, 1205, 1233, 1249, 1274, 1275, 1281, 1307, 1326, 1350, 1363, 1385, 1422, 1435, 1462, 1472, 1510, 1519, 1542, 10, 37
987, 1007, 1048, 1028, 1062, 1078, 1111, 1116, 1155, 1171, 1194, 1205, 1233, 1249, 1274, 1275, 1281, 1307, 1326, 1350, 1363, 1385, 1422, 1435, 1462, 1472, 1510, 1519, 1542, 9, 38
987, 1007, 1048, 1028, 1062, 1078, 1111, 1116, 1155, 1171, 1194, 1205, 1233, 1249, 1274, 1280, 1308, 1327, 1351, 1364, 1384, 1421, 1433, 1460, 1474, 1511, 1518, 1543, 8, 40, 39
987, 1007, 1048, 1028, 1062, 1078, 1111, 1116, 1155, 1171, 1194, 1205, 1233, 1249, 1274, 1280, 1308, 1327, 1351, 1364, 1384, 1421, 1433, 1460, 1474, 1511, 1518, 1543, 8, 40
987, 1007, 1048, 1028, 1062, 1078, 1111, 1116, 1155, 1171, 1194, 1205, 1233, 1249, 1274, 1280, 1308, 1327, 1351, 1364, 1384, 1421, 1433, 1459, 1475, 1492, 1516, 1546, 6, 41
987, 1007, 1048, 1028, 1062, 1078, 1111, 1116, 1155, 1171, 1194, 1205, 1233, 1249, 1274, 1280, 1308, 1327, 1351, 1364, 1384, 1421, 1433, 1459, 1475, 1492, 1516, 1546, 6, 41, 42
987, 988, 989, 1026, 1025, 1044, 1066, 1074, 1114, 1121, 1151, 1176, 1199, 1200, 1218, 1254, 1268, 1296, 1313, 1333, 1356, 1369, 1400, 1415, 1428, 1454, 1479, 1496, 1514, 1548, 0, 43
987, 988, 989, 1026, 1025, 1044, 1066, 1074, 1114, 1121, 1151, 1176, 1199, 1200, 1218, 1254, 1268, 1296, 1313, 1333, 1356, 1369, 1400, 1415, 1428, 1454, 1479, 1496, 1514, 1548, 2, 44
987, 988, 989, 1026, 1025, 1044, 1066, 1074, 1114, 1121, 1151, 1176, 1199, 1200, 1218, 1254, 1268, 1296, 1313, 1333, 1356, 1369, 1400, 1415, 1428, 1454, 1479, 1497, 1513, 1549, 24, 45
987, 988, 989, 1026, 1025, 1044, 1066, 1074, 1114, 1121, 1151, 1176, 1199, 1200, 1218, 1254, 1268, 1296, 1313, 1333, 1356, 1369, 1400, 1415, 1428, 1454, 1479, 1497, 1513, 1549, 24, 46
987, 1007, 1048, 1028, 1062, 1078, 1111, 1116, 1155, 1171, 1194, 1205, 1233, 1249, 1274, 1280, 1308, 1327, 1351, 1364, 1384, 1421, 1433, 1459, 1475, 1492, 1516, 1546, 6, 41, 47
987, 1007, 1048, 1028, 1062, 1078, 1111, 1116, 1155, 1171, 1194, 1205, 1233, 1249, 1274, 1280, 1308, 1327, 1351, 1364, 1384, 1421, 1433, 1459, 1475, 1492, 1516, 1546, 6, 41, 42, 48
987, 988, 989, 1026, 1025, 1044, 1066, 1074, 1114, 1121, 1151, 1176, 1199, 1200, 1218, 1254, 1268, 1296, 1313, 1333, 1356, 1369, 1400, 1415, 1428, 1454, 1479, 1496, 1514, 1548, 0, 43, 49
987, 988, 989, 1026, 1025, 1044, 1066, 1074, 1114, 1121, 1151, 1176, 1199, 1200, 1218, 1254, 1268, 1296, 1313, 1333, 1356, 1369, 1400, 1415, 1428, 1454, 1479, 1496, 1514, 1548, 0, 43, 50
987, 988, 989, 1026, 1025, 1044, 1066, 1074, 1114, 1121, 1151, 1176, 1199, 1200, 1218, 1254, 1268, 1296, 1313, 1333, 1356, 1369, 1400, 1415, 1428, 1454, 1479, 1496, 1514, 1548, 2, 44, 51
987, 988, 989, 1026, 1025, 1044, 1066, 1074, 1114, 1121, 1151, 1176, 1199, 1200, 1218, 1254, 1268, 1296, 1313, 1333, 1356, 1369, 1400, 1415, 1428, 1454, 1479, 1497, 1513, 1549, 24, 46, 52
987, 988, 989, 1026, 1025, 1044, 1066, 1074, 1114, 1121, 1151, 1176, 1199, 1200, 1218, 1254, 1268, 1296, 1313, 1333, 1356, 1369, 1400, 1415, 1428, 1454, 1479, 1497, 1513, 1549, 24, 46, 53
987, 988, 989, 1026, 1025, 1044, 1066, 1074, 1114, 1121, 1151, 1176, 1199, 1200, 1218, 1254, 1268, 1296, 1313, 1333, 1357, 1370, 1398, 1413, 1424, 1451, 1483, 1500, 1499, 1532, 1552, 23, 26, 54
987, 988, 989, 1026, 1025, 1044, 1066, 1074, 1114, 1121, 1151, 1176, 1199, 1200, 1218, 1254, 1268, 1296, 1313, 1333, 1357, 1370, 1398, 1413, 1424, 1451, 1483, 1500, 1499, 1532, 1552, 23, 26, 55
987, 988, 989, 1026, 1025, 1044, 1066, 1074, 1114, 1121, 1151, 1176, 1199, 1200, 1218, 1254, 1268, 1296, 1313, 1333, 1357, 1370, 1398, 1413, 1424, 1451, 1484, 1501, 1529, 1533, 21, 27, 56
987, 988, 989, 1026, 1025, 1044, 1066, 1074, 1114, 1121, 1151, 1176, 1199, 1200, 1218, 1254, 1268, 1296, 1313, 1333, 1357, 1370, 1398, 1413, 1424, 1451, 1484, 1501, 1529, 1533, 21, 27, 57
987, 988, 989, 1026, 1025, 1044, 1066, 1074, 1114, 1121, 1151, 1176, 1199, 1201, 1219, 1220, 1257, 1266, 1265, 1293, 1317, 1336, 1361, 1372, 1396, 1412, 1444, 1448, 1485, 1502, 1528, 1534, 20, 28, 58
987, 988, 989, 1026, 1025, 1044, 1066, 1074, 1114, 1121, 1151, 1176, 1199, 1201, 1219, 1220, 1257, 1266, 1265, 1293, 1317, 1336, 1361, 1372, 1396, 1412, 1444, 1448, 1485, 1502, 1528, 1534, 20, 28, 59
987, 988, 989, 1026, 1025, 1044, 1066, 1074, 1114, 1121, 1151, 1176, 1199, 1201, 1219, 1220, 1257, 1266, 1265, 1293, 1317, 1336, 1361, 1372, 1396, 1412, 1444, 1448, 1485, 1502, 1528, 1535, 19, 30, 60
987, 988, 989, 1026, 1025, 1044, 1066, 1074, 1114, 1121, 1151, 1176, 1199, 1201, 1219, 1220, 1257, 1266, 1265, 1293, 1317, 1336, 1361, 1372, 1396, 1412, 1444, 1448, 1485, 1502, 1528, 1535, 19, 30, 61
987, 983, 958, 939, 915, 894, 864, 844, 816, 798, 782, 748, 733, 716, 691, 667, 635, 621, 602, 581, 580, 563, 564, 534, 513, 495, 461, 452, 422, 416, 377, 361, 337, 325, 290, 272, 261, 239, 204, 189, 167, 152, 131, 105, 71, 62
987, 1007, 1048, 1028, 1029, 1060, 1080, 1108, 1135, 1157, 1169, 1192, 1207, 1231, 1247, 1277, 1283, 1304, 1324, 1348, 1347, 1380, 1387, 1405, 1437, 1466, 1490, 1507, 1523, 1539, 13, 33, 63
987, 1007, 1048, 1028, 1062, 1078, 1111, 1116, 1155, 1171, 1194, 1205, 1233, 1249, 1274, 1275, 1281, 1307, 1326, 1350, 1363, 1385, 1422, 1435, 1463, 1471, 1509, 1521, 1541, 11, 36, 64
987, 1007, 1048, 1028, 1062, 1078, 1111, 1116, 1155, 1171, 1194, 1205, 1233, 1249, 1274, 1275, 1281, 1307, 1326, 1350, 1363, 1385, 1422, 1435, 1462, 1472, 1510, 1519, 1542, 10, 37, 66, 65
987, 1007, 1048, 1028, 1062, 1078, 1111, 1116, 1155, 1171, 1194, 1205, 1233, 1249, 1274, 1275, 1281, 1307, 1326, 1350, 1363, 1385, 1422, 1435, 1462, 1472, 1510, 1519, 1542, 10, 37, 66
987, 1007, 1048, 1028, 1062, 1078, 1111, 1116, 1155, 1171, 1194, 1205, 1233, 1249, 1274, 1275, 1281, 1307, 1326, 1350, 1363, 1385, 1422, 1435, 1462, 1472, 1510, 1519, 1542, 10, 37, 67
987, 1007, 1048, 1028, 1062, 1078, 1111, 1116, 1155, 1171, 1194, 1205, 1233, 1249, 1274, 1280, 1308, 1327, 1351, 1364, 1384, 1421, 1433, 1460, 1474, 1511, 1518, 1543, 8, 40, 68
987, 1007, 1048, 1028, 1029, 1060, 1080, 1108, 1135, 1157, 1169, 1192, 1207, 1231, 1247, 1277, 1283, 1304, 1324, 1348, 1347, 1380, 1387, 1405, 1437, 1466, 1490, 1507, 1523, 1539, 13, 33, 63, 69
987, 1007, 1048, 1028, 1029, 1060, 1080, 1108, 1135, 1157, 1169, 1192, 1207, 1231, 1247, 1277, 1283, 1304, 1324, 1348, 1347, 1380, 1387, 1405, 1437, 1466, 1490, 1507, 1523, 1539, 13, 33, 63, 70
987, 983, 958, 939, 915, 894, 864, 844, 816, 798, 782, 748, 733, 716, 691, 667, 635, 621, 602, 581, 580, 563, 564, 534, 513, 495, 461, 452, 422, 416, 377, 361, 337, 325, 290, 272, 261, 239, 204, 189, 167, 152, 131, 105, 71
987, 983, 958, 939, 915, 894, 864, 844, 816, 798, 782, 748, 733, 716, 691, 667, 635, 621, 602, 581, 580, 563, 564, 534, 513, 495, 461, 452, 422, 416, 377, 361, 337, 325, 290, 272, 261, 239, 204, 189, 190, 165, 151, 132, 104, 72
987, 988, 989, 1026, 1025, 1044, 1066, 1074, 1114, 1121, 1151, 1176, 1199, 1201, 1219, 1220, 1257, 1266, 1265, 1293, 1317, 1336, 1361, 1372, 1396, 1412, 1444, 1448, 1485, 1502, 1528, 1535, 19, 30, 60, 73
987, 988, 989, 1026, 1025, 1044, 1066, 1074, 1114, 1121, 1151, 1176, 1199, 1201, 1219, 1220, 1257, 1266, 1265, 1293, 1317, 1336, 1361, 1372, 1396, 1412, 1444, 1448, 1485, 1502, 1528, 1534, 20, 28, 59, 74
987, 988, 989, 1026, 1025, 1044, 1066, 1074, 1114, 1121, 1151, 1176, 1199, 1200, 1218, 1254, 1268, 1296, 1313, 1333, 1357, 1370, 1398, 1413, 1424, 1451, 1484, 1501, 1529, 1533, 21, 27, 57, 75
987, 988, 989, 1026, 1025, 1044, 1066, 1074, 1114, 1121, 1151, 1176, 1199, 1200, 1218, 1254, 1268, 1296, 1313, 1333, 1357, 1370, 1398, 1413, 1424, 1451, 1483, 1500, 1499, 1532, 1552, 23, 26, 54, 76
987, 988, 989, 1026, 1025, 1044, 1066, 1074, 1114, 1121, 1151, 1176, 1199, 1200, 1218, 1254, 1268, 1296, 1313, 1333, 1356, 1369, 1400, 1415, 1428, 1454, 1479, 1497, 1513, 1549, 24, 46, 53, 77
987, 988, 989, 1026, 1025, 1044, 1066, 1074, 1114, 1121, 1151, 1176, 1199, 1200, 1218, 1254, 1268, 1296, 1313, 1333, 1356, 1369, 1400, 1415, 1428, 1454, 1479, 1497, 1513, 1549, 24, 46, 53, 78
987, 988, 989, 1026, 1025, 1044, 1066, 1074, 1114, 1121, 1151, 1176, 1199, 1200, 1218, 1254, 1268, 1296, 1313, 1333, 1356, 1369, 1400, 1415, 1428, 1454, 1479, 1496, 1514, 1548, 2, 44, 51, 79
987, 988, 989, 1026, 1025, 1044, 1066, 1074, 1114, 1121, 1151, 1176, 1199, 1200, 1218, 1254, 1268, 1296, 1313, 1333, 1356, 1369, 1400, 1415, 1428, 1454, 1479, 1496, 1514, 1548, 0, 43, 50, 80
987, 1007, 1048, 1028, 1062, 1078, 1111, 1116, 1155, 1171, 1194, 1205, 1233, 1249, 1274, 1280, 1308, 1327, 1351, 1364, 1384, 1421, 1433, 1459, 1475, 1492, 1516, 1546, 6, 41, 42, 48, 81
987, 1007, 1048, 1028, 1062, 1078, 1111, 1116, 1155, 1171, 1194, 1205, 1233, 1249, 1274, 1280, 1308, 1327, 1351, 1364, 1384, 1421, 1433, 1459, 1475, 1492, 1516, 1546, 6, 41, 42, 48, 82
987, 1007, 1048, 1028, 1062, 1078, 1111, 1116, 1155, 1171, 1194, 1205, 1233, 1249, 1274, 1280, 1308, 1327, 1351, 1364, 1384, 1421, 1433, 1459, 1475, 1492, 1516, 1546, 6, 41, 42, 48, 83
987, 1007, 1048, 1028, 1062, 1078, 1111, 1116, 1155, 1171, 1194, 1205, 1233, 1249, 1274, 1280, 1308, 1327, 1351, 1364, 1384, 1421, 1433, 1459, 1475, 1492, 1516, 1546, 6, 41, 47, 84
987, 1007, 1048, 1028, 1062, 1078, 1111, 1116, 1155, 1171, 1194, 1205, 1233, 1249, 1274, 1280, 1308, 1327, 1351, 1364, 1384, 1421, 1433, 1459, 1475, 1492, 1516, 1546, 6, 41, 47, 85
987, 1007, 1048, 1028, 1062, 1078, 1111, 1116, 1155, 1171, 1194, 1205, 1233, 1249, 1274, 1280, 1308, 1327, 1351, 1364, 1384, 1421, 1433, 1460, 1474, 1511, 1518, 1543, 8, 40, 68, 86
987, 1007, 1048, 1028, 1062, 1078, 1111, 1116, 1155, 1171, 1194, 1205, 1233, 1249, 1274, 1275, 1281, 1307, 1326, 1350, 1363, 1385, 1422, 1435, 1462, 1472, 1510, 1519, 1542, 10, 37, 67, 87
987, 1007, 1048, 1028, 1062, 1078, 1111, 1116, 1155, 1171, 1194, 1205, 1233, 1249, 1274, 1275, 1281, 1307, 1326, 1350, 1363, 1385, 1422, 1435, 1462, 1472, 1510, 1519, 1542, 10, 37, 66, 88
987, 1007, 1048, 1028, 1062, 1078, 1111, 1116, 1155, 1171, 1194, 1205, 1233, 1249, 1274, 1275, 1281, 1307, 1326, 1350, 1363, 1385, 1422, 1435, 1462, 1472, 1510, 1519, 1542, 10, 37, 66, 88, 89
987, 1007, 1048, 1028, 1062, 1078, 1111, 1116, 1155, 1171, 1194, 1205, 1233, 1249, 1274, 1275, 1281, 1307, 1326, 1350, 1363, 1385, 1422, 1435, 1462, 1472, 1510, 1519, 1542, 10, 37, 66, 65, 90
987, 1007, 1048, 1028, 1062, 1078, 1111, 1116, 1155, 1171, 1194, 1205, 1233, 1249, 1274, 1280, 1308, 1327, 1351, 1364, 1384, 1421, 1433, 1460, 1474, 1511, 1518, 1543, 8, 40, 68, 86, 91
987, 1007, 1048, 1028, 1062, 1078, 1111, 1116, 1155, 1171, 1194, 1205, 1233, 1249, 1274, 1280, 1308, 1327, 1351, 1364, 1384, 1421, 1433, 1460, 1474, 1511, 1518, 1543, 8, 40, 68, 86, 92
987, 1007, 1048, 1028, 1062, 1078, 1111, 1116, 1155, 1171, 1194, 1205, 1233, 1249, 1274, 1280, 1308, 1327, 1351, 1364, 1384, 1421, 1433, 1459, 1475, 1492, 1516, 1546, 6, 41, 47, 85, 93
987, 1007, 1048, 1028, 1062, 1078, 1111, 1116, 1155, 1171, 1194, 1205, 1233, 1249, 1274, 1280, 1308, 1327, 1351, 1364, 1384, 1421, 1433, 1459, 1475, 1492, 1516, 1546, 6, 41, 47, 85, 94
987, 1007, 1048, 1028, 1062, 1078, 1111, 1116, 1155, 1171, 1194, 1205, 1233, 1249, 1274, 1280, 1308, 1327, 1351, 1364, 1384, 1421, 1433, 1459, 1475, 1492, 1516, 1546, 6, 41, 42, 48, 82, 95
987, 988, 989, 1026, 1025, 1044, 1066, 1074, 1114, 1121, 1151, 1176, 1199, 1200, 1218, 1254, 1268, 1296, 1313, 1333, 1356, 1369, 1400, 1415, 1428, 1454, 1479, 1496, 1514, 1548, 0, 43, 50, 80, 96
987, 988, 989, 1026, 1025, 1044, 1066, 1074, 1114, 1121, 1151, 1176, 1199, 1200, 1218, 1254, 1268, 1296, 1313, 1333, 1356, 1369, 1400, 1415, 1428, 1454, 1479, 1496, 1514, 1548, 0, 43, 50, 80, 97
987, 988, 989, 1026, 1025, 1044, 1066, 1074, 1114, 1121, 1151, 1176, 1199, 1200, 1218, 1254, 1268, 1296, 1313, 1333, 1356, 1369, 1400, 1415, 1428, 1454, 1479, 1497, 1513, 1549, 24, 46, 53, 78, 98
987, 988, 989, 1026, 1025, 1044, 1066, 1074, 1114, 1121, 1151, 1176, 1199, 1200, 1218, 1254, 1268, 1296, 1313, 1333, 1357, 1370, 1398, 1413, 1424, 1451, 1483, 1500, 1499, 1532, 1552, 23, 26, 54, 76, 99
