1208, 1207, 1206, 1228, 1227, 1262, 1268, 1269, 1270, 1271, 1301, 1327, 1351, 1352, 1370, 1405, 1422, 1421, 1447, 1446, 1465, 1479, 1508, 1521, 1552, 0
1208, 1209, 1210, 1211, 1212, 1235, 1253, 1280, 1288, 1316, 1338, 1359, 1378, 1377, 1392, 1414, 1415, 1416, 1417, 1418, 1445, 1466, 1480, 1510, 1522, 1551, 1
1208, 1209, 1210, 1211, 1233, 1254, 1281, 1289, 1317, 1339, 1360, 1379, 1394, 1412, 1440, 1451, 1471, 1470, 1469, 1482, 1481, 1511, 1523, 1550, 2
1208, 1209, 1210, 1211, 1233, 1254, 1281, 1289, 1317, 1339, 1360, 1379, 1394, 1412, 1440, 1451, 1487, 1486, 1494, 1493, 1526, 1548, 1549, 3
1208, 1209, 1210, 1211, 1233, 1254, 1281, 1289, 1317, 1339, 1360, 1379, 1394, 1412, 1440, 1451, 1487, 1495, 1528, 1545, 1546, 6, 5, 4
1208, 1209, 1210, 1211, 1233, 1254, 1281, 1289, 1317, 1339, 1360, 1379, 1394, 1412, 1440, 1451, 1487, 1495, 1528, 1545, 1546, 6, 5
1208, 1209, 1210, 1211, 1233, 1254, 1281, 1289, 1317, 1339, 1360, 1379, 1394, 1412, 1440, 1451, 1487, 1495, 1528, 1545, 1546, 6
1208, 1231, 1256, 1283, 1292, 1319, 1318, 1341, 1361, 1380, 1395, 1411, 1438, 1452, 1488, 1496, 1529, 1544, 8, 7
1208, 1231, 1256, 1283, 1292, 1319, 1318, 1341, 1361, 1380, 1395, 1411, 1438, 1452, 1488, 1496, 1529, 1544, 8
1208, 1231, 1256, 1283, 1292, 1319, 1342, 1362, 1381, 1396, 1410, 1437, 1453, 1489, 1497, 1530, 1542, 9
