162, 142, 118, 105, 79, 62, 32, 31, 30, 29, 28, 27, 26, 25, 0
162, 142, 118, 105, 79, 78, 77, 76, 75, 74, 73, 72, 71, 49, 24, 1
162, 163, 164, 165, 166, 145, 146, 147, 148, 125, 126, 97, 96, 68, 51, 22, 2
162, 163, 164, 165, 166, 145, 146, 147, 148, 125, 126, 97, 66, 52, 41, 20, 3
162, 163, 164, 165, 166, 145, 146, 147, 148, 125, 126, 97, 66, 52, 41, 4
162, 163, 164, 165, 166, 145, 121, 122, 100, 83, 84, 85, 55, 39, 40, 5
162, 163, 164, 165, 166, 145, 121, 122, 100, 83, 84, 85, 55, 39, 40, 6
162, 163, 164, 165, 166, 145, 121, 122, 100, 83, 84, 56, 37, 38, 7
162, 163, 164, 165, 166, 145, 121, 122, 100, 83, 84, 56, 37, 8
162, 163, 143, 119, 104, 103, 81, 60, 59, 35, 10, 9
