267, 248, 247, 232, 201, 192, 154, 135, 111, 92, 72, 47, 25, 0
267, 248, 233, 203, 195, 194, 151, 134, 110, 93, 71, 49, 24, 1
267, 248, 233, 203, 195, 175, 133, 109, 94, 70, 50, 23, 2
267, 266, 249, 234, 204, 196, 174, 131, 129, 95, 69, 51, 20, 3
267, 266, 265, 250, 236, 205, 197, 173, 130, 127, 96, 67, 52, 41, 4
267, 266, 265, 250, 236, 205, 197, 173, 130, 127, 96, 67, 52, 41, 4, 5
267, 266, 265, 250, 236, 205, 197, 173, 130, 127, 96, 67, 52, 41, 4, 5, 6
267, 266, 265, 250, 236, 205, 197, 173, 130, 127, 96, 67, 52, 53, 54, 40, 39, 7
267, 266, 265, 250, 236, 205, 197, 173, 130, 127, 96, 67, 52, 53, 54, 40, 39, 7, 8
267, 266, 265, 250, 236, 205, 197, 173, 130, 127, 96, 67, 52, 53, 54, 55, 38, 37, 36, 9
