218, 189, 159, 139, 114, 113, 89, 90, 91, 92, 72, 47, 25, 0
218, 189, 159, 139, 114, 113, 89, 90, 91, 92, 93, 71, 49, 24, 1
218, 189, 190, 191, 192, 193, 194, 195, 175, 133, 109, 94, 70, 50, 23, 2
218, 198, 199, 200, 201, 202, 203, 204, 196, 174, 131, 129, 95, 69, 51, 20, 3
218, 198, 199, 200, 201, 202, 203, 204, 196, 174, 131, 129, 95, 69, 51, 20, 3, 4
218, 188, 160, 161, 141, 116, 117, 105, 104, 103, 102, 101, 83, 84, 85, 55, 39, 40, 5
218, 188, 160, 161, 141, 116, 117, 105, 104, 103, 102, 101, 83, 84, 85, 55, 39, 40, 6
218, 188, 160, 161, 141, 116, 117, 105, 79, 80, 61, 60, 59, 35, 36, 37, 38, 7
218, 188, 160, 161, 141, 116, 117, 105, 79, 80, 61, 60, 59, 35, 10, 9, 8
218, 188, 160, 161, 141, 116, 117, 105, 79, 80, 61, 60, 59, 35, 10, 9
