414, 410, 375, 354, 328, 311, 294, 265, 250, 236, 205, 197, 173, 130, 128, 95, 69, 51, 22, 2, 1, 0
414, 410, 375, 354, 328, 311, 294, 265, 250, 236, 205, 197, 173, 130, 128, 95, 69, 51, 22, 2, 1
414, 410, 375, 354, 328, 311, 294, 265, 250, 236, 205, 197, 173, 130, 128, 95, 69, 51, 22, 2
414, 410, 375, 354, 328, 311, 294, 265, 250, 236, 205, 197, 173, 130, 128, 95, 69, 51, 20, 3
414, 410, 375, 354, 328, 311, 294, 265, 250, 236, 205, 197, 173, 130, 127, 96, 67, 52, 41, 4
414, 410, 375, 354, 328, 311, 294, 265, 250, 236, 205, 197, 173, 130, 127, 96, 67, 52, 41, 4, 5
414, 410, 375, 354, 328, 311, 294, 265, 250, 236, 205, 197, 173, 130, 127, 96, 67, 52, 41, 4, 5, 6
414, 410, 375, 354, 328, 311, 294, 265, 250, 236, 205, 197, 173, 130, 127, 96, 67, 52, 53, 54, 40, 39, 7
414, 410, 375, 354, 328, 311, 294, 265, 250, 236, 205, 197, 173, 130, 127, 96, 67, 52, 53, 54, 40, 39, 7, 8
414, 410, 375, 354, 328, 311, 294, 265, 250, 236, 205, 197, 173, 130, 127, 96, 67, 52, 53, 54, 55, 38, 37, 36, 9
