396, 397, 389, 363, 343, 326, 290, 268, 255, 217, 200, 187, 158, 139, 121, 95, 86, 49, 24, 0
396, 397, 389, 363, 343, 326, 290, 268, 255, 217, 200, 187, 158, 139, 121, 95, 86, 49, 25, 1
396, 397, 389, 363, 343, 326, 290, 268, 255, 217, 200, 187, 158, 139, 122, 93, 83, 52, 26, 2
396, 397, 389, 363, 343, 326, 290, 268, 255, 217, 200, 187, 158, 139, 122, 93, 83, 52, 27, 3
396, 388, 362, 344, 324, 294, 272, 259, 221, 216, 190, 154, 136, 127, 89, 81, 56, 28, 4
396, 388, 362, 344, 324, 294, 272, 259, 221, 216, 190, 154, 136, 127, 89, 81, 56, 29, 5
396, 388, 362, 344, 324, 294, 272, 273, 239, 222, 215, 192, 174, 133, 128, 110, 80, 58, 31, 6
396, 388, 362, 344, 324, 294, 272, 273, 239, 222, 215, 192, 174, 133, 128, 110, 78, 59, 60, 32, 7
396, 388, 362, 344, 324, 294, 272, 273, 239, 222, 215, 192, 174, 133, 128, 110, 78, 59, 60, 32, 7, 8
396, 388, 362, 344, 324, 294, 272, 273, 239, 222, 215, 192, 174, 133, 128, 110, 78, 59, 60, 32, 7, 8, 9
396, 388, 362, 344, 324, 294, 272, 273, 239, 222, 223, 214, 194, 173, 152, 151, 132, 106, 75, 62, 34, 10
396, 388, 362, 344, 324, 294, 272, 273, 239, 222, 223, 214, 194, 173, 152, 151, 132, 106, 75, 74, 63, 35, 11
396, 388, 362, 344, 324, 294, 272, 273, 239, 222, 223, 214, 194, 173, 152, 151, 132, 106, 105, 73, 64, 36, 12
396, 388, 362, 344, 324, 294, 272, 273, 239, 222, 223, 214, 194, 173, 152, 151, 132, 106, 105, 73, 64, 36, 12, 13
396, 388, 362, 344, 324, 294, 272, 273, 239, 222, 223, 214, 194, 173, 152, 151, 132, 106, 105, 73, 64, 36, 12, 13, 14
396, 397, 398, 390, 391, 367, 341, 327, 289, 266, 254, 238, 237, 236, 204, 183, 163, 143, 117, 100, 101, 68, 45, 44, 39, 38, 15
396, 397, 398, 390, 391, 367, 341, 327, 289, 266, 254, 238, 237, 236, 204, 183, 163, 143, 117, 100, 101, 68, 45, 40, 16
396, 397, 398, 390, 391, 367, 341, 327, 289, 266, 254, 238, 237, 236, 204, 183, 163, 143, 117, 99, 67, 46, 41, 17
396, 397, 389, 363, 343, 326, 290, 268, 255, 217, 200, 201, 186, 160, 140, 120, 96, 87, 48, 22, 21, 18
396, 397, 389, 363, 343, 326, 290, 268, 255, 217, 200, 201, 186, 160, 140, 120, 96, 87, 48, 22, 20, 19
396, 397, 389, 363, 343, 326, 290, 268, 255, 217, 200, 201, 186, 160, 140, 120, 96, 87, 48, 22, 20
396, 397, 389, 363, 343, 326, 290, 268, 255, 217, 200, 201, 186, 160, 140, 120, 96, 87, 48, 22, 21
396, 397, 389, 363, 343, 326, 290, 268, 255, 217, 200, 201, 186, 160, 140, 120, 96, 87, 48, 22
396, 397, 389, 363, 343, 326, 290, 268, 255, 217, 200, 187, 158, 139, 121, 95, 86, 49, 23
396, 397, 389, 363, 343, 326, 290, 268, 255, 217, 200, 187, 158, 139, 121, 95, 86, 49, 24
396, 397, 389, 363, 343, 326, 290, 268, 255, 217, 200, 187, 158, 139, 121, 95, 86, 49, 25
396, 397, 389, 363, 343, 326, 290, 268, 255, 217, 200, 187, 158, 139, 122, 93, 83, 52, 26
396, 397, 389, 363, 343, 326, 290, 268, 255, 217, 200, 187, 158, 139, 122, 93, 83, 52, 27
396, 388, 362, 344, 324, 294, 272, 259, 221, 216, 190, 154, 136, 127, 89, 81, 56, 28
396, 388, 362, 344, 324, 294, 272, 259, 221, 216, 190, 154, 136, 127, 89, 81, 56, 29
396, 388, 362, 344, 324, 294, 272, 259, 221, 216, 190, 154, 136, 127, 89, 81, 56, 29, 30
396, 388, 362, 344, 324, 294, 272, 273, 239, 222, 215, 192, 174, 133, 128, 110, 80, 58, 31
396, 388, 362, 344, 324, 294, 272, 273, 239, 222, 215, 192, 174, 133, 128, 110, 78, 59, 60, 32
396, 388, 362, 344, 324, 294, 272, 273, 239, 222, 215, 192, 174, 133, 128, 110, 78, 59, 60, 32, 33
396, 388, 362, 344, 324, 294, 272, 273, 239, 222, 223, 214, 194, 173, 152, 151, 132, 106, 75, 62, 34
396, 388, 362, 344, 324, 294, 272, 273, 239, 222, 223, 214, 194, 173, 152, 151, 132, 106, 75, 74, 63, 35
396, 388, 362, 344, 324, 294, 272, 273, 239, 222, 223, 214, 194, 173, 152, 151, 132, 106, 105, 73, 64, 36
396, 388, 362, 344, 324, 294, 272, 273, 239, 222, 223, 214, 194, 173, 152, 151, 132, 106, 105, 73, 64, 36, 37
396, 397, 398, 390, 391, 367, 341, 327, 289, 266, 254, 238, 237, 236, 204, 183, 163, 143, 117, 100, 101, 68, 45, 44, 39, 38
396, 397, 398, 390, 391, 367, 341, 327, 289, 266, 254, 238, 237, 236, 204, 183, 163, 143, 117, 100, 101, 68, 45, 44, 39
