312, 304, 260, 261, 250, 251, 235, 204, 184, 162, 141, 140, 120, 96, 86, 49, 24, 0
312, 304, 260, 261, 250, 251, 235, 204, 184, 162, 141, 140, 120, 96, 86, 49, 25, 1
312, 304, 260, 261, 250, 251, 235, 204, 184, 162, 141, 140, 120, 96, 86, 85, 50, 26, 2
312, 304, 260, 261, 250, 251, 235, 204, 184, 162, 161, 160, 159, 139, 122, 93, 83, 52, 27, 3
312, 313, 314, 301, 278, 244, 228, 211, 176, 171, 150, 132, 107, 108, 77, 60, 59, 31, 30, 29, 28, 4
312, 313, 314, 301, 278, 244, 228, 211, 176, 171, 150, 132, 107, 108, 77, 60, 59, 31, 6, 5
312, 313, 314, 301, 278, 244, 228, 211, 176, 171, 150, 132, 107, 108, 77, 60, 59, 31, 6
312, 313, 314, 301, 278, 244, 228, 211, 176, 171, 150, 132, 107, 108, 77, 60, 32, 7
312, 304, 282, 246, 230, 209, 178, 168, 148, 112, 105, 74, 75, 76, 61, 33, 8
312, 304, 282, 246, 230, 209, 178, 168, 148, 112, 105, 74, 75, 62, 34, 10, 9
312, 304, 282, 246, 230, 209, 178, 168, 148, 112, 105, 74, 75, 62, 34, 10
312, 304, 282, 246, 230, 209, 178, 168, 148, 112, 105, 74, 63, 35, 11
312, 304, 282, 246, 230, 209, 178, 168, 148, 112, 105, 73, 64, 36, 12
312, 304, 282, 246, 230, 209, 178, 168, 148, 112, 105, 73, 64, 36, 12, 13
312, 304, 282, 246, 230, 209, 178, 167, 147, 113, 104, 71, 66, 37, 14
312, 304, 282, 247, 231, 207, 179, 166, 146, 114, 103, 70, 42, 38, 15
312, 304, 282, 247, 231, 207, 179, 166, 146, 114, 103, 70, 44, 39, 16
312, 304, 282, 247, 231, 207, 179, 166, 146, 114, 103, 70, 44, 39, 16, 17
312, 304, 282, 247, 231, 207, 179, 166, 146, 114, 103, 70, 44, 39, 16, 17, 18
312, 304, 282, 247, 231, 207, 179, 166, 146, 114, 103, 70, 44, 45, 46, 47, 21, 19
312, 304, 260, 261, 250, 251, 235, 204, 184, 162, 141, 118, 97, 88, 48, 22, 20
312, 304, 282, 247, 231, 207, 179, 166, 146, 114, 103, 70, 44, 45, 46, 47, 21
312, 304, 260, 261, 250, 251, 235, 204, 184, 162, 141, 118, 97, 88, 48, 22
312, 304, 260, 261, 250, 251, 235, 204, 184, 162, 141, 140, 120, 96, 86, 49, 23
312, 304, 260, 261, 250, 251, 235, 204, 184, 162, 141, 140, 120, 96, 86, 49, 24
312, 304, 260, 261, 250, 251, 235, 204, 184, 162, 141, 140, 120, 96, 86, 49, 25
312, 304, 260, 261, 250, 251, 235, 204, 184, 162, 141, 140, 120, 96, 86, 85, 50, 26
312, 304, 260, 261, 250, 251, 235, 204, 184, 162, 161, 160, 159, 139, 122, 93, 83, 52, 27
312, 313, 314, 301, 278, 244, 228, 211, 176, 171, 150, 132, 107, 108, 77, 60, 59, 31, 30, 29, 28
312, 313, 314, 301, 278, 244, 228, 211, 176, 171, 150, 132, 107, 108, 77, 60, 59, 31, 30, 29
312, 313, 314, 301, 278, 244, 228, 211, 176, 171, 150, 132, 107, 108, 77, 60, 59, 31, 30
312, 313, 314, 301, 278, 244, 228, 211, 176, 171, 150, 132, 107, 108, 77, 60, 59, 31
312, 313, 314, 301, 278, 244, 228, 211, 176, 171, 150, 132, 107, 108, 77, 60, 32
312, 304, 282, 246, 230, 209, 178, 168, 148, 112, 105, 74, 75, 76, 61, 33
312, 304, 282, 246, 230, 209, 178, 168, 148, 112, 105, 74, 75, 62, 34
312, 304, 282, 246, 230, 209, 178, 168, 148, 112, 105, 74, 63, 35
312, 304, 282, 246, 230, 209, 178, 168, 148, 112, 105, 73, 64, 36
312, 304, 282, 246, 230, 209, 178, 167, 147, 113, 104, 71, 66, 37
312, 304, 282, 247, 231, 207, 179, 166, 146, 114, 103, 70, 42, 38
312, 304, 282, 247, 231, 207, 179, 166, 146, 114, 103, 70, 44, 39
