479, 440, 436, 435, 415, 386, 359, 346, 322, 294, 270, 257, 219, 197, 198, 188, 157, 138, 122, 94, 85, 86, 49, 24, 0
479, 440, 436, 435, 415, 386, 359, 346, 322, 294, 270, 257, 219, 197, 198, 188, 157, 138, 122, 94, 85, 86, 49, 25, 1
479, 440, 436, 435, 415, 386, 359, 346, 322, 294, 270, 257, 219, 197, 198, 188, 157, 138, 122, 93, 83, 52, 26, 2
479, 440, 436, 414, 385, 358, 348, 319, 296, 274, 241, 223, 215, 192, 174, 133, 134, 127, 89, 81, 82, 55, 54, 27, 3
479, 440, 436, 414, 385, 358, 348, 319, 296, 274, 241, 223, 215, 192, 174, 133, 134, 127, 89, 81, 56, 28, 4
479, 440, 436, 414, 385, 358, 348, 319, 296, 274, 241, 223, 215, 192, 174, 133, 134, 127, 89, 81, 56, 29, 5
479, 440, 436, 414, 385, 358, 348, 319, 296, 274, 241, 223, 215, 192, 174, 133, 128, 110, 80, 58, 31, 6
479, 440, 436, 414, 385, 358, 348, 319, 296, 274, 241, 223, 214, 194, 173, 152, 130, 108, 77, 60, 32, 7
479, 440, 436, 414, 385, 358, 348, 319, 296, 274, 241, 223, 214, 194, 173, 152, 130, 108, 77, 60, 32, 7, 8
479, 440, 436, 414, 385, 358, 348, 319, 296, 274, 241, 223, 214, 194, 173, 152, 130, 108, 77, 60, 32, 7, 8, 9
479, 439, 416, 411, 382, 354, 330, 315, 301, 278, 244, 228, 211, 176, 171, 150, 132, 106, 75, 62, 34, 10
479, 439, 416, 411, 382, 354, 330, 315, 301, 280, 245, 229, 210, 177, 169, 149, 112, 105, 74, 63, 35, 11
479, 439, 416, 411, 382, 354, 330, 315, 301, 280, 245, 229, 210, 177, 169, 149, 112, 105, 73, 64, 36, 12
479, 439, 416, 411, 382, 354, 330, 315, 301, 280, 245, 229, 210, 177, 169, 149, 112, 105, 73, 64, 36, 12, 13
479, 439, 416, 411, 382, 354, 330, 315, 301, 280, 245, 229, 210, 177, 169, 149, 112, 105, 73, 64, 36, 12, 13, 14
479, 439, 416, 411, 382, 354, 330, 315, 301, 280, 245, 229, 210, 177, 169, 149, 112, 105, 73, 64, 36, 12, 13, 14, 15
479, 439, 416, 411, 382, 354, 330, 315, 301, 280, 245, 246, 247, 231, 207, 179, 166, 146, 114, 103, 70, 44, 39, 16
479, 439, 416, 411, 382, 354, 330, 315, 301, 280, 245, 246, 247, 231, 207, 179, 166, 146, 114, 103, 70, 44, 39, 16, 17
479, 439, 416, 411, 382, 354, 330, 315, 301, 280, 245, 246, 247, 231, 207, 179, 166, 146, 114, 103, 70, 44, 39, 16, 17, 18
479, 440, 436, 435, 415, 386, 359, 346, 322, 294, 270, 257, 219, 197, 198, 188, 157, 138, 122, 94, 85, 86, 49, 24, 0, 20, 19
479, 440, 436, 435, 415, 386, 359, 346, 322, 294, 270, 257, 219, 197, 198, 188, 157, 138, 122, 94, 85, 86, 49, 24, 0, 20
479, 439, 416, 411, 382, 354, 330, 315, 301, 280, 245, 246, 247, 231, 207, 179, 166, 146, 114, 103, 70, 44, 45, 46, 47, 21
479, 440, 436, 435, 415, 386, 359, 346, 322, 294, 270, 257, 219, 197, 198, 188, 157, 138, 122, 94, 85, 86, 49, 23, 22
479, 440, 436, 435, 415, 386, 359, 346, 322, 294, 270, 257, 219, 197, 198, 188, 157, 138, 122, 94, 85, 86, 49, 23
479, 440, 436, 435, 415, 386, 359, 346, 322, 294, 270, 257, 219, 197, 198, 188, 157, 138, 122, 94, 85, 86, 49, 24
479, 440, 436, 435, 415, 386, 359, 346, 322, 294, 270, 257, 219, 197, 198, 188, 157, 138, 122, 94, 85, 86, 49, 25
479, 440, 436, 435, 415, 386, 359, 346, 322, 294, 270, 257, 219, 197, 198, 188, 157, 138, 122, 93, 83, 52, 26
479, 440, 436, 414, 385, 358, 348, 319, 296, 274, 241, 223, 215, 192, 174, 133, 134, 127, 89, 81, 82, 55, 54, 27
479, 440, 436, 414, 385, 358, 348, 319, 296, 274, 241, 223, 215, 192, 174, 133, 134, 127, 89, 81, 56, 28
479, 440, 436, 414, 385, 358, 348, 319, 296, 274, 241, 223, 215, 192, 174, 133, 134, 127, 89, 81, 56, 29
479, 440, 436, 414, 385, 358, 348, 319, 296, 274, 241, 223, 215, 192, 174, 133, 128, 110, 80, 58, 30
479, 440, 436, 414, 385, 358, 348, 319, 296, 274, 241, 223, 215, 192, 174, 133, 128, 110, 80, 58, 31
479, 440, 436, 414, 385, 358, 348, 319, 296, 274, 241, 223, 214, 194, 173, 152, 130, 108, 77, 60, 32
479, 440, 436, 414, 385, 358, 348, 319, 296, 274, 241, 223, 214, 194, 173, 152, 130, 108, 77, 60, 32, 33
479, 439, 416, 411, 382, 354, 330, 315, 301, 278, 244, 228, 211, 176, 171, 150, 132, 106, 75, 62, 34
479, 439, 416, 411, 382, 354, 330, 315, 301, 280, 245, 229, 210, 177, 169, 149, 112, 105, 74, 63, 35
479, 439, 416, 411, 382, 354, 330, 315, 301, 280, 245, 229, 210, 177, 169, 149, 112, 105, 73, 64, 36
479, 439, 416, 411, 382, 354, 330, 315, 301, 280, 245, 229, 210, 177, 169, 149, 112, 105, 73, 64, 36, 37
479, 439, 416, 411, 382, 354, 330, 315, 301, 280, 245, 246, 247, 231, 207, 179, 166, 146, 114, 103, 70, 42, 38
479, 439, 416, 411, 382, 354, 330, 315, 301, 280, 245, 246, 247, 231, 207, 179, 166, 146, 114, 103, 70, 44, 39
