512, 498, 467, 454, 424, 403, 375, 370, 336, 310, 283, 263, 251, 235, 204, 184, 162, 141, 140, 120, 96, 86, 49, 24, 0
512, 498, 467, 454, 424, 403, 375, 370, 336, 310, 283, 263, 251, 235, 204, 184, 162, 141, 140, 120, 96, 86, 49, 25, 1
512, 498, 467, 454, 424, 425, 402, 374, 369, 368, 339, 306, 305, 289, 267, 255, 217, 200, 187, 158, 139, 122, 93, 83, 52, 26, 2
512, 498, 467, 454, 424, 425, 402, 374, 369, 368, 339, 306, 305, 289, 267, 255, 217, 200, 187, 158, 139, 122, 93, 83, 52, 27, 3
512, 498, 467, 454, 424, 425, 402, 374, 369, 368, 339, 306, 305, 289, 267, 255, 217, 200, 187, 158, 139, 122, 93, 83, 52, 27, 3, 4
512, 498, 467, 454, 424, 425, 402, 374, 369, 368, 339, 306, 305, 289, 267, 255, 217, 200, 187, 158, 139, 122, 93, 83, 52, 27, 3, 4, 5
512, 499, 466, 455, 422, 421, 406, 407, 379, 353, 331, 314, 301, 278, 244, 228, 211, 176, 171, 150, 132, 107, 108, 77, 60, 59, 31, 6
512, 499, 466, 455, 422, 421, 406, 407, 379, 353, 331, 314, 301, 278, 244, 228, 211, 176, 171, 150, 132, 107, 108, 77, 60, 32, 7
512, 499, 466, 455, 422, 421, 406, 407, 379, 353, 331, 314, 301, 278, 244, 228, 211, 176, 171, 150, 132, 107, 76, 61, 33, 8
512, 499, 466, 455, 422, 421, 406, 407, 379, 353, 331, 314, 301, 278, 244, 228, 211, 176, 171, 150, 132, 107, 76, 61, 33, 9
512, 499, 466, 455, 423, 405, 377, 372, 335, 311, 304, 282, 246, 230, 209, 178, 168, 148, 112, 105, 74, 75, 62, 34, 10
512, 499, 466, 455, 423, 405, 377, 372, 335, 311, 304, 282, 246, 230, 209, 178, 168, 148, 112, 105, 74, 63, 35, 11
512, 499, 466, 455, 423, 405, 377, 372, 335, 311, 304, 282, 246, 230, 209, 178, 168, 148, 112, 105, 73, 64, 36, 12
512, 499, 466, 455, 423, 405, 377, 372, 335, 311, 304, 282, 246, 230, 209, 178, 168, 148, 112, 105, 73, 64, 36, 12, 13
512, 499, 466, 455, 423, 405, 377, 372, 335, 311, 304, 282, 246, 230, 209, 178, 167, 147, 113, 104, 71, 66, 37, 14
512, 498, 467, 454, 424, 403, 375, 370, 336, 310, 285, 262, 250, 234, 205, 181, 165, 144, 115, 103, 70, 42, 38, 15
512, 498, 467, 454, 424, 403, 375, 370, 336, 310, 283, 263, 251, 235, 204, 183, 163, 143, 117, 100, 101, 68, 45, 40, 16
512, 498, 467, 454, 424, 403, 375, 370, 336, 310, 283, 263, 251, 235, 204, 183, 163, 143, 117, 99, 67, 46, 41, 17
512, 498, 467, 454, 424, 403, 375, 370, 336, 310, 283, 263, 251, 235, 204, 184, 162, 141, 118, 97, 88, 47, 21, 18
512, 498, 467, 454, 424, 403, 375, 370, 336, 310, 283, 263, 251, 235, 204, 184, 162, 141, 118, 97, 88, 47, 21, 19
512, 498, 467, 454, 424, 403, 375, 370, 336, 310, 283, 263, 251, 235, 204, 184, 162, 141, 118, 97, 88, 48, 22, 20
512, 498, 467, 454, 424, 403, 375, 370, 336, 310, 283, 263, 251, 235, 204, 184, 162, 141, 118, 97, 88, 47, 21
512, 498, 467, 454, 424, 403, 375, 370, 336, 310, 283, 263, 251, 235, 204, 184, 162, 141, 118, 97, 88, 48, 22
512, 498, 467, 454, 424, 403, 375, 370, 336, 310, 283, 263, 251, 235, 204, 184, 162, 141, 140, 120, 96, 86, 49, 23
512, 498, 467, 454, 424, 403, 375, 370, 336, 310, 283, 263, 251, 235, 204, 184, 162, 141, 140, 120, 96, 86, 49, 24
512, 498, 467, 454, 424, 403, 375, 370, 336, 310, 283, 263, 251, 235, 204, 184, 162, 141, 140, 120, 96, 86, 49, 25
512, 498, 467, 454, 424, 425, 402, 374, 369, 368, 339, 306, 305, 289, 267, 255, 217, 200, 187, 158, 139, 122, 93, 83, 52, 26
512, 498, 467, 454, 424, 425, 402, 374, 369, 368, 339, 306, 305, 289, 267, 255, 217, 200, 187, 158, 139, 122, 93, 83, 52, 27
512, 498, 467, 454, 424, 425, 402, 374, 369, 368, 339, 306, 305, 289, 267, 255, 217, 200, 187, 158, 139, 122, 93, 83, 52, 27, 28
512, 498, 467, 454, 424, 425, 402, 374, 369, 368, 339, 306, 305, 289, 267, 255, 217, 200, 187, 158, 139, 122, 93, 83, 52, 27, 28, 29
512, 498, 467, 454, 424, 425, 402, 374, 369, 368, 339, 306, 305, 289, 267, 255, 217, 200, 187, 158, 139, 122, 93, 83, 52, 27, 28, 29, 30
512, 499, 466, 455, 422, 421, 406, 407, 379, 353, 331, 314, 301, 278, 244, 228, 211, 176, 171, 150, 132, 107, 108, 77, 60, 59, 31
512, 499, 466, 455, 422, 421, 406, 407, 379, 353, 331, 314, 301, 278, 244, 228, 211, 176, 171, 150, 132, 107, 108, 77, 60, 32
512, 499, 466, 455, 422, 421, 406, 407, 379, 353, 331, 314, 301, 278, 244, 228, 211, 176, 171, 150, 132, 107, 76, 61, 33
512, 499, 466, 455, 423, 405, 377, 372, 335, 311, 304, 282, 246, 230, 209, 178, 168, 148, 112, 105, 74, 75, 62, 34
512, 499, 466, 455, 423, 405, 377, 372, 335, 311, 304, 282, 246, 230, 209, 178, 168, 148, 112, 105, 74, 63, 35
512, 499, 466, 455, 423, 405, 377, 372, 335, 311, 304, 282, 246, 230, 209, 178, 168, 148, 112, 105, 73, 64, 36
512, 499, 466, 455, 423, 405, 377, 372, 335, 311, 304, 282, 246, 230, 209, 178, 167, 147, 113, 104, 71, 66, 37
512, 498, 467, 454, 424, 403, 375, 370, 336, 310, 285, 262, 250, 234, 205, 181, 165, 144, 115, 103, 70, 42, 38
512, 498, 467, 454, 424, 403, 375, 370, 336, 310, 283, 263, 251, 235, 204, 183, 163, 143, 117, 100, 101, 68, 45, 44, 39
