685, 654, 636, 607, 596, 567, 546, 525, 519, 494, 471, 448, 428, 399, 392, 367, 341, 327, 289, 266, 254, 238, 202, 186, 160, 140, 120, 96, 86, 49, 24, 0
685, 654, 636, 607, 596, 567, 546, 525, 519, 494, 471, 448, 428, 399, 392, 367, 341, 327, 289, 266, 254, 238, 202, 186, 160, 140, 120, 96, 86, 49, 25, 1
685, 654, 636, 607, 596, 567, 546, 525, 519, 494, 471, 448, 428, 399, 392, 367, 341, 327, 289, 267, 255, 217, 200, 187, 158, 139, 122, 93, 83, 52, 26, 2
685, 654, 636, 607, 596, 567, 546, 525, 519, 494, 471, 448, 428, 399, 392, 367, 341, 327, 289, 267, 255, 217, 200, 187, 158, 139, 122, 93, 83, 52, 27, 3
685, 654, 636, 607, 596, 567, 546, 525, 519, 494, 471, 448, 428, 399, 392, 367, 341, 327, 289, 267, 255, 217, 200, 187, 158, 139, 122, 93, 83, 52, 27, 3, 4
685, 654, 636, 607, 596, 567, 546, 525, 519, 494, 471, 448, 428, 399, 392, 367, 341, 327, 289, 267, 255, 217, 200, 187, 158, 139, 122, 93, 83, 52, 27, 3, 4, 5
685, 684, 683, 656, 639, 640, 626, 601, 572, 551, 540, 502, 487, 478, 441, 436, 414, 385, 358, 348, 319, 296, 274, 241, 223, 215, 192, 174, 133, 128, 110, 80, 58, 31, 6
685, 684, 683, 656, 639, 640, 626, 601, 572, 551, 540, 502, 487, 478, 441, 436, 414, 385, 358, 348, 319, 296, 274, 241, 223, 214, 194, 173, 152, 130, 108, 77, 60, 32, 7
685, 684, 683, 656, 639, 640, 626, 601, 572, 551, 540, 502, 487, 478, 441, 436, 414, 385, 358, 348, 319, 296, 274, 241, 223, 214, 194, 173, 152, 130, 108, 77, 60, 32, 7, 8
685, 684, 683, 656, 639, 640, 626, 601, 572, 551, 540, 502, 487, 478, 441, 436, 414, 385, 358, 348, 319, 296, 274, 241, 223, 214, 194, 173, 152, 130, 108, 77, 60, 32, 7, 8, 9
685, 684, 683, 656, 639, 640, 626, 601, 572, 551, 540, 502, 487, 478, 441, 436, 414, 385, 358, 348, 319, 296, 274, 241, 223, 214, 194, 173, 152, 151, 132, 106, 75, 62, 34, 10
685, 684, 683, 656, 639, 640, 626, 601, 572, 551, 540, 502, 487, 478, 441, 436, 414, 385, 358, 348, 319, 296, 274, 241, 223, 214, 194, 173, 152, 151, 132, 106, 75, 74, 63, 35, 11
685, 684, 683, 656, 639, 640, 626, 601, 572, 551, 540, 502, 487, 478, 441, 436, 414, 385, 358, 348, 319, 296, 274, 241, 223, 214, 194, 173, 152, 151, 132, 106, 105, 73, 64, 36, 12
685, 654, 636, 607, 596, 567, 546, 525, 526, 518, 495, 470, 452, 426, 401, 374, 369, 337, 308, 287, 264, 252, 236, 204, 183, 163, 143, 117, 116, 102, 69, 70, 71, 66, 37, 13
685, 654, 636, 607, 596, 567, 546, 525, 526, 518, 495, 470, 452, 426, 401, 374, 369, 337, 308, 287, 264, 252, 236, 204, 183, 163, 143, 117, 116, 102, 69, 70, 71, 66, 37, 14
685, 654, 636, 607, 596, 567, 546, 525, 526, 518, 495, 470, 452, 426, 401, 374, 369, 337, 308, 287, 264, 252, 236, 204, 183, 163, 143, 117, 100, 101, 68, 45, 44, 39, 38, 15
685, 654, 636, 607, 596, 567, 546, 525, 526, 518, 495, 470, 452, 426, 401, 374, 369, 337, 308, 287, 264, 252, 236, 204, 183, 163, 143, 117, 100, 101, 68, 45, 40, 16
685, 654, 636, 607, 596, 567, 546, 525, 526, 518, 495, 470, 452, 426, 401, 374, 369, 337, 308, 287, 264, 252, 236, 204, 183, 163, 143, 117, 99, 67, 46, 41, 17
685, 654, 636, 607, 596, 567, 546, 525, 519, 494, 471, 448, 428, 399, 392, 367, 341, 327, 289, 266, 254, 238, 202, 186, 160, 140, 120, 96, 87, 48, 22, 21, 18
685, 654, 636, 607, 596, 567, 546, 525, 519, 494, 471, 448, 428, 399, 392, 367, 341, 327, 289, 266, 254, 238, 202, 186, 160, 140, 120, 96, 87, 48, 22, 20, 19
685, 654, 636, 607, 596, 567, 546, 525, 519, 494, 471, 448, 428, 399, 392, 367, 341, 327, 289, 266, 254, 238, 202, 186, 160, 140, 120, 96, 87, 48, 22, 20
685, 654, 636, 607, 596, 567, 546, 525, 519, 494, 471, 448, 428, 399, 392, 367, 341, 327, 289, 266, 254, 238, 202, 186, 160, 140, 120, 96, 87, 48, 22, 21
685, 654, 636, 607, 596, 567, 546, 525, 519, 494, 471, 448, 428, 399, 392, 367, 341, 327, 289, 266, 254, 238, 202, 186, 160, 140, 120, 96, 87, 48, 22
685, 654, 636, 607, 596, 567, 546, 525, 519, 494, 471, 448, 428, 399, 392, 367, 341, 327, 289, 266, 254, 238, 202, 186, 160, 140, 120, 96, 86, 49, 23
685, 654, 636, 607, 596, 567, 546, 525, 519, 494, 471, 448, 428, 399, 392, 367, 341, 327, 289, 266, 254, 238, 202, 186, 160, 140, 120, 96, 86, 49, 24
685, 654, 636, 607, 596, 567, 546, 525, 519, 494, 471, 448, 428, 399, 392, 367, 341, 327, 289, 266, 254, 238, 202, 186, 160, 140, 120, 96, 86, 49, 25
685, 654, 636, 607, 596, 567, 546, 525, 519, 494, 471, 448, 428, 399, 392, 367, 341, 327, 289, 267, 255, 217, 200, 187, 158, 139, 122, 93, 83, 52, 26
685, 654, 636, 607, 596, 567, 546, 525, 519, 494, 471, 448, 428, 399, 392, 367, 341, 327, 289, 267, 255, 217, 200, 187, 158, 139, 122, 93, 83, 52, 27
685, 654, 636, 607, 596, 567, 546, 525, 519, 494, 471, 448, 428, 399, 392, 367, 341, 327, 289, 267, 255, 217, 200, 187, 158, 139, 122, 93, 83, 52, 27, 28
685, 654, 636, 607, 596, 567, 546, 525, 519, 494, 471, 448, 428, 399, 392, 367, 341, 327, 289, 267, 255, 217, 200, 187, 158, 139, 122, 93, 83, 52, 27, 28, 29
685, 684, 683, 656, 639, 640, 626, 601, 572, 551, 540, 502, 487, 478, 441, 436, 414, 385, 358, 348, 319, 296, 274, 241, 223, 215, 192, 174, 133, 128, 110, 80, 58, 30
685, 684, 683, 656, 639, 640, 626, 601, 572, 551, 540, 502, 487, 478, 441, 436, 414, 385, 358, 348, 319, 296, 274, 241, 223, 215, 192, 174, 133, 128, 110, 80, 58, 31
685, 684, 683, 656, 639, 640, 626, 601, 572, 551, 540, 502, 487, 478, 441, 436, 414, 385, 358, 348, 319, 296, 274, 241, 223, 214, 194, 173, 152, 130, 108, 77, 60, 32
685, 684, 683, 656, 639, 640, 626, 601, 572, 551, 540, 502, 487, 478, 441, 436, 414, 385, 358, 348, 319, 296, 274, 241, 223, 214, 194, 173, 152, 130, 108, 77, 60, 32, 33
685, 684, 683, 656, 639, 640, 626, 601, 572, 551, 540, 502, 487, 478, 441, 436, 414, 385, 358, 348, 319, 296, 274, 241, 223, 214, 194, 173, 152, 151, 132, 106, 75, 62, 34
685, 684, 683, 656, 639, 640, 626, 601, 572, 551, 540, 502, 487, 478, 441, 436, 414, 385, 358, 348, 319, 296, 274, 241, 223, 214, 194, 173, 152, 151, 132, 106, 75, 74, 63, 35
685, 684, 683, 656, 639, 640, 626, 601, 572, 551, 540, 502, 487, 478, 441, 436, 414, 385, 358, 348, 319, 296, 274, 241, 223, 214, 194, 173, 152, 151, 132, 106, 105, 73, 64, 36
685, 654, 636, 607, 596, 567, 546, 525, 526, 518, 495, 470, 452, 426, 401, 374, 369, 337, 308, 287, 264, 252, 236, 204, 183, 163, 143, 117, 116, 102, 69, 70, 71, 66, 37
685, 654, 636, 607, 596, 567, 546, 525, 526, 518, 495, 470, 452, 426, 401, 374, 369, 337, 308, 287, 264, 252, 236, 204, 183, 163, 143, 117, 100, 101, 68, 45, 44, 39, 38
685, 654, 636, 607, 596, 567, 546, 525, 526, 518, 495, 470, 452, 426, 401, 374, 369, 337, 308, 287, 264, 252, 236, 204, 183, 163, 143, 117, 100, 101, 68, 45, 44, 39
