812, 776, 758, 757, 756, 735, 709, 678, 660, 643, 623, 603, 575, 553, 539, 503, 487, 478, 442, 435, 415, 386, 359, 346, 322, 294, 270, 257, 219, 197, 198, 188, 157, 138, 122, 94, 85, 86, 49, 24, 0
812, 776, 758, 757, 756, 735, 709, 678, 660, 643, 623, 603, 575, 553, 539, 503, 487, 478, 442, 435, 415, 386, 359, 346, 322, 294, 270, 257, 219, 197, 198, 188, 157, 138, 122, 94, 85, 86, 49, 25, 1
812, 776, 758, 757, 756, 735, 709, 678, 660, 643, 623, 603, 575, 553, 539, 503, 487, 478, 442, 435, 415, 386, 359, 346, 322, 294, 270, 257, 219, 197, 198, 188, 157, 138, 122, 93, 83, 52, 26, 2
812, 827, 857, 861, 887, 902, 934, 950, 979, 997, 1024, 1032, 1051, 1070, 1111, 1120, 1153, 1159, 1179, 1210, 1238, 1239, 1244, 1279, 1294, 1314, 1341, 1352, 1367, 1396, 1409, 1444, 1446, 1472, 1499, 1528, 1535, 3
812, 776, 758, 757, 756, 735, 709, 678, 660, 643, 623, 603, 575, 553, 539, 503, 487, 478, 442, 435, 415, 386, 359, 346, 322, 294, 272, 259, 221, 216, 190, 154, 136, 127, 89, 81, 56, 28, 4
812, 776, 758, 757, 756, 735, 709, 678, 660, 643, 623, 603, 575, 553, 539, 503, 487, 478, 442, 435, 415, 386, 359, 346, 322, 294, 272, 259, 221, 216, 190, 154, 136, 127, 89, 81, 56, 29, 5
812, 776, 758, 757, 756, 735, 709, 678, 660, 643, 623, 603, 575, 553, 539, 503, 487, 478, 441, 436, 414, 385, 358, 348, 319, 296, 274, 241, 223, 215, 192, 174, 133, 128, 110, 80, 58, 31, 6
812, 776, 758, 757, 756, 735, 709, 678, 660, 643, 623, 603, 575, 553, 539, 503, 487, 478, 441, 436, 414, 385, 358, 348, 319, 296, 274, 241, 223, 214, 194, 173, 152, 130, 108, 77, 60, 32, 7
812, 776, 758, 757, 756, 735, 709, 678, 660, 643, 623, 603, 575, 553, 539, 503, 487, 478, 441, 436, 414, 385, 358, 348, 319, 296, 274, 241, 223, 214, 194, 173, 152, 130, 108, 77, 60, 32, 7, 8
812, 776, 758, 757, 756, 735, 709, 678, 660, 643, 623, 603, 575, 553, 539, 503, 487, 478, 441, 436, 414, 385, 358, 348, 319, 296, 274, 241, 223, 214, 194, 173, 152, 130, 108, 77, 60, 32, 7, 8, 9
812, 776, 758, 734, 708, 677, 662, 644, 621, 620, 605, 577, 555, 537, 507, 484, 461, 438, 417, 411, 382, 354, 330, 315, 301, 278, 244, 228, 211, 176, 171, 150, 132, 106, 75, 62, 34, 10
812, 776, 758, 734, 708, 677, 662, 644, 621, 620, 605, 577, 555, 537, 507, 484, 461, 438, 417, 411, 382, 354, 330, 315, 301, 280, 245, 229, 210, 177, 169, 149, 112, 105, 74, 63, 35, 11
812, 776, 758, 734, 708, 677, 662, 644, 621, 620, 605, 577, 555, 537, 507, 484, 461, 438, 417, 411, 382, 354, 330, 315, 301, 280, 245, 229, 210, 177, 169, 149, 112, 105, 73, 64, 36, 12
812, 776, 758, 734, 708, 677, 662, 644, 621, 620, 605, 577, 555, 537, 507, 484, 461, 438, 417, 411, 382, 354, 330, 315, 301, 280, 245, 229, 210, 177, 169, 149, 112, 105, 73, 64, 36, 12, 13
812, 776, 758, 734, 708, 677, 662, 644, 621, 620, 605, 577, 555, 537, 507, 484, 461, 438, 417, 411, 382, 354, 330, 315, 301, 280, 245, 229, 210, 177, 169, 149, 112, 105, 73, 64, 36, 12, 13, 14
812, 827, 857, 861, 888, 922, 932, 948, 977, 995, 1021, 1020, 1036, 1056, 1074, 1105, 1126, 1144, 1173, 1172, 1191, 1218, 1228, 1254, 1268, 1284, 1302, 1329, 1343, 1378, 1386, 1419, 1434, 1456, 1482, 1488, 1517, 1544, 15
812, 776, 758, 734, 708, 677, 662, 644, 621, 620, 605, 577, 555, 537, 507, 484, 461, 438, 417, 411, 382, 354, 330, 315, 301, 280, 245, 246, 247, 231, 207, 179, 166, 146, 114, 103, 70, 44, 39, 16
812, 811, 810, 779, 762, 763, 728, 702, 671, 670, 649, 631, 614, 592, 583, 562, 530, 512, 498, 467, 454, 424, 403, 375, 370, 336, 310, 283, 263, 251, 235, 204, 183, 163, 143, 117, 99, 67, 46, 41, 17
812, 811, 810, 779, 762, 763, 728, 702, 671, 670, 649, 631, 614, 592, 583, 562, 530, 512, 498, 467, 454, 424, 403, 375, 370, 336, 310, 283, 263, 251, 235, 204, 184, 162, 141, 118, 97, 88, 47, 21, 18
812, 811, 810, 779, 762, 763, 728, 702, 671, 670, 649, 631, 614, 592, 583, 562, 530, 512, 498, 467, 454, 424, 403, 375, 370, 336, 310, 283, 263, 251, 235, 204, 184, 162, 141, 118, 97, 88, 47, 21, 19
812, 811, 810, 779, 762, 763, 728, 702, 671, 670, 649, 631, 614, 592, 583, 562, 530, 512, 498, 467, 454, 424, 403, 375, 370, 336, 310, 283, 263, 251, 235, 204, 184, 162, 141, 118, 97, 88, 48, 22, 20
812, 811, 810, 779, 762, 763, 728, 702, 671, 670, 649, 631, 614, 592, 583, 562, 530, 512, 498, 467, 454, 424, 403, 375, 370, 336, 310, 283, 263, 251, 235, 204, 184, 162, 141, 118, 97, 88, 47, 21
812, 811, 810, 779, 762, 763, 728, 702, 671, 670, 649, 631, 614, 592, 583, 562, 530, 512, 498, 467, 454, 424, 403, 375, 370, 336, 310, 283, 263, 251, 235, 204, 184, 162, 141, 118, 97, 88, 48, 22
812, 776, 758, 757, 756, 735, 709, 678, 660, 643, 623, 603, 575, 553, 539, 503, 487, 478, 442, 435, 415, 386, 359, 346, 322, 294, 270, 257, 219, 197, 198, 188, 157, 138, 122, 94, 85, 86, 49, 23
812, 776, 758, 757, 756, 735, 709, 678, 660, 643, 623, 603, 575, 553, 539, 503, 487, 478, 442, 435, 415, 386, 359, 346, 322, 294, 270, 257, 219, 197, 198, 188, 157, 138, 122, 94, 85, 86, 49, 24
812, 776, 758, 757, 756, 735, 709, 678, 660, 643, 623, 603, 575, 553, 539, 503, 487, 478, 442, 435, 415, 386, 359, 346, 322, 294, 270, 257, 219, 197, 198, 188, 157, 138, 122, 94, 85, 86, 49, 25
812, 776, 758, 757, 756, 735, 709, 678, 660, 643, 623, 603, 575, 553, 539, 503, 487, 478, 442, 435, 415, 386, 359, 346, 322, 294, 270, 257, 219, 197, 198, 188, 157, 138, 122, 93, 83, 52, 26
812, 776, 758, 757, 756, 735, 709, 678, 660, 643, 623, 603, 575, 553, 539, 503, 487, 478, 442, 435, 415, 386, 359, 346, 322, 294, 270, 257, 219, 197, 198, 188, 157, 138, 122, 93, 83, 52, 27
812, 776, 758, 757, 756, 735, 709, 678, 660, 643, 623, 603, 575, 553, 539, 503, 487, 478, 442, 435, 415, 386, 359, 346, 322, 294, 272, 259, 221, 216, 190, 154, 136, 127, 89, 81, 56, 28
812, 776, 758, 757, 756, 735, 709, 678, 660, 643, 623, 603, 575, 553, 539, 503, 487, 478, 442, 435, 415, 386, 359, 346, 322, 294, 272, 259, 221, 216, 190, 154, 136, 127, 89, 81, 56, 29
812, 776, 758, 757, 756, 735, 709, 678, 660, 643, 623, 603, 575, 553, 539, 503, 487, 478, 441, 436, 414, 385, 358, 348, 319, 296, 274, 241, 223, 215, 192, 174, 133, 128, 110, 80, 58, 30
812, 776, 758, 757, 756, 735, 709, 678, 660, 643, 623, 603, 575, 553, 539, 503, 487, 478, 441, 436, 414, 385, 358, 348, 319, 296, 274, 241, 223, 215, 192, 174, 133, 128, 110, 80, 58, 31
812, 776, 758, 757, 756, 735, 709, 678, 660, 643, 623, 603, 575, 553, 539, 503, 487, 478, 441, 436, 414, 385, 358, 348, 319, 296, 274, 241, 223, 214, 194, 173, 152, 130, 108, 77, 60, 32
812, 776, 758, 757, 756, 735, 709, 678, 660, 643, 623, 603, 575, 553, 539, 503, 487, 478, 441, 436, 414, 385, 358, 348, 319, 296, 274, 241, 223, 214, 194, 173, 152, 130, 108, 77, 60, 32, 33
812, 776, 758, 734, 708, 677, 662, 644, 621, 620, 605, 577, 555, 537, 507, 484, 461, 438, 417, 411, 382, 354, 330, 315, 301, 278, 244, 228, 211, 176, 171, 150, 132, 106, 75, 62, 34
812, 776, 758, 734, 708, 677, 662, 644, 621, 620, 605, 577, 555, 537, 507, 484, 461, 438, 417, 411, 382, 354, 330, 315, 301, 280, 245, 229, 210, 177, 169, 149, 112, 105, 74, 63, 35
812, 776, 758, 734, 708, 677, 662, 644, 621, 620, 605, 577, 555, 537, 507, 484, 461, 438, 417, 411, 382, 354, 330, 315, 301, 280, 245, 229, 210, 177, 169, 149, 112, 105, 73, 64, 36
812, 776, 758, 734, 708, 677, 662, 644, 621, 620, 605, 577, 555, 537, 507, 484, 461, 438, 417, 411, 382, 354, 330, 315, 301, 280, 245, 229, 210, 177, 169, 149, 112, 105, 73, 64, 36, 37
812, 776, 758, 734, 708, 677, 662, 644, 621, 620, 605, 577, 555, 537, 507, 484, 461, 438, 417, 411, 382, 354, 330, 315, 301, 280, 245, 246, 247, 231, 207, 179, 166, 146, 114, 103, 70, 42, 38
812, 776, 758, 734, 708, 677, 662, 644, 621, 620, 605, 577, 555, 537, 507, 484, 461, 438, 417, 411, 382, 354, 330, 315, 301, 280, 245, 246, 247, 231, 207, 179, 166, 146, 114, 103, 70, 44, 39
