86, 49, 24, 0
86, 49, 25, 1
86, 85, 50, 26, 2
86, 85, 50, 26, 27, 3
86, 85, 50, 26, 27, 3, 4
86, 85, 50, 26, 27, 3, 4, 5
86, 85, 50, 26, 27, 3, 4, 5, 6
86, 85, 50, 26, 27, 3, 4, 5, 6, 7
86, 85, 50, 26, 27, 3, 4, 5, 6, 7, 8
86, 85, 50, 26, 27, 3, 4, 5, 6, 7, 8, 9
86, 85, 50, 26, 27, 3, 4, 5, 6, 7, 8, 9, 10
86, 87, 88, 67, 68, 69, 70, 71, 72, 65, 36, 12, 11
86, 87, 88, 67, 68, 69, 70, 71, 72, 65, 36, 12
86, 49, 23, 22, 21, 41, 40, 39, 38, 37, 13
86, 49, 23, 22, 21, 41, 40, 39, 38, 37, 14
86, 49, 23, 22, 21, 41, 40, 39, 38, 15
86, 49, 24, 0, 20, 19, 18, 17, 16
86, 49, 24, 0, 20, 19, 18, 17
86, 49, 24, 0, 20, 19, 18
86, 49, 24, 0, 20, 19
86, 49, 24, 0, 20
86, 49, 23, 22, 21
86, 49, 23, 22
86, 49, 23
86, 49, 24
86, 49, 25
86, 85, 50, 26
86, 85, 50, 26, 27
86, 85, 50, 26, 27, 28
86, 85, 50, 26, 27, 28, 29
86, 85, 50, 26, 27, 28, 29, 30
86, 85, 50, 26, 27, 28, 29, 30, 31
86, 85, 50, 26, 27, 28, 29, 30, 31, 32
86, 85, 50, 26, 27, 28, 29, 30, 31, 32, 33
86, 85, 50, 26, 27, 28, 29, 30, 31, 32, 33, 34
86, 87, 88, 67, 68, 69, 70, 71, 72, 65, 36, 35
86, 87, 88, 67, 68, 69, 70, 71, 72, 65, 36
86, 49, 23, 22, 21, 41, 40, 39, 38, 37
86, 49, 23, 22, 21, 41, 40, 39, 38
86, 49, 23, 22, 21, 41, 40, 39
