636, 621, 600, 582, 562, 535, 518, 502, 479, 446, 432, 415, 389, 357, 348, 306, 290, 275, 250, 229, 213, 184, 176, 144, 111, 109, 85, 53, 26, 0
636, 621, 600, 582, 562, 535, 518, 502, 479, 446, 432, 415, 389, 357, 348, 306, 290, 275, 250, 229, 213, 184, 176, 144, 111, 109, 85, 53, 26, 1
636, 621, 600, 582, 562, 535, 518, 502, 479, 446, 432, 415, 389, 357, 348, 306, 289, 276, 248, 228, 212, 183, 175, 143, 113, 89, 86, 52, 25, 3, 2
636, 621, 600, 582, 562, 535, 518, 502, 479, 446, 432, 415, 389, 357, 348, 306, 289, 276, 248, 228, 212, 183, 175, 143, 113, 89, 86, 52, 25, 3
636, 621, 600, 582, 562, 535, 518, 502, 479, 446, 432, 415, 389, 357, 348, 306, 289, 276, 248, 228, 227, 211, 182, 173, 142, 114, 90, 87, 51, 24, 4
636, 621, 600, 582, 562, 535, 518, 502, 479, 446, 432, 415, 389, 357, 348, 306, 289, 276, 248, 228, 227, 211, 181, 172, 140, 115, 91, 88, 50, 23, 5
636, 621, 600, 582, 562, 535, 518, 502, 479, 446, 432, 415, 389, 357, 348, 306, 289, 276, 248, 228, 227, 211, 181, 172, 139, 116, 92, 69, 49, 45, 6
636, 621, 600, 582, 562, 535, 518, 502, 479, 446, 432, 415, 389, 357, 348, 306, 289, 276, 248, 228, 227, 211, 181, 172, 139, 116, 92, 69, 49, 44, 7
636, 621, 600, 582, 562, 535, 518, 502, 479, 446, 432, 415, 389, 357, 348, 306, 289, 276, 248, 228, 227, 211, 181, 172, 139, 116, 92, 69, 49, 44, 8
636, 621, 600, 582, 562, 535, 518, 502, 479, 446, 432, 415, 389, 357, 348, 306, 289, 276, 248, 228, 227, 211, 181, 172, 139, 116, 92, 69, 49, 44, 8, 9
