704, 736, 753, 761, 791, 814, 831, 870, 896, 909, 936, 953, 979, 996, 1026, 1032, 1062, 1090, 1105, 1129, 1128, 1148, 1167, 1194, 1219, 1230, 1257, 1272, 1292, 1316, 1337, 1355, 1371, 1395, 1423, 1449, 1463, 1493, 1504, 1529, 1538, 0
704, 736, 753, 761, 791, 814, 831, 870, 896, 909, 936, 953, 979, 996, 1026, 1032, 1062, 1090, 1105, 1129, 1128, 1148, 1167, 1194, 1219, 1230, 1257, 1272, 1292, 1316, 1337, 1355, 1371, 1395, 1423, 1449, 1463, 1493, 1504, 1529, 1538, 1
704, 678, 669, 648, 649, 633, 608, 588, 554, 542, 512, 495, 465, 455, 424, 400, 374, 351, 332, 331, 324, 293, 272, 253, 232, 216, 187, 186, 177, 145, 110, 108, 85, 53, 26, 2
704, 678, 669, 648, 649, 633, 608, 588, 554, 542, 512, 495, 465, 455, 424, 400, 374, 351, 332, 331, 324, 293, 272, 253, 232, 216, 187, 186, 177, 145, 110, 108, 85, 53, 26, 2, 3
704, 678, 679, 680, 671, 650, 651, 614, 605, 585, 584, 559, 537, 516, 517, 501, 481, 480, 447, 431, 415, 389, 357, 348, 306, 289, 276, 248, 228, 227, 211, 182, 173, 142, 114, 90, 87, 51, 24, 4
704, 678, 679, 680, 671, 650, 651, 614, 605, 585, 584, 559, 537, 516, 517, 501, 481, 480, 447, 431, 415, 389, 357, 348, 306, 289, 276, 248, 228, 227, 211, 181, 172, 140, 115, 91, 88, 50, 23, 5
704, 677, 676, 675, 666, 645, 629, 612, 573, 549, 526, 506, 489, 471, 461, 438, 406, 381, 364, 341, 312, 303, 304, 280, 244, 224, 225, 207, 179, 171, 138, 116, 92, 69, 49, 45, 6
704, 677, 676, 675, 666, 645, 629, 612, 573, 549, 526, 506, 489, 471, 461, 438, 406, 381, 364, 341, 312, 303, 282, 264, 222, 223, 206, 178, 170, 137, 117, 93, 70, 48, 44, 7
704, 677, 676, 675, 666, 645, 629, 612, 573, 549, 526, 506, 489, 471, 461, 438, 406, 381, 364, 341, 312, 303, 282, 264, 222, 205, 198, 169, 135, 119, 94, 72, 47, 43, 9, 8
704, 677, 676, 675, 666, 645, 629, 612, 573, 549, 526, 506, 489, 471, 461, 438, 406, 381, 364, 341, 312, 303, 282, 264, 222, 205, 198, 169, 135, 119, 94, 72, 47, 43, 9
