880, 881, 882, 918, 945, 946, 964, 969, 1005, 1015, 1014, 1044, 1051, 1078, 1098, 1121, 1153, 1171, 1200, 1199, 1222, 1228, 1255, 1256, 1271, 1292, 1316, 1337, 1355, 1371, 1395, 1423, 1449, 1463, 1493, 1504, 1529, 1538, 0
880, 881, 882, 918, 945, 946, 964, 969, 1005, 1015, 1014, 1044, 1051, 1078, 1098, 1121, 1153, 1171, 1200, 1199, 1222, 1228, 1255, 1256, 1271, 1292, 1316, 1337, 1355, 1371, 1395, 1423, 1449, 1463, 1493, 1504, 1529, 1538, 1
880, 881, 882, 918, 945, 946, 964, 969, 1005, 1015, 1014, 1044, 1051, 1078, 1098, 1121, 1153, 1171, 1200, 1199, 1222, 1228, 1255, 1269, 1311, 1314, 1335, 1353, 1389, 1398, 1424, 1448, 1462, 1491, 1503, 1530, 1537, 2
880, 881, 861, 860, 841, 825, 801, 769, 745, 730, 715, 690, 660, 639, 624, 596, 578, 564, 533, 521, 504, 477, 445, 433, 414, 387, 358, 347, 307, 288, 277, 247, 227, 211, 182, 173, 142, 114, 90, 87, 51, 24, 4, 3
880, 881, 861, 860, 841, 825, 801, 769, 745, 730, 715, 690, 660, 639, 624, 596, 578, 564, 533, 521, 504, 477, 445, 433, 414, 387, 358, 347, 307, 288, 277, 247, 227, 211, 182, 173, 142, 114, 90, 87, 51, 24, 4
880, 881, 861, 840, 823, 799, 768, 746, 731, 713, 691, 662, 640, 625, 595, 577, 565, 532, 522, 483, 476, 444, 434, 411, 385, 360, 345, 309, 285, 278, 246, 226, 210, 180, 172, 140, 115, 91, 88, 50, 23, 5
880, 881, 861, 840, 823, 799, 768, 746, 731, 713, 691, 662, 640, 625, 595, 577, 565, 532, 522, 483, 476, 444, 434, 411, 385, 360, 345, 309, 285, 278, 246, 226, 210, 180, 172, 139, 116, 92, 69, 49, 45, 6
880, 881, 882, 918, 945, 946, 964, 969, 1005, 1015, 1014, 1044, 1051, 1078, 1098, 1121, 1154, 1172, 1202, 1224, 1246, 1252, 1286, 1308, 1331, 1332, 1350, 1385, 1403, 1428, 1442, 1458, 1486, 1499, 1534, 1553, 7
880, 881, 882, 918, 945, 946, 964, 968, 1006, 1016, 1042, 1073, 1080, 1095, 1120, 1155, 1174, 1180, 1203, 1245, 1251, 1285, 1307, 1329, 1349, 1369, 1384, 1404, 1430, 1441, 1457, 1485, 1498, 1514, 1552, 8
880, 881, 882, 918, 945, 946, 964, 968, 1006, 1016, 1042, 1073, 1080, 1095, 1120, 1155, 1174, 1180, 1203, 1245, 1251, 1285, 1307, 1329, 1349, 1369, 1384, 1404, 1430, 1441, 1457, 1485, 1498, 1514, 1552, 9
