1358, 1359, 1360, 1383, 1403, 1422, 1437, 1451, 1478, 1495, 1531, 1540, 18, 19, 0
1358, 1359, 1360, 1361, 1384, 1404, 1423, 1439, 1471, 1476, 1498, 1499, 1533, 1542, 1543, 1
1358, 1359, 1360, 1361, 1384, 1404, 1423, 1439, 1471, 1476, 1498, 1499, 1533, 1542, 1543, 1, 2
1358, 1359, 1360, 1361, 1384, 1404, 1423, 1439, 1471, 1476, 1498, 1499, 1533, 1542, 1543, 1, 2, 3
1358, 1359, 1360, 1361, 1384, 1404, 1423, 1439, 1471, 1476, 1498, 1499, 1500, 1501, 1502, 1516, 1546, 4
1358, 1359, 1360, 1361, 1384, 1404, 1423, 1439, 1471, 1476, 1498, 1499, 1500, 1501, 1502, 1516, 1546, 1547, 5
1358, 1359, 1360, 1361, 1384, 1404, 1423, 1439, 1471, 1476, 1498, 1499, 1500, 1501, 1502, 1516, 1546, 1547, 1548, 6
1358, 1357, 1356, 1355, 1354, 1353, 1352, 1376, 1397, 1415, 1431, 1459, 1485, 1509, 1523, 1552, 9, 8, 7
1358, 1357, 1356, 1355, 1354, 1353, 1352, 1376, 1397, 1415, 1431, 1459, 1485, 1509, 1523, 1552, 9, 8
1358, 1357, 1356, 1355, 1354, 1353, 1352, 1376, 1397, 1415, 1431, 1459, 1485, 1509, 1523, 1552, 9
