1233, 1260, 1273, 1295, 1318, 1339, 1358, 1373, 1393, 1421, 1451, 1465, 1474, 1507, 1527, 1540, 1539, 21, 0
1233, 1260, 1273, 1295, 1318, 1339, 1358, 1373, 1393, 1421, 1451, 1465, 1474, 1507, 1527, 1540, 1539, 1538, 1
1233, 1260, 1273, 1295, 1318, 1339, 1358, 1373, 1393, 1421, 1451, 1465, 1474, 1507, 1527, 1540, 1539, 1538, 1, 2
1233, 1260, 1273, 1295, 1318, 1339, 1358, 1373, 1393, 1421, 1451, 1465, 1474, 1507, 1527, 1540, 1539, 1538, 1, 2, 3
1233, 1260, 1273, 1295, 1318, 1339, 1358, 1373, 1393, 1421, 1451, 1465, 1474, 1507, 1527, 1540, 1539, 1538, 1537, 1536, 4
1233, 1260, 1273, 1295, 1318, 1339, 1358, 1373, 1393, 1421, 1451, 1465, 1474, 1507, 1527, 1540, 1539, 1538, 1537, 1536, 1535, 5
1233, 1232, 1259, 1272, 1293, 1317, 1338, 1356, 1372, 1394, 1395, 1423, 1449, 1463, 1462, 1491, 1490, 1489, 1501, 1500, 1533, 1554, 6
1233, 1232, 1259, 1272, 1293, 1317, 1338, 1356, 1372, 1394, 1395, 1423, 1424, 1425, 1426, 1427, 1428, 1442, 1458, 1486, 1499, 1534, 1553, 7
1233, 1260, 1261, 1262, 1277, 1299, 1323, 1343, 1344, 1363, 1379, 1409, 1414, 1413, 1438, 1439, 1440, 1455, 1485, 1498, 1514, 1552, 8
1233, 1260, 1261, 1262, 1277, 1299, 1323, 1343, 1344, 1363, 1379, 1409, 1414, 1413, 1438, 1439, 1440, 1455, 1485, 1498, 1514, 1552, 9
1233, 1260, 1273, 1296, 1320, 1341, 1360, 1375, 1390, 1416, 1434, 1470, 1479, 1512, 1513, 1518, 1549, 1550, 11, 10
1233, 1260, 1273, 1296, 1320, 1341, 1360, 1375, 1390, 1416, 1434, 1470, 1479, 1512, 1513, 1518, 1549, 1550, 11
1233, 1260, 1273, 1296, 1320, 1341, 1360, 1375, 1390, 1416, 1434, 1470, 1479, 1512, 1513, 1518, 1549, 12
1233, 1260, 1273, 1296, 1320, 1341, 1360, 1375, 1390, 1416, 1434, 1470, 1479, 1512, 1520, 1545, 1546, 13
1233, 1260, 1273, 1296, 1320, 1341, 1360, 1375, 1390, 1416, 1434, 1470, 1479, 1512, 1520, 1545, 14
1233, 1260, 1273, 1295, 1318, 1339, 1358, 1374, 1392, 1419, 1432, 1468, 1476, 1509, 1524, 1523, 1522, 1544, 15
1233, 1260, 1273, 1295, 1318, 1339, 1358, 1374, 1392, 1419, 1432, 1468, 1476, 1509, 1525, 1542, 17, 16
1233, 1260, 1273, 1295, 1318, 1339, 1358, 1374, 1392, 1419, 1432, 1468, 1476, 1509, 1525, 1542, 17
1233, 1260, 1273, 1295, 1318, 1339, 1358, 1374, 1392, 1420, 1431, 1467, 1475, 1508, 1526, 1541, 18
1233, 1260, 1273, 1295, 1318, 1339, 1358, 1374, 1392, 1420, 1431, 1467, 1475, 1508, 1526, 1541, 19
1233, 1260, 1273, 1295, 1318, 1339, 1358, 1373, 1393, 1421, 1451, 1465, 1474, 1507, 1527, 1540, 20
1233, 1260, 1273, 1295, 1318, 1339, 1358, 1373, 1393, 1421, 1451, 1465, 1474, 1507, 1527, 1540, 1539, 21
1233, 1260, 1273, 1295, 1318, 1339, 1358, 1373, 1393, 1421, 1451, 1465, 1474, 1507, 1527, 1540, 1539, 1538, 1537, 1536, 1535, 5, 22
1233, 1260, 1273, 1295, 1318, 1339, 1358, 1373, 1393, 1421, 1451, 1465, 1474, 1507, 1527, 1540, 1539, 1538, 1537, 1536, 1535, 5, 23
1233, 1260, 1273, 1295, 1318, 1339, 1358, 1373, 1393, 1421, 1451, 1465, 1474, 1507, 1527, 1540, 1539, 1538, 1537, 1536, 4, 24
1233, 1260, 1273, 1295, 1318, 1339, 1358, 1373, 1393, 1421, 1451, 1465, 1474, 1507, 1527, 1540, 1539, 1538, 1, 2, 3, 25
1233, 1260, 1273, 1295, 1318, 1339, 1358, 1373, 1393, 1421, 1451, 1465, 1474, 1507, 1527, 1540, 1539, 21, 0, 26
1233, 1260, 1273, 1295, 1318, 1339, 1358, 1373, 1393, 1421, 1451, 1465, 1474, 1507, 1527, 1540, 20, 29, 28, 27
1233, 1260, 1273, 1295, 1318, 1339, 1358, 1373, 1393, 1421, 1451, 1465, 1474, 1507, 1527, 1540, 20, 29, 28
1233, 1260, 1273, 1295, 1318, 1339, 1358, 1373, 1393, 1421, 1451, 1465, 1474, 1507, 1527, 1540, 20, 29
1233, 1260, 1273, 1295, 1318, 1339, 1358, 1374, 1392, 1420, 1431, 1467, 1475, 1508, 1526, 1541, 18, 30
1233, 1260, 1273, 1295, 1318, 1339, 1358, 1374, 1392, 1419, 1432, 1468, 1476, 1509, 1525, 1542, 17, 31
1233, 1260, 1273, 1295, 1318, 1339, 1358, 1374, 1392, 1419, 1432, 1468, 1476, 1509, 1525, 1542, 17, 16, 32
1233, 1260, 1273, 1295, 1318, 1339, 1358, 1374, 1392, 1419, 1432, 1468, 1476, 1509, 1524, 1523, 1522, 1544, 15, 33
1233, 1260, 1273, 1295, 1318, 1339, 1358, 1374, 1392, 1419, 1432, 1468, 1476, 1509, 1524, 1523, 1522, 1544, 15, 34
1233, 1260, 1273, 1296, 1320, 1341, 1360, 1375, 1390, 1416, 1434, 1470, 1479, 1512, 1520, 1545, 14, 35
1233, 1260, 1273, 1296, 1320, 1341, 1360, 1375, 1390, 1416, 1434, 1470, 1479, 1512, 1520, 1545, 1546, 13, 36
1233, 1260, 1273, 1296, 1320, 1341, 1360, 1375, 1390, 1416, 1434, 1470, 1479, 1512, 1513, 1518, 1549, 12, 37
1233, 1260, 1273, 1296, 1320, 1341, 1360, 1375, 1390, 1416, 1434, 1470, 1479, 1512, 1513, 1518, 1549, 12, 38
1233, 1260, 1273, 1296, 1320, 1341, 1360, 1375, 1390, 1416, 1434, 1470, 1479, 1512, 1513, 1518, 1549, 12, 38, 39
1233, 1260, 1273, 1296, 1320, 1341, 1360, 1375, 1390, 1416, 1434, 1470, 1479, 1512, 1513, 1518, 1549, 12, 38, 39, 40
1233, 1260, 1273, 1296, 1320, 1341, 1360, 1375, 1390, 1416, 1434, 1470, 1479, 1512, 1513, 1518, 1549, 12, 38, 39, 40, 41
1233, 1260, 1273, 1296, 1320, 1341, 1360, 1375, 1390, 1416, 1434, 1470, 1479, 1512, 1513, 1518, 1549, 1550, 11, 10, 42
1233, 1260, 1273, 1296, 1320, 1341, 1360, 1375, 1390, 1416, 1434, 1470, 1479, 1512, 1513, 1518, 1549, 1550, 11, 10, 42, 43
1233, 1260, 1261, 1262, 1277, 1299, 1323, 1343, 1344, 1363, 1379, 1409, 1414, 1413, 1438, 1439, 1440, 1455, 1485, 1498, 1514, 1552, 8, 44
1233, 1232, 1259, 1272, 1293, 1317, 1338, 1356, 1372, 1394, 1395, 1423, 1449, 1463, 1462, 1491, 1490, 1489, 1501, 1500, 1533, 1554, 6, 45
1233, 1260, 1261, 1262, 1277, 1299, 1323, 1343, 1344, 1363, 1379, 1409, 1414, 1413, 1438, 1439, 1440, 1455, 1485, 1498, 1514, 1552, 8, 44, 46
1233, 1232, 1259, 1272, 1293, 1317, 1338, 1356, 1372, 1394, 1395, 1423, 1449, 1463, 1462, 1491, 1490, 1489, 1501, 1500, 1533, 1554, 6, 45, 47
1233, 1260, 1261, 1262, 1277, 1299, 1323, 1343, 1344, 1363, 1379, 1409, 1414, 1413, 1438, 1439, 1440, 1455, 1485, 1498, 1514, 1552, 8, 44, 48
1233, 1260, 1273, 1296, 1320, 1341, 1360, 1375, 1390, 1416, 1434, 1470, 1479, 1512, 1513, 1518, 1549, 1550, 11, 10, 42, 49
1233, 1260, 1273, 1296, 1320, 1341, 1360, 1375, 1390, 1416, 1434, 1470, 1479, 1512, 1513, 1518, 1549, 12, 38, 53, 52, 51, 50
1233, 1260, 1273, 1296, 1320, 1341, 1360, 1375, 1390, 1416, 1434, 1470, 1479, 1512, 1513, 1518, 1549, 12, 38, 53, 52, 51
1233, 1260, 1273, 1296, 1320, 1341, 1360, 1375, 1390, 1416, 1434, 1470, 1479, 1512, 1513, 1518, 1549, 12, 38, 53, 52
1233, 1260, 1273, 1296, 1320, 1341, 1360, 1375, 1390, 1416, 1434, 1470, 1479, 1512, 1513, 1518, 1549, 12, 38, 53
1233, 1260, 1273, 1296, 1320, 1341, 1360, 1375, 1390, 1416, 1434, 1470, 1479, 1512, 1513, 1518, 1549, 12, 37, 54
1233, 1260, 1273, 1296, 1320, 1341, 1360, 1375, 1390, 1416, 1434, 1470, 1479, 1512, 1520, 1545, 1546, 13, 36, 55
1233, 1260, 1273, 1296, 1320, 1341, 1360, 1375, 1390, 1416, 1434, 1470, 1479, 1512, 1520, 1545, 14, 35, 56
1233, 1260, 1273, 1295, 1318, 1339, 1358, 1374, 1392, 1419, 1432, 1468, 1476, 1509, 1524, 1523, 1522, 1544, 15, 33, 57
1233, 1260, 1273, 1295, 1318, 1339, 1358, 1374, 1392, 1419, 1432, 1468, 1476, 1509, 1525, 1542, 17, 31, 59, 58
1233, 1260, 1273, 1295, 1318, 1339, 1358, 1374, 1392, 1419, 1432, 1468, 1476, 1509, 1525, 1542, 17, 31, 59
1233, 1260, 1273, 1295, 1318, 1339, 1358, 1374, 1392, 1420, 1431, 1467, 1475, 1508, 1526, 1541, 18, 30, 60
1233, 1260, 1273, 1295, 1318, 1339, 1358, 1373, 1393, 1421, 1451, 1465, 1474, 1507, 1527, 1540, 20, 29, 61
1233, 1260, 1273, 1295, 1318, 1339, 1358, 1373, 1393, 1421, 1451, 1465, 1474, 1507, 1527, 1540, 20, 29, 28, 62
1233, 1260, 1273, 1295, 1318, 1339, 1358, 1373, 1393, 1421, 1451, 1465, 1474, 1507, 1527, 1540, 20, 29, 28, 62, 63
1233, 1260, 1273, 1295, 1318, 1339, 1358, 1373, 1393, 1421, 1451, 1465, 1474, 1507, 1527, 1540, 1539, 21, 0, 26, 64
1233, 1260, 1273, 1295, 1318, 1339, 1358, 1373, 1393, 1421, 1451, 1465, 1474, 1507, 1527, 1540, 1539, 1538, 1, 2, 3, 25, 65
1233, 1260, 1273, 1295, 1318, 1339, 1358, 1373, 1393, 1421, 1451, 1465, 1474, 1507, 1527, 1540, 1539, 1538, 1537, 1536, 4, 24, 66
1233, 1260, 1273, 1295, 1318, 1339, 1358, 1373, 1393, 1421, 1451, 1465, 1474, 1507, 1527, 1540, 1539, 1538, 1537, 1536, 1535, 5, 23, 67
1233, 1260, 1273, 1295, 1318, 1339, 1358, 1373, 1393, 1421, 1451, 1465, 1474, 1507, 1527, 1540, 1539, 1538, 1537, 1536, 1535, 5, 23, 67, 88, 68
1233, 1232, 1259, 1272, 1293, 1317, 1338, 1356, 1372, 1394, 1395, 1423, 1449, 1463, 1462, 1491, 1490, 1489, 1501, 1500, 1533, 1554, 6, 45, 47, 69
1233, 1260, 1261, 1262, 1277, 1299, 1323, 1343, 1344, 1363, 1379, 1409, 1414, 1413, 1438, 1439, 1440, 1455, 1485, 1498, 1514, 1552, 8, 44, 48, 70
1233, 1260, 1273, 1296, 1320, 1341, 1360, 1375, 1390, 1416, 1434, 1470, 1479, 1512, 1513, 1518, 1549, 12, 38, 53, 74, 73, 72, 71
1233, 1260, 1273, 1296, 1320, 1341, 1360, 1375, 1390, 1416, 1434, 1470, 1479, 1512, 1513, 1518, 1549, 12, 38, 53, 74, 73, 72
1233, 1260, 1273, 1296, 1320, 1341, 1360, 1375, 1390, 1416, 1434, 1470, 1479, 1512, 1513, 1518, 1549, 12, 38, 53, 74, 73
1233, 1260, 1273, 1296, 1320, 1341, 1360, 1375, 1390, 1416, 1434, 1470, 1479, 1512, 1513, 1518, 1549, 12, 38, 53, 74
1233, 1260, 1273, 1296, 1320, 1341, 1360, 1375, 1390, 1416, 1434, 1470, 1479, 1512, 1520, 1545, 14, 35, 56, 76, 75
1233, 1260, 1273, 1296, 1320, 1341, 1360, 1375, 1390, 1416, 1434, 1470, 1479, 1512, 1520, 1545, 14, 35, 56, 76
1233, 1260, 1273, 1296, 1320, 1341, 1360, 1375, 1390, 1416, 1434, 1470, 1479, 1512, 1520, 1545, 14, 35, 56, 77
1233, 1260, 1273, 1295, 1318, 1339, 1358, 1374, 1392, 1419, 1432, 1468, 1476, 1509, 1525, 1542, 17, 31, 59, 58, 79, 78
1233, 1260, 1273, 1295, 1318, 1339, 1358, 1374, 1392, 1419, 1432, 1468, 1476, 1509, 1525, 1542, 17, 31, 59, 58, 79
1233, 1260, 1273, 1295, 1318, 1339, 1358, 1374, 1392, 1419, 1432, 1468, 1476, 1509, 1525, 1542, 17, 31, 59, 58, 80
1233, 1260, 1273, 1295, 1318, 1339, 1358, 1374, 1392, 1419, 1432, 1468, 1476, 1509, 1525, 1542, 17, 31, 59, 81
1233, 1260, 1273, 1295, 1318, 1339, 1358, 1374, 1392, 1420, 1431, 1467, 1475, 1508, 1526, 1541, 18, 30, 60, 82
1233, 1260, 1273, 1295, 1318, 1339, 1358, 1373, 1393, 1421, 1451, 1465, 1474, 1507, 1527, 1540, 20, 29, 61, 83
1233, 1260, 1273, 1295, 1318, 1339, 1358, 1373, 1393, 1421, 1451, 1465, 1474, 1507, 1527, 1540, 20, 29, 28, 62, 84
1233, 1260, 1273, 1295, 1318, 1339, 1358, 1373, 1393, 1421, 1451, 1465, 1474, 1507, 1527, 1540, 20, 29, 28, 62, 84, 85
1233, 1260, 1273, 1295, 1318, 1339, 1358, 1373, 1393, 1421, 1451, 1465, 1474, 1507, 1527, 1540, 1539, 1538, 1, 2, 3, 25, 65, 86
1233, 1260, 1273, 1295, 1318, 1339, 1358, 1373, 1393, 1421, 1451, 1465, 1474, 1507, 1527, 1540, 1539, 1538, 1537, 1536, 4, 24, 66, 87
1233, 1260, 1273, 1295, 1318, 1339, 1358, 1373, 1393, 1421, 1451, 1465, 1474, 1507, 1527, 1540, 1539, 1538, 1537, 1536, 1535, 5, 23, 67, 88
1233, 1260, 1273, 1295, 1318, 1339, 1358, 1373, 1393, 1421, 1451, 1465, 1474, 1507, 1527, 1540, 1539, 1538, 1, 2, 3, 25, 65, 86, 89
1233, 1260, 1273, 1295, 1318, 1339, 1358, 1373, 1393, 1421, 1451, 1465, 1474, 1507, 1527, 1540, 1539, 1538, 1537, 1536, 4, 24, 66, 87, 90
1233, 1260, 1273, 1295, 1318, 1339, 1358, 1373, 1393, 1421, 1451, 1465, 1474, 1507, 1527, 1540, 1539, 1538, 1537, 1536, 1535, 5, 23, 67, 88, 91
1233, 1232, 1259, 1272, 1293, 1317, 1338, 1356, 1372, 1394, 1395, 1423, 1449, 1463, 1462, 1491, 1490, 1489, 1501, 1500, 1533, 1554, 6, 45, 47, 69, 92
1233, 1260, 1273, 1296, 1320, 1341, 1360, 1375, 1390, 1416, 1434, 1470, 1479, 1512, 1513, 1518, 1549, 12, 38, 53, 74, 73, 95, 94, 93
1233, 1260, 1273, 1296, 1320, 1341, 1360, 1375, 1390, 1416, 1434, 1470, 1479, 1512, 1513, 1518, 1549, 12, 38, 53, 74, 73, 95, 94
1233, 1260, 1273, 1296, 1320, 1341, 1360, 1375, 1390, 1416, 1434, 1470, 1479, 1512, 1513, 1518, 1549, 12, 38, 53, 74, 73, 95
1233, 1260, 1273, 1296, 1320, 1341, 1360, 1375, 1390, 1416, 1434, 1470, 1479, 1512, 1513, 1518, 1549, 12, 38, 53, 74, 96
1233, 1260, 1273, 1296, 1320, 1341, 1360, 1375, 1390, 1416, 1434, 1470, 1479, 1512, 1520, 1545, 14, 35, 56, 76, 99, 98, 97
1233, 1260, 1273, 1296, 1320, 1341, 1360, 1375, 1390, 1416, 1434, 1470, 1479, 1512, 1520, 1545, 14, 35, 56, 76, 99, 98
1233, 1260, 1273, 1296, 1320, 1341, 1360, 1375, 1390, 1416, 1434, 1470, 1479, 1512, 1520, 1545, 14, 35, 56, 76, 99
1233, 1260, 1273, 1296, 1320, 1341, 1360, 1375, 1390, 1416, 1434, 1470, 1479, 1512, 1520, 1545, 14, 35, 56, 77, 100
1233, 1260, 1273, 1295, 1318, 1339, 1358, 1374, 1392, 1419, 1432, 1468, 1476, 1509, 1525, 1542, 17, 31, 59, 58, 80, 102, 101
1233, 1260, 1273, 1295, 1318, 1339, 1358, 1374, 1392, 1419, 1432, 1468, 1476, 1509, 1525, 1542, 17, 31, 59, 58, 80, 102
1233, 1260, 1273, 1295, 1318, 1339, 1358, 1374, 1392, 1419, 1432, 1468, 1476, 1509, 1525, 1542, 17, 31, 59, 58, 80, 103
1233, 1260, 1273, 1295, 1318, 1339, 1358, 1374, 1392, 1419, 1432, 1468, 1476, 1509, 1525, 1542, 17, 31, 59, 81, 104
1233, 1260, 1273, 1295, 1318, 1339, 1358, 1374, 1392, 1420, 1431, 1467, 1475, 1508, 1526, 1541, 18, 30, 60, 82, 105
1233, 1260, 1273, 1295, 1318, 1339, 1358, 1373, 1393, 1421, 1451, 1465, 1474, 1507, 1527, 1540, 20, 29, 61, 83, 106
1233, 1260, 1273, 1295, 1318, 1339, 1358, 1373, 1393, 1421, 1451, 1465, 1474, 1507, 1527, 1540, 20, 29, 28, 62, 84, 107
1233, 1260, 1273, 1295, 1318, 1339, 1358, 1373, 1393, 1421, 1451, 1465, 1474, 1507, 1527, 1540, 20, 29, 28, 62, 84, 107, 108
1233, 1260, 1273, 1295, 1318, 1339, 1358, 1373, 1393, 1421, 1451, 1465, 1474, 1507, 1527, 1540, 20, 29, 28, 62, 84, 85, 109
1233, 1260, 1273, 1295, 1318, 1339, 1358, 1373, 1393, 1421, 1451, 1465, 1474, 1507, 1527, 1540, 20, 29, 28, 62, 84, 107, 110
1233, 1260, 1273, 1295, 1318, 1339, 1358, 1373, 1393, 1421, 1451, 1465, 1474, 1507, 1527, 1540, 20, 29, 28, 62, 84, 85, 109, 111
1233, 1260, 1273, 1295, 1318, 1339, 1358, 1373, 1393, 1421, 1451, 1465, 1474, 1507, 1527, 1540, 1539, 1538, 1, 2, 3, 25, 65, 86, 89, 112
1233, 1260, 1273, 1295, 1318, 1339, 1358, 1373, 1393, 1421, 1451, 1465, 1474, 1507, 1527, 1540, 1539, 1538, 1, 2, 3, 25, 65, 86, 89, 113
1233, 1260, 1273, 1295, 1318, 1339, 1358, 1373, 1393, 1421, 1451, 1465, 1474, 1507, 1527, 1540, 1539, 1538, 1537, 1536, 4, 24, 66, 87, 90, 114
1233, 1260, 1273, 1295, 1318, 1339, 1358, 1373, 1393, 1421, 1451, 1465, 1474, 1507, 1527, 1540, 1539, 1538, 1537, 1536, 1535, 5, 23, 67, 88, 91, 115
1233, 1232, 1259, 1272, 1293, 1317, 1338, 1356, 1372, 1394, 1395, 1423, 1449, 1463, 1462, 1491, 1490, 1489, 1501, 1500, 1533, 1554, 6, 45, 47, 69, 92, 116
1233, 1260, 1273, 1296, 1320, 1341, 1360, 1375, 1390, 1416, 1434, 1470, 1479, 1512, 1513, 1518, 1549, 12, 38, 53, 74, 73, 95, 119, 118, 117
1233, 1260, 1273, 1296, 1320, 1341, 1360, 1375, 1390, 1416, 1434, 1470, 1479, 1512, 1513, 1518, 1549, 12, 38, 53, 74, 73, 95, 119, 118
1233, 1260, 1273, 1296, 1320, 1341, 1360, 1375, 1390, 1416, 1434, 1470, 1479, 1512, 1513, 1518, 1549, 12, 38, 53, 74, 73, 95, 119
1233, 1260, 1273, 1296, 1320, 1341, 1360, 1375, 1390, 1416, 1434, 1470, 1479, 1512, 1513, 1518, 1549, 12, 38, 53, 74, 73, 95, 120
1233, 1260, 1273, 1296, 1320, 1341, 1360, 1375, 1390, 1416, 1434, 1470, 1479, 1512, 1513, 1518, 1549, 12, 38, 53, 74, 96, 121
1233, 1260, 1273, 1296, 1320, 1341, 1360, 1375, 1390, 1416, 1434, 1470, 1479, 1512, 1520, 1545, 14, 35, 56, 76, 99, 123, 122
1233, 1260, 1273, 1296, 1320, 1341, 1360, 1375, 1390, 1416, 1434, 1470, 1479, 1512, 1520, 1545, 14, 35, 56, 76, 99, 123
1233, 1260, 1273, 1296, 1320, 1341, 1360, 1375, 1390, 1416, 1434, 1470, 1479, 1512, 1520, 1545, 14, 35, 56, 77, 100, 124
1233, 1260, 1273, 1295, 1318, 1339, 1358, 1374, 1392, 1419, 1432, 1468, 1476, 1509, 1525, 1542, 17, 31, 59, 58, 80, 102, 101, 125
1233, 1260, 1273, 1295, 1318, 1339, 1358, 1374, 1392, 1419, 1432, 1468, 1476, 1509, 1525, 1542, 17, 31, 59, 58, 80, 103, 126
1233, 1260, 1273, 1295, 1318, 1339, 1358, 1374, 1392, 1419, 1432, 1468, 1476, 1509, 1525, 1542, 17, 31, 59, 81, 104, 127
1233, 1260, 1273, 1295, 1318, 1339, 1358, 1374, 1392, 1420, 1431, 1467, 1475, 1508, 1526, 1541, 18, 30, 60, 82, 105, 128
1233, 1260, 1273, 1295, 1318, 1339, 1358, 1374, 1392, 1420, 1431, 1467, 1475, 1508, 1526, 1541, 18, 30, 60, 82, 105, 129
1233, 1260, 1273, 1295, 1318, 1339, 1358, 1373, 1393, 1421, 1451, 1465, 1474, 1507, 1527, 1540, 20, 29, 61, 83, 106, 130
1233, 1260, 1273, 1296, 1320, 1341, 1360, 1375, 1390, 1416, 1434, 1470, 1479, 1512, 1513, 1518, 1549, 12, 38, 53, 74, 73, 95, 120, 131
1233, 1260, 1273, 1296, 1320, 1341, 1360, 1375, 1390, 1416, 1434, 1470, 1479, 1512, 1513, 1518, 1549, 12, 38, 53, 74, 73, 95, 119, 132
1233, 1260, 1273, 1296, 1320, 1341, 1360, 1375, 1390, 1416, 1434, 1470, 1479, 1512, 1513, 1518, 1549, 12, 38, 53, 74, 73, 95, 119, 132, 133
1233, 1260, 1273, 1296, 1320, 1341, 1360, 1375, 1390, 1416, 1434, 1470, 1479, 1512, 1513, 1518, 1549, 12, 38, 53, 74, 73, 95, 119, 118, 117, 134
1233, 1260, 1273, 1295, 1318, 1339, 1358, 1373, 1393, 1421, 1451, 1465, 1474, 1507, 1527, 1540, 1539, 1538, 1537, 1536, 1535, 5, 23, 67, 88, 91, 115, 137, 136, 135
1233, 1260, 1273, 1295, 1318, 1339, 1358, 1373, 1393, 1421, 1451, 1465, 1474, 1507, 1527, 1540, 1539, 1538, 1537, 1536, 1535, 5, 23, 67, 88, 91, 115, 137, 136
1233, 1260, 1273, 1295, 1318, 1339, 1358, 1373, 1393, 1421, 1451, 1465, 1474, 1507, 1527, 1540, 1539, 1538, 1537, 1536, 1535, 5, 23, 67, 88, 91, 115, 137
1233, 1260, 1273, 1295, 1318, 1339, 1358, 1373, 1393, 1421, 1451, 1465, 1474, 1507, 1527, 1540, 1539, 1538, 1537, 1536, 4, 24, 66, 87, 90, 114, 138
1233, 1260, 1273, 1295, 1318, 1339, 1358, 1373, 1393, 1421, 1451, 1465, 1474, 1507, 1527, 1540, 1539, 1538, 1537, 1536, 4, 24, 66, 87, 90, 114, 139
1233, 1260, 1273, 1295, 1318, 1339, 1358, 1373, 1393, 1421, 1451, 1465, 1474, 1507, 1527, 1540, 1539, 1538, 1, 2, 3, 25, 65, 86, 89, 113, 140
1233, 1260, 1273, 1295, 1318, 1339, 1358, 1373, 1393, 1421, 1451, 1465, 1474, 1507, 1527, 1540, 20, 29, 28, 62, 84, 85, 109, 111, 141
1233, 1260, 1273, 1295, 1318, 1339, 1358, 1373, 1393, 1421, 1451, 1465, 1474, 1507, 1527, 1540, 20, 29, 28, 62, 84, 107, 110, 142
1233, 1260, 1273, 1295, 1318, 1339, 1358, 1373, 1393, 1421, 1451, 1465, 1474, 1507, 1527, 1540, 20, 29, 61, 83, 106, 130, 143
1233, 1260, 1273, 1295, 1318, 1339, 1358, 1374, 1392, 1420, 1431, 1467, 1475, 1508, 1526, 1541, 18, 30, 60, 82, 105, 129, 144
1233, 1260, 1273, 1295, 1318, 1339, 1358, 1374, 1392, 1420, 1431, 1467, 1475, 1508, 1526, 1541, 18, 30, 60, 82, 105, 128, 145
1233, 1260, 1273, 1295, 1318, 1339, 1358, 1374, 1392, 1419, 1432, 1468, 1476, 1509, 1525, 1542, 17, 31, 59, 81, 104, 127, 146
1233, 1260, 1273, 1295, 1318, 1339, 1358, 1374, 1392, 1419, 1432, 1468, 1476, 1509, 1525, 1542, 17, 31, 59, 58, 80, 103, 126, 147
1233, 1260, 1273, 1295, 1318, 1339, 1358, 1374, 1392, 1419, 1432, 1468, 1476, 1509, 1525, 1542, 17, 31, 59, 58, 80, 102, 101, 125, 148
1233, 1260, 1273, 1295, 1318, 1339, 1358, 1374, 1392, 1419, 1432, 1468, 1476, 1509, 1525, 1542, 17, 31, 59, 58, 80, 102, 101, 125, 148, 149
1233, 1260, 1273, 1296, 1320, 1341, 1360, 1375, 1390, 1416, 1434, 1470, 1479, 1512, 1520, 1545, 14, 35, 56, 77, 100, 124, 150
1233, 1260, 1273, 1296, 1320, 1341, 1360, 1375, 1390, 1416, 1434, 1470, 1479, 1512, 1520, 1545, 14, 35, 56, 76, 99, 123, 151
1233, 1260, 1273, 1296, 1320, 1341, 1360, 1375, 1390, 1416, 1434, 1470, 1479, 1512, 1520, 1545, 14, 35, 56, 76, 99, 123, 151, 152
1233, 1260, 1273, 1296, 1320, 1341, 1360, 1375, 1390, 1416, 1434, 1470, 1479, 1512, 1513, 1518, 1549, 12, 38, 53, 74, 96, 121, 153
1233, 1260, 1273, 1296, 1320, 1341, 1360, 1375, 1390, 1416, 1434, 1470, 1479, 1512, 1513, 1518, 1549, 12, 38, 53, 74, 96, 121, 154
1233, 1260, 1273, 1296, 1320, 1341, 1360, 1375, 1390, 1416, 1434, 1470, 1479, 1512, 1513, 1518, 1549, 12, 38, 53, 74, 96, 121, 154, 155
1233, 1260, 1273, 1295, 1318, 1339, 1358, 1373, 1393, 1421, 1451, 1465, 1474, 1507, 1527, 1540, 20, 29, 61, 83, 106, 130, 143, 156
1233, 1260, 1273, 1295, 1318, 1339, 1358, 1374, 1392, 1420, 1431, 1467, 1475, 1508, 1526, 1541, 18, 30, 60, 82, 105, 129, 144, 157
1233, 1260, 1273, 1295, 1318, 1339, 1358, 1374, 1392, 1420, 1431, 1467, 1475, 1508, 1526, 1541, 18, 30, 60, 82, 105, 128, 145, 158
1233, 1260, 1273, 1295, 1318, 1339, 1358, 1374, 1392, 1419, 1432, 1468, 1476, 1509, 1525, 1542, 17, 31, 59, 81, 104, 127, 146, 159
1233, 1260, 1273, 1295, 1318, 1339, 1358, 1374, 1392, 1419, 1432, 1468, 1476, 1509, 1525, 1542, 17, 31, 59, 58, 80, 103, 126, 147, 160
1233, 1260, 1273, 1295, 1318, 1339, 1358, 1374, 1392, 1419, 1432, 1468, 1476, 1509, 1525, 1542, 17, 31, 59, 58, 80, 102, 101, 125, 148, 161
1233, 1260, 1273, 1295, 1318, 1339, 1358, 1374, 1392, 1419, 1432, 1468, 1476, 1509, 1525, 1542, 17, 31, 59, 58, 80, 102, 101, 125, 148, 149, 162
1233, 1260, 1273, 1296, 1320, 1341, 1360, 1375, 1390, 1416, 1434, 1470, 1479, 1512, 1520, 1545, 14, 35, 56, 77, 100, 124, 150, 163
1233, 1260, 1273, 1296, 1320, 1341, 1360, 1375, 1390, 1416, 1434, 1470, 1479, 1512, 1520, 1545, 14, 35, 56, 76, 99, 123, 151, 164
1233, 1260, 1273, 1296, 1320, 1341, 1360, 1375, 1390, 1416, 1434, 1470, 1479, 1512, 1520, 1545, 14, 35, 56, 76, 99, 123, 151, 164, 165
1233, 1260, 1273, 1296, 1320, 1341, 1360, 1375, 1390, 1416, 1434, 1470, 1479, 1512, 1513, 1518, 1549, 12, 38, 53, 74, 96, 121, 153, 166
1233, 1260, 1273, 1296, 1320, 1341, 1360, 1375, 1390, 1416, 1434, 1470, 1479, 1512, 1513, 1518, 1549, 12, 38, 53, 74, 96, 121, 154, 167
1233, 1260, 1273, 1296, 1320, 1341, 1360, 1375, 1390, 1416, 1434, 1470, 1479, 1512, 1513, 1518, 1549, 12, 38, 53, 74, 96, 121, 154, 167, 168
1233, 1260, 1273, 1296, 1320, 1341, 1360, 1375, 1390, 1416, 1434, 1470, 1479, 1512, 1513, 1518, 1549, 12, 38, 53, 74, 73, 95, 120, 131, 169
1233, 1260, 1273, 1296, 1320, 1341, 1360, 1375, 1390, 1416, 1434, 1470, 1479, 1512, 1513, 1518, 1549, 12, 38, 53, 74, 73, 95, 119, 118, 117, 134, 170
1233, 1260, 1273, 1296, 1320, 1341, 1360, 1375, 1390, 1416, 1434, 1470, 1479, 1512, 1513, 1518, 1549, 12, 38, 53, 74, 73, 95, 119, 118, 117, 134, 170, 171
1233, 1260, 1273, 1295, 1318, 1339, 1358, 1373, 1393, 1421, 1451, 1465, 1474, 1507, 1527, 1540, 1539, 1538, 1537, 1536, 1535, 5, 23, 67, 88, 91, 115, 137, 172
1233, 1260, 1273, 1295, 1318, 1339, 1358, 1373, 1393, 1421, 1451, 1465, 1474, 1507, 1527, 1540, 1539, 1538, 1537, 1536, 4, 24, 66, 87, 90, 114, 138, 173
1233, 1260, 1273, 1295, 1318, 1339, 1358, 1373, 1393, 1421, 1451, 1465, 1474, 1507, 1527, 1540, 1539, 1538, 1, 2, 3, 25, 65, 86, 89, 113, 140, 175, 174
1233, 1260, 1273, 1295, 1318, 1339, 1358, 1373, 1393, 1421, 1451, 1465, 1474, 1507, 1527, 1540, 1539, 1538, 1, 2, 3, 25, 65, 86, 89, 113, 140, 175
1233, 1260, 1273, 1295, 1318, 1339, 1358, 1373, 1393, 1421, 1451, 1465, 1474, 1507, 1527, 1540, 20, 29, 28, 62, 84, 85, 109, 111, 141, 176
1233, 1260, 1273, 1295, 1318, 1339, 1358, 1373, 1393, 1421, 1451, 1465, 1474, 1507, 1527, 1540, 20, 29, 28, 62, 84, 107, 110, 142, 177
1233, 1260, 1273, 1296, 1320, 1341, 1360, 1375, 1390, 1416, 1434, 1470, 1479, 1512, 1513, 1518, 1549, 12, 38, 53, 74, 96, 121, 154, 167, 198, 178
1233, 1260, 1273, 1296, 1320, 1341, 1360, 1375, 1390, 1416, 1434, 1470, 1479, 1512, 1513, 1518, 1549, 12, 38, 53, 74, 73, 95, 119, 118, 117, 134, 170, 171, 179
1233, 1260, 1273, 1295, 1318, 1339, 1358, 1373, 1393, 1421, 1451, 1465, 1474, 1507, 1527, 1540, 1539, 1538, 1537, 1536, 1535, 5, 23, 67, 88, 91, 115, 137, 172, 180
1233, 1260, 1273, 1295, 1318, 1339, 1358, 1373, 1393, 1421, 1451, 1465, 1474, 1507, 1527, 1540, 1539, 1538, 1537, 1536, 4, 24, 66, 87, 90, 114, 138, 173, 182, 181
1233, 1260, 1273, 1295, 1318, 1339, 1358, 1373, 1393, 1421, 1451, 1465, 1474, 1507, 1527, 1540, 1539, 1538, 1537, 1536, 4, 24, 66, 87, 90, 114, 138, 173, 182
1233, 1260, 1273, 1295, 1318, 1339, 1358, 1373, 1393, 1421, 1451, 1465, 1474, 1507, 1527, 1540, 1539, 1538, 1, 2, 3, 25, 65, 86, 89, 113, 140, 175, 183
1233, 1260, 1273, 1295, 1318, 1339, 1358, 1373, 1393, 1421, 1451, 1465, 1474, 1507, 1527, 1540, 20, 29, 28, 62, 84, 85, 109, 111, 141, 176, 184
1233, 1260, 1273, 1295, 1318, 1339, 1358, 1373, 1393, 1421, 1451, 1465, 1474, 1507, 1527, 1540, 20, 29, 28, 62, 84, 107, 110, 142, 177, 185
1233, 1260, 1273, 1295, 1318, 1339, 1358, 1373, 1393, 1421, 1451, 1465, 1474, 1507, 1527, 1540, 20, 29, 61, 83, 106, 130, 143, 156, 187, 186
1233, 1260, 1273, 1295, 1318, 1339, 1358, 1373, 1393, 1421, 1451, 1465, 1474, 1507, 1527, 1540, 20, 29, 61, 83, 106, 130, 143, 156, 187
1233, 1260, 1273, 1295, 1318, 1339, 1358, 1373, 1393, 1421, 1451, 1465, 1474, 1507, 1527, 1540, 20, 29, 61, 83, 106, 130, 143, 156, 188
1233, 1260, 1273, 1295, 1318, 1339, 1358, 1374, 1392, 1420, 1431, 1467, 1475, 1508, 1526, 1541, 18, 30, 60, 82, 105, 129, 144, 157, 189
1233, 1260, 1273, 1295, 1318, 1339, 1358, 1374, 1392, 1420, 1431, 1467, 1475, 1508, 1526, 1541, 18, 30, 60, 82, 105, 128, 145, 158, 190
1233, 1260, 1273, 1295, 1318, 1339, 1358, 1374, 1392, 1419, 1432, 1468, 1476, 1509, 1525, 1542, 17, 31, 59, 58, 80, 103, 126, 147, 160, 191
1233, 1260, 1273, 1295, 1318, 1339, 1358, 1374, 1392, 1419, 1432, 1468, 1476, 1509, 1525, 1542, 17, 31, 59, 58, 80, 102, 101, 125, 148, 161, 192
1233, 1260, 1273, 1295, 1318, 1339, 1358, 1374, 1392, 1419, 1432, 1468, 1476, 1509, 1525, 1542, 17, 31, 59, 58, 80, 102, 101, 125, 148, 149, 162, 193
1233, 1260, 1273, 1296, 1320, 1341, 1360, 1375, 1390, 1416, 1434, 1470, 1479, 1512, 1520, 1545, 14, 35, 56, 76, 99, 123, 151, 164, 194
1233, 1260, 1273, 1296, 1320, 1341, 1360, 1375, 1390, 1416, 1434, 1470, 1479, 1512, 1520, 1545, 14, 35, 56, 76, 99, 123, 151, 164, 165, 195
1233, 1260, 1273, 1296, 1320, 1341, 1360, 1375, 1390, 1416, 1434, 1470, 1479, 1512, 1520, 1545, 14, 35, 56, 76, 99, 123, 151, 164, 165, 195, 196
1233, 1260, 1273, 1296, 1320, 1341, 1360, 1375, 1390, 1416, 1434, 1470, 1479, 1512, 1513, 1518, 1549, 12, 38, 53, 74, 96, 121, 154, 167, 197
1233, 1260, 1273, 1296, 1320, 1341, 1360, 1375, 1390, 1416, 1434, 1470, 1479, 1512, 1513, 1518, 1549, 12, 38, 53, 74, 96, 121, 154, 167, 198
1233, 1260, 1273, 1295, 1318, 1339, 1358, 1374, 1392, 1419, 1432, 1468, 1476, 1509, 1525, 1542, 17, 31, 59, 58, 80, 102, 101, 125, 148, 149, 162, 193, 199
