1385, 1402, 1427, 1426, 1444, 1460, 1488, 1501, 1531, 1536, 1537, 2, 1, 0
1385, 1402, 1427, 1426, 1444, 1460, 1488, 1501, 1531, 1536, 1537, 2, 1
1385, 1402, 1427, 1426, 1444, 1460, 1488, 1501, 1531, 1536, 1537, 2
1385, 1402, 1427, 1426, 1444, 1460, 1488, 1501, 1531, 1536, 4, 3
1385, 1402, 1427, 1426, 1444, 1460, 1488, 1501, 1531, 1536, 4
1385, 1402, 1427, 1426, 1444, 1460, 1488, 1501, 1532, 1535, 5
1385, 1403, 1428, 1442, 1458, 1487, 1500, 1533, 1554, 6
1385, 1403, 1428, 1442, 1458, 1486, 1499, 1534, 1553, 7
1385, 1403, 1428, 1442, 1458, 1486, 1499, 1534, 1553, 7, 8
1385, 1384, 1404, 1430, 1441, 1457, 1485, 1498, 1514, 1552, 9
1385, 1384, 1404, 1430, 1441, 1457, 1485, 1498, 1514, 1552, 1551, 10
1385, 1384, 1404, 1430, 1441, 1457, 1485, 1498, 1514, 1552, 1551, 10, 11
1385, 1384, 1404, 1430, 1441, 1457, 1485, 1498, 1514, 1552, 1551, 10, 11, 12
1385, 1384, 1404, 1430, 1441, 1457, 1485, 1498, 1514, 1552, 1551, 10, 11, 12, 13
1385, 1384, 1404, 1430, 1441, 1457, 1485, 1498, 1514, 1552, 1551, 10, 11, 12, 13, 14
1385, 1384, 1404, 1430, 1441, 1457, 1485, 1498, 1514, 1552, 1551, 10, 11, 12, 13, 14, 15
1385, 1402, 1427, 1426, 1445, 1446, 1461, 1462, 1492, 1493, 1505, 1528, 1539, 1540, 20, 19, 18, 17, 16
1385, 1402, 1427, 1426, 1445, 1446, 1461, 1462, 1492, 1493, 1505, 1528, 1539, 1540, 20, 19, 18, 17
1385, 1402, 1427, 1426, 1445, 1446, 1461, 1462, 1492, 1493, 1505, 1528, 1539, 1540, 20, 19, 18
1385, 1402, 1427, 1426, 1445, 1446, 1461, 1462, 1492, 1493, 1505, 1528, 1539, 1540, 20, 19
1385, 1402, 1427, 1426, 1445, 1446, 1461, 1462, 1492, 1493, 1505, 1528, 1539, 1540, 20
1385, 1402, 1427, 1426, 1445, 1446, 1461, 1462, 1492, 1493, 1505, 1528, 1539, 21
1385, 1402, 1427, 1426, 1444, 1460, 1488, 1501, 1532, 1535, 5, 22
1385, 1402, 1427, 1426, 1444, 1460, 1488, 1501, 1532, 1535, 5, 23
1385, 1402, 1427, 1426, 1444, 1460, 1488, 1501, 1531, 1536, 4, 24
1385, 1402, 1427, 1426, 1444, 1460, 1488, 1501, 1531, 1536, 4, 3, 25
1385, 1402, 1427, 1426, 1444, 1460, 1488, 1501, 1531, 1536, 1537, 2, 26
1385, 1402, 1427, 1426, 1444, 1460, 1488, 1501, 1531, 1536, 1537, 2, 26, 27
1385, 1402, 1427, 1426, 1445, 1446, 1461, 1462, 1492, 1493, 1505, 1528, 1539, 21, 28
1385, 1402, 1427, 1426, 1445, 1446, 1461, 1462, 1492, 1493, 1505, 1528, 1539, 21, 28, 29
1385, 1402, 1427, 1426, 1445, 1446, 1461, 1462, 1492, 1493, 1505, 1528, 1539, 1540, 20, 19, 30
1385, 1402, 1427, 1426, 1445, 1446, 1461, 1462, 1492, 1493, 1505, 1528, 1539, 1540, 20, 19, 30, 31
1385, 1402, 1427, 1426, 1445, 1446, 1461, 1462, 1492, 1493, 1505, 1528, 1539, 1540, 20, 19, 18, 17, 16, 32
1385, 1384, 1404, 1430, 1441, 1457, 1485, 1498, 1514, 1552, 1551, 10, 11, 12, 13, 14, 15, 33
1385, 1384, 1404, 1430, 1441, 1457, 1485, 1498, 1514, 1552, 1551, 10, 11, 12, 13, 14, 35, 34
1385, 1384, 1404, 1430, 1441, 1457, 1485, 1498, 1514, 1552, 1551, 10, 11, 12, 13, 14, 35
1385, 1384, 1404, 1430, 1441, 1457, 1485, 1498, 1514, 1552, 1551, 10, 11, 39, 38, 37, 36
1385, 1384, 1404, 1430, 1441, 1457, 1485, 1498, 1514, 1552, 1551, 10, 11, 39, 38, 37
1385, 1384, 1404, 1430, 1441, 1457, 1485, 1498, 1514, 1552, 1551, 10, 11, 39, 38
1385, 1384, 1404, 1430, 1441, 1457, 1485, 1498, 1514, 1552, 1551, 10, 11, 39
1385, 1384, 1404, 1430, 1441, 1457, 1485, 1498, 1514, 1552, 9, 43, 42, 41, 40
1385, 1384, 1404, 1430, 1441, 1457, 1485, 1498, 1514, 1552, 9, 43, 42, 41
1385, 1384, 1404, 1430, 1441, 1457, 1485, 1498, 1514, 1552, 9, 43, 42
1385, 1384, 1404, 1430, 1441, 1457, 1485, 1498, 1514, 1552, 9, 43
1385, 1403, 1428, 1442, 1458, 1486, 1499, 1534, 1553, 7, 44
1385, 1403, 1428, 1442, 1458, 1487, 1500, 1533, 1554, 6, 45
1385, 1403, 1428, 1442, 1458, 1486, 1499, 1534, 1553, 7, 44, 46
1385, 1403, 1428, 1442, 1458, 1486, 1499, 1534, 1553, 7, 44, 47
1385, 1403, 1428, 1442, 1458, 1486, 1499, 1534, 1553, 7, 44, 48
1385, 1403, 1428, 1442, 1458, 1486, 1499, 1534, 1553, 7, 44, 48, 49
1385, 1384, 1404, 1430, 1441, 1457, 1485, 1498, 1514, 1552, 9, 43, 42, 41, 50
1385, 1384, 1404, 1430, 1441, 1457, 1485, 1498, 1514, 1552, 9, 43, 42, 41, 50, 51
1385, 1384, 1404, 1430, 1441, 1457, 1485, 1498, 1514, 1552, 9, 43, 42, 41, 50, 51, 52
1385, 1384, 1404, 1430, 1441, 1457, 1485, 1498, 1514, 1552, 9, 43, 42, 41, 50, 51, 52, 53
1385, 1384, 1404, 1430, 1441, 1457, 1485, 1498, 1514, 1552, 9, 43, 42, 41, 50, 51, 52, 53, 54
1385, 1384, 1404, 1430, 1441, 1457, 1485, 1498, 1514, 1552, 9, 43, 42, 41, 50, 51, 52, 53, 54, 55
1385, 1384, 1404, 1430, 1441, 1457, 1485, 1498, 1514, 1552, 1551, 10, 11, 12, 13, 14, 35, 56
1385, 1384, 1404, 1430, 1441, 1457, 1485, 1498, 1514, 1552, 1551, 10, 11, 12, 13, 14, 15, 33, 57
1385, 1402, 1427, 1426, 1445, 1446, 1461, 1462, 1492, 1493, 1505, 1528, 1539, 1540, 20, 19, 30, 60, 59, 58
1385, 1402, 1427, 1426, 1445, 1446, 1461, 1462, 1492, 1493, 1505, 1528, 1539, 1540, 20, 19, 30, 60, 59
1385, 1402, 1427, 1426, 1445, 1446, 1461, 1462, 1492, 1493, 1505, 1528, 1539, 1540, 20, 19, 30, 60
1385, 1402, 1427, 1426, 1445, 1446, 1461, 1462, 1492, 1493, 1505, 1528, 1539, 21, 28, 29, 61
1385, 1402, 1427, 1426, 1444, 1460, 1488, 1501, 1531, 1536, 1537, 2, 26, 63, 62
1385, 1402, 1427, 1426, 1444, 1460, 1488, 1501, 1531, 1536, 1537, 2, 26, 63
1385, 1402, 1427, 1426, 1444, 1460, 1488, 1501, 1531, 1536, 1537, 2, 26, 64
1385, 1402, 1427, 1426, 1444, 1460, 1488, 1501, 1531, 1536, 4, 24, 66, 65
1385, 1402, 1427, 1426, 1444, 1460, 1488, 1501, 1531, 1536, 4, 24, 66
1385, 1402, 1427, 1426, 1444, 1460, 1488, 1501, 1532, 1535, 5, 23, 67
1385, 1403, 1428, 1442, 1458, 1486, 1499, 1534, 1553, 7, 44, 47, 68
1385, 1403, 1428, 1442, 1458, 1486, 1499, 1534, 1553, 7, 44, 46, 69
1385, 1403, 1428, 1442, 1458, 1486, 1499, 1534, 1553, 7, 44, 48, 70
1385, 1403, 1428, 1442, 1458, 1486, 1499, 1534, 1553, 7, 44, 48, 71
1385, 1403, 1428, 1442, 1458, 1486, 1499, 1534, 1553, 7, 44, 48, 71, 72
1385, 1403, 1428, 1442, 1458, 1486, 1499, 1534, 1553, 7, 44, 48, 71, 72, 73
1385, 1403, 1428, 1442, 1458, 1486, 1499, 1534, 1553, 7, 44, 48, 71, 72, 73, 74
1385, 1403, 1428, 1442, 1458, 1486, 1499, 1534, 1553, 7, 44, 48, 71, 72, 73, 74, 75
1385, 1403, 1428, 1442, 1458, 1486, 1499, 1534, 1553, 7, 44, 48, 71, 72, 73, 74, 75, 76
1385, 1384, 1404, 1430, 1441, 1457, 1485, 1498, 1514, 1552, 1551, 10, 11, 12, 13, 14, 35, 56, 77
1385, 1384, 1404, 1430, 1441, 1457, 1485, 1498, 1514, 1552, 1551, 10, 11, 12, 13, 14, 15, 33, 57, 78
1385, 1402, 1427, 1426, 1445, 1446, 1461, 1462, 1492, 1493, 1505, 1528, 1539, 1540, 20, 19, 30, 60, 59, 58, 79
1385, 1402, 1427, 1426, 1445, 1446, 1461, 1462, 1492, 1493, 1505, 1528, 1539, 1540, 20, 19, 30, 60, 59, 58, 80
1385, 1402, 1427, 1426, 1444, 1460, 1488, 1501, 1531, 1536, 1537, 2, 26, 63, 84, 83, 82, 81
1385, 1402, 1427, 1426, 1444, 1460, 1488, 1501, 1531, 1536, 1537, 2, 26, 63, 84, 83, 82
1385, 1402, 1427, 1426, 1444, 1460, 1488, 1501, 1531, 1536, 1537, 2, 26, 63, 84, 83
1385, 1402, 1427, 1426, 1444, 1460, 1488, 1501, 1531, 1536, 1537, 2, 26, 63, 84
1385, 1402, 1427, 1426, 1444, 1460, 1488, 1501, 1531, 1536, 1537, 2, 26, 64, 85
1385, 1402, 1427, 1426, 1444, 1460, 1488, 1501, 1531, 1536, 4, 24, 66, 65, 86
1385, 1402, 1427, 1426, 1444, 1460, 1488, 1501, 1531, 1536, 4, 24, 66, 87
1385, 1403, 1428, 1442, 1458, 1486, 1499, 1534, 1553, 7, 44, 47, 68, 88
1385, 1402, 1427, 1426, 1444, 1460, 1488, 1501, 1531, 1536, 4, 24, 66, 65, 86, 89
1385, 1402, 1427, 1426, 1444, 1460, 1488, 1501, 1531, 1536, 4, 24, 66, 87, 90
1385, 1403, 1428, 1442, 1458, 1486, 1499, 1534, 1553, 7, 44, 47, 68, 91
1385, 1403, 1428, 1442, 1458, 1486, 1499, 1534, 1553, 7, 44, 46, 69, 92
1385, 1403, 1428, 1442, 1458, 1486, 1499, 1534, 1553, 7, 44, 48, 71, 93
1385, 1403, 1428, 1442, 1458, 1486, 1499, 1534, 1553, 7, 44, 48, 71, 93, 94
1385, 1403, 1428, 1442, 1458, 1486, 1499, 1534, 1553, 7, 44, 48, 71, 93, 94, 95
1385, 1403, 1428, 1442, 1458, 1486, 1499, 1534, 1553, 7, 44, 48, 71, 93, 94, 95, 96
1385, 1403, 1428, 1442, 1458, 1486, 1499, 1534, 1553, 7, 44, 48, 71, 93, 94, 95, 96, 97
1385, 1403, 1428, 1442, 1458, 1486, 1499, 1534, 1553, 7, 44, 48, 71, 93, 94, 95, 96, 97, 98
1385, 1403, 1428, 1442, 1458, 1486, 1499, 1534, 1553, 7, 44, 48, 71, 93, 94, 95, 96, 97, 98, 99
1385, 1384, 1404, 1430, 1441, 1457, 1485, 1498, 1514, 1552, 1551, 10, 11, 12, 13, 14, 35, 56, 77, 100
1385, 1384, 1404, 1430, 1441, 1457, 1485, 1498, 1514, 1552, 1551, 10, 11, 12, 13, 14, 15, 33, 57, 78, 101
1385, 1402, 1427, 1426, 1445, 1446, 1461, 1462, 1492, 1493, 1505, 1528, 1539, 1540, 20, 19, 30, 60, 59, 58, 80, 102
1385, 1402, 1427, 1426, 1445, 1446, 1461, 1462, 1492, 1493, 1505, 1528, 1539, 1540, 20, 19, 30, 60, 59, 58, 80, 103
1385, 1402, 1427, 1426, 1444, 1460, 1488, 1501, 1531, 1536, 1537, 2, 26, 63, 84, 83, 106, 105, 104
1385, 1402, 1427, 1426, 1444, 1460, 1488, 1501, 1531, 1536, 1537, 2, 26, 63, 84, 83, 106, 105
1385, 1402, 1427, 1426, 1444, 1460, 1488, 1501, 1531, 1536, 1537, 2, 26, 63, 84, 83, 106
1385, 1402, 1427, 1426, 1444, 1460, 1488, 1501, 1531, 1536, 1537, 2, 26, 63, 84, 107
1385, 1402, 1427, 1426, 1444, 1460, 1488, 1501, 1531, 1536, 1537, 2, 26, 64, 85, 108
1385, 1402, 1427, 1426, 1444, 1460, 1488, 1501, 1531, 1536, 1537, 2, 26, 64, 85, 109
1385, 1402, 1427, 1426, 1444, 1460, 1488, 1501, 1531, 1536, 1537, 2, 26, 64, 85, 108, 110
1385, 1402, 1427, 1426, 1444, 1460, 1488, 1501, 1531, 1536, 1537, 2, 26, 64, 85, 109, 111
1385, 1402, 1427, 1426, 1444, 1460, 1488, 1501, 1531, 1536, 4, 24, 66, 65, 86, 89, 112
1385, 1402, 1427, 1426, 1444, 1460, 1488, 1501, 1531, 1536, 4, 24, 66, 65, 86, 89, 113
1385, 1402, 1427, 1426, 1444, 1460, 1488, 1501, 1531, 1536, 4, 24, 66, 87, 90, 114
1385, 1403, 1428, 1442, 1458, 1486, 1499, 1534, 1553, 7, 44, 47, 68, 91, 115
1385, 1403, 1428, 1442, 1458, 1486, 1499, 1534, 1553, 7, 44, 46, 69, 92, 116
1385, 1403, 1428, 1442, 1458, 1486, 1499, 1534, 1553, 7, 44, 48, 71, 93, 117
1385, 1403, 1428, 1442, 1458, 1486, 1499, 1534, 1553, 7, 44, 48, 71, 93, 117, 118
1385, 1403, 1428, 1442, 1458, 1486, 1499, 1534, 1553, 7, 44, 48, 71, 93, 117, 118, 119
1385, 1403, 1428, 1442, 1458, 1486, 1499, 1534, 1553, 7, 44, 48, 71, 93, 117, 118, 119, 120
1385, 1403, 1428, 1442, 1458, 1486, 1499, 1534, 1553, 7, 44, 48, 71, 93, 117, 118, 119, 120, 121
1385, 1403, 1428, 1442, 1458, 1486, 1499, 1534, 1553, 7, 44, 48, 71, 93, 94, 95, 96, 97, 122
1385, 1403, 1428, 1442, 1458, 1486, 1499, 1534, 1553, 7, 44, 48, 71, 93, 94, 95, 96, 97, 122, 123
1385, 1384, 1404, 1430, 1441, 1457, 1485, 1498, 1514, 1552, 1551, 10, 11, 12, 13, 14, 35, 56, 77, 100, 124
1385, 1384, 1404, 1430, 1441, 1457, 1485, 1498, 1514, 1552, 1551, 10, 11, 12, 13, 14, 15, 33, 57, 78, 101, 125
1385, 1402, 1427, 1426, 1444, 1460, 1488, 1501, 1531, 1536, 1537, 2, 26, 63, 84, 83, 106, 105, 128, 127, 126
1385, 1402, 1427, 1426, 1444, 1460, 1488, 1501, 1531, 1536, 1537, 2, 26, 63, 84, 83, 106, 105, 128, 127
1385, 1402, 1427, 1426, 1444, 1460, 1488, 1501, 1531, 1536, 1537, 2, 26, 63, 84, 83, 106, 105, 128
1385, 1402, 1427, 1426, 1444, 1460, 1488, 1501, 1531, 1536, 1537, 2, 26, 63, 84, 83, 106, 105, 129
1385, 1402, 1427, 1426, 1444, 1460, 1488, 1501, 1531, 1536, 1537, 2, 26, 63, 84, 83, 106, 130
1385, 1403, 1428, 1442, 1458, 1486, 1499, 1534, 1553, 7, 44, 48, 71, 93, 117, 118, 133, 132, 131
1385, 1403, 1428, 1442, 1458, 1486, 1499, 1534, 1553, 7, 44, 48, 71, 93, 117, 118, 133, 132
1385, 1403, 1428, 1442, 1458, 1486, 1499, 1534, 1553, 7, 44, 48, 71, 93, 117, 118, 133
1385, 1403, 1428, 1442, 1458, 1486, 1499, 1534, 1553, 7, 44, 48, 71, 93, 117, 134
1385, 1403, 1428, 1442, 1458, 1486, 1499, 1534, 1553, 7, 44, 46, 69, 92, 116, 135
1385, 1403, 1428, 1442, 1458, 1486, 1499, 1534, 1553, 7, 44, 46, 69, 92, 116, 136
1385, 1403, 1428, 1442, 1458, 1486, 1499, 1534, 1553, 7, 44, 46, 69, 92, 116, 136, 137
1385, 1403, 1428, 1442, 1458, 1486, 1499, 1534, 1553, 7, 44, 46, 69, 92, 116, 136, 137, 138
1385, 1403, 1428, 1442, 1458, 1486, 1499, 1534, 1553, 7, 44, 46, 69, 92, 116, 136, 137, 138, 139
1385, 1402, 1427, 1426, 1444, 1460, 1488, 1501, 1531, 1536, 4, 24, 66, 65, 86, 89, 113, 140
1385, 1402, 1427, 1426, 1444, 1460, 1488, 1501, 1531, 1536, 1537, 2, 26, 64, 85, 109, 111, 141
1385, 1402, 1427, 1426, 1444, 1460, 1488, 1501, 1531, 1536, 1537, 2, 26, 64, 85, 108, 110, 142
1385, 1402, 1427, 1426, 1444, 1460, 1488, 1501, 1531, 1536, 1537, 2, 26, 64, 85, 108, 110, 142, 143
1385, 1402, 1427, 1426, 1444, 1460, 1488, 1501, 1531, 1536, 1537, 2, 26, 63, 84, 83, 106, 105, 129, 144
1385, 1402, 1427, 1426, 1444, 1460, 1488, 1501, 1531, 1536, 1537, 2, 26, 63, 84, 83, 106, 105, 128, 145
1385, 1402, 1427, 1426, 1444, 1460, 1488, 1501, 1531, 1536, 1537, 2, 26, 63, 84, 83, 106, 105, 128, 127, 146
1385, 1402, 1427, 1426, 1444, 1460, 1488, 1501, 1531, 1536, 1537, 2, 26, 63, 84, 83, 106, 105, 128, 127, 146, 147
1385, 1384, 1404, 1430, 1441, 1457, 1485, 1498, 1514, 1552, 1551, 10, 11, 12, 13, 14, 15, 33, 57, 78, 101, 125, 148
1385, 1384, 1404, 1430, 1441, 1457, 1485, 1498, 1514, 1552, 1551, 10, 11, 12, 13, 14, 35, 56, 77, 100, 124, 149
1385, 1384, 1404, 1430, 1441, 1457, 1485, 1498, 1514, 1552, 1551, 10, 11, 12, 13, 14, 35, 56, 77, 100, 124, 150
1385, 1403, 1428, 1442, 1458, 1486, 1499, 1534, 1553, 7, 44, 48, 71, 93, 94, 95, 96, 97, 122, 123, 151
1385, 1403, 1428, 1442, 1458, 1486, 1499, 1534, 1553, 7, 44, 48, 71, 93, 94, 95, 96, 97, 122, 152
1385, 1403, 1428, 1442, 1458, 1486, 1499, 1534, 1553, 7, 44, 48, 71, 93, 117, 118, 119, 120, 155, 154, 153
1385, 1403, 1428, 1442, 1458, 1486, 1499, 1534, 1553, 7, 44, 48, 71, 93, 117, 118, 119, 120, 155, 154
1385, 1403, 1428, 1442, 1458, 1486, 1499, 1534, 1553, 7, 44, 48, 71, 93, 117, 118, 119, 120, 155
1385, 1402, 1427, 1426, 1444, 1460, 1488, 1501, 1531, 1536, 1537, 2, 26, 64, 85, 108, 110, 142, 143, 156
1385, 1402, 1427, 1426, 1444, 1460, 1488, 1501, 1531, 1536, 1537, 2, 26, 63, 84, 83, 106, 105, 129, 144, 157
1385, 1402, 1427, 1426, 1444, 1460, 1488, 1501, 1531, 1536, 1537, 2, 26, 63, 84, 83, 106, 105, 128, 145, 158
1385, 1402, 1427, 1426, 1444, 1460, 1488, 1501, 1531, 1536, 1537, 2, 26, 63, 84, 83, 106, 105, 128, 145, 158, 159
1385, 1402, 1427, 1426, 1444, 1460, 1488, 1501, 1531, 1536, 1537, 2, 26, 63, 84, 83, 106, 105, 128, 127, 146, 147, 160
1385, 1384, 1404, 1430, 1441, 1457, 1485, 1498, 1514, 1552, 1551, 10, 11, 12, 13, 14, 15, 33, 57, 78, 101, 125, 148, 161
1385, 1384, 1404, 1430, 1441, 1457, 1485, 1498, 1514, 1552, 1551, 10, 11, 12, 13, 14, 35, 56, 77, 100, 124, 149, 162
1385, 1384, 1404, 1430, 1441, 1457, 1485, 1498, 1514, 1552, 1551, 10, 11, 12, 13, 14, 35, 56, 77, 100, 124, 150, 163
1385, 1403, 1428, 1442, 1458, 1486, 1499, 1534, 1553, 7, 44, 48, 71, 93, 94, 95, 96, 97, 122, 123, 151, 164
1385, 1403, 1428, 1442, 1458, 1486, 1499, 1534, 1553, 7, 44, 48, 71, 93, 94, 95, 96, 97, 122, 152, 165
1385, 1403, 1428, 1442, 1458, 1486, 1499, 1534, 1553, 7, 44, 48, 71, 93, 117, 118, 119, 120, 155, 154, 153, 166
1385, 1403, 1428, 1442, 1458, 1486, 1499, 1534, 1553, 7, 44, 48, 71, 93, 117, 118, 133, 132, 169, 168, 167
1385, 1403, 1428, 1442, 1458, 1486, 1499, 1534, 1553, 7, 44, 48, 71, 93, 117, 118, 133, 132, 169, 168
1385, 1403, 1428, 1442, 1458, 1486, 1499, 1534, 1553, 7, 44, 48, 71, 93, 117, 118, 133, 132, 169
1385, 1403, 1428, 1442, 1458, 1486, 1499, 1534, 1553, 7, 44, 48, 71, 93, 117, 134, 170
1385, 1403, 1428, 1442, 1458, 1486, 1499, 1534, 1553, 7, 44, 46, 69, 92, 116, 135, 171
1385, 1403, 1428, 1442, 1458, 1486, 1499, 1534, 1553, 7, 44, 46, 69, 92, 116, 136, 172
1385, 1403, 1428, 1442, 1458, 1486, 1499, 1534, 1553, 7, 44, 46, 69, 92, 116, 136, 172, 173
1385, 1403, 1428, 1442, 1458, 1486, 1499, 1534, 1553, 7, 44, 46, 69, 92, 116, 136, 137, 138, 139, 174
1385, 1403, 1428, 1442, 1458, 1486, 1499, 1534, 1553, 7, 44, 46, 69, 92, 116, 136, 137, 138, 139, 174, 175
1385, 1402, 1427, 1426, 1444, 1460, 1488, 1501, 1531, 1536, 1537, 2, 26, 64, 85, 109, 111, 141, 176
1385, 1402, 1427, 1426, 1444, 1460, 1488, 1501, 1531, 1536, 1537, 2, 26, 64, 85, 108, 110, 142, 177
1385, 1403, 1428, 1442, 1458, 1486, 1499, 1534, 1553, 7, 44, 48, 71, 93, 117, 134, 170, 178
1385, 1403, 1428, 1442, 1458, 1486, 1499, 1534, 1553, 7, 44, 46, 69, 92, 116, 135, 171, 179
1385, 1403, 1428, 1442, 1458, 1486, 1499, 1534, 1553, 7, 44, 46, 69, 92, 116, 136, 172, 180
1385, 1403, 1428, 1442, 1458, 1486, 1499, 1534, 1553, 7, 44, 46, 69, 92, 116, 136, 172, 181
1385, 1403, 1428, 1442, 1458, 1486, 1499, 1534, 1553, 7, 44, 46, 69, 92, 116, 136, 172, 181, 182
1385, 1403, 1428, 1442, 1458, 1486, 1499, 1534, 1553, 7, 44, 46, 69, 92, 116, 136, 172, 181, 182, 183
1385, 1403, 1428, 1442, 1458, 1486, 1499, 1534, 1553, 7, 44, 46, 69, 92, 116, 136, 172, 181, 182, 183, 184
1385, 1402, 1427, 1426, 1444, 1460, 1488, 1501, 1531, 1536, 1537, 2, 26, 64, 85, 108, 110, 142, 177, 185
1385, 1402, 1427, 1426, 1444, 1460, 1488, 1501, 1531, 1536, 1537, 2, 26, 64, 85, 108, 110, 142, 177, 186
1385, 1402, 1427, 1426, 1444, 1460, 1488, 1501, 1531, 1536, 1537, 2, 26, 64, 85, 108, 110, 142, 177, 186, 187
1385, 1402, 1427, 1426, 1444, 1460, 1488, 1501, 1531, 1536, 1537, 2, 26, 64, 85, 108, 110, 142, 143, 156, 188
1385, 1402, 1427, 1426, 1444, 1460, 1488, 1501, 1531, 1536, 1537, 2, 26, 64, 85, 108, 110, 142, 143, 156, 188, 189
1385, 1402, 1427, 1426, 1444, 1460, 1488, 1501, 1531, 1536, 1537, 2, 26, 63, 84, 83, 106, 105, 128, 145, 158, 190
1385, 1402, 1427, 1426, 1444, 1460, 1488, 1501, 1531, 1536, 1537, 2, 26, 63, 84, 83, 106, 105, 128, 145, 158, 190, 191
1385, 1384, 1404, 1430, 1441, 1457, 1485, 1498, 1514, 1552, 1551, 10, 11, 12, 13, 14, 15, 33, 57, 78, 101, 125, 148, 161, 192
1385, 1384, 1404, 1430, 1441, 1457, 1485, 1498, 1514, 1552, 1551, 10, 11, 12, 13, 14, 35, 56, 77, 100, 124, 149, 162, 193
1385, 1403, 1428, 1442, 1458, 1486, 1499, 1534, 1553, 7, 44, 48, 71, 93, 94, 95, 96, 97, 122, 123, 151, 164, 194
1385, 1403, 1428, 1442, 1458, 1486, 1499, 1534, 1553, 7, 44, 48, 71, 93, 117, 118, 119, 120, 155, 154, 153, 166, 196, 195
1385, 1403, 1428, 1442, 1458, 1486, 1499, 1534, 1553, 7, 44, 48, 71, 93, 117, 118, 119, 120, 155, 154, 153, 166, 196
1385, 1403, 1428, 1442, 1458, 1486, 1499, 1534, 1553, 7, 44, 48, 71, 93, 117, 118, 133, 132, 169, 168, 167, 197
1385, 1403, 1428, 1442, 1458, 1486, 1499, 1534, 1553, 7, 44, 48, 71, 93, 117, 118, 133, 132, 169, 198
1385, 1384, 1404, 1430, 1441, 1457, 1485, 1498, 1514, 1552, 1551, 10, 11, 12, 13, 14, 35, 56, 77, 100, 124, 149, 162, 193, 199
