1463, 1493, 1504, 1529, 1538, 0
1463, 1493, 1504, 1529, 1538, 1
1463, 1493, 1504, 1529, 1538, 1, 2
1463, 1493, 1504, 1529, 1538, 1, 2, 3
1463, 1493, 1504, 1529, 1538, 1537, 1536, 4
1463, 1462, 1491, 1490, 1489, 1501, 1532, 1535, 5
1463, 1462, 1491, 1490, 1489, 1501, 1500, 1533, 1554, 6
1463, 1462, 1461, 1460, 1459, 1458, 1486, 1499, 1534, 1553, 7
1463, 1462, 1461, 1460, 1459, 1458, 1486, 1499, 1534, 1553, 7, 8
1463, 1462, 1461, 1460, 1459, 1458, 1486, 1499, 1534, 1553, 7, 8, 9
1463, 1462, 1461, 1460, 1459, 1458, 1486, 1499, 1534, 1553, 7, 8, 9, 10
1463, 1462, 1461, 1460, 1459, 1458, 1486, 1499, 1534, 1553, 7, 8, 9, 10, 11
1463, 1464, 1465, 1466, 1467, 1468, 1469, 1470, 1479, 1512, 1513, 1518, 1549, 12
1463, 1493, 1505, 1528, 1539, 1540, 20, 19, 18, 17, 16, 15, 14, 13
1463, 1493, 1505, 1528, 1539, 1540, 20, 19, 18, 17, 16, 15, 14
1463, 1493, 1505, 1528, 1539, 1540, 20, 19, 18, 17, 16, 15
1463, 1493, 1505, 1528, 1539, 1540, 20, 19, 18, 17, 16
1463, 1493, 1505, 1528, 1539, 1540, 20, 19, 18, 17
1463, 1493, 1505, 1528, 1539, 1540, 20, 19, 18
1463, 1493, 1505, 1528, 1539, 1540, 20, 19
1463, 1493, 1505, 1528, 1539, 1540, 20
1463, 1493, 1505, 1528, 1539, 21
1463, 1462, 1491, 1490, 1489, 1501, 1532, 1535, 5, 22
1463, 1462, 1491, 1490, 1489, 1501, 1532, 1535, 5, 23
1463, 1493, 1504, 1529, 1538, 1537, 1536, 4, 24
1463, 1493, 1504, 1529, 1538, 1, 2, 3, 25
1463, 1493, 1504, 1529, 1538, 0, 26
1463, 1493, 1505, 1528, 1539, 21, 27
1463, 1493, 1505, 1528, 1539, 21, 28
1463, 1493, 1505, 1528, 1539, 21, 28, 29
1463, 1493, 1505, 1528, 1539, 1540, 20, 19, 30
1463, 1493, 1505, 1528, 1539, 1540, 20, 19, 30, 31
1463, 1493, 1505, 1528, 1539, 1540, 20, 19, 18, 17, 16, 32
1463, 1493, 1505, 1528, 1539, 1540, 20, 19, 18, 17, 16, 32, 33
1463, 1493, 1505, 1528, 1539, 1540, 20, 19, 18, 17, 16, 15, 34
1463, 1493, 1505, 1528, 1539, 1540, 20, 19, 18, 17, 16, 15, 34, 35
1463, 1493, 1505, 1528, 1539, 1540, 20, 19, 18, 17, 16, 15, 34, 35, 36
1463, 1493, 1505, 1528, 1539, 1540, 20, 19, 18, 17, 16, 15, 34, 35, 36, 37
1463, 1464, 1465, 1466, 1467, 1468, 1469, 1470, 1479, 1512, 1513, 1518, 1549, 12, 38
1463, 1462, 1461, 1460, 1459, 1458, 1486, 1499, 1534, 1553, 7, 44, 43, 42, 41, 40, 39
1463, 1462, 1461, 1460, 1459, 1458, 1486, 1499, 1534, 1553, 7, 44, 43, 42, 41, 40
1463, 1462, 1461, 1460, 1459, 1458, 1486, 1499, 1534, 1553, 7, 44, 43, 42, 41
1463, 1462, 1461, 1460, 1459, 1458, 1486, 1499, 1534, 1553, 7, 44, 43, 42
1463, 1462, 1461, 1460, 1459, 1458, 1486, 1499, 1534, 1553, 7, 44, 43
1463, 1462, 1461, 1460, 1459, 1458, 1486, 1499, 1534, 1553, 7, 44
1463, 1462, 1491, 1490, 1489, 1501, 1500, 1533, 1554, 6, 45
1463, 1462, 1491, 1490, 1489, 1501, 1500, 1533, 1554, 6, 45, 47, 46
1463, 1462, 1491, 1490, 1489, 1501, 1500, 1533, 1554, 6, 45, 47
1463, 1462, 1461, 1460, 1459, 1458, 1486, 1499, 1534, 1553, 7, 44, 48
1463, 1462, 1461, 1460, 1459, 1458, 1486, 1499, 1534, 1553, 7, 44, 48, 49
1463, 1462, 1461, 1460, 1459, 1458, 1486, 1499, 1534, 1553, 7, 44, 48, 49, 50
1463, 1462, 1461, 1460, 1459, 1458, 1486, 1499, 1534, 1553, 7, 44, 48, 49, 50, 51
1463, 1462, 1461, 1460, 1459, 1458, 1486, 1499, 1534, 1553, 7, 44, 48, 49, 50, 51, 52
1463, 1464, 1465, 1466, 1467, 1468, 1469, 1470, 1479, 1512, 1513, 1518, 1549, 12, 38, 53
1463, 1493, 1505, 1528, 1539, 1540, 20, 19, 18, 17, 16, 15, 34, 35, 36, 55, 54
1463, 1493, 1505, 1528, 1539, 1540, 20, 19, 18, 17, 16, 15, 34, 35, 36, 55
1463, 1493, 1505, 1528, 1539, 1540, 20, 19, 30, 60, 59, 58, 57, 56
1463, 1493, 1505, 1528, 1539, 1540, 20, 19, 30, 60, 59, 58, 57
1463, 1493, 1505, 1528, 1539, 1540, 20, 19, 30, 60, 59, 58
1463, 1493, 1505, 1528, 1539, 1540, 20, 19, 30, 60, 59
1463, 1493, 1505, 1528, 1539, 1540, 20, 19, 30, 60
1463, 1493, 1505, 1528, 1539, 21, 28, 29, 61
1463, 1493, 1505, 1528, 1539, 21, 27, 62
1463, 1493, 1504, 1529, 1538, 0, 26, 63
1463, 1493, 1504, 1529, 1538, 0, 26, 64
1463, 1493, 1504, 1529, 1538, 1, 2, 3, 25, 65
1463, 1493, 1504, 1529, 1538, 1537, 1536, 4, 24, 66
1463, 1462, 1491, 1490, 1489, 1501, 1532, 1535, 5, 23, 67
1463, 1462, 1491, 1490, 1489, 1501, 1532, 1535, 5, 23, 67, 88, 68
1463, 1462, 1491, 1490, 1489, 1501, 1500, 1533, 1554, 6, 45, 47, 69
1463, 1462, 1461, 1460, 1459, 1458, 1486, 1499, 1534, 1553, 7, 44, 48, 70
1463, 1462, 1461, 1460, 1459, 1458, 1486, 1499, 1534, 1553, 7, 44, 48, 71
1463, 1462, 1461, 1460, 1459, 1458, 1486, 1499, 1534, 1553, 7, 44, 48, 71, 72
1463, 1462, 1461, 1460, 1459, 1458, 1486, 1499, 1534, 1553, 7, 44, 48, 71, 72, 73
1463, 1462, 1461, 1460, 1459, 1458, 1486, 1499, 1534, 1553, 7, 44, 48, 71, 72, 73, 74
1463, 1493, 1505, 1528, 1539, 1540, 20, 19, 30, 60, 59, 58, 79, 78, 77, 76, 75
1463, 1493, 1505, 1528, 1539, 1540, 20, 19, 30, 60, 59, 58, 79, 78, 77, 76
1463, 1493, 1505, 1528, 1539, 1540, 20, 19, 30, 60, 59, 58, 79, 78, 77
1463, 1493, 1505, 1528, 1539, 1540, 20, 19, 30, 60, 59, 58, 79, 78
1463, 1493, 1505, 1528, 1539, 1540, 20, 19, 30, 60, 59, 58, 79
1463, 1493, 1505, 1528, 1539, 1540, 20, 19, 30, 60, 59, 58, 80
1463, 1493, 1505, 1528, 1539, 1540, 20, 19, 30, 60, 82, 81
1463, 1493, 1505, 1528, 1539, 1540, 20, 19, 30, 60, 82
1463, 1493, 1505, 1528, 1539, 21, 28, 29, 61, 83
1463, 1493, 1505, 1528, 1539, 21, 27, 62, 84
1463, 1493, 1504, 1529, 1538, 0, 26, 64, 85
1463, 1493, 1504, 1529, 1538, 1, 2, 3, 25, 65, 86
1463, 1493, 1504, 1529, 1538, 1537, 1536, 4, 24, 66, 87
1463, 1462, 1491, 1490, 1489, 1501, 1532, 1535, 5, 23, 67, 88
1463, 1493, 1504, 1529, 1538, 1, 2, 3, 25, 65, 86, 89
1463, 1493, 1504, 1529, 1538, 1537, 1536, 4, 24, 66, 87, 90
1463, 1462, 1491, 1490, 1489, 1501, 1532, 1535, 5, 23, 67, 88, 91
1463, 1462, 1491, 1490, 1489, 1501, 1500, 1533, 1554, 6, 45, 47, 69, 92
1463, 1462, 1461, 1460, 1459, 1458, 1486, 1499, 1534, 1553, 7, 44, 48, 71, 93
1463, 1462, 1461, 1460, 1459, 1458, 1486, 1499, 1534, 1553, 7, 44, 48, 71, 93, 94
1463, 1462, 1461, 1460, 1459, 1458, 1486, 1499, 1534, 1553, 7, 44, 48, 71, 93, 94, 95
1463, 1493, 1505, 1528, 1539, 1540, 20, 19, 30, 60, 59, 58, 80, 102, 101, 100, 99, 98, 97, 96
1463, 1493, 1505, 1528, 1539, 1540, 20, 19, 30, 60, 59, 58, 80, 102, 101, 100, 99, 98, 97
1463, 1493, 1505, 1528, 1539, 1540, 20, 19, 30, 60, 59, 58, 80, 102, 101, 100, 99, 98
1463, 1493, 1505, 1528, 1539, 1540, 20, 19, 30, 60, 59, 58, 80, 102, 101, 100, 99
1463, 1493, 1505, 1528, 1539, 1540, 20, 19, 30, 60, 59, 58, 80, 102, 101, 100
1463, 1493, 1505, 1528, 1539, 1540, 20, 19, 30, 60, 59, 58, 80, 102, 101
1463, 1493, 1505, 1528, 1539, 1540, 20, 19, 30, 60, 59, 58, 80, 102
1463, 1493, 1505, 1528, 1539, 1540, 20, 19, 30, 60, 59, 58, 80, 103
1463, 1493, 1505, 1528, 1539, 1540, 20, 19, 30, 60, 82, 81, 104
1463, 1493, 1505, 1528, 1539, 1540, 20, 19, 30, 60, 82, 105
1463, 1493, 1505, 1528, 1539, 21, 28, 29, 61, 83, 106
1463, 1493, 1505, 1528, 1539, 21, 27, 62, 84, 107
1463, 1493, 1504, 1529, 1538, 0, 26, 64, 85, 108
1463, 1493, 1504, 1529, 1538, 0, 26, 64, 85, 109
1463, 1493, 1505, 1528, 1539, 21, 27, 62, 84, 107, 110
1463, 1493, 1504, 1529, 1538, 0, 26, 64, 85, 109, 111
1463, 1493, 1504, 1529, 1538, 1, 2, 3, 25, 65, 86, 89, 112
1463, 1493, 1504, 1529, 1538, 1, 2, 3, 25, 65, 86, 89, 113
1463, 1493, 1504, 1529, 1538, 1537, 1536, 4, 24, 66, 87, 90, 114
1463, 1462, 1491, 1490, 1489, 1501, 1532, 1535, 5, 23, 67, 88, 91, 115
1463, 1462, 1491, 1490, 1489, 1501, 1500, 1533, 1554, 6, 45, 47, 69, 92, 116
1463, 1462, 1461, 1460, 1459, 1458, 1486, 1499, 1534, 1553, 7, 44, 48, 71, 93, 117
1463, 1462, 1461, 1460, 1459, 1458, 1486, 1499, 1534, 1553, 7, 44, 48, 71, 93, 117, 118
1463, 1462, 1461, 1460, 1459, 1458, 1486, 1499, 1534, 1553, 7, 44, 48, 71, 93, 117, 118, 119
1463, 1462, 1461, 1460, 1459, 1458, 1486, 1499, 1534, 1553, 7, 44, 48, 71, 93, 117, 118, 119, 120
1463, 1493, 1505, 1528, 1539, 1540, 20, 19, 30, 60, 59, 58, 80, 102, 101, 100, 99, 98, 97, 96, 121
1463, 1493, 1505, 1528, 1539, 1540, 20, 19, 30, 60, 59, 58, 80, 102, 101, 125, 124, 123, 122
1463, 1493, 1505, 1528, 1539, 1540, 20, 19, 30, 60, 59, 58, 80, 102, 101, 125, 124, 123
1463, 1493, 1505, 1528, 1539, 1540, 20, 19, 30, 60, 59, 58, 80, 102, 101, 125, 124
1463, 1493, 1505, 1528, 1539, 1540, 20, 19, 30, 60, 59, 58, 80, 102, 101, 125
1463, 1493, 1505, 1528, 1539, 1540, 20, 19, 30, 60, 59, 58, 80, 103, 126
1463, 1493, 1505, 1528, 1539, 1540, 20, 19, 30, 60, 82, 105, 128, 127
1463, 1493, 1505, 1528, 1539, 1540, 20, 19, 30, 60, 82, 105, 128
1463, 1493, 1505, 1528, 1539, 1540, 20, 19, 30, 60, 82, 105, 129
1463, 1493, 1505, 1528, 1539, 21, 28, 29, 61, 83, 106, 130
1463, 1462, 1461, 1460, 1459, 1458, 1486, 1499, 1534, 1553, 7, 44, 48, 71, 93, 117, 118, 133, 132, 131
1463, 1462, 1461, 1460, 1459, 1458, 1486, 1499, 1534, 1553, 7, 44, 48, 71, 93, 117, 118, 133, 132
1463, 1462, 1461, 1460, 1459, 1458, 1486, 1499, 1534, 1553, 7, 44, 48, 71, 93, 117, 118, 133
1463, 1462, 1461, 1460, 1459, 1458, 1486, 1499, 1534, 1553, 7, 44, 48, 71, 93, 117, 134
1463, 1462, 1491, 1490, 1489, 1501, 1500, 1533, 1554, 6, 45, 47, 69, 92, 116, 135
1463, 1462, 1491, 1490, 1489, 1501, 1532, 1535, 5, 23, 67, 88, 91, 115, 137, 136
1463, 1462, 1491, 1490, 1489, 1501, 1532, 1535, 5, 23, 67, 88, 91, 115, 137
1463, 1493, 1504, 1529, 1538, 1537, 1536, 4, 24, 66, 87, 90, 114, 138
1463, 1493, 1504, 1529, 1538, 1537, 1536, 4, 24, 66, 87, 90, 114, 139
1463, 1493, 1504, 1529, 1538, 1, 2, 3, 25, 65, 86, 89, 113, 140
1463, 1493, 1504, 1529, 1538, 0, 26, 64, 85, 109, 111, 141
1463, 1493, 1505, 1528, 1539, 21, 27, 62, 84, 107, 110, 142
1463, 1493, 1505, 1528, 1539, 21, 28, 29, 61, 83, 106, 130, 143
1463, 1493, 1505, 1528, 1539, 1540, 20, 19, 30, 60, 82, 105, 129, 144
1463, 1493, 1505, 1528, 1539, 1540, 20, 19, 30, 60, 82, 105, 128, 145
1463, 1493, 1505, 1528, 1539, 1540, 20, 19, 30, 60, 82, 105, 128, 127, 146
1463, 1493, 1505, 1528, 1539, 1540, 20, 19, 30, 60, 59, 58, 80, 103, 126, 147
1463, 1493, 1505, 1528, 1539, 1540, 20, 19, 30, 60, 59, 58, 80, 102, 101, 125, 148
1463, 1493, 1505, 1528, 1539, 1540, 20, 19, 30, 60, 59, 58, 80, 102, 101, 125, 148, 149
1463, 1493, 1505, 1528, 1539, 1540, 20, 19, 30, 60, 59, 58, 80, 102, 101, 125, 124, 150
1463, 1493, 1505, 1528, 1539, 1540, 20, 19, 30, 60, 59, 58, 80, 102, 101, 125, 124, 150, 151
1463, 1493, 1505, 1528, 1539, 1540, 20, 19, 30, 60, 59, 58, 80, 102, 101, 125, 124, 150, 151, 152
1463, 1493, 1505, 1528, 1539, 1540, 20, 19, 30, 60, 59, 58, 80, 102, 101, 125, 124, 150, 151, 152, 153
1463, 1462, 1461, 1460, 1459, 1458, 1486, 1499, 1534, 1553, 7, 44, 48, 71, 93, 117, 118, 119, 120, 155, 154
1463, 1462, 1461, 1460, 1459, 1458, 1486, 1499, 1534, 1553, 7, 44, 48, 71, 93, 117, 118, 119, 120, 155
1463, 1493, 1505, 1528, 1539, 21, 28, 29, 61, 83, 106, 130, 143, 156
1463, 1493, 1505, 1528, 1539, 1540, 20, 19, 30, 60, 82, 105, 129, 144, 157
1463, 1493, 1505, 1528, 1539, 1540, 20, 19, 30, 60, 82, 105, 128, 145, 158
1463, 1493, 1505, 1528, 1539, 1540, 20, 19, 30, 60, 82, 105, 128, 145, 158, 159
1463, 1493, 1505, 1528, 1539, 1540, 20, 19, 30, 60, 59, 58, 80, 103, 126, 147, 160
1463, 1493, 1505, 1528, 1539, 1540, 20, 19, 30, 60, 59, 58, 80, 102, 101, 125, 148, 161
1463, 1493, 1505, 1528, 1539, 1540, 20, 19, 30, 60, 59, 58, 80, 102, 101, 125, 148, 149, 162
1463, 1493, 1505, 1528, 1539, 1540, 20, 19, 30, 60, 59, 58, 80, 102, 101, 125, 124, 150, 163
1463, 1493, 1505, 1528, 1539, 1540, 20, 19, 30, 60, 59, 58, 80, 102, 101, 125, 124, 150, 163, 164
1463, 1493, 1505, 1528, 1539, 1540, 20, 19, 30, 60, 59, 58, 80, 102, 101, 125, 124, 150, 163, 164, 165
1463, 1493, 1505, 1528, 1539, 1540, 20, 19, 30, 60, 59, 58, 80, 102, 101, 125, 124, 150, 163, 164, 165, 166
1463, 1462, 1461, 1460, 1459, 1458, 1486, 1499, 1534, 1553, 7, 44, 48, 71, 93, 117, 118, 133, 132, 169, 168, 167
1463, 1462, 1461, 1460, 1459, 1458, 1486, 1499, 1534, 1553, 7, 44, 48, 71, 93, 117, 118, 133, 132, 169, 168
1463, 1462, 1461, 1460, 1459, 1458, 1486, 1499, 1534, 1553, 7, 44, 48, 71, 93, 117, 118, 133, 132, 169
1463, 1462, 1491, 1490, 1489, 1501, 1500, 1533, 1554, 6, 45, 47, 69, 92, 116, 135, 171, 170
1463, 1462, 1491, 1490, 1489, 1501, 1500, 1533, 1554, 6, 45, 47, 69, 92, 116, 135, 171
1463, 1462, 1491, 1490, 1489, 1501, 1532, 1535, 5, 23, 67, 88, 91, 115, 137, 172
1463, 1493, 1504, 1529, 1538, 1537, 1536, 4, 24, 66, 87, 90, 114, 138, 173
1463, 1493, 1504, 1529, 1538, 1, 2, 3, 25, 65, 86, 89, 113, 140, 175, 174
1463, 1493, 1504, 1529, 1538, 1, 2, 3, 25, 65, 86, 89, 113, 140, 175
1463, 1493, 1504, 1529, 1538, 0, 26, 64, 85, 109, 111, 141, 176
1463, 1493, 1505, 1528, 1539, 21, 27, 62, 84, 107, 110, 142, 177
1463, 1462, 1491, 1490, 1489, 1501, 1532, 1535, 5, 23, 67, 88, 91, 115, 137, 172, 180, 179, 178
1463, 1462, 1491, 1490, 1489, 1501, 1532, 1535, 5, 23, 67, 88, 91, 115, 137, 172, 180, 179
1463, 1462, 1491, 1490, 1489, 1501, 1532, 1535, 5, 23, 67, 88, 91, 115, 137, 172, 180
1463, 1462, 1491, 1490, 1489, 1501, 1532, 1535, 5, 23, 67, 88, 91, 115, 137, 172, 181
1463, 1493, 1504, 1529, 1538, 1537, 1536, 4, 24, 66, 87, 90, 114, 138, 173, 182
1463, 1493, 1504, 1529, 1538, 1, 2, 3, 25, 65, 86, 89, 113, 140, 175, 183
1463, 1493, 1504, 1529, 1538, 0, 26, 64, 85, 109, 111, 141, 176, 184
1463, 1493, 1505, 1528, 1539, 21, 27, 62, 84, 107, 110, 142, 177, 185
1463, 1493, 1505, 1528, 1539, 21, 27, 62, 84, 107, 110, 142, 177, 186
1463, 1493, 1505, 1528, 1539, 21, 28, 29, 61, 83, 106, 130, 143, 156, 187
1463, 1493, 1505, 1528, 1539, 21, 28, 29, 61, 83, 106, 130, 143, 156, 188
1463, 1493, 1505, 1528, 1539, 1540, 20, 19, 30, 60, 82, 105, 129, 144, 157, 189
1463, 1493, 1505, 1528, 1539, 1540, 20, 19, 30, 60, 82, 105, 128, 145, 158, 190
1463, 1493, 1505, 1528, 1539, 1540, 20, 19, 30, 60, 82, 105, 128, 145, 158, 190, 191
1463, 1493, 1505, 1528, 1539, 1540, 20, 19, 30, 60, 59, 58, 80, 102, 101, 125, 148, 161, 192
1463, 1493, 1505, 1528, 1539, 1540, 20, 19, 30, 60, 59, 58, 80, 102, 101, 125, 148, 149, 162, 193
1463, 1493, 1505, 1528, 1539, 1540, 20, 19, 30, 60, 59, 58, 80, 102, 101, 125, 124, 150, 163, 164, 194
1463, 1493, 1505, 1528, 1539, 1540, 20, 19, 30, 60, 59, 58, 80, 102, 101, 125, 124, 150, 163, 164, 165, 195
1463, 1493, 1505, 1528, 1539, 1540, 20, 19, 30, 60, 59, 58, 80, 102, 101, 125, 124, 150, 163, 164, 165, 195, 196
1463, 1462, 1491, 1490, 1489, 1501, 1532, 1535, 5, 23, 67, 88, 91, 115, 137, 172, 180, 179, 178, 198, 197
1463, 1462, 1491, 1490, 1489, 1501, 1532, 1535, 5, 23, 67, 88, 91, 115, 137, 172, 180, 179, 178, 198
1463, 1493, 1505, 1528, 1539, 1540, 20, 19, 30, 60, 59, 58, 80, 102, 101, 125, 148, 149, 162, 193, 199
