413, 414, 415, 389, 357, 348, 306, 290, 275, 249, 229, 214, 184, 176, 141, 111, 109, 85, 64, 26, 0
413, 414, 415, 389, 357, 348, 306, 290, 275, 249, 229, 214, 184, 176, 141, 111, 109, 85, 64, 26, 1
413, 386, 387, 358, 347, 307, 288, 277, 246, 227, 212, 182, 173, 138, 114, 90, 87, 66, 24, 4, 3, 2
413, 386, 387, 358, 347, 307, 288, 277, 246, 227, 212, 182, 173, 138, 114, 90, 87, 66, 24, 4, 3
413, 386, 387, 358, 347, 307, 288, 277, 246, 227, 212, 182, 173, 138, 114, 90, 87, 66, 24, 4
413, 386, 359, 346, 308, 286, 278, 245, 226, 211, 180, 172, 137, 115, 91, 88, 67, 23, 5
413, 386, 359, 346, 308, 286, 278, 245, 226, 211, 180, 172, 136, 116, 92, 69, 47, 45, 6
413, 386, 359, 346, 308, 286, 278, 245, 226, 211, 180, 172, 136, 116, 92, 69, 46, 44, 7
413, 386, 359, 346, 308, 286, 278, 245, 226, 211, 180, 172, 136, 116, 92, 69, 46, 44, 8
413, 386, 359, 346, 308, 286, 278, 245, 226, 211, 180, 172, 136, 116, 92, 69, 46, 44, 8, 9
413, 412, 385, 361, 362, 343, 311, 304, 281, 263, 222, 206, 198, 169, 131, 120, 95, 73, 50, 41, 10
413, 412, 385, 361, 362, 343, 311, 304, 281, 263, 222, 206, 198, 167, 154, 121, 96, 74, 52, 39, 11
413, 412, 385, 361, 362, 343, 311, 304, 281, 263, 222, 206, 198, 167, 154, 121, 96, 74, 53, 38, 12
413, 412, 385, 361, 362, 343, 311, 304, 281, 263, 222, 206, 198, 167, 154, 121, 96, 74, 53, 38, 12, 13
413, 412, 385, 361, 362, 343, 311, 304, 281, 263, 222, 206, 198, 167, 154, 121, 96, 97, 98, 99, 76, 56, 35, 14
413, 412, 385, 361, 362, 343, 311, 304, 281, 263, 222, 206, 198, 167, 154, 121, 96, 97, 98, 99, 76, 56, 35, 34, 15
413, 412, 385, 361, 362, 343, 311, 304, 281, 263, 222, 206, 198, 167, 154, 121, 96, 97, 98, 99, 76, 56, 35, 34, 15, 16
413, 412, 385, 361, 362, 343, 311, 304, 281, 282, 283, 262, 261, 260, 259, 238, 201, 193, 162, 149, 148, 125, 101, 102, 80, 58, 59, 31, 17
413, 414, 415, 389, 357, 348, 306, 290, 275, 249, 229, 214, 184, 176, 141, 111, 109, 85, 84, 62, 28, 29, 30, 18
413, 414, 415, 389, 357, 348, 306, 290, 275, 249, 229, 214, 184, 176, 141, 111, 109, 85, 84, 62, 28, 29, 20, 19
413, 414, 415, 389, 357, 348, 306, 290, 275, 249, 229, 214, 184, 176, 141, 111, 109, 85, 84, 62, 28, 29, 20
413, 414, 415, 389, 357, 348, 306, 290, 275, 249, 229, 214, 184, 176, 141, 111, 109, 85, 84, 62, 27, 21
413, 386, 359, 346, 308, 286, 278, 245, 226, 211, 180, 172, 137, 115, 91, 88, 67, 22
413, 386, 359, 346, 308, 286, 278, 245, 226, 211, 180, 172, 137, 115, 91, 88, 67, 23
413, 386, 387, 358, 347, 307, 288, 277, 246, 227, 212, 182, 173, 138, 114, 90, 87, 66, 24
413, 386, 387, 358, 347, 307, 288, 277, 246, 227, 212, 182, 173, 138, 114, 90, 87, 66, 65, 25
413, 414, 415, 389, 357, 348, 306, 290, 275, 249, 229, 214, 184, 176, 141, 111, 109, 85, 64, 26
413, 414, 415, 389, 357, 348, 306, 290, 275, 249, 229, 214, 184, 176, 141, 111, 109, 85, 84, 62, 27
413, 414, 415, 389, 357, 348, 306, 290, 275, 249, 229, 214, 184, 176, 141, 111, 109, 85, 84, 62, 28
413, 414, 415, 389, 357, 348, 306, 290, 275, 249, 229, 214, 184, 176, 141, 111, 109, 85, 84, 62, 28, 29
413, 414, 415, 389, 357, 348, 306, 290, 275, 249, 229, 214, 184, 176, 141, 111, 109, 85, 84, 62, 28, 29, 30
413, 412, 385, 361, 362, 343, 311, 304, 281, 282, 283, 262, 261, 260, 259, 238, 201, 193, 162, 149, 148, 125, 101, 102, 80, 58, 59, 31
413, 412, 385, 361, 362, 343, 311, 304, 281, 263, 222, 206, 198, 167, 154, 121, 96, 97, 98, 99, 76, 56, 35, 34, 33, 32
413, 412, 385, 361, 362, 343, 311, 304, 281, 263, 222, 206, 198, 167, 154, 121, 96, 97, 98, 99, 76, 56, 35, 34, 33
413, 412, 385, 361, 362, 343, 311, 304, 281, 263, 222, 206, 198, 167, 154, 121, 96, 97, 98, 99, 76, 56, 35, 34
413, 412, 385, 361, 362, 343, 311, 304, 281, 263, 222, 206, 198, 167, 154, 121, 96, 97, 98, 99, 76, 56, 35
413, 412, 385, 361, 362, 343, 311, 304, 281, 263, 222, 206, 198, 167, 154, 121, 96, 97, 75, 54, 55, 36
413, 412, 385, 361, 362, 343, 311, 304, 281, 263, 222, 206, 198, 167, 154, 121, 96, 97, 75, 54, 37
413, 412, 385, 361, 362, 343, 311, 304, 281, 263, 222, 206, 198, 167, 154, 121, 96, 74, 53, 38
413, 412, 385, 361, 362, 343, 311, 304, 281, 263, 222, 206, 198, 167, 154, 121, 96, 74, 52, 39
413, 412, 385, 361, 362, 343, 311, 304, 281, 263, 222, 206, 198, 169, 131, 120, 95, 73, 50, 51, 40
413, 412, 385, 361, 362, 343, 311, 304, 281, 263, 222, 206, 198, 169, 131, 120, 95, 73, 50, 41
413, 412, 385, 361, 344, 310, 305, 279, 243, 224, 207, 178, 170, 134, 117, 118, 94, 72, 49, 42
413, 412, 385, 361, 344, 310, 305, 279, 243, 224, 207, 178, 170, 134, 117, 118, 94, 72, 49, 43
413, 386, 359, 346, 308, 286, 278, 245, 226, 211, 180, 172, 136, 116, 92, 69, 46, 44
413, 386, 359, 346, 308, 286, 278, 245, 226, 211, 180, 172, 136, 116, 92, 69, 47, 45
413, 386, 359, 346, 308, 286, 278, 245, 226, 211, 180, 172, 136, 116, 92, 69, 46
413, 386, 359, 346, 308, 286, 278, 245, 226, 211, 180, 172, 136, 116, 92, 69, 47
413, 412, 385, 361, 344, 310, 305, 279, 243, 224, 207, 178, 170, 134, 117, 93, 71, 48
413, 412, 385, 361, 344, 310, 305, 279, 243, 224, 207, 178, 170, 134, 117, 118, 94, 72, 49
413, 412, 385, 361, 362, 343, 311, 304, 281, 263, 222, 206, 198, 169, 131, 120, 95, 73, 50
413, 412, 385, 361, 362, 343, 311, 304, 281, 263, 222, 206, 198, 169, 131, 120, 95, 73, 50, 51
413, 412, 385, 361, 362, 343, 311, 304, 281, 263, 222, 206, 198, 167, 154, 121, 96, 74, 52
413, 412, 385, 361, 362, 343, 311, 304, 281, 263, 222, 206, 198, 167, 154, 121, 96, 74, 53
413, 412, 385, 361, 362, 343, 311, 304, 281, 263, 222, 206, 198, 167, 154, 121, 96, 97, 75, 54
413, 412, 385, 361, 362, 343, 311, 304, 281, 263, 222, 206, 198, 167, 154, 121, 96, 97, 75, 54, 55
413, 412, 385, 361, 362, 343, 311, 304, 281, 263, 222, 206, 198, 167, 154, 121, 96, 97, 98, 99, 76, 56
413, 412, 385, 361, 362, 343, 311, 304, 281, 263, 222, 206, 198, 167, 154, 121, 96, 97, 98, 99, 76, 56, 57
413, 412, 385, 361, 362, 343, 311, 304, 281, 282, 283, 262, 261, 260, 259, 238, 201, 193, 162, 149, 148, 125, 101, 102, 80, 58
413, 412, 385, 361, 362, 343, 311, 304, 281, 282, 283, 262, 261, 260, 259, 238, 201, 193, 162, 149, 148, 125, 101, 102, 80, 58, 59
413, 414, 415, 389, 357, 348, 306, 290, 275, 249, 229, 214, 184, 176, 141, 111, 109, 85, 84, 83, 61, 60
413, 414, 415, 389, 357, 348, 306, 290, 275, 249, 229, 214, 184, 176, 141, 111, 109, 85, 84, 83, 61
413, 414, 415, 389, 357, 348, 306, 290, 275, 249, 229, 214, 184, 176, 141, 111, 109, 85, 84, 62
413, 414, 415, 389, 357, 348, 306, 290, 275, 249, 229, 214, 184, 176, 141, 111, 109, 85, 64, 63
413, 414, 415, 389, 357, 348, 306, 290, 275, 249, 229, 214, 184, 176, 141, 111, 109, 85, 64
413, 386, 387, 358, 347, 307, 288, 277, 246, 227, 212, 182, 173, 138, 114, 90, 87, 66, 65
413, 386, 387, 358, 347, 307, 288, 277, 246, 227, 212, 182, 173, 138, 114, 90, 87, 66
413, 386, 359, 346, 308, 286, 278, 245, 226, 211, 180, 172, 137, 115, 91, 88, 67
413, 386, 359, 346, 308, 286, 278, 245, 226, 211, 180, 172, 137, 115, 91, 68
413, 386, 359, 346, 308, 286, 278, 245, 226, 211, 180, 172, 136, 116, 92, 69
413, 412, 385, 361, 344, 310, 305, 279, 243, 224, 207, 178, 170, 134, 117, 93, 70
413, 412, 385, 361, 344, 310, 305, 279, 243, 224, 207, 178, 170, 134, 117, 93, 71
413, 412, 385, 361, 344, 310, 305, 279, 243, 224, 207, 178, 170, 134, 117, 118, 94, 72
413, 412, 385, 361, 362, 343, 311, 304, 281, 263, 222, 206, 198, 169, 131, 120, 95, 73
413, 412, 385, 361, 362, 343, 311, 304, 281, 263, 222, 206, 198, 167, 154, 121, 96, 74
413, 412, 385, 361, 362, 343, 311, 304, 281, 263, 222, 206, 198, 167, 154, 121, 96, 97, 75
413, 412, 385, 361, 362, 343, 311, 304, 281, 263, 222, 206, 198, 167, 154, 121, 96, 97, 98, 99, 76
413, 412, 385, 361, 362, 343, 311, 304, 281, 263, 222, 206, 198, 167, 154, 121, 96, 97, 98, 99, 76, 77
413, 412, 385, 361, 362, 343, 311, 304, 281, 282, 283, 262, 261, 260, 259, 238, 201, 193, 162, 149, 148, 125, 101, 78
413, 412, 385, 361, 362, 343, 311, 304, 281, 282, 283, 262, 261, 260, 259, 238, 201, 193, 162, 149, 148, 125, 101, 78, 79
413, 412, 385, 361, 362, 343, 311, 304, 281, 282, 283, 262, 261, 260, 259, 238, 201, 193, 162, 149, 148, 125, 101, 102, 80
413, 414, 415, 389, 357, 348, 306, 290, 275, 249, 229, 214, 184, 176, 141, 111, 110, 130, 129, 128, 127, 104, 81
413, 414, 415, 389, 357, 348, 306, 290, 275, 249, 229, 214, 184, 176, 141, 111, 109, 85, 84, 83, 82
413, 414, 415, 389, 357, 348, 306, 290, 275, 249, 229, 214, 184, 176, 141, 111, 109, 85, 84, 83
413, 414, 415, 389, 357, 348, 306, 290, 275, 249, 229, 214, 184, 176, 141, 111, 109, 85, 84
413, 414, 415, 389, 357, 348, 306, 290, 275, 249, 229, 214, 184, 176, 141, 111, 109, 85
413, 386, 387, 358, 347, 307, 288, 277, 246, 227, 212, 182, 173, 138, 114, 90, 87, 86
413, 386, 387, 358, 347, 307, 288, 277, 246, 227, 212, 182, 173, 138, 114, 90, 87
413, 386, 359, 346, 308, 286, 278, 245, 226, 211, 180, 172, 137, 115, 91, 88
413, 386, 387, 358, 347, 307, 288, 277, 246, 227, 212, 182, 173, 138, 114, 90, 89
413, 386, 387, 358, 347, 307, 288, 277, 246, 227, 212, 182, 173, 138, 114, 90
413, 386, 359, 346, 308, 286, 278, 245, 226, 211, 180, 172, 137, 115, 91
413, 386, 359, 346, 308, 286, 278, 245, 226, 211, 180, 172, 136, 116, 92
413, 412, 385, 361, 344, 310, 305, 279, 243, 224, 207, 178, 170, 134, 117, 93
413, 412, 385, 361, 344, 310, 305, 279, 243, 224, 207, 178, 170, 134, 117, 118, 94
413, 412, 385, 361, 362, 343, 311, 304, 281, 263, 222, 206, 198, 169, 131, 120, 95
413, 412, 385, 361, 362, 343, 311, 304, 281, 263, 222, 206, 198, 167, 154, 121, 96
413, 412, 385, 361, 362, 343, 311, 304, 281, 263, 222, 206, 198, 167, 154, 121, 96, 97
413, 412, 385, 361, 362, 343, 311, 304, 281, 263, 222, 206, 198, 167, 154, 121, 96, 97, 98
413, 412, 385, 361, 362, 343, 311, 304, 281, 263, 222, 206, 198, 167, 154, 121, 96, 97, 98, 99
413, 412, 385, 361, 362, 343, 311, 304, 281, 282, 283, 262, 241, 240, 202, 195, 165, 164, 163, 150, 124, 100
413, 412, 385, 361, 362, 343, 311, 304, 281, 282, 283, 262, 261, 260, 259, 238, 201, 193, 162, 149, 148, 125, 101
413, 412, 385, 361, 362, 343, 311, 304, 281, 282, 283, 262, 261, 260, 259, 238, 201, 193, 162, 149, 148, 125, 101, 102
413, 412, 385, 361, 362, 343, 311, 304, 281, 282, 283, 262, 261, 260, 259, 238, 201, 193, 162, 149, 148, 125, 101, 102, 103
413, 414, 415, 389, 357, 348, 306, 290, 275, 249, 229, 214, 184, 176, 141, 111, 110, 130, 129, 128, 127, 104
413, 414, 415, 389, 357, 348, 306, 290, 275, 249, 229, 214, 184, 176, 141, 111, 110, 107, 106, 105
413, 414, 415, 389, 357, 348, 306, 290, 275, 249, 229, 214, 184, 176, 141, 111, 110, 107, 106
413, 414, 415, 389, 357, 348, 306, 290, 275, 249, 229, 214, 184, 176, 141, 111, 110, 107
413, 414, 415, 389, 357, 348, 306, 290, 275, 249, 229, 214, 184, 176, 141, 111, 109, 108
413, 414, 415, 389, 357, 348, 306, 290, 275, 249, 229, 214, 184, 176, 141, 111, 109
413, 414, 415, 389, 357, 348, 306, 290, 275, 249, 229, 214, 184, 176, 141, 111, 110
413, 414, 415, 389, 357, 348, 306, 290, 275, 249, 229, 214, 184, 176, 141, 111
413, 386, 387, 358, 347, 307, 288, 277, 246, 227, 212, 182, 173, 138, 114, 113, 112
413, 386, 387, 358, 347, 307, 288, 277, 246, 227, 212, 182, 173, 138, 114, 113
413, 386, 387, 358, 347, 307, 288, 277, 246, 227, 212, 182, 173, 138, 114
413, 386, 359, 346, 308, 286, 278, 245, 226, 211, 180, 172, 137, 115
413, 386, 359, 346, 308, 286, 278, 245, 226, 211, 180, 172, 136, 116
413, 412, 385, 361, 344, 310, 305, 279, 243, 224, 207, 178, 170, 134, 117
413, 412, 385, 361, 344, 310, 305, 279, 243, 224, 207, 178, 170, 134, 117, 118
413, 412, 385, 361, 362, 343, 311, 304, 281, 263, 222, 206, 198, 169, 132, 119
413, 412, 385, 361, 362, 343, 311, 304, 281, 263, 222, 206, 198, 169, 131, 120
413, 412, 385, 361, 362, 343, 311, 304, 281, 263, 222, 206, 198, 167, 154, 121
413, 412, 385, 361, 362, 343, 311, 304, 281, 263, 222, 206, 198, 167, 154, 121, 122
413, 412, 385, 361, 362, 343, 311, 304, 281, 263, 222, 206, 198, 167, 154, 121, 122, 123
413, 412, 385, 361, 362, 343, 311, 304, 281, 282, 283, 262, 241, 240, 202, 195, 165, 164, 163, 150, 124
413, 412, 385, 361, 362, 343, 311, 304, 281, 282, 283, 262, 261, 260, 259, 238, 201, 193, 162, 149, 148, 125
413, 412, 385, 361, 362, 343, 311, 304, 281, 282, 283, 262, 261, 260, 259, 238, 201, 193, 162, 149, 148, 125, 126
413, 414, 415, 389, 357, 348, 306, 290, 275, 249, 229, 214, 184, 176, 141, 111, 110, 130, 129, 128, 127
413, 414, 415, 389, 357, 348, 306, 290, 275, 249, 229, 214, 184, 176, 141, 111, 110, 130, 129, 128
413, 414, 415, 389, 357, 348, 306, 290, 275, 249, 229, 214, 184, 176, 141, 111, 110, 130, 129
413, 414, 415, 389, 357, 348, 306, 290, 275, 249, 229, 214, 184, 176, 141, 111, 110, 130
413, 412, 385, 361, 362, 343, 311, 304, 281, 263, 222, 206, 198, 169, 131
413, 412, 385, 361, 362, 343, 311, 304, 281, 263, 222, 206, 198, 169, 132
413, 412, 385, 361, 344, 310, 305, 279, 243, 224, 207, 178, 170, 133
413, 412, 385, 361, 344, 310, 305, 279, 243, 224, 207, 178, 170, 134
413, 386, 359, 346, 308, 286, 278, 245, 226, 210, 179, 171, 135
413, 386, 359, 346, 308, 286, 278, 245, 226, 211, 180, 172, 136
413, 386, 359, 346, 308, 286, 278, 245, 226, 211, 180, 172, 137
413, 386, 387, 358, 347, 307, 288, 277, 246, 227, 212, 182, 173, 138
413, 386, 387, 358, 347, 307, 288, 277, 246, 227, 212, 182, 173, 139
413, 386, 387, 358, 347, 307, 288, 277, 246, 227, 212, 182, 173, 139, 140
413, 414, 415, 389, 357, 348, 306, 290, 275, 249, 229, 214, 184, 176, 141
413, 414, 415, 389, 357, 348, 306, 290, 275, 249, 229, 214, 184, 176, 141, 142
413, 414, 415, 389, 357, 348, 306, 290, 275, 249, 229, 215, 216, 186, 187, 156, 143
413, 414, 415, 389, 357, 348, 306, 290, 275, 249, 229, 215, 216, 186, 187, 188, 189, 157, 144
413, 414, 415, 389, 357, 348, 306, 290, 275, 249, 229, 215, 216, 186, 187, 188, 189, 157, 144, 145
413, 414, 415, 389, 357, 348, 306, 290, 275, 249, 229, 215, 216, 186, 187, 188, 189, 190, 159, 146
413, 412, 385, 361, 362, 343, 311, 304, 281, 282, 283, 262, 261, 260, 259, 238, 201, 193, 162, 149, 148, 147
413, 412, 385, 361, 362, 343, 311, 304, 281, 282, 283, 262, 261, 260, 259, 238, 201, 193, 162, 149, 148
413, 412, 385, 361, 362, 343, 311, 304, 281, 282, 283, 262, 261, 260, 259, 238, 201, 193, 162, 149
413, 412, 385, 361, 362, 343, 311, 304, 281, 282, 283, 262, 241, 240, 202, 195, 165, 164, 163, 150
413, 412, 385, 361, 362, 343, 311, 304, 281, 282, 283, 262, 241, 240, 202, 195, 165, 164, 151
413, 412, 385, 361, 362, 343, 311, 304, 281, 263, 222, 206, 198, 167, 154, 153, 152
413, 412, 385, 361, 362, 343, 311, 304, 281, 263, 222, 206, 198, 167, 154, 153
413, 412, 385, 361, 362, 343, 311, 304, 281, 263, 222, 206, 198, 167, 154
413, 412, 385, 361, 362, 343, 311, 304, 281, 263, 222, 206, 198, 168, 155
413, 414, 415, 389, 357, 348, 306, 290, 275, 249, 229, 215, 216, 186, 187, 156
413, 414, 415, 389, 357, 348, 306, 290, 275, 249, 229, 215, 216, 186, 187, 188, 189, 157
413, 414, 415, 389, 357, 348, 306, 290, 275, 249, 229, 215, 216, 186, 187, 188, 189, 157, 158
413, 414, 415, 389, 357, 348, 306, 290, 275, 249, 229, 215, 216, 186, 187, 188, 189, 190, 159
413, 412, 385, 361, 362, 343, 311, 304, 281, 282, 283, 262, 261, 260, 259, 238, 201, 193, 192, 161, 160
413, 412, 385, 361, 362, 343, 311, 304, 281, 282, 283, 262, 261, 260, 259, 238, 201, 193, 192, 161
413, 412, 385, 361, 362, 343, 311, 304, 281, 282, 283, 262, 261, 260, 259, 238, 201, 193, 162
413, 412, 385, 361, 362, 343, 311, 304, 281, 282, 283, 262, 241, 240, 202, 195, 165, 164, 163
413, 412, 385, 361, 362, 343, 311, 304, 281, 282, 283, 262, 241, 240, 202, 195, 165, 164
413, 412, 385, 361, 362, 343, 311, 304, 281, 282, 283, 262, 241, 240, 202, 195, 165
413, 412, 385, 361, 362, 343, 311, 304, 281, 263, 222, 206, 198, 167, 166
413, 412, 385, 361, 362, 343, 311, 304, 281, 263, 222, 206, 198, 167
413, 412, 385, 361, 362, 343, 311, 304, 281, 263, 222, 206, 198, 168
413, 412, 385, 361, 362, 343, 311, 304, 281, 263, 222, 206, 198, 169
413, 412, 385, 361, 344, 310, 305, 279, 243, 224, 207, 178, 170
413, 386, 359, 346, 308, 286, 278, 245, 226, 210, 179, 171
413, 386, 359, 346, 308, 286, 278, 245, 226, 211, 180, 172
413, 386, 387, 358, 347, 307, 288, 277, 246, 227, 212, 182, 173
413, 386, 387, 358, 347, 307, 288, 277, 246, 227, 212, 182, 174
413, 386, 387, 358, 347, 307, 288, 277, 246, 227, 228, 213, 183, 175
413, 414, 415, 389, 357, 348, 306, 290, 275, 249, 229, 214, 184, 176
413, 414, 415, 389, 357, 348, 306, 290, 275, 249, 229, 214, 184, 176, 177
413, 412, 385, 361, 344, 310, 305, 279, 243, 224, 207, 178
413, 386, 359, 346, 308, 286, 278, 245, 226, 210, 179
413, 386, 359, 346, 308, 286, 278, 245, 226, 211, 180
413, 386, 359, 346, 308, 286, 278, 245, 226, 211, 180, 181
413, 386, 387, 358, 347, 307, 288, 277, 246, 227, 212, 182
413, 386, 387, 358, 347, 307, 288, 277, 246, 227, 228, 213, 183
413, 414, 415, 389, 357, 348, 306, 290, 275, 249, 229, 214, 184
413, 414, 415, 389, 357, 348, 306, 290, 275, 249, 229, 215, 216, 185
413, 414, 415, 389, 357, 348, 306, 290, 275, 249, 229, 215, 216, 186
413, 414, 415, 389, 357, 348, 306, 290, 275, 249, 229, 215, 216, 186, 187
413, 414, 415, 389, 357, 348, 306, 290, 275, 249, 229, 215, 216, 186, 187, 188
413, 414, 415, 389, 357, 348, 306, 290, 275, 249, 229, 215, 216, 186, 187, 188, 189
413, 414, 415, 389, 357, 348, 306, 290, 275, 249, 229, 215, 216, 186, 187, 188, 189, 190
413, 414, 415, 389, 357, 348, 306, 290, 275, 249, 229, 215, 216, 186, 187, 188, 189, 190, 191
413, 412, 385, 361, 362, 343, 311, 304, 281, 282, 283, 262, 261, 260, 259, 238, 201, 193, 192
413, 412, 385, 361, 362, 343, 311, 304, 281, 282, 283, 262, 261, 260, 259, 238, 201, 193
413, 412, 385, 361, 362, 343, 311, 304, 281, 282, 283, 262, 241, 240, 202, 195, 194
413, 412, 385, 361, 362, 343, 311, 304, 281, 282, 283, 262, 241, 240, 202, 195
413, 412, 385, 361, 362, 343, 311, 304, 281, 282, 283, 262, 241, 204, 196
413, 412, 385, 361, 362, 343, 311, 304, 281, 263, 222, 206, 205, 197
413, 412, 385, 361, 362, 343, 311, 304, 281, 263, 222, 206, 198
413, 412, 385, 361, 362, 343, 311, 304, 281, 282, 283, 262, 261, 260, 259, 238, 201, 193, 199
