821, 822, 823, 799, 768, 746, 731, 713, 691, 662, 641, 624, 595, 577, 565, 564, 533, 521, 504, 503, 478, 457, 433, 415, 389, 357, 348, 306, 290, 275, 249, 229, 214, 184, 176, 141, 111, 109, 85, 64, 26, 0
821, 822, 823, 799, 768, 746, 731, 713, 691, 662, 641, 624, 595, 577, 565, 564, 533, 521, 504, 503, 478, 457, 433, 415, 389, 357, 348, 306, 290, 275, 249, 229, 214, 184, 176, 141, 111, 109, 85, 64, 26, 1
821, 797, 767, 747, 732, 711, 692, 663, 642, 625, 594, 576, 567, 531, 523, 485, 475, 461, 436, 410, 411, 385, 360, 345, 309, 285, 286, 287, 277, 246, 227, 212, 182, 173, 138, 114, 90, 87, 66, 24, 4, 3, 2
821, 797, 767, 747, 732, 711, 692, 663, 642, 625, 594, 576, 567, 531, 523, 485, 475, 461, 436, 410, 411, 385, 360, 345, 309, 285, 286, 287, 277, 246, 227, 212, 182, 173, 138, 114, 90, 87, 66, 24, 4, 3
821, 797, 767, 747, 732, 711, 692, 663, 642, 625, 594, 576, 567, 531, 523, 485, 475, 461, 436, 410, 411, 385, 360, 345, 309, 285, 286, 287, 277, 246, 227, 212, 182, 173, 138, 114, 90, 87, 66, 24, 4
821, 797, 767, 747, 732, 711, 692, 663, 642, 625, 594, 576, 567, 531, 523, 485, 475, 461, 436, 410, 411, 385, 360, 345, 309, 285, 278, 245, 226, 211, 180, 172, 137, 115, 91, 88, 67, 23, 5
821, 797, 767, 747, 732, 711, 692, 663, 642, 625, 594, 576, 567, 531, 523, 485, 475, 461, 436, 410, 411, 385, 360, 345, 309, 285, 278, 245, 226, 211, 180, 172, 136, 116, 92, 69, 47, 45, 6
821, 797, 767, 747, 732, 711, 692, 663, 642, 625, 594, 576, 567, 530, 524, 487, 473, 441, 438, 408, 383, 363, 342, 311, 304, 280, 264, 223, 207, 178, 170, 134, 117, 93, 71, 48, 44, 7
821, 797, 767, 747, 732, 711, 692, 663, 642, 625, 594, 576, 567, 530, 524, 487, 473, 441, 438, 408, 383, 363, 342, 311, 304, 281, 263, 222, 206, 198, 169, 132, 133, 118, 94, 72, 49, 43, 9, 8
821, 797, 767, 747, 732, 711, 692, 663, 642, 625, 594, 576, 567, 530, 524, 487, 473, 441, 438, 408, 383, 363, 342, 311, 304, 281, 263, 222, 206, 198, 169, 132, 133, 118, 94, 72, 49, 43, 9
821, 797, 767, 747, 732, 711, 692, 663, 642, 625, 594, 576, 567, 530, 524, 487, 473, 441, 438, 408, 383, 363, 342, 311, 304, 281, 263, 222, 206, 198, 169, 131, 120, 95, 73, 50, 41, 10
821, 797, 767, 747, 732, 711, 692, 663, 642, 626, 591, 574, 548, 525, 506, 489, 470, 443, 418, 405, 380, 365, 340, 315, 301, 284, 261, 241, 204, 196, 166, 153, 121, 96, 74, 52, 39, 11
821, 797, 767, 747, 732, 711, 692, 663, 642, 626, 591, 574, 548, 525, 506, 489, 470, 443, 418, 405, 380, 365, 340, 315, 301, 284, 261, 241, 204, 196, 166, 153, 121, 96, 74, 53, 38, 12
821, 820, 838, 863, 878, 915, 934, 949, 986, 1011, 1025, 1038, 1060, 1085, 1112, 1136, 1140, 1159, 1184, 1219, 1240, 1266, 1280, 1303, 1325, 1345, 1364, 1380, 1408, 1414, 1437, 1472, 1481, 1513, 1519, 1547, 13
821, 820, 838, 863, 878, 915, 934, 949, 986, 1011, 1025, 1038, 1060, 1085, 1111, 1135, 1141, 1160, 1186, 1218, 1239, 1265, 1279, 1302, 1324, 1344, 1363, 1379, 1410, 1415, 1435, 1471, 1480, 1512, 1520, 1545, 14
821, 797, 767, 747, 732, 711, 692, 663, 642, 626, 591, 574, 548, 525, 506, 489, 470, 443, 418, 405, 380, 365, 340, 315, 301, 284, 261, 260, 259, 238, 201, 193, 162, 149, 148, 125, 101, 78, 57, 33, 15
821, 820, 838, 863, 864, 901, 914, 935, 950, 984, 991, 1024, 1037, 1061, 1086, 1110, 1133, 1142, 1161, 1187, 1216, 1236, 1263, 1277, 1298, 1322, 1342, 1361, 1376, 1390, 1417, 1433, 1469, 1477, 1510, 1523, 1543, 16
821, 820, 838, 863, 864, 901, 914, 935, 950, 984, 991, 1024, 1037, 1061, 1086, 1110, 1133, 1142, 1161, 1187, 1216, 1236, 1263, 1277, 1298, 1297, 1321, 1341, 1360, 1375, 1391, 1418, 1432, 1468, 1476, 1509, 1525, 1542, 17
821, 820, 838, 863, 864, 901, 914, 935, 950, 984, 991, 1024, 1037, 1061, 1086, 1110, 1133, 1142, 1161, 1187, 1216, 1236, 1263, 1277, 1276, 1275, 1274, 1296, 1319, 1340, 1359, 1374, 1392, 1420, 1431, 1467, 1475, 1508, 1526, 1541, 18
821, 820, 838, 863, 864, 901, 914, 935, 950, 984, 991, 1024, 1037, 1061, 1086, 1110, 1133, 1142, 1161, 1187, 1216, 1236, 1263, 1277, 1276, 1275, 1274, 1296, 1319, 1340, 1359, 1374, 1392, 1420, 1431, 1467, 1475, 1508, 1526, 1541, 19
821, 820, 838, 863, 864, 901, 914, 935, 950, 984, 991, 1024, 1037, 1061, 1086, 1110, 1133, 1142, 1161, 1187, 1216, 1236, 1263, 1277, 1276, 1275, 1274, 1296, 1295, 1318, 1339, 1358, 1373, 1393, 1421, 1451, 1465, 1474, 1507, 1527, 1540, 20
821, 839, 840, 861, 882, 918, 930, 929, 964, 969, 1005, 1030, 1031, 1044, 1051, 1078, 1098, 1121, 1153, 1171, 1200, 1199, 1207, 1228, 1255, 1256, 1270, 1292, 1316, 1337, 1355, 1371, 1396, 1423, 1449, 1463, 1493, 1505, 1528, 1539, 21
821, 797, 767, 747, 732, 711, 692, 663, 642, 625, 594, 576, 567, 531, 523, 485, 475, 461, 436, 410, 411, 385, 360, 345, 309, 285, 278, 245, 226, 211, 180, 172, 137, 115, 91, 88, 67, 22
821, 797, 767, 747, 732, 711, 692, 663, 642, 625, 594, 576, 567, 531, 523, 485, 475, 461, 436, 410, 411, 385, 360, 345, 309, 285, 278, 245, 226, 211, 180, 172, 137, 115, 91, 88, 67, 23
821, 797, 767, 747, 732, 711, 692, 663, 642, 625, 594, 576, 567, 531, 523, 485, 475, 461, 436, 410, 411, 385, 360, 345, 309, 285, 286, 287, 277, 246, 227, 212, 182, 173, 138, 114, 90, 87, 66, 24
821, 797, 767, 747, 732, 711, 692, 663, 642, 625, 594, 576, 567, 531, 523, 485, 475, 461, 436, 410, 411, 385, 360, 345, 309, 285, 286, 287, 277, 246, 227, 212, 182, 173, 138, 114, 90, 87, 66, 65, 25
821, 822, 823, 799, 768, 746, 731, 713, 691, 662, 641, 624, 595, 577, 565, 564, 533, 521, 504, 503, 478, 457, 433, 415, 389, 357, 348, 306, 290, 275, 249, 229, 214, 184, 176, 141, 111, 109, 85, 64, 26
821, 822, 823, 799, 768, 746, 731, 713, 691, 662, 641, 624, 595, 577, 565, 564, 533, 521, 504, 503, 478, 457, 433, 415, 389, 357, 348, 306, 290, 275, 249, 229, 214, 184, 176, 141, 111, 109, 85, 84, 62, 27
821, 839, 840, 861, 882, 918, 930, 929, 964, 969, 1005, 1030, 1031, 1044, 1051, 1078, 1098, 1121, 1153, 1171, 1200, 1199, 1207, 1228, 1255, 1256, 1270, 1292, 1316, 1337, 1355, 1371, 1396, 1423, 1449, 1463, 1493, 1505, 1528, 1539, 21, 28
821, 839, 840, 861, 882, 918, 930, 929, 964, 969, 1005, 1030, 1031, 1044, 1051, 1078, 1098, 1121, 1153, 1171, 1200, 1199, 1207, 1228, 1255, 1256, 1270, 1292, 1316, 1337, 1355, 1371, 1396, 1423, 1449, 1463, 1493, 1505, 1528, 1539, 21, 28, 29
821, 820, 838, 863, 864, 901, 914, 935, 950, 984, 991, 1024, 1037, 1061, 1086, 1110, 1133, 1142, 1161, 1187, 1216, 1236, 1263, 1277, 1276, 1275, 1274, 1296, 1319, 1340, 1359, 1374, 1392, 1420, 1431, 1467, 1475, 1508, 1526, 1541, 18, 30
821, 820, 838, 863, 864, 901, 914, 935, 950, 984, 991, 1024, 1037, 1061, 1086, 1110, 1133, 1142, 1161, 1187, 1216, 1236, 1263, 1277, 1298, 1297, 1321, 1341, 1360, 1375, 1391, 1418, 1432, 1468, 1476, 1509, 1525, 1542, 17, 31
821, 820, 838, 863, 864, 901, 914, 935, 950, 984, 991, 1024, 1037, 1061, 1086, 1110, 1133, 1142, 1161, 1187, 1216, 1236, 1263, 1277, 1298, 1322, 1342, 1361, 1376, 1390, 1417, 1433, 1469, 1477, 1510, 1523, 1543, 16, 32
821, 797, 767, 747, 732, 711, 692, 663, 642, 626, 591, 574, 548, 525, 506, 489, 470, 443, 418, 405, 380, 365, 340, 315, 301, 284, 261, 260, 259, 238, 201, 193, 162, 149, 148, 125, 101, 78, 57, 33
821, 797, 767, 747, 732, 711, 692, 663, 642, 626, 591, 574, 548, 525, 506, 489, 470, 443, 418, 405, 380, 365, 340, 315, 301, 284, 261, 260, 259, 238, 201, 193, 162, 149, 148, 125, 101, 78, 57, 34
821, 797, 767, 747, 732, 711, 692, 663, 642, 626, 591, 574, 548, 525, 506, 489, 470, 443, 418, 405, 380, 365, 340, 315, 301, 284, 261, 241, 240, 202, 195, 165, 164, 151, 123, 99, 76, 56, 35
821, 797, 767, 747, 732, 711, 692, 663, 642, 626, 591, 574, 548, 525, 506, 489, 470, 443, 418, 405, 380, 365, 340, 315, 301, 284, 261, 241, 240, 202, 195, 165, 164, 151, 123, 99, 76, 55, 36
821, 797, 767, 747, 732, 711, 692, 663, 642, 626, 591, 574, 548, 525, 506, 489, 470, 443, 418, 405, 380, 365, 340, 315, 301, 284, 261, 241, 204, 196, 166, 153, 121, 96, 97, 75, 54, 37
821, 797, 767, 747, 732, 711, 692, 663, 642, 626, 591, 574, 548, 525, 506, 489, 470, 443, 418, 405, 380, 365, 340, 315, 301, 284, 261, 241, 204, 196, 166, 153, 121, 96, 74, 53, 38
821, 797, 767, 747, 732, 711, 692, 663, 642, 626, 591, 574, 548, 525, 506, 489, 470, 443, 418, 405, 380, 365, 340, 315, 301, 284, 261, 241, 204, 196, 166, 153, 121, 96, 74, 52, 39
821, 797, 767, 747, 732, 711, 692, 663, 642, 626, 591, 574, 548, 525, 506, 489, 470, 443, 418, 405, 380, 365, 340, 315, 301, 284, 261, 241, 204, 196, 166, 153, 121, 96, 74, 52, 39, 40
821, 797, 767, 747, 732, 711, 692, 663, 642, 625, 594, 576, 567, 530, 524, 487, 473, 441, 438, 408, 383, 363, 342, 311, 304, 281, 263, 222, 206, 198, 169, 131, 120, 95, 73, 50, 41
821, 797, 767, 747, 732, 711, 692, 663, 642, 625, 594, 576, 567, 530, 524, 487, 473, 441, 438, 408, 383, 363, 342, 311, 304, 281, 263, 222, 206, 198, 169, 131, 120, 95, 73, 50, 41, 42
821, 797, 767, 747, 732, 711, 692, 663, 642, 625, 594, 576, 567, 530, 524, 487, 473, 441, 438, 408, 383, 363, 342, 311, 304, 281, 263, 222, 206, 198, 169, 132, 133, 118, 94, 72, 49, 43
821, 797, 767, 747, 732, 711, 692, 663, 642, 625, 594, 576, 567, 530, 524, 487, 473, 441, 438, 408, 383, 363, 342, 311, 304, 280, 264, 223, 207, 178, 170, 134, 117, 93, 71, 48, 44
821, 797, 767, 747, 732, 711, 692, 663, 642, 625, 594, 576, 567, 531, 523, 485, 475, 461, 436, 410, 411, 385, 360, 345, 309, 285, 278, 245, 226, 211, 180, 172, 136, 116, 92, 69, 47, 45
821, 797, 767, 747, 732, 711, 692, 663, 642, 625, 594, 576, 567, 530, 524, 487, 473, 441, 438, 408, 383, 363, 342, 311, 304, 280, 264, 223, 207, 178, 170, 134, 117, 93, 71, 48, 44, 46
821, 797, 767, 747, 732, 711, 692, 663, 642, 625, 594, 576, 567, 531, 523, 485, 475, 461, 436, 410, 411, 385, 360, 345, 309, 285, 278, 245, 226, 211, 180, 172, 136, 116, 92, 69, 47
821, 797, 767, 747, 732, 711, 692, 663, 642, 625, 594, 576, 567, 530, 524, 487, 473, 441, 438, 408, 383, 363, 342, 311, 304, 280, 264, 223, 207, 178, 170, 134, 117, 93, 71, 48
821, 797, 767, 747, 732, 711, 692, 663, 642, 625, 594, 576, 567, 530, 524, 487, 473, 441, 438, 408, 383, 363, 342, 311, 304, 281, 263, 222, 206, 198, 169, 132, 133, 118, 94, 72, 49
821, 797, 767, 747, 732, 711, 692, 663, 642, 625, 594, 576, 567, 530, 524, 487, 473, 441, 438, 408, 383, 363, 342, 311, 304, 281, 263, 222, 206, 198, 169, 131, 120, 95, 73, 50
821, 797, 767, 747, 732, 711, 692, 663, 642, 626, 591, 574, 548, 525, 506, 489, 470, 443, 418, 405, 380, 365, 340, 315, 301, 284, 261, 241, 204, 196, 166, 153, 121, 96, 74, 51
821, 797, 767, 747, 732, 711, 692, 663, 642, 626, 591, 574, 548, 525, 506, 489, 470, 443, 418, 405, 380, 365, 340, 315, 301, 284, 261, 241, 204, 196, 166, 153, 121, 96, 74, 52
821, 797, 767, 747, 732, 711, 692, 663, 642, 626, 591, 574, 548, 525, 506, 489, 470, 443, 418, 405, 380, 365, 340, 315, 301, 284, 261, 241, 204, 196, 166, 153, 121, 96, 74, 53
821, 797, 767, 747, 732, 711, 692, 663, 642, 626, 591, 574, 548, 525, 506, 489, 470, 443, 418, 405, 380, 365, 340, 315, 301, 284, 261, 241, 204, 196, 166, 153, 121, 96, 97, 75, 54
821, 797, 767, 747, 732, 711, 692, 663, 642, 626, 591, 574, 548, 525, 506, 489, 470, 443, 418, 405, 380, 365, 340, 315, 301, 284, 261, 241, 240, 202, 195, 165, 164, 151, 123, 99, 76, 55
821, 797, 767, 747, 732, 711, 692, 663, 642, 626, 591, 574, 548, 525, 506, 489, 470, 443, 418, 405, 380, 365, 340, 315, 301, 284, 261, 241, 240, 202, 195, 165, 164, 151, 123, 99, 76, 56
821, 797, 767, 747, 732, 711, 692, 663, 642, 626, 591, 574, 548, 525, 506, 489, 470, 443, 418, 405, 380, 365, 340, 315, 301, 284, 261, 260, 259, 238, 201, 193, 162, 149, 148, 125, 101, 78, 57
821, 797, 767, 747, 732, 711, 692, 663, 642, 626, 591, 574, 548, 525, 506, 489, 470, 443, 418, 405, 380, 365, 340, 315, 301, 284, 261, 260, 259, 238, 201, 193, 162, 149, 148, 125, 101, 102, 80, 58
821, 797, 767, 747, 732, 711, 692, 663, 642, 626, 591, 574, 548, 525, 506, 489, 470, 443, 418, 405, 380, 365, 340, 315, 301, 284, 261, 260, 259, 238, 201, 193, 162, 149, 148, 125, 101, 102, 80, 58, 59
821, 797, 767, 747, 732, 711, 692, 663, 642, 626, 591, 574, 548, 525, 506, 489, 470, 443, 418, 405, 380, 365, 340, 315, 301, 284, 261, 260, 259, 238, 201, 193, 162, 149, 148, 125, 101, 102, 80, 58, 59, 60
821, 797, 767, 747, 732, 711, 692, 663, 642, 626, 591, 574, 548, 525, 506, 489, 470, 443, 418, 405, 380, 365, 340, 315, 301, 284, 261, 260, 259, 238, 201, 193, 162, 149, 148, 125, 101, 102, 80, 58, 59, 60, 61
821, 822, 823, 799, 768, 746, 731, 713, 691, 662, 641, 624, 595, 577, 565, 564, 533, 521, 504, 503, 478, 457, 433, 415, 389, 357, 348, 306, 290, 275, 249, 229, 214, 184, 176, 141, 111, 109, 85, 84, 62
821, 822, 823, 799, 768, 746, 731, 713, 691, 662, 641, 624, 595, 577, 565, 564, 533, 521, 504, 503, 478, 457, 433, 415, 389, 357, 348, 306, 290, 275, 249, 229, 214, 184, 176, 141, 111, 109, 85, 64, 63
821, 822, 823, 799, 768, 746, 731, 713, 691, 662, 641, 624, 595, 577, 565, 564, 533, 521, 504, 503, 478, 457, 433, 415, 389, 357, 348, 306, 290, 275, 249, 229, 214, 184, 176, 141, 111, 109, 85, 64
821, 797, 767, 747, 732, 711, 692, 663, 642, 625, 594, 576, 567, 531, 523, 485, 475, 461, 436, 410, 411, 385, 360, 345, 309, 285, 286, 287, 277, 246, 227, 212, 182, 173, 138, 114, 90, 87, 66, 65
821, 797, 767, 747, 732, 711, 692, 663, 642, 625, 594, 576, 567, 531, 523, 485, 475, 461, 436, 410, 411, 385, 360, 345, 309, 285, 286, 287, 277, 246, 227, 212, 182, 173, 138, 114, 90, 87, 66
821, 797, 767, 747, 732, 711, 692, 663, 642, 625, 594, 576, 567, 531, 523, 485, 475, 461, 436, 410, 411, 385, 360, 345, 309, 285, 278, 245, 226, 211, 180, 172, 137, 115, 91, 88, 67
821, 797, 767, 747, 732, 711, 692, 663, 642, 625, 594, 576, 567, 531, 523, 485, 475, 461, 436, 410, 411, 385, 360, 345, 309, 285, 278, 245, 226, 211, 180, 172, 137, 115, 91, 68
821, 797, 767, 747, 732, 711, 692, 663, 642, 625, 594, 576, 567, 531, 523, 485, 475, 461, 436, 410, 411, 385, 360, 345, 309, 285, 278, 245, 226, 211, 180, 172, 136, 116, 92, 69
821, 797, 767, 747, 732, 711, 692, 663, 642, 625, 594, 576, 567, 530, 524, 487, 473, 441, 438, 408, 383, 363, 342, 311, 304, 280, 264, 223, 207, 178, 170, 134, 117, 93, 70
821, 797, 767, 747, 732, 711, 692, 663, 642, 625, 594, 576, 567, 530, 524, 487, 473, 441, 438, 408, 383, 363, 342, 311, 304, 280, 264, 223, 207, 178, 170, 134, 117, 93, 71
821, 797, 767, 747, 732, 711, 692, 663, 642, 625, 594, 576, 567, 530, 524, 487, 473, 441, 438, 408, 383, 363, 342, 311, 304, 281, 263, 222, 206, 198, 169, 132, 133, 118, 94, 72
821, 797, 767, 747, 732, 711, 692, 663, 642, 625, 594, 576, 567, 530, 524, 487, 473, 441, 438, 408, 383, 363, 342, 311, 304, 281, 263, 222, 206, 198, 169, 131, 120, 95, 73
821, 797, 767, 747, 732, 711, 692, 663, 642, 626, 591, 574, 548, 525, 506, 489, 470, 443, 418, 405, 380, 365, 340, 315, 301, 284, 261, 241, 204, 196, 166, 153, 121, 96, 74
821, 797, 767, 747, 732, 711, 692, 663, 642, 626, 591, 574, 548, 525, 506, 489, 470, 443, 418, 405, 380, 365, 340, 315, 301, 284, 261, 241, 204, 196, 166, 153, 121, 96, 97, 75
821, 797, 767, 747, 732, 711, 692, 663, 642, 626, 591, 574, 548, 525, 506, 489, 470, 443, 418, 405, 380, 365, 340, 315, 301, 284, 261, 241, 240, 202, 195, 165, 164, 151, 123, 99, 76
821, 797, 767, 747, 732, 711, 692, 663, 642, 626, 591, 574, 548, 525, 506, 489, 470, 443, 418, 405, 380, 365, 340, 315, 301, 284, 261, 260, 259, 238, 201, 193, 162, 149, 124, 100, 77
821, 797, 767, 747, 732, 711, 692, 663, 642, 626, 591, 574, 548, 525, 506, 489, 470, 443, 418, 405, 380, 365, 340, 315, 301, 284, 261, 260, 259, 238, 201, 193, 162, 149, 148, 125, 101, 78
821, 797, 767, 747, 732, 711, 692, 663, 642, 626, 591, 574, 548, 525, 506, 489, 470, 443, 418, 405, 380, 365, 340, 315, 301, 284, 261, 260, 259, 238, 201, 193, 162, 149, 148, 125, 101, 78, 79
821, 797, 767, 747, 732, 711, 692, 663, 642, 626, 591, 574, 548, 525, 506, 489, 470, 443, 418, 405, 380, 365, 340, 315, 301, 284, 261, 260, 259, 238, 201, 193, 162, 149, 148, 125, 101, 102, 80
821, 797, 767, 747, 732, 711, 692, 663, 642, 626, 591, 574, 548, 525, 506, 489, 470, 443, 418, 405, 380, 365, 340, 315, 301, 284, 261, 260, 259, 238, 201, 193, 162, 149, 148, 125, 101, 102, 80, 81
821, 797, 767, 747, 732, 711, 692, 663, 642, 626, 591, 574, 548, 525, 506, 489, 470, 443, 418, 405, 380, 365, 340, 315, 301, 284, 261, 260, 259, 238, 201, 193, 162, 149, 148, 147, 146, 127, 128, 105, 82
821, 822, 823, 799, 768, 746, 731, 713, 691, 662, 641, 624, 595, 577, 565, 564, 533, 521, 504, 503, 478, 457, 433, 415, 389, 357, 348, 306, 290, 275, 249, 229, 214, 184, 176, 141, 111, 109, 85, 84, 83
821, 822, 823, 799, 768, 746, 731, 713, 691, 662, 641, 624, 595, 577, 565, 564, 533, 521, 504, 503, 478, 457, 433, 415, 389, 357, 348, 306, 290, 275, 249, 229, 214, 184, 176, 141, 111, 109, 85, 84
821, 822, 823, 799, 768, 746, 731, 713, 691, 662, 641, 624, 595, 577, 565, 564, 533, 521, 504, 503, 478, 457, 433, 415, 389, 357, 348, 306, 290, 275, 249, 229, 214, 184, 176, 141, 111, 109, 85
821, 797, 767, 747, 732, 711, 692, 663, 642, 625, 594, 576, 567, 531, 523, 485, 475, 461, 436, 410, 411, 385, 360, 345, 309, 285, 286, 287, 277, 246, 227, 212, 182, 173, 138, 114, 90, 87, 86
821, 797, 767, 747, 732, 711, 692, 663, 642, 625, 594, 576, 567, 531, 523, 485, 475, 461, 436, 410, 411, 385, 360, 345, 309, 285, 286, 287, 277, 246, 227, 212, 182, 173, 138, 114, 90, 87
821, 797, 767, 747, 732, 711, 692, 663, 642, 625, 594, 576, 567, 531, 523, 485, 475, 461, 436, 410, 411, 385, 360, 345, 309, 285, 278, 245, 226, 211, 180, 172, 137, 115, 91, 88
821, 797, 767, 747, 732, 711, 692, 663, 642, 625, 594, 576, 567, 531, 523, 485, 475, 461, 436, 410, 411, 385, 360, 345, 309, 285, 286, 287, 277, 246, 227, 212, 182, 173, 138, 114, 90, 89
821, 797, 767, 747, 732, 711, 692, 663, 642, 625, 594, 576, 567, 531, 523, 485, 475, 461, 436, 410, 411, 385, 360, 345, 309, 285, 286, 287, 277, 246, 227, 212, 182, 173, 138, 114, 90
821, 797, 767, 747, 732, 711, 692, 663, 642, 625, 594, 576, 567, 531, 523, 485, 475, 461, 436, 410, 411, 385, 360, 345, 309, 285, 278, 245, 226, 211, 180, 172, 137, 115, 91
821, 797, 767, 747, 732, 711, 692, 663, 642, 625, 594, 576, 567, 531, 523, 485, 475, 461, 436, 410, 411, 385, 360, 345, 309, 285, 278, 245, 226, 211, 180, 172, 136, 116, 92
821, 797, 767, 747, 732, 711, 692, 663, 642, 625, 594, 576, 567, 530, 524, 487, 473, 441, 438, 408, 383, 363, 342, 311, 304, 280, 264, 223, 207, 178, 170, 134, 117, 93
821, 797, 767, 747, 732, 711, 692, 663, 642, 625, 594, 576, 567, 530, 524, 487, 473, 441, 438, 408, 383, 363, 342, 311, 304, 281, 263, 222, 206, 198, 169, 132, 133, 118, 94
821, 797, 767, 747, 732, 711, 692, 663, 642, 625, 594, 576, 567, 530, 524, 487, 473, 441, 438, 408, 383, 363, 342, 311, 304, 281, 263, 222, 206, 198, 169, 131, 120, 95
821, 797, 767, 747, 732, 711, 692, 663, 642, 626, 591, 574, 548, 525, 506, 489, 470, 443, 418, 405, 380, 365, 340, 315, 301, 284, 261, 241, 204, 196, 166, 153, 121, 96
821, 797, 767, 747, 732, 711, 692, 663, 642, 626, 591, 574, 548, 525, 506, 489, 470, 443, 418, 405, 380, 365, 340, 315, 301, 284, 261, 241, 204, 196, 166, 153, 121, 96, 97
821, 797, 767, 747, 732, 711, 692, 663, 642, 626, 591, 574, 548, 525, 506, 489, 470, 443, 418, 405, 380, 365, 340, 315, 301, 284, 261, 241, 240, 202, 195, 165, 152, 122, 98
821, 797, 767, 747, 732, 711, 692, 663, 642, 626, 591, 574, 548, 525, 506, 489, 470, 443, 418, 405, 380, 365, 340, 315, 301, 284, 261, 241, 240, 202, 195, 165, 164, 151, 123, 99
821, 797, 767, 747, 732, 711, 692, 663, 642, 626, 591, 574, 548, 525, 506, 489, 470, 443, 418, 405, 380, 365, 340, 315, 301, 284, 261, 260, 259, 238, 201, 193, 162, 149, 124, 100
821, 797, 767, 747, 732, 711, 692, 663, 642, 626, 591, 574, 548, 525, 506, 489, 470, 443, 418, 405, 380, 365, 340, 315, 301, 284, 261, 260, 259, 238, 201, 193, 162, 149, 148, 125, 101
821, 797, 767, 747, 732, 711, 692, 663, 642, 626, 591, 574, 548, 525, 506, 489, 470, 443, 418, 405, 380, 365, 340, 315, 301, 284, 261, 260, 259, 238, 201, 193, 162, 149, 148, 125, 101, 102
821, 797, 767, 747, 732, 711, 692, 663, 642, 626, 591, 574, 548, 525, 506, 489, 470, 443, 418, 405, 380, 365, 340, 315, 301, 284, 261, 260, 259, 238, 201, 193, 162, 149, 148, 125, 101, 102, 103
821, 797, 767, 747, 732, 711, 692, 663, 642, 626, 591, 574, 548, 525, 506, 489, 470, 443, 418, 405, 380, 365, 340, 315, 301, 284, 261, 260, 259, 238, 201, 193, 162, 149, 148, 125, 101, 102, 103, 104
821, 797, 767, 747, 732, 711, 692, 663, 642, 626, 591, 574, 548, 525, 506, 489, 470, 443, 418, 405, 380, 365, 340, 315, 301, 284, 261, 260, 259, 238, 201, 193, 162, 149, 148, 147, 146, 127, 128, 105
821, 822, 823, 799, 768, 746, 731, 713, 691, 662, 641, 624, 595, 577, 565, 564, 533, 521, 504, 503, 478, 457, 433, 415, 389, 357, 348, 306, 290, 275, 249, 229, 214, 184, 176, 141, 111, 110, 107, 106
821, 822, 823, 799, 768, 746, 731, 713, 691, 662, 641, 624, 595, 577, 565, 564, 533, 521, 504, 503, 478, 457, 433, 415, 389, 357, 348, 306, 290, 275, 249, 229, 214, 184, 176, 141, 111, 110, 107
821, 822, 823, 799, 768, 746, 731, 713, 691, 662, 641, 624, 595, 577, 565, 564, 533, 521, 504, 503, 478, 457, 433, 415, 389, 357, 348, 306, 290, 275, 249, 229, 214, 184, 176, 141, 111, 109, 108
821, 822, 823, 799, 768, 746, 731, 713, 691, 662, 641, 624, 595, 577, 565, 564, 533, 521, 504, 503, 478, 457, 433, 415, 389, 357, 348, 306, 290, 275, 249, 229, 214, 184, 176, 141, 111, 109
821, 822, 823, 799, 768, 746, 731, 713, 691, 662, 641, 624, 595, 577, 565, 564, 533, 521, 504, 503, 478, 457, 433, 415, 389, 357, 348, 306, 290, 275, 249, 229, 214, 184, 176, 141, 111, 110
821, 822, 823, 799, 768, 746, 731, 713, 691, 662, 641, 624, 595, 577, 565, 564, 533, 521, 504, 503, 478, 457, 433, 415, 389, 357, 348, 306, 290, 275, 249, 229, 214, 184, 176, 141, 111
821, 797, 767, 747, 732, 711, 692, 663, 642, 625, 594, 576, 567, 531, 523, 485, 475, 461, 436, 410, 411, 385, 360, 345, 309, 285, 286, 287, 277, 246, 227, 212, 182, 173, 138, 114, 113, 112
821, 797, 767, 747, 732, 711, 692, 663, 642, 625, 594, 576, 567, 531, 523, 485, 475, 461, 436, 410, 411, 385, 360, 345, 309, 285, 286, 287, 277, 246, 227, 212, 182, 173, 138, 114, 113
821, 797, 767, 747, 732, 711, 692, 663, 642, 625, 594, 576, 567, 531, 523, 485, 475, 461, 436, 410, 411, 385, 360, 345, 309, 285, 286, 287, 277, 246, 227, 212, 182, 173, 138, 114
821, 797, 767, 747, 732, 711, 692, 663, 642, 625, 594, 576, 567, 531, 523, 485, 475, 461, 436, 410, 411, 385, 360, 345, 309, 285, 278, 245, 226, 211, 180, 172, 137, 115
821, 797, 767, 747, 732, 711, 692, 663, 642, 625, 594, 576, 567, 531, 523, 485, 475, 461, 436, 410, 411, 385, 360, 345, 309, 285, 278, 245, 226, 211, 180, 172, 136, 116
821, 797, 767, 747, 732, 711, 692, 663, 642, 625, 594, 576, 567, 530, 524, 487, 473, 441, 438, 408, 383, 363, 342, 311, 304, 280, 264, 223, 207, 178, 170, 134, 117
821, 797, 767, 747, 732, 711, 692, 663, 642, 625, 594, 576, 567, 530, 524, 487, 473, 441, 438, 408, 383, 363, 342, 311, 304, 281, 263, 222, 206, 198, 169, 132, 133, 118
821, 797, 767, 747, 732, 711, 692, 663, 642, 625, 594, 576, 567, 530, 524, 487, 473, 441, 438, 408, 383, 363, 342, 311, 304, 281, 263, 222, 206, 198, 169, 132, 119
821, 797, 767, 747, 732, 711, 692, 663, 642, 625, 594, 576, 567, 530, 524, 487, 473, 441, 438, 408, 383, 363, 342, 311, 304, 281, 263, 222, 206, 198, 169, 131, 120
821, 797, 767, 747, 732, 711, 692, 663, 642, 626, 591, 574, 548, 525, 506, 489, 470, 443, 418, 405, 380, 365, 340, 315, 301, 284, 261, 241, 204, 196, 166, 153, 121
821, 797, 767, 747, 732, 711, 692, 663, 642, 626, 591, 574, 548, 525, 506, 489, 470, 443, 418, 405, 380, 365, 340, 315, 301, 284, 261, 241, 240, 202, 195, 165, 152, 122
821, 797, 767, 747, 732, 711, 692, 663, 642, 626, 591, 574, 548, 525, 506, 489, 470, 443, 418, 405, 380, 365, 340, 315, 301, 284, 261, 241, 240, 202, 195, 165, 164, 151, 123
821, 797, 767, 747, 732, 711, 692, 663, 642, 626, 591, 574, 548, 525, 506, 489, 470, 443, 418, 405, 380, 365, 340, 315, 301, 284, 261, 260, 259, 238, 201, 193, 162, 149, 124
821, 797, 767, 747, 732, 711, 692, 663, 642, 626, 591, 574, 548, 525, 506, 489, 470, 443, 418, 405, 380, 365, 340, 315, 301, 284, 261, 260, 259, 238, 201, 193, 162, 149, 148, 125
821, 797, 767, 747, 732, 711, 692, 663, 642, 626, 591, 574, 548, 525, 506, 489, 470, 443, 418, 405, 380, 365, 340, 315, 301, 284, 261, 260, 259, 238, 201, 193, 162, 149, 148, 125, 126
821, 797, 767, 747, 732, 711, 692, 663, 642, 626, 591, 574, 548, 525, 506, 489, 470, 443, 418, 405, 380, 365, 340, 315, 301, 284, 261, 260, 259, 238, 201, 193, 162, 149, 148, 147, 146, 127
821, 797, 767, 747, 732, 711, 692, 663, 642, 626, 591, 574, 548, 525, 506, 489, 470, 443, 418, 405, 380, 365, 340, 315, 301, 284, 261, 260, 259, 238, 201, 193, 162, 149, 148, 147, 146, 127, 128
821, 797, 767, 747, 732, 711, 692, 663, 642, 626, 591, 574, 548, 525, 506, 507, 491, 469, 445, 446, 423, 401, 375, 349, 335, 322, 296, 268, 255, 235, 234, 219, 190, 158, 145, 129
821, 822, 823, 799, 768, 746, 731, 713, 691, 662, 641, 624, 595, 577, 565, 564, 533, 520, 519, 518, 502, 480, 481, 454, 430, 395, 391, 354, 329, 326, 292, 273, 251, 231, 217, 187, 156, 143, 130
821, 797, 767, 747, 732, 711, 692, 663, 642, 625, 594, 576, 567, 530, 524, 487, 473, 441, 438, 408, 383, 363, 342, 311, 304, 281, 263, 222, 206, 198, 169, 131
821, 797, 767, 747, 732, 711, 692, 663, 642, 625, 594, 576, 567, 530, 524, 487, 473, 441, 438, 408, 383, 363, 342, 311, 304, 281, 263, 222, 206, 198, 169, 132
821, 797, 767, 747, 732, 711, 692, 663, 642, 625, 594, 576, 567, 530, 524, 487, 473, 441, 438, 408, 383, 363, 342, 311, 304, 281, 263, 222, 206, 198, 169, 132, 133
821, 797, 767, 747, 732, 711, 692, 663, 642, 625, 594, 576, 567, 530, 524, 487, 473, 441, 438, 408, 383, 363, 342, 311, 304, 280, 264, 223, 207, 178, 170, 134
821, 797, 767, 747, 732, 711, 692, 663, 642, 625, 594, 576, 567, 530, 524, 486, 474, 440, 437, 409, 384, 362, 361, 344, 310, 305, 279, 244, 225, 208, 179, 171, 135
821, 797, 767, 747, 732, 711, 692, 663, 642, 625, 594, 576, 567, 531, 523, 485, 475, 461, 436, 410, 411, 385, 360, 345, 309, 285, 278, 245, 226, 211, 180, 172, 136
821, 797, 767, 747, 732, 711, 692, 663, 642, 625, 594, 576, 567, 531, 523, 485, 475, 461, 436, 410, 411, 385, 360, 345, 309, 285, 278, 245, 226, 211, 180, 172, 137
821, 797, 767, 747, 732, 711, 692, 663, 642, 625, 594, 576, 567, 531, 523, 485, 475, 461, 436, 410, 411, 385, 360, 345, 309, 285, 286, 287, 277, 246, 227, 212, 182, 173, 138
821, 797, 767, 747, 732, 711, 692, 663, 642, 625, 594, 576, 567, 531, 523, 485, 475, 461, 436, 410, 411, 385, 360, 345, 309, 285, 286, 287, 277, 246, 227, 212, 182, 173, 139
821, 797, 767, 747, 732, 711, 692, 663, 642, 625, 594, 576, 567, 531, 523, 485, 475, 461, 436, 410, 411, 385, 360, 345, 309, 285, 286, 287, 277, 246, 227, 212, 182, 173, 139, 140
821, 822, 823, 799, 768, 746, 731, 713, 691, 662, 641, 624, 595, 577, 565, 564, 533, 521, 504, 503, 478, 457, 433, 415, 389, 357, 348, 306, 290, 275, 249, 229, 214, 184, 176, 141
821, 822, 823, 799, 768, 746, 731, 713, 691, 662, 641, 624, 595, 577, 565, 564, 533, 521, 504, 503, 478, 457, 433, 415, 389, 357, 348, 306, 290, 275, 249, 229, 214, 184, 176, 141, 142
821, 822, 823, 799, 768, 746, 731, 713, 691, 662, 641, 624, 595, 577, 565, 564, 533, 520, 519, 518, 502, 480, 481, 454, 430, 395, 391, 354, 329, 326, 292, 273, 251, 231, 217, 187, 156, 143
821, 797, 767, 747, 732, 711, 692, 663, 642, 626, 591, 574, 548, 525, 506, 507, 491, 469, 445, 446, 423, 401, 375, 349, 335, 322, 296, 268, 255, 235, 234, 219, 190, 158, 144
821, 797, 767, 747, 732, 711, 692, 663, 642, 626, 591, 574, 548, 525, 506, 507, 491, 469, 445, 446, 423, 401, 375, 349, 335, 322, 296, 268, 255, 235, 234, 219, 190, 158, 145
821, 797, 767, 747, 732, 711, 692, 663, 642, 626, 591, 574, 548, 525, 506, 489, 470, 443, 418, 405, 380, 365, 340, 315, 301, 284, 261, 260, 259, 238, 201, 193, 162, 149, 148, 147, 146
821, 797, 767, 747, 732, 711, 692, 663, 642, 626, 591, 574, 548, 525, 506, 489, 470, 443, 418, 405, 380, 365, 340, 315, 301, 284, 261, 260, 259, 238, 201, 193, 162, 149, 148, 147
821, 797, 767, 747, 732, 711, 692, 663, 642, 626, 591, 574, 548, 525, 506, 489, 470, 443, 418, 405, 380, 365, 340, 315, 301, 284, 261, 260, 259, 238, 201, 193, 162, 149, 148
821, 797, 767, 747, 732, 711, 692, 663, 642, 626, 591, 574, 548, 525, 506, 489, 470, 443, 418, 405, 380, 365, 340, 315, 301, 284, 261, 260, 259, 238, 201, 193, 162, 149
821, 797, 767, 747, 732, 711, 692, 663, 642, 626, 591, 574, 548, 525, 506, 489, 470, 443, 418, 405, 380, 365, 340, 315, 301, 284, 261, 260, 259, 238, 201, 193, 162, 149, 150
821, 797, 767, 747, 732, 711, 692, 663, 642, 626, 591, 574, 548, 525, 506, 489, 470, 443, 418, 405, 380, 365, 340, 315, 301, 284, 261, 241, 240, 202, 195, 165, 164, 151
821, 797, 767, 747, 732, 711, 692, 663, 642, 626, 591, 574, 548, 525, 506, 489, 470, 443, 418, 405, 380, 365, 340, 315, 301, 284, 261, 241, 240, 202, 195, 165, 152
821, 797, 767, 747, 732, 711, 692, 663, 642, 626, 591, 574, 548, 525, 506, 489, 470, 443, 418, 405, 380, 365, 340, 315, 301, 284, 261, 241, 204, 196, 166, 153
821, 797, 767, 747, 732, 711, 692, 663, 642, 625, 594, 576, 567, 530, 524, 487, 473, 441, 438, 408, 383, 363, 342, 311, 304, 281, 263, 222, 206, 198, 167, 154
821, 797, 767, 747, 732, 711, 692, 663, 642, 625, 594, 576, 567, 530, 524, 487, 473, 441, 438, 408, 383, 363, 342, 311, 304, 281, 263, 222, 206, 198, 168, 155
821, 822, 823, 799, 768, 746, 731, 713, 691, 662, 641, 624, 595, 577, 565, 564, 533, 520, 519, 518, 502, 480, 481, 454, 430, 395, 391, 354, 329, 326, 292, 273, 251, 231, 217, 187, 156
821, 797, 767, 747, 732, 711, 692, 663, 642, 626, 591, 574, 548, 525, 506, 507, 491, 469, 445, 446, 423, 401, 375, 349, 335, 322, 296, 268, 255, 235, 234, 219, 190, 158, 157
821, 797, 767, 747, 732, 711, 692, 663, 642, 626, 591, 574, 548, 525, 506, 507, 491, 469, 445, 446, 423, 401, 375, 349, 335, 322, 296, 268, 255, 235, 234, 219, 190, 158
821, 797, 767, 747, 732, 711, 692, 663, 642, 626, 591, 574, 548, 525, 506, 489, 470, 443, 418, 405, 380, 365, 340, 315, 301, 284, 261, 260, 259, 238, 201, 193, 192, 161, 160, 159
821, 797, 767, 747, 732, 711, 692, 663, 642, 626, 591, 574, 548, 525, 506, 489, 470, 443, 418, 405, 380, 365, 340, 315, 301, 284, 261, 260, 259, 238, 201, 193, 192, 161, 160
821, 797, 767, 747, 732, 711, 692, 663, 642, 626, 591, 574, 548, 525, 506, 489, 470, 443, 418, 405, 380, 365, 340, 315, 301, 284, 261, 260, 259, 238, 201, 193, 192, 161
821, 797, 767, 747, 732, 711, 692, 663, 642, 626, 591, 574, 548, 525, 506, 489, 470, 443, 418, 405, 380, 365, 340, 315, 301, 284, 261, 260, 259, 238, 201, 193, 162
821, 797, 767, 747, 732, 711, 692, 663, 642, 626, 591, 574, 548, 525, 506, 489, 470, 443, 418, 405, 380, 365, 340, 315, 301, 284, 261, 260, 259, 238, 201, 193, 163
821, 797, 767, 747, 732, 711, 692, 663, 642, 626, 591, 574, 548, 525, 506, 489, 470, 443, 418, 405, 380, 365, 340, 315, 301, 284, 261, 241, 240, 202, 195, 165, 164
821, 797, 767, 747, 732, 711, 692, 663, 642, 626, 591, 574, 548, 525, 506, 489, 470, 443, 418, 405, 380, 365, 340, 315, 301, 284, 261, 241, 240, 202, 195, 165
821, 797, 767, 747, 732, 711, 692, 663, 642, 626, 591, 574, 548, 525, 506, 489, 470, 443, 418, 405, 380, 365, 340, 315, 301, 284, 261, 241, 204, 196, 166
821, 797, 767, 747, 732, 711, 692, 663, 642, 625, 594, 576, 567, 530, 524, 487, 473, 441, 438, 408, 383, 363, 342, 311, 304, 281, 263, 222, 206, 198, 167
821, 797, 767, 747, 732, 711, 692, 663, 642, 625, 594, 576, 567, 530, 524, 487, 473, 441, 438, 408, 383, 363, 342, 311, 304, 281, 263, 222, 206, 198, 168
821, 797, 767, 747, 732, 711, 692, 663, 642, 625, 594, 576, 567, 530, 524, 487, 473, 441, 438, 408, 383, 363, 342, 311, 304, 281, 263, 222, 206, 198, 169
821, 797, 767, 747, 732, 711, 692, 663, 642, 625, 594, 576, 567, 530, 524, 487, 473, 441, 438, 408, 383, 363, 342, 311, 304, 280, 264, 223, 207, 178, 170
821, 797, 767, 747, 732, 711, 692, 663, 642, 625, 594, 576, 567, 530, 524, 486, 474, 440, 437, 409, 384, 362, 361, 344, 310, 305, 279, 244, 225, 208, 179, 171
821, 797, 767, 747, 732, 711, 692, 663, 642, 625, 594, 576, 567, 531, 523, 485, 475, 461, 436, 410, 411, 385, 360, 345, 309, 285, 278, 245, 226, 211, 180, 172
821, 797, 767, 747, 732, 711, 692, 663, 642, 625, 594, 576, 567, 531, 523, 485, 475, 461, 436, 410, 411, 385, 360, 345, 309, 285, 286, 287, 277, 246, 227, 212, 182, 173
821, 797, 767, 747, 732, 711, 692, 663, 642, 625, 594, 576, 567, 531, 523, 485, 475, 461, 436, 410, 411, 385, 360, 345, 309, 285, 286, 287, 277, 246, 227, 212, 182, 174
821, 797, 767, 747, 732, 711, 692, 663, 642, 625, 594, 576, 567, 531, 523, 485, 475, 461, 436, 410, 411, 385, 360, 345, 309, 285, 286, 287, 277, 246, 227, 228, 213, 183, 175
821, 822, 823, 799, 768, 746, 731, 713, 691, 662, 641, 624, 595, 577, 565, 564, 533, 521, 504, 503, 478, 457, 433, 415, 389, 357, 348, 306, 290, 275, 249, 229, 214, 184, 176
821, 822, 823, 799, 768, 746, 731, 713, 691, 662, 641, 624, 595, 577, 565, 564, 533, 521, 504, 503, 478, 457, 433, 415, 389, 357, 348, 306, 290, 275, 249, 229, 214, 184, 176, 177
821, 797, 767, 747, 732, 711, 692, 663, 642, 625, 594, 576, 567, 530, 524, 487, 473, 441, 438, 408, 383, 363, 342, 311, 304, 280, 264, 223, 207, 178
821, 797, 767, 747, 732, 711, 692, 663, 642, 625, 594, 576, 567, 530, 524, 486, 474, 440, 437, 409, 384, 362, 361, 344, 310, 305, 279, 244, 225, 208, 179
821, 797, 767, 747, 732, 711, 692, 663, 642, 625, 594, 576, 567, 531, 523, 485, 475, 461, 436, 410, 411, 385, 360, 345, 309, 285, 278, 245, 226, 211, 180
821, 797, 767, 747, 732, 711, 692, 663, 642, 625, 594, 576, 567, 531, 523, 485, 475, 461, 436, 410, 411, 385, 360, 345, 309, 285, 278, 245, 226, 211, 180, 181
821, 797, 767, 747, 732, 711, 692, 663, 642, 625, 594, 576, 567, 531, 523, 485, 475, 461, 436, 410, 411, 385, 360, 345, 309, 285, 286, 287, 277, 246, 227, 212, 182
821, 797, 767, 747, 732, 711, 692, 663, 642, 625, 594, 576, 567, 531, 523, 485, 475, 461, 436, 410, 411, 385, 360, 345, 309, 285, 286, 287, 277, 246, 227, 228, 213, 183
821, 822, 823, 799, 768, 746, 731, 713, 691, 662, 641, 624, 595, 577, 565, 564, 533, 521, 504, 503, 478, 457, 433, 415, 389, 357, 348, 306, 290, 275, 249, 229, 214, 184
821, 822, 823, 799, 768, 746, 731, 713, 691, 662, 641, 624, 595, 577, 565, 564, 533, 521, 504, 503, 478, 457, 433, 432, 431, 394, 390, 355, 328, 327, 291, 274, 250, 230, 216, 185
821, 822, 823, 799, 768, 746, 731, 713, 691, 662, 641, 624, 595, 577, 565, 564, 533, 521, 504, 503, 478, 457, 433, 432, 431, 394, 390, 355, 328, 327, 291, 274, 250, 230, 216, 186
821, 822, 823, 799, 768, 746, 731, 713, 691, 662, 641, 624, 595, 577, 565, 564, 533, 520, 519, 518, 502, 480, 481, 454, 430, 395, 391, 354, 329, 326, 292, 273, 251, 231, 217, 187
821, 822, 823, 799, 768, 746, 731, 713, 691, 662, 641, 624, 595, 577, 565, 564, 533, 520, 519, 518, 502, 480, 481, 454, 430, 395, 391, 354, 329, 326, 292, 273, 251, 231, 217, 188
821, 797, 767, 747, 732, 711, 692, 663, 642, 626, 591, 574, 548, 525, 506, 507, 491, 469, 445, 446, 423, 401, 375, 349, 335, 322, 296, 268, 255, 235, 234, 219, 190, 189
821, 797, 767, 747, 732, 711, 692, 663, 642, 626, 591, 574, 548, 525, 506, 507, 491, 469, 445, 446, 423, 401, 375, 349, 335, 322, 296, 268, 255, 235, 234, 219, 190
821, 797, 767, 747, 732, 711, 692, 663, 642, 626, 591, 574, 548, 525, 506, 507, 491, 469, 445, 446, 423, 401, 375, 349, 335, 322, 296, 268, 255, 235, 220, 191
821, 797, 767, 747, 732, 711, 692, 663, 642, 626, 591, 574, 548, 525, 506, 489, 470, 443, 418, 405, 380, 365, 340, 315, 301, 284, 261, 260, 259, 238, 201, 193, 192
821, 797, 767, 747, 732, 711, 692, 663, 642, 626, 591, 574, 548, 525, 506, 489, 470, 443, 418, 405, 380, 365, 340, 315, 301, 284, 261, 260, 259, 238, 201, 193
821, 797, 767, 747, 732, 711, 692, 663, 642, 626, 591, 574, 548, 525, 506, 489, 470, 443, 418, 405, 380, 365, 340, 315, 301, 284, 261, 241, 240, 202, 195, 194
821, 797, 767, 747, 732, 711, 692, 663, 642, 626, 591, 574, 548, 525, 506, 489, 470, 443, 418, 405, 380, 365, 340, 315, 301, 284, 261, 241, 240, 202, 195
821, 797, 767, 747, 732, 711, 692, 663, 642, 626, 591, 574, 548, 525, 506, 489, 470, 443, 418, 405, 380, 365, 340, 315, 301, 284, 261, 241, 204, 196
821, 797, 767, 747, 732, 711, 692, 663, 642, 625, 594, 576, 567, 530, 524, 487, 473, 441, 438, 408, 383, 363, 342, 311, 304, 281, 263, 222, 206, 205, 197
821, 797, 767, 747, 732, 711, 692, 663, 642, 625, 594, 576, 567, 530, 524, 487, 473, 441, 438, 408, 383, 363, 342, 311, 304, 281, 263, 222, 206, 198
821, 797, 767, 747, 732, 711, 692, 663, 642, 626, 591, 574, 548, 525, 506, 489, 470, 443, 418, 405, 380, 365, 340, 315, 301, 284, 261, 260, 259, 238, 201, 193, 199
