894, 908, 940, 954, 977, 997, 1018, 1050, 1067, 1091, 1104, 1127, 1148, 1167, 1194, 1210, 1230, 1257, 1271, 1292, 1316, 1337, 1355, 1371, 1396, 1423, 1449, 1463, 1493, 1504, 1529, 1538, 0
894, 908, 940, 954, 977, 997, 1018, 1050, 1067, 1091, 1104, 1127, 1148, 1167, 1194, 1210, 1230, 1257, 1271, 1292, 1316, 1337, 1355, 1371, 1396, 1423, 1449, 1463, 1493, 1504, 1529, 1538, 1
894, 908, 940, 954, 977, 997, 1018, 1050, 1067, 1091, 1104, 1127, 1148, 1167, 1194, 1210, 1230, 1257, 1271, 1292, 1316, 1337, 1355, 1371, 1396, 1423, 1449, 1463, 1493, 1504, 1529, 1538, 1, 2
894, 908, 940, 954, 977, 997, 1018, 1050, 1067, 1091, 1092, 1103, 1126, 1149, 1168, 1196, 1209, 1229, 1256, 1269, 1291, 1315, 1336, 1354, 1370, 1398, 1424, 1448, 1462, 1491, 1503, 1530, 1537, 3
894, 908, 940, 954, 977, 997, 1018, 1050, 1067, 1091, 1092, 1103, 1126, 1149, 1168, 1196, 1209, 1229, 1256, 1269, 1291, 1315, 1336, 1354, 1370, 1398, 1424, 1448, 1462, 1491, 1503, 1530, 1537, 1536, 4
894, 908, 940, 954, 977, 997, 998, 999, 1000, 1015, 1047, 1072, 1094, 1100, 1124, 1151, 1170, 1199, 1207, 1226, 1254, 1289, 1310, 1313, 1334, 1352, 1388, 1400, 1426, 1444, 1460, 1488, 1501, 1532, 1535, 5
894, 908, 940, 954, 977, 997, 998, 999, 1000, 1015, 1047, 1072, 1094, 1100, 1124, 1151, 1170, 1199, 1207, 1226, 1254, 1289, 1310, 1313, 1334, 1352, 1388, 1400, 1426, 1444, 1460, 1488, 1501, 1500, 1533, 1554, 6
894, 871, 830, 812, 787, 758, 755, 720, 702, 680, 671, 650, 613, 606, 586, 557, 558, 559, 538, 516, 517, 501, 481, 455, 431, 394, 390, 356, 348, 306, 289, 276, 247, 228, 227, 212, 181, 172, 136, 116, 92, 69, 46, 44, 7
894, 895, 909, 939, 938, 952, 981, 994, 993, 1023, 1037, 1038, 1060, 1085, 1112, 1136, 1140, 1159, 1184, 1220, 1221, 1242, 1247, 1281, 1304, 1326, 1346, 1347, 1366, 1382, 1406, 1412, 1439, 1440, 1455, 1485, 1498, 1514, 1552, 8
894, 895, 909, 939, 938, 952, 981, 994, 993, 1023, 1037, 1038, 1060, 1085, 1112, 1136, 1140, 1159, 1184, 1220, 1221, 1242, 1247, 1281, 1304, 1326, 1346, 1347, 1366, 1382, 1406, 1412, 1439, 1440, 1455, 1485, 1498, 1514, 1552, 9
894, 895, 909, 939, 953, 979, 995, 1020, 1033, 1063, 1088, 1108, 1132, 1145, 1162, 1189, 1215, 1235, 1262, 1277, 1299, 1323, 1343, 1344, 1363, 1379, 1409, 1414, 1437, 1472, 1481, 1513, 1518, 1549, 1550, 11, 10
894, 895, 909, 939, 953, 979, 995, 1020, 1033, 1063, 1088, 1108, 1132, 1145, 1162, 1189, 1215, 1235, 1262, 1277, 1299, 1323, 1343, 1344, 1363, 1379, 1409, 1414, 1437, 1472, 1481, 1513, 1518, 1549, 1550, 11
894, 895, 909, 939, 953, 979, 995, 1020, 1033, 1063, 1088, 1108, 1132, 1145, 1162, 1189, 1215, 1235, 1262, 1277, 1299, 1323, 1343, 1344, 1363, 1379, 1409, 1414, 1437, 1472, 1481, 1513, 1518, 1549, 12
894, 895, 909, 939, 953, 979, 995, 1020, 1033, 1063, 1088, 1108, 1132, 1145, 1162, 1189, 1215, 1235, 1262, 1277, 1299, 1323, 1343, 1344, 1363, 1379, 1409, 1414, 1437, 1472, 1481, 1513, 1519, 1547, 13
894, 895, 909, 939, 953, 979, 995, 1020, 1033, 1063, 1088, 1108, 1132, 1145, 1162, 1189, 1215, 1235, 1262, 1276, 1298, 1322, 1342, 1361, 1376, 1390, 1416, 1434, 1470, 1479, 1512, 1520, 1545, 14
894, 895, 909, 939, 953, 979, 995, 1020, 1033, 1063, 1088, 1108, 1132, 1145, 1162, 1189, 1215, 1235, 1262, 1276, 1298, 1322, 1342, 1361, 1376, 1390, 1417, 1433, 1469, 1477, 1478, 1511, 1522, 1544, 15
894, 895, 909, 939, 953, 979, 995, 1020, 1033, 1063, 1088, 1108, 1132, 1145, 1162, 1189, 1215, 1235, 1262, 1276, 1298, 1322, 1342, 1361, 1376, 1390, 1417, 1433, 1469, 1477, 1510, 1523, 1543, 16
894, 908, 940, 954, 978, 996, 1019, 1032, 1065, 1090, 1105, 1129, 1147, 1166, 1192, 1212, 1233, 1260, 1273, 1295, 1318, 1339, 1358, 1374, 1392, 1419, 1432, 1468, 1476, 1509, 1525, 1542, 17
894, 908, 940, 954, 978, 996, 1019, 1032, 1065, 1090, 1105, 1129, 1147, 1166, 1192, 1212, 1233, 1260, 1273, 1295, 1318, 1339, 1358, 1374, 1392, 1420, 1431, 1467, 1475, 1508, 1526, 1541, 18
894, 908, 940, 954, 978, 996, 1019, 1032, 1065, 1090, 1105, 1129, 1147, 1166, 1192, 1212, 1233, 1260, 1273, 1295, 1318, 1339, 1358, 1374, 1392, 1420, 1431, 1467, 1475, 1508, 1526, 1541, 19
894, 908, 940, 954, 978, 996, 1019, 1032, 1065, 1090, 1105, 1129, 1147, 1166, 1192, 1212, 1233, 1260, 1273, 1295, 1318, 1339, 1358, 1373, 1393, 1421, 1451, 1465, 1474, 1507, 1527, 1540, 20
894, 908, 940, 954, 977, 997, 1018, 1050, 1067, 1091, 1104, 1127, 1148, 1167, 1194, 1210, 1230, 1257, 1271, 1292, 1316, 1337, 1355, 1371, 1396, 1423, 1449, 1463, 1493, 1505, 1528, 1539, 21
894, 908, 940, 954, 977, 997, 998, 999, 1000, 1015, 1047, 1072, 1094, 1100, 1124, 1151, 1170, 1199, 1207, 1226, 1254, 1289, 1310, 1313, 1334, 1352, 1388, 1400, 1426, 1444, 1460, 1488, 1501, 1532, 1535, 5, 22
894, 908, 940, 954, 977, 997, 998, 999, 1000, 1015, 1047, 1072, 1094, 1100, 1124, 1151, 1170, 1199, 1207, 1226, 1254, 1289, 1310, 1313, 1334, 1352, 1388, 1400, 1426, 1444, 1460, 1488, 1501, 1532, 1535, 5, 23
894, 908, 940, 954, 977, 997, 1018, 1050, 1067, 1091, 1092, 1103, 1126, 1149, 1168, 1196, 1209, 1229, 1256, 1269, 1291, 1315, 1336, 1354, 1370, 1398, 1424, 1448, 1462, 1491, 1503, 1530, 1537, 1536, 4, 24
894, 908, 940, 954, 977, 997, 1018, 1050, 1067, 1091, 1092, 1103, 1126, 1149, 1168, 1196, 1209, 1229, 1256, 1269, 1291, 1315, 1336, 1354, 1370, 1398, 1424, 1448, 1462, 1491, 1503, 1530, 1537, 3, 25
894, 908, 940, 954, 977, 997, 1018, 1050, 1067, 1091, 1104, 1127, 1148, 1167, 1194, 1210, 1230, 1257, 1271, 1292, 1316, 1337, 1355, 1371, 1396, 1423, 1449, 1463, 1493, 1504, 1529, 1538, 0, 26
894, 908, 940, 954, 977, 997, 1018, 1050, 1067, 1091, 1104, 1127, 1148, 1167, 1194, 1210, 1230, 1257, 1271, 1292, 1316, 1337, 1355, 1371, 1396, 1423, 1449, 1463, 1493, 1505, 1528, 1539, 21, 27
894, 908, 940, 954, 977, 997, 1018, 1050, 1067, 1091, 1104, 1127, 1148, 1167, 1194, 1210, 1230, 1257, 1271, 1292, 1316, 1337, 1355, 1371, 1396, 1423, 1449, 1463, 1493, 1505, 1528, 1539, 21, 28
894, 908, 940, 954, 978, 996, 1019, 1032, 1065, 1090, 1105, 1129, 1147, 1166, 1192, 1212, 1233, 1260, 1273, 1295, 1318, 1339, 1358, 1373, 1393, 1421, 1451, 1465, 1474, 1507, 1527, 1540, 20, 29
894, 908, 940, 954, 978, 996, 1019, 1032, 1065, 1090, 1105, 1129, 1147, 1166, 1192, 1212, 1233, 1260, 1273, 1295, 1318, 1339, 1358, 1374, 1392, 1420, 1431, 1467, 1475, 1508, 1526, 1541, 18, 30
894, 908, 940, 954, 978, 996, 1019, 1032, 1065, 1090, 1105, 1129, 1147, 1166, 1192, 1212, 1233, 1260, 1273, 1295, 1318, 1339, 1358, 1374, 1392, 1419, 1432, 1468, 1476, 1509, 1525, 1542, 17, 31
894, 895, 909, 939, 953, 979, 995, 1020, 1033, 1063, 1088, 1108, 1132, 1145, 1162, 1189, 1215, 1235, 1262, 1276, 1298, 1322, 1342, 1361, 1376, 1390, 1417, 1433, 1469, 1477, 1510, 1523, 1543, 16, 32
894, 895, 909, 939, 953, 979, 995, 1020, 1033, 1063, 1088, 1108, 1132, 1145, 1162, 1189, 1215, 1235, 1262, 1276, 1298, 1322, 1342, 1361, 1376, 1390, 1417, 1433, 1469, 1477, 1478, 1511, 1522, 1544, 15, 33
894, 895, 909, 939, 953, 979, 995, 1020, 1033, 1063, 1088, 1108, 1132, 1145, 1162, 1189, 1215, 1235, 1262, 1276, 1298, 1322, 1342, 1361, 1376, 1390, 1417, 1433, 1469, 1477, 1478, 1511, 1522, 1544, 15, 34
894, 895, 909, 939, 953, 979, 995, 1020, 1033, 1063, 1088, 1108, 1132, 1145, 1162, 1189, 1215, 1235, 1262, 1276, 1298, 1322, 1342, 1361, 1376, 1390, 1416, 1434, 1470, 1479, 1512, 1520, 1545, 14, 35
894, 895, 909, 939, 953, 979, 995, 1020, 1033, 1063, 1088, 1108, 1132, 1145, 1162, 1189, 1215, 1235, 1262, 1277, 1299, 1323, 1343, 1344, 1363, 1379, 1409, 1414, 1437, 1472, 1481, 1513, 1519, 1547, 13, 36
894, 895, 909, 939, 953, 979, 995, 1020, 1033, 1063, 1088, 1108, 1132, 1145, 1162, 1189, 1215, 1235, 1262, 1277, 1299, 1323, 1343, 1344, 1363, 1379, 1409, 1414, 1437, 1472, 1481, 1513, 1518, 1549, 12, 37
894, 895, 909, 939, 953, 979, 995, 1020, 1033, 1063, 1088, 1108, 1132, 1145, 1162, 1189, 1215, 1235, 1262, 1277, 1299, 1323, 1343, 1344, 1363, 1379, 1409, 1414, 1437, 1472, 1481, 1513, 1518, 1549, 12, 38
894, 895, 909, 939, 953, 979, 995, 1020, 1033, 1063, 1088, 1108, 1132, 1145, 1162, 1189, 1215, 1235, 1262, 1277, 1299, 1323, 1343, 1344, 1363, 1379, 1409, 1414, 1437, 1472, 1481, 1513, 1518, 1549, 12, 38, 39
894, 895, 909, 939, 953, 979, 995, 1020, 1033, 1063, 1088, 1108, 1132, 1145, 1162, 1189, 1215, 1235, 1262, 1277, 1299, 1323, 1343, 1344, 1363, 1379, 1409, 1414, 1437, 1472, 1481, 1513, 1518, 1549, 12, 38, 39, 40
894, 895, 909, 939, 953, 979, 995, 1020, 1033, 1063, 1088, 1108, 1132, 1145, 1162, 1189, 1215, 1235, 1262, 1277, 1299, 1323, 1343, 1344, 1363, 1379, 1409, 1414, 1437, 1472, 1481, 1513, 1518, 1549, 12, 38, 39, 40, 41
894, 895, 909, 939, 953, 979, 995, 1020, 1033, 1063, 1088, 1108, 1132, 1145, 1162, 1189, 1215, 1235, 1262, 1277, 1299, 1323, 1343, 1344, 1363, 1379, 1409, 1414, 1437, 1472, 1481, 1513, 1518, 1549, 1550, 11, 10, 42
894, 895, 909, 939, 938, 952, 981, 994, 993, 1023, 1037, 1038, 1060, 1085, 1112, 1136, 1140, 1159, 1184, 1220, 1221, 1242, 1247, 1281, 1304, 1326, 1346, 1347, 1366, 1382, 1406, 1412, 1439, 1440, 1455, 1485, 1498, 1514, 1552, 9, 43
894, 871, 830, 812, 787, 758, 755, 720, 702, 680, 671, 650, 613, 606, 586, 557, 558, 559, 538, 516, 517, 501, 481, 455, 431, 394, 390, 356, 348, 306, 289, 276, 247, 228, 227, 212, 181, 172, 136, 116, 92, 69, 46, 44
894, 908, 940, 954, 977, 997, 998, 999, 1000, 1015, 1047, 1072, 1094, 1100, 1124, 1151, 1170, 1199, 1207, 1226, 1254, 1289, 1310, 1313, 1334, 1352, 1388, 1400, 1426, 1444, 1460, 1488, 1501, 1500, 1533, 1554, 6, 45
894, 871, 830, 812, 787, 758, 755, 720, 702, 680, 671, 650, 613, 606, 586, 557, 558, 559, 538, 516, 517, 501, 481, 455, 431, 394, 390, 356, 348, 306, 289, 276, 247, 228, 227, 212, 181, 172, 136, 116, 92, 69, 46
894, 871, 830, 812, 787, 758, 755, 720, 702, 680, 671, 650, 613, 606, 586, 557, 558, 559, 538, 516, 517, 501, 481, 455, 431, 394, 390, 356, 348, 306, 289, 276, 247, 228, 227, 212, 181, 172, 136, 116, 92, 69, 47
894, 871, 830, 812, 787, 758, 755, 720, 702, 680, 671, 650, 613, 606, 586, 557, 558, 559, 538, 516, 517, 501, 481, 455, 431, 394, 390, 356, 348, 306, 289, 276, 247, 228, 227, 212, 181, 172, 136, 116, 92, 69, 47, 48
894, 895, 909, 939, 938, 952, 981, 994, 993, 1023, 1037, 1038, 1060, 1085, 1112, 1136, 1140, 1159, 1184, 1220, 1221, 1242, 1247, 1281, 1304, 1326, 1346, 1347, 1366, 1382, 1406, 1412, 1439, 1440, 1455, 1485, 1498, 1514, 1552, 9, 43, 49
894, 895, 909, 939, 953, 979, 995, 1020, 1033, 1063, 1088, 1108, 1132, 1145, 1162, 1189, 1215, 1235, 1262, 1277, 1299, 1323, 1343, 1344, 1363, 1379, 1409, 1414, 1437, 1472, 1481, 1513, 1518, 1549, 12, 38, 53, 52, 51, 50
894, 895, 909, 939, 953, 979, 995, 1020, 1033, 1063, 1088, 1108, 1132, 1145, 1162, 1189, 1215, 1235, 1262, 1277, 1299, 1323, 1343, 1344, 1363, 1379, 1409, 1414, 1437, 1472, 1481, 1513, 1518, 1549, 12, 38, 53, 52, 51
894, 895, 909, 939, 953, 979, 995, 1020, 1033, 1063, 1088, 1108, 1132, 1145, 1162, 1189, 1215, 1235, 1262, 1277, 1299, 1323, 1343, 1344, 1363, 1379, 1409, 1414, 1437, 1472, 1481, 1513, 1518, 1549, 12, 38, 53, 52
894, 895, 909, 939, 953, 979, 995, 1020, 1033, 1063, 1088, 1108, 1132, 1145, 1162, 1189, 1215, 1235, 1262, 1277, 1299, 1323, 1343, 1344, 1363, 1379, 1409, 1414, 1437, 1472, 1481, 1513, 1518, 1549, 12, 38, 53
894, 895, 909, 939, 953, 979, 995, 1020, 1033, 1063, 1088, 1108, 1132, 1145, 1162, 1189, 1215, 1235, 1262, 1277, 1299, 1323, 1343, 1344, 1363, 1379, 1409, 1414, 1437, 1472, 1481, 1513, 1518, 1549, 12, 37, 54
894, 871, 830, 812, 787, 758, 755, 720, 702, 680, 670, 649, 632, 608, 588, 553, 544, 510, 494, 466, 446, 422, 402, 376, 370, 337, 319, 299, 266, 258, 238, 201, 194, 164, 151, 123, 99, 76, 55
894, 871, 830, 812, 787, 758, 755, 720, 702, 680, 670, 649, 632, 608, 588, 553, 544, 510, 494, 466, 446, 422, 402, 376, 370, 337, 319, 299, 266, 258, 238, 201, 193, 162, 149, 124, 100, 77, 56
894, 895, 909, 939, 953, 979, 995, 1020, 1033, 1063, 1088, 1108, 1132, 1145, 1162, 1189, 1215, 1235, 1262, 1276, 1298, 1322, 1342, 1361, 1376, 1390, 1417, 1433, 1469, 1477, 1478, 1511, 1522, 1544, 15, 33, 57
894, 895, 909, 939, 953, 979, 995, 1020, 1033, 1063, 1088, 1108, 1132, 1145, 1162, 1189, 1215, 1235, 1262, 1276, 1298, 1322, 1342, 1361, 1376, 1390, 1417, 1433, 1469, 1477, 1510, 1523, 1543, 16, 32, 58
894, 908, 940, 954, 978, 996, 1019, 1032, 1065, 1090, 1105, 1129, 1147, 1166, 1192, 1212, 1233, 1260, 1273, 1295, 1318, 1339, 1358, 1374, 1392, 1419, 1432, 1468, 1476, 1509, 1525, 1542, 17, 31, 59
894, 908, 940, 954, 978, 996, 1019, 1032, 1065, 1090, 1105, 1129, 1147, 1166, 1192, 1212, 1233, 1260, 1273, 1295, 1318, 1339, 1358, 1374, 1392, 1420, 1431, 1467, 1475, 1508, 1526, 1541, 18, 30, 60
894, 908, 940, 954, 978, 996, 1019, 1032, 1065, 1090, 1105, 1129, 1147, 1166, 1192, 1212, 1233, 1260, 1273, 1295, 1318, 1339, 1358, 1373, 1393, 1421, 1451, 1465, 1474, 1507, 1527, 1540, 20, 29, 61
894, 908, 940, 954, 977, 997, 1018, 1050, 1067, 1091, 1104, 1127, 1148, 1167, 1194, 1210, 1230, 1257, 1271, 1292, 1316, 1337, 1355, 1371, 1396, 1423, 1449, 1463, 1493, 1505, 1528, 1539, 21, 27, 62
894, 908, 940, 954, 977, 997, 1018, 1050, 1067, 1091, 1104, 1127, 1148, 1167, 1194, 1210, 1230, 1257, 1271, 1292, 1316, 1337, 1355, 1371, 1396, 1423, 1449, 1463, 1493, 1504, 1529, 1538, 0, 26, 63
894, 908, 940, 954, 977, 997, 1018, 1050, 1067, 1091, 1104, 1127, 1148, 1167, 1194, 1210, 1230, 1257, 1271, 1292, 1316, 1337, 1355, 1371, 1396, 1423, 1449, 1463, 1493, 1504, 1529, 1538, 0, 26, 64
894, 908, 940, 954, 977, 997, 1018, 1050, 1067, 1091, 1092, 1103, 1126, 1149, 1168, 1196, 1209, 1229, 1256, 1269, 1291, 1315, 1336, 1354, 1370, 1398, 1424, 1448, 1462, 1491, 1503, 1530, 1537, 3, 25, 65
894, 908, 940, 954, 977, 997, 1018, 1050, 1067, 1091, 1092, 1103, 1126, 1149, 1168, 1196, 1209, 1229, 1256, 1269, 1291, 1315, 1336, 1354, 1370, 1398, 1424, 1448, 1462, 1491, 1503, 1530, 1537, 1536, 4, 24, 66
894, 908, 940, 954, 977, 997, 998, 999, 1000, 1015, 1047, 1072, 1094, 1100, 1124, 1151, 1170, 1199, 1207, 1226, 1254, 1289, 1310, 1313, 1334, 1352, 1388, 1400, 1426, 1444, 1460, 1488, 1501, 1532, 1535, 5, 23, 67
894, 871, 830, 812, 787, 758, 755, 720, 702, 680, 671, 650, 613, 606, 586, 557, 558, 559, 538, 516, 517, 501, 481, 455, 431, 394, 390, 356, 348, 306, 289, 276, 247, 228, 227, 212, 181, 172, 137, 115, 91, 68
894, 871, 830, 812, 787, 758, 755, 720, 702, 680, 671, 650, 613, 606, 586, 557, 558, 559, 538, 516, 517, 501, 481, 455, 431, 394, 390, 356, 348, 306, 289, 276, 247, 228, 227, 212, 181, 172, 136, 116, 92, 69
894, 871, 830, 812, 787, 758, 755, 720, 702, 680, 671, 650, 613, 606, 586, 557, 558, 559, 538, 516, 517, 501, 481, 455, 431, 394, 390, 356, 348, 306, 289, 276, 247, 228, 227, 212, 181, 172, 136, 116, 92, 69, 70
894, 871, 830, 812, 787, 758, 755, 720, 702, 680, 671, 650, 613, 606, 586, 557, 558, 559, 538, 516, 517, 501, 481, 455, 431, 394, 390, 356, 348, 306, 289, 276, 247, 228, 227, 212, 181, 172, 136, 116, 92, 69, 70, 71
894, 895, 909, 939, 938, 952, 981, 994, 993, 1023, 1037, 1038, 1060, 1085, 1112, 1136, 1140, 1159, 1184, 1220, 1221, 1242, 1247, 1281, 1304, 1326, 1346, 1347, 1366, 1382, 1406, 1412, 1439, 1440, 1455, 1485, 1498, 1514, 1552, 9, 43, 49, 72
894, 895, 909, 939, 953, 979, 995, 1020, 1033, 1063, 1088, 1108, 1132, 1145, 1162, 1189, 1215, 1235, 1262, 1277, 1299, 1323, 1343, 1344, 1363, 1379, 1409, 1414, 1437, 1472, 1481, 1513, 1518, 1549, 12, 38, 53, 74, 73
894, 895, 909, 939, 953, 979, 995, 1020, 1033, 1063, 1088, 1108, 1132, 1145, 1162, 1189, 1215, 1235, 1262, 1277, 1299, 1323, 1343, 1344, 1363, 1379, 1409, 1414, 1437, 1472, 1481, 1513, 1518, 1549, 12, 38, 53, 74
894, 871, 830, 812, 787, 758, 755, 720, 702, 680, 670, 649, 632, 608, 588, 553, 544, 510, 494, 493, 467, 445, 421, 403, 378, 368, 338, 318, 300, 265, 260, 239, 202, 195, 165, 152, 122, 98, 75
894, 871, 830, 812, 787, 758, 755, 720, 702, 680, 670, 649, 632, 608, 588, 553, 544, 510, 494, 466, 446, 422, 402, 376, 370, 337, 319, 299, 266, 258, 238, 201, 194, 164, 151, 123, 99, 76
894, 871, 830, 812, 787, 758, 755, 720, 702, 680, 670, 649, 632, 608, 588, 553, 544, 510, 494, 466, 446, 422, 402, 376, 370, 337, 319, 299, 266, 258, 238, 201, 193, 162, 149, 124, 100, 77
894, 895, 909, 939, 953, 979, 995, 1020, 1033, 1063, 1088, 1108, 1132, 1145, 1162, 1189, 1215, 1235, 1262, 1276, 1298, 1322, 1342, 1361, 1376, 1390, 1417, 1433, 1469, 1477, 1478, 1511, 1522, 1544, 15, 33, 57, 78
894, 895, 909, 939, 953, 979, 995, 1020, 1033, 1063, 1088, 1108, 1132, 1145, 1162, 1189, 1215, 1235, 1262, 1276, 1298, 1322, 1342, 1361, 1376, 1390, 1417, 1433, 1469, 1477, 1510, 1523, 1543, 16, 32, 58, 79
894, 895, 909, 939, 953, 979, 995, 1020, 1033, 1063, 1088, 1108, 1132, 1145, 1162, 1189, 1215, 1235, 1262, 1276, 1298, 1322, 1342, 1361, 1376, 1390, 1417, 1433, 1469, 1477, 1510, 1523, 1543, 16, 32, 58, 80
894, 908, 940, 954, 978, 996, 1019, 1032, 1065, 1090, 1105, 1129, 1147, 1166, 1192, 1212, 1233, 1260, 1273, 1295, 1318, 1339, 1358, 1374, 1392, 1419, 1432, 1468, 1476, 1509, 1525, 1542, 17, 31, 59, 81
894, 908, 940, 954, 978, 996, 1019, 1032, 1065, 1090, 1105, 1129, 1147, 1166, 1192, 1212, 1233, 1260, 1273, 1295, 1318, 1339, 1358, 1374, 1392, 1420, 1431, 1467, 1475, 1508, 1526, 1541, 18, 30, 60, 82
894, 871, 830, 812, 787, 758, 755, 720, 702, 680, 671, 650, 633, 607, 587, 555, 541, 513, 496, 464, 450, 426, 399, 373, 352, 331, 324, 293, 272, 252, 232, 217, 187, 156, 143, 130, 106, 83
894, 908, 940, 954, 977, 997, 1018, 1050, 1067, 1091, 1104, 1127, 1148, 1167, 1194, 1210, 1230, 1257, 1271, 1292, 1316, 1337, 1355, 1371, 1396, 1423, 1449, 1463, 1493, 1505, 1528, 1539, 21, 27, 62, 84
894, 908, 940, 954, 977, 997, 1018, 1050, 1067, 1091, 1104, 1127, 1148, 1167, 1194, 1210, 1230, 1257, 1271, 1292, 1316, 1337, 1355, 1371, 1396, 1423, 1449, 1463, 1493, 1504, 1529, 1538, 0, 26, 64, 85
894, 908, 940, 954, 977, 997, 1018, 1050, 1067, 1091, 1092, 1103, 1126, 1149, 1168, 1196, 1209, 1229, 1256, 1269, 1291, 1315, 1336, 1354, 1370, 1398, 1424, 1448, 1462, 1491, 1503, 1530, 1537, 3, 25, 65, 86
894, 908, 940, 954, 977, 997, 1018, 1050, 1067, 1091, 1092, 1103, 1126, 1149, 1168, 1196, 1209, 1229, 1256, 1269, 1291, 1315, 1336, 1354, 1370, 1398, 1424, 1448, 1462, 1491, 1503, 1530, 1537, 1536, 4, 24, 66, 87
894, 871, 830, 812, 787, 758, 755, 720, 702, 680, 671, 650, 613, 606, 586, 557, 558, 559, 538, 516, 517, 501, 481, 455, 431, 394, 390, 356, 348, 306, 289, 276, 247, 228, 227, 212, 181, 172, 137, 115, 91, 88
894, 908, 940, 954, 977, 997, 1018, 1050, 1067, 1091, 1092, 1103, 1126, 1149, 1168, 1196, 1209, 1229, 1256, 1269, 1291, 1315, 1336, 1354, 1370, 1398, 1424, 1448, 1462, 1491, 1503, 1530, 1537, 3, 25, 65, 86, 89
894, 871, 830, 812, 787, 758, 755, 720, 702, 680, 671, 650, 613, 606, 586, 557, 558, 559, 538, 516, 517, 501, 481, 455, 431, 394, 390, 356, 348, 306, 289, 276, 247, 228, 227, 212, 182, 173, 138, 114, 90
894, 871, 830, 812, 787, 758, 755, 720, 702, 680, 671, 650, 613, 606, 586, 557, 558, 559, 538, 516, 517, 501, 481, 455, 431, 394, 390, 356, 348, 306, 289, 276, 247, 228, 227, 212, 181, 172, 137, 115, 91
894, 871, 830, 812, 787, 758, 755, 720, 702, 680, 671, 650, 613, 606, 586, 557, 558, 559, 538, 516, 517, 501, 481, 455, 431, 394, 390, 356, 348, 306, 289, 276, 247, 228, 227, 212, 181, 172, 136, 116, 92
894, 871, 830, 812, 787, 758, 755, 720, 702, 680, 671, 650, 613, 606, 586, 557, 558, 559, 538, 516, 517, 501, 481, 455, 431, 394, 390, 356, 348, 306, 289, 276, 247, 228, 227, 212, 181, 172, 136, 116, 92, 93
894, 895, 896, 870, 831, 814, 791, 761, 753, 736, 704, 677, 668, 647, 630, 610, 571, 572, 550, 547, 507, 490, 470, 443, 418, 405, 380, 365, 340, 315, 301, 284, 261, 241, 204, 196, 166, 153, 154, 155, 120, 95, 94
894, 895, 896, 870, 831, 814, 791, 761, 753, 736, 704, 677, 668, 647, 630, 610, 571, 572, 550, 547, 507, 490, 470, 443, 418, 405, 380, 365, 340, 315, 301, 284, 261, 241, 204, 196, 166, 153, 154, 155, 120, 95
894, 895, 896, 870, 831, 814, 791, 761, 753, 736, 704, 677, 668, 647, 630, 610, 571, 572, 550, 547, 507, 490, 470, 443, 418, 405, 380, 365, 340, 315, 301, 284, 261, 241, 204, 196, 166, 153, 121, 96
894, 871, 830, 812, 787, 758, 755, 720, 702, 680, 670, 649, 632, 608, 588, 553, 544, 510, 494, 493, 467, 445, 421, 403, 378, 368, 338, 318, 300, 265, 260, 239, 202, 195, 165, 152, 122, 97
894, 871, 830, 812, 787, 758, 755, 720, 702, 680, 670, 649, 632, 608, 588, 553, 544, 510, 494, 493, 467, 445, 421, 403, 378, 368, 338, 318, 300, 265, 260, 239, 202, 195, 165, 152, 122, 98
894, 871, 830, 812, 787, 758, 755, 720, 702, 680, 670, 649, 632, 608, 588, 553, 544, 510, 494, 466, 446, 422, 402, 376, 370, 337, 319, 299, 266, 258, 238, 201, 194, 164, 151, 123, 99
894, 871, 830, 812, 787, 758, 755, 720, 702, 680, 670, 649, 632, 608, 588, 553, 544, 510, 494, 466, 446, 422, 402, 376, 370, 337, 319, 299, 266, 258, 238, 201, 193, 162, 149, 124, 100
894, 871, 830, 812, 787, 758, 755, 720, 702, 680, 670, 649, 632, 608, 588, 553, 544, 510, 494, 466, 446, 422, 402, 376, 370, 337, 319, 299, 266, 258, 238, 201, 193, 162, 149, 148, 125, 101
894, 895, 909, 939, 953, 979, 995, 1020, 1033, 1063, 1088, 1108, 1132, 1145, 1162, 1189, 1215, 1235, 1262, 1276, 1298, 1322, 1342, 1361, 1376, 1390, 1417, 1433, 1469, 1477, 1510, 1523, 1543, 16, 32, 58, 80, 102
894, 871, 830, 812, 787, 758, 755, 720, 702, 680, 671, 650, 633, 607, 587, 555, 541, 513, 496, 464, 449, 425, 400, 374, 350, 333, 323, 295, 269, 255, 235, 220, 191, 160, 147, 126, 103
894, 908, 940, 954, 978, 996, 1019, 1032, 1065, 1090, 1105, 1129, 1147, 1166, 1192, 1212, 1233, 1260, 1273, 1295, 1318, 1339, 1358, 1374, 1392, 1419, 1432, 1468, 1476, 1509, 1525, 1542, 17, 31, 59, 81, 104
894, 871, 830, 812, 787, 758, 755, 720, 702, 680, 671, 650, 633, 607, 587, 555, 541, 513, 496, 464, 450, 426, 399, 373, 352, 331, 324, 294, 270, 254, 233, 219, 190, 158, 145, 128, 105
894, 871, 830, 812, 787, 758, 755, 720, 702, 680, 671, 650, 633, 607, 587, 555, 541, 513, 496, 464, 450, 426, 399, 373, 352, 331, 324, 293, 272, 252, 232, 217, 187, 156, 143, 130, 106
894, 908, 940, 954, 977, 997, 1018, 1050, 1067, 1091, 1104, 1127, 1148, 1167, 1194, 1210, 1230, 1257, 1271, 1292, 1316, 1337, 1355, 1371, 1396, 1423, 1449, 1463, 1493, 1505, 1528, 1539, 21, 27, 62, 84, 107
894, 908, 940, 954, 977, 997, 1018, 1050, 1067, 1091, 1104, 1127, 1148, 1167, 1194, 1210, 1230, 1257, 1271, 1292, 1316, 1337, 1355, 1371, 1396, 1423, 1449, 1463, 1493, 1504, 1529, 1538, 0, 26, 64, 85, 108
894, 908, 940, 954, 977, 997, 1018, 1050, 1067, 1091, 1104, 1127, 1148, 1167, 1194, 1210, 1230, 1257, 1271, 1292, 1316, 1337, 1355, 1371, 1396, 1423, 1449, 1463, 1493, 1504, 1529, 1538, 0, 26, 64, 85, 109
894, 871, 830, 812, 787, 758, 755, 720, 702, 680, 671, 650, 633, 607, 587, 555, 541, 513, 496, 464, 450, 426, 399, 373, 352, 331, 324, 293, 272, 252, 232, 217, 187, 186, 177, 142, 110
894, 908, 940, 954, 977, 997, 1018, 1050, 1067, 1091, 1104, 1127, 1148, 1167, 1194, 1210, 1230, 1257, 1271, 1292, 1316, 1337, 1355, 1371, 1396, 1423, 1449, 1463, 1493, 1504, 1529, 1538, 0, 26, 64, 85, 109, 111
894, 908, 940, 954, 977, 997, 1018, 1050, 1067, 1091, 1092, 1103, 1126, 1149, 1168, 1196, 1209, 1229, 1256, 1269, 1291, 1315, 1336, 1354, 1370, 1398, 1424, 1448, 1462, 1491, 1503, 1530, 1537, 3, 25, 65, 86, 89, 112
894, 871, 830, 812, 787, 758, 755, 720, 702, 680, 671, 650, 613, 606, 586, 557, 558, 559, 538, 516, 517, 501, 481, 455, 431, 394, 390, 356, 348, 306, 289, 276, 247, 228, 213, 183, 175, 140, 113
894, 871, 830, 812, 787, 758, 755, 720, 702, 680, 671, 650, 613, 606, 586, 557, 558, 559, 538, 516, 517, 501, 481, 455, 431, 394, 390, 356, 348, 306, 289, 276, 247, 228, 227, 212, 182, 173, 138, 114
894, 871, 830, 812, 787, 758, 755, 720, 702, 680, 671, 650, 613, 606, 586, 557, 558, 559, 538, 516, 517, 501, 481, 455, 431, 394, 390, 356, 348, 306, 289, 276, 247, 228, 227, 212, 181, 172, 137, 115
894, 871, 830, 812, 787, 758, 755, 720, 702, 680, 671, 650, 613, 606, 586, 557, 558, 559, 538, 516, 517, 501, 481, 455, 431, 394, 390, 356, 348, 306, 289, 276, 247, 228, 227, 212, 181, 172, 136, 116
894, 871, 830, 812, 787, 758, 755, 720, 702, 680, 671, 650, 613, 606, 586, 557, 558, 559, 538, 516, 517, 501, 481, 455, 431, 394, 390, 356, 348, 306, 289, 276, 247, 228, 227, 212, 181, 172, 136, 116, 117
894, 895, 896, 870, 831, 814, 791, 761, 753, 736, 704, 677, 668, 647, 630, 610, 571, 572, 550, 547, 507, 506, 489, 471, 442, 417, 406, 381, 364, 341, 312, 303, 282, 263, 222, 206, 198, 169, 132, 133, 118
894, 895, 896, 870, 831, 814, 791, 761, 753, 736, 704, 677, 668, 647, 630, 610, 571, 572, 550, 547, 507, 506, 489, 471, 442, 417, 406, 381, 364, 341, 312, 303, 282, 263, 222, 206, 198, 169, 132, 119
894, 895, 896, 870, 831, 814, 791, 761, 753, 736, 704, 677, 668, 647, 630, 610, 571, 572, 550, 547, 507, 490, 470, 443, 418, 405, 380, 365, 340, 315, 301, 284, 261, 241, 204, 196, 166, 153, 154, 155, 120
894, 895, 896, 870, 831, 814, 791, 761, 753, 736, 704, 677, 668, 647, 630, 610, 571, 572, 550, 547, 507, 490, 470, 443, 418, 405, 380, 365, 340, 315, 301, 284, 261, 241, 204, 196, 166, 153, 121
894, 871, 830, 812, 787, 758, 755, 720, 702, 680, 670, 649, 632, 608, 588, 553, 544, 510, 494, 493, 467, 445, 421, 403, 378, 368, 338, 318, 300, 265, 260, 239, 202, 195, 165, 152, 122
894, 871, 830, 812, 787, 758, 755, 720, 702, 680, 670, 649, 632, 608, 588, 553, 544, 510, 494, 466, 446, 422, 402, 376, 370, 337, 319, 299, 266, 258, 238, 201, 194, 164, 151, 123
894, 871, 830, 812, 787, 758, 755, 720, 702, 680, 670, 649, 632, 608, 588, 553, 544, 510, 494, 466, 446, 422, 402, 376, 370, 337, 319, 299, 266, 258, 238, 201, 193, 162, 149, 124
894, 871, 830, 812, 787, 758, 755, 720, 702, 680, 670, 649, 632, 608, 588, 553, 544, 510, 494, 466, 446, 422, 402, 376, 370, 337, 319, 299, 266, 258, 238, 201, 193, 162, 149, 148, 125
894, 871, 830, 812, 787, 758, 755, 720, 702, 680, 671, 650, 633, 607, 587, 555, 541, 513, 496, 464, 449, 425, 400, 374, 350, 333, 323, 295, 269, 255, 235, 220, 191, 160, 147, 126
894, 871, 830, 812, 787, 758, 755, 720, 702, 680, 671, 650, 633, 607, 587, 555, 541, 513, 496, 464, 450, 426, 399, 373, 352, 331, 324, 294, 270, 254, 233, 219, 190, 159, 146, 127
894, 871, 830, 812, 787, 758, 755, 720, 702, 680, 671, 650, 633, 607, 587, 555, 541, 513, 496, 464, 450, 426, 399, 373, 352, 331, 324, 294, 270, 254, 233, 219, 190, 158, 145, 128
894, 871, 830, 812, 787, 758, 755, 720, 702, 680, 671, 650, 633, 607, 587, 555, 541, 513, 496, 464, 450, 426, 399, 373, 352, 331, 324, 294, 270, 254, 233, 219, 190, 158, 145, 129
894, 871, 830, 812, 787, 758, 755, 720, 702, 680, 671, 650, 633, 607, 587, 555, 541, 513, 496, 464, 450, 426, 399, 373, 352, 331, 324, 293, 272, 252, 232, 217, 187, 156, 143, 130
894, 895, 896, 870, 831, 814, 791, 761, 753, 736, 704, 677, 668, 647, 630, 610, 571, 572, 550, 547, 507, 490, 470, 443, 418, 405, 380, 365, 340, 315, 301, 284, 261, 241, 204, 196, 166, 153, 154, 155, 131
894, 895, 896, 870, 831, 814, 791, 761, 753, 736, 704, 677, 668, 647, 630, 610, 571, 572, 550, 547, 507, 506, 489, 471, 442, 417, 406, 381, 364, 341, 312, 303, 282, 263, 222, 206, 198, 169, 132
894, 895, 896, 870, 831, 814, 791, 761, 753, 736, 704, 677, 668, 647, 630, 610, 571, 572, 550, 547, 507, 506, 489, 471, 442, 417, 406, 381, 364, 341, 312, 303, 282, 263, 222, 206, 198, 169, 132, 133
894, 895, 896, 870, 831, 814, 791, 761, 753, 736, 704, 677, 668, 647, 630, 610, 571, 572, 550, 547, 507, 506, 489, 471, 442, 417, 406, 381, 364, 341, 312, 303, 282, 263, 222, 223, 207, 178, 170, 134
894, 871, 830, 812, 787, 758, 755, 720, 702, 680, 671, 650, 613, 606, 586, 557, 558, 559, 538, 516, 517, 501, 481, 455, 431, 394, 390, 356, 348, 306, 289, 276, 247, 228, 227, 212, 181, 172, 136, 135
894, 871, 830, 812, 787, 758, 755, 720, 702, 680, 671, 650, 613, 606, 586, 557, 558, 559, 538, 516, 517, 501, 481, 455, 431, 394, 390, 356, 348, 306, 289, 276, 247, 228, 227, 212, 181, 172, 136
894, 871, 830, 812, 787, 758, 755, 720, 702, 680, 671, 650, 613, 606, 586, 557, 558, 559, 538, 516, 517, 501, 481, 455, 431, 394, 390, 356, 348, 306, 289, 276, 247, 228, 227, 212, 181, 172, 137
894, 871, 830, 812, 787, 758, 755, 720, 702, 680, 671, 650, 613, 606, 586, 557, 558, 559, 538, 516, 517, 501, 481, 455, 431, 394, 390, 356, 348, 306, 289, 276, 247, 228, 227, 212, 182, 173, 138
894, 871, 830, 812, 787, 758, 755, 720, 702, 680, 671, 650, 613, 606, 586, 557, 558, 559, 538, 516, 517, 501, 481, 455, 431, 394, 390, 356, 348, 306, 289, 276, 247, 228, 227, 212, 182, 173, 139
894, 871, 830, 812, 787, 758, 755, 720, 702, 680, 671, 650, 613, 606, 586, 557, 558, 559, 538, 516, 517, 501, 481, 455, 431, 394, 390, 356, 348, 306, 289, 276, 247, 228, 213, 183, 175, 140
894, 871, 830, 812, 787, 758, 755, 720, 702, 680, 671, 650, 633, 607, 587, 555, 541, 513, 496, 464, 450, 426, 399, 373, 352, 331, 324, 293, 272, 252, 232, 217, 187, 186, 177, 176, 141
894, 871, 830, 812, 787, 758, 755, 720, 702, 680, 671, 650, 633, 607, 587, 555, 541, 513, 496, 464, 450, 426, 399, 373, 352, 331, 324, 293, 272, 252, 232, 217, 187, 186, 177, 142
894, 871, 830, 812, 787, 758, 755, 720, 702, 680, 671, 650, 633, 607, 587, 555, 541, 513, 496, 464, 450, 426, 399, 373, 352, 331, 324, 293, 272, 252, 232, 217, 187, 156, 143
894, 871, 830, 812, 787, 758, 755, 720, 702, 680, 671, 650, 633, 607, 587, 555, 541, 513, 496, 464, 450, 426, 399, 373, 352, 331, 324, 294, 270, 254, 233, 219, 190, 158, 144
894, 871, 830, 812, 787, 758, 755, 720, 702, 680, 671, 650, 633, 607, 587, 555, 541, 513, 496, 464, 450, 426, 399, 373, 352, 331, 324, 294, 270, 254, 233, 219, 190, 158, 145
894, 871, 830, 812, 787, 758, 755, 720, 702, 680, 671, 650, 633, 607, 587, 555, 541, 513, 496, 464, 450, 426, 399, 373, 352, 331, 324, 294, 270, 254, 233, 219, 190, 159, 146
894, 871, 830, 812, 787, 758, 755, 720, 702, 680, 671, 650, 633, 607, 587, 555, 541, 513, 496, 464, 449, 425, 400, 374, 350, 333, 323, 295, 269, 255, 235, 220, 191, 160, 147
894, 871, 830, 812, 787, 758, 755, 720, 702, 680, 670, 649, 632, 608, 588, 553, 544, 510, 494, 466, 446, 422, 402, 376, 370, 337, 319, 299, 266, 258, 238, 201, 193, 162, 149, 148
894, 871, 830, 812, 787, 758, 755, 720, 702, 680, 670, 649, 632, 608, 588, 553, 544, 510, 494, 466, 446, 422, 402, 376, 370, 337, 319, 299, 266, 258, 238, 201, 193, 162, 149
894, 871, 830, 812, 787, 758, 755, 720, 702, 680, 670, 649, 632, 608, 588, 553, 544, 510, 494, 466, 446, 422, 402, 376, 370, 337, 319, 299, 266, 258, 238, 201, 193, 162, 149, 150
894, 871, 830, 812, 787, 758, 755, 720, 702, 680, 670, 649, 632, 608, 588, 553, 544, 510, 494, 466, 446, 422, 402, 376, 370, 337, 319, 299, 266, 258, 238, 201, 194, 164, 151
894, 871, 830, 812, 787, 758, 755, 720, 702, 680, 670, 649, 632, 608, 588, 553, 544, 510, 494, 493, 467, 445, 421, 403, 378, 368, 338, 318, 300, 265, 260, 239, 202, 195, 165, 152
894, 895, 896, 870, 831, 814, 791, 761, 753, 736, 704, 677, 668, 647, 630, 610, 571, 572, 550, 547, 507, 490, 470, 443, 418, 405, 380, 365, 340, 315, 301, 284, 261, 241, 204, 196, 166, 153
894, 895, 896, 870, 831, 814, 791, 761, 753, 736, 704, 677, 668, 647, 630, 610, 571, 572, 550, 547, 507, 490, 470, 443, 418, 405, 380, 365, 340, 315, 301, 284, 261, 241, 204, 196, 166, 153, 154
894, 895, 896, 870, 831, 814, 791, 761, 753, 736, 704, 677, 668, 647, 630, 610, 571, 572, 550, 547, 507, 490, 470, 443, 418, 405, 380, 365, 340, 315, 301, 284, 261, 241, 204, 196, 166, 153, 154, 155
894, 871, 830, 812, 787, 758, 755, 720, 702, 680, 671, 650, 633, 607, 587, 555, 541, 513, 496, 464, 450, 426, 399, 373, 352, 331, 324, 293, 272, 252, 232, 217, 187, 156
894, 871, 830, 812, 787, 758, 755, 720, 702, 680, 671, 650, 633, 607, 587, 555, 541, 513, 496, 464, 450, 426, 399, 373, 352, 331, 324, 294, 270, 254, 233, 219, 190, 158, 157
894, 871, 830, 812, 787, 758, 755, 720, 702, 680, 671, 650, 633, 607, 587, 555, 541, 513, 496, 464, 450, 426, 399, 373, 352, 331, 324, 294, 270, 254, 233, 219, 190, 158
894, 871, 830, 812, 787, 758, 755, 720, 702, 680, 671, 650, 633, 607, 587, 555, 541, 513, 496, 464, 450, 426, 399, 373, 352, 331, 324, 294, 270, 254, 233, 219, 190, 159
894, 871, 830, 812, 787, 758, 755, 720, 702, 680, 671, 650, 633, 607, 587, 555, 541, 513, 496, 464, 449, 425, 400, 374, 350, 333, 323, 295, 269, 255, 235, 220, 191, 160
894, 871, 830, 812, 787, 758, 755, 720, 702, 680, 671, 650, 633, 607, 587, 555, 541, 513, 496, 464, 449, 425, 400, 374, 350, 334, 335, 322, 296, 268, 256, 236, 221, 192, 161
894, 871, 830, 812, 787, 758, 755, 720, 702, 680, 670, 649, 632, 608, 588, 553, 544, 510, 494, 466, 446, 422, 402, 376, 370, 337, 319, 299, 266, 258, 238, 201, 193, 162
894, 871, 830, 812, 787, 758, 755, 720, 702, 680, 670, 649, 632, 608, 588, 553, 544, 510, 494, 466, 446, 422, 402, 376, 370, 337, 319, 299, 266, 258, 238, 201, 193, 163
894, 871, 830, 812, 787, 758, 755, 720, 702, 680, 670, 649, 632, 608, 588, 553, 544, 510, 494, 466, 446, 422, 402, 376, 370, 337, 319, 299, 266, 258, 238, 201, 194, 164
894, 871, 830, 812, 787, 758, 755, 720, 702, 680, 670, 649, 632, 608, 588, 553, 544, 510, 494, 493, 467, 445, 421, 403, 378, 368, 338, 318, 300, 265, 260, 239, 202, 195, 165
894, 895, 896, 870, 831, 814, 791, 761, 753, 736, 704, 677, 668, 647, 630, 610, 571, 572, 550, 547, 507, 490, 470, 443, 418, 405, 380, 365, 340, 315, 301, 284, 261, 241, 204, 196, 166
894, 895, 896, 870, 831, 814, 791, 761, 753, 736, 704, 677, 668, 647, 630, 610, 571, 572, 550, 547, 507, 490, 470, 443, 418, 405, 380, 365, 340, 315, 301, 284, 261, 241, 204, 196, 197, 167
894, 895, 896, 870, 831, 814, 791, 761, 753, 736, 704, 677, 668, 647, 630, 610, 571, 572, 550, 547, 507, 490, 470, 443, 418, 405, 380, 365, 340, 315, 301, 284, 261, 241, 204, 196, 197, 167, 168
894, 895, 896, 870, 831, 814, 791, 761, 753, 736, 704, 677, 668, 647, 630, 610, 571, 572, 550, 547, 507, 506, 489, 471, 442, 417, 406, 381, 364, 341, 312, 303, 282, 263, 222, 206, 198, 169
894, 895, 896, 870, 831, 814, 791, 761, 753, 736, 704, 677, 668, 647, 630, 610, 571, 572, 550, 547, 507, 506, 489, 471, 442, 417, 406, 381, 364, 341, 312, 303, 282, 263, 222, 223, 207, 178, 170
894, 871, 830, 812, 787, 758, 755, 720, 702, 680, 671, 650, 613, 606, 586, 557, 558, 559, 538, 516, 517, 501, 481, 455, 431, 394, 390, 356, 348, 306, 289, 276, 247, 228, 227, 226, 210, 179, 171
894, 871, 830, 812, 787, 758, 755, 720, 702, 680, 671, 650, 613, 606, 586, 557, 558, 559, 538, 516, 517, 501, 481, 455, 431, 394, 390, 356, 348, 306, 289, 276, 247, 228, 227, 212, 181, 172
894, 871, 830, 812, 787, 758, 755, 720, 702, 680, 671, 650, 613, 606, 586, 557, 558, 559, 538, 516, 517, 501, 481, 455, 431, 394, 390, 356, 348, 306, 289, 276, 247, 228, 227, 212, 182, 173
894, 871, 830, 812, 787, 758, 755, 720, 702, 680, 671, 650, 613, 606, 586, 557, 558, 559, 538, 516, 517, 501, 481, 455, 431, 394, 390, 356, 348, 306, 289, 276, 247, 228, 227, 212, 182, 174
894, 871, 830, 812, 787, 758, 755, 720, 702, 680, 671, 650, 613, 606, 586, 557, 558, 559, 538, 516, 517, 501, 481, 455, 431, 394, 390, 356, 348, 306, 289, 276, 247, 228, 213, 183, 175
894, 871, 830, 812, 787, 758, 755, 720, 702, 680, 671, 650, 633, 607, 587, 555, 541, 513, 496, 464, 450, 426, 399, 373, 352, 331, 324, 293, 272, 252, 232, 217, 187, 186, 177, 176
894, 871, 830, 812, 787, 758, 755, 720, 702, 680, 671, 650, 633, 607, 587, 555, 541, 513, 496, 464, 450, 426, 399, 373, 352, 331, 324, 293, 272, 252, 232, 217, 187, 186, 177
894, 895, 896, 870, 831, 814, 791, 761, 753, 736, 704, 677, 668, 647, 630, 610, 571, 572, 550, 547, 507, 506, 489, 471, 442, 417, 406, 381, 364, 341, 312, 303, 282, 263, 222, 223, 207, 178
894, 871, 830, 812, 787, 758, 755, 720, 702, 680, 671, 650, 613, 606, 586, 557, 558, 559, 538, 516, 517, 501, 481, 455, 431, 394, 390, 356, 348, 306, 289, 276, 247, 228, 227, 226, 210, 179
894, 871, 830, 812, 787, 758, 755, 720, 702, 680, 671, 650, 613, 606, 586, 557, 558, 559, 538, 516, 517, 501, 481, 455, 431, 394, 390, 356, 348, 306, 289, 276, 247, 228, 227, 212, 181, 180
894, 871, 830, 812, 787, 758, 755, 720, 702, 680, 671, 650, 613, 606, 586, 557, 558, 559, 538, 516, 517, 501, 481, 455, 431, 394, 390, 356, 348, 306, 289, 276, 247, 228, 227, 212, 181
894, 871, 830, 812, 787, 758, 755, 720, 702, 680, 671, 650, 613, 606, 586, 557, 558, 559, 538, 516, 517, 501, 481, 455, 431, 394, 390, 356, 348, 306, 289, 276, 247, 228, 227, 212, 182
894, 871, 830, 812, 787, 758, 755, 720, 702, 680, 671, 650, 613, 606, 586, 557, 558, 559, 538, 516, 517, 501, 481, 455, 431, 394, 390, 356, 348, 306, 289, 276, 247, 228, 213, 183
894, 871, 830, 812, 787, 758, 755, 720, 702, 680, 671, 650, 613, 606, 586, 557, 558, 559, 538, 516, 517, 501, 481, 455, 431, 394, 390, 356, 348, 306, 290, 275, 249, 229, 214, 184
894, 871, 830, 812, 787, 758, 755, 720, 702, 680, 671, 650, 633, 607, 587, 555, 541, 513, 496, 464, 450, 426, 399, 373, 352, 331, 324, 293, 272, 252, 232, 217, 216, 185
894, 871, 830, 812, 787, 758, 755, 720, 702, 680, 671, 650, 633, 607, 587, 555, 541, 513, 496, 464, 450, 426, 399, 373, 352, 331, 324, 293, 272, 252, 232, 217, 187, 186
894, 871, 830, 812, 787, 758, 755, 720, 702, 680, 671, 650, 633, 607, 587, 555, 541, 513, 496, 464, 450, 426, 399, 373, 352, 331, 324, 293, 272, 252, 232, 217, 187
894, 871, 830, 812, 787, 758, 755, 720, 702, 680, 671, 650, 633, 607, 587, 555, 541, 513, 496, 464, 450, 426, 399, 373, 352, 331, 324, 293, 272, 252, 232, 217, 188
894, 871, 830, 812, 787, 758, 755, 720, 702, 680, 671, 650, 633, 607, 587, 555, 541, 513, 496, 464, 450, 426, 399, 373, 352, 331, 324, 293, 272, 252, 232, 218, 189
894, 871, 830, 812, 787, 758, 755, 720, 702, 680, 671, 650, 633, 607, 587, 555, 541, 513, 496, 464, 450, 426, 399, 373, 352, 331, 324, 294, 270, 254, 233, 219, 190
894, 871, 830, 812, 787, 758, 755, 720, 702, 680, 671, 650, 633, 607, 587, 555, 541, 513, 496, 464, 449, 425, 400, 374, 350, 333, 323, 295, 269, 255, 235, 220, 191
894, 871, 830, 812, 787, 758, 755, 720, 702, 680, 671, 650, 633, 607, 587, 555, 541, 513, 496, 464, 449, 425, 400, 374, 350, 334, 335, 322, 296, 268, 256, 236, 221, 192
894, 871, 830, 812, 787, 758, 755, 720, 702, 680, 670, 649, 632, 608, 588, 553, 544, 510, 494, 466, 446, 422, 402, 376, 370, 337, 319, 299, 266, 258, 238, 201, 193
894, 871, 830, 812, 787, 758, 755, 720, 702, 680, 670, 649, 632, 608, 588, 553, 544, 510, 494, 466, 446, 422, 402, 376, 370, 337, 319, 299, 266, 258, 238, 201, 194
894, 871, 830, 812, 787, 758, 755, 720, 702, 680, 670, 649, 632, 608, 588, 553, 544, 510, 494, 493, 467, 445, 421, 403, 378, 368, 338, 318, 300, 265, 260, 239, 202, 195
894, 895, 896, 870, 831, 814, 791, 761, 753, 736, 704, 677, 668, 647, 630, 610, 571, 572, 550, 547, 507, 490, 470, 443, 418, 405, 380, 365, 340, 315, 301, 284, 261, 241, 204, 196
894, 895, 896, 870, 831, 814, 791, 761, 753, 736, 704, 677, 668, 647, 630, 610, 571, 572, 550, 547, 507, 490, 470, 443, 418, 405, 380, 365, 340, 315, 301, 284, 261, 241, 204, 196, 197
894, 895, 896, 870, 831, 814, 791, 761, 753, 736, 704, 677, 668, 647, 630, 610, 571, 572, 550, 547, 507, 506, 489, 471, 442, 417, 406, 381, 364, 341, 312, 303, 282, 263, 222, 206, 198
894, 871, 830, 812, 787, 758, 755, 720, 702, 680, 670, 649, 632, 608, 588, 554, 542, 512, 495, 465, 447, 424, 401, 375, 371, 336, 320, 298, 267, 257, 237, 199
