999, 1017, 1049, 1069, 1092, 1103, 1126, 1149, 1168, 1196, 1209, 1229, 1256, 1270, 1292, 1316, 1337, 1355, 1371, 1396, 1423, 1449, 1463, 1493, 1504, 1529, 1538, 0
999, 1017, 1049, 1069, 1092, 1103, 1126, 1149, 1168, 1196, 1209, 1229, 1256, 1270, 1292, 1316, 1337, 1355, 1371, 1396, 1423, 1449, 1463, 1493, 1504, 1529, 1538, 1
999, 1017, 1049, 1069, 1092, 1103, 1126, 1149, 1168, 1196, 1209, 1229, 1256, 1269, 1291, 1315, 1336, 1354, 1370, 1398, 1424, 1448, 1462, 1491, 1503, 1530, 1537, 2
999, 1017, 1049, 1069, 1092, 1103, 1126, 1149, 1168, 1196, 1209, 1229, 1256, 1269, 1291, 1315, 1336, 1354, 1370, 1398, 1424, 1448, 1462, 1491, 1503, 1530, 1537, 3
999, 1017, 1049, 1069, 1092, 1103, 1126, 1149, 1168, 1196, 1209, 1229, 1256, 1269, 1291, 1315, 1336, 1354, 1370, 1398, 1424, 1448, 1462, 1491, 1503, 1530, 1537, 1536, 4
999, 1000, 1015, 1047, 1072, 1094, 1100, 1124, 1151, 1170, 1199, 1207, 1226, 1254, 1289, 1310, 1313, 1334, 1352, 1388, 1400, 1426, 1444, 1460, 1488, 1501, 1532, 1535, 5
999, 1000, 1015, 1047, 1072, 1094, 1100, 1124, 1151, 1170, 1199, 1207, 1226, 1254, 1289, 1310, 1313, 1334, 1352, 1388, 1400, 1426, 1444, 1460, 1488, 1501, 1500, 1533, 1554, 6
999, 1000, 1015, 1047, 1072, 1094, 1100, 1124, 1151, 1170, 1199, 1207, 1226, 1254, 1289, 1310, 1313, 1312, 1333, 1332, 1350, 1385, 1403, 1428, 1442, 1458, 1486, 1499, 1534, 1553, 7
999, 1000, 1015, 1047, 1072, 1094, 1100, 1124, 1151, 1170, 1199, 1207, 1226, 1254, 1289, 1310, 1313, 1312, 1333, 1332, 1350, 1385, 1403, 1428, 1442, 1458, 1486, 1499, 1534, 1553, 7, 8
999, 1000, 1015, 1047, 1072, 1094, 1100, 1124, 1151, 1170, 1199, 1207, 1226, 1254, 1253, 1287, 1286, 1308, 1331, 1330, 1349, 1369, 1384, 1404, 1430, 1441, 1457, 1485, 1498, 1514, 1552, 9
999, 1000, 1015, 1047, 1072, 1094, 1100, 1124, 1151, 1170, 1199, 1207, 1226, 1254, 1253, 1287, 1286, 1308, 1331, 1330, 1349, 1369, 1384, 1404, 1430, 1441, 1457, 1485, 1498, 1514, 1552, 1551, 10
999, 1017, 1049, 1068, 1091, 1104, 1127, 1148, 1167, 1194, 1211, 1231, 1259, 1272, 1293, 1317, 1338, 1357, 1358, 1374, 1392, 1419, 1432, 1468, 1469, 1470, 1479, 1512, 1513, 1518, 1549, 1550, 11
999, 1017, 1049, 1068, 1091, 1104, 1127, 1148, 1167, 1194, 1211, 1231, 1259, 1272, 1293, 1317, 1338, 1357, 1358, 1374, 1392, 1419, 1432, 1468, 1469, 1470, 1479, 1512, 1513, 1518, 1549, 12
999, 1017, 1049, 1068, 1091, 1104, 1127, 1148, 1167, 1194, 1211, 1231, 1259, 1272, 1293, 1317, 1338, 1357, 1358, 1374, 1392, 1419, 1432, 1468, 1469, 1470, 1479, 1512, 1520, 1545, 1546, 13
999, 1017, 1049, 1068, 1091, 1104, 1127, 1148, 1167, 1194, 1211, 1231, 1259, 1272, 1293, 1317, 1338, 1357, 1358, 1374, 1392, 1419, 1432, 1468, 1469, 1470, 1479, 1512, 1520, 1545, 14
999, 1017, 1049, 1068, 1091, 1104, 1127, 1148, 1167, 1194, 1211, 1231, 1259, 1272, 1293, 1317, 1338, 1357, 1358, 1374, 1392, 1419, 1432, 1468, 1476, 1509, 1524, 1523, 1522, 1544, 15
999, 1017, 1049, 1068, 1091, 1104, 1127, 1148, 1167, 1194, 1211, 1231, 1259, 1272, 1293, 1317, 1338, 1357, 1358, 1374, 1392, 1419, 1432, 1468, 1476, 1509, 1525, 1542, 17, 16
999, 1017, 1049, 1068, 1091, 1104, 1127, 1148, 1167, 1194, 1211, 1231, 1259, 1272, 1293, 1317, 1338, 1357, 1358, 1374, 1392, 1419, 1432, 1468, 1476, 1509, 1525, 1542, 17
999, 1017, 1049, 1068, 1091, 1104, 1127, 1148, 1167, 1194, 1211, 1231, 1259, 1272, 1293, 1317, 1338, 1357, 1358, 1374, 1392, 1420, 1431, 1467, 1475, 1508, 1526, 1541, 18
999, 1017, 1049, 1068, 1091, 1104, 1127, 1148, 1167, 1194, 1211, 1231, 1259, 1272, 1293, 1317, 1338, 1357, 1358, 1374, 1392, 1420, 1431, 1467, 1475, 1508, 1526, 1541, 19
999, 1017, 1049, 1068, 1091, 1104, 1127, 1148, 1167, 1194, 1211, 1231, 1259, 1272, 1293, 1317, 1338, 1357, 1358, 1373, 1393, 1421, 1451, 1465, 1474, 1507, 1527, 1540, 20
999, 1017, 1049, 1069, 1092, 1103, 1126, 1149, 1168, 1196, 1209, 1229, 1256, 1270, 1292, 1316, 1337, 1355, 1371, 1396, 1423, 1449, 1463, 1493, 1505, 1528, 1539, 21
999, 1000, 1015, 1047, 1072, 1094, 1100, 1124, 1151, 1170, 1199, 1207, 1226, 1254, 1289, 1310, 1313, 1334, 1352, 1388, 1400, 1426, 1444, 1460, 1488, 1501, 1532, 1535, 5, 22
999, 1000, 1015, 1047, 1072, 1094, 1100, 1124, 1151, 1170, 1199, 1207, 1226, 1254, 1289, 1310, 1313, 1334, 1352, 1388, 1400, 1426, 1444, 1460, 1488, 1501, 1532, 1535, 5, 23
999, 1017, 1049, 1069, 1092, 1103, 1126, 1149, 1168, 1196, 1209, 1229, 1256, 1269, 1291, 1315, 1336, 1354, 1370, 1398, 1424, 1448, 1462, 1491, 1503, 1530, 1537, 1536, 4, 24
999, 1017, 1049, 1069, 1092, 1103, 1126, 1149, 1168, 1196, 1209, 1229, 1256, 1269, 1291, 1315, 1336, 1354, 1370, 1398, 1424, 1448, 1462, 1491, 1503, 1530, 1537, 3, 25
999, 1017, 1049, 1069, 1092, 1103, 1126, 1149, 1168, 1196, 1209, 1229, 1256, 1270, 1292, 1316, 1337, 1355, 1371, 1396, 1423, 1449, 1463, 1493, 1504, 1529, 1538, 0, 26
999, 1017, 1049, 1069, 1092, 1103, 1126, 1149, 1168, 1196, 1209, 1229, 1256, 1270, 1292, 1316, 1337, 1355, 1371, 1396, 1423, 1449, 1463, 1493, 1505, 1528, 1539, 21, 27
999, 1017, 1049, 1069, 1092, 1103, 1126, 1149, 1168, 1196, 1209, 1229, 1256, 1270, 1292, 1316, 1337, 1355, 1371, 1396, 1423, 1449, 1463, 1493, 1505, 1528, 1539, 21, 28
999, 1017, 1049, 1069, 1092, 1103, 1126, 1149, 1168, 1196, 1209, 1229, 1256, 1270, 1292, 1316, 1337, 1355, 1371, 1396, 1423, 1449, 1463, 1493, 1505, 1528, 1539, 21, 28, 29
999, 1017, 1049, 1068, 1091, 1104, 1127, 1148, 1167, 1194, 1211, 1231, 1259, 1272, 1293, 1317, 1338, 1357, 1358, 1374, 1392, 1420, 1431, 1467, 1475, 1508, 1526, 1541, 18, 30
999, 1017, 1049, 1068, 1091, 1104, 1127, 1148, 1167, 1194, 1211, 1231, 1259, 1272, 1293, 1317, 1338, 1357, 1358, 1374, 1392, 1419, 1432, 1468, 1476, 1509, 1525, 1542, 17, 31
999, 1017, 1049, 1068, 1091, 1104, 1127, 1148, 1167, 1194, 1211, 1231, 1259, 1272, 1293, 1317, 1338, 1357, 1358, 1374, 1392, 1419, 1432, 1468, 1476, 1509, 1525, 1542, 17, 16, 32
999, 1017, 1049, 1068, 1091, 1104, 1127, 1148, 1167, 1194, 1211, 1231, 1259, 1272, 1293, 1317, 1338, 1357, 1358, 1374, 1392, 1419, 1432, 1468, 1476, 1509, 1524, 1523, 1522, 1544, 15, 33
999, 1017, 1049, 1068, 1091, 1104, 1127, 1148, 1167, 1194, 1211, 1231, 1259, 1272, 1293, 1317, 1338, 1357, 1358, 1374, 1392, 1419, 1432, 1468, 1476, 1509, 1524, 1523, 1522, 1544, 15, 34
999, 1017, 1049, 1068, 1091, 1104, 1127, 1148, 1167, 1194, 1211, 1231, 1259, 1272, 1293, 1317, 1338, 1357, 1358, 1374, 1392, 1419, 1432, 1468, 1469, 1470, 1479, 1512, 1520, 1545, 14, 35
999, 1017, 1049, 1068, 1091, 1104, 1127, 1148, 1167, 1194, 1211, 1231, 1259, 1272, 1293, 1317, 1338, 1357, 1358, 1374, 1392, 1419, 1432, 1468, 1469, 1470, 1479, 1512, 1520, 1545, 1546, 13, 36
999, 1017, 1049, 1068, 1091, 1104, 1127, 1148, 1167, 1194, 1211, 1231, 1259, 1272, 1293, 1317, 1338, 1357, 1358, 1374, 1392, 1419, 1432, 1468, 1469, 1470, 1479, 1512, 1513, 1518, 1549, 12, 37
999, 1017, 1049, 1068, 1091, 1104, 1127, 1148, 1167, 1194, 1211, 1231, 1259, 1272, 1293, 1317, 1338, 1357, 1358, 1374, 1392, 1419, 1432, 1468, 1469, 1470, 1479, 1512, 1513, 1518, 1549, 12, 38
999, 1017, 1049, 1068, 1091, 1104, 1127, 1148, 1167, 1194, 1211, 1231, 1259, 1272, 1293, 1317, 1338, 1357, 1358, 1374, 1392, 1419, 1432, 1468, 1469, 1470, 1479, 1512, 1513, 1518, 1549, 12, 38, 39
999, 1017, 1049, 1068, 1091, 1104, 1127, 1148, 1167, 1194, 1211, 1231, 1259, 1272, 1293, 1317, 1338, 1357, 1358, 1374, 1392, 1419, 1432, 1468, 1469, 1470, 1479, 1512, 1513, 1518, 1549, 12, 38, 39, 40
999, 1000, 1015, 1047, 1072, 1094, 1100, 1124, 1151, 1170, 1199, 1207, 1226, 1254, 1253, 1287, 1286, 1308, 1331, 1330, 1349, 1369, 1384, 1404, 1430, 1441, 1457, 1485, 1498, 1514, 1552, 9, 43, 42, 41
999, 1000, 1015, 1047, 1072, 1094, 1100, 1124, 1151, 1170, 1199, 1207, 1226, 1254, 1253, 1287, 1286, 1308, 1331, 1330, 1349, 1369, 1384, 1404, 1430, 1441, 1457, 1485, 1498, 1514, 1552, 9, 43, 42
999, 1000, 1015, 1047, 1072, 1094, 1100, 1124, 1151, 1170, 1199, 1207, 1226, 1254, 1253, 1287, 1286, 1308, 1331, 1330, 1349, 1369, 1384, 1404, 1430, 1441, 1457, 1485, 1498, 1514, 1552, 9, 43
999, 1000, 1015, 1047, 1072, 1094, 1100, 1124, 1151, 1170, 1199, 1207, 1226, 1254, 1289, 1310, 1313, 1312, 1333, 1332, 1350, 1385, 1403, 1428, 1442, 1458, 1486, 1499, 1534, 1553, 7, 44
999, 1000, 1015, 1047, 1072, 1094, 1100, 1124, 1151, 1170, 1199, 1207, 1226, 1254, 1289, 1310, 1313, 1334, 1352, 1388, 1400, 1426, 1444, 1460, 1488, 1501, 1500, 1533, 1554, 6, 45
999, 1000, 1015, 1047, 1072, 1094, 1100, 1124, 1151, 1170, 1199, 1207, 1226, 1254, 1289, 1310, 1313, 1312, 1333, 1332, 1350, 1385, 1403, 1428, 1442, 1458, 1486, 1499, 1534, 1553, 7, 44, 46
999, 1000, 1015, 1047, 1072, 1094, 1100, 1124, 1151, 1170, 1199, 1207, 1226, 1254, 1289, 1310, 1313, 1334, 1352, 1388, 1400, 1426, 1444, 1460, 1488, 1501, 1500, 1533, 1554, 6, 45, 47
999, 1000, 1015, 1047, 1072, 1094, 1100, 1124, 1151, 1170, 1199, 1207, 1226, 1254, 1289, 1310, 1313, 1312, 1333, 1332, 1350, 1385, 1403, 1428, 1442, 1458, 1486, 1499, 1534, 1553, 7, 44, 48
999, 1000, 1015, 1047, 1072, 1094, 1100, 1124, 1151, 1170, 1199, 1207, 1226, 1254, 1289, 1310, 1313, 1312, 1333, 1332, 1350, 1385, 1403, 1428, 1442, 1458, 1486, 1499, 1534, 1553, 7, 44, 48, 49
999, 1017, 1049, 1068, 1091, 1104, 1127, 1148, 1167, 1194, 1211, 1231, 1259, 1272, 1293, 1317, 1338, 1357, 1358, 1374, 1392, 1419, 1432, 1468, 1469, 1470, 1479, 1512, 1513, 1518, 1549, 12, 38, 53, 52, 51, 50
999, 1017, 1049, 1068, 1091, 1104, 1127, 1148, 1167, 1194, 1211, 1231, 1259, 1272, 1293, 1317, 1338, 1357, 1358, 1374, 1392, 1419, 1432, 1468, 1469, 1470, 1479, 1512, 1513, 1518, 1549, 12, 38, 53, 52, 51
999, 1017, 1049, 1068, 1091, 1104, 1127, 1148, 1167, 1194, 1211, 1231, 1259, 1272, 1293, 1317, 1338, 1357, 1358, 1374, 1392, 1419, 1432, 1468, 1469, 1470, 1479, 1512, 1513, 1518, 1549, 12, 38, 53, 52
999, 1017, 1049, 1068, 1091, 1104, 1127, 1148, 1167, 1194, 1211, 1231, 1259, 1272, 1293, 1317, 1338, 1357, 1358, 1374, 1392, 1419, 1432, 1468, 1469, 1470, 1479, 1512, 1513, 1518, 1549, 12, 38, 53
999, 1017, 1049, 1068, 1091, 1104, 1127, 1148, 1167, 1194, 1211, 1231, 1259, 1272, 1293, 1317, 1338, 1357, 1358, 1374, 1392, 1419, 1432, 1468, 1469, 1470, 1479, 1512, 1513, 1518, 1549, 12, 37, 54
999, 1017, 1049, 1068, 1091, 1104, 1127, 1148, 1167, 1194, 1211, 1231, 1259, 1272, 1293, 1317, 1338, 1357, 1358, 1374, 1392, 1419, 1432, 1468, 1469, 1470, 1479, 1512, 1520, 1545, 1546, 13, 36, 55
999, 1017, 1049, 1068, 1091, 1104, 1127, 1148, 1167, 1194, 1211, 1231, 1259, 1272, 1293, 1317, 1338, 1357, 1358, 1374, 1392, 1419, 1432, 1468, 1469, 1470, 1479, 1512, 1520, 1545, 14, 35, 56
999, 1017, 1049, 1068, 1091, 1104, 1127, 1148, 1167, 1194, 1211, 1231, 1259, 1272, 1293, 1317, 1338, 1357, 1358, 1374, 1392, 1419, 1432, 1468, 1476, 1509, 1524, 1523, 1522, 1544, 15, 33, 57
999, 1017, 1049, 1068, 1091, 1104, 1127, 1148, 1167, 1194, 1211, 1231, 1259, 1272, 1293, 1317, 1338, 1357, 1358, 1374, 1392, 1419, 1432, 1468, 1476, 1509, 1525, 1542, 17, 31, 59, 58
999, 1017, 1049, 1068, 1091, 1104, 1127, 1148, 1167, 1194, 1211, 1231, 1259, 1272, 1293, 1317, 1338, 1357, 1358, 1374, 1392, 1419, 1432, 1468, 1476, 1509, 1525, 1542, 17, 31, 59
999, 1017, 1049, 1068, 1091, 1104, 1127, 1148, 1167, 1194, 1211, 1231, 1259, 1272, 1293, 1317, 1338, 1357, 1358, 1374, 1392, 1420, 1431, 1467, 1475, 1508, 1526, 1541, 18, 30, 60
999, 1017, 1049, 1069, 1092, 1103, 1126, 1149, 1168, 1196, 1209, 1229, 1256, 1270, 1292, 1316, 1337, 1355, 1371, 1396, 1423, 1449, 1463, 1493, 1505, 1528, 1539, 21, 28, 29, 61
999, 1017, 1049, 1069, 1092, 1103, 1126, 1149, 1168, 1196, 1209, 1229, 1256, 1270, 1292, 1316, 1337, 1355, 1371, 1396, 1423, 1449, 1463, 1493, 1505, 1528, 1539, 21, 27, 62
999, 1017, 1049, 1069, 1092, 1103, 1126, 1149, 1168, 1196, 1209, 1229, 1256, 1270, 1292, 1316, 1337, 1355, 1371, 1396, 1423, 1449, 1463, 1493, 1504, 1529, 1538, 0, 26, 63
999, 1017, 1049, 1069, 1092, 1103, 1126, 1149, 1168, 1196, 1209, 1229, 1256, 1270, 1292, 1316, 1337, 1355, 1371, 1396, 1423, 1449, 1463, 1493, 1504, 1529, 1538, 0, 26, 64
999, 1017, 1049, 1069, 1092, 1103, 1126, 1149, 1168, 1196, 1209, 1229, 1256, 1269, 1291, 1315, 1336, 1354, 1370, 1398, 1424, 1448, 1462, 1491, 1503, 1530, 1537, 3, 25, 65
999, 1017, 1049, 1069, 1092, 1103, 1126, 1149, 1168, 1196, 1209, 1229, 1256, 1269, 1291, 1315, 1336, 1354, 1370, 1398, 1424, 1448, 1462, 1491, 1503, 1530, 1537, 1536, 4, 24, 66
999, 1000, 1015, 1047, 1072, 1094, 1100, 1124, 1151, 1170, 1199, 1207, 1226, 1254, 1289, 1310, 1313, 1334, 1352, 1388, 1400, 1426, 1444, 1460, 1488, 1501, 1532, 1535, 5, 23, 67
999, 1000, 1015, 1047, 1072, 1094, 1100, 1124, 1151, 1170, 1199, 1207, 1226, 1254, 1289, 1310, 1313, 1334, 1352, 1388, 1400, 1426, 1444, 1460, 1488, 1501, 1532, 1535, 5, 23, 67, 88, 68
999, 1000, 1015, 1047, 1072, 1094, 1100, 1124, 1151, 1170, 1199, 1207, 1226, 1254, 1289, 1310, 1313, 1334, 1352, 1388, 1400, 1426, 1444, 1460, 1488, 1501, 1500, 1533, 1554, 6, 45, 47, 69
999, 1000, 1015, 1047, 1072, 1094, 1100, 1124, 1151, 1170, 1199, 1207, 1226, 1254, 1289, 1310, 1313, 1312, 1333, 1332, 1350, 1385, 1403, 1428, 1442, 1458, 1486, 1499, 1534, 1553, 7, 44, 48, 70
999, 1000, 1015, 1047, 1072, 1094, 1100, 1124, 1151, 1170, 1199, 1207, 1226, 1254, 1289, 1310, 1313, 1312, 1333, 1332, 1350, 1385, 1403, 1428, 1442, 1458, 1486, 1499, 1534, 1553, 7, 44, 48, 71
999, 1000, 1015, 1047, 1072, 1094, 1100, 1124, 1151, 1170, 1199, 1207, 1226, 1254, 1289, 1310, 1313, 1312, 1333, 1332, 1350, 1385, 1403, 1428, 1442, 1458, 1486, 1499, 1534, 1553, 7, 44, 48, 71, 72
999, 1017, 1049, 1068, 1091, 1104, 1127, 1148, 1167, 1194, 1211, 1231, 1259, 1272, 1293, 1317, 1338, 1357, 1358, 1374, 1392, 1419, 1432, 1468, 1469, 1470, 1479, 1512, 1513, 1518, 1549, 12, 38, 53, 74, 73
999, 1017, 1049, 1068, 1091, 1104, 1127, 1148, 1167, 1194, 1211, 1231, 1259, 1272, 1293, 1317, 1338, 1357, 1358, 1374, 1392, 1419, 1432, 1468, 1469, 1470, 1479, 1512, 1513, 1518, 1549, 12, 38, 53, 74
999, 1017, 1049, 1068, 1091, 1104, 1127, 1148, 1167, 1194, 1211, 1231, 1259, 1272, 1293, 1317, 1338, 1357, 1358, 1374, 1392, 1419, 1432, 1468, 1469, 1470, 1479, 1512, 1520, 1545, 14, 35, 56, 76, 75
999, 1017, 1049, 1068, 1091, 1104, 1127, 1148, 1167, 1194, 1211, 1231, 1259, 1272, 1293, 1317, 1338, 1357, 1358, 1374, 1392, 1419, 1432, 1468, 1469, 1470, 1479, 1512, 1520, 1545, 14, 35, 56, 76
999, 1017, 1049, 1068, 1091, 1104, 1127, 1148, 1167, 1194, 1211, 1231, 1259, 1272, 1293, 1317, 1338, 1357, 1358, 1374, 1392, 1419, 1432, 1468, 1469, 1470, 1479, 1512, 1520, 1545, 14, 35, 56, 77
999, 1017, 1049, 1068, 1091, 1104, 1127, 1148, 1167, 1194, 1211, 1231, 1259, 1272, 1293, 1317, 1338, 1357, 1358, 1374, 1392, 1419, 1432, 1468, 1476, 1509, 1525, 1542, 17, 31, 59, 58, 79, 78
999, 1017, 1049, 1068, 1091, 1104, 1127, 1148, 1167, 1194, 1211, 1231, 1259, 1272, 1293, 1317, 1338, 1357, 1358, 1374, 1392, 1419, 1432, 1468, 1476, 1509, 1525, 1542, 17, 31, 59, 58, 79
999, 1017, 1049, 1068, 1091, 1104, 1127, 1148, 1167, 1194, 1211, 1231, 1259, 1272, 1293, 1317, 1338, 1357, 1358, 1374, 1392, 1419, 1432, 1468, 1476, 1509, 1525, 1542, 17, 31, 59, 58, 80
999, 1017, 1049, 1068, 1091, 1104, 1127, 1148, 1167, 1194, 1211, 1231, 1259, 1272, 1293, 1317, 1338, 1357, 1358, 1374, 1392, 1419, 1432, 1468, 1476, 1509, 1525, 1542, 17, 31, 59, 81
999, 1017, 1049, 1068, 1091, 1104, 1127, 1148, 1167, 1194, 1211, 1231, 1259, 1272, 1293, 1317, 1338, 1357, 1358, 1374, 1392, 1420, 1431, 1467, 1475, 1508, 1526, 1541, 18, 30, 60, 82
999, 1017, 1049, 1069, 1092, 1103, 1126, 1149, 1168, 1196, 1209, 1229, 1256, 1270, 1292, 1316, 1337, 1355, 1371, 1396, 1423, 1449, 1463, 1493, 1505, 1528, 1539, 21, 28, 29, 61, 83
999, 1017, 1049, 1069, 1092, 1103, 1126, 1149, 1168, 1196, 1209, 1229, 1256, 1270, 1292, 1316, 1337, 1355, 1371, 1396, 1423, 1449, 1463, 1493, 1505, 1528, 1539, 21, 27, 62, 84
999, 1017, 1049, 1069, 1092, 1103, 1126, 1149, 1168, 1196, 1209, 1229, 1256, 1270, 1292, 1316, 1337, 1355, 1371, 1396, 1423, 1449, 1463, 1493, 1504, 1529, 1538, 0, 26, 64, 85
999, 1017, 1049, 1069, 1092, 1103, 1126, 1149, 1168, 1196, 1209, 1229, 1256, 1269, 1291, 1315, 1336, 1354, 1370, 1398, 1424, 1448, 1462, 1491, 1503, 1530, 1537, 3, 25, 65, 86
999, 1017, 1049, 1069, 1092, 1103, 1126, 1149, 1168, 1196, 1209, 1229, 1256, 1269, 1291, 1315, 1336, 1354, 1370, 1398, 1424, 1448, 1462, 1491, 1503, 1530, 1537, 1536, 4, 24, 66, 87
999, 1000, 1015, 1047, 1072, 1094, 1100, 1124, 1151, 1170, 1199, 1207, 1226, 1254, 1289, 1310, 1313, 1334, 1352, 1388, 1400, 1426, 1444, 1460, 1488, 1501, 1532, 1535, 5, 23, 67, 88
999, 1017, 1049, 1069, 1092, 1103, 1126, 1149, 1168, 1196, 1209, 1229, 1256, 1269, 1291, 1315, 1336, 1354, 1370, 1398, 1424, 1448, 1462, 1491, 1503, 1530, 1537, 3, 25, 65, 86, 89
999, 1017, 1049, 1069, 1092, 1103, 1126, 1149, 1168, 1196, 1209, 1229, 1256, 1269, 1291, 1315, 1336, 1354, 1370, 1398, 1424, 1448, 1462, 1491, 1503, 1530, 1537, 1536, 4, 24, 66, 87, 90
999, 1000, 1015, 1047, 1072, 1094, 1100, 1124, 1151, 1170, 1199, 1207, 1226, 1254, 1289, 1310, 1313, 1334, 1352, 1388, 1400, 1426, 1444, 1460, 1488, 1501, 1532, 1535, 5, 23, 67, 88, 91
999, 1000, 1015, 1047, 1072, 1094, 1100, 1124, 1151, 1170, 1199, 1207, 1226, 1254, 1289, 1310, 1313, 1334, 1352, 1388, 1400, 1426, 1444, 1460, 1488, 1501, 1500, 1533, 1554, 6, 45, 47, 69, 92
999, 1000, 1015, 1047, 1072, 1094, 1100, 1124, 1151, 1170, 1199, 1207, 1226, 1254, 1289, 1310, 1313, 1312, 1333, 1332, 1350, 1385, 1403, 1428, 1442, 1458, 1486, 1499, 1534, 1553, 7, 44, 48, 71, 93
999, 1000, 1015, 1047, 1072, 1094, 1100, 1124, 1151, 1170, 1199, 1207, 1226, 1254, 1289, 1310, 1313, 1312, 1333, 1332, 1350, 1385, 1403, 1428, 1442, 1458, 1486, 1499, 1534, 1553, 7, 44, 48, 71, 93, 94
999, 1017, 1049, 1068, 1091, 1104, 1127, 1148, 1167, 1194, 1211, 1231, 1259, 1272, 1293, 1317, 1338, 1357, 1358, 1374, 1392, 1419, 1432, 1468, 1469, 1470, 1479, 1512, 1513, 1518, 1549, 12, 38, 53, 74, 73, 95
999, 1017, 1049, 1068, 1091, 1104, 1127, 1148, 1167, 1194, 1211, 1231, 1259, 1272, 1293, 1317, 1338, 1357, 1358, 1374, 1392, 1419, 1432, 1468, 1469, 1470, 1479, 1512, 1513, 1518, 1549, 12, 38, 53, 74, 96
999, 1017, 1049, 1068, 1091, 1104, 1127, 1148, 1167, 1194, 1211, 1231, 1259, 1272, 1293, 1317, 1338, 1357, 1358, 1374, 1392, 1419, 1432, 1468, 1469, 1470, 1479, 1512, 1520, 1545, 14, 35, 56, 76, 99, 98, 97
999, 1017, 1049, 1068, 1091, 1104, 1127, 1148, 1167, 1194, 1211, 1231, 1259, 1272, 1293, 1317, 1338, 1357, 1358, 1374, 1392, 1419, 1432, 1468, 1469, 1470, 1479, 1512, 1520, 1545, 14, 35, 56, 76, 99, 98
999, 1017, 1049, 1068, 1091, 1104, 1127, 1148, 1167, 1194, 1211, 1231, 1259, 1272, 1293, 1317, 1338, 1357, 1358, 1374, 1392, 1419, 1432, 1468, 1469, 1470, 1479, 1512, 1520, 1545, 14, 35, 56, 76, 99
999, 1017, 1049, 1068, 1091, 1104, 1127, 1148, 1167, 1194, 1211, 1231, 1259, 1272, 1293, 1317, 1338, 1357, 1358, 1374, 1392, 1419, 1432, 1468, 1476, 1509, 1525, 1542, 17, 31, 59, 58, 80, 102, 101, 100
999, 1017, 1049, 1068, 1091, 1104, 1127, 1148, 1167, 1194, 1211, 1231, 1259, 1272, 1293, 1317, 1338, 1357, 1358, 1374, 1392, 1419, 1432, 1468, 1476, 1509, 1525, 1542, 17, 31, 59, 58, 80, 102, 101
999, 1017, 1049, 1068, 1091, 1104, 1127, 1148, 1167, 1194, 1211, 1231, 1259, 1272, 1293, 1317, 1338, 1357, 1358, 1374, 1392, 1419, 1432, 1468, 1476, 1509, 1525, 1542, 17, 31, 59, 58, 80, 102
999, 1017, 1049, 1068, 1091, 1104, 1127, 1148, 1167, 1194, 1211, 1231, 1259, 1272, 1293, 1317, 1338, 1357, 1358, 1374, 1392, 1419, 1432, 1468, 1476, 1509, 1525, 1542, 17, 31, 59, 58, 80, 103
999, 1017, 1049, 1068, 1091, 1104, 1127, 1148, 1167, 1194, 1211, 1231, 1259, 1272, 1293, 1317, 1338, 1357, 1358, 1374, 1392, 1419, 1432, 1468, 1476, 1509, 1525, 1542, 17, 31, 59, 81, 104
999, 1017, 1049, 1068, 1091, 1104, 1127, 1148, 1167, 1194, 1211, 1231, 1259, 1272, 1293, 1317, 1338, 1357, 1358, 1374, 1392, 1420, 1431, 1467, 1475, 1508, 1526, 1541, 18, 30, 60, 82, 105
999, 1017, 1049, 1069, 1092, 1103, 1126, 1149, 1168, 1196, 1209, 1229, 1256, 1270, 1292, 1316, 1337, 1355, 1371, 1396, 1423, 1449, 1463, 1493, 1505, 1528, 1539, 21, 28, 29, 61, 83, 106
999, 1017, 1049, 1069, 1092, 1103, 1126, 1149, 1168, 1196, 1209, 1229, 1256, 1270, 1292, 1316, 1337, 1355, 1371, 1396, 1423, 1449, 1463, 1493, 1505, 1528, 1539, 21, 27, 62, 84, 107
999, 1017, 1049, 1069, 1092, 1103, 1126, 1149, 1168, 1196, 1209, 1229, 1256, 1270, 1292, 1316, 1337, 1355, 1371, 1396, 1423, 1449, 1463, 1493, 1504, 1529, 1538, 0, 26, 64, 85, 108
999, 1017, 1049, 1069, 1092, 1103, 1126, 1149, 1168, 1196, 1209, 1229, 1256, 1270, 1292, 1316, 1337, 1355, 1371, 1396, 1423, 1449, 1463, 1493, 1504, 1529, 1538, 0, 26, 64, 85, 109
999, 1017, 1049, 1069, 1092, 1103, 1126, 1149, 1168, 1196, 1209, 1229, 1256, 1270, 1292, 1316, 1337, 1355, 1371, 1396, 1423, 1449, 1463, 1493, 1505, 1528, 1539, 21, 27, 62, 84, 107, 110
999, 1017, 1049, 1069, 1092, 1103, 1126, 1149, 1168, 1196, 1209, 1229, 1256, 1270, 1292, 1316, 1337, 1355, 1371, 1396, 1423, 1449, 1463, 1493, 1504, 1529, 1538, 0, 26, 64, 85, 109, 111
999, 1017, 1049, 1069, 1092, 1103, 1126, 1149, 1168, 1196, 1209, 1229, 1256, 1269, 1291, 1315, 1336, 1354, 1370, 1398, 1424, 1448, 1462, 1491, 1503, 1530, 1537, 3, 25, 65, 86, 89, 112
999, 1017, 1049, 1069, 1092, 1103, 1126, 1149, 1168, 1196, 1209, 1229, 1256, 1269, 1291, 1315, 1336, 1354, 1370, 1398, 1424, 1448, 1462, 1491, 1503, 1530, 1537, 3, 25, 65, 86, 89, 113
999, 1017, 1049, 1069, 1092, 1103, 1126, 1149, 1168, 1196, 1209, 1229, 1256, 1269, 1291, 1315, 1336, 1354, 1370, 1398, 1424, 1448, 1462, 1491, 1503, 1530, 1537, 1536, 4, 24, 66, 87, 90, 114
999, 1000, 1015, 1047, 1072, 1094, 1100, 1124, 1151, 1170, 1199, 1207, 1226, 1254, 1289, 1310, 1313, 1334, 1352, 1388, 1400, 1426, 1444, 1460, 1488, 1501, 1532, 1535, 5, 23, 67, 88, 91, 115
999, 1000, 1015, 1047, 1072, 1094, 1100, 1124, 1151, 1170, 1199, 1207, 1226, 1254, 1289, 1310, 1313, 1334, 1352, 1388, 1400, 1426, 1444, 1460, 1488, 1501, 1500, 1533, 1554, 6, 45, 47, 69, 92, 116
999, 1000, 1015, 1047, 1072, 1094, 1100, 1124, 1151, 1170, 1199, 1207, 1226, 1254, 1289, 1310, 1313, 1312, 1333, 1332, 1350, 1385, 1403, 1428, 1442, 1458, 1486, 1499, 1534, 1553, 7, 44, 48, 71, 93, 117
999, 1000, 1015, 1047, 1072, 1094, 1100, 1124, 1151, 1170, 1199, 1207, 1226, 1254, 1289, 1310, 1313, 1312, 1333, 1332, 1350, 1385, 1403, 1428, 1442, 1458, 1486, 1499, 1534, 1553, 7, 44, 48, 71, 93, 117, 118
999, 1000, 1015, 1047, 1072, 1094, 1100, 1124, 1151, 1170, 1199, 1207, 1226, 1254, 1289, 1310, 1313, 1312, 1333, 1332, 1350, 1385, 1403, 1428, 1442, 1458, 1486, 1499, 1534, 1553, 7, 44, 48, 71, 93, 117, 118, 119
999, 1017, 1049, 1068, 1091, 1104, 1127, 1148, 1167, 1194, 1211, 1231, 1259, 1272, 1293, 1317, 1338, 1357, 1358, 1374, 1392, 1419, 1432, 1468, 1469, 1470, 1479, 1512, 1513, 1518, 1549, 12, 38, 53, 74, 73, 95, 120
999, 975, 955, 941, 906, 893, 873, 829, 812, 787, 758, 755, 720, 702, 680, 670, 649, 632, 608, 588, 553, 544, 510, 494, 493, 467, 445, 421, 403, 378, 368, 338, 318, 300, 265, 260, 239, 202, 195, 196, 166, 153, 121
999, 975, 955, 941, 906, 893, 873, 829, 812, 787, 758, 755, 720, 702, 680, 670, 649, 632, 608, 588, 553, 544, 510, 494, 493, 467, 445, 421, 403, 378, 368, 338, 318, 300, 265, 260, 239, 202, 195, 165, 152, 122
999, 975, 955, 941, 906, 893, 873, 829, 812, 787, 758, 755, 720, 702, 680, 670, 649, 632, 608, 588, 553, 544, 510, 494, 466, 446, 422, 402, 376, 370, 337, 319, 299, 266, 258, 238, 201, 194, 164, 151, 123
999, 975, 955, 941, 906, 893, 873, 829, 812, 787, 758, 755, 720, 702, 680, 670, 649, 632, 608, 588, 553, 544, 510, 494, 466, 446, 422, 402, 376, 370, 337, 319, 299, 266, 258, 238, 201, 193, 162, 149, 124
999, 1017, 1049, 1068, 1091, 1104, 1127, 1148, 1167, 1194, 1211, 1231, 1259, 1272, 1293, 1317, 1338, 1357, 1358, 1374, 1392, 1419, 1432, 1468, 1476, 1509, 1525, 1542, 17, 31, 59, 58, 80, 102, 101, 125
999, 1017, 1049, 1068, 1091, 1104, 1127, 1148, 1167, 1194, 1211, 1231, 1259, 1272, 1293, 1317, 1338, 1357, 1358, 1374, 1392, 1419, 1432, 1468, 1476, 1509, 1525, 1542, 17, 31, 59, 58, 80, 103, 126
999, 1017, 1049, 1068, 1091, 1104, 1127, 1148, 1167, 1194, 1211, 1231, 1259, 1272, 1293, 1317, 1338, 1357, 1358, 1374, 1392, 1419, 1432, 1468, 1476, 1509, 1525, 1542, 17, 31, 59, 81, 104, 127
999, 1017, 1049, 1068, 1091, 1104, 1127, 1148, 1167, 1194, 1211, 1231, 1259, 1272, 1293, 1317, 1338, 1357, 1358, 1374, 1392, 1420, 1431, 1467, 1475, 1508, 1526, 1541, 18, 30, 60, 82, 105, 128
999, 1017, 1049, 1068, 1091, 1104, 1127, 1148, 1167, 1194, 1211, 1231, 1259, 1272, 1293, 1317, 1338, 1357, 1358, 1374, 1392, 1420, 1431, 1467, 1475, 1508, 1526, 1541, 18, 30, 60, 82, 105, 129
999, 1017, 1049, 1069, 1092, 1103, 1126, 1149, 1168, 1196, 1209, 1229, 1256, 1270, 1292, 1316, 1337, 1355, 1371, 1396, 1423, 1449, 1463, 1493, 1505, 1528, 1539, 21, 28, 29, 61, 83, 106, 130
999, 1000, 1015, 1047, 1072, 1094, 1100, 1124, 1151, 1170, 1199, 1207, 1226, 1254, 1289, 1310, 1313, 1312, 1333, 1332, 1350, 1385, 1403, 1428, 1442, 1458, 1486, 1499, 1534, 1553, 7, 44, 48, 71, 93, 117, 118, 133, 132, 131
999, 1000, 1015, 1047, 1072, 1094, 1100, 1124, 1151, 1170, 1199, 1207, 1226, 1254, 1289, 1310, 1313, 1312, 1333, 1332, 1350, 1385, 1403, 1428, 1442, 1458, 1486, 1499, 1534, 1553, 7, 44, 48, 71, 93, 117, 118, 133, 132
999, 1000, 1015, 1047, 1072, 1094, 1100, 1124, 1151, 1170, 1199, 1207, 1226, 1254, 1289, 1310, 1313, 1312, 1333, 1332, 1350, 1385, 1403, 1428, 1442, 1458, 1486, 1499, 1534, 1553, 7, 44, 48, 71, 93, 117, 118, 133
999, 1000, 1015, 1047, 1072, 1094, 1100, 1124, 1151, 1170, 1199, 1207, 1226, 1254, 1289, 1310, 1313, 1312, 1333, 1332, 1350, 1385, 1403, 1428, 1442, 1458, 1486, 1499, 1534, 1553, 7, 44, 48, 71, 93, 117, 134
999, 1000, 1015, 1047, 1072, 1094, 1100, 1124, 1151, 1170, 1199, 1207, 1226, 1254, 1289, 1310, 1313, 1334, 1352, 1388, 1400, 1426, 1444, 1460, 1488, 1501, 1500, 1533, 1554, 6, 45, 47, 69, 92, 116, 135
999, 1000, 1015, 1047, 1072, 1094, 1100, 1124, 1151, 1170, 1199, 1207, 1226, 1254, 1289, 1310, 1313, 1334, 1352, 1388, 1400, 1426, 1444, 1460, 1488, 1501, 1532, 1535, 5, 23, 67, 88, 91, 115, 137, 136
999, 1000, 1015, 1047, 1072, 1094, 1100, 1124, 1151, 1170, 1199, 1207, 1226, 1254, 1289, 1310, 1313, 1334, 1352, 1388, 1400, 1426, 1444, 1460, 1488, 1501, 1532, 1535, 5, 23, 67, 88, 91, 115, 137
999, 1017, 1049, 1069, 1092, 1103, 1126, 1149, 1168, 1196, 1209, 1229, 1256, 1269, 1291, 1315, 1336, 1354, 1370, 1398, 1424, 1448, 1462, 1491, 1503, 1530, 1537, 1536, 4, 24, 66, 87, 90, 114, 138
999, 1017, 1049, 1069, 1092, 1103, 1126, 1149, 1168, 1196, 1209, 1229, 1256, 1269, 1291, 1315, 1336, 1354, 1370, 1398, 1424, 1448, 1462, 1491, 1503, 1530, 1537, 1536, 4, 24, 66, 87, 90, 114, 139
999, 1017, 1049, 1069, 1092, 1103, 1126, 1149, 1168, 1196, 1209, 1229, 1256, 1269, 1291, 1315, 1336, 1354, 1370, 1398, 1424, 1448, 1462, 1491, 1503, 1530, 1537, 3, 25, 65, 86, 89, 113, 140
999, 1017, 1049, 1069, 1092, 1103, 1126, 1149, 1168, 1196, 1209, 1229, 1256, 1270, 1292, 1316, 1337, 1355, 1371, 1396, 1423, 1449, 1463, 1493, 1504, 1529, 1538, 0, 26, 64, 85, 109, 111, 141
999, 1017, 1049, 1069, 1092, 1103, 1126, 1149, 1168, 1196, 1209, 1229, 1256, 1270, 1292, 1316, 1337, 1355, 1371, 1396, 1423, 1449, 1463, 1493, 1505, 1528, 1539, 21, 27, 62, 84, 107, 110, 142
999, 1017, 1049, 1069, 1092, 1103, 1126, 1149, 1168, 1196, 1209, 1229, 1256, 1270, 1292, 1316, 1337, 1355, 1371, 1396, 1423, 1449, 1463, 1493, 1505, 1528, 1539, 21, 28, 29, 61, 83, 106, 130, 143
999, 1017, 1049, 1068, 1091, 1104, 1127, 1148, 1167, 1194, 1211, 1231, 1259, 1272, 1293, 1317, 1338, 1357, 1358, 1374, 1392, 1420, 1431, 1467, 1475, 1508, 1526, 1541, 18, 30, 60, 82, 105, 129, 144
999, 1017, 1049, 1068, 1091, 1104, 1127, 1148, 1167, 1194, 1211, 1231, 1259, 1272, 1293, 1317, 1338, 1357, 1358, 1374, 1392, 1420, 1431, 1467, 1475, 1508, 1526, 1541, 18, 30, 60, 82, 105, 128, 145
999, 1017, 1049, 1068, 1091, 1104, 1127, 1148, 1167, 1194, 1211, 1231, 1259, 1272, 1293, 1317, 1338, 1357, 1358, 1374, 1392, 1419, 1432, 1468, 1476, 1509, 1525, 1542, 17, 31, 59, 81, 104, 127, 146
999, 1017, 1049, 1068, 1091, 1104, 1127, 1148, 1167, 1194, 1211, 1231, 1259, 1272, 1293, 1317, 1338, 1357, 1358, 1374, 1392, 1419, 1432, 1468, 1476, 1509, 1525, 1542, 17, 31, 59, 58, 80, 103, 126, 147
999, 1017, 1049, 1068, 1091, 1104, 1127, 1148, 1167, 1194, 1211, 1231, 1259, 1272, 1293, 1317, 1338, 1357, 1358, 1374, 1392, 1419, 1432, 1468, 1476, 1509, 1525, 1542, 17, 31, 59, 58, 80, 102, 101, 125, 148
999, 975, 955, 941, 906, 893, 873, 829, 812, 787, 758, 755, 720, 702, 680, 670, 649, 632, 608, 588, 553, 544, 510, 494, 466, 446, 422, 402, 376, 370, 337, 319, 299, 266, 258, 238, 201, 193, 162, 149
999, 975, 955, 941, 906, 893, 873, 829, 812, 787, 758, 755, 720, 702, 680, 670, 649, 632, 608, 588, 553, 544, 510, 494, 466, 446, 422, 402, 376, 370, 337, 319, 299, 266, 258, 238, 201, 193, 162, 149, 150
999, 975, 955, 941, 906, 893, 873, 829, 812, 787, 758, 755, 720, 702, 680, 670, 649, 632, 608, 588, 553, 544, 510, 494, 466, 446, 422, 402, 376, 370, 337, 319, 299, 266, 258, 238, 201, 194, 164, 151
999, 975, 955, 941, 906, 893, 873, 829, 812, 787, 758, 755, 720, 702, 680, 670, 649, 632, 608, 588, 553, 544, 510, 494, 493, 467, 445, 421, 403, 378, 368, 338, 318, 300, 265, 260, 239, 202, 195, 165, 152
999, 975, 955, 941, 906, 893, 873, 829, 812, 787, 758, 755, 720, 702, 680, 670, 649, 632, 608, 588, 553, 544, 510, 494, 493, 467, 445, 421, 403, 378, 368, 338, 318, 300, 265, 260, 239, 202, 195, 196, 166, 153
999, 975, 955, 941, 906, 893, 873, 829, 812, 787, 758, 755, 720, 702, 680, 670, 649, 632, 608, 588, 553, 544, 510, 494, 493, 467, 445, 421, 403, 378, 368, 338, 318, 300, 265, 260, 239, 202, 195, 196, 166, 153, 154
999, 975, 955, 941, 906, 893, 873, 829, 812, 787, 758, 755, 720, 702, 680, 670, 649, 632, 608, 588, 553, 544, 510, 494, 493, 467, 445, 421, 403, 378, 368, 338, 318, 300, 265, 260, 239, 202, 195, 196, 166, 153, 154, 155
999, 1017, 1049, 1069, 1092, 1103, 1126, 1149, 1168, 1196, 1209, 1229, 1256, 1270, 1292, 1316, 1337, 1355, 1371, 1396, 1423, 1449, 1463, 1493, 1505, 1528, 1539, 21, 28, 29, 61, 83, 106, 130, 143, 156
999, 1017, 1049, 1068, 1091, 1104, 1127, 1148, 1167, 1194, 1211, 1231, 1259, 1272, 1293, 1317, 1338, 1357, 1358, 1374, 1392, 1420, 1431, 1467, 1475, 1508, 1526, 1541, 18, 30, 60, 82, 105, 129, 144, 157
999, 1017, 1049, 1068, 1091, 1104, 1127, 1148, 1167, 1194, 1211, 1231, 1259, 1272, 1293, 1317, 1338, 1357, 1358, 1374, 1392, 1420, 1431, 1467, 1475, 1508, 1526, 1541, 18, 30, 60, 82, 105, 128, 145, 158
999, 1017, 1049, 1068, 1091, 1104, 1127, 1148, 1167, 1194, 1211, 1231, 1259, 1272, 1293, 1317, 1338, 1357, 1358, 1374, 1392, 1419, 1432, 1468, 1476, 1509, 1525, 1542, 17, 31, 59, 81, 104, 127, 146, 159
999, 1017, 1049, 1068, 1091, 1104, 1127, 1148, 1167, 1194, 1211, 1231, 1259, 1272, 1293, 1317, 1338, 1357, 1358, 1374, 1392, 1419, 1432, 1468, 1476, 1509, 1525, 1542, 17, 31, 59, 58, 80, 103, 126, 147, 160
999, 1017, 1049, 1068, 1091, 1104, 1127, 1148, 1167, 1194, 1211, 1231, 1259, 1272, 1293, 1317, 1338, 1357, 1358, 1374, 1392, 1419, 1432, 1468, 1476, 1509, 1525, 1542, 17, 31, 59, 58, 80, 102, 101, 125, 148, 161
999, 975, 955, 941, 906, 893, 873, 829, 812, 787, 758, 755, 720, 702, 680, 670, 649, 632, 608, 588, 553, 544, 510, 494, 466, 446, 422, 402, 376, 370, 337, 319, 299, 266, 258, 238, 201, 193, 162
999, 975, 955, 941, 906, 893, 873, 829, 812, 787, 758, 755, 720, 702, 680, 670, 649, 632, 608, 588, 553, 544, 510, 494, 466, 446, 422, 402, 376, 370, 337, 319, 299, 266, 258, 238, 201, 193, 163
999, 975, 955, 941, 906, 893, 873, 829, 812, 787, 758, 755, 720, 702, 680, 670, 649, 632, 608, 588, 553, 544, 510, 494, 466, 446, 422, 402, 376, 370, 337, 319, 299, 266, 258, 238, 201, 194, 164
999, 975, 955, 941, 906, 893, 873, 829, 812, 787, 758, 755, 720, 702, 680, 670, 649, 632, 608, 588, 553, 544, 510, 494, 493, 467, 445, 421, 403, 378, 368, 338, 318, 300, 265, 260, 239, 202, 195, 165
999, 975, 955, 941, 906, 893, 873, 829, 812, 787, 758, 755, 720, 702, 680, 670, 649, 632, 608, 588, 553, 544, 510, 494, 493, 467, 445, 421, 403, 378, 368, 338, 318, 300, 265, 260, 239, 202, 195, 196, 166
999, 975, 955, 941, 906, 893, 873, 829, 812, 787, 758, 755, 720, 702, 680, 670, 649, 632, 608, 588, 553, 544, 510, 494, 493, 467, 445, 421, 403, 378, 368, 338, 318, 300, 265, 260, 239, 202, 195, 196, 197, 167
999, 975, 955, 941, 906, 893, 873, 829, 812, 787, 758, 755, 720, 702, 680, 670, 649, 632, 608, 588, 553, 544, 510, 494, 493, 467, 445, 421, 403, 378, 368, 338, 318, 300, 265, 260, 239, 202, 195, 196, 197, 167, 168
999, 1000, 1015, 1047, 1072, 1094, 1100, 1124, 1151, 1170, 1199, 1207, 1226, 1254, 1289, 1310, 1313, 1312, 1333, 1332, 1350, 1385, 1403, 1428, 1442, 1458, 1486, 1499, 1534, 1553, 7, 44, 48, 71, 93, 117, 118, 133, 132, 169
999, 1000, 1015, 1047, 1072, 1094, 1100, 1124, 1151, 1170, 1199, 1207, 1226, 1254, 1289, 1310, 1313, 1312, 1333, 1332, 1350, 1385, 1403, 1428, 1442, 1458, 1486, 1499, 1534, 1553, 7, 44, 48, 71, 93, 117, 134, 170
999, 1000, 1015, 1047, 1072, 1094, 1100, 1124, 1151, 1170, 1199, 1207, 1226, 1254, 1289, 1310, 1313, 1334, 1352, 1388, 1400, 1426, 1444, 1460, 1488, 1501, 1500, 1533, 1554, 6, 45, 47, 69, 92, 116, 135, 171
999, 1000, 1015, 1047, 1072, 1094, 1100, 1124, 1151, 1170, 1199, 1207, 1226, 1254, 1289, 1310, 1313, 1334, 1352, 1388, 1400, 1426, 1444, 1460, 1488, 1501, 1532, 1535, 5, 23, 67, 88, 91, 115, 137, 172
999, 1017, 1049, 1069, 1092, 1103, 1126, 1149, 1168, 1196, 1209, 1229, 1256, 1269, 1291, 1315, 1336, 1354, 1370, 1398, 1424, 1448, 1462, 1491, 1503, 1530, 1537, 1536, 4, 24, 66, 87, 90, 114, 138, 173
999, 1017, 1049, 1069, 1092, 1103, 1126, 1149, 1168, 1196, 1209, 1229, 1256, 1269, 1291, 1315, 1336, 1354, 1370, 1398, 1424, 1448, 1462, 1491, 1503, 1530, 1537, 3, 25, 65, 86, 89, 113, 140, 175, 174
999, 1017, 1049, 1069, 1092, 1103, 1126, 1149, 1168, 1196, 1209, 1229, 1256, 1269, 1291, 1315, 1336, 1354, 1370, 1398, 1424, 1448, 1462, 1491, 1503, 1530, 1537, 3, 25, 65, 86, 89, 113, 140, 175
999, 1017, 1049, 1069, 1092, 1103, 1126, 1149, 1168, 1196, 1209, 1229, 1256, 1270, 1292, 1316, 1337, 1355, 1371, 1396, 1423, 1449, 1463, 1493, 1504, 1529, 1538, 0, 26, 64, 85, 109, 111, 141, 176
999, 1017, 1049, 1069, 1092, 1103, 1126, 1149, 1168, 1196, 1209, 1229, 1256, 1270, 1292, 1316, 1337, 1355, 1371, 1396, 1423, 1449, 1463, 1493, 1505, 1528, 1539, 21, 27, 62, 84, 107, 110, 142, 177
999, 1000, 1015, 1047, 1072, 1094, 1100, 1124, 1151, 1170, 1199, 1207, 1226, 1254, 1289, 1310, 1313, 1312, 1333, 1332, 1350, 1385, 1403, 1428, 1442, 1458, 1486, 1499, 1534, 1553, 7, 44, 48, 71, 93, 117, 134, 170, 178
999, 1000, 1015, 1047, 1072, 1094, 1100, 1124, 1151, 1170, 1199, 1207, 1226, 1254, 1289, 1310, 1313, 1334, 1352, 1388, 1400, 1426, 1444, 1460, 1488, 1501, 1532, 1535, 5, 23, 67, 88, 91, 115, 137, 172, 180, 179
999, 1000, 1015, 1047, 1072, 1094, 1100, 1124, 1151, 1170, 1199, 1207, 1226, 1254, 1289, 1310, 1313, 1334, 1352, 1388, 1400, 1426, 1444, 1460, 1488, 1501, 1532, 1535, 5, 23, 67, 88, 91, 115, 137, 172, 180
999, 1000, 1015, 1047, 1072, 1094, 1100, 1124, 1151, 1170, 1199, 1207, 1226, 1254, 1289, 1310, 1313, 1334, 1352, 1388, 1400, 1426, 1444, 1460, 1488, 1501, 1532, 1535, 5, 23, 67, 88, 91, 115, 137, 172, 181
999, 1017, 1049, 1069, 1092, 1103, 1126, 1149, 1168, 1196, 1209, 1229, 1256, 1269, 1291, 1315, 1336, 1354, 1370, 1398, 1424, 1448, 1462, 1491, 1503, 1530, 1537, 1536, 4, 24, 66, 87, 90, 114, 138, 173, 182
999, 1017, 1049, 1069, 1092, 1103, 1126, 1149, 1168, 1196, 1209, 1229, 1256, 1269, 1291, 1315, 1336, 1354, 1370, 1398, 1424, 1448, 1462, 1491, 1503, 1530, 1537, 3, 25, 65, 86, 89, 113, 140, 175, 183
999, 1017, 1049, 1069, 1092, 1103, 1126, 1149, 1168, 1196, 1209, 1229, 1256, 1270, 1292, 1316, 1337, 1355, 1371, 1396, 1423, 1449, 1463, 1493, 1504, 1529, 1538, 0, 26, 64, 85, 109, 111, 141, 176, 184
999, 1017, 1049, 1069, 1092, 1103, 1126, 1149, 1168, 1196, 1209, 1229, 1256, 1270, 1292, 1316, 1337, 1355, 1371, 1396, 1423, 1449, 1463, 1493, 1505, 1528, 1539, 21, 27, 62, 84, 107, 110, 142, 177, 185
999, 1017, 1049, 1069, 1092, 1103, 1126, 1149, 1168, 1196, 1209, 1229, 1256, 1270, 1292, 1316, 1337, 1355, 1371, 1396, 1423, 1449, 1463, 1493, 1505, 1528, 1539, 21, 27, 62, 84, 107, 110, 142, 177, 186
999, 975, 956, 942, 904, 892, 874, 828, 811, 786, 779, 756, 721, 701, 681, 672, 650, 633, 607, 587, 555, 541, 513, 496, 464, 450, 426, 399, 373, 352, 331, 324, 293, 272, 252, 232, 217, 187
999, 975, 956, 942, 904, 892, 874, 828, 811, 786, 779, 756, 721, 701, 681, 672, 650, 633, 607, 587, 555, 541, 513, 496, 464, 450, 426, 399, 373, 352, 331, 324, 293, 272, 252, 232, 217, 188
999, 975, 956, 942, 904, 892, 874, 828, 811, 786, 779, 756, 721, 701, 681, 672, 650, 633, 607, 587, 555, 541, 513, 496, 464, 450, 426, 399, 373, 352, 331, 324, 293, 272, 252, 232, 218, 189
999, 975, 956, 942, 904, 892, 874, 828, 811, 786, 779, 756, 721, 701, 681, 672, 650, 633, 607, 587, 555, 541, 513, 496, 464, 450, 426, 399, 373, 352, 331, 324, 294, 270, 254, 233, 219, 190
999, 975, 956, 942, 904, 892, 874, 828, 811, 786, 779, 756, 721, 701, 681, 672, 650, 633, 607, 587, 555, 541, 513, 496, 464, 449, 425, 400, 374, 350, 333, 323, 295, 269, 255, 235, 220, 191
999, 1017, 1049, 1068, 1091, 1104, 1127, 1148, 1167, 1194, 1211, 1231, 1259, 1272, 1293, 1317, 1338, 1357, 1358, 1374, 1392, 1419, 1432, 1468, 1476, 1509, 1525, 1542, 17, 31, 59, 58, 80, 102, 101, 125, 148, 161, 192
999, 975, 955, 941, 906, 893, 873, 829, 812, 787, 758, 755, 720, 702, 680, 670, 649, 632, 608, 588, 553, 544, 510, 494, 466, 446, 422, 402, 376, 370, 337, 319, 299, 266, 258, 238, 201, 193
999, 975, 955, 941, 906, 893, 873, 829, 812, 787, 758, 755, 720, 702, 680, 670, 649, 632, 608, 588, 553, 544, 510, 494, 466, 446, 422, 402, 376, 370, 337, 319, 299, 266, 258, 238, 201, 194
999, 975, 955, 941, 906, 893, 873, 829, 812, 787, 758, 755, 720, 702, 680, 670, 649, 632, 608, 588, 553, 544, 510, 494, 493, 467, 445, 421, 403, 378, 368, 338, 318, 300, 265, 260, 239, 202, 195
999, 975, 955, 941, 906, 893, 873, 829, 812, 787, 758, 755, 720, 702, 680, 670, 649, 632, 608, 588, 553, 544, 510, 494, 493, 467, 445, 421, 403, 378, 368, 338, 318, 300, 265, 260, 239, 202, 195, 196
999, 975, 955, 941, 906, 893, 873, 829, 812, 787, 758, 755, 720, 702, 680, 670, 649, 632, 608, 588, 553, 544, 510, 494, 493, 467, 445, 421, 403, 378, 368, 338, 318, 300, 265, 260, 239, 202, 195, 196, 197
999, 975, 955, 941, 906, 893, 873, 829, 812, 787, 758, 755, 720, 702, 680, 670, 649, 632, 608, 588, 553, 544, 510, 494, 493, 467, 445, 421, 403, 378, 368, 338, 318, 300, 265, 260, 239, 202, 195, 196, 197, 198
999, 975, 955, 941, 906, 893, 873, 829, 812, 787, 758, 755, 720, 702, 680, 670, 649, 632, 608, 588, 554, 542, 512, 495, 465, 447, 424, 401, 375, 371, 336, 320, 298, 267, 257, 237, 199
