903, 942, 956, 975, 999, 1017, 1049, 1069, 1092, 1103, 1126, 1149, 1168, 1196, 1209, 1229, 1256, 1270, 1292, 1316, 1337, 1355, 1371, 1396, 1423, 1449, 1463, 1493, 1504, 1529, 1538, 0
903, 942, 956, 975, 999, 1017, 1049, 1069, 1092, 1103, 1126, 1149, 1168, 1196, 1209, 1229, 1256, 1270, 1292, 1316, 1337, 1355, 1371, 1396, 1423, 1449, 1463, 1493, 1504, 1529, 1538, 1
903, 942, 956, 975, 999, 1017, 1049, 1069, 1092, 1103, 1126, 1149, 1168, 1196, 1209, 1229, 1256, 1269, 1291, 1315, 1336, 1354, 1370, 1398, 1424, 1448, 1462, 1491, 1503, 1530, 1537, 2
903, 942, 956, 975, 999, 1017, 1049, 1069, 1092, 1103, 1126, 1149, 1168, 1196, 1209, 1229, 1256, 1269, 1291, 1315, 1336, 1354, 1370, 1398, 1424, 1448, 1462, 1491, 1503, 1530, 1537, 3
903, 902, 944, 959, 973, 1000, 1015, 1047, 1072, 1094, 1100, 1124, 1151, 1170, 1199, 1207, 1226, 1254, 1289, 1310, 1313, 1334, 1352, 1388, 1400, 1426, 1444, 1460, 1488, 1501, 1531, 1536, 4
903, 902, 944, 959, 973, 1000, 1015, 1047, 1072, 1094, 1100, 1124, 1151, 1170, 1199, 1207, 1226, 1254, 1289, 1310, 1313, 1334, 1352, 1388, 1400, 1426, 1444, 1460, 1488, 1501, 1532, 1535, 5
903, 902, 944, 959, 973, 1000, 1015, 1047, 1072, 1094, 1100, 1124, 1151, 1170, 1199, 1207, 1226, 1254, 1289, 1310, 1313, 1334, 1352, 1388, 1400, 1426, 1444, 1460, 1488, 1501, 1500, 1533, 1554, 6
903, 902, 944, 959, 973, 1000, 1015, 1047, 1072, 1094, 1100, 1124, 1151, 1170, 1199, 1207, 1226, 1254, 1289, 1310, 1313, 1312, 1333, 1332, 1350, 1385, 1403, 1428, 1442, 1458, 1486, 1499, 1534, 1553, 7
903, 902, 944, 959, 973, 1000, 1015, 1047, 1072, 1094, 1100, 1124, 1151, 1170, 1199, 1207, 1226, 1254, 1289, 1310, 1313, 1312, 1333, 1332, 1350, 1385, 1403, 1428, 1442, 1458, 1486, 1499, 1534, 1553, 7, 8
903, 902, 944, 959, 973, 972, 1001, 1014, 1046, 1073, 1076, 1099, 1123, 1152, 1171, 1200, 1206, 1225, 1253, 1287, 1286, 1308, 1331, 1330, 1349, 1369, 1384, 1404, 1430, 1441, 1457, 1485, 1498, 1514, 1552, 9
903, 902, 944, 959, 973, 972, 1001, 1014, 1046, 1073, 1076, 1099, 1123, 1152, 1171, 1200, 1206, 1225, 1253, 1287, 1286, 1308, 1331, 1330, 1349, 1369, 1384, 1404, 1430, 1441, 1457, 1485, 1498, 1514, 1552, 1551, 10
903, 942, 956, 975, 976, 997, 1018, 1050, 1066, 1090, 1106, 1130, 1146, 1145, 1162, 1189, 1215, 1235, 1262, 1277, 1299, 1323, 1343, 1344, 1363, 1379, 1409, 1414, 1437, 1472, 1481, 1513, 1518, 1549, 1550, 11
903, 942, 956, 975, 976, 997, 1018, 1050, 1066, 1090, 1106, 1130, 1146, 1145, 1162, 1189, 1215, 1235, 1262, 1277, 1299, 1323, 1343, 1344, 1363, 1379, 1409, 1414, 1437, 1472, 1481, 1513, 1518, 1549, 12
903, 942, 956, 975, 999, 1017, 1049, 1068, 1091, 1104, 1127, 1148, 1167, 1194, 1211, 1231, 1259, 1272, 1293, 1317, 1338, 1357, 1358, 1374, 1392, 1419, 1432, 1468, 1469, 1470, 1479, 1512, 1520, 1545, 1546, 13
903, 942, 956, 975, 999, 1017, 1049, 1068, 1091, 1104, 1127, 1148, 1167, 1194, 1211, 1231, 1259, 1272, 1293, 1317, 1338, 1357, 1358, 1374, 1392, 1419, 1432, 1468, 1469, 1470, 1479, 1512, 1520, 1545, 14
903, 942, 956, 975, 999, 1017, 1049, 1068, 1091, 1104, 1127, 1148, 1167, 1194, 1211, 1231, 1259, 1272, 1293, 1317, 1338, 1357, 1358, 1374, 1392, 1419, 1432, 1468, 1476, 1509, 1524, 1523, 1522, 1544, 15
903, 942, 956, 975, 999, 1017, 1049, 1068, 1091, 1104, 1127, 1148, 1167, 1194, 1211, 1231, 1259, 1272, 1293, 1317, 1338, 1357, 1358, 1374, 1392, 1419, 1432, 1468, 1476, 1509, 1525, 1542, 17, 16
903, 942, 956, 975, 999, 1017, 1049, 1068, 1091, 1104, 1127, 1148, 1167, 1194, 1211, 1231, 1259, 1272, 1293, 1317, 1338, 1357, 1358, 1374, 1392, 1419, 1432, 1468, 1476, 1509, 1525, 1542, 17
903, 942, 956, 975, 999, 1017, 1049, 1068, 1091, 1104, 1127, 1148, 1167, 1194, 1211, 1231, 1259, 1272, 1293, 1317, 1338, 1357, 1358, 1374, 1392, 1420, 1431, 1467, 1475, 1508, 1526, 1541, 18
903, 942, 956, 975, 999, 1017, 1049, 1068, 1091, 1104, 1127, 1148, 1167, 1194, 1211, 1231, 1259, 1272, 1293, 1317, 1338, 1357, 1358, 1374, 1392, 1420, 1431, 1467, 1475, 1508, 1526, 1541, 19
903, 942, 956, 975, 999, 1017, 1049, 1068, 1091, 1104, 1127, 1148, 1167, 1194, 1211, 1231, 1259, 1272, 1293, 1317, 1338, 1357, 1358, 1373, 1393, 1421, 1451, 1465, 1474, 1507, 1527, 1540, 20
903, 942, 956, 975, 999, 1017, 1049, 1069, 1092, 1103, 1126, 1149, 1168, 1196, 1209, 1229, 1256, 1270, 1292, 1316, 1337, 1355, 1371, 1396, 1423, 1449, 1463, 1493, 1505, 1528, 1539, 21
903, 902, 944, 959, 973, 1000, 1015, 1047, 1072, 1094, 1100, 1124, 1151, 1170, 1199, 1207, 1226, 1254, 1289, 1310, 1313, 1334, 1352, 1388, 1400, 1426, 1444, 1460, 1488, 1501, 1532, 1535, 5, 22
903, 902, 944, 959, 973, 1000, 1015, 1047, 1072, 1094, 1100, 1124, 1151, 1170, 1199, 1207, 1226, 1254, 1289, 1310, 1313, 1334, 1352, 1388, 1400, 1426, 1444, 1460, 1488, 1501, 1532, 1535, 5, 23
903, 902, 944, 959, 973, 1000, 1015, 1047, 1072, 1094, 1100, 1124, 1151, 1170, 1199, 1207, 1226, 1254, 1289, 1310, 1313, 1334, 1352, 1388, 1400, 1426, 1444, 1460, 1488, 1501, 1531, 1536, 4, 24
903, 942, 956, 975, 999, 1017, 1049, 1069, 1092, 1103, 1126, 1149, 1168, 1196, 1209, 1229, 1256, 1269, 1291, 1315, 1336, 1354, 1370, 1398, 1424, 1448, 1462, 1491, 1503, 1530, 1537, 3, 25
903, 942, 956, 975, 999, 1017, 1049, 1069, 1092, 1103, 1126, 1149, 1168, 1196, 1209, 1229, 1256, 1270, 1292, 1316, 1337, 1355, 1371, 1396, 1423, 1449, 1463, 1493, 1504, 1529, 1538, 0, 26
903, 942, 956, 975, 999, 1017, 1049, 1069, 1092, 1103, 1126, 1149, 1168, 1196, 1209, 1229, 1256, 1270, 1292, 1316, 1337, 1355, 1371, 1396, 1423, 1449, 1463, 1493, 1505, 1528, 1539, 21, 27
903, 942, 956, 975, 999, 1017, 1049, 1069, 1092, 1103, 1126, 1149, 1168, 1196, 1209, 1229, 1256, 1270, 1292, 1316, 1337, 1355, 1371, 1396, 1423, 1449, 1463, 1493, 1505, 1528, 1539, 21, 28
903, 942, 956, 975, 999, 1017, 1049, 1069, 1092, 1103, 1126, 1149, 1168, 1196, 1209, 1229, 1256, 1270, 1292, 1316, 1337, 1355, 1371, 1396, 1423, 1449, 1463, 1493, 1505, 1528, 1539, 21, 28, 29
903, 942, 956, 975, 999, 1017, 1049, 1068, 1091, 1104, 1127, 1148, 1167, 1194, 1211, 1231, 1259, 1272, 1293, 1317, 1338, 1357, 1358, 1374, 1392, 1420, 1431, 1467, 1475, 1508, 1526, 1541, 18, 30
903, 942, 956, 975, 999, 1017, 1049, 1068, 1091, 1104, 1127, 1148, 1167, 1194, 1211, 1231, 1259, 1272, 1293, 1317, 1338, 1357, 1358, 1374, 1392, 1419, 1432, 1468, 1476, 1509, 1525, 1542, 17, 31
903, 942, 956, 975, 999, 1017, 1049, 1068, 1091, 1104, 1127, 1148, 1167, 1194, 1211, 1231, 1259, 1272, 1293, 1317, 1338, 1357, 1358, 1374, 1392, 1419, 1432, 1468, 1476, 1509, 1525, 1542, 17, 16, 32
903, 942, 956, 975, 999, 1017, 1049, 1068, 1091, 1104, 1127, 1148, 1167, 1194, 1211, 1231, 1259, 1272, 1293, 1317, 1338, 1357, 1358, 1374, 1392, 1419, 1432, 1468, 1476, 1509, 1524, 1523, 1522, 1544, 15, 33
903, 942, 956, 975, 999, 1017, 1049, 1068, 1091, 1104, 1127, 1148, 1167, 1194, 1211, 1231, 1259, 1272, 1293, 1317, 1338, 1357, 1358, 1374, 1392, 1419, 1432, 1468, 1476, 1509, 1524, 1523, 1522, 1544, 15, 34
903, 892, 874, 828, 811, 786, 779, 756, 721, 701, 681, 672, 650, 633, 607, 587, 555, 541, 513, 496, 464, 449, 448, 447, 424, 401, 375, 371, 336, 320, 298, 267, 257, 237, 199, 193, 162, 149, 124, 100, 77, 56, 35
903, 942, 956, 975, 999, 1017, 1049, 1068, 1091, 1104, 1127, 1148, 1167, 1194, 1211, 1231, 1259, 1272, 1293, 1317, 1338, 1357, 1358, 1374, 1392, 1419, 1432, 1468, 1469, 1470, 1479, 1512, 1520, 1545, 1546, 13, 36
903, 942, 956, 975, 976, 997, 1018, 1050, 1066, 1090, 1106, 1130, 1146, 1145, 1162, 1189, 1215, 1235, 1262, 1277, 1299, 1323, 1343, 1344, 1363, 1379, 1409, 1414, 1437, 1472, 1481, 1513, 1518, 1549, 12, 37
903, 942, 956, 975, 976, 997, 1018, 1050, 1066, 1090, 1106, 1130, 1146, 1145, 1162, 1189, 1215, 1235, 1262, 1277, 1299, 1323, 1343, 1344, 1363, 1379, 1409, 1414, 1437, 1472, 1481, 1513, 1518, 1549, 12, 38
903, 942, 956, 975, 976, 997, 1018, 1050, 1066, 1090, 1106, 1130, 1146, 1145, 1162, 1189, 1215, 1235, 1262, 1277, 1299, 1323, 1343, 1344, 1363, 1379, 1409, 1414, 1437, 1472, 1481, 1513, 1518, 1549, 12, 38, 39
903, 942, 956, 975, 976, 997, 1018, 1050, 1066, 1090, 1106, 1130, 1146, 1145, 1162, 1189, 1215, 1235, 1262, 1277, 1299, 1323, 1343, 1344, 1363, 1379, 1409, 1414, 1437, 1472, 1481, 1513, 1518, 1549, 12, 38, 39, 40
903, 902, 944, 959, 973, 972, 1001, 1014, 1046, 1073, 1076, 1099, 1123, 1152, 1171, 1200, 1206, 1225, 1253, 1287, 1286, 1308, 1331, 1330, 1349, 1369, 1384, 1404, 1430, 1441, 1457, 1485, 1498, 1514, 1552, 9, 43, 42, 41
903, 902, 944, 959, 973, 972, 1001, 1014, 1046, 1073, 1076, 1099, 1123, 1152, 1171, 1200, 1206, 1225, 1253, 1287, 1286, 1308, 1331, 1330, 1349, 1369, 1384, 1404, 1430, 1441, 1457, 1485, 1498, 1514, 1552, 9, 43, 42
903, 902, 944, 959, 973, 972, 1001, 1014, 1046, 1073, 1076, 1099, 1123, 1152, 1171, 1200, 1206, 1225, 1253, 1287, 1286, 1308, 1331, 1330, 1349, 1369, 1384, 1404, 1430, 1441, 1457, 1485, 1498, 1514, 1552, 9, 43
903, 902, 944, 959, 973, 1000, 1015, 1047, 1072, 1094, 1100, 1124, 1151, 1170, 1199, 1207, 1226, 1254, 1289, 1310, 1313, 1312, 1333, 1332, 1350, 1385, 1403, 1428, 1442, 1458, 1486, 1499, 1534, 1553, 7, 44
903, 902, 944, 959, 973, 1000, 1015, 1047, 1072, 1094, 1100, 1124, 1151, 1170, 1199, 1207, 1226, 1254, 1289, 1310, 1313, 1334, 1352, 1388, 1400, 1426, 1444, 1460, 1488, 1501, 1500, 1533, 1554, 6, 45
903, 902, 944, 959, 973, 1000, 1015, 1047, 1072, 1094, 1100, 1124, 1151, 1170, 1199, 1207, 1226, 1254, 1289, 1310, 1313, 1312, 1333, 1332, 1350, 1385, 1403, 1428, 1442, 1458, 1486, 1499, 1534, 1553, 7, 44, 46
903, 902, 944, 959, 973, 1000, 1015, 1047, 1072, 1094, 1100, 1124, 1151, 1170, 1199, 1207, 1226, 1254, 1289, 1310, 1313, 1334, 1352, 1388, 1400, 1426, 1444, 1460, 1488, 1501, 1500, 1533, 1554, 6, 45, 47
903, 902, 944, 959, 973, 1000, 1015, 1047, 1072, 1094, 1100, 1124, 1151, 1170, 1199, 1207, 1226, 1254, 1289, 1310, 1313, 1312, 1333, 1332, 1350, 1385, 1403, 1428, 1442, 1458, 1486, 1499, 1534, 1553, 7, 44, 48
903, 902, 944, 959, 973, 1000, 1015, 1047, 1072, 1094, 1100, 1124, 1151, 1170, 1199, 1207, 1226, 1254, 1289, 1310, 1313, 1312, 1333, 1332, 1350, 1385, 1403, 1428, 1442, 1458, 1486, 1499, 1534, 1553, 7, 44, 48, 49
903, 902, 944, 959, 973, 972, 1001, 1014, 1046, 1073, 1076, 1099, 1123, 1152, 1171, 1200, 1206, 1225, 1253, 1287, 1286, 1308, 1331, 1330, 1349, 1369, 1384, 1404, 1430, 1441, 1457, 1485, 1498, 1514, 1552, 9, 43, 42, 41, 50
903, 942, 956, 975, 976, 997, 1018, 1050, 1066, 1090, 1106, 1130, 1146, 1145, 1162, 1189, 1215, 1235, 1262, 1277, 1299, 1323, 1343, 1344, 1363, 1379, 1409, 1414, 1437, 1472, 1481, 1513, 1518, 1549, 12, 38, 53, 52, 51
903, 942, 956, 975, 976, 997, 1018, 1050, 1066, 1090, 1106, 1130, 1146, 1145, 1162, 1189, 1215, 1235, 1262, 1277, 1299, 1323, 1343, 1344, 1363, 1379, 1409, 1414, 1437, 1472, 1481, 1513, 1518, 1549, 12, 38, 53, 52
903, 942, 956, 975, 976, 997, 1018, 1050, 1066, 1090, 1106, 1130, 1146, 1145, 1162, 1189, 1215, 1235, 1262, 1277, 1299, 1323, 1343, 1344, 1363, 1379, 1409, 1414, 1437, 1472, 1481, 1513, 1518, 1549, 12, 38, 53
903, 892, 874, 828, 811, 786, 779, 756, 721, 701, 681, 672, 650, 633, 607, 587, 588, 553, 544, 510, 494, 493, 467, 445, 421, 403, 378, 368, 338, 318, 300, 265, 260, 239, 202, 195, 165, 152, 122, 98, 75, 54
903, 892, 874, 828, 811, 786, 779, 756, 721, 701, 681, 672, 650, 633, 607, 587, 588, 553, 544, 510, 494, 466, 446, 422, 402, 376, 370, 337, 319, 299, 266, 258, 238, 201, 194, 164, 151, 123, 99, 76, 55
903, 892, 874, 828, 811, 786, 779, 756, 721, 701, 681, 672, 650, 633, 607, 587, 555, 541, 513, 496, 464, 449, 448, 447, 424, 401, 375, 371, 336, 320, 298, 267, 257, 237, 199, 193, 162, 149, 124, 100, 77, 56
903, 942, 956, 975, 999, 1017, 1049, 1068, 1091, 1104, 1127, 1148, 1167, 1194, 1211, 1231, 1259, 1272, 1293, 1317, 1338, 1357, 1358, 1374, 1392, 1419, 1432, 1468, 1476, 1509, 1524, 1523, 1522, 1544, 15, 33, 57
903, 942, 956, 975, 999, 1017, 1049, 1068, 1091, 1104, 1127, 1148, 1167, 1194, 1211, 1231, 1259, 1272, 1293, 1317, 1338, 1357, 1358, 1374, 1392, 1419, 1432, 1468, 1476, 1509, 1525, 1542, 17, 31, 59, 58
903, 942, 956, 975, 999, 1017, 1049, 1068, 1091, 1104, 1127, 1148, 1167, 1194, 1211, 1231, 1259, 1272, 1293, 1317, 1338, 1357, 1358, 1374, 1392, 1419, 1432, 1468, 1476, 1509, 1525, 1542, 17, 31, 59
903, 942, 956, 975, 999, 1017, 1049, 1068, 1091, 1104, 1127, 1148, 1167, 1194, 1211, 1231, 1259, 1272, 1293, 1317, 1338, 1357, 1358, 1374, 1392, 1420, 1431, 1467, 1475, 1508, 1526, 1541, 18, 30, 60
903, 942, 956, 975, 999, 1017, 1049, 1069, 1092, 1103, 1126, 1149, 1168, 1196, 1209, 1229, 1256, 1270, 1292, 1316, 1337, 1355, 1371, 1396, 1423, 1449, 1463, 1493, 1505, 1528, 1539, 21, 28, 29, 61
903, 942, 956, 975, 999, 1017, 1049, 1069, 1092, 1103, 1126, 1149, 1168, 1196, 1209, 1229, 1256, 1270, 1292, 1316, 1337, 1355, 1371, 1396, 1423, 1449, 1463, 1493, 1505, 1528, 1539, 21, 27, 62
903, 942, 956, 975, 999, 1017, 1049, 1069, 1092, 1103, 1126, 1149, 1168, 1196, 1209, 1229, 1256, 1270, 1292, 1316, 1337, 1355, 1371, 1396, 1423, 1449, 1463, 1493, 1504, 1529, 1538, 0, 26, 63
903, 942, 956, 975, 999, 1017, 1049, 1069, 1092, 1103, 1126, 1149, 1168, 1196, 1209, 1229, 1256, 1270, 1292, 1316, 1337, 1355, 1371, 1396, 1423, 1449, 1463, 1493, 1504, 1529, 1538, 0, 26, 64
903, 942, 956, 975, 999, 1017, 1049, 1069, 1092, 1103, 1126, 1149, 1168, 1196, 1209, 1229, 1256, 1269, 1291, 1315, 1336, 1354, 1370, 1398, 1424, 1448, 1462, 1491, 1503, 1530, 1537, 3, 25, 65
903, 902, 944, 959, 973, 1000, 1015, 1047, 1072, 1094, 1100, 1124, 1151, 1170, 1199, 1207, 1226, 1254, 1289, 1310, 1313, 1334, 1352, 1388, 1400, 1426, 1444, 1460, 1488, 1501, 1531, 1536, 4, 24, 66
903, 902, 944, 959, 973, 1000, 1015, 1047, 1072, 1094, 1100, 1124, 1151, 1170, 1199, 1207, 1226, 1254, 1289, 1310, 1313, 1334, 1352, 1388, 1400, 1426, 1444, 1460, 1488, 1501, 1532, 1535, 5, 23, 67
903, 902, 944, 959, 973, 1000, 1015, 1047, 1072, 1094, 1100, 1124, 1151, 1170, 1199, 1207, 1226, 1254, 1289, 1310, 1313, 1334, 1352, 1388, 1400, 1426, 1444, 1460, 1488, 1501, 1532, 1535, 5, 23, 67, 88, 68
903, 902, 944, 959, 973, 1000, 1015, 1047, 1072, 1094, 1100, 1124, 1151, 1170, 1199, 1207, 1226, 1254, 1289, 1310, 1313, 1334, 1352, 1388, 1400, 1426, 1444, 1460, 1488, 1501, 1500, 1533, 1554, 6, 45, 47, 69
903, 902, 944, 959, 973, 1000, 1015, 1047, 1072, 1094, 1100, 1124, 1151, 1170, 1199, 1207, 1226, 1254, 1289, 1310, 1313, 1312, 1333, 1332, 1350, 1385, 1403, 1428, 1442, 1458, 1486, 1499, 1534, 1553, 7, 44, 48, 70
903, 902, 944, 959, 973, 1000, 1015, 1047, 1072, 1094, 1100, 1124, 1151, 1170, 1199, 1207, 1226, 1254, 1289, 1310, 1313, 1312, 1333, 1332, 1350, 1385, 1403, 1428, 1442, 1458, 1486, 1499, 1534, 1553, 7, 44, 48, 71
903, 902, 944, 959, 973, 1000, 1015, 1047, 1072, 1094, 1100, 1124, 1151, 1170, 1199, 1207, 1226, 1254, 1289, 1310, 1313, 1312, 1333, 1332, 1350, 1385, 1403, 1428, 1442, 1458, 1486, 1499, 1534, 1553, 7, 44, 48, 71, 72
903, 902, 944, 959, 973, 972, 1001, 1014, 1046, 1073, 1076, 1099, 1123, 1152, 1171, 1200, 1206, 1225, 1253, 1287, 1286, 1308, 1331, 1330, 1349, 1369, 1384, 1404, 1430, 1441, 1457, 1485, 1498, 1514, 1552, 9, 43, 42, 41, 50, 73
903, 942, 956, 975, 976, 997, 1018, 1050, 1066, 1090, 1106, 1130, 1146, 1145, 1162, 1189, 1215, 1235, 1262, 1277, 1299, 1323, 1343, 1344, 1363, 1379, 1409, 1414, 1437, 1472, 1481, 1513, 1518, 1549, 12, 38, 53, 74
903, 892, 874, 828, 811, 786, 779, 756, 721, 701, 681, 672, 650, 633, 607, 587, 588, 553, 544, 510, 494, 493, 467, 445, 421, 403, 378, 368, 338, 318, 300, 265, 260, 239, 202, 195, 165, 152, 122, 98, 75
903, 892, 874, 828, 811, 786, 779, 756, 721, 701, 681, 672, 650, 633, 607, 587, 588, 553, 544, 510, 494, 466, 446, 422, 402, 376, 370, 337, 319, 299, 266, 258, 238, 201, 194, 164, 151, 123, 99, 76
903, 892, 874, 828, 811, 786, 779, 756, 721, 701, 681, 672, 650, 633, 607, 587, 555, 541, 513, 496, 464, 449, 448, 447, 424, 401, 375, 371, 336, 320, 298, 267, 257, 237, 199, 193, 162, 149, 124, 100, 77
903, 892, 874, 828, 811, 786, 779, 756, 721, 701, 681, 672, 650, 633, 607, 587, 555, 541, 513, 496, 464, 449, 425, 400, 374, 350, 334, 335, 322, 296, 268, 256, 236, 221, 192, 161, 148, 125, 101, 78
903, 942, 956, 975, 999, 1017, 1049, 1068, 1091, 1104, 1127, 1148, 1167, 1194, 1211, 1231, 1259, 1272, 1293, 1317, 1338, 1357, 1358, 1374, 1392, 1419, 1432, 1468, 1476, 1509, 1525, 1542, 17, 31, 59, 58, 79
903, 942, 956, 975, 999, 1017, 1049, 1068, 1091, 1104, 1127, 1148, 1167, 1194, 1211, 1231, 1259, 1272, 1293, 1317, 1338, 1357, 1358, 1374, 1392, 1419, 1432, 1468, 1476, 1509, 1525, 1542, 17, 31, 59, 58, 80
903, 942, 956, 975, 999, 1017, 1049, 1068, 1091, 1104, 1127, 1148, 1167, 1194, 1211, 1231, 1259, 1272, 1293, 1317, 1338, 1357, 1358, 1374, 1392, 1419, 1432, 1468, 1476, 1509, 1525, 1542, 17, 31, 59, 81
903, 942, 956, 975, 999, 1017, 1049, 1068, 1091, 1104, 1127, 1148, 1167, 1194, 1211, 1231, 1259, 1272, 1293, 1317, 1338, 1357, 1358, 1374, 1392, 1420, 1431, 1467, 1475, 1508, 1526, 1541, 18, 30, 60, 82
903, 942, 956, 975, 999, 1017, 1049, 1069, 1092, 1103, 1126, 1149, 1168, 1196, 1209, 1229, 1256, 1270, 1292, 1316, 1337, 1355, 1371, 1396, 1423, 1449, 1463, 1493, 1505, 1528, 1539, 21, 28, 29, 61, 83
903, 942, 956, 975, 999, 1017, 1049, 1069, 1092, 1103, 1126, 1149, 1168, 1196, 1209, 1229, 1256, 1270, 1292, 1316, 1337, 1355, 1371, 1396, 1423, 1449, 1463, 1493, 1505, 1528, 1539, 21, 27, 62, 84
903, 942, 956, 975, 999, 1017, 1049, 1069, 1092, 1103, 1126, 1149, 1168, 1196, 1209, 1229, 1256, 1270, 1292, 1316, 1337, 1355, 1371, 1396, 1423, 1449, 1463, 1493, 1504, 1529, 1538, 0, 26, 64, 85
903, 942, 956, 975, 999, 1017, 1049, 1069, 1092, 1103, 1126, 1149, 1168, 1196, 1209, 1229, 1256, 1269, 1291, 1315, 1336, 1354, 1370, 1398, 1424, 1448, 1462, 1491, 1503, 1530, 1537, 3, 25, 65, 86
903, 902, 944, 959, 973, 1000, 1015, 1047, 1072, 1094, 1100, 1124, 1151, 1170, 1199, 1207, 1226, 1254, 1289, 1310, 1313, 1334, 1352, 1388, 1400, 1426, 1444, 1460, 1488, 1501, 1531, 1536, 4, 24, 66, 87
903, 902, 944, 959, 973, 1000, 1015, 1047, 1072, 1094, 1100, 1124, 1151, 1170, 1199, 1207, 1226, 1254, 1289, 1310, 1313, 1334, 1352, 1388, 1400, 1426, 1444, 1460, 1488, 1501, 1532, 1535, 5, 23, 67, 88
903, 942, 956, 975, 999, 1017, 1049, 1069, 1092, 1103, 1126, 1149, 1168, 1196, 1209, 1229, 1256, 1269, 1291, 1315, 1336, 1354, 1370, 1398, 1424, 1448, 1462, 1491, 1503, 1530, 1537, 3, 25, 65, 86, 89
903, 902, 944, 959, 973, 1000, 1015, 1047, 1072, 1094, 1100, 1124, 1151, 1170, 1199, 1207, 1226, 1254, 1289, 1310, 1313, 1334, 1352, 1388, 1400, 1426, 1444, 1460, 1488, 1501, 1531, 1536, 4, 24, 66, 87, 90
903, 902, 944, 959, 973, 1000, 1015, 1047, 1072, 1094, 1100, 1124, 1151, 1170, 1199, 1207, 1226, 1254, 1289, 1310, 1313, 1334, 1352, 1388, 1400, 1426, 1444, 1460, 1488, 1501, 1532, 1535, 5, 23, 67, 88, 91
903, 902, 944, 959, 973, 1000, 1015, 1047, 1072, 1094, 1100, 1124, 1151, 1170, 1199, 1207, 1226, 1254, 1289, 1310, 1313, 1334, 1352, 1388, 1400, 1426, 1444, 1460, 1488, 1501, 1500, 1533, 1554, 6, 45, 47, 69, 92
903, 902, 944, 959, 973, 1000, 1015, 1047, 1072, 1094, 1100, 1124, 1151, 1170, 1199, 1207, 1226, 1254, 1289, 1310, 1313, 1312, 1333, 1332, 1350, 1385, 1403, 1428, 1442, 1458, 1486, 1499, 1534, 1553, 7, 44, 48, 71, 93
903, 902, 944, 959, 973, 1000, 1015, 1047, 1072, 1094, 1100, 1124, 1151, 1170, 1199, 1207, 1226, 1254, 1289, 1310, 1313, 1312, 1333, 1332, 1350, 1385, 1403, 1428, 1442, 1458, 1486, 1499, 1534, 1553, 7, 44, 48, 71, 93, 94
903, 892, 874, 828, 811, 786, 779, 756, 721, 701, 681, 672, 650, 633, 607, 587, 588, 553, 544, 510, 494, 493, 467, 445, 421, 403, 378, 368, 338, 318, 300, 265, 260, 239, 202, 195, 196, 166, 153, 154, 155, 120, 95
903, 892, 874, 828, 811, 786, 779, 756, 721, 701, 681, 672, 650, 633, 607, 587, 588, 553, 544, 510, 494, 493, 467, 445, 421, 403, 378, 368, 338, 318, 300, 265, 260, 239, 202, 195, 196, 166, 153, 121, 96
903, 892, 874, 828, 811, 786, 779, 756, 721, 701, 681, 672, 650, 633, 607, 587, 588, 553, 544, 510, 494, 493, 467, 445, 421, 403, 378, 368, 338, 318, 300, 265, 260, 239, 202, 195, 165, 152, 122, 97
903, 892, 874, 828, 811, 786, 779, 756, 721, 701, 681, 672, 650, 633, 607, 587, 588, 553, 544, 510, 494, 493, 467, 445, 421, 403, 378, 368, 338, 318, 300, 265, 260, 239, 202, 195, 165, 152, 122, 98
903, 892, 874, 828, 811, 786, 779, 756, 721, 701, 681, 672, 650, 633, 607, 587, 588, 553, 544, 510, 494, 466, 446, 422, 402, 376, 370, 337, 319, 299, 266, 258, 238, 201, 194, 164, 151, 123, 99
903, 892, 874, 828, 811, 786, 779, 756, 721, 701, 681, 672, 650, 633, 607, 587, 555, 541, 513, 496, 464, 449, 448, 447, 424, 401, 375, 371, 336, 320, 298, 267, 257, 237, 199, 193, 162, 149, 124, 100
903, 892, 874, 828, 811, 786, 779, 756, 721, 701, 681, 672, 650, 633, 607, 587, 555, 541, 513, 496, 464, 449, 425, 400, 374, 350, 334, 335, 322, 296, 268, 256, 236, 221, 192, 161, 148, 125, 101
903, 942, 956, 975, 999, 1017, 1049, 1068, 1091, 1104, 1127, 1148, 1167, 1194, 1211, 1231, 1259, 1272, 1293, 1317, 1338, 1357, 1358, 1374, 1392, 1419, 1432, 1468, 1476, 1509, 1525, 1542, 17, 31, 59, 58, 80, 102
903, 892, 874, 828, 811, 786, 779, 756, 721, 701, 681, 672, 650, 633, 607, 587, 555, 541, 513, 496, 464, 449, 425, 400, 374, 350, 333, 323, 295, 269, 255, 235, 220, 191, 160, 147, 126, 103
903, 942, 956, 975, 999, 1017, 1049, 1068, 1091, 1104, 1127, 1148, 1167, 1194, 1211, 1231, 1259, 1272, 1293, 1317, 1338, 1357, 1358, 1374, 1392, 1419, 1432, 1468, 1476, 1509, 1525, 1542, 17, 31, 59, 81, 104
903, 892, 874, 828, 811, 786, 779, 756, 721, 701, 681, 672, 650, 633, 607, 587, 555, 541, 513, 496, 464, 450, 426, 399, 373, 352, 331, 324, 294, 270, 254, 233, 219, 190, 158, 145, 128, 105
903, 892, 874, 828, 811, 786, 779, 756, 721, 701, 681, 672, 650, 633, 607, 587, 555, 541, 513, 496, 464, 450, 426, 399, 373, 352, 331, 324, 293, 272, 252, 232, 217, 187, 156, 143, 130, 106
903, 942, 956, 975, 999, 1017, 1049, 1069, 1092, 1103, 1126, 1149, 1168, 1196, 1209, 1229, 1256, 1270, 1292, 1316, 1337, 1355, 1371, 1396, 1423, 1449, 1463, 1493, 1505, 1528, 1539, 21, 27, 62, 84, 107
903, 942, 956, 975, 999, 1017, 1049, 1069, 1092, 1103, 1126, 1149, 1168, 1196, 1209, 1229, 1256, 1270, 1292, 1316, 1337, 1355, 1371, 1396, 1423, 1449, 1463, 1493, 1504, 1529, 1538, 0, 26, 64, 85, 108
903, 942, 956, 975, 999, 1017, 1049, 1069, 1092, 1103, 1126, 1149, 1168, 1196, 1209, 1229, 1256, 1270, 1292, 1316, 1337, 1355, 1371, 1396, 1423, 1449, 1463, 1493, 1504, 1529, 1538, 0, 26, 64, 85, 109
903, 942, 956, 975, 999, 1017, 1049, 1069, 1092, 1103, 1126, 1149, 1168, 1196, 1209, 1229, 1256, 1270, 1292, 1316, 1337, 1355, 1371, 1396, 1423, 1449, 1463, 1493, 1505, 1528, 1539, 21, 27, 62, 84, 107, 110
903, 942, 956, 975, 999, 1017, 1049, 1069, 1092, 1103, 1126, 1149, 1168, 1196, 1209, 1229, 1256, 1270, 1292, 1316, 1337, 1355, 1371, 1396, 1423, 1449, 1463, 1493, 1504, 1529, 1538, 0, 26, 64, 85, 109, 111
903, 942, 956, 975, 999, 1017, 1049, 1069, 1092, 1103, 1126, 1149, 1168, 1196, 1209, 1229, 1256, 1269, 1291, 1315, 1336, 1354, 1370, 1398, 1424, 1448, 1462, 1491, 1503, 1530, 1537, 3, 25, 65, 86, 89, 112
903, 942, 956, 975, 999, 1017, 1049, 1069, 1092, 1103, 1126, 1149, 1168, 1196, 1209, 1229, 1256, 1269, 1291, 1315, 1336, 1354, 1370, 1398, 1424, 1448, 1462, 1491, 1503, 1530, 1537, 3, 25, 65, 86, 89, 113
903, 902, 944, 959, 973, 1000, 1015, 1047, 1072, 1094, 1100, 1124, 1151, 1170, 1199, 1207, 1226, 1254, 1289, 1310, 1313, 1334, 1352, 1388, 1400, 1426, 1444, 1460, 1488, 1501, 1531, 1536, 4, 24, 66, 87, 90, 114
903, 902, 944, 959, 973, 1000, 1015, 1047, 1072, 1094, 1100, 1124, 1151, 1170, 1199, 1207, 1226, 1254, 1289, 1310, 1313, 1334, 1352, 1388, 1400, 1426, 1444, 1460, 1488, 1501, 1532, 1535, 5, 23, 67, 88, 91, 115
903, 902, 944, 959, 973, 1000, 1015, 1047, 1072, 1094, 1100, 1124, 1151, 1170, 1199, 1207, 1226, 1254, 1289, 1310, 1313, 1334, 1352, 1388, 1400, 1426, 1444, 1460, 1488, 1501, 1500, 1533, 1554, 6, 45, 47, 69, 92, 116
903, 902, 944, 959, 973, 1000, 1015, 1047, 1072, 1094, 1100, 1124, 1151, 1170, 1199, 1207, 1226, 1254, 1289, 1310, 1313, 1312, 1333, 1332, 1350, 1385, 1403, 1428, 1442, 1458, 1486, 1499, 1534, 1553, 7, 44, 48, 71, 93, 117
903, 902, 944, 959, 973, 1000, 1015, 1047, 1072, 1094, 1100, 1124, 1151, 1170, 1199, 1207, 1226, 1254, 1289, 1310, 1313, 1312, 1333, 1332, 1350, 1385, 1403, 1428, 1442, 1458, 1486, 1499, 1534, 1553, 7, 44, 48, 71, 93, 117, 118
903, 902, 944, 959, 973, 1000, 1015, 1047, 1072, 1094, 1100, 1124, 1151, 1170, 1199, 1207, 1226, 1254, 1289, 1310, 1313, 1312, 1333, 1332, 1350, 1385, 1403, 1428, 1442, 1458, 1486, 1499, 1534, 1553, 7, 44, 48, 71, 93, 117, 118, 119
903, 892, 874, 828, 811, 786, 779, 756, 721, 701, 681, 672, 650, 633, 607, 587, 588, 553, 544, 510, 494, 493, 467, 445, 421, 403, 378, 368, 338, 318, 300, 265, 260, 239, 202, 195, 196, 166, 153, 154, 155, 120
903, 892, 874, 828, 811, 786, 779, 756, 721, 701, 681, 672, 650, 633, 607, 587, 588, 553, 544, 510, 494, 493, 467, 445, 421, 403, 378, 368, 338, 318, 300, 265, 260, 239, 202, 195, 196, 166, 153, 121
903, 892, 874, 828, 811, 786, 779, 756, 721, 701, 681, 672, 650, 633, 607, 587, 588, 553, 544, 510, 494, 493, 467, 445, 421, 403, 378, 368, 338, 318, 300, 265, 260, 239, 202, 195, 165, 152, 122
903, 892, 874, 828, 811, 786, 779, 756, 721, 701, 681, 672, 650, 633, 607, 587, 588, 553, 544, 510, 494, 466, 446, 422, 402, 376, 370, 337, 319, 299, 266, 258, 238, 201, 194, 164, 151, 123
903, 892, 874, 828, 811, 786, 779, 756, 721, 701, 681, 672, 650, 633, 607, 587, 555, 541, 513, 496, 464, 449, 448, 447, 424, 401, 375, 371, 336, 320, 298, 267, 257, 237, 199, 193, 162, 149, 124
903, 892, 874, 828, 811, 786, 779, 756, 721, 701, 681, 672, 650, 633, 607, 587, 555, 541, 513, 496, 464, 449, 425, 400, 374, 350, 334, 335, 322, 296, 268, 256, 236, 221, 192, 161, 148, 125
903, 892, 874, 828, 811, 786, 779, 756, 721, 701, 681, 672, 650, 633, 607, 587, 555, 541, 513, 496, 464, 449, 425, 400, 374, 350, 333, 323, 295, 269, 255, 235, 220, 191, 160, 147, 126
903, 892, 874, 828, 811, 786, 779, 756, 721, 701, 681, 672, 650, 633, 607, 587, 555, 541, 513, 496, 464, 450, 426, 399, 373, 352, 331, 324, 294, 270, 254, 233, 219, 190, 159, 146, 127
903, 892, 874, 828, 811, 786, 779, 756, 721, 701, 681, 672, 650, 633, 607, 587, 555, 541, 513, 496, 464, 450, 426, 399, 373, 352, 331, 324, 294, 270, 254, 233, 219, 190, 158, 145, 128
903, 892, 874, 828, 811, 786, 779, 756, 721, 701, 681, 672, 650, 633, 607, 587, 555, 541, 513, 496, 464, 450, 426, 399, 373, 352, 331, 324, 294, 270, 254, 233, 219, 190, 158, 145, 129
903, 892, 874, 828, 811, 786, 779, 756, 721, 701, 681, 672, 650, 633, 607, 587, 555, 541, 513, 496, 464, 450, 426, 399, 373, 352, 331, 324, 293, 272, 252, 232, 217, 187, 156, 143, 130
903, 902, 890, 876, 850, 808, 807, 783, 775, 740, 725, 719, 686, 657, 636, 620, 599, 581, 562, 535, 518, 502, 479, 457, 458, 434, 413, 412, 385, 361, 362, 343, 311, 304, 281, 263, 222, 206, 198, 169, 131
903, 902, 890, 876, 850, 808, 807, 783, 775, 740, 725, 719, 686, 657, 636, 620, 599, 581, 562, 535, 518, 502, 479, 457, 458, 434, 413, 412, 385, 361, 362, 343, 311, 304, 281, 263, 222, 206, 198, 169, 132
903, 902, 944, 959, 973, 1000, 1015, 1047, 1072, 1094, 1100, 1124, 1151, 1170, 1199, 1207, 1226, 1254, 1289, 1310, 1313, 1312, 1333, 1332, 1350, 1385, 1403, 1428, 1442, 1458, 1486, 1499, 1534, 1553, 7, 44, 48, 71, 93, 117, 118, 133
903, 902, 944, 959, 973, 1000, 1015, 1047, 1072, 1094, 1100, 1124, 1151, 1170, 1199, 1207, 1226, 1254, 1289, 1310, 1313, 1312, 1333, 1332, 1350, 1385, 1403, 1428, 1442, 1458, 1486, 1499, 1534, 1553, 7, 44, 48, 71, 93, 117, 134
903, 902, 944, 959, 973, 1000, 1015, 1047, 1072, 1094, 1100, 1124, 1151, 1170, 1199, 1207, 1226, 1254, 1289, 1310, 1313, 1334, 1352, 1388, 1400, 1426, 1444, 1460, 1488, 1501, 1500, 1533, 1554, 6, 45, 47, 69, 92, 116, 135
903, 902, 944, 959, 973, 1000, 1015, 1047, 1072, 1094, 1100, 1124, 1151, 1170, 1199, 1207, 1226, 1254, 1289, 1310, 1313, 1334, 1352, 1388, 1400, 1426, 1444, 1460, 1488, 1501, 1532, 1535, 5, 23, 67, 88, 91, 115, 137, 136
903, 902, 944, 959, 973, 1000, 1015, 1047, 1072, 1094, 1100, 1124, 1151, 1170, 1199, 1207, 1226, 1254, 1289, 1310, 1313, 1334, 1352, 1388, 1400, 1426, 1444, 1460, 1488, 1501, 1532, 1535, 5, 23, 67, 88, 91, 115, 137
903, 902, 890, 876, 850, 808, 784, 777, 739, 724, 697, 684, 655, 635, 619, 602, 583, 560, 536, 517, 501, 481, 455, 431, 394, 390, 356, 348, 306, 289, 276, 247, 228, 227, 212, 182, 173, 138
903, 902, 890, 876, 850, 808, 784, 777, 739, 724, 697, 684, 655, 635, 619, 602, 583, 560, 536, 517, 501, 481, 455, 431, 394, 390, 356, 348, 306, 289, 276, 247, 228, 227, 212, 182, 173, 139
903, 942, 956, 975, 999, 1017, 1049, 1069, 1092, 1103, 1126, 1149, 1168, 1196, 1209, 1229, 1256, 1269, 1291, 1315, 1336, 1354, 1370, 1398, 1424, 1448, 1462, 1491, 1503, 1530, 1537, 3, 25, 65, 86, 89, 113, 140
903, 942, 956, 975, 999, 1017, 1049, 1069, 1092, 1103, 1126, 1149, 1168, 1196, 1209, 1229, 1256, 1270, 1292, 1316, 1337, 1355, 1371, 1396, 1423, 1449, 1463, 1493, 1504, 1529, 1538, 0, 26, 64, 85, 109, 111, 141
903, 942, 956, 975, 999, 1017, 1049, 1069, 1092, 1103, 1126, 1149, 1168, 1196, 1209, 1229, 1256, 1270, 1292, 1316, 1337, 1355, 1371, 1396, 1423, 1449, 1463, 1493, 1505, 1528, 1539, 21, 27, 62, 84, 107, 110, 142
903, 892, 874, 828, 811, 786, 779, 756, 721, 701, 681, 672, 650, 633, 607, 587, 555, 541, 513, 496, 464, 450, 426, 399, 373, 352, 331, 324, 293, 272, 252, 232, 217, 187, 156, 143
903, 892, 874, 828, 811, 786, 779, 756, 721, 701, 681, 672, 650, 633, 607, 587, 555, 541, 513, 496, 464, 450, 426, 399, 373, 352, 331, 324, 294, 270, 254, 233, 219, 190, 158, 144
903, 892, 874, 828, 811, 786, 779, 756, 721, 701, 681, 672, 650, 633, 607, 587, 555, 541, 513, 496, 464, 450, 426, 399, 373, 352, 331, 324, 294, 270, 254, 233, 219, 190, 158, 145
903, 892, 874, 828, 811, 786, 779, 756, 721, 701, 681, 672, 650, 633, 607, 587, 555, 541, 513, 496, 464, 450, 426, 399, 373, 352, 331, 324, 294, 270, 254, 233, 219, 190, 159, 146
903, 892, 874, 828, 811, 786, 779, 756, 721, 701, 681, 672, 650, 633, 607, 587, 555, 541, 513, 496, 464, 449, 425, 400, 374, 350, 333, 323, 295, 269, 255, 235, 220, 191, 160, 147
903, 892, 874, 828, 811, 786, 779, 756, 721, 701, 681, 672, 650, 633, 607, 587, 555, 541, 513, 496, 464, 449, 425, 400, 374, 350, 334, 335, 322, 296, 268, 256, 236, 221, 192, 161, 148
903, 892, 874, 828, 811, 786, 779, 756, 721, 701, 681, 672, 650, 633, 607, 587, 555, 541, 513, 496, 464, 449, 448, 447, 424, 401, 375, 371, 336, 320, 298, 267, 257, 237, 199, 193, 162, 149
903, 892, 874, 828, 811, 786, 779, 756, 721, 701, 681, 672, 650, 633, 607, 587, 555, 541, 513, 496, 464, 449, 448, 447, 424, 401, 375, 371, 336, 320, 298, 267, 257, 237, 199, 193, 162, 149, 150
903, 892, 874, 828, 811, 786, 779, 756, 721, 701, 681, 672, 650, 633, 607, 587, 588, 553, 544, 510, 494, 466, 446, 422, 402, 376, 370, 337, 319, 299, 266, 258, 238, 201, 194, 164, 151
903, 892, 874, 828, 811, 786, 779, 756, 721, 701, 681, 672, 650, 633, 607, 587, 588, 553, 544, 510, 494, 493, 467, 445, 421, 403, 378, 368, 338, 318, 300, 265, 260, 239, 202, 195, 165, 152
903, 892, 874, 828, 811, 786, 779, 756, 721, 701, 681, 672, 650, 633, 607, 587, 588, 553, 544, 510, 494, 493, 467, 445, 421, 403, 378, 368, 338, 318, 300, 265, 260, 239, 202, 195, 196, 166, 153
903, 892, 874, 828, 811, 786, 779, 756, 721, 701, 681, 672, 650, 633, 607, 587, 588, 553, 544, 510, 494, 493, 467, 445, 421, 403, 378, 368, 338, 318, 300, 265, 260, 239, 202, 195, 196, 166, 153, 154
903, 892, 874, 828, 811, 786, 779, 756, 721, 701, 681, 672, 650, 633, 607, 587, 588, 553, 544, 510, 494, 493, 467, 445, 421, 403, 378, 368, 338, 318, 300, 265, 260, 239, 202, 195, 196, 166, 153, 154, 155
903, 892, 874, 828, 811, 786, 779, 756, 721, 701, 681, 672, 650, 633, 607, 587, 555, 541, 513, 496, 464, 450, 426, 399, 373, 352, 331, 324, 293, 272, 252, 232, 217, 187, 156
903, 892, 874, 828, 811, 786, 779, 756, 721, 701, 681, 672, 650, 633, 607, 587, 555, 541, 513, 496, 464, 450, 426, 399, 373, 352, 331, 324, 294, 270, 254, 233, 219, 190, 158, 157
903, 892, 874, 828, 811, 786, 779, 756, 721, 701, 681, 672, 650, 633, 607, 587, 555, 541, 513, 496, 464, 450, 426, 399, 373, 352, 331, 324, 294, 270, 254, 233, 219, 190, 158
903, 892, 874, 828, 811, 786, 779, 756, 721, 701, 681, 672, 650, 633, 607, 587, 555, 541, 513, 496, 464, 450, 426, 399, 373, 352, 331, 324, 294, 270, 254, 233, 219, 190, 159
903, 892, 874, 828, 811, 786, 779, 756, 721, 701, 681, 672, 650, 633, 607, 587, 555, 541, 513, 496, 464, 449, 425, 400, 374, 350, 333, 323, 295, 269, 255, 235, 220, 191, 160
903, 892, 874, 828, 811, 786, 779, 756, 721, 701, 681, 672, 650, 633, 607, 587, 555, 541, 513, 496, 464, 449, 425, 400, 374, 350, 334, 335, 322, 296, 268, 256, 236, 221, 192, 161
903, 892, 874, 828, 811, 786, 779, 756, 721, 701, 681, 672, 650, 633, 607, 587, 555, 541, 513, 496, 464, 449, 448, 447, 424, 401, 375, 371, 336, 320, 298, 267, 257, 237, 199, 193, 162
903, 892, 874, 828, 811, 786, 779, 756, 721, 701, 681, 672, 650, 633, 607, 587, 555, 541, 513, 496, 464, 449, 448, 447, 424, 401, 375, 371, 336, 320, 298, 267, 257, 237, 199, 193, 163
903, 892, 874, 828, 811, 786, 779, 756, 721, 701, 681, 672, 650, 633, 607, 587, 588, 553, 544, 510, 494, 466, 446, 422, 402, 376, 370, 337, 319, 299, 266, 258, 238, 201, 194, 164
903, 892, 874, 828, 811, 786, 779, 756, 721, 701, 681, 672, 650, 633, 607, 587, 588, 553, 544, 510, 494, 493, 467, 445, 421, 403, 378, 368, 338, 318, 300, 265, 260, 239, 202, 195, 165
903, 892, 874, 828, 811, 786, 779, 756, 721, 701, 681, 672, 650, 633, 607, 587, 588, 553, 544, 510, 494, 493, 467, 445, 421, 403, 378, 368, 338, 318, 300, 265, 260, 239, 202, 195, 196, 166
903, 892, 874, 828, 811, 786, 779, 756, 721, 701, 681, 672, 650, 633, 607, 587, 588, 553, 544, 510, 494, 493, 467, 445, 421, 403, 378, 368, 338, 318, 300, 265, 260, 239, 202, 195, 196, 197, 167
903, 892, 874, 828, 811, 786, 779, 756, 721, 701, 681, 672, 650, 633, 607, 587, 588, 553, 544, 510, 494, 493, 467, 445, 421, 403, 378, 368, 338, 318, 300, 265, 260, 239, 202, 195, 196, 197, 167, 168
903, 902, 890, 876, 850, 808, 807, 783, 775, 740, 725, 719, 686, 657, 636, 620, 599, 581, 562, 535, 518, 502, 479, 457, 458, 434, 413, 412, 385, 361, 362, 343, 311, 304, 281, 263, 222, 206, 198, 169
903, 902, 944, 959, 973, 1000, 1015, 1047, 1072, 1094, 1100, 1124, 1151, 1170, 1199, 1207, 1226, 1254, 1289, 1310, 1313, 1312, 1333, 1332, 1350, 1385, 1403, 1428, 1442, 1458, 1486, 1499, 1534, 1553, 7, 44, 48, 71, 93, 117, 134, 170
903, 902, 944, 959, 973, 1000, 1015, 1047, 1072, 1094, 1100, 1124, 1151, 1170, 1199, 1207, 1226, 1254, 1289, 1310, 1313, 1334, 1352, 1388, 1400, 1426, 1444, 1460, 1488, 1501, 1500, 1533, 1554, 6, 45, 47, 69, 92, 116, 135, 171
903, 902, 944, 959, 973, 1000, 1015, 1047, 1072, 1094, 1100, 1124, 1151, 1170, 1199, 1207, 1226, 1254, 1289, 1310, 1313, 1334, 1352, 1388, 1400, 1426, 1444, 1460, 1488, 1501, 1532, 1535, 5, 23, 67, 88, 91, 115, 137, 172
903, 902, 890, 876, 850, 808, 784, 777, 739, 724, 697, 684, 655, 635, 619, 602, 583, 560, 536, 517, 501, 481, 455, 431, 394, 390, 356, 348, 306, 289, 276, 247, 228, 227, 212, 182, 173
903, 902, 890, 876, 850, 808, 784, 777, 739, 724, 697, 684, 655, 635, 619, 602, 583, 560, 536, 517, 501, 481, 455, 431, 394, 390, 356, 348, 306, 289, 276, 247, 228, 227, 212, 182, 174
903, 902, 890, 876, 850, 808, 784, 777, 739, 724, 697, 684, 655, 635, 619, 602, 583, 560, 536, 517, 501, 481, 455, 431, 394, 390, 356, 348, 306, 289, 276, 247, 228, 213, 183, 175
903, 942, 956, 975, 999, 1017, 1049, 1069, 1092, 1103, 1126, 1149, 1168, 1196, 1209, 1229, 1256, 1270, 1292, 1316, 1337, 1355, 1371, 1396, 1423, 1449, 1463, 1493, 1504, 1529, 1538, 0, 26, 64, 85, 109, 111, 141, 176
903, 892, 874, 828, 811, 786, 779, 756, 721, 701, 681, 672, 650, 633, 607, 587, 555, 541, 513, 496, 464, 450, 426, 399, 373, 352, 331, 324, 293, 272, 252, 232, 217, 187, 186, 177
903, 902, 890, 876, 850, 808, 807, 783, 775, 740, 725, 719, 686, 657, 636, 620, 599, 581, 562, 535, 518, 502, 479, 457, 458, 434, 413, 412, 385, 361, 344, 310, 305, 279, 243, 224, 207, 178
903, 902, 890, 876, 850, 808, 784, 777, 739, 724, 697, 684, 655, 635, 619, 602, 583, 560, 536, 517, 501, 481, 455, 431, 394, 390, 356, 348, 306, 289, 276, 247, 228, 227, 226, 210, 179
903, 902, 944, 959, 973, 1000, 1015, 1047, 1072, 1094, 1100, 1124, 1151, 1170, 1199, 1207, 1226, 1254, 1289, 1310, 1313, 1334, 1352, 1388, 1400, 1426, 1444, 1460, 1488, 1501, 1532, 1535, 5, 23, 67, 88, 91, 115, 137, 172, 180
903, 902, 890, 876, 850, 808, 784, 777, 739, 724, 697, 684, 655, 635, 619, 602, 583, 560, 536, 517, 501, 481, 455, 431, 394, 390, 356, 348, 306, 289, 276, 247, 228, 227, 212, 181
903, 902, 890, 876, 850, 808, 784, 777, 739, 724, 697, 684, 655, 635, 619, 602, 583, 560, 536, 517, 501, 481, 455, 431, 394, 390, 356, 348, 306, 289, 276, 247, 228, 227, 212, 182
903, 902, 890, 876, 850, 808, 784, 777, 739, 724, 697, 684, 655, 635, 619, 602, 583, 560, 536, 517, 501, 481, 455, 431, 394, 390, 356, 348, 306, 289, 276, 247, 228, 213, 183
903, 902, 890, 876, 850, 808, 784, 777, 739, 724, 697, 684, 655, 635, 619, 602, 583, 560, 536, 517, 501, 481, 455, 431, 394, 390, 356, 348, 306, 290, 275, 249, 229, 214, 184
903, 892, 874, 828, 811, 786, 779, 756, 721, 701, 681, 672, 650, 633, 607, 587, 555, 541, 513, 496, 464, 450, 426, 399, 373, 352, 331, 324, 293, 272, 252, 232, 217, 216, 185
903, 892, 874, 828, 811, 786, 779, 756, 721, 701, 681, 672, 650, 633, 607, 587, 555, 541, 513, 496, 464, 450, 426, 399, 373, 352, 331, 324, 293, 272, 252, 232, 217, 187, 186
903, 892, 874, 828, 811, 786, 779, 756, 721, 701, 681, 672, 650, 633, 607, 587, 555, 541, 513, 496, 464, 450, 426, 399, 373, 352, 331, 324, 293, 272, 252, 232, 217, 187
903, 892, 874, 828, 811, 786, 779, 756, 721, 701, 681, 672, 650, 633, 607, 587, 555, 541, 513, 496, 464, 450, 426, 399, 373, 352, 331, 324, 293, 272, 252, 232, 217, 188
903, 892, 874, 828, 811, 786, 779, 756, 721, 701, 681, 672, 650, 633, 607, 587, 555, 541, 513, 496, 464, 450, 426, 399, 373, 352, 331, 324, 293, 272, 252, 232, 218, 189
903, 892, 874, 828, 811, 786, 779, 756, 721, 701, 681, 672, 650, 633, 607, 587, 555, 541, 513, 496, 464, 450, 426, 399, 373, 352, 331, 324, 294, 270, 254, 233, 219, 190
903, 892, 874, 828, 811, 786, 779, 756, 721, 701, 681, 672, 650, 633, 607, 587, 555, 541, 513, 496, 464, 449, 425, 400, 374, 350, 333, 323, 295, 269, 255, 235, 220, 191
903, 892, 874, 828, 811, 786, 779, 756, 721, 701, 681, 672, 650, 633, 607, 587, 555, 541, 513, 496, 464, 449, 425, 400, 374, 350, 334, 335, 322, 296, 268, 256, 236, 221, 192
903, 892, 874, 828, 811, 786, 779, 756, 721, 701, 681, 672, 650, 633, 607, 587, 555, 541, 513, 496, 464, 449, 448, 447, 424, 401, 375, 371, 336, 320, 298, 267, 257, 237, 199, 193
903, 892, 874, 828, 811, 786, 779, 756, 721, 701, 681, 672, 650, 633, 607, 587, 588, 553, 544, 510, 494, 466, 446, 422, 402, 376, 370, 337, 319, 299, 266, 258, 238, 201, 194
903, 892, 874, 828, 811, 786, 779, 756, 721, 701, 681, 672, 650, 633, 607, 587, 588, 553, 544, 510, 494, 493, 467, 445, 421, 403, 378, 368, 338, 318, 300, 265, 260, 239, 202, 195
903, 892, 874, 828, 811, 786, 779, 756, 721, 701, 681, 672, 650, 633, 607, 587, 588, 553, 544, 510, 494, 493, 467, 445, 421, 403, 378, 368, 338, 318, 300, 265, 260, 239, 202, 195, 196
903, 892, 874, 828, 811, 786, 779, 756, 721, 701, 681, 672, 650, 633, 607, 587, 588, 553, 544, 510, 494, 493, 467, 445, 421, 403, 378, 368, 338, 318, 300, 265, 260, 239, 202, 195, 196, 197
903, 902, 890, 876, 850, 808, 807, 783, 775, 740, 725, 719, 686, 657, 636, 620, 599, 581, 562, 535, 518, 502, 479, 457, 458, 434, 413, 412, 385, 361, 362, 343, 311, 304, 281, 263, 222, 206, 198
903, 892, 874, 828, 811, 786, 779, 756, 721, 701, 681, 672, 650, 633, 607, 587, 555, 541, 513, 496, 464, 449, 448, 447, 424, 401, 375, 371, 336, 320, 298, 267, 257, 237, 199
