323, 302, 275, 276, 244, 245, 229, 230, 231, 200, 192, 154, 135, 111, 92, 72, 47, 25, 0
323, 302, 275, 276, 277, 278, 279, 247, 232, 202, 193, 153, 134, 110, 93, 71, 49, 24, 1
323, 302, 275, 276, 277, 278, 279, 247, 232, 202, 193, 153, 134, 110, 93, 71, 49, 24, 1, 2
323, 302, 275, 276, 277, 278, 279, 247, 232, 202, 193, 153, 134, 110, 93, 71, 49, 24, 1, 2, 3
323, 302, 303, 274, 261, 260, 259, 258, 220, 213, 182, 166, 145, 121, 122, 100, 83, 84, 85, 55, 39, 40, 5, 4
323, 302, 303, 274, 261, 260, 259, 258, 220, 213, 182, 166, 145, 121, 122, 100, 83, 84, 85, 55, 39, 40, 5
323, 302, 303, 274, 261, 260, 259, 258, 220, 213, 182, 166, 145, 121, 122, 100, 83, 84, 85, 55, 39, 40, 6
323, 302, 303, 274, 261, 260, 259, 258, 220, 213, 182, 166, 145, 121, 122, 100, 83, 84, 56, 37, 38, 7
323, 302, 303, 274, 261, 260, 259, 258, 220, 213, 182, 166, 145, 121, 122, 100, 83, 84, 56, 37, 8
323, 302, 303, 274, 261, 260, 259, 258, 220, 213, 182, 166, 145, 121, 122, 100, 83, 57, 36, 9
