166, 165, 137, 114, 95, 79, 57, 30, 14, 15, 16, 17, 18, 0
166, 165, 137, 114, 95, 79, 57, 30, 14, 15, 16, 17, 18, 0, 1
166, 136, 135, 110, 91, 62, 53, 52, 35, 36, 37, 38, 19, 20, 3, 2
166, 136, 135, 110, 91, 62, 53, 52, 35, 36, 37, 38, 19, 20, 3
166, 136, 135, 110, 91, 62, 53, 52, 35, 36, 37, 38, 19, 4
166, 136, 135, 110, 91, 62, 53, 52, 35, 36, 37, 38, 5
166, 136, 112, 93, 81, 55, 32, 11, 10, 9, 8, 7, 6
166, 136, 112, 93, 81, 55, 32, 11, 10, 9, 8, 7
166, 136, 112, 93, 81, 55, 32, 11, 10, 9, 8
166, 136, 112, 93, 81, 55, 32, 11, 10, 9
