1269, 1268, 1299, 1327, 1336, 1362, 1384, 1404, 1423, 1439, 1470, 1475, 1496, 1532, 18, 0
1269, 1268, 1299, 1327, 1336, 1362, 1384, 1404, 1423, 1439, 1440, 1468, 1467, 1473, 1499, 1512, 1
1269, 1268, 1299, 1327, 1336, 1362, 1384, 1404, 1423, 1439, 1440, 1468, 1467, 1473, 1499, 1512, 1, 2
1269, 1268, 1299, 1327, 1336, 1362, 1384, 1404, 1423, 1439, 1440, 1468, 1467, 1473, 1499, 1512, 1513, 3
1269, 1268, 1299, 1327, 1336, 1362, 1384, 1404, 1423, 1439, 1440, 1468, 1467, 1473, 1499, 1500, 1501, 1515, 4
1269, 1268, 1299, 1327, 1336, 1362, 1384, 1404, 1423, 1439, 1440, 1468, 1467, 1473, 1499, 1500, 1501, 1515, 4, 5
1269, 1268, 1299, 1327, 1336, 1362, 1384, 1404, 1423, 1439, 1440, 1468, 1467, 1473, 1499, 1500, 1501, 1515, 4, 5, 6
1269, 1268, 1299, 1327, 1336, 1362, 1384, 1404, 1423, 1439, 1440, 1468, 1467, 1473, 1499, 1500, 1501, 1515, 4, 5, 6, 7
1269, 1297, 1325, 1334, 1359, 1358, 1357, 1381, 1380, 1379, 1378, 1377, 1376, 1397, 1415, 1431, 1457, 1483, 1509, 1523, 10, 9, 8
1269, 1297, 1325, 1334, 1359, 1358, 1357, 1381, 1380, 1379, 1378, 1377, 1376, 1397, 1415, 1431, 1457, 1483, 1509, 1523, 10, 9
