247, 248, 249, 235, 211, 189, 165, 137, 114, 95, 79, 57, 30, 14, 15, 16, 17, 18, 0
247, 248, 249, 235, 211, 189, 165, 137, 114, 95, 79, 57, 30, 14, 15, 16, 17, 18, 0, 1
247, 246, 245, 244, 243, 242, 241, 228, 202, 176, 152, 129, 126, 125, 85, 68, 48, 47, 20, 3, 2
247, 246, 245, 244, 243, 242, 241, 228, 202, 176, 152, 129, 126, 125, 85, 68, 48, 47, 20, 3
247, 246, 245, 244, 243, 242, 241, 228, 202, 176, 152, 129, 126, 125, 85, 68, 48, 19, 4
247, 246, 233, 209, 170, 168, 134, 109, 91, 62, 53, 52, 35, 36, 37, 38, 5
247, 246, 233, 209, 170, 168, 134, 109, 91, 62, 53, 52, 35, 36, 37, 6
247, 246, 233, 209, 170, 168, 134, 109, 91, 62, 53, 34, 9, 8, 7
247, 246, 233, 209, 170, 168, 134, 109, 91, 62, 53, 34, 9, 8
247, 246, 233, 209, 170, 168, 134, 109, 91, 62, 53, 34, 9
