385, 384, 354, 329, 328, 311, 295, 280, 251, 216, 214, 186, 163, 139, 116, 97, 98, 99, 100, 101, 102, 72, 45, 22, 0
385, 384, 354, 329, 328, 311, 295, 280, 251, 216, 214, 186, 163, 139, 116, 97, 98, 99, 100, 101, 102, 72, 45, 22, 1
385, 386, 387, 366, 367, 348, 336, 323, 287, 271, 241, 228, 202, 176, 152, 129, 126, 125, 85, 68, 48, 47, 20, 3, 2
385, 386, 387, 366, 367, 348, 336, 323, 287, 271, 241, 228, 202, 176, 152, 129, 126, 125, 85, 68, 48, 47, 20, 3
385, 386, 387, 366, 367, 348, 336, 323, 287, 271, 241, 228, 202, 176, 152, 129, 126, 125, 85, 68, 48, 19, 4
385, 386, 387, 366, 367, 348, 336, 323, 287, 271, 241, 228, 202, 176, 152, 129, 126, 125, 85, 67, 49, 38, 5
385, 386, 387, 366, 367, 348, 336, 323, 287, 271, 241, 228, 202, 176, 152, 129, 126, 86, 66, 50, 37, 6
385, 353, 331, 308, 292, 277, 249, 248, 234, 210, 190, 166, 136, 112, 93, 81, 55, 32, 11, 10, 9, 8, 7
385, 353, 331, 308, 292, 277, 249, 248, 234, 210, 190, 166, 136, 112, 93, 81, 55, 32, 11, 10, 9, 8
385, 353, 331, 308, 292, 277, 249, 248, 234, 210, 190, 166, 136, 112, 93, 81, 55, 32, 11, 10, 9
