407, 373, 363, 342, 319, 282, 265, 258, 224, 197, 180, 155, 147, 123, 122, 105, 71, 46, 21, 2, 1, 0
407, 373, 363, 342, 319, 282, 265, 258, 224, 197, 180, 155, 147, 123, 122, 105, 71, 46, 21, 2, 1
407, 373, 363, 342, 319, 282, 265, 258, 224, 197, 180, 155, 147, 123, 122, 105, 71, 46, 21, 2
407, 373, 363, 342, 319, 282, 265, 258, 224, 197, 180, 155, 147, 123, 82, 70, 47, 20, 3
407, 373, 363, 342, 319, 282, 265, 258, 225, 198, 179, 154, 148, 124, 84, 69, 48, 19, 4
407, 373, 363, 364, 340, 320, 283, 266, 238, 226, 200, 177, 153, 128, 125, 85, 67, 49, 38, 5
407, 408, 388, 371, 365, 338, 321, 285, 267, 239, 227, 201, 176, 152, 129, 126, 86, 66, 50, 37, 6
407, 408, 388, 371, 365, 338, 321, 285, 267, 239, 227, 201, 176, 152, 129, 126, 86, 66, 50, 37, 6, 7
407, 408, 388, 371, 365, 338, 321, 285, 267, 239, 227, 201, 176, 152, 129, 126, 86, 66, 50, 37, 36, 35, 8
407, 408, 388, 371, 365, 338, 321, 285, 267, 239, 227, 201, 176, 152, 129, 126, 86, 66, 50, 37, 36, 35, 8, 9
