1421, 1451, 1465, 1474, 1473, 1506, 1528, 1529, 1538, 0
1421, 1451, 1465, 1474, 1473, 1506, 1528, 1529, 1538, 1
1421, 1451, 1465, 1474, 1473, 1506, 1528, 1529, 1538, 1, 2
1421, 1451, 1465, 1474, 1473, 1506, 1528, 1529, 1538, 1537, 3
1421, 1451, 1465, 1474, 1473, 1506, 1528, 1529, 1538, 1537, 1536, 4
1421, 1422, 1423, 1424, 1425, 1426, 1444, 1460, 1488, 1501, 1532, 1535, 5
1421, 1422, 1423, 1424, 1425, 1426, 1444, 1460, 1488, 1501, 1532, 1535, 5, 6
1421, 1422, 1423, 1424, 1425, 1426, 1444, 1460, 1488, 1501, 1532, 1535, 5, 6, 7
1421, 1422, 1423, 1424, 1425, 1426, 1444, 1460, 1488, 1501, 1532, 1535, 5, 6, 7, 8
1421, 1420, 1419, 1432, 1468, 1469, 1470, 1479, 1512, 1520, 1519, 1548, 1549, 1550, 1551, 1552, 9
