153, 154, 155, 120, 119, 118, 117, 116, 115, 114, 90, 87, 50, 24, 4, 3, 2, 1, 0
153, 154, 155, 120, 119, 118, 117, 116, 115, 114, 90, 87, 50, 24, 4, 3, 2, 1
153, 154, 155, 120, 119, 118, 117, 116, 115, 114, 90, 87, 50, 24, 4, 3, 2
153, 154, 155, 120, 119, 118, 117, 116, 115, 114, 90, 87, 50, 24, 4, 3
153, 154, 155, 120, 119, 118, 117, 116, 115, 114, 90, 87, 50, 24, 4
153, 154, 155, 120, 119, 118, 117, 116, 115, 91, 88, 49, 22, 5
153, 121, 96, 74, 73, 72, 71, 47, 48, 45, 6
153, 121, 96, 74, 65, 66, 41, 42, 43, 44, 7
153, 121, 96, 74, 65, 66, 41, 42, 43, 9, 8
153, 121, 96, 74, 65, 66, 41, 42, 43, 9
