354, 329, 326, 292, 273, 252, 251, 230, 216, 185, 177, 142, 110, 108, 85, 52, 26, 0
354, 329, 326, 292, 273, 252, 251, 230, 216, 185, 177, 142, 110, 108, 85, 52, 26, 1
354, 329, 326, 292, 273, 252, 251, 230, 216, 185, 177, 142, 110, 108, 85, 52, 26, 2
354, 329, 326, 292, 273, 252, 251, 230, 216, 185, 177, 142, 110, 108, 85, 52, 26, 2, 3
354, 329, 326, 292, 273, 252, 251, 230, 216, 185, 177, 142, 110, 108, 85, 52, 26, 2, 3, 4
354, 355, 356, 348, 306, 289, 276, 248, 228, 227, 212, 181, 172, 137, 115, 91, 88, 49, 22, 5
354, 355, 356, 348, 306, 289, 276, 248, 228, 227, 212, 181, 172, 136, 116, 92, 69, 48, 45, 6
354, 355, 356, 348, 306, 289, 276, 248, 228, 227, 212, 181, 172, 136, 116, 92, 69, 48, 44, 7
354, 355, 356, 348, 306, 289, 276, 248, 228, 227, 212, 181, 172, 136, 116, 92, 69, 48, 44, 8
354, 355, 356, 348, 306, 289, 276, 248, 228, 227, 212, 181, 172, 136, 116, 92, 69, 48, 44, 8, 9
