1045, 1053, 1072, 1094, 1124, 1147, 1175, 1191, 1211, 1233, 1249, 1273, 1289, 1318, 1324, 1323, 1349, 1350, 1363, 1394, 1407, 1425, 1447, 1474, 1499, 1529, 1537, 2, 1, 0
1045, 1053, 1072, 1094, 1124, 1147, 1175, 1191, 1211, 1233, 1249, 1273, 1289, 1318, 1324, 1323, 1349, 1350, 1363, 1394, 1407, 1425, 1447, 1474, 1499, 1529, 1537, 2, 1
1045, 1053, 1072, 1094, 1124, 1147, 1175, 1191, 1211, 1233, 1249, 1273, 1289, 1318, 1324, 1323, 1349, 1350, 1363, 1394, 1407, 1425, 1447, 1474, 1499, 1529, 1537, 2
1045, 1053, 1072, 1094, 1124, 1147, 1175, 1191, 1211, 1233, 1249, 1273, 1289, 1318, 1324, 1323, 1349, 1350, 1363, 1394, 1407, 1425, 1447, 1474, 1499, 1529, 1536, 3
1045, 1053, 1072, 1094, 1124, 1147, 1175, 1191, 1211, 1233, 1249, 1273, 1289, 1318, 1325, 1348, 1382, 1391, 1392, 1404, 1426, 1449, 1475, 1500, 1531, 1534, 4
1045, 1053, 1072, 1094, 1124, 1147, 1175, 1191, 1211, 1233, 1249, 1273, 1289, 1318, 1325, 1348, 1382, 1391, 1392, 1404, 1426, 1449, 1475, 1500, 1531, 1534, 5
1045, 1053, 1072, 1094, 1124, 1147, 1175, 1191, 1211, 1233, 1249, 1273, 1289, 1318, 1325, 1348, 1382, 1391, 1392, 1405, 1427, 1450, 1477, 1503, 1511, 1553, 6
1045, 1053, 1072, 1094, 1124, 1147, 1175, 1191, 1211, 1233, 1249, 1273, 1289, 1318, 1325, 1348, 1382, 1391, 1392, 1405, 1427, 1450, 1477, 1504, 1513, 1552, 7
1045, 1053, 1072, 1094, 1124, 1147, 1175, 1191, 1211, 1233, 1249, 1273, 1289, 1318, 1325, 1348, 1382, 1391, 1423, 1429, 1452, 1478, 1507, 1515, 1551, 8
1045, 1053, 1072, 1094, 1124, 1147, 1175, 1191, 1211, 1233, 1249, 1273, 1289, 1318, 1325, 1348, 1382, 1391, 1423, 1429, 1452, 1478, 1507, 1515, 1551, 9
1045, 1053, 1072, 1094, 1124, 1147, 1175, 1191, 1211, 1233, 1249, 1273, 1289, 1318, 1325, 1348, 1382, 1391, 1423, 1429, 1452, 1478, 1479, 1508, 1516, 1550, 10
1045, 1053, 1072, 1094, 1124, 1147, 1175, 1191, 1211, 1233, 1249, 1273, 1289, 1318, 1325, 1348, 1382, 1391, 1423, 1429, 1452, 1478, 1479, 1508, 1516, 1549, 11
1045, 1053, 1072, 1094, 1124, 1147, 1174, 1190, 1189, 1208, 1231, 1252, 1270, 1285, 1300, 1328, 1344, 1379, 1387, 1420, 1431, 1454, 1480, 1510, 1517, 1548, 12
1045, 1053, 1072, 1094, 1124, 1147, 1174, 1190, 1189, 1208, 1231, 1252, 1270, 1285, 1300, 1328, 1344, 1379, 1387, 1420, 1431, 1454, 1480, 1510, 1517, 1548, 1547, 13
1045, 1053, 1072, 1094, 1124, 1147, 1174, 1190, 1189, 1208, 1231, 1252, 1270, 1285, 1300, 1328, 1344, 1379, 1387, 1420, 1433, 1456, 1481, 1487, 1518, 1546, 14
1045, 1053, 1072, 1094, 1124, 1147, 1174, 1190, 1189, 1208, 1231, 1252, 1270, 1285, 1300, 1328, 1344, 1379, 1378, 1386, 1419, 1435, 1457, 1482, 1488, 1519, 1545, 15
1045, 1053, 1072, 1094, 1124, 1147, 1174, 1190, 1189, 1208, 1231, 1252, 1270, 1285, 1301, 1329, 1330, 1331, 1342, 1377, 1385, 1418, 1436, 1458, 1483, 1489, 1521, 1544, 16
1045, 1053, 1072, 1094, 1124, 1147, 1174, 1190, 1189, 1208, 1231, 1252, 1270, 1285, 1301, 1329, 1330, 1331, 1342, 1377, 1385, 1418, 1436, 1458, 1483, 1489, 1521, 1544, 16, 17
1045, 1053, 1072, 1094, 1124, 1147, 1174, 1190, 1189, 1208, 1231, 1252, 1270, 1285, 1301, 1329, 1330, 1331, 1342, 1377, 1385, 1418, 1436, 1458, 1483, 1489, 1521, 1544, 16, 17, 18
1045, 1053, 1072, 1094, 1124, 1147, 1174, 1190, 1189, 1208, 1231, 1230, 1229, 1228, 1254, 1268, 1283, 1303, 1332, 1361, 1375, 1384, 1417, 1437, 1459, 1460, 1486, 1492, 1523, 1542, 1541, 19
1045, 1053, 1072, 1094, 1124, 1147, 1174, 1190, 1189, 1208, 1231, 1230, 1229, 1228, 1254, 1268, 1283, 1303, 1332, 1361, 1375, 1384, 1417, 1437, 1459, 1460, 1486, 1492, 1523, 1542, 1541, 20
1045, 1053, 1072, 1094, 1124, 1147, 1174, 1190, 1189, 1208, 1231, 1252, 1270, 1285, 1301, 1329, 1330, 1331, 1342, 1377, 1385, 1418, 1436, 1458, 1483, 1489, 1521, 1544, 16, 40, 41, 21
1045, 1053, 1072, 1094, 1124, 1147, 1174, 1190, 1189, 1208, 1231, 1230, 1229, 1228, 1254, 1268, 1283, 1303, 1332, 1361, 1375, 1384, 1417, 1437, 1459, 1460, 1486, 1492, 1523, 1542, 1541, 20, 22
1045, 1053, 1072, 1094, 1124, 1147, 1175, 1191, 1211, 1233, 1249, 1273, 1289, 1318, 1324, 1323, 1349, 1350, 1363, 1394, 1407, 1425, 1447, 1474, 1499, 1529, 1537, 2, 26, 25, 24, 23
1045, 1053, 1072, 1094, 1124, 1147, 1175, 1191, 1211, 1233, 1249, 1273, 1289, 1318, 1324, 1323, 1349, 1350, 1363, 1394, 1407, 1425, 1447, 1474, 1499, 1529, 1537, 2, 26, 25, 24
1045, 1053, 1072, 1094, 1124, 1147, 1175, 1191, 1211, 1233, 1249, 1273, 1289, 1318, 1324, 1323, 1349, 1350, 1363, 1394, 1407, 1425, 1447, 1474, 1499, 1529, 1537, 2, 26, 25
1045, 1053, 1072, 1094, 1124, 1147, 1175, 1191, 1211, 1233, 1249, 1273, 1289, 1318, 1324, 1323, 1349, 1350, 1363, 1394, 1407, 1425, 1447, 1474, 1499, 1529, 1537, 2, 26
1045, 1053, 1072, 1094, 1124, 1147, 1175, 1191, 1211, 1233, 1249, 1273, 1289, 1318, 1324, 1323, 1349, 1350, 1363, 1394, 1407, 1425, 1447, 1474, 1499, 1529, 1536, 3, 27
1045, 1053, 1072, 1094, 1124, 1147, 1175, 1191, 1211, 1233, 1249, 1273, 1289, 1318, 1325, 1348, 1382, 1391, 1392, 1404, 1426, 1449, 1475, 1500, 1531, 1534, 5, 28
1045, 1053, 1072, 1094, 1124, 1147, 1175, 1191, 1211, 1233, 1249, 1273, 1289, 1318, 1325, 1348, 1382, 1391, 1392, 1404, 1426, 1449, 1475, 1500, 1531, 1534, 5, 29
1045, 1053, 1072, 1094, 1124, 1147, 1175, 1191, 1211, 1233, 1249, 1273, 1289, 1318, 1325, 1348, 1382, 1391, 1392, 1405, 1427, 1450, 1477, 1503, 1511, 1553, 6, 30
1045, 1053, 1072, 1094, 1124, 1147, 1175, 1191, 1211, 1233, 1249, 1273, 1289, 1318, 1325, 1348, 1382, 1391, 1392, 1405, 1427, 1450, 1477, 1503, 1511, 1553, 6, 31
1045, 1053, 1072, 1094, 1124, 1147, 1175, 1191, 1211, 1233, 1249, 1273, 1289, 1318, 1325, 1348, 1382, 1391, 1392, 1405, 1427, 1450, 1477, 1504, 1513, 1552, 7, 32
1045, 1053, 1072, 1094, 1124, 1147, 1175, 1191, 1211, 1233, 1249, 1273, 1289, 1318, 1325, 1348, 1382, 1391, 1423, 1429, 1452, 1478, 1507, 1515, 1551, 9, 33
1045, 1053, 1072, 1094, 1124, 1147, 1175, 1191, 1211, 1233, 1249, 1273, 1289, 1318, 1325, 1348, 1382, 1391, 1423, 1429, 1452, 1478, 1479, 1508, 1516, 1550, 10, 34
1045, 1053, 1072, 1094, 1124, 1147, 1175, 1191, 1211, 1233, 1249, 1273, 1289, 1318, 1325, 1348, 1382, 1391, 1423, 1429, 1452, 1478, 1479, 1508, 1516, 1549, 11, 35
1045, 1053, 1072, 1094, 1124, 1147, 1174, 1190, 1189, 1208, 1231, 1252, 1270, 1285, 1300, 1328, 1344, 1379, 1387, 1420, 1431, 1454, 1480, 1510, 1517, 1548, 12, 36
1045, 1053, 1072, 1094, 1124, 1147, 1174, 1190, 1189, 1208, 1231, 1252, 1270, 1285, 1300, 1328, 1344, 1379, 1387, 1420, 1433, 1456, 1481, 1487, 1518, 1546, 14, 37
1045, 1053, 1072, 1094, 1124, 1147, 1174, 1190, 1189, 1208, 1231, 1252, 1270, 1285, 1301, 1329, 1330, 1331, 1342, 1377, 1385, 1418, 1436, 1458, 1483, 1489, 1521, 1544, 16, 38
1045, 1053, 1072, 1094, 1124, 1147, 1174, 1190, 1189, 1208, 1231, 1252, 1270, 1285, 1301, 1329, 1330, 1331, 1342, 1377, 1385, 1418, 1436, 1458, 1483, 1489, 1521, 1544, 16, 39
1045, 1053, 1072, 1094, 1124, 1147, 1174, 1190, 1189, 1208, 1231, 1252, 1270, 1285, 1301, 1329, 1330, 1331, 1342, 1377, 1385, 1418, 1436, 1458, 1483, 1489, 1521, 1544, 16, 40
1045, 1053, 1072, 1094, 1124, 1147, 1174, 1190, 1189, 1208, 1231, 1252, 1270, 1285, 1301, 1329, 1330, 1331, 1342, 1377, 1385, 1418, 1436, 1458, 1483, 1489, 1521, 1544, 16, 40, 41
1045, 1053, 1072, 1094, 1124, 1147, 1175, 1191, 1211, 1233, 1249, 1273, 1289, 1318, 1324, 1323, 1349, 1350, 1363, 1394, 1407, 1425, 1447, 1474, 1499, 1529, 1537, 2, 26, 42
1045, 1053, 1072, 1094, 1124, 1147, 1175, 1191, 1211, 1233, 1249, 1273, 1289, 1318, 1324, 1323, 1349, 1350, 1363, 1394, 1407, 1425, 1447, 1474, 1499, 1529, 1537, 2, 26, 43
1045, 1053, 1072, 1094, 1124, 1147, 1175, 1191, 1211, 1233, 1249, 1273, 1289, 1318, 1324, 1323, 1349, 1350, 1363, 1394, 1407, 1425, 1447, 1474, 1499, 1529, 1537, 2, 26, 44
1045, 1053, 1072, 1094, 1124, 1147, 1175, 1191, 1211, 1233, 1249, 1273, 1289, 1318, 1324, 1323, 1349, 1350, 1363, 1394, 1407, 1425, 1447, 1474, 1499, 1529, 1536, 3, 27, 45
1045, 1053, 1072, 1094, 1124, 1147, 1175, 1191, 1211, 1233, 1249, 1273, 1289, 1318, 1324, 1323, 1349, 1350, 1363, 1394, 1407, 1425, 1447, 1474, 1499, 1529, 1536, 3, 27, 46
1045, 1053, 1072, 1094, 1124, 1147, 1175, 1191, 1211, 1233, 1249, 1273, 1289, 1318, 1325, 1348, 1382, 1391, 1392, 1404, 1426, 1449, 1475, 1500, 1531, 1534, 5, 28, 47
1045, 1053, 1072, 1094, 1124, 1147, 1175, 1191, 1211, 1233, 1249, 1273, 1289, 1318, 1325, 1348, 1382, 1391, 1392, 1404, 1426, 1449, 1475, 1500, 1531, 1534, 5, 29, 48
1045, 1053, 1072, 1094, 1124, 1147, 1175, 1191, 1211, 1233, 1249, 1273, 1289, 1318, 1325, 1348, 1382, 1391, 1392, 1404, 1426, 1449, 1475, 1500, 1531, 1534, 5, 29, 49
1045, 1053, 1072, 1094, 1124, 1147, 1175, 1191, 1211, 1233, 1249, 1273, 1289, 1318, 1325, 1348, 1382, 1391, 1392, 1405, 1427, 1450, 1477, 1503, 1511, 1553, 6, 31, 50
1045, 1053, 1072, 1094, 1124, 1147, 1175, 1191, 1211, 1233, 1249, 1273, 1289, 1318, 1325, 1348, 1382, 1391, 1392, 1405, 1427, 1450, 1477, 1503, 1511, 1553, 6, 31, 51
1045, 1053, 1072, 1094, 1124, 1147, 1175, 1191, 1211, 1233, 1249, 1273, 1289, 1318, 1325, 1348, 1382, 1391, 1392, 1405, 1427, 1450, 1477, 1504, 1513, 1552, 7, 32, 52
1045, 1053, 1072, 1094, 1124, 1147, 1175, 1191, 1211, 1233, 1249, 1273, 1289, 1318, 1325, 1348, 1382, 1391, 1423, 1429, 1452, 1478, 1507, 1515, 1551, 9, 33, 53
1045, 1053, 1072, 1094, 1124, 1147, 1175, 1191, 1211, 1233, 1249, 1273, 1289, 1318, 1325, 1348, 1382, 1391, 1423, 1429, 1452, 1478, 1479, 1508, 1516, 1550, 10, 34, 54
1045, 1053, 1072, 1094, 1124, 1147, 1175, 1191, 1211, 1233, 1249, 1273, 1289, 1318, 1325, 1348, 1382, 1391, 1423, 1429, 1452, 1478, 1479, 1508, 1516, 1549, 11, 35, 55
1045, 1053, 1072, 1094, 1124, 1147, 1175, 1191, 1211, 1233, 1249, 1273, 1289, 1318, 1325, 1348, 1382, 1391, 1423, 1429, 1452, 1478, 1479, 1508, 1516, 1549, 11, 35, 55, 56
1045, 1053, 1072, 1094, 1124, 1147, 1174, 1190, 1189, 1208, 1231, 1252, 1270, 1285, 1300, 1328, 1344, 1379, 1387, 1420, 1431, 1454, 1480, 1510, 1517, 1548, 12, 36, 57
1045, 1053, 1072, 1094, 1124, 1147, 1174, 1190, 1189, 1208, 1231, 1252, 1270, 1285, 1300, 1328, 1344, 1379, 1387, 1420, 1433, 1456, 1481, 1487, 1518, 1546, 14, 37, 58
1045, 1053, 1072, 1094, 1124, 1147, 1174, 1190, 1189, 1208, 1231, 1252, 1270, 1285, 1301, 1329, 1330, 1331, 1342, 1377, 1385, 1418, 1436, 1458, 1483, 1489, 1521, 1544, 16, 38, 59
1045, 1053, 1072, 1094, 1124, 1147, 1174, 1190, 1189, 1208, 1231, 1252, 1270, 1285, 1301, 1329, 1330, 1331, 1342, 1377, 1385, 1418, 1436, 1458, 1483, 1489, 1521, 1544, 16, 39, 60
1045, 1053, 1072, 1094, 1124, 1147, 1174, 1190, 1189, 1208, 1231, 1252, 1270, 1285, 1301, 1329, 1330, 1331, 1342, 1377, 1385, 1418, 1436, 1458, 1483, 1489, 1521, 1544, 16, 40, 61
1045, 1053, 1072, 1094, 1124, 1147, 1174, 1190, 1189, 1208, 1231, 1252, 1270, 1285, 1301, 1329, 1330, 1331, 1342, 1377, 1385, 1418, 1436, 1458, 1483, 1489, 1521, 1544, 16, 40, 61, 62
1045, 1053, 1072, 1094, 1124, 1147, 1174, 1190, 1189, 1208, 1231, 1252, 1270, 1285, 1301, 1329, 1330, 1331, 1342, 1377, 1385, 1418, 1436, 1458, 1483, 1489, 1521, 1544, 16, 40, 61, 62, 63
1045, 1053, 1072, 1094, 1124, 1147, 1174, 1190, 1189, 1208, 1231, 1230, 1229, 1228, 1254, 1268, 1283, 1303, 1332, 1361, 1375, 1384, 1417, 1437, 1459, 1460, 1486, 1492, 1523, 1542, 1541, 20, 22, 64
1045, 1053, 1072, 1094, 1124, 1147, 1174, 1190, 1189, 1208, 1231, 1230, 1229, 1228, 1254, 1268, 1283, 1303, 1332, 1361, 1375, 1384, 1417, 1437, 1459, 1460, 1486, 1492, 1523, 1542, 1541, 20, 22, 65
1045, 1053, 1072, 1094, 1124, 1147, 1175, 1191, 1211, 1233, 1249, 1273, 1289, 1318, 1324, 1323, 1349, 1350, 1363, 1394, 1407, 1425, 1447, 1474, 1499, 1529, 1537, 2, 26, 42, 66
1045, 1053, 1072, 1094, 1124, 1147, 1174, 1190, 1189, 1208, 1231, 1252, 1270, 1285, 1301, 1329, 1330, 1331, 1342, 1377, 1385, 1418, 1436, 1458, 1483, 1489, 1521, 1544, 16, 40, 61, 68, 67
1045, 1053, 1072, 1094, 1124, 1147, 1174, 1190, 1189, 1208, 1231, 1252, 1270, 1285, 1301, 1329, 1330, 1331, 1342, 1377, 1385, 1418, 1436, 1458, 1483, 1489, 1521, 1544, 16, 40, 61, 68
1045, 1053, 1072, 1094, 1124, 1147, 1174, 1190, 1189, 1208, 1231, 1252, 1270, 1285, 1301, 1329, 1330, 1331, 1342, 1377, 1385, 1418, 1436, 1458, 1483, 1489, 1521, 1544, 16, 39, 60, 69
1045, 1053, 1072, 1094, 1124, 1147, 1174, 1190, 1189, 1208, 1231, 1252, 1270, 1285, 1301, 1329, 1330, 1331, 1342, 1377, 1385, 1418, 1436, 1458, 1483, 1489, 1521, 1544, 16, 39, 60, 70
1045, 1053, 1072, 1094, 1124, 1147, 1174, 1190, 1189, 1208, 1231, 1252, 1270, 1285, 1300, 1328, 1344, 1379, 1387, 1420, 1433, 1456, 1481, 1487, 1518, 1546, 14, 37, 58, 71
1045, 1053, 1072, 1094, 1124, 1147, 1174, 1190, 1189, 1208, 1231, 1252, 1270, 1285, 1300, 1328, 1344, 1379, 1387, 1420, 1431, 1454, 1480, 1510, 1517, 1548, 12, 36, 57, 72
1045, 1053, 1072, 1094, 1124, 1147, 1175, 1191, 1211, 1233, 1249, 1273, 1289, 1318, 1325, 1348, 1382, 1391, 1423, 1429, 1452, 1478, 1479, 1508, 1516, 1549, 11, 35, 55, 74, 73
1045, 1053, 1072, 1094, 1124, 1147, 1175, 1191, 1211, 1233, 1249, 1273, 1289, 1318, 1325, 1348, 1382, 1391, 1423, 1429, 1452, 1478, 1479, 1508, 1516, 1549, 11, 35, 55, 74
1045, 1053, 1072, 1094, 1124, 1147, 1175, 1191, 1211, 1233, 1249, 1273, 1289, 1318, 1325, 1348, 1382, 1391, 1423, 1429, 1452, 1478, 1479, 1508, 1516, 1550, 10, 34, 54, 75
1045, 1053, 1072, 1094, 1124, 1147, 1175, 1191, 1211, 1233, 1249, 1273, 1289, 1318, 1325, 1348, 1382, 1391, 1423, 1429, 1452, 1478, 1479, 1508, 1516, 1550, 10, 34, 54, 76
1045, 1053, 1072, 1094, 1124, 1147, 1175, 1191, 1211, 1233, 1249, 1273, 1289, 1318, 1325, 1348, 1382, 1391, 1392, 1405, 1427, 1450, 1477, 1504, 1513, 1552, 7, 32, 52, 77
1045, 1053, 1072, 1094, 1124, 1147, 1175, 1191, 1211, 1233, 1249, 1273, 1289, 1318, 1325, 1348, 1382, 1391, 1392, 1405, 1427, 1450, 1477, 1503, 1511, 1553, 6, 31, 50, 80, 79, 78
1045, 1053, 1072, 1094, 1124, 1147, 1175, 1191, 1211, 1233, 1249, 1273, 1289, 1318, 1325, 1348, 1382, 1391, 1392, 1405, 1427, 1450, 1477, 1503, 1511, 1553, 6, 31, 50, 80, 79
1045, 1053, 1072, 1094, 1124, 1147, 1175, 1191, 1211, 1233, 1249, 1273, 1289, 1318, 1325, 1348, 1382, 1391, 1392, 1405, 1427, 1450, 1477, 1503, 1511, 1553, 6, 31, 50, 80
1045, 1053, 1072, 1094, 1124, 1147, 1175, 1191, 1211, 1233, 1249, 1273, 1289, 1318, 1325, 1348, 1382, 1391, 1392, 1404, 1426, 1449, 1475, 1500, 1531, 1534, 5, 29, 48, 81
1045, 1053, 1072, 1094, 1124, 1147, 1175, 1191, 1211, 1233, 1249, 1273, 1289, 1318, 1325, 1348, 1382, 1391, 1392, 1404, 1426, 1449, 1475, 1500, 1531, 1534, 5, 29, 48, 81, 82
1045, 1053, 1072, 1094, 1124, 1147, 1175, 1191, 1211, 1233, 1249, 1273, 1289, 1318, 1324, 1323, 1349, 1350, 1363, 1394, 1407, 1425, 1447, 1474, 1499, 1529, 1536, 3, 27, 45, 83
1045, 1053, 1072, 1094, 1124, 1147, 1175, 1191, 1211, 1233, 1249, 1273, 1289, 1318, 1324, 1323, 1349, 1350, 1363, 1394, 1407, 1425, 1447, 1474, 1499, 1529, 1537, 2, 26, 44, 84
1045, 1053, 1072, 1094, 1124, 1147, 1175, 1191, 1211, 1233, 1249, 1273, 1289, 1318, 1324, 1323, 1349, 1350, 1363, 1394, 1407, 1425, 1447, 1474, 1499, 1529, 1537, 2, 26, 44, 84, 85
1045, 1053, 1072, 1094, 1124, 1147, 1175, 1191, 1211, 1233, 1249, 1273, 1289, 1318, 1324, 1323, 1349, 1350, 1363, 1394, 1407, 1425, 1447, 1474, 1499, 1529, 1537, 2, 26, 44, 84, 85, 86
1045, 1053, 1072, 1094, 1124, 1147, 1175, 1191, 1211, 1233, 1249, 1273, 1289, 1318, 1324, 1323, 1349, 1350, 1363, 1394, 1407, 1425, 1447, 1474, 1499, 1529, 1537, 2, 26, 44, 84, 85, 86, 87
1045, 1053, 1072, 1094, 1124, 1147, 1174, 1190, 1189, 1208, 1231, 1252, 1270, 1285, 1301, 1329, 1330, 1331, 1342, 1377, 1385, 1418, 1436, 1458, 1483, 1489, 1521, 1544, 16, 40, 61, 68, 67, 88
1045, 1053, 1072, 1094, 1124, 1147, 1175, 1191, 1211, 1233, 1249, 1273, 1289, 1318, 1325, 1348, 1382, 1391, 1392, 1404, 1426, 1449, 1475, 1500, 1531, 1534, 5, 29, 48, 81, 89
1045, 1053, 1072, 1094, 1124, 1147, 1175, 1191, 1211, 1233, 1249, 1273, 1289, 1318, 1325, 1348, 1382, 1391, 1392, 1404, 1426, 1449, 1475, 1500, 1531, 1534, 5, 29, 48, 81, 82, 90
1045, 1053, 1072, 1094, 1124, 1147, 1175, 1191, 1211, 1233, 1249, 1273, 1289, 1318, 1324, 1323, 1349, 1350, 1363, 1394, 1407, 1425, 1447, 1474, 1499, 1529, 1536, 3, 27, 45, 83, 91
1045, 1053, 1072, 1094, 1124, 1147, 1175, 1191, 1211, 1233, 1249, 1273, 1289, 1318, 1324, 1323, 1349, 1350, 1363, 1394, 1407, 1425, 1447, 1474, 1499, 1529, 1536, 3, 27, 45, 83, 92
1045, 1053, 1072, 1094, 1124, 1147, 1175, 1191, 1211, 1233, 1249, 1273, 1289, 1318, 1324, 1323, 1349, 1350, 1363, 1394, 1407, 1425, 1447, 1474, 1499, 1529, 1536, 3, 27, 45, 83, 92, 93
1045, 1053, 1072, 1094, 1124, 1147, 1175, 1191, 1211, 1233, 1249, 1273, 1289, 1318, 1324, 1323, 1349, 1350, 1363, 1394, 1407, 1425, 1447, 1474, 1499, 1529, 1537, 2, 26, 44, 84, 85, 86, 94
1045, 1053, 1072, 1094, 1124, 1147, 1175, 1191, 1211, 1233, 1249, 1273, 1289, 1318, 1324, 1323, 1349, 1350, 1363, 1394, 1407, 1425, 1447, 1474, 1499, 1529, 1537, 2, 26, 44, 84, 85, 86, 95
1045, 1053, 1072, 1094, 1124, 1147, 1174, 1190, 1189, 1208, 1231, 1252, 1270, 1285, 1301, 1329, 1330, 1331, 1342, 1377, 1385, 1418, 1436, 1458, 1483, 1489, 1521, 1544, 16, 40, 61, 68, 100, 99, 98, 97, 96
1045, 1053, 1072, 1094, 1124, 1147, 1174, 1190, 1189, 1208, 1231, 1252, 1270, 1285, 1301, 1329, 1330, 1331, 1342, 1377, 1385, 1418, 1436, 1458, 1483, 1489, 1521, 1544, 16, 40, 61, 68, 100, 99, 98, 97
1045, 1053, 1072, 1094, 1124, 1147, 1174, 1190, 1189, 1208, 1231, 1252, 1270, 1285, 1301, 1329, 1330, 1331, 1342, 1377, 1385, 1418, 1436, 1458, 1483, 1489, 1521, 1544, 16, 40, 61, 68, 100, 99, 98
1045, 1053, 1072, 1094, 1124, 1147, 1174, 1190, 1189, 1208, 1231, 1252, 1270, 1285, 1301, 1329, 1330, 1331, 1342, 1377, 1385, 1418, 1436, 1458, 1483, 1489, 1521, 1544, 16, 40, 61, 68, 100, 99
