288, 265, 266, 254, 238, 202, 186, 170, 140, 120, 95, 86, 66, 24, 0
288, 265, 266, 254, 238, 202, 186, 170, 140, 120, 95, 86, 66, 25, 1
288, 289, 267, 255, 217, 200, 185, 168, 139, 122, 93, 84, 44, 26, 2
288, 289, 267, 255, 217, 200, 185, 168, 139, 122, 92, 83, 45, 27, 3
288, 289, 267, 255, 217, 200, 185, 168, 139, 122, 92, 83, 45, 27, 3, 4
288, 289, 267, 255, 217, 200, 185, 168, 139, 138, 137, 124, 90, 82, 81, 48, 29, 5
288, 289, 267, 255, 217, 200, 185, 168, 139, 138, 137, 124, 90, 82, 81, 48, 29, 5, 6
288, 289, 267, 255, 217, 200, 185, 168, 139, 138, 137, 124, 90, 82, 81, 48, 29, 5, 6, 7
288, 289, 267, 255, 217, 200, 185, 168, 139, 138, 137, 124, 90, 82, 81, 48, 29, 5, 6, 7, 8
288, 289, 267, 255, 217, 200, 185, 168, 139, 138, 137, 124, 90, 82, 81, 48, 29, 5, 6, 7, 8, 9
288, 287, 286, 285, 261, 260, 282, 246, 231, 209, 194, 157, 148, 111, 105, 74, 75, 54, 34, 10
288, 287, 286, 285, 261, 260, 282, 246, 231, 209, 194, 157, 148, 111, 105, 74, 55, 35, 11
288, 265, 253, 237, 236, 204, 190, 174, 175, 145, 146, 147, 113, 104, 72, 57, 36, 12
288, 265, 253, 237, 236, 204, 189, 173, 143, 117, 116, 101, 69, 70, 71, 58, 37, 13
288, 265, 253, 237, 236, 204, 189, 173, 143, 117, 116, 101, 69, 70, 71, 58, 37, 14
288, 265, 253, 237, 236, 204, 189, 173, 143, 117, 116, 101, 69, 60, 39, 38, 15
288, 265, 253, 237, 236, 204, 189, 173, 143, 117, 116, 101, 69, 60, 39, 16
288, 265, 253, 237, 236, 204, 189, 173, 143, 117, 98, 67, 62, 41, 17
288, 265, 253, 237, 203, 187, 171, 141, 118, 96, 88, 63, 21, 18
288, 265, 253, 237, 203, 187, 171, 141, 118, 96, 88, 63, 21, 19
288, 265, 253, 237, 203, 187, 171, 141, 118, 96, 88, 64, 22, 20
288, 265, 253, 237, 203, 187, 171, 141, 118, 96, 88, 63, 21
288, 265, 253, 237, 203, 187, 171, 141, 118, 96, 88, 64, 22
288, 265, 266, 254, 238, 202, 186, 170, 140, 120, 95, 86, 66, 23
288, 265, 266, 254, 238, 202, 186, 170, 140, 120, 95, 86, 66, 24
288, 265, 266, 254, 238, 202, 186, 170, 140, 120, 95, 86, 66, 25
288, 289, 267, 255, 217, 200, 185, 168, 139, 122, 93, 84, 44, 26
288, 289, 267, 255, 217, 200, 185, 168, 139, 122, 92, 83, 45, 27
288, 289, 267, 255, 217, 200, 185, 168, 139, 138, 137, 124, 90, 82, 81, 48, 28
288, 289, 267, 255, 217, 200, 185, 168, 139, 138, 137, 124, 90, 82, 81, 48, 29
288, 289, 267, 255, 217, 200, 185, 168, 139, 138, 137, 124, 90, 82, 81, 48, 29, 30
288, 289, 267, 255, 217, 200, 185, 168, 139, 138, 137, 124, 90, 82, 81, 48, 29, 30, 31
288, 289, 267, 255, 217, 200, 185, 168, 139, 138, 137, 124, 90, 82, 81, 48, 29, 30, 31, 32
288, 289, 267, 255, 217, 200, 185, 168, 139, 138, 137, 124, 90, 82, 81, 48, 29, 30, 31, 32, 33
288, 287, 286, 285, 261, 260, 282, 246, 231, 209, 194, 157, 148, 111, 105, 74, 75, 54, 34
288, 287, 286, 285, 261, 260, 282, 246, 231, 209, 194, 157, 148, 111, 105, 74, 55, 35
288, 265, 253, 237, 236, 204, 190, 174, 175, 145, 146, 147, 113, 104, 72, 57, 36
288, 265, 253, 237, 236, 204, 189, 173, 143, 117, 116, 101, 69, 70, 71, 58, 37
288, 265, 253, 237, 236, 204, 189, 173, 143, 117, 116, 101, 69, 60, 39, 38
288, 265, 253, 237, 236, 204, 189, 173, 143, 117, 116, 101, 69, 60, 39
288, 265, 253, 237, 236, 204, 189, 173, 143, 117, 116, 100, 68, 61, 40
288, 265, 253, 237, 236, 204, 189, 173, 143, 117, 98, 67, 62, 41
288, 289, 267, 255, 217, 200, 185, 168, 139, 122, 93, 84, 42
288, 289, 267, 255, 217, 200, 185, 168, 139, 122, 93, 84, 43
288, 289, 267, 255, 217, 200, 185, 168, 139, 122, 93, 84, 44
288, 289, 267, 255, 217, 200, 185, 168, 139, 122, 92, 83, 45
288, 289, 267, 255, 217, 200, 185, 168, 139, 122, 92, 83, 46
288, 289, 267, 255, 217, 200, 185, 168, 139, 122, 92, 83, 46, 47
288, 289, 267, 255, 217, 200, 185, 168, 139, 138, 137, 124, 90, 82, 81, 48
288, 289, 267, 255, 217, 200, 185, 168, 139, 138, 137, 124, 90, 82, 81, 49
288, 289, 267, 255, 217, 200, 185, 168, 139, 138, 137, 124, 90, 82, 81, 49, 50
288, 289, 267, 255, 217, 200, 199, 184, 167, 166, 165, 136, 135, 134, 128, 110, 78, 51
288, 289, 267, 255, 217, 200, 199, 184, 167, 166, 165, 136, 135, 134, 128, 110, 78, 51, 52
288, 287, 286, 285, 261, 260, 282, 246, 231, 209, 194, 157, 148, 111, 105, 74, 75, 76, 53
288, 287, 286, 285, 261, 260, 282, 246, 231, 209, 194, 157, 148, 111, 105, 74, 75, 54
288, 287, 286, 285, 261, 260, 282, 246, 231, 209, 194, 157, 148, 111, 105, 74, 55
288, 287, 286, 285, 261, 260, 282, 246, 231, 209, 194, 157, 148, 111, 105, 73, 56
288, 265, 253, 237, 236, 204, 190, 174, 175, 145, 146, 147, 113, 104, 72, 57
288, 265, 253, 237, 236, 204, 189, 173, 143, 117, 116, 101, 69, 70, 71, 58
288, 265, 253, 237, 236, 204, 189, 173, 143, 117, 116, 101, 69, 70, 59
288, 265, 253, 237, 236, 204, 189, 173, 143, 117, 116, 101, 69, 60
288, 265, 253, 237, 236, 204, 189, 173, 143, 117, 116, 100, 68, 61
288, 265, 253, 237, 236, 204, 189, 173, 143, 117, 98, 67, 62
288, 265, 253, 237, 203, 187, 171, 141, 118, 96, 88, 63
288, 265, 253, 237, 203, 187, 171, 141, 118, 96, 88, 64
288, 265, 253, 237, 203, 187, 171, 141, 118, 96, 88, 64, 65
288, 265, 266, 254, 238, 202, 186, 170, 140, 120, 95, 86, 66
288, 265, 253, 237, 236, 204, 189, 173, 143, 117, 98, 67
288, 265, 253, 237, 236, 204, 189, 173, 143, 117, 116, 100, 68
288, 265, 253, 237, 236, 204, 189, 173, 143, 117, 116, 101, 69
288, 265, 253, 237, 236, 204, 189, 173, 143, 117, 116, 101, 69, 70
288, 265, 253, 237, 236, 204, 189, 173, 143, 117, 116, 101, 69, 70, 71
288, 265, 253, 237, 236, 204, 190, 174, 175, 145, 146, 147, 113, 104, 72
288, 287, 286, 285, 261, 260, 282, 246, 231, 209, 194, 157, 148, 111, 105, 73
288, 287, 286, 285, 261, 260, 282, 246, 231, 209, 194, 157, 148, 111, 105, 74
288, 287, 286, 285, 261, 260, 282, 246, 231, 209, 194, 157, 148, 111, 105, 74, 75
288, 287, 286, 285, 261, 260, 282, 246, 231, 209, 194, 157, 148, 111, 105, 74, 75, 76
288, 289, 267, 255, 217, 200, 199, 184, 167, 166, 165, 136, 135, 134, 128, 129, 109, 77
288, 289, 267, 255, 217, 200, 199, 184, 167, 166, 165, 136, 135, 134, 128, 110, 78
288, 289, 267, 255, 217, 200, 199, 184, 167, 166, 165, 136, 135, 134, 128, 110, 79
288, 289, 267, 255, 217, 200, 185, 168, 139, 138, 137, 124, 90, 82, 81, 80
288, 289, 267, 255, 217, 200, 185, 168, 139, 138, 137, 124, 90, 82, 81
288, 289, 267, 255, 217, 200, 185, 168, 139, 138, 137, 124, 90, 82
288, 289, 267, 255, 217, 200, 185, 168, 139, 122, 92, 83
288, 289, 267, 255, 217, 200, 185, 168, 139, 122, 93, 84
288, 289, 267, 255, 217, 200, 185, 168, 139, 122, 93, 85
288, 265, 266, 254, 238, 202, 186, 170, 140, 120, 95, 86
288, 265, 253, 237, 203, 187, 171, 141, 118, 96, 88, 87
288, 265, 253, 237, 203, 187, 171, 141, 118, 96, 88
288, 289, 267, 255, 217, 200, 185, 168, 139, 138, 137, 124, 90, 89
288, 289, 267, 255, 217, 200, 185, 168, 139, 138, 137, 124, 90
288, 289, 267, 255, 217, 200, 185, 168, 139, 122, 91
288, 289, 267, 255, 217, 200, 185, 168, 139, 122, 92
288, 289, 267, 255, 217, 200, 185, 168, 139, 122, 93
288, 265, 266, 254, 238, 202, 186, 170, 140, 120, 94
288, 265, 266, 254, 238, 202, 186, 170, 140, 120, 95
288, 265, 253, 237, 203, 187, 171, 141, 118, 96
288, 265, 253, 237, 203, 187, 171, 141, 118, 97
288, 265, 253, 237, 236, 204, 189, 173, 143, 117, 98
288, 265, 253, 237, 236, 204, 189, 173, 143, 117, 99
