877, 895, 902, 934, 959, 979, 998, 1023, 1048, 1051, 1070, 1098, 1120, 1153, 1158, 1194, 1214, 1236, 1247, 1275, 1291, 1316, 1322, 1350, 1363, 1394, 1407, 1425, 1447, 1474, 1499, 1529, 1537, 2, 1, 0
877, 895, 902, 934, 959, 979, 998, 1023, 1048, 1051, 1070, 1098, 1120, 1153, 1158, 1194, 1214, 1236, 1247, 1275, 1291, 1316, 1322, 1350, 1363, 1394, 1407, 1425, 1447, 1474, 1499, 1529, 1537, 2, 1
877, 895, 902, 934, 959, 979, 998, 1023, 1048, 1051, 1070, 1098, 1120, 1153, 1158, 1194, 1214, 1236, 1247, 1275, 1291, 1316, 1322, 1350, 1363, 1394, 1407, 1425, 1447, 1474, 1499, 1529, 1537, 2
877, 895, 902, 934, 959, 979, 998, 1023, 1048, 1051, 1070, 1098, 1120, 1153, 1158, 1194, 1214, 1236, 1247, 1275, 1291, 1316, 1322, 1350, 1363, 1394, 1407, 1425, 1447, 1474, 1499, 1529, 1536, 3
877, 895, 902, 934, 960, 978, 997, 1021, 1047, 1052, 1071, 1096, 1123, 1150, 1176, 1192, 1212, 1234, 1249, 1273, 1289, 1318, 1325, 1348, 1382, 1391, 1392, 1404, 1426, 1449, 1475, 1500, 1531, 1534, 4
877, 895, 902, 934, 960, 978, 997, 1021, 1047, 1052, 1071, 1096, 1123, 1150, 1176, 1192, 1212, 1234, 1249, 1273, 1289, 1318, 1325, 1348, 1382, 1391, 1392, 1404, 1426, 1449, 1475, 1500, 1531, 1534, 5
877, 895, 902, 934, 960, 978, 997, 1021, 1047, 1052, 1071, 1096, 1123, 1150, 1176, 1192, 1212, 1234, 1249, 1273, 1289, 1318, 1325, 1348, 1382, 1391, 1392, 1405, 1427, 1450, 1477, 1503, 1511, 1553, 6
877, 895, 902, 934, 960, 978, 997, 1021, 1047, 1052, 1071, 1096, 1123, 1150, 1176, 1192, 1212, 1234, 1249, 1273, 1289, 1318, 1325, 1348, 1382, 1391, 1392, 1405, 1427, 1450, 1477, 1504, 1513, 1552, 7
877, 895, 902, 934, 960, 978, 997, 1021, 1047, 1052, 1071, 1096, 1123, 1150, 1176, 1192, 1212, 1234, 1249, 1273, 1289, 1318, 1325, 1348, 1382, 1391, 1423, 1429, 1452, 1478, 1507, 1515, 1551, 8
877, 895, 902, 934, 960, 978, 997, 1021, 1047, 1052, 1071, 1096, 1123, 1150, 1176, 1192, 1212, 1234, 1249, 1273, 1289, 1318, 1325, 1348, 1382, 1391, 1423, 1429, 1452, 1478, 1507, 1515, 1551, 9
877, 895, 902, 934, 960, 978, 997, 1021, 1047, 1052, 1071, 1096, 1123, 1150, 1176, 1192, 1212, 1234, 1249, 1273, 1289, 1318, 1325, 1348, 1382, 1391, 1423, 1429, 1452, 1478, 1479, 1508, 1516, 1550, 10
877, 895, 902, 934, 960, 978, 997, 1021, 1047, 1052, 1071, 1096, 1123, 1150, 1176, 1192, 1212, 1234, 1249, 1273, 1289, 1318, 1325, 1348, 1382, 1391, 1423, 1429, 1452, 1478, 1479, 1508, 1516, 1549, 11
877, 895, 902, 934, 960, 978, 997, 1021, 1046, 1053, 1072, 1094, 1124, 1147, 1174, 1190, 1189, 1208, 1231, 1252, 1270, 1285, 1300, 1328, 1344, 1379, 1387, 1420, 1431, 1454, 1480, 1510, 1517, 1548, 12
877, 856, 822, 810, 780, 763, 729, 704, 672, 667, 647, 617, 589, 580, 558, 545, 518, 497, 463, 456, 419, 403, 378, 362, 333, 314, 304, 282, 246, 231, 209, 194, 156, 147, 113, 103, 71, 58, 37, 13
877, 856, 822, 810, 780, 763, 729, 704, 672, 667, 647, 617, 589, 580, 558, 545, 518, 497, 463, 456, 419, 403, 378, 362, 333, 314, 304, 282, 246, 231, 209, 194, 156, 147, 113, 103, 71, 58, 37, 14
877, 895, 902, 934, 960, 978, 997, 1021, 1046, 1053, 1072, 1094, 1124, 1147, 1174, 1190, 1189, 1208, 1231, 1252, 1270, 1285, 1300, 1328, 1344, 1379, 1378, 1386, 1419, 1435, 1457, 1482, 1488, 1519, 1545, 15
877, 895, 902, 934, 960, 978, 997, 1021, 1046, 1053, 1072, 1094, 1124, 1147, 1174, 1190, 1189, 1208, 1231, 1252, 1270, 1285, 1301, 1329, 1330, 1331, 1342, 1377, 1385, 1418, 1436, 1458, 1483, 1489, 1521, 1544, 16
877, 856, 822, 810, 780, 763, 729, 704, 672, 667, 648, 616, 590, 581, 559, 526, 516, 499, 466, 453, 424, 407, 375, 358, 336, 316, 283, 263, 251, 235, 204, 189, 173, 143, 117, 98, 67, 62, 41, 17
877, 895, 896, 904, 936, 958, 981, 1000, 1025, 1028, 1069, 1088, 1099, 1119, 1118, 1117, 1156, 1163, 1198, 1218, 1241, 1243, 1261, 1262, 1298, 1309, 1336, 1357, 1370, 1401, 1413, 1440, 1462, 1466, 1493, 1524, 1542, 18
877, 856, 822, 810, 780, 763, 729, 704, 672, 667, 648, 616, 590, 581, 559, 526, 516, 499, 466, 453, 424, 407, 375, 358, 336, 316, 283, 263, 251, 235, 204, 188, 172, 141, 118, 96, 88, 63, 21, 19
877, 856, 822, 810, 780, 763, 729, 704, 672, 667, 648, 616, 590, 581, 559, 526, 516, 499, 466, 453, 424, 407, 375, 358, 336, 316, 283, 263, 251, 235, 204, 188, 172, 141, 118, 96, 88, 64, 22, 20
877, 856, 822, 810, 780, 763, 729, 704, 672, 667, 648, 616, 590, 581, 559, 526, 516, 499, 466, 453, 424, 407, 375, 358, 336, 316, 283, 263, 251, 235, 204, 188, 172, 141, 118, 96, 88, 63, 21
877, 856, 822, 810, 780, 763, 729, 704, 672, 667, 648, 616, 590, 581, 559, 526, 516, 499, 466, 453, 424, 407, 375, 358, 336, 316, 283, 263, 251, 235, 204, 188, 172, 141, 118, 96, 88, 64, 22
877, 895, 902, 934, 959, 979, 998, 1023, 1048, 1051, 1070, 1098, 1120, 1153, 1158, 1194, 1214, 1236, 1247, 1275, 1291, 1316, 1322, 1350, 1363, 1394, 1407, 1425, 1447, 1474, 1499, 1529, 1537, 2, 26, 25, 24, 23
877, 895, 902, 934, 959, 979, 998, 1023, 1048, 1051, 1070, 1098, 1120, 1153, 1158, 1194, 1214, 1236, 1247, 1275, 1291, 1316, 1322, 1350, 1363, 1394, 1407, 1425, 1447, 1474, 1499, 1529, 1537, 2, 26, 25, 24
877, 895, 902, 934, 959, 979, 998, 1023, 1048, 1051, 1070, 1098, 1120, 1153, 1158, 1194, 1214, 1236, 1247, 1275, 1291, 1316, 1322, 1350, 1363, 1394, 1407, 1425, 1447, 1474, 1499, 1529, 1537, 2, 26, 25
877, 895, 902, 934, 959, 979, 998, 1023, 1048, 1051, 1070, 1098, 1120, 1153, 1158, 1194, 1214, 1236, 1247, 1275, 1291, 1316, 1322, 1350, 1363, 1394, 1407, 1425, 1447, 1474, 1499, 1529, 1537, 2, 26
877, 895, 902, 934, 959, 979, 998, 1023, 1048, 1051, 1070, 1098, 1120, 1153, 1158, 1194, 1214, 1236, 1247, 1275, 1291, 1316, 1322, 1350, 1363, 1394, 1407, 1425, 1447, 1474, 1499, 1529, 1536, 3, 27
877, 895, 902, 934, 960, 978, 997, 1021, 1047, 1052, 1071, 1096, 1123, 1150, 1176, 1192, 1212, 1234, 1249, 1273, 1289, 1318, 1325, 1348, 1382, 1391, 1392, 1404, 1426, 1449, 1475, 1500, 1531, 1534, 5, 28
877, 895, 902, 934, 960, 978, 997, 1021, 1047, 1052, 1071, 1096, 1123, 1150, 1176, 1192, 1212, 1234, 1249, 1273, 1289, 1318, 1325, 1348, 1382, 1391, 1392, 1404, 1426, 1449, 1475, 1500, 1531, 1534, 5, 29
877, 895, 902, 934, 960, 978, 997, 1021, 1047, 1052, 1071, 1096, 1123, 1150, 1176, 1192, 1212, 1234, 1249, 1273, 1289, 1318, 1325, 1348, 1382, 1391, 1392, 1405, 1427, 1450, 1477, 1503, 1511, 1553, 6, 30
877, 895, 902, 934, 960, 978, 997, 1021, 1047, 1052, 1071, 1096, 1123, 1150, 1176, 1192, 1212, 1234, 1249, 1273, 1289, 1318, 1325, 1348, 1382, 1391, 1392, 1405, 1427, 1450, 1477, 1503, 1511, 1553, 6, 31
877, 895, 902, 934, 960, 978, 997, 1021, 1047, 1052, 1071, 1096, 1123, 1150, 1176, 1192, 1212, 1234, 1249, 1273, 1289, 1318, 1325, 1348, 1382, 1391, 1392, 1405, 1427, 1450, 1477, 1504, 1513, 1552, 7, 32
877, 895, 902, 934, 960, 978, 997, 1021, 1047, 1052, 1071, 1096, 1123, 1150, 1176, 1192, 1212, 1234, 1249, 1273, 1289, 1318, 1325, 1348, 1382, 1391, 1423, 1429, 1452, 1478, 1507, 1515, 1551, 9, 33
877, 895, 902, 934, 960, 978, 997, 1021, 1047, 1052, 1071, 1096, 1123, 1150, 1176, 1192, 1212, 1234, 1249, 1273, 1289, 1318, 1325, 1348, 1382, 1391, 1423, 1429, 1452, 1478, 1479, 1508, 1516, 1550, 10, 34
877, 895, 902, 934, 960, 978, 997, 1021, 1047, 1052, 1071, 1096, 1123, 1150, 1176, 1192, 1212, 1234, 1249, 1273, 1289, 1318, 1325, 1348, 1382, 1391, 1423, 1429, 1452, 1478, 1479, 1508, 1516, 1549, 11, 35
877, 856, 822, 810, 780, 763, 729, 704, 672, 667, 647, 617, 589, 580, 558, 545, 518, 497, 463, 456, 419, 402, 379, 363, 331, 312, 302, 281, 245, 230, 210, 195, 158, 149, 112, 105, 73, 56, 36
877, 856, 822, 810, 780, 763, 729, 704, 672, 667, 647, 617, 589, 580, 558, 545, 518, 497, 463, 456, 419, 403, 378, 362, 333, 314, 304, 282, 246, 231, 209, 194, 156, 147, 113, 103, 71, 58, 37
877, 895, 902, 934, 960, 978, 997, 1021, 1046, 1053, 1072, 1094, 1124, 1147, 1174, 1190, 1189, 1208, 1231, 1252, 1270, 1285, 1301, 1329, 1330, 1331, 1342, 1377, 1385, 1418, 1436, 1458, 1483, 1489, 1521, 1544, 16, 38
877, 856, 822, 810, 780, 763, 729, 704, 672, 667, 647, 617, 589, 580, 558, 545, 518, 497, 463, 456, 419, 403, 378, 362, 333, 314, 304, 282, 247, 232, 207, 193, 155, 146, 114, 102, 70, 60, 39
877, 856, 822, 810, 780, 763, 729, 704, 672, 667, 647, 617, 589, 580, 558, 545, 518, 497, 463, 456, 419, 403, 378, 362, 333, 314, 304, 282, 247, 232, 207, 193, 155, 146, 114, 102, 70, 60, 40
877, 856, 822, 810, 780, 763, 729, 704, 672, 667, 648, 616, 590, 581, 559, 526, 516, 499, 466, 453, 424, 407, 375, 358, 336, 316, 283, 263, 251, 235, 204, 189, 173, 143, 117, 98, 67, 62, 41
877, 895, 902, 934, 959, 979, 998, 1023, 1048, 1051, 1070, 1098, 1120, 1153, 1158, 1194, 1214, 1236, 1247, 1275, 1291, 1316, 1322, 1350, 1363, 1394, 1407, 1425, 1447, 1474, 1499, 1529, 1537, 2, 26, 42
877, 895, 902, 934, 959, 979, 998, 1023, 1048, 1051, 1070, 1098, 1120, 1153, 1158, 1194, 1214, 1236, 1247, 1275, 1291, 1316, 1322, 1350, 1363, 1394, 1407, 1425, 1447, 1474, 1499, 1529, 1537, 2, 26, 43
877, 895, 902, 934, 959, 979, 998, 1023, 1048, 1051, 1070, 1098, 1120, 1153, 1158, 1194, 1214, 1236, 1247, 1275, 1291, 1316, 1322, 1350, 1363, 1394, 1407, 1425, 1447, 1474, 1499, 1529, 1537, 2, 26, 44
877, 895, 902, 934, 959, 979, 998, 1023, 1048, 1051, 1070, 1098, 1120, 1153, 1158, 1194, 1214, 1236, 1247, 1275, 1291, 1316, 1322, 1350, 1363, 1394, 1407, 1425, 1447, 1474, 1499, 1529, 1536, 3, 27, 45
877, 895, 902, 934, 959, 979, 998, 1023, 1048, 1051, 1070, 1098, 1120, 1153, 1158, 1194, 1214, 1236, 1247, 1275, 1291, 1316, 1322, 1350, 1363, 1394, 1407, 1425, 1447, 1474, 1499, 1529, 1536, 3, 27, 46
877, 895, 902, 934, 960, 978, 997, 1021, 1047, 1052, 1071, 1096, 1123, 1150, 1176, 1192, 1212, 1234, 1249, 1273, 1289, 1318, 1325, 1348, 1382, 1391, 1392, 1404, 1426, 1449, 1475, 1500, 1531, 1534, 5, 28, 47
877, 895, 902, 934, 960, 978, 997, 1021, 1047, 1052, 1071, 1096, 1123, 1150, 1176, 1192, 1212, 1234, 1249, 1273, 1289, 1318, 1325, 1348, 1382, 1391, 1392, 1404, 1426, 1449, 1475, 1500, 1531, 1534, 5, 29, 48
877, 895, 902, 934, 960, 978, 997, 1021, 1047, 1052, 1071, 1096, 1123, 1150, 1176, 1192, 1212, 1234, 1249, 1273, 1289, 1318, 1325, 1348, 1382, 1391, 1392, 1404, 1426, 1449, 1475, 1500, 1531, 1534, 5, 29, 49
877, 895, 902, 934, 960, 978, 997, 1021, 1047, 1052, 1071, 1096, 1123, 1150, 1176, 1192, 1212, 1234, 1249, 1273, 1289, 1318, 1325, 1348, 1382, 1391, 1392, 1405, 1427, 1450, 1477, 1503, 1511, 1553, 6, 31, 50
877, 895, 902, 934, 960, 978, 997, 1021, 1047, 1052, 1071, 1096, 1123, 1150, 1176, 1192, 1212, 1234, 1249, 1273, 1289, 1318, 1325, 1348, 1382, 1391, 1392, 1405, 1427, 1450, 1477, 1503, 1511, 1553, 6, 31, 51
877, 895, 902, 934, 960, 978, 997, 1021, 1047, 1052, 1071, 1096, 1123, 1150, 1176, 1192, 1212, 1234, 1249, 1273, 1289, 1318, 1325, 1348, 1382, 1391, 1392, 1405, 1427, 1450, 1477, 1504, 1513, 1552, 7, 32, 52
877, 895, 902, 934, 960, 978, 997, 1021, 1047, 1052, 1071, 1096, 1123, 1150, 1176, 1192, 1212, 1234, 1249, 1273, 1289, 1318, 1325, 1348, 1382, 1391, 1423, 1429, 1452, 1478, 1507, 1515, 1551, 9, 33, 53
877, 856, 822, 810, 780, 763, 729, 704, 672, 667, 647, 617, 589, 580, 558, 545, 518, 497, 463, 456, 419, 402, 379, 363, 331, 312, 301, 278, 244, 229, 211, 176, 160, 150, 132, 106, 75, 54
877, 856, 822, 810, 780, 763, 729, 704, 672, 667, 647, 617, 589, 580, 558, 545, 518, 497, 463, 456, 419, 402, 379, 363, 331, 312, 302, 281, 245, 230, 210, 195, 158, 149, 112, 105, 74, 55
877, 856, 822, 810, 780, 763, 729, 704, 672, 667, 647, 617, 589, 580, 558, 545, 518, 497, 463, 456, 419, 402, 379, 363, 331, 312, 302, 281, 245, 230, 210, 195, 158, 149, 112, 105, 73, 56
877, 856, 822, 810, 780, 763, 729, 704, 672, 667, 647, 617, 589, 580, 558, 545, 518, 497, 463, 456, 419, 402, 379, 363, 331, 312, 302, 281, 245, 230, 210, 195, 158, 149, 112, 105, 73, 56, 57
877, 856, 822, 810, 780, 763, 729, 704, 672, 667, 647, 617, 589, 580, 558, 545, 518, 497, 463, 456, 419, 403, 378, 362, 333, 314, 304, 282, 246, 231, 209, 194, 156, 147, 113, 103, 71, 58
877, 856, 822, 810, 780, 763, 729, 704, 672, 667, 647, 617, 589, 580, 558, 545, 518, 497, 463, 456, 419, 403, 378, 362, 333, 314, 304, 282, 247, 232, 207, 193, 155, 146, 114, 102, 70, 59
877, 856, 822, 810, 780, 763, 729, 704, 672, 667, 647, 617, 589, 580, 558, 545, 518, 497, 463, 456, 419, 403, 378, 362, 333, 314, 304, 282, 247, 232, 207, 193, 155, 146, 114, 102, 70, 60
877, 856, 822, 810, 780, 763, 729, 704, 672, 667, 647, 617, 589, 580, 558, 545, 518, 497, 463, 456, 419, 403, 378, 362, 333, 314, 304, 282, 247, 232, 207, 193, 155, 146, 114, 102, 70, 60, 61
877, 856, 822, 810, 780, 763, 729, 704, 672, 667, 648, 616, 590, 581, 559, 526, 516, 499, 466, 453, 424, 407, 375, 358, 336, 316, 283, 263, 251, 235, 204, 189, 173, 143, 117, 98, 67, 62
877, 856, 822, 810, 780, 763, 729, 704, 672, 667, 648, 616, 590, 581, 559, 526, 516, 499, 466, 453, 424, 407, 375, 358, 336, 316, 283, 263, 251, 235, 204, 188, 172, 141, 118, 96, 88, 63
877, 856, 822, 810, 780, 763, 729, 704, 672, 667, 648, 616, 590, 581, 559, 526, 516, 499, 466, 453, 424, 407, 375, 358, 336, 316, 283, 263, 251, 235, 204, 188, 172, 141, 118, 96, 88, 64
877, 856, 822, 810, 780, 763, 729, 704, 672, 667, 648, 616, 590, 581, 559, 526, 516, 499, 466, 453, 424, 407, 375, 358, 336, 316, 283, 263, 251, 235, 204, 188, 172, 141, 118, 96, 88, 64, 65
877, 895, 902, 934, 959, 979, 998, 1023, 1048, 1051, 1070, 1098, 1120, 1153, 1158, 1194, 1214, 1236, 1247, 1275, 1291, 1316, 1322, 1350, 1363, 1394, 1407, 1425, 1447, 1474, 1499, 1529, 1537, 2, 26, 42, 66
877, 856, 822, 810, 780, 763, 729, 704, 672, 667, 648, 616, 590, 581, 559, 526, 516, 499, 466, 453, 424, 407, 375, 358, 336, 316, 283, 263, 251, 235, 204, 189, 173, 143, 117, 98, 67
877, 856, 822, 810, 780, 763, 729, 704, 672, 667, 647, 617, 589, 580, 558, 545, 518, 497, 463, 456, 419, 403, 378, 362, 333, 314, 304, 282, 247, 232, 207, 193, 155, 146, 114, 102, 70, 69, 68
877, 856, 822, 810, 780, 763, 729, 704, 672, 667, 647, 617, 589, 580, 558, 545, 518, 497, 463, 456, 419, 403, 378, 362, 333, 314, 304, 282, 247, 232, 207, 193, 155, 146, 114, 102, 70, 69
877, 856, 822, 810, 780, 763, 729, 704, 672, 667, 647, 617, 589, 580, 558, 545, 518, 497, 463, 456, 419, 403, 378, 362, 333, 314, 304, 282, 247, 232, 207, 193, 155, 146, 114, 102, 70
877, 856, 822, 810, 780, 763, 729, 704, 672, 667, 647, 617, 589, 580, 558, 545, 518, 497, 463, 456, 419, 403, 378, 362, 333, 314, 304, 282, 246, 231, 209, 194, 156, 147, 113, 103, 71
877, 856, 822, 810, 780, 763, 729, 704, 672, 667, 647, 617, 589, 580, 558, 545, 518, 497, 463, 456, 419, 403, 378, 362, 333, 314, 304, 282, 246, 231, 209, 194, 156, 147, 113, 104, 72
877, 856, 822, 810, 780, 763, 729, 704, 672, 667, 647, 617, 589, 580, 558, 545, 518, 497, 463, 456, 419, 402, 379, 363, 331, 312, 302, 281, 245, 230, 210, 195, 158, 149, 112, 105, 73
877, 856, 822, 810, 780, 763, 729, 704, 672, 667, 647, 617, 589, 580, 558, 545, 518, 497, 463, 456, 419, 402, 379, 363, 331, 312, 302, 281, 245, 230, 210, 195, 158, 149, 112, 105, 74
877, 856, 822, 810, 780, 763, 729, 704, 672, 667, 647, 617, 589, 580, 558, 545, 518, 497, 463, 456, 419, 402, 379, 363, 331, 312, 301, 278, 244, 229, 211, 176, 160, 150, 132, 106, 75
877, 856, 822, 810, 780, 763, 729, 704, 672, 667, 647, 617, 589, 580, 558, 545, 518, 497, 463, 456, 419, 402, 379, 363, 331, 312, 301, 278, 244, 229, 211, 176, 160, 150, 132, 107, 76
877, 857, 824, 812, 776, 759, 734, 709, 677, 663, 644, 623, 622, 606, 576, 555, 540, 520, 494, 461, 438, 417, 399, 382, 365, 329, 310, 299, 276, 242, 228, 212, 177, 161, 152, 130, 108, 77
877, 895, 902, 934, 960, 978, 997, 1021, 1047, 1052, 1071, 1096, 1123, 1150, 1176, 1192, 1212, 1234, 1249, 1273, 1289, 1318, 1325, 1348, 1382, 1391, 1392, 1405, 1427, 1450, 1477, 1503, 1511, 1553, 6, 31, 50, 80, 79, 78
877, 895, 902, 934, 960, 978, 997, 1021, 1047, 1052, 1071, 1096, 1123, 1150, 1176, 1192, 1212, 1234, 1249, 1273, 1289, 1318, 1325, 1348, 1382, 1391, 1392, 1405, 1427, 1450, 1477, 1503, 1511, 1553, 6, 31, 50, 80, 79
877, 895, 902, 934, 960, 978, 997, 1021, 1047, 1052, 1071, 1096, 1123, 1150, 1176, 1192, 1212, 1234, 1249, 1273, 1289, 1318, 1325, 1348, 1382, 1391, 1392, 1405, 1427, 1450, 1477, 1503, 1511, 1553, 6, 31, 50, 80
877, 895, 902, 934, 960, 978, 997, 1021, 1047, 1052, 1071, 1096, 1123, 1150, 1176, 1192, 1212, 1234, 1249, 1273, 1289, 1318, 1325, 1348, 1382, 1391, 1392, 1404, 1426, 1449, 1475, 1500, 1531, 1534, 5, 29, 48, 81
877, 895, 902, 934, 960, 978, 997, 1021, 1047, 1052, 1071, 1096, 1123, 1150, 1176, 1192, 1212, 1234, 1249, 1273, 1289, 1318, 1325, 1348, 1382, 1391, 1392, 1404, 1426, 1449, 1475, 1500, 1531, 1534, 5, 29, 48, 81, 82
877, 895, 902, 934, 959, 979, 998, 1023, 1048, 1051, 1070, 1098, 1120, 1153, 1158, 1194, 1214, 1236, 1247, 1275, 1291, 1316, 1322, 1350, 1363, 1394, 1407, 1425, 1447, 1474, 1499, 1529, 1536, 3, 27, 45, 83
877, 857, 824, 812, 775, 774, 758, 757, 735, 710, 678, 661, 643, 625, 603, 574, 552, 538, 502, 491, 478, 442, 435, 395, 386, 370, 346, 326, 294, 270, 257, 219, 218, 198, 184, 167, 138, 122, 93, 84
877, 857, 824, 812, 775, 774, 758, 757, 735, 710, 678, 661, 643, 625, 603, 574, 552, 538, 502, 491, 478, 442, 435, 395, 386, 370, 346, 326, 294, 270, 257, 219, 218, 198, 184, 167, 138, 122, 93, 85
877, 857, 824, 812, 775, 774, 758, 757, 735, 710, 678, 661, 643, 625, 603, 574, 552, 538, 502, 491, 478, 442, 435, 395, 386, 370, 346, 326, 294, 270, 257, 219, 218, 198, 184, 167, 138, 122, 93, 85, 86
877, 856, 822, 810, 780, 763, 729, 704, 672, 667, 648, 616, 590, 581, 559, 526, 516, 499, 466, 453, 424, 407, 375, 358, 336, 316, 283, 263, 251, 235, 204, 188, 172, 141, 118, 96, 88, 87
877, 856, 822, 810, 780, 763, 729, 704, 672, 667, 648, 616, 590, 581, 559, 526, 516, 499, 466, 453, 424, 407, 375, 358, 336, 316, 283, 263, 251, 235, 204, 188, 172, 141, 118, 96, 88
877, 895, 902, 934, 960, 978, 997, 1021, 1047, 1052, 1071, 1096, 1123, 1150, 1176, 1192, 1212, 1234, 1249, 1273, 1289, 1318, 1325, 1348, 1382, 1391, 1392, 1404, 1426, 1449, 1475, 1500, 1531, 1534, 5, 29, 48, 81, 89
877, 895, 902, 934, 960, 978, 997, 1021, 1047, 1052, 1071, 1096, 1123, 1150, 1176, 1192, 1212, 1234, 1249, 1273, 1289, 1318, 1325, 1348, 1382, 1391, 1392, 1404, 1426, 1449, 1475, 1500, 1531, 1534, 5, 29, 48, 81, 82, 90
877, 895, 902, 934, 959, 979, 998, 1023, 1048, 1051, 1070, 1098, 1120, 1153, 1158, 1194, 1214, 1236, 1247, 1275, 1291, 1316, 1322, 1350, 1363, 1394, 1407, 1425, 1447, 1474, 1499, 1529, 1536, 3, 27, 45, 83, 91
877, 895, 902, 934, 959, 979, 998, 1023, 1048, 1051, 1070, 1098, 1120, 1153, 1158, 1194, 1214, 1236, 1247, 1275, 1291, 1316, 1322, 1350, 1363, 1394, 1407, 1425, 1447, 1474, 1499, 1529, 1536, 3, 27, 45, 83, 92
877, 857, 824, 812, 775, 774, 758, 757, 735, 710, 678, 661, 643, 625, 603, 574, 552, 538, 502, 491, 478, 442, 435, 395, 386, 370, 346, 326, 294, 270, 257, 219, 218, 198, 184, 167, 138, 122, 93
877, 857, 824, 812, 775, 774, 758, 757, 735, 710, 678, 661, 643, 625, 603, 574, 552, 538, 502, 491, 478, 442, 435, 395, 386, 370, 346, 326, 294, 270, 257, 219, 218, 198, 184, 167, 138, 122, 93, 94
877, 856, 822, 810, 780, 763, 729, 704, 672, 667, 648, 616, 590, 581, 559, 526, 516, 499, 466, 453, 424, 407, 375, 358, 336, 316, 283, 263, 251, 235, 204, 188, 172, 141, 140, 120, 95
877, 856, 822, 810, 780, 763, 729, 704, 672, 667, 648, 616, 590, 581, 559, 526, 516, 499, 466, 453, 424, 407, 375, 358, 336, 316, 283, 263, 251, 235, 204, 188, 172, 141, 118, 96
877, 856, 822, 810, 780, 763, 729, 704, 672, 667, 648, 616, 590, 581, 559, 526, 516, 499, 466, 453, 424, 407, 375, 358, 336, 316, 283, 263, 251, 235, 204, 188, 172, 141, 118, 97
877, 856, 822, 810, 780, 763, 729, 704, 672, 667, 648, 616, 590, 581, 559, 526, 516, 499, 466, 453, 424, 407, 375, 358, 336, 316, 283, 263, 251, 235, 204, 189, 173, 143, 117, 98
877, 856, 822, 810, 780, 763, 729, 704, 672, 667, 648, 616, 590, 581, 559, 526, 516, 499, 466, 453, 424, 407, 375, 358, 336, 316, 283, 263, 251, 235, 204, 189, 173, 143, 117, 99
