843, 861, 879, 910, 941, 953, 965, 1004, 1009, 1033, 1066, 1084, 1103, 1116, 1156, 1163, 1198, 1218, 1241, 1243, 1261, 1297, 1310, 1338, 1355, 1369, 1398, 1411, 1441, 1463, 1469, 1495, 1526, 1540, 0
843, 861, 879, 910, 941, 953, 965, 1004, 1009, 1033, 1066, 1084, 1103, 1116, 1156, 1163, 1198, 1218, 1241, 1243, 1261, 1297, 1310, 1338, 1355, 1369, 1398, 1411, 1442, 1464, 1470, 1496, 1528, 1539, 1
843, 861, 879, 910, 941, 953, 965, 1004, 1009, 1033, 1066, 1084, 1103, 1116, 1156, 1163, 1198, 1218, 1241, 1243, 1261, 1297, 1310, 1338, 1355, 1369, 1398, 1411, 1442, 1464, 1470, 1496, 1528, 1538, 2
843, 861, 879, 909, 940, 954, 985, 1002, 1027, 1032, 1067, 1086, 1101, 1118, 1155, 1161, 1196, 1216, 1239, 1244, 1279, 1294, 1313, 1341, 1352, 1366, 1396, 1409, 1444, 1446, 1472, 1499, 1529, 1536, 3
843, 861, 879, 909, 940, 954, 985, 1002, 1027, 1032, 1067, 1086, 1101, 1118, 1155, 1161, 1196, 1216, 1239, 1244, 1279, 1294, 1313, 1341, 1352, 1366, 1396, 1409, 1444, 1446, 1472, 1499, 1530, 1531, 1534, 4
843, 861, 879, 909, 940, 954, 985, 1002, 1027, 1032, 1067, 1086, 1101, 1118, 1155, 1161, 1196, 1216, 1239, 1244, 1279, 1294, 1313, 1341, 1352, 1366, 1396, 1409, 1444, 1446, 1472, 1499, 1530, 1531, 1534, 5
843, 842, 860, 901, 907, 939, 956, 983, 1001, 1026, 1031, 1068, 1087, 1100, 1119, 1154, 1160, 1159, 1194, 1214, 1236, 1247, 1275, 1291, 1317, 1323, 1349, 1362, 1392, 1405, 1427, 1450, 1477, 1503, 1511, 1553, 6
843, 842, 860, 901, 907, 939, 956, 983, 1001, 1026, 1031, 1068, 1087, 1100, 1119, 1154, 1160, 1159, 1194, 1214, 1236, 1247, 1275, 1291, 1317, 1323, 1349, 1362, 1392, 1405, 1427, 1450, 1477, 1504, 1513, 1552, 7
843, 842, 860, 901, 907, 939, 956, 983, 1001, 1026, 1031, 1068, 1087, 1100, 1119, 1154, 1160, 1159, 1194, 1214, 1236, 1247, 1275, 1291, 1317, 1323, 1349, 1362, 1392, 1405, 1427, 1450, 1477, 1505, 1514, 1551, 8
843, 842, 860, 901, 907, 939, 956, 983, 1001, 1026, 1031, 1068, 1087, 1100, 1119, 1154, 1160, 1159, 1194, 1214, 1236, 1247, 1275, 1291, 1317, 1323, 1349, 1362, 1392, 1405, 1427, 1450, 1477, 1505, 1514, 1551, 9
843, 842, 860, 901, 907, 939, 956, 983, 1001, 1026, 1031, 1068, 1087, 1100, 1119, 1154, 1160, 1159, 1194, 1214, 1236, 1247, 1275, 1291, 1317, 1323, 1349, 1362, 1392, 1405, 1427, 1450, 1477, 1505, 1514, 1551, 9, 10
843, 828, 794, 772, 755, 737, 711, 679, 660, 643, 624, 604, 605, 576, 555, 540, 520, 494, 461, 438, 417, 399, 381, 364, 330, 311, 301, 280, 245, 230, 210, 195, 158, 149, 112, 105, 74, 55, 35, 11
843, 828, 794, 772, 755, 737, 711, 679, 660, 643, 624, 604, 605, 576, 555, 540, 520, 494, 461, 438, 417, 399, 381, 364, 330, 311, 301, 280, 245, 230, 210, 195, 158, 149, 112, 105, 73, 56, 36, 12
843, 861, 879, 910, 941, 953, 965, 1005, 1006, 1034, 1064, 1082, 1105, 1134, 1136, 1137, 1165, 1179, 1221, 1224, 1225, 1257, 1265, 1281, 1304, 1333, 1360, 1374, 1384, 1417, 1437, 1436, 1458, 1457, 1482, 1488, 1518, 1546, 13
843, 861, 879, 910, 941, 953, 965, 1005, 1006, 1034, 1064, 1082, 1105, 1134, 1136, 1137, 1165, 1179, 1221, 1224, 1258, 1263, 1280, 1307, 1335, 1358, 1372, 1403, 1414, 1438, 1460, 1459, 1485, 1489, 1520, 1545, 15, 14
843, 861, 879, 910, 941, 953, 965, 1005, 1006, 1034, 1064, 1082, 1105, 1134, 1136, 1137, 1165, 1179, 1221, 1224, 1258, 1263, 1280, 1307, 1335, 1358, 1372, 1403, 1414, 1438, 1460, 1459, 1485, 1489, 1520, 1545, 15
843, 861, 879, 910, 941, 953, 965, 1005, 1006, 1034, 1064, 1082, 1105, 1134, 1136, 1137, 1165, 1179, 1221, 1224, 1258, 1263, 1280, 1307, 1335, 1358, 1372, 1403, 1414, 1438, 1460, 1459, 1485, 1489, 1521, 1544, 16
843, 861, 879, 910, 941, 953, 965, 1005, 1006, 1034, 1064, 1082, 1105, 1134, 1136, 1164, 1200, 1219, 1222, 1259, 1262, 1298, 1309, 1336, 1357, 1370, 1401, 1413, 1440, 1462, 1466, 1493, 1523, 1543, 17
843, 861, 879, 910, 941, 953, 965, 1005, 1006, 1034, 1064, 1082, 1105, 1134, 1136, 1164, 1200, 1219, 1222, 1259, 1262, 1298, 1309, 1336, 1357, 1370, 1401, 1413, 1440, 1462, 1466, 1493, 1524, 1542, 18
843, 861, 879, 910, 941, 953, 965, 1005, 1006, 1034, 1064, 1082, 1105, 1134, 1136, 1164, 1200, 1219, 1222, 1259, 1262, 1298, 1309, 1336, 1357, 1370, 1401, 1413, 1440, 1462, 1468, 1494, 1525, 1541, 19
843, 861, 879, 910, 941, 953, 965, 1005, 1006, 1034, 1064, 1082, 1105, 1134, 1136, 1164, 1200, 1219, 1222, 1259, 1262, 1298, 1309, 1336, 1357, 1370, 1401, 1413, 1440, 1462, 1468, 1494, 1525, 1541, 20
843, 861, 879, 910, 941, 953, 965, 1005, 1006, 1034, 1064, 1082, 1105, 1134, 1136, 1164, 1200, 1219, 1222, 1259, 1262, 1298, 1309, 1336, 1357, 1370, 1401, 1413, 1440, 1462, 1468, 1494, 1525, 1541, 19, 21
843, 861, 879, 910, 941, 953, 965, 1005, 1006, 1034, 1064, 1082, 1105, 1134, 1136, 1164, 1200, 1219, 1222, 1259, 1262, 1298, 1309, 1336, 1357, 1370, 1401, 1413, 1440, 1462, 1468, 1494, 1525, 1541, 20, 22
843, 861, 879, 910, 941, 953, 965, 1004, 1009, 1033, 1066, 1084, 1103, 1116, 1156, 1163, 1198, 1218, 1241, 1243, 1261, 1297, 1310, 1338, 1355, 1369, 1398, 1411, 1441, 1463, 1469, 1495, 1526, 1540, 0, 23
843, 861, 879, 910, 941, 953, 965, 1004, 1009, 1033, 1066, 1084, 1103, 1116, 1156, 1163, 1198, 1218, 1241, 1243, 1261, 1297, 1310, 1338, 1355, 1369, 1398, 1411, 1441, 1463, 1469, 1495, 1526, 1540, 0, 24
843, 861, 879, 910, 941, 953, 965, 1004, 1009, 1033, 1066, 1084, 1103, 1116, 1156, 1163, 1198, 1218, 1241, 1243, 1261, 1297, 1310, 1338, 1355, 1369, 1398, 1411, 1442, 1464, 1470, 1496, 1528, 1539, 1, 25
843, 861, 879, 910, 941, 953, 965, 1004, 1009, 1033, 1066, 1084, 1103, 1116, 1156, 1163, 1198, 1218, 1241, 1243, 1261, 1297, 1310, 1338, 1355, 1369, 1398, 1411, 1442, 1464, 1470, 1496, 1528, 1538, 2, 26
843, 861, 879, 909, 940, 954, 985, 1002, 1027, 1032, 1067, 1086, 1101, 1118, 1155, 1161, 1196, 1216, 1239, 1244, 1279, 1294, 1313, 1341, 1352, 1366, 1396, 1409, 1444, 1446, 1472, 1499, 1529, 1536, 3, 27
843, 861, 879, 909, 940, 954, 985, 1002, 1027, 1032, 1067, 1086, 1101, 1118, 1155, 1161, 1196, 1216, 1239, 1244, 1279, 1294, 1313, 1341, 1352, 1366, 1396, 1409, 1444, 1446, 1472, 1499, 1530, 1531, 1534, 5, 28
843, 861, 879, 909, 940, 954, 985, 1002, 1027, 1032, 1067, 1086, 1101, 1118, 1155, 1161, 1196, 1216, 1239, 1244, 1279, 1294, 1313, 1341, 1352, 1366, 1396, 1409, 1444, 1446, 1472, 1499, 1530, 1531, 1534, 5, 29
843, 842, 860, 901, 907, 939, 956, 983, 1001, 1026, 1031, 1068, 1087, 1100, 1119, 1154, 1160, 1159, 1194, 1214, 1236, 1247, 1275, 1291, 1317, 1323, 1349, 1362, 1392, 1405, 1427, 1450, 1477, 1503, 1511, 1553, 6, 30
843, 842, 860, 901, 907, 939, 956, 983, 1001, 1026, 1031, 1068, 1087, 1100, 1119, 1154, 1160, 1159, 1194, 1214, 1236, 1247, 1275, 1291, 1317, 1323, 1349, 1362, 1392, 1405, 1427, 1450, 1477, 1503, 1511, 1553, 6, 31
843, 842, 860, 901, 907, 939, 956, 983, 1001, 1026, 1031, 1068, 1087, 1100, 1119, 1154, 1160, 1159, 1194, 1214, 1236, 1247, 1275, 1291, 1317, 1323, 1349, 1362, 1392, 1405, 1427, 1450, 1477, 1504, 1513, 1552, 7, 32
843, 842, 860, 901, 907, 939, 956, 983, 1001, 1026, 1031, 1068, 1087, 1100, 1119, 1154, 1160, 1159, 1194, 1214, 1236, 1247, 1275, 1291, 1317, 1323, 1349, 1362, 1392, 1405, 1427, 1450, 1477, 1505, 1514, 1551, 9, 33
843, 828, 794, 772, 755, 737, 711, 679, 660, 643, 624, 604, 605, 576, 555, 540, 520, 494, 461, 438, 417, 399, 381, 364, 330, 311, 301, 278, 244, 229, 211, 176, 160, 150, 132, 106, 75, 54, 34
843, 828, 794, 772, 755, 737, 711, 679, 660, 643, 624, 604, 605, 576, 555, 540, 520, 494, 461, 438, 417, 399, 381, 364, 330, 311, 301, 280, 245, 230, 210, 195, 158, 149, 112, 105, 74, 55, 35
843, 828, 794, 772, 755, 737, 711, 679, 660, 643, 624, 604, 605, 576, 555, 540, 520, 494, 461, 438, 417, 399, 381, 364, 330, 311, 301, 280, 245, 230, 210, 195, 158, 149, 112, 105, 73, 56, 36
843, 828, 794, 772, 755, 737, 711, 679, 660, 643, 624, 604, 605, 576, 555, 540, 520, 494, 461, 438, 417, 399, 381, 364, 330, 311, 301, 280, 245, 230, 210, 209, 194, 156, 147, 113, 103, 71, 58, 37
843, 861, 879, 910, 941, 953, 965, 1005, 1006, 1034, 1064, 1082, 1105, 1134, 1136, 1137, 1165, 1179, 1221, 1224, 1258, 1263, 1280, 1307, 1335, 1358, 1372, 1403, 1414, 1438, 1460, 1459, 1485, 1489, 1521, 1544, 16, 38
843, 861, 879, 910, 941, 953, 965, 1005, 1006, 1034, 1064, 1082, 1105, 1134, 1136, 1137, 1165, 1179, 1221, 1224, 1258, 1263, 1280, 1307, 1335, 1358, 1372, 1403, 1414, 1438, 1460, 1459, 1485, 1489, 1521, 1544, 16, 39
843, 861, 879, 910, 941, 953, 965, 1005, 1006, 1034, 1064, 1082, 1105, 1134, 1136, 1137, 1165, 1179, 1221, 1224, 1258, 1263, 1280, 1307, 1335, 1358, 1372, 1403, 1414, 1438, 1460, 1459, 1485, 1489, 1521, 1544, 16, 40
843, 861, 879, 910, 941, 953, 965, 1005, 1006, 1034, 1064, 1082, 1105, 1134, 1136, 1164, 1200, 1219, 1222, 1259, 1262, 1298, 1309, 1336, 1357, 1370, 1401, 1413, 1440, 1462, 1466, 1493, 1523, 1543, 17, 41
843, 828, 794, 770, 752, 739, 714, 682, 657, 640, 628, 600, 570, 549, 535, 507, 488, 474, 445, 430, 413, 390, 354, 343, 322, 290, 268, 255, 217, 200, 185, 168, 139, 122, 93, 84, 42
843, 828, 794, 770, 752, 739, 714, 682, 657, 640, 628, 600, 570, 549, 535, 507, 488, 474, 445, 430, 413, 390, 354, 343, 322, 290, 268, 255, 217, 200, 185, 168, 139, 122, 93, 84, 43
843, 828, 794, 770, 752, 739, 714, 682, 657, 640, 628, 600, 570, 549, 535, 507, 488, 474, 445, 430, 413, 390, 354, 343, 322, 290, 268, 255, 217, 200, 185, 168, 139, 122, 93, 84, 44
843, 828, 794, 770, 752, 739, 714, 682, 657, 640, 628, 600, 570, 549, 535, 507, 488, 474, 445, 430, 413, 390, 354, 343, 322, 290, 268, 255, 217, 200, 185, 168, 139, 122, 92, 83, 45
843, 861, 879, 909, 940, 954, 985, 1002, 1027, 1032, 1067, 1086, 1101, 1118, 1155, 1161, 1196, 1216, 1239, 1244, 1279, 1294, 1313, 1341, 1352, 1366, 1396, 1409, 1444, 1446, 1472, 1499, 1529, 1536, 3, 27, 46
843, 828, 794, 772, 755, 737, 711, 679, 660, 643, 625, 603, 574, 552, 538, 502, 491, 478, 442, 435, 395, 386, 370, 346, 326, 294, 272, 259, 221, 216, 182, 165, 136, 126, 89, 81, 82, 47
843, 861, 879, 909, 940, 954, 985, 1002, 1027, 1032, 1067, 1086, 1101, 1118, 1155, 1161, 1196, 1216, 1239, 1244, 1279, 1294, 1313, 1341, 1352, 1366, 1396, 1409, 1444, 1446, 1472, 1499, 1530, 1531, 1534, 5, 29, 48
843, 861, 879, 909, 940, 954, 985, 1002, 1027, 1032, 1067, 1086, 1101, 1118, 1155, 1161, 1196, 1216, 1239, 1244, 1279, 1294, 1313, 1341, 1352, 1366, 1396, 1409, 1444, 1446, 1472, 1499, 1530, 1531, 1534, 5, 29, 49
843, 828, 794, 772, 755, 737, 711, 679, 660, 643, 625, 603, 574, 552, 538, 502, 491, 478, 441, 436, 396, 385, 368, 348, 307, 296, 274, 241, 224, 215, 180, 163, 133, 128, 110, 80, 50
843, 828, 794, 772, 755, 737, 711, 679, 660, 643, 625, 603, 574, 552, 538, 502, 491, 478, 441, 436, 396, 385, 368, 348, 307, 296, 274, 241, 224, 215, 180, 163, 133, 128, 110, 78, 51
843, 842, 860, 901, 907, 939, 956, 983, 1001, 1026, 1031, 1068, 1087, 1100, 1119, 1154, 1160, 1159, 1194, 1214, 1236, 1247, 1275, 1291, 1317, 1323, 1349, 1362, 1392, 1405, 1427, 1450, 1477, 1504, 1513, 1552, 7, 32, 52
843, 842, 860, 901, 907, 939, 956, 983, 1001, 1026, 1031, 1068, 1087, 1100, 1119, 1154, 1160, 1159, 1194, 1214, 1236, 1247, 1275, 1291, 1317, 1323, 1349, 1362, 1392, 1405, 1427, 1450, 1477, 1505, 1514, 1551, 9, 33, 53
843, 828, 794, 772, 755, 737, 711, 679, 660, 643, 624, 604, 605, 576, 555, 540, 520, 494, 461, 438, 417, 399, 381, 364, 330, 311, 301, 278, 244, 229, 211, 176, 160, 150, 132, 106, 75, 54
843, 828, 794, 772, 755, 737, 711, 679, 660, 643, 624, 604, 605, 576, 555, 540, 520, 494, 461, 438, 417, 399, 381, 364, 330, 311, 301, 280, 245, 230, 210, 195, 158, 149, 112, 105, 74, 55
843, 828, 794, 772, 755, 737, 711, 679, 660, 643, 624, 604, 605, 576, 555, 540, 520, 494, 461, 438, 417, 399, 381, 364, 330, 311, 301, 280, 245, 230, 210, 195, 158, 149, 112, 105, 73, 56
843, 828, 794, 772, 755, 737, 711, 679, 660, 643, 624, 604, 605, 576, 555, 540, 520, 494, 461, 438, 417, 399, 381, 364, 330, 311, 301, 280, 245, 230, 210, 195, 158, 149, 112, 105, 73, 56, 57
843, 828, 794, 772, 755, 737, 711, 679, 660, 643, 624, 604, 605, 576, 555, 540, 520, 494, 461, 438, 417, 399, 381, 364, 330, 311, 301, 280, 245, 230, 210, 209, 194, 156, 147, 113, 103, 71, 58
843, 861, 879, 910, 941, 953, 965, 1005, 1006, 1034, 1064, 1082, 1105, 1134, 1136, 1137, 1165, 1179, 1221, 1224, 1258, 1263, 1280, 1307, 1335, 1358, 1372, 1403, 1414, 1438, 1460, 1459, 1485, 1489, 1521, 1544, 16, 38, 59
843, 861, 879, 910, 941, 953, 965, 1005, 1006, 1034, 1064, 1082, 1105, 1134, 1136, 1137, 1165, 1179, 1221, 1224, 1258, 1263, 1280, 1307, 1335, 1358, 1372, 1403, 1414, 1438, 1460, 1459, 1485, 1489, 1521, 1544, 16, 39, 60
843, 861, 879, 910, 941, 953, 965, 1005, 1006, 1034, 1064, 1082, 1105, 1134, 1136, 1137, 1165, 1179, 1221, 1224, 1258, 1263, 1280, 1307, 1335, 1358, 1372, 1403, 1414, 1438, 1460, 1459, 1485, 1489, 1521, 1544, 16, 40, 61
843, 861, 879, 910, 941, 953, 965, 1005, 1006, 1034, 1064, 1082, 1105, 1134, 1136, 1164, 1200, 1219, 1222, 1259, 1262, 1298, 1309, 1336, 1357, 1370, 1401, 1413, 1440, 1462, 1466, 1493, 1523, 1543, 17, 41, 62
843, 861, 879, 910, 941, 953, 965, 1005, 1006, 1034, 1064, 1082, 1105, 1134, 1136, 1164, 1200, 1219, 1222, 1259, 1262, 1298, 1309, 1336, 1357, 1370, 1401, 1413, 1440, 1462, 1468, 1494, 1525, 1541, 19, 21, 63
843, 861, 879, 910, 941, 953, 965, 1005, 1006, 1034, 1064, 1082, 1105, 1134, 1136, 1164, 1200, 1219, 1222, 1259, 1262, 1298, 1309, 1336, 1357, 1370, 1401, 1413, 1440, 1462, 1468, 1494, 1525, 1541, 20, 22, 64
843, 861, 879, 910, 941, 953, 965, 1005, 1006, 1034, 1064, 1082, 1105, 1134, 1136, 1164, 1200, 1219, 1222, 1259, 1262, 1298, 1309, 1336, 1357, 1370, 1401, 1413, 1440, 1462, 1468, 1494, 1525, 1541, 20, 22, 65
843, 828, 794, 770, 752, 739, 714, 682, 657, 640, 628, 600, 570, 549, 535, 507, 488, 474, 445, 430, 413, 390, 354, 343, 322, 290, 268, 255, 217, 200, 185, 168, 139, 122, 93, 85, 86, 66
843, 861, 879, 910, 941, 953, 965, 1005, 1006, 1034, 1064, 1082, 1105, 1134, 1136, 1164, 1200, 1219, 1222, 1259, 1262, 1298, 1309, 1336, 1357, 1370, 1401, 1413, 1440, 1462, 1466, 1493, 1523, 1543, 17, 41, 62, 67
843, 861, 879, 910, 941, 953, 965, 1005, 1006, 1034, 1064, 1082, 1105, 1134, 1136, 1137, 1165, 1179, 1221, 1224, 1258, 1263, 1280, 1307, 1335, 1358, 1372, 1403, 1414, 1438, 1460, 1459, 1485, 1489, 1521, 1544, 16, 40, 61, 68
843, 861, 879, 910, 941, 953, 965, 1005, 1006, 1034, 1064, 1082, 1105, 1134, 1136, 1137, 1165, 1179, 1221, 1224, 1258, 1263, 1280, 1307, 1335, 1358, 1372, 1403, 1414, 1438, 1460, 1459, 1485, 1489, 1521, 1544, 16, 39, 60, 69
843, 861, 879, 910, 941, 953, 965, 1005, 1006, 1034, 1064, 1082, 1105, 1134, 1136, 1137, 1165, 1179, 1221, 1224, 1258, 1263, 1280, 1307, 1335, 1358, 1372, 1403, 1414, 1438, 1460, 1459, 1485, 1489, 1521, 1544, 16, 39, 60, 70
843, 828, 794, 772, 755, 737, 711, 679, 660, 643, 624, 604, 605, 576, 555, 540, 520, 494, 461, 438, 417, 399, 381, 364, 330, 311, 301, 280, 245, 230, 210, 209, 194, 156, 147, 113, 103, 71
843, 828, 794, 772, 755, 737, 711, 679, 660, 643, 624, 604, 605, 576, 555, 540, 520, 494, 461, 438, 417, 399, 381, 364, 330, 311, 301, 280, 245, 230, 210, 209, 194, 156, 147, 113, 104, 72
843, 828, 794, 772, 755, 737, 711, 679, 660, 643, 624, 604, 605, 576, 555, 540, 520, 494, 461, 438, 417, 399, 381, 364, 330, 311, 301, 280, 245, 230, 210, 195, 158, 149, 112, 105, 73
843, 828, 794, 772, 755, 737, 711, 679, 660, 643, 624, 604, 605, 576, 555, 540, 520, 494, 461, 438, 417, 399, 381, 364, 330, 311, 301, 280, 245, 230, 210, 195, 158, 149, 112, 105, 74
843, 828, 794, 772, 755, 737, 711, 679, 660, 643, 624, 604, 605, 576, 555, 540, 520, 494, 461, 438, 417, 399, 381, 364, 330, 311, 301, 278, 244, 229, 211, 176, 160, 150, 132, 106, 75
843, 828, 794, 772, 755, 737, 711, 679, 660, 643, 624, 604, 605, 576, 555, 540, 520, 494, 461, 438, 417, 399, 381, 364, 330, 311, 301, 278, 244, 229, 211, 176, 160, 150, 132, 107, 76
843, 828, 794, 772, 755, 737, 711, 679, 660, 643, 625, 603, 574, 552, 538, 502, 491, 478, 441, 436, 396, 385, 368, 348, 307, 296, 274, 241, 224, 214, 178, 162, 152, 130, 108, 77
843, 828, 794, 772, 755, 737, 711, 679, 660, 643, 625, 603, 574, 552, 538, 502, 491, 478, 441, 436, 396, 385, 368, 348, 307, 296, 274, 241, 224, 215, 180, 163, 133, 128, 110, 78
843, 828, 794, 772, 755, 737, 711, 679, 660, 643, 625, 603, 574, 552, 538, 502, 491, 478, 441, 436, 396, 385, 368, 348, 307, 296, 274, 241, 224, 215, 180, 163, 133, 128, 110, 79
843, 828, 794, 772, 755, 737, 711, 679, 660, 643, 625, 603, 574, 552, 538, 502, 491, 478, 441, 436, 396, 385, 368, 348, 307, 296, 274, 241, 224, 215, 180, 163, 133, 128, 110, 80
843, 828, 794, 772, 755, 737, 711, 679, 660, 643, 625, 603, 574, 552, 538, 502, 491, 478, 442, 435, 395, 386, 370, 346, 326, 294, 272, 259, 221, 216, 182, 165, 136, 126, 89, 81
843, 828, 794, 772, 755, 737, 711, 679, 660, 643, 625, 603, 574, 552, 538, 502, 491, 478, 442, 435, 395, 386, 370, 346, 326, 294, 272, 259, 221, 216, 182, 165, 136, 126, 89, 81, 82
843, 828, 794, 770, 752, 739, 714, 682, 657, 640, 628, 600, 570, 549, 535, 507, 488, 474, 445, 430, 413, 390, 354, 343, 322, 290, 268, 255, 217, 200, 185, 168, 139, 122, 92, 83
843, 828, 794, 770, 752, 739, 714, 682, 657, 640, 628, 600, 570, 549, 535, 507, 488, 474, 445, 430, 413, 390, 354, 343, 322, 290, 268, 255, 217, 200, 185, 168, 139, 122, 93, 84
843, 828, 794, 770, 752, 739, 714, 682, 657, 640, 628, 600, 570, 549, 535, 507, 488, 474, 445, 430, 413, 390, 354, 343, 322, 290, 268, 255, 217, 200, 185, 168, 139, 122, 93, 85
843, 828, 794, 770, 752, 739, 714, 682, 657, 640, 628, 600, 570, 549, 535, 507, 488, 474, 445, 430, 413, 390, 354, 343, 322, 290, 268, 255, 217, 200, 185, 168, 139, 122, 93, 85, 86
843, 861, 879, 910, 941, 953, 965, 1005, 1006, 1034, 1064, 1082, 1105, 1134, 1136, 1164, 1200, 1219, 1222, 1259, 1262, 1298, 1309, 1336, 1357, 1370, 1401, 1413, 1440, 1462, 1468, 1494, 1525, 1541, 20, 22, 64, 87
843, 861, 879, 910, 941, 953, 965, 1005, 1006, 1034, 1064, 1082, 1105, 1134, 1136, 1164, 1200, 1219, 1222, 1259, 1262, 1298, 1309, 1336, 1357, 1370, 1401, 1413, 1440, 1462, 1468, 1494, 1525, 1541, 20, 22, 64, 88
843, 828, 794, 772, 755, 737, 711, 679, 660, 643, 625, 603, 574, 552, 538, 502, 491, 478, 442, 435, 395, 386, 370, 346, 326, 294, 272, 259, 221, 216, 182, 165, 136, 126, 89
843, 828, 794, 772, 755, 737, 711, 679, 660, 643, 625, 603, 574, 552, 538, 502, 491, 478, 442, 435, 395, 386, 370, 346, 326, 294, 271, 258, 220, 196, 183, 166, 137, 124, 90
843, 828, 794, 770, 752, 739, 714, 682, 657, 640, 628, 600, 570, 549, 535, 507, 488, 474, 445, 430, 413, 390, 354, 343, 322, 290, 268, 255, 217, 200, 185, 168, 139, 122, 91
843, 828, 794, 770, 752, 739, 714, 682, 657, 640, 628, 600, 570, 549, 535, 507, 488, 474, 445, 430, 413, 390, 354, 343, 322, 290, 268, 255, 217, 200, 185, 168, 139, 122, 92
843, 828, 794, 770, 752, 739, 714, 682, 657, 640, 628, 600, 570, 549, 535, 507, 488, 474, 445, 430, 413, 390, 354, 343, 322, 290, 268, 255, 217, 200, 185, 168, 139, 122, 93
843, 828, 794, 770, 752, 739, 714, 682, 657, 640, 628, 600, 570, 549, 535, 507, 488, 474, 445, 430, 413, 390, 354, 343, 322, 290, 268, 255, 217, 200, 185, 168, 139, 122, 93, 94
843, 828, 794, 770, 752, 739, 714, 682, 657, 640, 628, 600, 570, 549, 535, 507, 488, 474, 445, 430, 413, 390, 354, 343, 322, 290, 268, 255, 217, 200, 185, 169, 170, 140, 120, 95
843, 861, 879, 910, 941, 953, 965, 1005, 1006, 1034, 1064, 1082, 1105, 1134, 1136, 1164, 1200, 1219, 1222, 1259, 1262, 1298, 1309, 1336, 1357, 1370, 1401, 1413, 1440, 1462, 1468, 1494, 1525, 1541, 20, 22, 64, 88, 96
843, 861, 879, 910, 941, 953, 965, 1005, 1006, 1034, 1064, 1082, 1105, 1134, 1136, 1164, 1200, 1219, 1222, 1259, 1262, 1298, 1309, 1336, 1357, 1370, 1401, 1413, 1440, 1462, 1468, 1494, 1525, 1541, 20, 22, 64, 88, 97
843, 861, 879, 910, 941, 953, 965, 1005, 1006, 1034, 1064, 1082, 1105, 1134, 1136, 1164, 1200, 1219, 1222, 1259, 1262, 1298, 1309, 1336, 1357, 1370, 1401, 1413, 1440, 1462, 1466, 1493, 1523, 1543, 17, 41, 62, 67, 98
843, 861, 879, 910, 941, 953, 965, 1005, 1006, 1034, 1064, 1082, 1105, 1134, 1136, 1164, 1200, 1219, 1222, 1259, 1262, 1298, 1309, 1336, 1357, 1370, 1401, 1413, 1440, 1462, 1466, 1493, 1523, 1543, 17, 41, 62, 67, 99
