262, 263, 251, 235, 204, 184, 163, 141, 119, 96, 86, 49, 23, 0
262, 263, 251, 235, 204, 184, 163, 141, 119, 96, 86, 49, 25, 1
262, 263, 251, 235, 204, 184, 163, 141, 119, 96, 86, 85, 50, 26, 2
262, 263, 251, 235, 204, 184, 163, 141, 119, 96, 86, 85, 50, 26, 27, 3
262, 263, 251, 235, 204, 184, 163, 141, 119, 96, 86, 85, 50, 26, 27, 3, 4
262, 263, 251, 235, 204, 184, 163, 141, 119, 96, 86, 85, 50, 26, 27, 3, 4, 5
262, 250, 233, 232, 231, 230, 229, 228, 227, 212, 195, 173, 152, 130, 108, 77, 60, 59, 31, 6
262, 250, 233, 232, 231, 230, 229, 228, 227, 212, 195, 173, 152, 130, 108, 77, 60, 32, 7
262, 250, 233, 206, 207, 208, 209, 178, 169, 148, 111, 105, 106, 76, 61, 33, 8
262, 250, 233, 206, 207, 208, 209, 178, 169, 148, 111, 105, 106, 76, 61, 33, 9
262, 250, 233, 206, 207, 208, 209, 178, 169, 148, 111, 105, 74, 75, 62, 34, 10
262, 250, 233, 206, 207, 208, 209, 178, 169, 148, 111, 105, 74, 63, 35, 11
262, 250, 233, 206, 180, 179, 167, 168, 147, 113, 104, 72, 65, 36, 12
262, 250, 234, 205, 181, 166, 144, 115, 103, 70, 71, 66, 37, 13
262, 250, 234, 205, 181, 166, 144, 115, 103, 70, 71, 66, 37, 14
262, 250, 234, 205, 181, 166, 144, 115, 103, 70, 42, 38, 15
262, 250, 234, 205, 181, 166, 144, 116, 101, 68, 45, 40, 16
262, 263, 251, 235, 204, 183, 164, 143, 117, 99, 67, 46, 41, 17
262, 263, 251, 235, 204, 183, 164, 143, 117, 99, 67, 46, 41, 17, 18
262, 263, 251, 235, 204, 183, 164, 143, 117, 99, 67, 46, 47, 21, 19
262, 263, 251, 235, 204, 184, 163, 141, 118, 97, 88, 48, 22, 20
262, 263, 251, 235, 204, 183, 164, 143, 117, 99, 67, 46, 47, 21
262, 263, 251, 235, 204, 184, 163, 141, 118, 97, 88, 48, 22
262, 263, 251, 235, 204, 184, 163, 141, 119, 96, 86, 49, 23
262, 263, 251, 235, 204, 184, 163, 141, 119, 96, 86, 49, 24
262, 263, 251, 235, 204, 184, 163, 141, 119, 96, 86, 49, 25
262, 263, 251, 235, 204, 184, 163, 141, 119, 96, 86, 85, 50, 26
262, 263, 251, 235, 204, 184, 163, 141, 119, 96, 86, 85, 50, 26, 27
262, 263, 251, 235, 204, 184, 163, 141, 119, 96, 86, 85, 50, 26, 27, 28
262, 263, 251, 235, 204, 184, 163, 141, 119, 96, 86, 85, 50, 26, 27, 28, 29
262, 250, 233, 232, 231, 230, 229, 228, 227, 212, 195, 173, 152, 130, 108, 77, 60, 59, 31, 30
262, 250, 233, 232, 231, 230, 229, 228, 227, 212, 195, 173, 152, 130, 108, 77, 60, 59, 31
262, 250, 233, 232, 231, 230, 229, 228, 227, 212, 195, 173, 152, 130, 108, 77, 60, 32
262, 250, 233, 206, 207, 208, 209, 178, 169, 148, 111, 105, 106, 76, 61, 33
262, 250, 233, 206, 207, 208, 209, 178, 169, 148, 111, 105, 74, 75, 62, 34
262, 250, 233, 206, 207, 208, 209, 178, 169, 148, 111, 105, 74, 63, 35
262, 250, 233, 206, 180, 179, 167, 168, 147, 113, 104, 72, 65, 36
262, 250, 234, 205, 181, 166, 144, 115, 103, 70, 71, 66, 37
262, 250, 234, 205, 181, 166, 144, 115, 103, 70, 42, 38
262, 250, 234, 205, 181, 166, 144, 116, 101, 68, 45, 44, 39
