438, 439, 440, 436, 435, 396, 386, 359, 346, 322, 294, 270, 257, 219, 197, 198, 188, 158, 138, 122, 94, 85, 86, 49, 23, 0
438, 439, 440, 436, 435, 396, 386, 359, 346, 322, 294, 270, 257, 219, 197, 198, 188, 158, 138, 122, 94, 85, 86, 49, 25, 1
438, 417, 400, 382, 383, 356, 349, 318, 297, 275, 241, 223, 215, 192, 175, 133, 134, 127, 89, 81, 82, 54, 53, 52, 26, 2
438, 417, 400, 382, 383, 356, 349, 318, 297, 275, 241, 223, 215, 192, 175, 133, 134, 127, 89, 81, 82, 54, 27, 3
438, 417, 400, 382, 383, 356, 349, 318, 297, 275, 241, 223, 215, 192, 175, 133, 128, 110, 80, 58, 30, 29, 28, 4
438, 417, 400, 382, 383, 356, 349, 318, 297, 275, 241, 223, 215, 192, 175, 133, 128, 110, 80, 58, 30, 29, 5
438, 417, 400, 382, 383, 356, 349, 318, 297, 275, 241, 223, 215, 192, 175, 133, 128, 110, 80, 58, 31, 6
438, 417, 400, 382, 355, 328, 316, 299, 276, 242, 226, 212, 195, 173, 152, 130, 108, 77, 60, 32, 7
438, 417, 400, 382, 355, 328, 316, 299, 276, 242, 226, 212, 195, 173, 152, 130, 108, 77, 60, 32, 7, 8
438, 417, 400, 382, 355, 328, 316, 299, 276, 242, 226, 212, 195, 173, 152, 130, 108, 77, 60, 32, 7, 8, 9
438, 417, 400, 382, 355, 328, 316, 299, 276, 242, 226, 212, 195, 173, 152, 130, 131, 107, 76, 62, 34, 10
438, 417, 400, 382, 354, 330, 315, 301, 280, 245, 229, 210, 177, 170, 149, 112, 105, 74, 63, 35, 11
438, 417, 400, 382, 354, 330, 315, 301, 280, 245, 229, 210, 177, 170, 149, 112, 105, 73, 64, 36, 12
438, 417, 400, 382, 354, 330, 315, 301, 280, 245, 229, 210, 177, 170, 149, 112, 105, 73, 64, 36, 12, 13
438, 417, 400, 382, 354, 330, 315, 301, 280, 245, 229, 210, 177, 170, 149, 112, 105, 73, 64, 36, 12, 13, 14
438, 417, 400, 382, 354, 330, 315, 301, 280, 245, 229, 210, 177, 170, 149, 112, 105, 73, 64, 36, 12, 13, 14, 15
438, 417, 400, 382, 354, 330, 315, 314, 302, 281, 282, 247, 231, 207, 179, 167, 146, 114, 103, 70, 42, 38, 16
438, 417, 418, 402, 381, 380, 379, 352, 351, 350, 334, 335, 336, 310, 283, 263, 251, 235, 204, 183, 164, 143, 117, 99, 67, 46, 41, 17
438, 417, 418, 402, 381, 380, 379, 352, 351, 350, 334, 335, 336, 310, 283, 263, 251, 235, 204, 183, 164, 143, 117, 99, 67, 46, 41, 17, 18
438, 417, 418, 402, 381, 380, 379, 352, 351, 350, 334, 335, 336, 310, 283, 263, 251, 235, 204, 183, 164, 143, 117, 99, 67, 46, 47, 21, 19
438, 417, 418, 402, 381, 380, 379, 352, 351, 350, 334, 335, 336, 310, 283, 263, 251, 235, 204, 184, 163, 141, 118, 97, 88, 48, 22, 20
438, 417, 418, 402, 381, 380, 379, 352, 351, 350, 334, 335, 336, 310, 283, 263, 251, 235, 204, 183, 164, 143, 117, 99, 67, 46, 47, 21
438, 417, 418, 402, 381, 380, 379, 352, 351, 350, 334, 335, 336, 310, 283, 263, 251, 235, 204, 184, 163, 141, 118, 97, 88, 48, 22
438, 439, 440, 436, 435, 396, 386, 359, 346, 322, 294, 270, 257, 219, 197, 198, 188, 158, 138, 122, 94, 85, 86, 49, 23
438, 439, 440, 436, 435, 396, 386, 359, 346, 322, 294, 270, 257, 219, 197, 198, 188, 158, 138, 122, 94, 85, 86, 49, 24
438, 439, 440, 436, 435, 396, 386, 359, 346, 322, 294, 270, 257, 219, 197, 198, 188, 158, 138, 122, 94, 85, 86, 49, 25
438, 417, 400, 382, 383, 356, 349, 318, 297, 275, 241, 223, 215, 192, 175, 133, 134, 127, 89, 81, 82, 54, 53, 52, 26
438, 417, 400, 382, 383, 356, 349, 318, 297, 275, 241, 223, 215, 192, 175, 133, 134, 127, 89, 81, 82, 54, 27
438, 417, 400, 382, 383, 356, 349, 318, 297, 275, 241, 223, 215, 192, 175, 133, 128, 110, 80, 58, 30, 29, 28
438, 417, 400, 382, 383, 356, 349, 318, 297, 275, 241, 223, 215, 192, 175, 133, 128, 110, 80, 58, 30, 29
438, 417, 400, 382, 383, 356, 349, 318, 297, 275, 241, 223, 215, 192, 175, 133, 128, 110, 80, 58, 30
438, 417, 400, 382, 383, 356, 349, 318, 297, 275, 241, 223, 215, 192, 175, 133, 128, 110, 80, 58, 31
438, 417, 400, 382, 355, 328, 316, 299, 276, 242, 226, 212, 195, 173, 152, 130, 108, 77, 60, 32
438, 417, 400, 382, 355, 328, 316, 299, 276, 242, 226, 212, 195, 173, 152, 130, 108, 77, 60, 32, 33
438, 417, 400, 382, 355, 328, 316, 299, 276, 242, 226, 212, 195, 173, 152, 130, 131, 107, 76, 62, 34
438, 417, 400, 382, 354, 330, 315, 301, 280, 245, 229, 210, 177, 170, 149, 112, 105, 74, 63, 35
438, 417, 400, 382, 354, 330, 315, 301, 280, 245, 229, 210, 177, 170, 149, 112, 105, 73, 64, 36
438, 417, 400, 382, 354, 330, 315, 301, 280, 245, 229, 210, 177, 170, 149, 112, 105, 73, 64, 36, 37
438, 417, 400, 382, 354, 330, 315, 314, 302, 281, 282, 247, 231, 207, 179, 167, 146, 114, 103, 70, 42, 38
438, 417, 400, 382, 354, 330, 315, 314, 302, 281, 282, 247, 231, 207, 179, 167, 146, 114, 103, 70, 69, 44, 39
