509, 510, 511, 499, 466, 467, 454, 424, 408, 375, 370, 336, 310, 283, 263, 251, 235, 204, 184, 163, 141, 119, 96, 86, 49, 23, 0
509, 510, 511, 499, 466, 467, 454, 424, 408, 375, 370, 336, 310, 283, 263, 251, 235, 204, 184, 163, 141, 119, 96, 86, 49, 25, 1
509, 510, 511, 499, 466, 467, 454, 424, 408, 375, 370, 336, 310, 283, 263, 251, 235, 204, 184, 163, 141, 119, 96, 86, 85, 50, 26, 2
509, 481, 463, 458, 459, 418, 417, 400, 382, 383, 356, 349, 318, 297, 275, 241, 223, 215, 192, 175, 133, 134, 127, 89, 81, 82, 54, 27, 3
509, 481, 463, 458, 459, 418, 417, 400, 382, 383, 356, 349, 318, 297, 275, 241, 223, 215, 192, 175, 133, 128, 110, 80, 58, 30, 29, 28, 4
509, 481, 463, 458, 419, 404, 379, 353, 331, 314, 301, 300, 277, 243, 227, 212, 195, 173, 152, 130, 108, 77, 60, 59, 31, 6, 5
509, 481, 463, 458, 419, 404, 379, 353, 331, 314, 301, 300, 277, 243, 227, 212, 195, 173, 152, 130, 108, 77, 60, 59, 31, 6
509, 481, 463, 458, 419, 404, 379, 353, 331, 314, 301, 300, 277, 243, 227, 212, 195, 173, 152, 130, 108, 77, 60, 32, 7
509, 481, 463, 458, 419, 404, 379, 353, 331, 314, 301, 300, 277, 243, 227, 212, 195, 173, 152, 130, 108, 77, 60, 32, 7, 8
509, 481, 463, 458, 419, 404, 379, 353, 331, 314, 301, 278, 244, 228, 211, 176, 172, 150, 132, 107, 76, 61, 33, 9
509, 481, 463, 458, 419, 404, 379, 353, 331, 314, 301, 278, 244, 228, 211, 176, 172, 150, 132, 106, 75, 62, 34, 10
509, 481, 463, 458, 419, 404, 379, 353, 331, 314, 302, 281, 245, 229, 210, 177, 170, 149, 112, 105, 74, 63, 35, 11
509, 481, 463, 458, 419, 404, 379, 353, 331, 314, 302, 281, 245, 229, 210, 177, 170, 149, 112, 105, 73, 64, 36, 12
509, 481, 463, 458, 419, 404, 379, 353, 331, 314, 302, 281, 245, 229, 210, 177, 170, 149, 112, 105, 73, 64, 36, 12, 13
509, 481, 463, 458, 419, 404, 379, 353, 331, 314, 302, 281, 245, 229, 210, 177, 170, 149, 112, 105, 73, 64, 36, 12, 13, 14
509, 481, 463, 458, 419, 404, 379, 352, 351, 333, 312, 304, 282, 247, 231, 207, 179, 167, 146, 114, 103, 70, 42, 38, 15
509, 481, 463, 458, 419, 404, 379, 352, 351, 333, 312, 304, 282, 247, 231, 207, 179, 167, 146, 114, 103, 70, 42, 38, 16
509, 510, 511, 499, 466, 467, 454, 424, 408, 375, 370, 336, 310, 283, 263, 251, 235, 204, 183, 164, 143, 117, 99, 67, 46, 41, 17
509, 510, 511, 499, 466, 467, 454, 424, 408, 375, 370, 336, 310, 283, 263, 251, 235, 204, 183, 164, 143, 117, 99, 67, 46, 41, 17, 18
509, 510, 511, 499, 466, 467, 454, 424, 408, 375, 370, 336, 310, 283, 263, 251, 235, 204, 183, 164, 143, 117, 99, 67, 46, 47, 21, 19
509, 510, 511, 499, 466, 467, 454, 424, 408, 375, 370, 336, 310, 283, 263, 251, 235, 204, 184, 163, 141, 118, 97, 88, 48, 22, 20
509, 510, 511, 499, 466, 467, 454, 424, 408, 375, 370, 336, 310, 283, 263, 251, 235, 204, 183, 164, 143, 117, 99, 67, 46, 47, 21
509, 510, 511, 499, 466, 467, 454, 424, 408, 375, 370, 336, 310, 283, 263, 251, 235, 204, 184, 163, 141, 118, 97, 88, 48, 22
509, 510, 511, 499, 466, 467, 454, 424, 408, 375, 370, 336, 310, 283, 263, 251, 235, 204, 184, 163, 141, 119, 96, 86, 49, 23
509, 510, 511, 499, 466, 467, 454, 424, 408, 375, 370, 336, 310, 283, 263, 251, 235, 204, 184, 163, 141, 119, 96, 86, 49, 24
509, 510, 511, 499, 466, 467, 454, 424, 408, 375, 370, 336, 310, 283, 263, 251, 235, 204, 184, 163, 141, 119, 96, 86, 49, 25
509, 510, 511, 499, 466, 467, 454, 424, 408, 375, 370, 336, 310, 283, 263, 251, 235, 204, 184, 163, 141, 119, 96, 86, 85, 50, 26
509, 481, 463, 458, 459, 418, 417, 400, 382, 383, 356, 349, 318, 297, 275, 241, 223, 215, 192, 175, 133, 134, 127, 89, 81, 82, 54, 27
509, 481, 463, 458, 459, 418, 417, 400, 382, 383, 356, 349, 318, 297, 275, 241, 223, 215, 192, 175, 133, 128, 110, 80, 58, 30, 29, 28
509, 481, 463, 458, 459, 418, 417, 400, 382, 383, 356, 349, 318, 297, 275, 241, 223, 215, 192, 175, 133, 128, 110, 80, 58, 30, 29
509, 481, 463, 458, 459, 418, 417, 400, 382, 383, 356, 349, 318, 297, 275, 241, 223, 215, 192, 175, 133, 128, 110, 80, 58, 30
509, 481, 463, 458, 419, 404, 379, 353, 331, 314, 301, 300, 277, 243, 227, 212, 195, 173, 152, 130, 108, 77, 60, 59, 31
509, 481, 463, 458, 419, 404, 379, 353, 331, 314, 301, 300, 277, 243, 227, 212, 195, 173, 152, 130, 108, 77, 60, 32
509, 481, 463, 458, 419, 404, 379, 353, 331, 314, 301, 278, 244, 228, 211, 176, 172, 150, 132, 107, 76, 61, 33
509, 481, 463, 458, 419, 404, 379, 353, 331, 314, 301, 278, 244, 228, 211, 176, 172, 150, 132, 106, 75, 62, 34
509, 481, 463, 458, 419, 404, 379, 353, 331, 314, 302, 281, 245, 229, 210, 177, 170, 149, 112, 105, 74, 63, 35
509, 481, 463, 458, 419, 404, 379, 353, 331, 314, 302, 281, 245, 229, 210, 177, 170, 149, 112, 105, 73, 64, 36
509, 481, 463, 458, 419, 404, 379, 353, 331, 314, 302, 281, 245, 229, 210, 177, 170, 149, 112, 105, 73, 64, 36, 37
509, 481, 463, 458, 419, 404, 379, 352, 351, 333, 312, 304, 282, 247, 231, 207, 179, 167, 146, 114, 103, 70, 42, 38
509, 481, 463, 458, 419, 404, 379, 352, 351, 333, 312, 304, 282, 247, 231, 207, 179, 167, 146, 114, 103, 70, 69, 44, 39
