783, 740, 725, 698, 690, 650, 632, 613, 593, 585, 563, 529, 513, 497, 469, 453, 425, 409, 374, 369, 337, 308, 287, 264, 252, 236, 204, 184, 163, 141, 119, 96, 86, 49, 23, 0
783, 740, 725, 698, 690, 650, 632, 613, 593, 585, 563, 529, 513, 497, 469, 453, 425, 409, 374, 369, 337, 308, 287, 264, 252, 236, 204, 184, 163, 141, 119, 96, 86, 49, 25, 1
783, 740, 725, 698, 690, 650, 632, 613, 593, 585, 563, 529, 513, 497, 469, 453, 425, 409, 374, 369, 337, 308, 287, 264, 252, 236, 204, 184, 163, 141, 119, 96, 86, 85, 50, 26, 2
783, 740, 725, 698, 690, 650, 632, 613, 593, 585, 563, 529, 513, 497, 469, 453, 425, 409, 374, 369, 368, 340, 305, 289, 267, 255, 217, 200, 187, 159, 139, 122, 93, 83, 52, 27, 3
783, 784, 785, 786, 744, 722, 721, 695, 686, 654, 636, 637, 630, 598, 570, 548, 544, 522, 490, 474, 444, 433, 394, 387, 360, 345, 322, 294, 272, 259, 221, 216, 190, 154, 136, 127, 89, 81, 56, 28, 4
783, 784, 785, 786, 744, 722, 721, 695, 686, 654, 636, 637, 630, 598, 570, 548, 544, 522, 490, 474, 444, 433, 394, 387, 360, 345, 322, 294, 272, 259, 221, 216, 190, 154, 136, 127, 89, 81, 56, 29, 5
783, 784, 785, 786, 744, 722, 721, 720, 693, 692, 684, 683, 656, 639, 640, 626, 601, 572, 551, 541, 502, 487, 478, 441, 436, 397, 385, 358, 348, 319, 296, 274, 241, 223, 215, 192, 175, 133, 128, 110, 80, 58, 31, 6
783, 784, 785, 786, 744, 722, 721, 720, 693, 692, 684, 683, 656, 639, 640, 626, 601, 572, 551, 541, 502, 487, 478, 441, 436, 397, 385, 358, 348, 319, 296, 274, 241, 223, 214, 194, 174, 152, 130, 108, 77, 60, 32, 7
783, 782, 805, 833, 852, 865, 893, 918, 929, 943, 974, 992, 1016, 1039, 1058, 1077, 1102, 1128, 1143, 1172, 1191, 1217, 1229, 1253, 1269, 1285, 1300, 1327, 1344, 1379, 1388, 1389, 1422, 1429, 1453, 1479, 1478, 1507, 1521, 1550, 8
783, 782, 805, 833, 852, 865, 893, 918, 929, 943, 974, 992, 1016, 1039, 1058, 1077, 1102, 1128, 1143, 1172, 1191, 1217, 1229, 1253, 1269, 1285, 1300, 1327, 1344, 1379, 1388, 1389, 1422, 1429, 1453, 1479, 1478, 1507, 1521, 1550, 9
783, 782, 805, 833, 852, 865, 893, 918, 929, 943, 974, 992, 1016, 1039, 1058, 1077, 1102, 1128, 1143, 1172, 1191, 1217, 1229, 1253, 1269, 1285, 1300, 1327, 1344, 1379, 1388, 1389, 1422, 1429, 1453, 1479, 1508, 1520, 1549, 10
783, 740, 725, 698, 690, 669, 649, 631, 614, 592, 582, 561, 532, 511, 499, 466, 455, 423, 406, 377, 372, 335, 311, 304, 282, 246, 230, 209, 178, 169, 148, 111, 105, 74, 63, 35, 11
783, 782, 805, 833, 852, 865, 893, 918, 929, 943, 974, 992, 1016, 1039, 1058, 1077, 1102, 1128, 1143, 1172, 1191, 1217, 1229, 1253, 1269, 1285, 1300, 1327, 1344, 1379, 1387, 1420, 1430, 1454, 1480, 1509, 1519, 1547, 12
783, 782, 805, 833, 852, 865, 893, 918, 929, 943, 974, 992, 1016, 1039, 1058, 1077, 1102, 1128, 1143, 1172, 1191, 1218, 1228, 1254, 1268, 1284, 1302, 1329, 1343, 1378, 1386, 1419, 1434, 1456, 1482, 1488, 1518, 1545, 13
783, 782, 805, 833, 852, 865, 893, 918, 929, 943, 974, 992, 1016, 1039, 1058, 1077, 1102, 1128, 1143, 1172, 1191, 1218, 1228, 1254, 1268, 1284, 1302, 1329, 1343, 1378, 1386, 1419, 1434, 1456, 1482, 1488, 1518, 1545, 14
783, 740, 725, 698, 690, 650, 632, 613, 593, 585, 563, 529, 513, 497, 469, 453, 425, 409, 374, 369, 337, 308, 287, 264, 252, 236, 204, 183, 164, 143, 117, 99, 67, 46, 41, 40, 39, 38, 15
783, 740, 725, 698, 690, 650, 632, 613, 593, 585, 563, 529, 513, 497, 469, 453, 425, 409, 374, 369, 337, 308, 287, 264, 252, 236, 204, 183, 164, 143, 117, 99, 67, 46, 41, 17, 16
783, 740, 725, 698, 690, 650, 632, 613, 593, 585, 563, 529, 513, 497, 469, 453, 425, 409, 374, 369, 337, 308, 287, 264, 252, 236, 204, 183, 164, 143, 117, 99, 67, 46, 41, 17
783, 740, 725, 698, 690, 650, 632, 613, 593, 585, 563, 529, 513, 497, 469, 453, 425, 409, 374, 369, 337, 308, 287, 264, 252, 236, 204, 183, 164, 143, 117, 99, 67, 46, 41, 17, 18
783, 740, 725, 698, 690, 650, 632, 613, 593, 585, 563, 529, 513, 497, 469, 453, 425, 409, 374, 369, 337, 308, 287, 264, 252, 236, 204, 183, 164, 143, 117, 99, 67, 46, 47, 21, 19
783, 740, 725, 698, 690, 650, 632, 613, 593, 585, 563, 529, 513, 497, 469, 453, 425, 409, 374, 369, 337, 308, 287, 264, 252, 236, 204, 184, 163, 141, 118, 97, 88, 48, 22, 20
783, 740, 725, 698, 690, 650, 632, 613, 593, 585, 563, 529, 513, 497, 469, 453, 425, 409, 374, 369, 337, 308, 287, 264, 252, 236, 204, 183, 164, 143, 117, 99, 67, 46, 47, 21
783, 740, 725, 698, 690, 650, 632, 613, 593, 585, 563, 529, 513, 497, 469, 453, 425, 409, 374, 369, 337, 308, 287, 264, 252, 236, 204, 184, 163, 141, 118, 97, 88, 48, 22
783, 740, 725, 698, 690, 650, 632, 613, 593, 585, 563, 529, 513, 497, 469, 453, 425, 409, 374, 369, 337, 308, 287, 264, 252, 236, 204, 184, 163, 141, 119, 96, 86, 49, 23
783, 740, 725, 698, 690, 650, 632, 613, 593, 585, 563, 529, 513, 497, 469, 453, 425, 409, 374, 369, 337, 308, 287, 264, 252, 236, 204, 184, 163, 141, 119, 96, 86, 49, 24
783, 740, 725, 698, 690, 650, 632, 613, 593, 585, 563, 529, 513, 497, 469, 453, 425, 409, 374, 369, 337, 308, 287, 264, 252, 236, 204, 184, 163, 141, 119, 96, 86, 49, 25
783, 740, 725, 698, 690, 650, 632, 613, 593, 585, 563, 529, 513, 497, 469, 453, 425, 409, 374, 369, 337, 308, 287, 264, 252, 236, 204, 184, 163, 141, 119, 96, 86, 85, 50, 26
783, 740, 725, 698, 690, 650, 632, 613, 593, 585, 563, 529, 513, 497, 469, 453, 425, 409, 374, 369, 368, 340, 305, 289, 267, 255, 217, 200, 187, 159, 139, 122, 93, 83, 52, 27
783, 784, 785, 786, 744, 722, 721, 695, 686, 654, 636, 637, 630, 598, 570, 548, 544, 522, 490, 474, 444, 433, 394, 387, 360, 345, 322, 294, 272, 259, 221, 216, 190, 154, 136, 127, 89, 81, 56, 28
783, 784, 785, 786, 744, 722, 721, 695, 686, 654, 636, 637, 630, 598, 570, 548, 544, 522, 490, 474, 444, 433, 394, 387, 360, 345, 322, 294, 272, 259, 221, 216, 190, 154, 136, 127, 89, 81, 56, 29
783, 784, 785, 786, 744, 722, 721, 720, 693, 692, 684, 683, 656, 639, 640, 626, 601, 572, 551, 541, 502, 487, 478, 441, 436, 397, 385, 358, 348, 319, 296, 274, 241, 223, 215, 192, 175, 133, 128, 110, 80, 58, 30
783, 784, 785, 786, 744, 722, 721, 720, 693, 692, 684, 683, 656, 639, 640, 626, 601, 572, 551, 541, 502, 487, 478, 441, 436, 397, 385, 358, 348, 319, 296, 274, 241, 223, 215, 192, 175, 133, 128, 110, 80, 58, 31
783, 784, 785, 786, 744, 722, 721, 720, 693, 692, 684, 683, 656, 639, 640, 626, 601, 572, 551, 541, 502, 487, 478, 441, 436, 397, 385, 358, 348, 319, 296, 274, 241, 223, 214, 194, 174, 152, 130, 108, 77, 60, 32
783, 782, 805, 833, 852, 865, 893, 918, 929, 943, 974, 992, 1016, 1039, 1058, 1077, 1102, 1128, 1143, 1172, 1191, 1217, 1229, 1253, 1269, 1285, 1300, 1327, 1344, 1379, 1388, 1389, 1422, 1429, 1453, 1479, 1478, 1507, 1521, 1550, 9, 33
783, 782, 805, 833, 852, 865, 893, 918, 929, 943, 974, 992, 1016, 1039, 1058, 1077, 1102, 1128, 1143, 1172, 1191, 1217, 1229, 1253, 1269, 1285, 1300, 1327, 1344, 1379, 1388, 1389, 1422, 1429, 1453, 1479, 1508, 1520, 1549, 10, 34
783, 740, 725, 698, 690, 669, 649, 631, 614, 592, 582, 561, 532, 511, 499, 466, 455, 423, 406, 377, 372, 335, 311, 304, 282, 246, 230, 209, 178, 169, 148, 111, 105, 74, 63, 35
783, 740, 725, 698, 690, 669, 649, 631, 614, 592, 582, 561, 532, 511, 499, 466, 455, 423, 406, 377, 372, 335, 311, 304, 282, 246, 230, 209, 178, 169, 148, 111, 105, 73, 64, 36
783, 740, 725, 698, 690, 650, 632, 613, 593, 585, 563, 529, 513, 497, 469, 453, 425, 409, 374, 369, 337, 308, 287, 264, 252, 236, 204, 183, 164, 143, 117, 99, 67, 46, 41, 40, 39, 38, 37
783, 740, 725, 698, 690, 650, 632, 613, 593, 585, 563, 529, 513, 497, 469, 453, 425, 409, 374, 369, 337, 308, 287, 264, 252, 236, 204, 183, 164, 143, 117, 99, 67, 46, 41, 40, 39, 38
783, 740, 725, 698, 690, 650, 632, 613, 593, 585, 563, 529, 513, 497, 469, 453, 425, 409, 374, 369, 337, 308, 287, 264, 252, 236, 204, 183, 164, 143, 117, 99, 67, 46, 41, 40, 39
