1179, 1220, 1223, 1259, 1262, 1298, 1309, 1336, 1357, 1370, 1401, 1413, 1440, 1462, 1468, 1494, 1521, 1520, 1540, 0
1179, 1220, 1223, 1259, 1262, 1261, 1297, 1310, 1338, 1355, 1369, 1398, 1411, 1442, 1464, 1470, 1496, 1518, 1539, 1
1179, 1220, 1223, 1259, 1262, 1261, 1297, 1310, 1338, 1355, 1369, 1398, 1411, 1442, 1464, 1470, 1496, 1518, 1538, 2
1179, 1220, 1223, 1259, 1262, 1261, 1297, 1310, 1338, 1355, 1369, 1398, 1411, 1442, 1464, 1470, 1496, 1518, 1538, 1537, 1536, 3
1179, 1220, 1223, 1259, 1262, 1261, 1297, 1310, 1338, 1355, 1369, 1398, 1411, 1442, 1464, 1470, 1496, 1518, 1538, 1537, 1536, 3, 4
1179, 1200, 1199, 1218, 1241, 1242, 1260, 1295, 1311, 1339, 1353, 1367, 1397, 1396, 1409, 1444, 1446, 1472, 1499, 1516, 1515, 1534, 5
1179, 1200, 1199, 1218, 1241, 1242, 1260, 1295, 1311, 1339, 1353, 1367, 1397, 1396, 1409, 1444, 1446, 1472, 1499, 1516, 1515, 1534, 5, 6
1179, 1200, 1199, 1218, 1241, 1242, 1260, 1295, 1311, 1339, 1353, 1367, 1366, 1365, 1364, 1363, 1393, 1406, 1426, 1449, 1476, 1503, 1511, 1552, 7
1179, 1200, 1199, 1218, 1241, 1242, 1260, 1295, 1311, 1339, 1340, 1352, 1351, 1350, 1349, 1362, 1392, 1405, 1427, 1450, 1477, 1505, 1532, 1551, 8
1179, 1200, 1199, 1218, 1241, 1242, 1260, 1295, 1311, 1339, 1340, 1352, 1351, 1350, 1349, 1362, 1392, 1405, 1427, 1450, 1477, 1505, 1532, 1551, 9
1179, 1180, 1221, 1224, 1225, 1257, 1265, 1281, 1304, 1333, 1332, 1331, 1343, 1378, 1379, 1380, 1389, 1422, 1430, 1453, 1479, 1508, 1530, 1550, 10
1179, 1220, 1223, 1258, 1263, 1280, 1307, 1335, 1358, 1372, 1403, 1414, 1438, 1460, 1459, 1485, 1489, 1526, 1545, 15, 14, 13, 12, 11
1179, 1220, 1223, 1258, 1263, 1280, 1307, 1335, 1358, 1372, 1403, 1414, 1438, 1460, 1459, 1485, 1489, 1526, 1545, 15, 14, 13, 12
1179, 1220, 1223, 1258, 1263, 1280, 1307, 1335, 1358, 1372, 1403, 1414, 1438, 1460, 1459, 1485, 1489, 1526, 1545, 15, 14, 13
1179, 1220, 1223, 1258, 1263, 1280, 1307, 1335, 1358, 1372, 1403, 1414, 1438, 1460, 1459, 1485, 1489, 1526, 1545, 15, 14
1179, 1220, 1223, 1258, 1263, 1280, 1307, 1335, 1358, 1372, 1403, 1414, 1438, 1460, 1459, 1485, 1489, 1526, 1545, 15
1179, 1220, 1223, 1258, 1263, 1280, 1307, 1335, 1358, 1372, 1403, 1414, 1438, 1460, 1459, 1485, 1489, 1525, 1544, 16
1179, 1220, 1223, 1259, 1262, 1298, 1309, 1336, 1357, 1370, 1401, 1413, 1440, 1462, 1466, 1493, 1522, 1542, 18, 17
1179, 1220, 1223, 1259, 1262, 1298, 1309, 1336, 1357, 1370, 1401, 1413, 1440, 1462, 1466, 1493, 1522, 1542, 18
1179, 1220, 1223, 1259, 1262, 1298, 1309, 1336, 1357, 1370, 1401, 1413, 1440, 1462, 1468, 1494, 1521, 1541, 19
1179, 1220, 1223, 1259, 1262, 1298, 1309, 1336, 1357, 1370, 1401, 1413, 1440, 1462, 1468, 1494, 1521, 1541, 20
1179, 1220, 1223, 1259, 1262, 1298, 1309, 1336, 1357, 1370, 1401, 1413, 1440, 1462, 1468, 1494, 1521, 1541, 19, 21
1179, 1220, 1223, 1259, 1262, 1298, 1309, 1336, 1357, 1370, 1401, 1413, 1440, 1462, 1468, 1494, 1521, 1541, 20, 22
1179, 1220, 1223, 1259, 1262, 1298, 1309, 1336, 1357, 1370, 1401, 1413, 1440, 1462, 1468, 1494, 1521, 1520, 1540, 0, 23
1179, 1220, 1223, 1259, 1262, 1298, 1309, 1336, 1357, 1370, 1401, 1413, 1440, 1462, 1468, 1494, 1521, 1520, 1540, 0, 24
1179, 1220, 1223, 1259, 1262, 1261, 1297, 1310, 1338, 1355, 1369, 1398, 1411, 1442, 1464, 1470, 1496, 1518, 1539, 1, 25
1179, 1220, 1223, 1259, 1262, 1261, 1297, 1310, 1338, 1355, 1369, 1398, 1411, 1442, 1464, 1470, 1496, 1518, 1538, 2, 26
1179, 1220, 1223, 1259, 1262, 1261, 1297, 1310, 1338, 1355, 1369, 1398, 1411, 1442, 1464, 1470, 1496, 1518, 1538, 2, 26, 27
1179, 1220, 1223, 1259, 1262, 1261, 1297, 1310, 1338, 1355, 1369, 1398, 1411, 1442, 1464, 1470, 1496, 1518, 1538, 1537, 1536, 3, 4, 28
1179, 1220, 1223, 1259, 1262, 1261, 1297, 1310, 1338, 1355, 1369, 1398, 1411, 1442, 1464, 1470, 1496, 1518, 1538, 1537, 1536, 3, 4, 28, 29
1179, 1220, 1223, 1259, 1262, 1261, 1297, 1310, 1338, 1355, 1369, 1398, 1411, 1442, 1464, 1470, 1496, 1518, 1538, 1537, 1536, 3, 4, 28, 29, 30
1179, 1200, 1199, 1218, 1241, 1242, 1260, 1295, 1311, 1339, 1353, 1367, 1397, 1396, 1409, 1444, 1446, 1472, 1499, 1516, 1515, 1534, 5, 6, 31
1179, 1200, 1199, 1218, 1241, 1242, 1260, 1295, 1311, 1339, 1353, 1367, 1366, 1365, 1364, 1363, 1393, 1406, 1426, 1449, 1476, 1503, 1511, 1552, 7, 32
1179, 1200, 1199, 1218, 1241, 1242, 1260, 1295, 1311, 1339, 1340, 1352, 1351, 1350, 1349, 1362, 1392, 1405, 1427, 1450, 1477, 1505, 1532, 1551, 9, 33
1179, 1180, 1221, 1224, 1225, 1257, 1265, 1281, 1304, 1333, 1332, 1331, 1343, 1378, 1379, 1380, 1389, 1422, 1430, 1453, 1479, 1508, 1530, 1550, 10, 34
1179, 1220, 1223, 1258, 1263, 1280, 1307, 1335, 1358, 1372, 1403, 1414, 1438, 1460, 1459, 1485, 1489, 1525, 1544, 16, 38, 37, 36, 35
1179, 1220, 1223, 1258, 1263, 1280, 1307, 1335, 1358, 1372, 1403, 1414, 1438, 1460, 1459, 1485, 1489, 1525, 1544, 16, 38, 37, 36
1179, 1220, 1223, 1258, 1263, 1280, 1307, 1335, 1358, 1372, 1403, 1414, 1438, 1460, 1459, 1485, 1489, 1525, 1544, 16, 38, 37
1179, 1220, 1223, 1258, 1263, 1280, 1307, 1335, 1358, 1372, 1403, 1414, 1438, 1460, 1459, 1485, 1489, 1525, 1544, 16, 38
1179, 1220, 1223, 1258, 1263, 1280, 1307, 1335, 1358, 1372, 1403, 1414, 1438, 1460, 1459, 1485, 1489, 1525, 1544, 16, 39
1179, 1220, 1223, 1258, 1263, 1280, 1307, 1335, 1358, 1372, 1403, 1414, 1438, 1460, 1459, 1485, 1489, 1525, 1544, 16, 40
1179, 1220, 1223, 1259, 1262, 1298, 1309, 1336, 1357, 1370, 1401, 1413, 1440, 1462, 1466, 1493, 1522, 1542, 18, 17, 41
1179, 1220, 1223, 1259, 1262, 1261, 1297, 1310, 1338, 1355, 1369, 1398, 1411, 1442, 1464, 1470, 1496, 1518, 1538, 2, 26, 42
1179, 1220, 1223, 1259, 1262, 1261, 1297, 1310, 1338, 1355, 1369, 1398, 1411, 1442, 1464, 1470, 1496, 1518, 1538, 2, 26, 43
1179, 1220, 1223, 1259, 1262, 1261, 1297, 1310, 1338, 1355, 1369, 1398, 1411, 1442, 1464, 1470, 1496, 1518, 1538, 2, 26, 44
1179, 1220, 1223, 1259, 1262, 1261, 1297, 1310, 1338, 1355, 1369, 1398, 1411, 1442, 1464, 1470, 1496, 1518, 1538, 2, 26, 42, 83, 45
1179, 1220, 1223, 1259, 1262, 1261, 1297, 1310, 1338, 1355, 1369, 1398, 1411, 1442, 1464, 1470, 1496, 1518, 1538, 2, 26, 27, 46
1179, 1220, 1223, 1259, 1262, 1261, 1297, 1310, 1338, 1355, 1369, 1398, 1411, 1442, 1464, 1470, 1496, 1518, 1538, 2, 26, 27, 46, 47
1179, 1220, 1223, 1259, 1262, 1261, 1297, 1310, 1338, 1355, 1369, 1398, 1411, 1442, 1464, 1470, 1496, 1518, 1538, 1537, 1536, 3, 4, 28, 48
1179, 1220, 1223, 1259, 1262, 1261, 1297, 1310, 1338, 1355, 1369, 1398, 1411, 1442, 1464, 1470, 1496, 1518, 1538, 1537, 1536, 3, 4, 28, 29, 49
1179, 1200, 1199, 1218, 1241, 1242, 1260, 1295, 1311, 1339, 1353, 1367, 1397, 1396, 1409, 1444, 1446, 1472, 1499, 1516, 1515, 1534, 5, 6, 31, 50
1179, 1200, 1199, 1218, 1241, 1242, 1260, 1295, 1311, 1339, 1353, 1367, 1397, 1396, 1409, 1444, 1446, 1472, 1499, 1516, 1515, 1534, 5, 6, 31, 51
1179, 1200, 1199, 1218, 1241, 1242, 1260, 1295, 1311, 1339, 1353, 1367, 1366, 1365, 1364, 1363, 1393, 1406, 1426, 1449, 1476, 1503, 1511, 1552, 7, 32, 52
1179, 1180, 1221, 1224, 1225, 1257, 1265, 1281, 1304, 1333, 1332, 1331, 1343, 1378, 1379, 1380, 1389, 1422, 1430, 1453, 1479, 1508, 1530, 1550, 10, 34, 53
1179, 1220, 1223, 1258, 1263, 1280, 1307, 1335, 1358, 1372, 1403, 1414, 1438, 1460, 1459, 1485, 1489, 1525, 1544, 16, 38, 59, 58, 57, 56, 55, 54
1179, 1220, 1223, 1258, 1263, 1280, 1307, 1335, 1358, 1372, 1403, 1414, 1438, 1460, 1459, 1485, 1489, 1525, 1544, 16, 38, 59, 58, 57, 56, 55
1179, 1220, 1223, 1258, 1263, 1280, 1307, 1335, 1358, 1372, 1403, 1414, 1438, 1460, 1459, 1485, 1489, 1525, 1544, 16, 38, 59, 58, 57, 56
1179, 1220, 1223, 1258, 1263, 1280, 1307, 1335, 1358, 1372, 1403, 1414, 1438, 1460, 1459, 1485, 1489, 1525, 1544, 16, 38, 59, 58, 57
1179, 1220, 1223, 1258, 1263, 1280, 1307, 1335, 1358, 1372, 1403, 1414, 1438, 1460, 1459, 1485, 1489, 1525, 1544, 16, 38, 59, 58
1179, 1220, 1223, 1258, 1263, 1280, 1307, 1335, 1358, 1372, 1403, 1414, 1438, 1460, 1459, 1485, 1489, 1525, 1544, 16, 38, 59
1179, 1220, 1223, 1258, 1263, 1280, 1307, 1335, 1358, 1372, 1403, 1414, 1438, 1460, 1459, 1485, 1489, 1525, 1544, 16, 39, 60
1179, 1220, 1223, 1258, 1263, 1280, 1307, 1335, 1358, 1372, 1403, 1414, 1438, 1460, 1459, 1485, 1489, 1525, 1544, 16, 40, 61
1179, 1220, 1223, 1259, 1262, 1298, 1309, 1336, 1357, 1370, 1401, 1413, 1440, 1462, 1466, 1493, 1522, 1542, 18, 17, 41, 62
1179, 1220, 1223, 1259, 1262, 1298, 1309, 1336, 1357, 1370, 1401, 1413, 1440, 1462, 1468, 1494, 1521, 1541, 19, 21, 63
1179, 1220, 1223, 1259, 1262, 1298, 1309, 1336, 1357, 1370, 1401, 1413, 1440, 1462, 1468, 1494, 1521, 1541, 20, 22, 64
1179, 1220, 1223, 1259, 1262, 1298, 1309, 1336, 1357, 1370, 1401, 1413, 1440, 1462, 1468, 1494, 1521, 1541, 20, 22, 65
1179, 1220, 1223, 1259, 1262, 1298, 1309, 1336, 1357, 1370, 1401, 1413, 1440, 1462, 1468, 1494, 1521, 1520, 1540, 0, 24, 66
1179, 1220, 1223, 1259, 1262, 1298, 1309, 1336, 1357, 1370, 1401, 1413, 1440, 1462, 1466, 1493, 1522, 1542, 18, 17, 41, 62, 67
1179, 1220, 1223, 1258, 1263, 1280, 1307, 1335, 1358, 1372, 1403, 1414, 1438, 1460, 1459, 1485, 1489, 1525, 1544, 16, 40, 61, 68
1179, 1220, 1223, 1258, 1263, 1280, 1307, 1335, 1358, 1372, 1403, 1414, 1438, 1460, 1459, 1485, 1489, 1525, 1544, 16, 39, 60, 69
1179, 1220, 1223, 1258, 1263, 1280, 1307, 1335, 1358, 1372, 1403, 1414, 1438, 1460, 1459, 1485, 1489, 1525, 1544, 16, 39, 60, 70
1179, 1220, 1223, 1258, 1263, 1280, 1307, 1335, 1358, 1372, 1403, 1414, 1438, 1460, 1459, 1485, 1489, 1525, 1544, 16, 39, 60, 70, 71
1179, 1220, 1223, 1258, 1263, 1280, 1307, 1335, 1358, 1372, 1403, 1414, 1438, 1460, 1459, 1485, 1489, 1525, 1544, 16, 39, 60, 70, 71, 72
1179, 1220, 1223, 1258, 1263, 1280, 1307, 1335, 1358, 1372, 1403, 1414, 1438, 1460, 1459, 1485, 1489, 1525, 1544, 16, 38, 59, 58, 57, 56, 73
1179, 1220, 1223, 1258, 1263, 1280, 1307, 1335, 1358, 1372, 1403, 1414, 1438, 1460, 1459, 1485, 1489, 1525, 1544, 16, 38, 59, 58, 57, 56, 73, 74
1179, 1220, 1223, 1258, 1263, 1280, 1307, 1335, 1358, 1372, 1403, 1414, 1438, 1460, 1459, 1485, 1489, 1525, 1544, 16, 38, 59, 58, 57, 56, 73, 74, 75
1179, 1220, 1223, 1258, 1263, 1280, 1307, 1335, 1358, 1372, 1403, 1414, 1438, 1460, 1459, 1485, 1489, 1525, 1544, 16, 38, 59, 58, 57, 56, 55, 54, 76
1179, 1200, 1199, 1218, 1241, 1242, 1260, 1295, 1311, 1339, 1353, 1367, 1366, 1365, 1364, 1363, 1393, 1406, 1426, 1449, 1476, 1503, 1511, 1552, 7, 32, 52, 77
1179, 1200, 1199, 1218, 1241, 1242, 1260, 1295, 1311, 1339, 1353, 1367, 1397, 1396, 1409, 1444, 1446, 1472, 1499, 1516, 1515, 1534, 5, 6, 31, 50, 80, 79, 78
1179, 1200, 1199, 1218, 1241, 1242, 1260, 1295, 1311, 1339, 1353, 1367, 1397, 1396, 1409, 1444, 1446, 1472, 1499, 1516, 1515, 1534, 5, 6, 31, 50, 80, 79
1179, 1200, 1199, 1218, 1241, 1242, 1260, 1295, 1311, 1339, 1353, 1367, 1397, 1396, 1409, 1444, 1446, 1472, 1499, 1516, 1515, 1534, 5, 6, 31, 50, 80
1179, 1220, 1223, 1259, 1262, 1261, 1297, 1310, 1338, 1355, 1369, 1398, 1411, 1442, 1464, 1470, 1496, 1518, 1538, 2, 26, 27, 46, 47, 82, 81
1179, 1220, 1223, 1259, 1262, 1261, 1297, 1310, 1338, 1355, 1369, 1398, 1411, 1442, 1464, 1470, 1496, 1518, 1538, 2, 26, 27, 46, 47, 82
1179, 1220, 1223, 1259, 1262, 1261, 1297, 1310, 1338, 1355, 1369, 1398, 1411, 1442, 1464, 1470, 1496, 1518, 1538, 2, 26, 42, 83
1179, 1220, 1223, 1259, 1262, 1261, 1297, 1310, 1338, 1355, 1369, 1398, 1411, 1442, 1464, 1470, 1496, 1518, 1538, 2, 26, 43, 84
1179, 1220, 1223, 1259, 1262, 1261, 1297, 1310, 1338, 1355, 1369, 1398, 1411, 1442, 1464, 1470, 1496, 1518, 1538, 2, 26, 44, 85
1179, 1220, 1223, 1259, 1262, 1298, 1309, 1336, 1357, 1370, 1401, 1413, 1440, 1462, 1468, 1494, 1521, 1520, 1540, 0, 24, 66, 86
1179, 1220, 1223, 1259, 1262, 1298, 1309, 1336, 1357, 1370, 1401, 1413, 1440, 1462, 1468, 1494, 1521, 1541, 20, 22, 64, 87
1179, 1220, 1223, 1259, 1262, 1298, 1309, 1336, 1357, 1370, 1401, 1413, 1440, 1462, 1468, 1494, 1521, 1541, 19, 21, 63, 88
1179, 1220, 1223, 1259, 1262, 1261, 1297, 1310, 1338, 1355, 1369, 1398, 1411, 1442, 1464, 1470, 1496, 1518, 1538, 2, 26, 27, 46, 47, 82, 81, 89
1179, 1220, 1223, 1259, 1262, 1261, 1297, 1310, 1338, 1355, 1369, 1398, 1411, 1442, 1464, 1470, 1496, 1518, 1538, 2, 26, 42, 83, 91, 90
1179, 1220, 1223, 1259, 1262, 1261, 1297, 1310, 1338, 1355, 1369, 1398, 1411, 1442, 1464, 1470, 1496, 1518, 1538, 2, 26, 42, 83, 91
1179, 1220, 1223, 1259, 1262, 1261, 1297, 1310, 1338, 1355, 1369, 1398, 1411, 1442, 1464, 1470, 1496, 1518, 1538, 2, 26, 42, 83, 92
1179, 1220, 1223, 1259, 1262, 1261, 1297, 1310, 1338, 1355, 1369, 1398, 1411, 1442, 1464, 1470, 1496, 1518, 1538, 2, 26, 43, 84, 93
1179, 1220, 1223, 1259, 1262, 1298, 1309, 1336, 1357, 1370, 1401, 1413, 1440, 1462, 1468, 1494, 1521, 1541, 20, 22, 64, 87, 95, 94
1179, 1220, 1223, 1259, 1262, 1298, 1309, 1336, 1357, 1370, 1401, 1413, 1440, 1462, 1468, 1494, 1521, 1541, 20, 22, 64, 87, 95
1179, 1220, 1223, 1259, 1262, 1298, 1309, 1336, 1357, 1370, 1401, 1413, 1440, 1462, 1468, 1494, 1521, 1541, 19, 21, 63, 88, 96
1179, 1220, 1223, 1259, 1262, 1298, 1309, 1336, 1357, 1370, 1401, 1413, 1440, 1462, 1468, 1494, 1521, 1541, 19, 21, 63, 88, 97
1179, 1220, 1223, 1259, 1262, 1298, 1309, 1336, 1357, 1370, 1401, 1413, 1440, 1462, 1466, 1493, 1522, 1542, 18, 17, 41, 62, 67, 98
1179, 1220, 1223, 1259, 1262, 1298, 1309, 1336, 1357, 1370, 1401, 1413, 1440, 1462, 1466, 1493, 1522, 1542, 18, 17, 41, 62, 67, 99
