1287, 1288, 1320, 1319, 1325, 1348, 1382, 1391, 1392, 1393, 1407, 1425, 1447, 1473, 1499, 1498, 1518, 1539, 1, 0
1287, 1288, 1320, 1319, 1325, 1348, 1382, 1391, 1392, 1393, 1407, 1425, 1447, 1473, 1499, 1498, 1518, 1539, 1
1287, 1288, 1320, 1319, 1325, 1348, 1382, 1391, 1392, 1393, 1407, 1425, 1447, 1473, 1499, 1517, 1537, 2
1287, 1288, 1320, 1319, 1325, 1348, 1382, 1391, 1423, 1428, 1450, 1477, 1504, 1512, 1552, 1553, 6, 5, 4, 3
1287, 1288, 1320, 1319, 1325, 1348, 1382, 1391, 1423, 1428, 1450, 1477, 1504, 1512, 1552, 1553, 6, 5, 4
1287, 1288, 1320, 1319, 1325, 1348, 1382, 1391, 1423, 1428, 1450, 1477, 1504, 1512, 1552, 1553, 6, 5
1287, 1288, 1320, 1319, 1325, 1348, 1382, 1391, 1423, 1428, 1450, 1477, 1504, 1512, 1552, 1553, 6
1287, 1288, 1320, 1319, 1325, 1348, 1382, 1391, 1423, 1428, 1450, 1477, 1504, 1512, 1552, 7
1287, 1288, 1320, 1319, 1325, 1348, 1382, 1391, 1423, 1428, 1450, 1477, 1505, 1532, 1551, 8
1287, 1288, 1320, 1319, 1325, 1348, 1382, 1391, 1423, 1428, 1450, 1477, 1505, 1532, 1551, 9
1287, 1300, 1328, 1344, 1379, 1380, 1389, 1422, 1430, 1453, 1479, 1508, 1530, 1550, 10
1287, 1300, 1328, 1344, 1379, 1380, 1389, 1422, 1430, 1453, 1479, 1508, 1530, 1549, 11
1287, 1300, 1328, 1344, 1379, 1387, 1420, 1432, 1454, 1480, 1509, 1529, 1548, 12
1287, 1300, 1328, 1344, 1379, 1387, 1420, 1432, 1454, 1480, 1509, 1529, 1548, 1547, 13
1287, 1300, 1328, 1344, 1379, 1387, 1420, 1432, 1454, 1480, 1509, 1529, 1548, 1547, 13, 14
1287, 1300, 1328, 1344, 1379, 1387, 1420, 1433, 1456, 1481, 1482, 1488, 1527, 1545, 15
1287, 1300, 1301, 1329, 1330, 1331, 1342, 1377, 1385, 1418, 1436, 1458, 1483, 1489, 1525, 1544, 16
1287, 1300, 1301, 1329, 1330, 1331, 1342, 1377, 1385, 1418, 1436, 1458, 1483, 1489, 1525, 1544, 16, 17
1287, 1300, 1301, 1329, 1330, 1331, 1342, 1377, 1385, 1418, 1436, 1458, 1483, 1489, 1490, 1491, 1523, 1542, 18
1287, 1300, 1301, 1329, 1330, 1331, 1342, 1377, 1385, 1418, 1436, 1458, 1483, 1489, 1490, 1491, 1523, 1542, 1541, 19
1287, 1300, 1301, 1329, 1330, 1331, 1342, 1377, 1385, 1418, 1436, 1458, 1483, 1489, 1490, 1491, 1523, 1542, 1541, 20
1287, 1300, 1301, 1329, 1330, 1331, 1342, 1377, 1385, 1418, 1436, 1458, 1483, 1489, 1490, 1491, 1523, 1542, 1541, 19, 21
1287, 1300, 1301, 1329, 1330, 1331, 1342, 1377, 1385, 1418, 1436, 1458, 1483, 1489, 1490, 1491, 1523, 1542, 1541, 20, 22
1287, 1288, 1320, 1319, 1325, 1348, 1382, 1391, 1392, 1393, 1407, 1425, 1447, 1473, 1499, 1498, 1518, 1539, 1, 0, 23
1287, 1288, 1320, 1319, 1325, 1348, 1382, 1391, 1392, 1393, 1407, 1425, 1447, 1473, 1499, 1517, 1537, 2, 26, 25, 24
1287, 1288, 1320, 1319, 1325, 1348, 1382, 1391, 1392, 1393, 1407, 1425, 1447, 1473, 1499, 1517, 1537, 2, 26, 25
1287, 1288, 1320, 1319, 1325, 1348, 1382, 1391, 1392, 1393, 1407, 1425, 1447, 1473, 1499, 1517, 1537, 2, 26
1287, 1288, 1320, 1319, 1325, 1348, 1382, 1391, 1423, 1428, 1450, 1477, 1504, 1512, 1552, 1553, 6, 30, 29, 28, 27
1287, 1288, 1320, 1319, 1325, 1348, 1382, 1391, 1423, 1428, 1450, 1477, 1504, 1512, 1552, 1553, 6, 30, 29, 28
1287, 1288, 1320, 1319, 1325, 1348, 1382, 1391, 1423, 1428, 1450, 1477, 1504, 1512, 1552, 1553, 6, 30, 29
1287, 1288, 1320, 1319, 1325, 1348, 1382, 1391, 1423, 1428, 1450, 1477, 1504, 1512, 1552, 1553, 6, 30
1287, 1288, 1320, 1319, 1325, 1348, 1382, 1391, 1423, 1428, 1450, 1477, 1504, 1512, 1552, 1553, 6, 31
1287, 1288, 1320, 1319, 1325, 1348, 1382, 1391, 1423, 1428, 1450, 1477, 1504, 1512, 1552, 7, 32
1287, 1288, 1320, 1319, 1325, 1348, 1382, 1391, 1423, 1428, 1450, 1477, 1505, 1532, 1551, 9, 33
1287, 1300, 1328, 1344, 1379, 1380, 1389, 1422, 1430, 1453, 1479, 1508, 1530, 1550, 10, 34
1287, 1300, 1328, 1344, 1379, 1380, 1389, 1422, 1430, 1453, 1479, 1508, 1530, 1549, 11, 35
1287, 1300, 1328, 1344, 1379, 1387, 1420, 1432, 1454, 1480, 1509, 1529, 1548, 12, 36
1287, 1300, 1328, 1344, 1379, 1387, 1420, 1432, 1454, 1480, 1509, 1529, 1548, 1547, 13, 37
1287, 1300, 1328, 1344, 1379, 1387, 1420, 1433, 1456, 1481, 1482, 1488, 1527, 1545, 15, 38
1287, 1300, 1301, 1329, 1330, 1331, 1342, 1377, 1385, 1418, 1436, 1458, 1483, 1489, 1525, 1544, 16, 39
1287, 1300, 1301, 1329, 1330, 1331, 1342, 1377, 1385, 1418, 1436, 1458, 1483, 1489, 1525, 1544, 16, 40
1287, 1300, 1301, 1329, 1330, 1331, 1342, 1377, 1385, 1418, 1436, 1458, 1483, 1489, 1525, 1544, 16, 17, 41
1287, 1288, 1320, 1319, 1325, 1348, 1382, 1391, 1392, 1393, 1407, 1425, 1447, 1473, 1499, 1517, 1537, 2, 26, 42
1287, 1288, 1320, 1319, 1325, 1348, 1382, 1391, 1392, 1393, 1407, 1425, 1447, 1473, 1499, 1517, 1537, 2, 26, 43
1287, 1288, 1320, 1319, 1325, 1348, 1382, 1391, 1392, 1393, 1407, 1425, 1447, 1473, 1499, 1517, 1537, 2, 26, 44
1287, 1288, 1320, 1319, 1325, 1348, 1382, 1391, 1423, 1428, 1450, 1477, 1504, 1512, 1552, 1553, 6, 30, 29, 28, 47, 46, 45
1287, 1288, 1320, 1319, 1325, 1348, 1382, 1391, 1423, 1428, 1450, 1477, 1504, 1512, 1552, 1553, 6, 30, 29, 28, 47, 46
1287, 1288, 1320, 1319, 1325, 1348, 1382, 1391, 1423, 1428, 1450, 1477, 1504, 1512, 1552, 1553, 6, 30, 29, 28, 47
1287, 1288, 1320, 1319, 1325, 1348, 1382, 1391, 1423, 1428, 1450, 1477, 1504, 1512, 1552, 1553, 6, 30, 29, 48
1287, 1288, 1320, 1319, 1325, 1348, 1382, 1391, 1423, 1428, 1450, 1477, 1504, 1512, 1552, 1553, 6, 31, 50, 49
1287, 1288, 1320, 1319, 1325, 1348, 1382, 1391, 1423, 1428, 1450, 1477, 1504, 1512, 1552, 1553, 6, 31, 50
1287, 1288, 1320, 1319, 1325, 1348, 1382, 1391, 1423, 1428, 1450, 1477, 1504, 1512, 1552, 7, 32, 52, 51
1287, 1288, 1320, 1319, 1325, 1348, 1382, 1391, 1423, 1428, 1450, 1477, 1504, 1512, 1552, 7, 32, 52
1287, 1288, 1320, 1319, 1325, 1348, 1382, 1391, 1423, 1428, 1450, 1477, 1505, 1532, 1551, 9, 33, 53
1287, 1300, 1328, 1344, 1379, 1380, 1389, 1422, 1430, 1453, 1479, 1508, 1530, 1550, 10, 34, 54
1287, 1300, 1328, 1344, 1379, 1380, 1389, 1422, 1430, 1453, 1479, 1508, 1530, 1549, 11, 35, 55
1287, 1300, 1328, 1344, 1379, 1387, 1420, 1432, 1454, 1480, 1509, 1529, 1548, 12, 36, 56
1287, 1300, 1328, 1344, 1379, 1387, 1420, 1432, 1454, 1480, 1509, 1529, 1548, 12, 36, 57
1287, 1300, 1328, 1344, 1379, 1387, 1420, 1432, 1454, 1480, 1509, 1529, 1548, 1547, 13, 37, 58
1287, 1300, 1328, 1344, 1379, 1387, 1420, 1433, 1456, 1481, 1482, 1488, 1527, 1545, 15, 38, 59
1287, 1300, 1301, 1329, 1330, 1331, 1342, 1377, 1385, 1418, 1436, 1458, 1483, 1489, 1525, 1544, 16, 39, 60
1287, 1300, 1301, 1329, 1330, 1331, 1342, 1377, 1385, 1418, 1436, 1458, 1483, 1489, 1525, 1544, 16, 40, 61
1287, 1300, 1301, 1329, 1330, 1331, 1342, 1377, 1385, 1418, 1436, 1458, 1483, 1489, 1525, 1544, 16, 17, 41, 62
1287, 1300, 1301, 1329, 1330, 1331, 1342, 1377, 1385, 1418, 1436, 1458, 1483, 1489, 1525, 1544, 16, 17, 41, 62, 63
1287, 1300, 1301, 1329, 1330, 1331, 1342, 1377, 1385, 1418, 1436, 1458, 1483, 1489, 1490, 1491, 1523, 1542, 1541, 20, 22, 64
1287, 1300, 1301, 1329, 1330, 1331, 1342, 1377, 1385, 1418, 1436, 1458, 1483, 1489, 1490, 1491, 1523, 1542, 1541, 20, 22, 65
1287, 1288, 1320, 1319, 1325, 1348, 1382, 1391, 1392, 1393, 1407, 1425, 1447, 1473, 1499, 1517, 1537, 2, 26, 42, 66
1287, 1300, 1301, 1329, 1330, 1331, 1342, 1377, 1385, 1418, 1436, 1458, 1483, 1489, 1525, 1544, 16, 17, 41, 62, 67
1287, 1300, 1301, 1329, 1330, 1331, 1342, 1377, 1385, 1418, 1436, 1458, 1483, 1489, 1525, 1544, 16, 40, 61, 68
1287, 1300, 1301, 1329, 1330, 1331, 1342, 1377, 1385, 1418, 1436, 1458, 1483, 1489, 1525, 1544, 16, 39, 60, 69
1287, 1300, 1301, 1329, 1330, 1331, 1342, 1377, 1385, 1418, 1436, 1458, 1483, 1489, 1525, 1544, 16, 39, 60, 70
1287, 1300, 1328, 1344, 1379, 1387, 1420, 1432, 1454, 1480, 1509, 1529, 1548, 1547, 13, 37, 58, 71
1287, 1300, 1328, 1344, 1379, 1387, 1420, 1432, 1454, 1480, 1509, 1529, 1548, 12, 36, 57, 72
1287, 1300, 1328, 1344, 1379, 1387, 1420, 1432, 1454, 1480, 1509, 1529, 1548, 12, 36, 56, 73
1287, 1300, 1328, 1344, 1379, 1380, 1389, 1422, 1430, 1453, 1479, 1508, 1530, 1549, 11, 35, 55, 74
1287, 1300, 1328, 1344, 1379, 1380, 1389, 1422, 1430, 1453, 1479, 1508, 1530, 1550, 10, 34, 54, 75
1287, 1288, 1320, 1319, 1325, 1348, 1382, 1391, 1423, 1428, 1450, 1477, 1505, 1532, 1551, 9, 33, 53, 76
1287, 1288, 1320, 1319, 1325, 1348, 1382, 1391, 1423, 1428, 1450, 1477, 1504, 1512, 1552, 7, 32, 52, 77
1287, 1288, 1320, 1319, 1325, 1348, 1382, 1391, 1423, 1428, 1450, 1477, 1504, 1512, 1552, 7, 32, 52, 51, 78
1287, 1288, 1320, 1319, 1325, 1348, 1382, 1391, 1423, 1428, 1450, 1477, 1504, 1512, 1552, 1553, 6, 31, 50, 80, 79
1287, 1288, 1320, 1319, 1325, 1348, 1382, 1391, 1423, 1428, 1450, 1477, 1504, 1512, 1552, 1553, 6, 31, 50, 80
1287, 1288, 1320, 1319, 1325, 1348, 1382, 1391, 1423, 1428, 1450, 1477, 1504, 1512, 1552, 1553, 6, 30, 29, 48, 81
1287, 1288, 1320, 1319, 1325, 1348, 1382, 1391, 1423, 1428, 1450, 1477, 1504, 1512, 1552, 1553, 6, 30, 29, 48, 81, 82
1287, 1288, 1320, 1319, 1325, 1348, 1382, 1391, 1423, 1428, 1450, 1477, 1504, 1512, 1552, 1553, 6, 30, 29, 28, 47, 46, 83
1287, 1288, 1320, 1319, 1325, 1348, 1382, 1391, 1392, 1393, 1407, 1425, 1447, 1473, 1499, 1517, 1537, 2, 26, 43, 84
1287, 1288, 1320, 1319, 1325, 1348, 1382, 1391, 1392, 1393, 1407, 1425, 1447, 1473, 1499, 1517, 1537, 2, 26, 44, 85
1287, 1288, 1320, 1319, 1325, 1348, 1382, 1391, 1392, 1393, 1407, 1425, 1447, 1473, 1499, 1517, 1537, 2, 26, 44, 85, 86
1287, 1300, 1301, 1329, 1330, 1331, 1342, 1377, 1385, 1418, 1436, 1458, 1483, 1489, 1490, 1491, 1523, 1542, 1541, 20, 22, 64, 87
1287, 1300, 1301, 1329, 1330, 1331, 1342, 1377, 1385, 1418, 1436, 1458, 1483, 1489, 1525, 1544, 16, 17, 41, 62, 67, 88
1287, 1288, 1320, 1319, 1325, 1348, 1382, 1391, 1423, 1428, 1450, 1477, 1504, 1512, 1552, 1553, 6, 30, 29, 48, 81, 89
1287, 1288, 1320, 1319, 1325, 1348, 1382, 1391, 1423, 1428, 1450, 1477, 1504, 1512, 1552, 1553, 6, 30, 29, 48, 81, 82, 90
1287, 1288, 1320, 1319, 1325, 1348, 1382, 1391, 1423, 1428, 1450, 1477, 1504, 1512, 1552, 1553, 6, 30, 29, 48, 81, 82, 90, 91
1287, 1288, 1320, 1319, 1325, 1348, 1382, 1391, 1423, 1428, 1450, 1477, 1504, 1512, 1552, 1553, 6, 30, 29, 48, 81, 82, 90, 91, 92
1287, 1288, 1320, 1319, 1325, 1348, 1382, 1391, 1423, 1428, 1450, 1477, 1504, 1512, 1552, 1553, 6, 30, 29, 48, 81, 82, 90, 91, 92, 93
1287, 1288, 1320, 1319, 1325, 1348, 1382, 1391, 1392, 1393, 1407, 1425, 1447, 1473, 1499, 1517, 1537, 2, 26, 44, 85, 86, 94
1287, 1300, 1301, 1329, 1330, 1331, 1342, 1377, 1385, 1418, 1436, 1458, 1483, 1489, 1490, 1491, 1523, 1542, 1541, 20, 22, 64, 87, 95
1287, 1300, 1301, 1329, 1330, 1331, 1342, 1377, 1385, 1418, 1436, 1458, 1483, 1489, 1525, 1544, 16, 17, 41, 62, 67, 98, 97, 96
1287, 1300, 1301, 1329, 1330, 1331, 1342, 1377, 1385, 1418, 1436, 1458, 1483, 1489, 1525, 1544, 16, 17, 41, 62, 67, 98, 97
1287, 1300, 1301, 1329, 1330, 1331, 1342, 1377, 1385, 1418, 1436, 1458, 1483, 1489, 1525, 1544, 16, 17, 41, 62, 67, 98
1287, 1300, 1301, 1329, 1330, 1331, 1342, 1377, 1385, 1418, 1436, 1458, 1483, 1489, 1525, 1544, 16, 17, 41, 62, 67, 99
