1085, 1102, 1116, 1156, 1163, 1198, 1218, 1241, 1243, 1261, 1297, 1310, 1338, 1355, 1369, 1398, 1411, 1441, 1463, 1469, 1495, 1520, 1540, 0
1085, 1102, 1116, 1156, 1163, 1198, 1218, 1241, 1243, 1261, 1297, 1310, 1338, 1355, 1369, 1398, 1411, 1442, 1464, 1470, 1496, 1518, 1539, 1
1085, 1102, 1116, 1156, 1163, 1198, 1218, 1241, 1243, 1261, 1297, 1310, 1338, 1355, 1369, 1398, 1411, 1442, 1464, 1470, 1496, 1518, 1538, 2
1085, 1102, 1116, 1156, 1162, 1197, 1217, 1240, 1239, 1244, 1279, 1294, 1313, 1341, 1352, 1366, 1396, 1409, 1444, 1446, 1472, 1499, 1517, 1536, 3
1085, 1102, 1116, 1156, 1162, 1197, 1217, 1240, 1239, 1244, 1279, 1294, 1313, 1341, 1352, 1366, 1396, 1409, 1444, 1446, 1472, 1499, 1516, 1515, 1534, 4
1085, 1102, 1116, 1156, 1162, 1197, 1217, 1240, 1239, 1244, 1279, 1294, 1313, 1341, 1352, 1366, 1396, 1409, 1444, 1446, 1472, 1499, 1516, 1515, 1534, 5
1085, 1102, 1116, 1156, 1162, 1197, 1217, 1240, 1239, 1244, 1279, 1294, 1313, 1341, 1352, 1366, 1396, 1409, 1444, 1446, 1472, 1499, 1516, 1515, 1534, 5, 6
1085, 1102, 1116, 1156, 1162, 1197, 1217, 1240, 1239, 1238, 1245, 1276, 1292, 1316, 1322, 1350, 1363, 1393, 1406, 1426, 1449, 1476, 1503, 1511, 1552, 7
1085, 1102, 1116, 1156, 1162, 1197, 1217, 1240, 1239, 1238, 1245, 1276, 1292, 1316, 1322, 1323, 1349, 1362, 1392, 1405, 1427, 1450, 1477, 1505, 1532, 1551, 8
1085, 1102, 1116, 1156, 1162, 1197, 1217, 1240, 1239, 1238, 1245, 1276, 1292, 1316, 1322, 1323, 1349, 1362, 1392, 1405, 1427, 1450, 1477, 1505, 1532, 1551, 9
1085, 1102, 1116, 1156, 1162, 1197, 1217, 1240, 1239, 1238, 1245, 1276, 1292, 1316, 1322, 1323, 1349, 1362, 1392, 1405, 1427, 1450, 1477, 1505, 1532, 1551, 9, 10
1085, 1102, 1116, 1156, 1162, 1197, 1217, 1240, 1239, 1238, 1245, 1276, 1292, 1316, 1322, 1323, 1349, 1362, 1392, 1405, 1427, 1450, 1477, 1505, 1532, 1551, 1550, 11
1085, 1102, 1116, 1156, 1163, 1198, 1218, 1241, 1243, 1261, 1262, 1299, 1308, 1307, 1335, 1358, 1372, 1403, 1414, 1438, 1460, 1459, 1485, 1489, 1526, 1545, 15, 14, 13, 12
1085, 1102, 1116, 1156, 1163, 1198, 1218, 1241, 1243, 1261, 1262, 1299, 1308, 1307, 1335, 1358, 1372, 1403, 1414, 1438, 1460, 1459, 1485, 1489, 1526, 1545, 15, 14, 13
1085, 1102, 1116, 1156, 1163, 1198, 1218, 1241, 1243, 1261, 1262, 1299, 1308, 1307, 1335, 1358, 1372, 1403, 1414, 1438, 1460, 1459, 1485, 1489, 1526, 1545, 15, 14
1085, 1102, 1116, 1156, 1163, 1198, 1218, 1241, 1243, 1261, 1262, 1299, 1308, 1307, 1335, 1358, 1372, 1403, 1414, 1438, 1460, 1459, 1485, 1489, 1526, 1545, 15
1085, 1102, 1116, 1156, 1163, 1198, 1218, 1241, 1243, 1261, 1262, 1299, 1308, 1307, 1335, 1358, 1372, 1403, 1414, 1438, 1460, 1459, 1485, 1489, 1525, 1544, 16
1085, 1102, 1116, 1156, 1163, 1198, 1218, 1241, 1243, 1261, 1262, 1298, 1309, 1336, 1357, 1370, 1401, 1413, 1440, 1462, 1466, 1493, 1522, 1542, 18, 17
1085, 1102, 1116, 1156, 1163, 1198, 1218, 1241, 1243, 1261, 1262, 1298, 1309, 1336, 1357, 1370, 1401, 1413, 1440, 1462, 1466, 1493, 1522, 1542, 18
1085, 1102, 1116, 1156, 1163, 1198, 1218, 1241, 1243, 1261, 1262, 1298, 1309, 1336, 1357, 1370, 1401, 1413, 1440, 1462, 1468, 1494, 1521, 1541, 19
1085, 1102, 1116, 1156, 1163, 1198, 1218, 1241, 1243, 1261, 1262, 1298, 1309, 1336, 1357, 1370, 1401, 1413, 1440, 1462, 1468, 1494, 1521, 1541, 20
1085, 1102, 1116, 1156, 1163, 1198, 1218, 1241, 1243, 1261, 1262, 1298, 1309, 1336, 1357, 1370, 1401, 1413, 1440, 1462, 1468, 1494, 1521, 1541, 19, 21
1085, 1102, 1116, 1156, 1163, 1198, 1218, 1241, 1243, 1261, 1262, 1298, 1309, 1336, 1357, 1370, 1401, 1413, 1440, 1462, 1468, 1494, 1521, 1541, 20, 22
1085, 1102, 1116, 1156, 1163, 1198, 1218, 1241, 1243, 1261, 1297, 1310, 1338, 1355, 1369, 1398, 1411, 1441, 1463, 1469, 1495, 1520, 1540, 0, 23
1085, 1102, 1116, 1156, 1163, 1198, 1218, 1241, 1243, 1261, 1297, 1310, 1338, 1355, 1369, 1398, 1411, 1441, 1463, 1469, 1495, 1520, 1540, 0, 24
1085, 1102, 1116, 1156, 1163, 1198, 1218, 1241, 1243, 1261, 1297, 1310, 1338, 1355, 1369, 1398, 1411, 1442, 1464, 1470, 1496, 1518, 1539, 1, 25
1085, 1102, 1116, 1156, 1163, 1198, 1218, 1241, 1243, 1261, 1297, 1310, 1338, 1355, 1369, 1398, 1411, 1442, 1464, 1470, 1496, 1518, 1538, 2, 26
1085, 1102, 1116, 1156, 1162, 1197, 1217, 1240, 1239, 1244, 1279, 1294, 1313, 1341, 1352, 1366, 1396, 1409, 1444, 1446, 1472, 1499, 1517, 1536, 3, 27
1085, 1102, 1116, 1156, 1162, 1197, 1217, 1240, 1239, 1244, 1279, 1294, 1313, 1341, 1352, 1366, 1396, 1409, 1444, 1446, 1472, 1499, 1516, 1515, 1534, 5, 28
1085, 1102, 1116, 1156, 1162, 1197, 1217, 1240, 1239, 1244, 1279, 1294, 1313, 1341, 1352, 1366, 1396, 1409, 1444, 1446, 1472, 1499, 1516, 1515, 1534, 5, 29
1085, 1102, 1116, 1156, 1162, 1197, 1217, 1240, 1239, 1244, 1279, 1294, 1313, 1341, 1352, 1366, 1396, 1409, 1444, 1446, 1472, 1499, 1516, 1515, 1534, 5, 29, 30
1085, 1102, 1116, 1156, 1162, 1197, 1217, 1240, 1239, 1244, 1279, 1294, 1313, 1341, 1352, 1366, 1396, 1409, 1444, 1446, 1472, 1499, 1516, 1515, 1534, 5, 6, 31
1085, 1102, 1116, 1156, 1162, 1197, 1217, 1240, 1239, 1238, 1245, 1276, 1292, 1316, 1322, 1350, 1363, 1393, 1406, 1426, 1449, 1476, 1503, 1511, 1552, 7, 32
1085, 1102, 1116, 1156, 1162, 1197, 1217, 1240, 1239, 1238, 1245, 1276, 1292, 1316, 1322, 1323, 1349, 1362, 1392, 1405, 1427, 1450, 1477, 1505, 1532, 1551, 9, 33
1085, 1102, 1116, 1156, 1162, 1197, 1217, 1240, 1239, 1238, 1245, 1276, 1292, 1316, 1322, 1323, 1349, 1362, 1392, 1405, 1427, 1450, 1477, 1505, 1532, 1551, 9, 33, 34
1085, 1102, 1116, 1156, 1162, 1197, 1217, 1240, 1239, 1238, 1245, 1276, 1292, 1316, 1322, 1323, 1349, 1362, 1392, 1405, 1427, 1450, 1477, 1505, 1532, 1551, 9, 33, 34, 35
1085, 1102, 1116, 1156, 1163, 1198, 1218, 1241, 1243, 1261, 1262, 1299, 1308, 1307, 1335, 1358, 1372, 1403, 1414, 1438, 1460, 1459, 1485, 1489, 1525, 1544, 16, 38, 37, 36
1085, 1102, 1116, 1156, 1163, 1198, 1218, 1241, 1243, 1261, 1262, 1299, 1308, 1307, 1335, 1358, 1372, 1403, 1414, 1438, 1460, 1459, 1485, 1489, 1525, 1544, 16, 38, 37
1085, 1102, 1116, 1156, 1163, 1198, 1218, 1241, 1243, 1261, 1262, 1299, 1308, 1307, 1335, 1358, 1372, 1403, 1414, 1438, 1460, 1459, 1485, 1489, 1525, 1544, 16, 38
1085, 1102, 1116, 1156, 1163, 1198, 1218, 1241, 1243, 1261, 1262, 1299, 1308, 1307, 1335, 1358, 1372, 1403, 1414, 1438, 1460, 1459, 1485, 1489, 1525, 1544, 16, 39
1085, 1102, 1116, 1156, 1163, 1198, 1218, 1241, 1243, 1261, 1262, 1299, 1308, 1307, 1335, 1358, 1372, 1403, 1414, 1438, 1460, 1459, 1485, 1489, 1525, 1544, 16, 40
1085, 1102, 1116, 1156, 1163, 1198, 1218, 1241, 1243, 1261, 1262, 1298, 1309, 1336, 1357, 1370, 1401, 1413, 1440, 1462, 1466, 1493, 1522, 1542, 18, 17, 41
1085, 1102, 1116, 1156, 1163, 1198, 1218, 1241, 1243, 1261, 1297, 1310, 1338, 1355, 1369, 1398, 1411, 1442, 1464, 1470, 1496, 1518, 1538, 2, 26, 42
1085, 1102, 1116, 1156, 1163, 1198, 1218, 1241, 1243, 1261, 1297, 1310, 1338, 1355, 1369, 1398, 1411, 1442, 1464, 1470, 1496, 1518, 1538, 2, 26, 43
1085, 1102, 1116, 1156, 1163, 1198, 1218, 1241, 1243, 1261, 1297, 1310, 1338, 1355, 1369, 1398, 1411, 1442, 1464, 1470, 1496, 1518, 1538, 2, 26, 44
1085, 1102, 1116, 1156, 1162, 1197, 1217, 1240, 1239, 1244, 1279, 1294, 1313, 1341, 1352, 1366, 1396, 1409, 1444, 1446, 1472, 1499, 1517, 1536, 3, 27, 45
1085, 1102, 1116, 1156, 1162, 1197, 1217, 1240, 1239, 1244, 1279, 1294, 1313, 1341, 1352, 1366, 1396, 1409, 1444, 1446, 1472, 1499, 1517, 1536, 3, 27, 46
1085, 1102, 1116, 1156, 1162, 1197, 1217, 1240, 1239, 1244, 1279, 1294, 1313, 1341, 1352, 1366, 1396, 1409, 1444, 1446, 1472, 1499, 1516, 1515, 1534, 5, 28, 47
1085, 1102, 1116, 1156, 1162, 1197, 1217, 1240, 1239, 1244, 1279, 1294, 1313, 1341, 1352, 1366, 1396, 1409, 1444, 1446, 1472, 1499, 1516, 1515, 1534, 5, 29, 48
1085, 1102, 1116, 1156, 1162, 1197, 1217, 1240, 1239, 1244, 1279, 1294, 1313, 1341, 1352, 1366, 1396, 1409, 1444, 1446, 1472, 1499, 1516, 1515, 1534, 5, 29, 49
1085, 1102, 1116, 1156, 1162, 1197, 1217, 1240, 1239, 1244, 1279, 1294, 1313, 1341, 1352, 1366, 1396, 1409, 1444, 1446, 1472, 1499, 1516, 1515, 1534, 5, 6, 31, 50
1085, 1102, 1116, 1156, 1162, 1197, 1217, 1240, 1239, 1244, 1279, 1294, 1313, 1341, 1352, 1366, 1396, 1409, 1444, 1446, 1472, 1499, 1516, 1515, 1534, 5, 6, 31, 51
1085, 1102, 1116, 1156, 1162, 1197, 1217, 1240, 1239, 1238, 1245, 1276, 1292, 1316, 1322, 1350, 1363, 1393, 1406, 1426, 1449, 1476, 1503, 1511, 1552, 7, 32, 52
1085, 1102, 1116, 1156, 1162, 1197, 1217, 1240, 1239, 1238, 1245, 1276, 1292, 1316, 1322, 1323, 1349, 1362, 1392, 1405, 1427, 1450, 1477, 1505, 1532, 1551, 9, 33, 53
1085, 1102, 1116, 1156, 1162, 1197, 1217, 1240, 1239, 1238, 1245, 1276, 1292, 1316, 1322, 1323, 1349, 1362, 1392, 1405, 1427, 1450, 1477, 1505, 1532, 1551, 9, 33, 53, 54
1085, 1102, 1116, 1156, 1163, 1198, 1218, 1241, 1243, 1261, 1262, 1299, 1308, 1307, 1335, 1358, 1372, 1403, 1414, 1438, 1460, 1459, 1485, 1489, 1525, 1544, 16, 38, 59, 58, 57, 56, 55
1085, 1102, 1116, 1156, 1163, 1198, 1218, 1241, 1243, 1261, 1262, 1299, 1308, 1307, 1335, 1358, 1372, 1403, 1414, 1438, 1460, 1459, 1485, 1489, 1525, 1544, 16, 38, 59, 58, 57, 56
1085, 1102, 1116, 1156, 1163, 1198, 1218, 1241, 1243, 1261, 1262, 1299, 1308, 1307, 1335, 1358, 1372, 1403, 1414, 1438, 1460, 1459, 1485, 1489, 1525, 1544, 16, 38, 59, 58, 57
1085, 1102, 1116, 1156, 1163, 1198, 1218, 1241, 1243, 1261, 1262, 1299, 1308, 1307, 1335, 1358, 1372, 1403, 1414, 1438, 1460, 1459, 1485, 1489, 1525, 1544, 16, 38, 59, 58
1085, 1102, 1116, 1156, 1163, 1198, 1218, 1241, 1243, 1261, 1262, 1299, 1308, 1307, 1335, 1358, 1372, 1403, 1414, 1438, 1460, 1459, 1485, 1489, 1525, 1544, 16, 38, 59
1085, 1102, 1116, 1156, 1163, 1198, 1218, 1241, 1243, 1261, 1262, 1299, 1308, 1307, 1335, 1358, 1372, 1403, 1414, 1438, 1460, 1459, 1485, 1489, 1525, 1544, 16, 39, 60
1085, 1102, 1116, 1156, 1163, 1198, 1218, 1241, 1243, 1261, 1262, 1299, 1308, 1307, 1335, 1358, 1372, 1403, 1414, 1438, 1460, 1459, 1485, 1489, 1525, 1544, 16, 40, 61
1085, 1102, 1116, 1156, 1163, 1198, 1218, 1241, 1243, 1261, 1262, 1298, 1309, 1336, 1357, 1370, 1401, 1413, 1440, 1462, 1466, 1493, 1522, 1542, 18, 17, 41, 62
1085, 1102, 1116, 1156, 1163, 1198, 1218, 1241, 1243, 1261, 1262, 1298, 1309, 1336, 1357, 1370, 1401, 1413, 1440, 1462, 1468, 1494, 1521, 1541, 19, 21, 63
1085, 1102, 1116, 1156, 1163, 1198, 1218, 1241, 1243, 1261, 1262, 1298, 1309, 1336, 1357, 1370, 1401, 1413, 1440, 1462, 1468, 1494, 1521, 1541, 20, 22, 64
1085, 1102, 1116, 1156, 1163, 1198, 1218, 1241, 1243, 1261, 1262, 1298, 1309, 1336, 1357, 1370, 1401, 1413, 1440, 1462, 1468, 1494, 1521, 1541, 20, 22, 65
1085, 1102, 1116, 1156, 1163, 1198, 1218, 1241, 1243, 1261, 1297, 1310, 1338, 1355, 1369, 1398, 1411, 1442, 1464, 1470, 1496, 1518, 1539, 1, 25, 66
1085, 1102, 1116, 1156, 1163, 1198, 1218, 1241, 1243, 1261, 1262, 1298, 1309, 1336, 1357, 1370, 1401, 1413, 1440, 1462, 1466, 1493, 1522, 1542, 18, 17, 41, 62, 67
1085, 1102, 1116, 1156, 1163, 1198, 1218, 1241, 1243, 1261, 1262, 1299, 1308, 1307, 1335, 1358, 1372, 1403, 1414, 1438, 1460, 1459, 1485, 1489, 1525, 1544, 16, 40, 61, 68
1085, 1102, 1116, 1156, 1163, 1198, 1218, 1241, 1243, 1261, 1262, 1299, 1308, 1307, 1335, 1358, 1372, 1403, 1414, 1438, 1460, 1459, 1485, 1489, 1525, 1544, 16, 39, 60, 69
1085, 1102, 1116, 1156, 1163, 1198, 1218, 1241, 1243, 1261, 1262, 1299, 1308, 1307, 1335, 1358, 1372, 1403, 1414, 1438, 1460, 1459, 1485, 1489, 1525, 1544, 16, 39, 60, 70
1085, 1102, 1116, 1156, 1163, 1198, 1218, 1241, 1243, 1261, 1262, 1299, 1308, 1307, 1335, 1358, 1372, 1403, 1414, 1438, 1460, 1459, 1485, 1489, 1525, 1544, 16, 39, 60, 70, 71
1085, 1102, 1116, 1156, 1163, 1198, 1218, 1241, 1243, 1261, 1262, 1299, 1308, 1307, 1335, 1358, 1372, 1403, 1414, 1438, 1460, 1459, 1485, 1489, 1525, 1544, 16, 39, 60, 70, 71, 72
1085, 1102, 1116, 1156, 1163, 1198, 1218, 1241, 1243, 1261, 1262, 1299, 1308, 1307, 1335, 1358, 1372, 1403, 1414, 1438, 1460, 1459, 1485, 1489, 1525, 1544, 16, 38, 59, 58, 57, 56, 73
1085, 1102, 1116, 1156, 1162, 1197, 1217, 1240, 1239, 1238, 1245, 1276, 1292, 1316, 1322, 1323, 1349, 1362, 1392, 1405, 1427, 1450, 1477, 1505, 1532, 1551, 9, 33, 53, 76, 75, 74
1085, 1102, 1116, 1156, 1162, 1197, 1217, 1240, 1239, 1238, 1245, 1276, 1292, 1316, 1322, 1323, 1349, 1362, 1392, 1405, 1427, 1450, 1477, 1505, 1532, 1551, 9, 33, 53, 76, 75
1085, 1102, 1116, 1156, 1162, 1197, 1217, 1240, 1239, 1238, 1245, 1276, 1292, 1316, 1322, 1323, 1349, 1362, 1392, 1405, 1427, 1450, 1477, 1505, 1532, 1551, 9, 33, 53, 76
1085, 1102, 1116, 1156, 1162, 1197, 1217, 1240, 1239, 1238, 1245, 1276, 1292, 1316, 1322, 1350, 1363, 1393, 1406, 1426, 1449, 1476, 1503, 1511, 1552, 7, 32, 52, 77
1085, 1102, 1116, 1156, 1162, 1197, 1217, 1240, 1239, 1244, 1279, 1294, 1313, 1341, 1352, 1366, 1396, 1409, 1444, 1446, 1472, 1499, 1516, 1515, 1534, 5, 6, 31, 50, 80, 79, 78
1085, 1102, 1116, 1156, 1162, 1197, 1217, 1240, 1239, 1244, 1279, 1294, 1313, 1341, 1352, 1366, 1396, 1409, 1444, 1446, 1472, 1499, 1516, 1515, 1534, 5, 6, 31, 50, 80, 79
1085, 1102, 1116, 1156, 1162, 1197, 1217, 1240, 1239, 1244, 1279, 1294, 1313, 1341, 1352, 1366, 1396, 1409, 1444, 1446, 1472, 1499, 1516, 1515, 1534, 5, 6, 31, 50, 80
1085, 1102, 1116, 1156, 1162, 1197, 1217, 1240, 1239, 1244, 1279, 1294, 1313, 1341, 1352, 1366, 1396, 1409, 1444, 1446, 1472, 1499, 1516, 1515, 1534, 5, 29, 48, 81
1085, 1102, 1116, 1156, 1162, 1197, 1217, 1240, 1239, 1244, 1279, 1294, 1313, 1341, 1352, 1366, 1396, 1409, 1444, 1446, 1472, 1499, 1516, 1515, 1534, 5, 29, 48, 81, 82
1085, 1102, 1116, 1156, 1163, 1198, 1218, 1241, 1243, 1261, 1297, 1310, 1338, 1355, 1369, 1398, 1411, 1442, 1464, 1470, 1496, 1518, 1538, 2, 26, 42, 83
1085, 1102, 1116, 1156, 1163, 1198, 1218, 1241, 1243, 1261, 1297, 1310, 1338, 1355, 1369, 1398, 1411, 1442, 1464, 1470, 1496, 1518, 1538, 2, 26, 43, 84
1085, 1102, 1116, 1156, 1163, 1198, 1218, 1241, 1243, 1261, 1297, 1310, 1338, 1355, 1369, 1398, 1411, 1442, 1464, 1470, 1496, 1518, 1538, 2, 26, 44, 85
1085, 1102, 1116, 1156, 1163, 1198, 1218, 1241, 1243, 1261, 1297, 1310, 1338, 1355, 1369, 1398, 1411, 1442, 1464, 1470, 1496, 1518, 1539, 1, 25, 66, 86
1085, 1102, 1116, 1156, 1163, 1198, 1218, 1241, 1243, 1261, 1262, 1298, 1309, 1336, 1357, 1370, 1401, 1413, 1440, 1462, 1468, 1494, 1521, 1541, 20, 22, 64, 87
1085, 1102, 1116, 1156, 1163, 1198, 1218, 1241, 1243, 1261, 1262, 1298, 1309, 1336, 1357, 1370, 1401, 1413, 1440, 1462, 1468, 1494, 1521, 1541, 19, 21, 63, 88
1085, 1102, 1116, 1156, 1162, 1197, 1217, 1240, 1239, 1244, 1279, 1294, 1313, 1341, 1352, 1366, 1396, 1409, 1444, 1446, 1472, 1499, 1516, 1515, 1534, 5, 29, 48, 81, 89
1085, 1102, 1116, 1156, 1162, 1197, 1217, 1240, 1239, 1244, 1279, 1294, 1313, 1341, 1352, 1366, 1396, 1409, 1444, 1446, 1472, 1499, 1516, 1515, 1534, 5, 29, 48, 81, 82, 90
1085, 1102, 1116, 1156, 1163, 1198, 1218, 1241, 1243, 1261, 1297, 1310, 1338, 1355, 1369, 1398, 1411, 1442, 1464, 1470, 1496, 1518, 1538, 2, 26, 42, 83, 91
1085, 1102, 1116, 1156, 1163, 1198, 1218, 1241, 1243, 1261, 1297, 1310, 1338, 1355, 1369, 1398, 1411, 1442, 1464, 1470, 1496, 1518, 1538, 2, 26, 42, 83, 92
1085, 1102, 1116, 1156, 1163, 1198, 1218, 1241, 1243, 1261, 1297, 1310, 1338, 1355, 1369, 1398, 1411, 1442, 1464, 1470, 1496, 1518, 1538, 2, 26, 43, 84, 93
1085, 1102, 1116, 1156, 1163, 1198, 1218, 1241, 1243, 1261, 1297, 1310, 1338, 1355, 1369, 1398, 1411, 1442, 1464, 1470, 1496, 1518, 1539, 1, 25, 66, 86, 94
1085, 1102, 1116, 1156, 1163, 1198, 1218, 1241, 1243, 1261, 1297, 1310, 1338, 1355, 1369, 1398, 1411, 1442, 1464, 1470, 1496, 1518, 1539, 1, 25, 66, 86, 95
1085, 1102, 1116, 1156, 1163, 1198, 1218, 1241, 1243, 1261, 1262, 1298, 1309, 1336, 1357, 1370, 1401, 1413, 1440, 1462, 1468, 1494, 1521, 1541, 19, 21, 63, 88, 96
1085, 1102, 1116, 1156, 1163, 1198, 1218, 1241, 1243, 1261, 1262, 1298, 1309, 1336, 1357, 1370, 1401, 1413, 1440, 1462, 1468, 1494, 1521, 1541, 19, 21, 63, 88, 97
1085, 1102, 1116, 1156, 1163, 1198, 1218, 1241, 1243, 1261, 1262, 1298, 1309, 1336, 1357, 1370, 1401, 1413, 1440, 1462, 1466, 1493, 1522, 1542, 18, 17, 41, 62, 67, 98
1085, 1102, 1116, 1156, 1163, 1198, 1218, 1241, 1243, 1261, 1262, 1298, 1309, 1336, 1357, 1370, 1401, 1413, 1440, 1462, 1466, 1493, 1522, 1542, 18, 17, 41, 62, 67, 99
