1527, 1526, 1525, 1524, 1523, 1542, 1541, 20, 0
1527, 1526, 1525, 1524, 1523, 1542, 1541, 20, 0, 1
1527, 1526, 1525, 1524, 1523, 1542, 1541, 20, 0, 1, 2
1527, 1526, 1525, 1524, 1523, 1542, 1541, 20, 0, 1, 2, 3
1527, 1528, 1529, 1530, 1531, 1551, 1552, 1553, 6, 5, 4
1527, 1528, 1529, 1530, 1531, 1551, 1552, 1553, 6, 5
1527, 1528, 1529, 1530, 1531, 1551, 1552, 1553, 6
1527, 1528, 1529, 1530, 1531, 1551, 8, 7
1527, 1528, 1529, 1530, 1531, 1551, 8
1527, 1528, 1547, 1548, 1549, 1550, 10, 9
1527, 1528, 1547, 1548, 1549, 1550, 10
1527, 1528, 1546, 13, 12, 11
1527, 1528, 1546, 13, 12
1527, 1528, 1546, 13
1527, 1528, 1546, 14
1527, 1545, 15
1527, 1526, 1544, 16
1527, 1526, 1544, 16, 17
1527, 1526, 1544, 16, 17, 18
1527, 1526, 1544, 16, 17, 18, 19
1527, 1526, 1525, 1524, 1523, 1542, 1541, 20
1527, 1526, 1544, 16, 17, 41, 21
1527, 1526, 1525, 1524, 1523, 1542, 1541, 20, 22
1527, 1526, 1525, 1524, 1523, 1542, 1541, 20, 22, 23
1527, 1526, 1525, 1524, 1523, 1542, 1541, 20, 22, 23, 24
1527, 1526, 1525, 1524, 1523, 1542, 1541, 20, 22, 23, 24, 25
1527, 1526, 1525, 1524, 1523, 1542, 1541, 20, 22, 23, 24, 25, 26
1527, 1526, 1525, 1524, 1523, 1542, 1541, 20, 22, 23, 24, 25, 26, 27
1527, 1528, 1529, 1530, 1531, 1551, 1552, 1553, 6, 30, 29, 28
1527, 1528, 1529, 1530, 1531, 1551, 1552, 1553, 6, 30, 29
1527, 1528, 1529, 1530, 1531, 1551, 1552, 1553, 6, 30
1527, 1528, 1529, 1530, 1531, 1551, 8, 7, 32, 31
1527, 1528, 1529, 1530, 1531, 1551, 8, 7, 32
1527, 1528, 1547, 1548, 1549, 1550, 10, 9, 33
1527, 1528, 1547, 1548, 1549, 1550, 10, 34
1527, 1528, 1546, 13, 12, 36, 35
1527, 1528, 1546, 13, 12, 36
1527, 1528, 1546, 14, 37
1527, 1545, 15, 38
1527, 1526, 1544, 16, 39
1527, 1526, 1544, 16, 40
1527, 1526, 1544, 16, 17, 41
1527, 1526, 1525, 1524, 1523, 1542, 1541, 20, 22, 65, 66, 42
1527, 1526, 1525, 1524, 1523, 1542, 1541, 20, 22, 64, 87, 86, 85, 44, 43
1527, 1526, 1525, 1524, 1523, 1542, 1541, 20, 22, 64, 87, 86, 85, 44
1527, 1526, 1525, 1524, 1523, 1542, 1541, 20, 22, 64, 87, 86, 85, 44, 45
1527, 1526, 1525, 1524, 1523, 1542, 1541, 20, 22, 65, 66, 42, 83, 46
1527, 1528, 1529, 1530, 1531, 1551, 1552, 1553, 6, 30, 29, 28, 47
1527, 1528, 1529, 1530, 1531, 1551, 8, 7, 32, 31, 50, 49, 48
1527, 1528, 1529, 1530, 1531, 1551, 8, 7, 32, 31, 50, 49
1527, 1528, 1529, 1530, 1531, 1551, 8, 7, 32, 31, 50
1527, 1528, 1529, 1530, 1531, 1551, 8, 7, 32, 52, 51
1527, 1528, 1529, 1530, 1531, 1551, 8, 7, 32, 52
1527, 1528, 1547, 1548, 1549, 1550, 10, 34, 53
1527, 1528, 1546, 13, 12, 36, 56, 55, 54
1527, 1528, 1546, 13, 12, 36, 56, 55
1527, 1528, 1546, 13, 12, 36, 56
1527, 1528, 1546, 13, 12, 36, 57
1527, 1528, 1546, 14, 37, 58
1527, 1545, 15, 38, 59
1527, 1526, 1544, 16, 39, 60
1527, 1526, 1544, 16, 40, 61
1527, 1526, 1544, 16, 17, 41, 62
1527, 1526, 1544, 16, 17, 41, 62, 63
1527, 1526, 1525, 1524, 1523, 1542, 1541, 20, 22, 64
1527, 1526, 1525, 1524, 1523, 1542, 1541, 20, 22, 65
1527, 1526, 1525, 1524, 1523, 1542, 1541, 20, 22, 65, 66
1527, 1526, 1544, 16, 17, 41, 62, 67
1527, 1526, 1544, 16, 40, 61, 68
1527, 1526, 1544, 16, 39, 60, 69
1527, 1526, 1544, 16, 39, 60, 70
1527, 1528, 1546, 14, 37, 58, 71
1527, 1528, 1546, 14, 37, 58, 71, 72
1527, 1528, 1546, 13, 12, 36, 56, 73
1527, 1528, 1546, 13, 12, 36, 56, 73, 74
1527, 1528, 1546, 13, 12, 36, 56, 73, 74, 75
1527, 1528, 1546, 13, 12, 36, 56, 55, 54, 76
1527, 1528, 1529, 1530, 1531, 1551, 8, 7, 32, 52, 77
1527, 1528, 1529, 1530, 1531, 1551, 8, 7, 32, 52, 51, 78
1527, 1528, 1529, 1530, 1531, 1551, 8, 7, 32, 52, 51, 79
1527, 1528, 1529, 1530, 1531, 1551, 8, 7, 32, 52, 51, 79, 80
1527, 1528, 1529, 1530, 1531, 1551, 8, 7, 32, 31, 50, 49, 81
1527, 1528, 1529, 1530, 1531, 1551, 8, 7, 32, 31, 50, 49, 81, 82
1527, 1526, 1525, 1524, 1523, 1542, 1541, 20, 22, 65, 66, 42, 83
1527, 1526, 1525, 1524, 1523, 1542, 1541, 20, 22, 64, 87, 86, 85, 84
1527, 1526, 1525, 1524, 1523, 1542, 1541, 20, 22, 64, 87, 86, 85
1527, 1526, 1525, 1524, 1523, 1542, 1541, 20, 22, 64, 87, 86
1527, 1526, 1525, 1524, 1523, 1542, 1541, 20, 22, 64, 87
1527, 1526, 1544, 16, 17, 41, 62, 67, 88
1527, 1528, 1529, 1530, 1531, 1551, 8, 7, 32, 52, 51, 78, 110, 89
1527, 1528, 1529, 1530, 1531, 1551, 8, 7, 32, 52, 51, 78, 110, 89, 90
1527, 1526, 1525, 1524, 1523, 1542, 1541, 20, 22, 64, 87, 95, 94, 93, 92, 91
1527, 1526, 1525, 1524, 1523, 1542, 1541, 20, 22, 64, 87, 95, 94, 93, 92
1527, 1526, 1525, 1524, 1523, 1542, 1541, 20, 22, 64, 87, 95, 94, 93
1527, 1526, 1525, 1524, 1523, 1542, 1541, 20, 22, 64, 87, 95, 94
1527, 1526, 1525, 1524, 1523, 1542, 1541, 20, 22, 64, 87, 95
1527, 1526, 1544, 16, 17, 41, 62, 67, 98, 97, 96
1527, 1526, 1544, 16, 17, 41, 62, 67, 98, 97
1527, 1526, 1544, 16, 17, 41, 62, 67, 98
1527, 1526, 1544, 16, 17, 41, 62, 67, 99
