1441, 1463, 1469, 1495, 1520, 1540, 0
1441, 1464, 1470, 1496, 1518, 1539, 1
1441, 1464, 1470, 1496, 1518, 1538, 2
1441, 1464, 1470, 1496, 1518, 1538, 1537, 1536, 3
1441, 1464, 1470, 1496, 1518, 1538, 1537, 1536, 3, 4
1441, 1464, 1470, 1496, 1518, 1517, 1516, 1515, 1534, 5
1441, 1464, 1470, 1496, 1518, 1517, 1516, 1515, 1534, 5, 6
1441, 1464, 1470, 1497, 1498, 1499, 1500, 1501, 1502, 1514, 1513, 1552, 7
1441, 1464, 1470, 1497, 1498, 1499, 1500, 1501, 1502, 1514, 1513, 1552, 7, 8
1441, 1464, 1445, 1446, 1447, 1448, 1449, 1450, 1477, 1505, 1532, 1551, 9
1441, 1464, 1445, 1446, 1447, 1448, 1449, 1450, 1477, 1505, 1532, 1551, 9, 10
1441, 1440, 1462, 1466, 1493, 1522, 1542, 18, 17, 16, 15, 14, 13, 12, 11
1441, 1440, 1462, 1466, 1493, 1522, 1542, 18, 17, 16, 15, 14, 13, 12
1441, 1440, 1462, 1466, 1493, 1522, 1542, 18, 17, 16, 15, 14, 13
1441, 1440, 1462, 1466, 1493, 1522, 1542, 18, 17, 16, 15, 14
1441, 1440, 1462, 1466, 1493, 1522, 1542, 18, 17, 16, 15
1441, 1440, 1462, 1466, 1493, 1522, 1542, 18, 17, 16
1441, 1440, 1462, 1466, 1493, 1522, 1542, 18, 17
1441, 1440, 1462, 1466, 1493, 1522, 1542, 18
1441, 1440, 1462, 1468, 1494, 1521, 1541, 19
1441, 1440, 1462, 1468, 1494, 1521, 1541, 20
1441, 1440, 1462, 1468, 1494, 1521, 1541, 19, 21
1441, 1440, 1462, 1468, 1494, 1521, 1541, 20, 22
1441, 1463, 1469, 1495, 1520, 1540, 0, 23
1441, 1463, 1469, 1495, 1520, 1540, 0, 24
1441, 1464, 1470, 1496, 1518, 1539, 1, 25
1441, 1464, 1470, 1496, 1518, 1538, 2, 26
1441, 1464, 1470, 1496, 1518, 1538, 2, 26, 27
1441, 1464, 1470, 1496, 1518, 1538, 1537, 1536, 3, 4, 28
1441, 1464, 1470, 1496, 1518, 1538, 1537, 1536, 3, 4, 28, 29
1441, 1464, 1470, 1496, 1518, 1538, 1537, 1536, 3, 4, 28, 29, 30
1441, 1464, 1470, 1496, 1518, 1517, 1516, 1515, 1534, 5, 6, 31
1441, 1464, 1470, 1497, 1498, 1499, 1500, 1501, 1502, 1514, 1513, 1552, 7, 32
1441, 1464, 1445, 1446, 1447, 1448, 1449, 1450, 1477, 1505, 1532, 1551, 9, 33
1441, 1464, 1445, 1446, 1447, 1448, 1449, 1450, 1477, 1505, 1532, 1551, 9, 33, 34
1441, 1440, 1462, 1466, 1493, 1522, 1542, 18, 17, 16, 38, 37, 36, 35
1441, 1440, 1462, 1466, 1493, 1522, 1542, 18, 17, 16, 38, 37, 36
1441, 1440, 1462, 1466, 1493, 1522, 1542, 18, 17, 16, 38, 37
1441, 1440, 1462, 1466, 1493, 1522, 1542, 18, 17, 16, 38
1441, 1440, 1462, 1466, 1493, 1522, 1542, 18, 17, 16, 39
1441, 1440, 1462, 1466, 1493, 1522, 1542, 18, 17, 16, 40
1441, 1440, 1462, 1466, 1493, 1522, 1542, 18, 17, 41
1441, 1464, 1470, 1496, 1518, 1538, 2, 26, 42
1441, 1464, 1470, 1496, 1518, 1538, 2, 26, 43
1441, 1464, 1470, 1496, 1518, 1538, 2, 26, 44
1441, 1464, 1470, 1496, 1518, 1538, 2, 26, 42, 83, 45
1441, 1464, 1470, 1496, 1518, 1538, 2, 26, 27, 46
1441, 1464, 1470, 1496, 1518, 1538, 2, 26, 27, 46, 47
1441, 1464, 1470, 1496, 1518, 1538, 1537, 1536, 3, 4, 28, 48
1441, 1464, 1470, 1496, 1518, 1538, 1537, 1536, 3, 4, 28, 29, 49
1441, 1464, 1470, 1496, 1518, 1517, 1516, 1515, 1534, 5, 6, 31, 50
1441, 1464, 1470, 1496, 1518, 1517, 1516, 1515, 1534, 5, 6, 31, 51
1441, 1464, 1470, 1496, 1518, 1517, 1516, 1515, 1534, 5, 6, 31, 51, 52
1441, 1464, 1445, 1446, 1447, 1448, 1449, 1450, 1477, 1505, 1532, 1551, 9, 33, 53
1441, 1440, 1462, 1466, 1493, 1522, 1542, 18, 17, 16, 38, 59, 58, 57, 56, 55, 54
1441, 1440, 1462, 1466, 1493, 1522, 1542, 18, 17, 16, 38, 59, 58, 57, 56, 55
1441, 1440, 1462, 1466, 1493, 1522, 1542, 18, 17, 16, 38, 59, 58, 57, 56
1441, 1440, 1462, 1466, 1493, 1522, 1542, 18, 17, 16, 38, 59, 58, 57
1441, 1440, 1462, 1466, 1493, 1522, 1542, 18, 17, 16, 38, 59, 58
1441, 1440, 1462, 1466, 1493, 1522, 1542, 18, 17, 16, 38, 59
1441, 1440, 1462, 1466, 1493, 1522, 1542, 18, 17, 16, 39, 60
1441, 1440, 1462, 1466, 1493, 1522, 1542, 18, 17, 16, 40, 61
1441, 1440, 1462, 1466, 1493, 1522, 1542, 18, 17, 41, 62
1441, 1440, 1462, 1468, 1494, 1521, 1541, 19, 21, 63
1441, 1440, 1462, 1468, 1494, 1521, 1541, 20, 22, 64
1441, 1440, 1462, 1468, 1494, 1521, 1541, 20, 22, 65
1441, 1464, 1470, 1496, 1518, 1539, 1, 25, 66
1441, 1440, 1462, 1466, 1493, 1522, 1542, 18, 17, 41, 62, 67
1441, 1440, 1462, 1466, 1493, 1522, 1542, 18, 17, 16, 40, 61, 68
1441, 1440, 1462, 1466, 1493, 1522, 1542, 18, 17, 16, 39, 60, 69
1441, 1440, 1462, 1466, 1493, 1522, 1542, 18, 17, 16, 39, 60, 70
1441, 1440, 1462, 1466, 1493, 1522, 1542, 18, 17, 16, 39, 60, 70, 71
1441, 1440, 1462, 1466, 1493, 1522, 1542, 18, 17, 16, 39, 60, 70, 71, 72
1441, 1440, 1462, 1466, 1493, 1522, 1542, 18, 17, 16, 38, 59, 58, 57, 56, 73
1441, 1440, 1462, 1466, 1493, 1522, 1542, 18, 17, 16, 38, 59, 58, 57, 56, 73, 74
1441, 1440, 1462, 1466, 1493, 1522, 1542, 18, 17, 16, 38, 59, 58, 57, 56, 73, 74, 75
1441, 1464, 1445, 1446, 1447, 1448, 1449, 1450, 1477, 1505, 1532, 1551, 9, 33, 53, 76
1441, 1464, 1470, 1496, 1518, 1517, 1516, 1515, 1534, 5, 6, 31, 51, 52, 77
1441, 1464, 1470, 1496, 1518, 1517, 1516, 1515, 1534, 5, 6, 31, 50, 80, 79, 78
1441, 1464, 1470, 1496, 1518, 1517, 1516, 1515, 1534, 5, 6, 31, 50, 80, 79
1441, 1464, 1470, 1496, 1518, 1517, 1516, 1515, 1534, 5, 6, 31, 50, 80
1441, 1464, 1470, 1496, 1518, 1538, 2, 26, 27, 46, 47, 82, 81
1441, 1464, 1470, 1496, 1518, 1538, 2, 26, 27, 46, 47, 82
1441, 1464, 1470, 1496, 1518, 1538, 2, 26, 42, 83
1441, 1464, 1470, 1496, 1518, 1538, 2, 26, 43, 84
1441, 1464, 1470, 1496, 1518, 1538, 2, 26, 44, 85
1441, 1464, 1470, 1496, 1518, 1539, 1, 25, 66, 86
1441, 1440, 1462, 1468, 1494, 1521, 1541, 20, 22, 64, 87
1441, 1440, 1462, 1468, 1494, 1521, 1541, 19, 21, 63, 88
1441, 1464, 1470, 1496, 1518, 1538, 2, 26, 27, 46, 47, 82, 81, 89
1441, 1464, 1470, 1496, 1518, 1538, 2, 26, 42, 83, 91, 90
1441, 1464, 1470, 1496, 1518, 1538, 2, 26, 42, 83, 91
1441, 1464, 1470, 1496, 1518, 1538, 2, 26, 42, 83, 92
1441, 1464, 1470, 1496, 1518, 1538, 2, 26, 43, 84, 93
1441, 1464, 1470, 1496, 1518, 1539, 1, 25, 66, 86, 94
1441, 1464, 1470, 1496, 1518, 1539, 1, 25, 66, 86, 95
1441, 1440, 1462, 1468, 1494, 1521, 1541, 19, 21, 63, 88, 96
1441, 1440, 1462, 1468, 1494, 1521, 1541, 19, 21, 63, 88, 97
1441, 1440, 1462, 1466, 1493, 1522, 1542, 18, 17, 41, 62, 67, 98
1441, 1440, 1462, 1466, 1493, 1522, 1542, 18, 17, 41, 62, 67, 99
