1480, 1481, 1482, 1483, 1489, 1490, 1491, 1523, 1542, 1541, 20, 0
1480, 1481, 1482, 1483, 1489, 1490, 1491, 1523, 1542, 1541, 20, 0, 1
1480, 1479, 1478, 1477, 1503, 1513, 1514, 1515, 1516, 1517, 1537, 2
1480, 1479, 1478, 1477, 1504, 1512, 1552, 1553, 6, 5, 4, 3
1480, 1479, 1478, 1477, 1504, 1512, 1552, 1553, 6, 5, 4
1480, 1479, 1478, 1477, 1504, 1512, 1552, 1553, 6, 5
1480, 1479, 1478, 1477, 1504, 1512, 1552, 1553, 6
1480, 1509, 1508, 1507, 1531, 1551, 8, 7
1480, 1509, 1508, 1507, 1531, 1551, 8
1480, 1509, 1508, 1507, 1531, 1551, 9
1480, 1509, 1508, 1530, 1550, 10
1480, 1509, 1508, 1530, 1549, 11
1480, 1509, 1529, 1548, 12
1480, 1509, 1529, 1548, 1547, 13
1480, 1509, 1529, 1548, 1547, 13, 14
1480, 1509, 1529, 1548, 1547, 13, 14, 15
1480, 1510, 1487, 1528, 1527, 1526, 1544, 16
1480, 1510, 1487, 1528, 1527, 1526, 1544, 16, 17
1480, 1510, 1487, 1528, 1527, 1526, 1544, 16, 17, 18
1480, 1510, 1487, 1528, 1527, 1526, 1544, 16, 17, 18, 19
1480, 1481, 1482, 1483, 1489, 1490, 1491, 1523, 1542, 1541, 20
1480, 1510, 1487, 1528, 1527, 1526, 1544, 16, 17, 41, 21
1480, 1481, 1482, 1483, 1489, 1490, 1491, 1523, 1542, 1541, 20, 22
1480, 1481, 1482, 1483, 1489, 1490, 1491, 1523, 1542, 1541, 20, 22, 23
1480, 1481, 1482, 1483, 1489, 1490, 1491, 1523, 1542, 1541, 20, 22, 23, 24
1480, 1481, 1482, 1483, 1489, 1490, 1491, 1523, 1542, 1541, 20, 22, 23, 24, 25
1480, 1479, 1478, 1477, 1504, 1512, 1552, 1553, 6, 30, 29, 28, 27, 26
1480, 1479, 1478, 1477, 1504, 1512, 1552, 1553, 6, 30, 29, 28, 27
1480, 1479, 1478, 1477, 1504, 1512, 1552, 1553, 6, 30, 29, 28
1480, 1479, 1478, 1477, 1504, 1512, 1552, 1553, 6, 30, 29
1480, 1479, 1478, 1477, 1504, 1512, 1552, 1553, 6, 30
1480, 1509, 1508, 1507, 1531, 1551, 8, 7, 32, 31
1480, 1509, 1508, 1507, 1531, 1551, 8, 7, 32
1480, 1509, 1508, 1507, 1531, 1551, 9, 33
1480, 1509, 1508, 1530, 1550, 10, 34
1480, 1509, 1508, 1530, 1549, 11, 35
1480, 1509, 1529, 1548, 12, 36
1480, 1509, 1529, 1548, 1547, 13, 37
1480, 1509, 1529, 1548, 1547, 13, 14, 15, 38
1480, 1510, 1487, 1528, 1527, 1526, 1544, 16, 39
1480, 1510, 1487, 1528, 1527, 1526, 1544, 16, 40
1480, 1510, 1487, 1528, 1527, 1526, 1544, 16, 17, 41
1480, 1479, 1478, 1477, 1504, 1512, 1552, 1553, 6, 30, 29, 28, 27, 26, 42
1480, 1479, 1478, 1477, 1504, 1512, 1552, 1553, 6, 30, 29, 28, 27, 26, 43
1480, 1479, 1478, 1477, 1504, 1512, 1552, 1553, 6, 30, 29, 28, 47, 46, 45, 44
1480, 1479, 1478, 1477, 1504, 1512, 1552, 1553, 6, 30, 29, 28, 47, 46, 45
1480, 1479, 1478, 1477, 1504, 1512, 1552, 1553, 6, 30, 29, 28, 47, 46
1480, 1479, 1478, 1477, 1504, 1512, 1552, 1553, 6, 30, 29, 28, 47
1480, 1479, 1478, 1477, 1504, 1512, 1552, 1553, 6, 30, 29, 48
1480, 1509, 1508, 1507, 1531, 1551, 8, 7, 32, 31, 50, 49
1480, 1509, 1508, 1507, 1531, 1551, 8, 7, 32, 31, 50
1480, 1509, 1508, 1507, 1531, 1551, 8, 7, 32, 52, 51
1480, 1509, 1508, 1507, 1531, 1551, 8, 7, 32, 52
1480, 1509, 1508, 1530, 1550, 10, 34, 53
1480, 1509, 1508, 1530, 1550, 10, 34, 54
1480, 1509, 1529, 1548, 12, 36, 56, 55
1480, 1509, 1529, 1548, 12, 36, 56
1480, 1509, 1529, 1548, 12, 36, 57
1480, 1509, 1529, 1548, 1547, 13, 37, 58
1480, 1509, 1529, 1548, 1547, 13, 37, 58, 59
1480, 1510, 1487, 1528, 1527, 1526, 1544, 16, 39, 60
1480, 1510, 1487, 1528, 1527, 1526, 1544, 16, 40, 61
1480, 1510, 1487, 1528, 1527, 1526, 1544, 16, 17, 41, 62
1480, 1510, 1487, 1528, 1527, 1526, 1544, 16, 17, 41, 62, 63
1480, 1481, 1482, 1483, 1489, 1490, 1491, 1523, 1542, 1541, 20, 22, 64
1480, 1481, 1482, 1483, 1489, 1490, 1491, 1523, 1542, 1541, 20, 22, 65
1480, 1481, 1482, 1483, 1489, 1490, 1491, 1523, 1542, 1541, 20, 22, 65, 66
1480, 1510, 1487, 1528, 1527, 1526, 1544, 16, 17, 41, 62, 67
1480, 1510, 1487, 1528, 1527, 1526, 1544, 16, 40, 61, 68
1480, 1510, 1487, 1528, 1527, 1526, 1544, 16, 39, 60, 69
1480, 1509, 1529, 1548, 1547, 13, 37, 58, 59, 70
1480, 1509, 1529, 1548, 1547, 13, 37, 58, 71
1480, 1509, 1529, 1548, 12, 36, 57, 72
1480, 1509, 1529, 1548, 12, 36, 56, 73
1480, 1509, 1529, 1548, 12, 36, 56, 73, 74
1480, 1509, 1508, 1530, 1550, 10, 34, 54, 75
1480, 1509, 1508, 1530, 1550, 10, 34, 54, 76
1480, 1509, 1508, 1507, 1531, 1551, 8, 7, 32, 52, 77
1480, 1509, 1508, 1507, 1531, 1551, 8, 7, 32, 52, 51, 78
1480, 1509, 1508, 1507, 1531, 1551, 8, 7, 32, 52, 51, 79
1480, 1509, 1508, 1507, 1531, 1551, 8, 7, 32, 52, 51, 79, 80
1480, 1479, 1478, 1477, 1504, 1512, 1552, 1553, 6, 30, 29, 48, 81
1480, 1479, 1478, 1477, 1504, 1512, 1552, 1553, 6, 30, 29, 48, 81, 82
1480, 1479, 1478, 1477, 1504, 1512, 1552, 1553, 6, 30, 29, 28, 47, 46, 83
1480, 1479, 1478, 1477, 1504, 1512, 1552, 1553, 6, 30, 29, 28, 47, 46, 83, 84
1480, 1479, 1478, 1477, 1504, 1512, 1552, 1553, 6, 30, 29, 28, 47, 46, 83, 84, 85
1480, 1481, 1482, 1483, 1489, 1490, 1491, 1523, 1542, 1541, 20, 22, 64, 87, 86
1480, 1481, 1482, 1483, 1489, 1490, 1491, 1523, 1542, 1541, 20, 22, 64, 87
1480, 1510, 1487, 1528, 1527, 1526, 1544, 16, 17, 41, 62, 67, 88
1480, 1509, 1508, 1507, 1531, 1551, 8, 7, 32, 52, 51, 78, 110, 89
1480, 1479, 1478, 1477, 1504, 1512, 1552, 1553, 6, 30, 29, 48, 81, 82, 90
1480, 1479, 1478, 1477, 1504, 1512, 1552, 1553, 6, 30, 29, 48, 81, 82, 90, 91
1480, 1479, 1478, 1477, 1504, 1512, 1552, 1553, 6, 30, 29, 48, 81, 82, 90, 91, 92
1480, 1479, 1478, 1477, 1504, 1512, 1552, 1553, 6, 30, 29, 48, 81, 82, 90, 91, 92, 93
1480, 1481, 1482, 1483, 1489, 1490, 1491, 1523, 1542, 1541, 20, 22, 64, 87, 95, 94
1480, 1481, 1482, 1483, 1489, 1490, 1491, 1523, 1542, 1541, 20, 22, 64, 87, 95
1480, 1510, 1487, 1528, 1527, 1526, 1544, 16, 17, 41, 62, 67, 98, 97, 96
1480, 1510, 1487, 1528, 1527, 1526, 1544, 16, 17, 41, 62, 67, 98, 97
1480, 1510, 1487, 1528, 1527, 1526, 1544, 16, 17, 41, 62, 67, 98
1480, 1510, 1487, 1528, 1527, 1526, 1544, 16, 17, 41, 62, 67, 99
