917, 940, 954, 984, 1002, 1027, 1032, 1067, 1086, 1101, 1117, 1156, 1163, 1198, 1218, 1241, 1243, 1261, 1297, 1310, 1338, 1355, 1369, 1398, 1411, 1441, 1463, 1469, 1495, 1520, 1540, 0
917, 940, 954, 984, 1002, 1027, 1032, 1067, 1086, 1101, 1117, 1156, 1163, 1198, 1218, 1241, 1243, 1261, 1297, 1310, 1338, 1355, 1369, 1398, 1411, 1442, 1464, 1470, 1496, 1518, 1539, 1
917, 940, 954, 984, 1002, 1027, 1032, 1067, 1086, 1101, 1117, 1156, 1163, 1198, 1218, 1241, 1243, 1261, 1297, 1310, 1338, 1355, 1369, 1398, 1411, 1442, 1464, 1470, 1496, 1518, 1538, 2
917, 940, 954, 984, 1002, 1027, 1032, 1067, 1086, 1101, 1118, 1155, 1161, 1196, 1216, 1239, 1244, 1279, 1294, 1313, 1341, 1352, 1366, 1396, 1409, 1444, 1446, 1472, 1499, 1517, 1536, 3
917, 940, 954, 984, 1002, 1027, 1032, 1067, 1086, 1101, 1118, 1155, 1161, 1196, 1216, 1239, 1244, 1279, 1294, 1313, 1341, 1352, 1366, 1396, 1409, 1444, 1446, 1472, 1499, 1516, 1515, 1534, 4
917, 940, 954, 984, 1002, 1027, 1032, 1067, 1086, 1101, 1118, 1155, 1161, 1196, 1216, 1239, 1244, 1279, 1294, 1313, 1341, 1352, 1366, 1396, 1409, 1444, 1446, 1472, 1499, 1516, 1515, 1534, 5
917, 918, 939, 956, 983, 1001, 1026, 1031, 1068, 1087, 1100, 1119, 1154, 1160, 1195, 1215, 1214, 1236, 1247, 1275, 1291, 1317, 1323, 1349, 1362, 1392, 1405, 1427, 1450, 1477, 1504, 1512, 1552, 1553, 6
917, 918, 939, 956, 983, 1001, 1026, 1031, 1068, 1087, 1100, 1119, 1154, 1160, 1195, 1215, 1214, 1236, 1247, 1275, 1291, 1317, 1323, 1349, 1362, 1392, 1405, 1427, 1450, 1477, 1504, 1512, 1552, 7
917, 918, 939, 956, 983, 1001, 1026, 1031, 1068, 1087, 1100, 1119, 1154, 1160, 1195, 1215, 1214, 1236, 1247, 1275, 1291, 1317, 1323, 1349, 1362, 1392, 1405, 1427, 1450, 1477, 1505, 1532, 1551, 8
917, 918, 939, 956, 983, 1001, 1026, 1031, 1068, 1087, 1100, 1119, 1154, 1160, 1195, 1215, 1214, 1236, 1247, 1275, 1291, 1317, 1323, 1349, 1362, 1392, 1405, 1427, 1450, 1477, 1505, 1532, 1551, 9
917, 918, 939, 956, 983, 1001, 1026, 1031, 1068, 1087, 1100, 1119, 1154, 1160, 1195, 1215, 1214, 1236, 1247, 1275, 1291, 1317, 1323, 1349, 1362, 1392, 1405, 1427, 1450, 1477, 1505, 1532, 1551, 9, 10
917, 918, 939, 956, 983, 1001, 1026, 1031, 1068, 1087, 1100, 1119, 1154, 1160, 1195, 1215, 1214, 1236, 1247, 1275, 1291, 1317, 1323, 1349, 1362, 1392, 1405, 1427, 1450, 1477, 1505, 1532, 1551, 1550, 11
917, 940, 954, 984, 1002, 1027, 1032, 1067, 1086, 1101, 1117, 1156, 1163, 1198, 1218, 1241, 1243, 1261, 1262, 1299, 1308, 1307, 1335, 1358, 1372, 1403, 1414, 1438, 1460, 1459, 1485, 1489, 1526, 1545, 15, 14, 13, 12
917, 940, 954, 984, 1002, 1027, 1032, 1067, 1086, 1101, 1117, 1156, 1163, 1198, 1218, 1241, 1243, 1261, 1262, 1299, 1308, 1307, 1335, 1358, 1372, 1403, 1414, 1438, 1460, 1459, 1485, 1489, 1526, 1545, 15, 14, 13
917, 940, 954, 984, 1002, 1027, 1032, 1067, 1086, 1101, 1117, 1156, 1163, 1198, 1218, 1241, 1243, 1261, 1262, 1299, 1308, 1307, 1335, 1358, 1372, 1403, 1414, 1438, 1460, 1459, 1485, 1489, 1526, 1545, 15, 14
917, 940, 954, 984, 1002, 1027, 1032, 1067, 1086, 1101, 1117, 1156, 1163, 1198, 1218, 1241, 1243, 1261, 1262, 1299, 1308, 1307, 1335, 1358, 1372, 1403, 1414, 1438, 1460, 1459, 1485, 1489, 1526, 1545, 15
917, 940, 954, 984, 1002, 1027, 1032, 1067, 1086, 1101, 1117, 1156, 1163, 1198, 1218, 1241, 1243, 1261, 1262, 1299, 1308, 1307, 1335, 1358, 1372, 1403, 1414, 1438, 1460, 1459, 1485, 1489, 1525, 1544, 16
917, 940, 954, 984, 1002, 1027, 1032, 1067, 1086, 1101, 1117, 1156, 1163, 1198, 1218, 1241, 1243, 1261, 1262, 1298, 1309, 1336, 1357, 1370, 1401, 1413, 1440, 1462, 1466, 1493, 1522, 1542, 18, 17
917, 940, 954, 984, 1002, 1027, 1032, 1067, 1086, 1101, 1117, 1156, 1163, 1198, 1218, 1241, 1243, 1261, 1262, 1298, 1309, 1336, 1357, 1370, 1401, 1413, 1440, 1462, 1466, 1493, 1522, 1542, 18
917, 940, 954, 984, 1002, 1027, 1032, 1067, 1086, 1101, 1117, 1156, 1163, 1198, 1218, 1241, 1243, 1261, 1262, 1298, 1309, 1336, 1357, 1370, 1401, 1413, 1440, 1462, 1468, 1494, 1521, 1541, 19
917, 940, 954, 984, 1002, 1027, 1032, 1067, 1086, 1101, 1117, 1156, 1163, 1198, 1218, 1241, 1243, 1261, 1262, 1298, 1309, 1336, 1357, 1370, 1401, 1413, 1440, 1462, 1468, 1494, 1521, 1541, 20
917, 940, 954, 984, 1002, 1027, 1032, 1067, 1086, 1101, 1117, 1156, 1163, 1198, 1218, 1241, 1243, 1261, 1262, 1298, 1309, 1336, 1357, 1370, 1401, 1413, 1440, 1462, 1468, 1494, 1521, 1541, 19, 21
917, 940, 954, 984, 1002, 1027, 1032, 1067, 1086, 1101, 1117, 1156, 1163, 1198, 1218, 1241, 1243, 1261, 1262, 1298, 1309, 1336, 1357, 1370, 1401, 1413, 1440, 1462, 1468, 1494, 1521, 1541, 20, 22
917, 940, 954, 984, 1002, 1027, 1032, 1067, 1086, 1101, 1117, 1156, 1163, 1198, 1218, 1241, 1243, 1261, 1297, 1310, 1338, 1355, 1369, 1398, 1411, 1441, 1463, 1469, 1495, 1520, 1540, 0, 23
917, 940, 954, 984, 1002, 1027, 1032, 1067, 1086, 1101, 1117, 1156, 1163, 1198, 1218, 1241, 1243, 1261, 1297, 1310, 1338, 1355, 1369, 1398, 1411, 1441, 1463, 1469, 1495, 1520, 1540, 0, 24
917, 940, 954, 984, 1002, 1027, 1032, 1067, 1086, 1101, 1117, 1156, 1163, 1198, 1218, 1241, 1243, 1261, 1297, 1310, 1338, 1355, 1369, 1398, 1411, 1442, 1464, 1470, 1496, 1518, 1539, 1, 25
917, 940, 954, 984, 1002, 1027, 1032, 1067, 1086, 1101, 1117, 1156, 1163, 1198, 1218, 1241, 1243, 1261, 1297, 1310, 1338, 1355, 1369, 1398, 1411, 1442, 1464, 1470, 1496, 1518, 1538, 2, 26
917, 940, 954, 984, 1002, 1027, 1032, 1067, 1086, 1101, 1118, 1155, 1161, 1196, 1216, 1239, 1244, 1279, 1294, 1313, 1341, 1352, 1366, 1396, 1409, 1444, 1446, 1472, 1499, 1517, 1536, 3, 27
917, 940, 954, 984, 1002, 1027, 1032, 1067, 1086, 1101, 1118, 1155, 1161, 1196, 1216, 1239, 1244, 1279, 1294, 1313, 1341, 1352, 1366, 1396, 1409, 1444, 1446, 1472, 1499, 1516, 1515, 1534, 5, 28
917, 940, 954, 984, 1002, 1027, 1032, 1067, 1086, 1101, 1118, 1155, 1161, 1196, 1216, 1239, 1244, 1279, 1294, 1313, 1341, 1352, 1366, 1396, 1409, 1444, 1446, 1472, 1499, 1516, 1515, 1534, 5, 29
917, 918, 939, 956, 983, 1001, 1026, 1031, 1068, 1087, 1100, 1119, 1154, 1160, 1195, 1215, 1214, 1236, 1247, 1275, 1291, 1317, 1323, 1349, 1362, 1392, 1405, 1427, 1450, 1477, 1504, 1512, 1552, 1553, 6, 30
917, 918, 939, 956, 983, 1001, 1026, 1031, 1068, 1087, 1100, 1119, 1154, 1160, 1195, 1215, 1214, 1236, 1247, 1275, 1291, 1317, 1323, 1349, 1362, 1392, 1405, 1427, 1450, 1477, 1504, 1512, 1552, 1553, 6, 31
917, 918, 939, 956, 983, 1001, 1026, 1031, 1068, 1087, 1100, 1119, 1154, 1160, 1195, 1215, 1214, 1236, 1247, 1275, 1291, 1317, 1323, 1349, 1362, 1392, 1405, 1427, 1450, 1477, 1504, 1512, 1552, 7, 32
917, 918, 939, 956, 983, 1001, 1026, 1031, 1068, 1087, 1100, 1119, 1154, 1160, 1195, 1215, 1214, 1236, 1247, 1275, 1291, 1317, 1323, 1349, 1362, 1392, 1405, 1427, 1450, 1477, 1505, 1532, 1551, 9, 33
917, 918, 939, 956, 983, 1001, 1026, 1031, 1068, 1087, 1100, 1119, 1154, 1160, 1195, 1215, 1214, 1236, 1247, 1275, 1291, 1317, 1323, 1349, 1362, 1392, 1405, 1427, 1450, 1477, 1505, 1532, 1551, 9, 33, 34
917, 918, 939, 956, 983, 1001, 1026, 1031, 1068, 1087, 1100, 1119, 1154, 1160, 1195, 1215, 1214, 1236, 1247, 1275, 1291, 1317, 1323, 1349, 1362, 1392, 1405, 1427, 1450, 1477, 1505, 1532, 1551, 9, 33, 34, 35
917, 940, 954, 984, 1002, 1027, 1032, 1067, 1086, 1101, 1117, 1156, 1163, 1198, 1218, 1241, 1243, 1261, 1262, 1299, 1308, 1307, 1335, 1358, 1372, 1403, 1414, 1438, 1460, 1459, 1485, 1489, 1525, 1544, 16, 38, 37, 36
917, 940, 954, 984, 1002, 1027, 1032, 1067, 1086, 1101, 1117, 1156, 1163, 1198, 1218, 1241, 1243, 1261, 1262, 1299, 1308, 1307, 1335, 1358, 1372, 1403, 1414, 1438, 1460, 1459, 1485, 1489, 1525, 1544, 16, 38, 37
917, 940, 954, 984, 1002, 1027, 1032, 1067, 1086, 1101, 1117, 1156, 1163, 1198, 1218, 1241, 1243, 1261, 1262, 1299, 1308, 1307, 1335, 1358, 1372, 1403, 1414, 1438, 1460, 1459, 1485, 1489, 1525, 1544, 16, 38
917, 940, 954, 984, 1002, 1027, 1032, 1067, 1086, 1101, 1117, 1156, 1163, 1198, 1218, 1241, 1243, 1261, 1262, 1299, 1308, 1307, 1335, 1358, 1372, 1403, 1414, 1438, 1460, 1459, 1485, 1489, 1525, 1544, 16, 39
917, 940, 954, 984, 1002, 1027, 1032, 1067, 1086, 1101, 1117, 1156, 1163, 1198, 1218, 1241, 1243, 1261, 1262, 1299, 1308, 1307, 1335, 1358, 1372, 1403, 1414, 1438, 1460, 1459, 1485, 1489, 1525, 1544, 16, 40
917, 940, 954, 984, 1002, 1027, 1032, 1067, 1086, 1101, 1117, 1156, 1163, 1198, 1218, 1241, 1243, 1261, 1262, 1298, 1309, 1336, 1357, 1370, 1401, 1413, 1440, 1462, 1466, 1493, 1522, 1542, 18, 17, 41
917, 940, 954, 984, 1002, 1027, 1032, 1067, 1086, 1101, 1117, 1156, 1163, 1198, 1218, 1241, 1243, 1261, 1297, 1310, 1338, 1355, 1369, 1398, 1411, 1442, 1464, 1470, 1496, 1518, 1538, 2, 26, 42
917, 940, 954, 984, 1002, 1027, 1032, 1067, 1086, 1101, 1117, 1156, 1163, 1198, 1218, 1241, 1243, 1261, 1297, 1310, 1338, 1355, 1369, 1398, 1411, 1442, 1464, 1470, 1496, 1518, 1538, 2, 26, 43
917, 940, 954, 984, 1002, 1027, 1032, 1067, 1086, 1101, 1117, 1156, 1163, 1198, 1218, 1241, 1243, 1261, 1297, 1310, 1338, 1355, 1369, 1398, 1411, 1442, 1464, 1470, 1496, 1518, 1538, 2, 26, 44
917, 940, 954, 984, 1002, 1027, 1032, 1067, 1086, 1101, 1118, 1155, 1161, 1196, 1216, 1239, 1244, 1279, 1294, 1313, 1341, 1352, 1366, 1396, 1409, 1444, 1446, 1472, 1499, 1517, 1536, 3, 27, 45
917, 940, 954, 984, 1002, 1027, 1032, 1067, 1086, 1101, 1118, 1155, 1161, 1196, 1216, 1239, 1244, 1279, 1294, 1313, 1341, 1352, 1366, 1396, 1409, 1444, 1446, 1472, 1499, 1517, 1536, 3, 27, 46
917, 940, 954, 984, 1002, 1027, 1032, 1067, 1086, 1101, 1118, 1155, 1161, 1196, 1216, 1239, 1244, 1279, 1294, 1313, 1341, 1352, 1366, 1396, 1409, 1444, 1446, 1472, 1499, 1516, 1515, 1534, 5, 28, 47
917, 940, 954, 984, 1002, 1027, 1032, 1067, 1086, 1101, 1118, 1155, 1161, 1196, 1216, 1239, 1244, 1279, 1294, 1313, 1341, 1352, 1366, 1396, 1409, 1444, 1446, 1472, 1499, 1516, 1515, 1534, 5, 29, 48
917, 940, 954, 984, 1002, 1027, 1032, 1067, 1086, 1101, 1118, 1155, 1161, 1196, 1216, 1239, 1244, 1279, 1294, 1313, 1341, 1352, 1366, 1396, 1409, 1444, 1446, 1472, 1499, 1516, 1515, 1534, 5, 29, 49
917, 918, 939, 956, 983, 1001, 1026, 1031, 1068, 1087, 1100, 1119, 1154, 1160, 1195, 1215, 1214, 1236, 1247, 1275, 1291, 1317, 1323, 1349, 1362, 1392, 1405, 1427, 1450, 1477, 1504, 1512, 1552, 1553, 6, 31, 50
917, 918, 939, 956, 983, 1001, 1026, 1031, 1068, 1087, 1100, 1119, 1154, 1160, 1195, 1215, 1214, 1236, 1247, 1275, 1291, 1317, 1323, 1349, 1362, 1392, 1405, 1427, 1450, 1477, 1504, 1512, 1552, 7, 32, 52, 51
917, 918, 939, 956, 983, 1001, 1026, 1031, 1068, 1087, 1100, 1119, 1154, 1160, 1195, 1215, 1214, 1236, 1247, 1275, 1291, 1317, 1323, 1349, 1362, 1392, 1405, 1427, 1450, 1477, 1504, 1512, 1552, 7, 32, 52
917, 918, 939, 956, 983, 1001, 1026, 1031, 1068, 1087, 1100, 1119, 1154, 1160, 1195, 1215, 1214, 1236, 1247, 1275, 1291, 1317, 1323, 1349, 1362, 1392, 1405, 1427, 1450, 1477, 1505, 1532, 1551, 9, 33, 53
917, 918, 939, 956, 983, 1001, 1026, 1031, 1068, 1087, 1100, 1119, 1154, 1160, 1195, 1215, 1214, 1236, 1247, 1275, 1291, 1317, 1323, 1349, 1362, 1392, 1405, 1427, 1450, 1477, 1505, 1532, 1551, 9, 33, 53, 54
917, 918, 939, 956, 983, 1001, 1026, 1031, 1068, 1087, 1100, 1119, 1154, 1160, 1195, 1215, 1214, 1236, 1247, 1275, 1291, 1317, 1323, 1349, 1362, 1392, 1405, 1427, 1450, 1477, 1505, 1532, 1551, 9, 33, 53, 54, 55
917, 918, 939, 956, 983, 1001, 1026, 1031, 1068, 1087, 1100, 1119, 1154, 1160, 1195, 1215, 1214, 1236, 1247, 1275, 1291, 1317, 1323, 1349, 1362, 1392, 1405, 1427, 1450, 1477, 1505, 1532, 1551, 9, 33, 53, 54, 55, 56
917, 940, 954, 984, 1002, 1027, 1032, 1067, 1086, 1101, 1117, 1156, 1163, 1198, 1218, 1241, 1243, 1261, 1262, 1299, 1308, 1307, 1335, 1358, 1372, 1403, 1414, 1438, 1460, 1459, 1485, 1489, 1525, 1544, 16, 38, 59, 58, 57
917, 940, 954, 984, 1002, 1027, 1032, 1067, 1086, 1101, 1117, 1156, 1163, 1198, 1218, 1241, 1243, 1261, 1262, 1299, 1308, 1307, 1335, 1358, 1372, 1403, 1414, 1438, 1460, 1459, 1485, 1489, 1525, 1544, 16, 38, 59, 58
917, 940, 954, 984, 1002, 1027, 1032, 1067, 1086, 1101, 1117, 1156, 1163, 1198, 1218, 1241, 1243, 1261, 1262, 1299, 1308, 1307, 1335, 1358, 1372, 1403, 1414, 1438, 1460, 1459, 1485, 1489, 1525, 1544, 16, 38, 59
917, 940, 954, 984, 1002, 1027, 1032, 1067, 1086, 1101, 1117, 1156, 1163, 1198, 1218, 1241, 1243, 1261, 1262, 1299, 1308, 1307, 1335, 1358, 1372, 1403, 1414, 1438, 1460, 1459, 1485, 1489, 1525, 1544, 16, 39, 60
917, 940, 954, 984, 1002, 1027, 1032, 1067, 1086, 1101, 1117, 1156, 1163, 1198, 1218, 1241, 1243, 1261, 1262, 1299, 1308, 1307, 1335, 1358, 1372, 1403, 1414, 1438, 1460, 1459, 1485, 1489, 1525, 1544, 16, 40, 61
917, 940, 954, 984, 1002, 1027, 1032, 1067, 1086, 1101, 1117, 1156, 1163, 1198, 1218, 1241, 1243, 1261, 1262, 1298, 1309, 1336, 1357, 1370, 1401, 1413, 1440, 1462, 1466, 1493, 1522, 1542, 18, 17, 41, 62
917, 940, 954, 984, 1002, 1027, 1032, 1067, 1086, 1101, 1117, 1156, 1163, 1198, 1218, 1241, 1243, 1261, 1262, 1298, 1309, 1336, 1357, 1370, 1401, 1413, 1440, 1462, 1468, 1494, 1521, 1541, 19, 21, 63
917, 940, 954, 984, 1002, 1027, 1032, 1067, 1086, 1101, 1117, 1156, 1163, 1198, 1218, 1241, 1243, 1261, 1262, 1298, 1309, 1336, 1357, 1370, 1401, 1413, 1440, 1462, 1468, 1494, 1521, 1541, 20, 22, 64
917, 940, 954, 984, 1002, 1027, 1032, 1067, 1086, 1101, 1117, 1156, 1163, 1198, 1218, 1241, 1243, 1261, 1262, 1298, 1309, 1336, 1357, 1370, 1401, 1413, 1440, 1462, 1468, 1494, 1521, 1541, 20, 22, 65
917, 940, 954, 984, 1002, 1027, 1032, 1067, 1086, 1101, 1117, 1156, 1163, 1198, 1218, 1241, 1243, 1261, 1297, 1310, 1338, 1355, 1369, 1398, 1411, 1442, 1464, 1470, 1496, 1518, 1539, 1, 25, 66
917, 940, 954, 984, 1002, 1027, 1032, 1067, 1086, 1101, 1117, 1156, 1163, 1198, 1218, 1241, 1243, 1261, 1262, 1298, 1309, 1336, 1357, 1370, 1401, 1413, 1440, 1462, 1466, 1493, 1522, 1542, 18, 17, 41, 62, 67
917, 940, 954, 984, 1002, 1027, 1032, 1067, 1086, 1101, 1117, 1156, 1163, 1198, 1218, 1241, 1243, 1261, 1262, 1299, 1308, 1307, 1335, 1358, 1372, 1403, 1414, 1438, 1460, 1459, 1485, 1489, 1525, 1544, 16, 40, 61, 68
917, 940, 954, 984, 1002, 1027, 1032, 1067, 1086, 1101, 1117, 1156, 1163, 1198, 1218, 1241, 1243, 1261, 1262, 1299, 1308, 1307, 1335, 1358, 1372, 1403, 1414, 1438, 1460, 1459, 1485, 1489, 1525, 1544, 16, 39, 60, 69
917, 940, 954, 984, 1002, 1027, 1032, 1067, 1086, 1101, 1117, 1156, 1163, 1198, 1218, 1241, 1243, 1261, 1262, 1299, 1308, 1307, 1335, 1358, 1372, 1403, 1414, 1438, 1460, 1459, 1485, 1489, 1525, 1544, 16, 39, 60, 70
917, 940, 954, 984, 1002, 1027, 1032, 1067, 1086, 1101, 1117, 1156, 1163, 1198, 1218, 1241, 1243, 1261, 1262, 1299, 1308, 1307, 1335, 1358, 1372, 1403, 1414, 1438, 1460, 1459, 1485, 1489, 1525, 1544, 16, 39, 60, 70, 71
917, 879, 861, 843, 829, 794, 772, 755, 737, 711, 679, 660, 643, 624, 604, 605, 576, 555, 540, 520, 519, 495, 463, 456, 419, 403, 378, 362, 333, 314, 304, 282, 246, 231, 209, 194, 156, 147, 113, 104, 72
917, 879, 861, 843, 829, 794, 772, 755, 737, 711, 679, 660, 643, 624, 604, 605, 576, 555, 540, 520, 519, 495, 463, 456, 419, 403, 378, 362, 333, 314, 304, 282, 246, 231, 209, 194, 157, 148, 111, 105, 73
917, 918, 939, 956, 983, 1001, 1026, 1031, 1068, 1087, 1100, 1119, 1154, 1160, 1195, 1215, 1214, 1236, 1247, 1275, 1291, 1317, 1323, 1349, 1362, 1392, 1405, 1427, 1450, 1477, 1505, 1532, 1551, 9, 33, 53, 76, 75, 74
917, 918, 939, 956, 983, 1001, 1026, 1031, 1068, 1087, 1100, 1119, 1154, 1160, 1195, 1215, 1214, 1236, 1247, 1275, 1291, 1317, 1323, 1349, 1362, 1392, 1405, 1427, 1450, 1477, 1505, 1532, 1551, 9, 33, 53, 76, 75
917, 918, 939, 956, 983, 1001, 1026, 1031, 1068, 1087, 1100, 1119, 1154, 1160, 1195, 1215, 1214, 1236, 1247, 1275, 1291, 1317, 1323, 1349, 1362, 1392, 1405, 1427, 1450, 1477, 1505, 1532, 1551, 9, 33, 53, 76
917, 918, 939, 956, 983, 1001, 1026, 1031, 1068, 1087, 1100, 1119, 1154, 1160, 1195, 1215, 1214, 1236, 1247, 1275, 1291, 1317, 1323, 1349, 1362, 1392, 1405, 1427, 1450, 1477, 1504, 1512, 1552, 7, 32, 52, 77
917, 879, 861, 843, 829, 794, 772, 755, 737, 711, 679, 660, 643, 625, 603, 574, 552, 538, 502, 491, 478, 441, 436, 396, 385, 368, 348, 307, 296, 274, 241, 224, 215, 180, 163, 133, 128, 110, 78
917, 879, 861, 843, 829, 794, 772, 755, 737, 711, 679, 660, 643, 625, 603, 574, 552, 538, 502, 491, 478, 441, 436, 396, 385, 368, 348, 307, 296, 274, 241, 224, 215, 180, 163, 133, 128, 110, 79
917, 918, 939, 956, 983, 1001, 1026, 1031, 1068, 1087, 1100, 1119, 1154, 1160, 1195, 1215, 1214, 1236, 1247, 1275, 1291, 1317, 1323, 1349, 1362, 1392, 1405, 1427, 1450, 1477, 1504, 1512, 1552, 1553, 6, 31, 50, 80
917, 940, 954, 984, 1002, 1027, 1032, 1067, 1086, 1101, 1118, 1155, 1161, 1196, 1216, 1239, 1244, 1279, 1294, 1313, 1341, 1352, 1366, 1396, 1409, 1444, 1446, 1472, 1499, 1516, 1515, 1534, 5, 29, 48, 81
917, 940, 954, 984, 1002, 1027, 1032, 1067, 1086, 1101, 1118, 1155, 1161, 1196, 1216, 1239, 1244, 1279, 1294, 1313, 1341, 1352, 1366, 1396, 1409, 1444, 1446, 1472, 1499, 1516, 1515, 1534, 5, 29, 48, 81, 82
917, 940, 954, 984, 1002, 1027, 1032, 1067, 1086, 1101, 1117, 1156, 1163, 1198, 1218, 1241, 1243, 1261, 1297, 1310, 1338, 1355, 1369, 1398, 1411, 1442, 1464, 1470, 1496, 1518, 1538, 2, 26, 42, 83
917, 940, 954, 984, 1002, 1027, 1032, 1067, 1086, 1101, 1117, 1156, 1163, 1198, 1218, 1241, 1243, 1261, 1297, 1310, 1338, 1355, 1369, 1398, 1411, 1442, 1464, 1470, 1496, 1518, 1538, 2, 26, 43, 84
917, 940, 954, 984, 1002, 1027, 1032, 1067, 1086, 1101, 1117, 1156, 1163, 1198, 1218, 1241, 1243, 1261, 1297, 1310, 1338, 1355, 1369, 1398, 1411, 1442, 1464, 1470, 1496, 1518, 1538, 2, 26, 44, 85
917, 940, 954, 984, 1002, 1027, 1032, 1067, 1086, 1101, 1117, 1156, 1163, 1198, 1218, 1241, 1243, 1261, 1297, 1310, 1338, 1355, 1369, 1398, 1411, 1442, 1464, 1470, 1496, 1518, 1539, 1, 25, 66, 86
917, 940, 954, 984, 1002, 1027, 1032, 1067, 1086, 1101, 1117, 1156, 1163, 1198, 1218, 1241, 1243, 1261, 1262, 1298, 1309, 1336, 1357, 1370, 1401, 1413, 1440, 1462, 1468, 1494, 1521, 1541, 20, 22, 64, 87
917, 940, 954, 984, 1002, 1027, 1032, 1067, 1086, 1101, 1117, 1156, 1163, 1198, 1218, 1241, 1243, 1261, 1262, 1298, 1309, 1336, 1357, 1370, 1401, 1413, 1440, 1462, 1468, 1494, 1521, 1541, 19, 21, 63, 88
917, 879, 861, 862, 844, 830, 795, 769, 752, 739, 714, 682, 657, 640, 628, 600, 570, 549, 535, 507, 488, 474, 444, 433, 394, 387, 371, 345, 326, 294, 271, 258, 220, 196, 183, 165, 136, 127, 89
917, 940, 954, 984, 1002, 1027, 1032, 1067, 1086, 1101, 1118, 1155, 1161, 1196, 1216, 1239, 1244, 1279, 1294, 1313, 1341, 1352, 1366, 1396, 1409, 1444, 1446, 1472, 1499, 1516, 1515, 1534, 5, 29, 48, 81, 82, 90
917, 940, 954, 984, 1002, 1027, 1032, 1067, 1086, 1101, 1117, 1156, 1163, 1198, 1218, 1241, 1243, 1261, 1297, 1310, 1338, 1355, 1369, 1398, 1411, 1442, 1464, 1470, 1496, 1518, 1538, 2, 26, 42, 83, 91
917, 940, 954, 984, 1002, 1027, 1032, 1067, 1086, 1101, 1117, 1156, 1163, 1198, 1218, 1241, 1243, 1261, 1297, 1310, 1338, 1355, 1369, 1398, 1411, 1442, 1464, 1470, 1496, 1518, 1538, 2, 26, 42, 83, 92
917, 940, 954, 984, 1002, 1027, 1032, 1067, 1086, 1101, 1117, 1156, 1163, 1198, 1218, 1241, 1243, 1261, 1297, 1310, 1338, 1355, 1369, 1398, 1411, 1442, 1464, 1470, 1496, 1518, 1538, 2, 26, 43, 84, 93
917, 940, 954, 984, 1002, 1027, 1032, 1067, 1086, 1101, 1117, 1156, 1163, 1198, 1218, 1241, 1243, 1261, 1297, 1310, 1338, 1355, 1369, 1398, 1411, 1442, 1464, 1470, 1496, 1518, 1539, 1, 25, 66, 86, 94
917, 940, 954, 984, 1002, 1027, 1032, 1067, 1086, 1101, 1117, 1156, 1163, 1198, 1218, 1241, 1243, 1261, 1297, 1310, 1338, 1355, 1369, 1398, 1411, 1442, 1464, 1470, 1496, 1518, 1539, 1, 25, 66, 86, 95
917, 940, 954, 984, 1002, 1027, 1032, 1067, 1086, 1101, 1117, 1156, 1163, 1198, 1218, 1241, 1243, 1261, 1262, 1298, 1309, 1336, 1357, 1370, 1401, 1413, 1440, 1462, 1468, 1494, 1521, 1541, 19, 21, 63, 88, 96
917, 940, 954, 984, 1002, 1027, 1032, 1067, 1086, 1101, 1117, 1156, 1163, 1198, 1218, 1241, 1243, 1261, 1262, 1298, 1309, 1336, 1357, 1370, 1401, 1413, 1440, 1462, 1468, 1494, 1521, 1541, 19, 21, 63, 88, 97
917, 940, 954, 984, 1002, 1027, 1032, 1067, 1086, 1101, 1117, 1156, 1163, 1198, 1218, 1241, 1243, 1261, 1262, 1298, 1309, 1336, 1357, 1370, 1401, 1413, 1440, 1462, 1466, 1493, 1522, 1542, 18, 17, 41, 62, 67, 98
917, 940, 954, 984, 1002, 1027, 1032, 1067, 1086, 1101, 1117, 1156, 1163, 1198, 1218, 1241, 1243, 1261, 1262, 1298, 1309, 1336, 1357, 1370, 1401, 1413, 1440, 1462, 1466, 1493, 1522, 1542, 18, 17, 41, 62, 67, 99
