947, 968, 988, 1011, 1037, 1062, 1081, 1106, 1133, 1137, 1165, 1179, 1220, 1223, 1259, 1262, 1298, 1309, 1336, 1357, 1370, 1401, 1413, 1440, 1462, 1468, 1494, 1521, 1520, 1540, 0
947, 968, 988, 1011, 1037, 1062, 1081, 1106, 1133, 1137, 1165, 1179, 1220, 1223, 1259, 1262, 1261, 1297, 1310, 1338, 1355, 1369, 1398, 1411, 1442, 1464, 1470, 1496, 1518, 1539, 1
947, 968, 988, 1011, 1037, 1062, 1081, 1106, 1133, 1137, 1165, 1179, 1220, 1223, 1259, 1262, 1261, 1297, 1310, 1338, 1355, 1369, 1398, 1411, 1442, 1464, 1470, 1496, 1518, 1538, 2
947, 968, 988, 1011, 1037, 1062, 1081, 1106, 1133, 1137, 1165, 1179, 1220, 1223, 1259, 1262, 1261, 1297, 1310, 1338, 1355, 1369, 1398, 1411, 1442, 1464, 1470, 1496, 1518, 1538, 1537, 1536, 3
947, 968, 988, 1011, 1037, 1062, 1081, 1106, 1133, 1137, 1165, 1179, 1220, 1223, 1259, 1262, 1261, 1297, 1310, 1338, 1355, 1369, 1398, 1411, 1442, 1464, 1470, 1496, 1518, 1538, 1537, 1536, 3, 4
947, 968, 988, 1011, 1037, 1062, 1063, 1082, 1105, 1134, 1136, 1164, 1200, 1199, 1218, 1241, 1242, 1260, 1295, 1311, 1339, 1353, 1367, 1397, 1396, 1409, 1444, 1446, 1472, 1499, 1516, 1515, 1534, 5
947, 946, 971, 992, 1015, 1040, 1059, 1058, 1076, 1113, 1127, 1144, 1172, 1188, 1208, 1209, 1232, 1233, 1250, 1272, 1288, 1320, 1319, 1325, 1348, 1382, 1391, 1423, 1428, 1450, 1477, 1504, 1512, 1552, 1553, 6
947, 946, 971, 992, 1015, 1040, 1059, 1058, 1076, 1113, 1127, 1144, 1172, 1188, 1208, 1209, 1232, 1233, 1250, 1272, 1288, 1320, 1319, 1325, 1348, 1382, 1391, 1423, 1428, 1450, 1477, 1504, 1512, 1552, 7
947, 946, 971, 992, 1015, 1040, 1059, 1058, 1076, 1113, 1127, 1144, 1172, 1188, 1208, 1209, 1232, 1233, 1250, 1272, 1288, 1320, 1319, 1325, 1348, 1382, 1391, 1423, 1428, 1450, 1477, 1505, 1532, 1551, 8
947, 946, 971, 992, 1015, 1040, 1059, 1058, 1076, 1113, 1127, 1144, 1172, 1188, 1208, 1209, 1232, 1233, 1250, 1272, 1288, 1320, 1319, 1325, 1348, 1382, 1391, 1423, 1428, 1450, 1477, 1505, 1532, 1551, 9
947, 946, 971, 992, 1015, 1040, 1059, 1058, 1077, 1112, 1128, 1143, 1171, 1186, 1207, 1229, 1253, 1269, 1285, 1300, 1328, 1344, 1379, 1380, 1389, 1422, 1430, 1453, 1479, 1508, 1530, 1550, 10
947, 946, 971, 992, 1015, 1040, 1059, 1058, 1077, 1112, 1128, 1143, 1171, 1186, 1207, 1229, 1253, 1269, 1285, 1300, 1328, 1344, 1379, 1380, 1389, 1422, 1430, 1453, 1479, 1508, 1530, 1549, 11
947, 946, 971, 992, 1015, 1040, 1059, 1058, 1077, 1112, 1128, 1143, 1171, 1186, 1207, 1229, 1253, 1269, 1285, 1300, 1328, 1344, 1379, 1387, 1420, 1432, 1454, 1480, 1509, 1529, 1548, 12
947, 970, 989, 1012, 1038, 1061, 1080, 1109, 1131, 1140, 1141, 1169, 1185, 1205, 1227, 1255, 1267, 1268, 1284, 1302, 1330, 1343, 1378, 1386, 1419, 1435, 1457, 1482, 1488, 1528, 1546, 13
947, 970, 989, 1012, 1038, 1061, 1080, 1109, 1131, 1140, 1167, 1182, 1202, 1225, 1257, 1264, 1280, 1307, 1335, 1358, 1372, 1403, 1414, 1438, 1460, 1459, 1485, 1489, 1526, 1545, 15, 14
947, 970, 989, 1012, 1038, 1061, 1080, 1109, 1131, 1140, 1167, 1182, 1202, 1225, 1257, 1264, 1280, 1307, 1335, 1358, 1372, 1403, 1414, 1438, 1460, 1459, 1485, 1489, 1526, 1545, 15
947, 970, 989, 1012, 1038, 1061, 1080, 1109, 1131, 1140, 1167, 1182, 1202, 1225, 1257, 1264, 1280, 1307, 1335, 1358, 1372, 1403, 1414, 1438, 1460, 1459, 1485, 1489, 1525, 1544, 16
947, 968, 988, 1011, 1037, 1062, 1081, 1106, 1133, 1137, 1165, 1179, 1220, 1223, 1259, 1262, 1298, 1309, 1336, 1357, 1370, 1401, 1413, 1440, 1462, 1466, 1493, 1522, 1542, 18, 17
947, 968, 988, 1011, 1037, 1062, 1081, 1106, 1133, 1137, 1165, 1179, 1220, 1223, 1259, 1262, 1298, 1309, 1336, 1357, 1370, 1401, 1413, 1440, 1462, 1466, 1493, 1522, 1542, 18
947, 968, 988, 1011, 1037, 1062, 1081, 1106, 1133, 1137, 1165, 1179, 1220, 1223, 1259, 1262, 1298, 1309, 1336, 1357, 1370, 1401, 1413, 1440, 1462, 1468, 1494, 1521, 1541, 19
947, 968, 988, 1011, 1037, 1062, 1081, 1106, 1133, 1137, 1165, 1179, 1220, 1223, 1259, 1262, 1298, 1309, 1336, 1357, 1370, 1401, 1413, 1440, 1462, 1468, 1494, 1521, 1541, 20
947, 968, 988, 1011, 1037, 1062, 1081, 1106, 1133, 1137, 1165, 1179, 1220, 1223, 1259, 1262, 1298, 1309, 1336, 1357, 1370, 1401, 1413, 1440, 1462, 1468, 1494, 1521, 1541, 19, 21
947, 968, 988, 1011, 1037, 1062, 1081, 1106, 1133, 1137, 1165, 1179, 1220, 1223, 1259, 1262, 1298, 1309, 1336, 1357, 1370, 1401, 1413, 1440, 1462, 1468, 1494, 1521, 1541, 20, 22
947, 968, 988, 1011, 1037, 1062, 1081, 1106, 1133, 1137, 1165, 1179, 1220, 1223, 1259, 1262, 1298, 1309, 1336, 1357, 1370, 1401, 1413, 1440, 1462, 1468, 1494, 1521, 1520, 1540, 0, 23
947, 968, 988, 1011, 1037, 1062, 1081, 1106, 1133, 1137, 1165, 1179, 1220, 1223, 1259, 1262, 1298, 1309, 1336, 1357, 1370, 1401, 1413, 1440, 1462, 1468, 1494, 1521, 1520, 1540, 0, 24
947, 968, 988, 1011, 1037, 1062, 1081, 1106, 1133, 1137, 1165, 1179, 1220, 1223, 1259, 1262, 1261, 1297, 1310, 1338, 1355, 1369, 1398, 1411, 1442, 1464, 1470, 1496, 1518, 1539, 1, 25
947, 968, 988, 1011, 1037, 1062, 1081, 1106, 1133, 1137, 1165, 1179, 1220, 1223, 1259, 1262, 1261, 1297, 1310, 1338, 1355, 1369, 1398, 1411, 1442, 1464, 1470, 1496, 1518, 1538, 2, 26
947, 968, 988, 1011, 1037, 1062, 1081, 1106, 1133, 1137, 1165, 1179, 1220, 1223, 1259, 1262, 1261, 1297, 1310, 1338, 1355, 1369, 1398, 1411, 1442, 1464, 1470, 1496, 1518, 1538, 2, 26, 27
947, 968, 988, 1011, 1037, 1062, 1081, 1106, 1133, 1137, 1165, 1179, 1220, 1223, 1259, 1262, 1261, 1297, 1310, 1338, 1355, 1369, 1398, 1411, 1442, 1464, 1470, 1496, 1518, 1538, 1537, 1536, 3, 4, 28
947, 968, 988, 1011, 1037, 1062, 1063, 1082, 1105, 1134, 1136, 1164, 1200, 1199, 1218, 1241, 1242, 1260, 1295, 1311, 1339, 1353, 1367, 1397, 1396, 1409, 1444, 1446, 1472, 1499, 1516, 1515, 1534, 5, 29
947, 946, 971, 992, 1015, 1040, 1059, 1058, 1076, 1113, 1127, 1144, 1172, 1188, 1208, 1209, 1232, 1233, 1250, 1272, 1288, 1320, 1319, 1325, 1348, 1382, 1391, 1423, 1428, 1450, 1477, 1504, 1512, 1552, 1553, 6, 30
947, 946, 971, 992, 1015, 1040, 1059, 1058, 1076, 1113, 1127, 1144, 1172, 1188, 1208, 1209, 1232, 1233, 1250, 1272, 1288, 1320, 1319, 1325, 1348, 1382, 1391, 1423, 1428, 1450, 1477, 1504, 1512, 1552, 1553, 6, 31
947, 946, 971, 992, 1015, 1040, 1059, 1058, 1076, 1113, 1127, 1144, 1172, 1188, 1208, 1209, 1232, 1233, 1250, 1272, 1288, 1320, 1319, 1325, 1348, 1382, 1391, 1423, 1428, 1450, 1477, 1504, 1512, 1552, 7, 32
947, 946, 971, 992, 1015, 1040, 1059, 1058, 1076, 1113, 1127, 1144, 1172, 1188, 1208, 1209, 1232, 1233, 1250, 1272, 1288, 1320, 1319, 1325, 1348, 1382, 1391, 1423, 1428, 1450, 1477, 1505, 1532, 1551, 9, 33
947, 946, 971, 992, 1015, 1040, 1059, 1058, 1077, 1112, 1128, 1143, 1171, 1186, 1207, 1229, 1253, 1269, 1285, 1300, 1328, 1344, 1379, 1380, 1389, 1422, 1430, 1453, 1479, 1508, 1530, 1550, 10, 34
947, 946, 971, 992, 1015, 1040, 1059, 1058, 1077, 1112, 1128, 1143, 1171, 1186, 1207, 1229, 1253, 1269, 1285, 1300, 1328, 1344, 1379, 1380, 1389, 1422, 1430, 1453, 1479, 1508, 1530, 1549, 11, 35
947, 946, 971, 992, 1015, 1040, 1059, 1058, 1077, 1112, 1128, 1143, 1171, 1186, 1207, 1229, 1253, 1269, 1285, 1300, 1328, 1344, 1379, 1387, 1420, 1432, 1454, 1480, 1509, 1529, 1548, 12, 36
947, 970, 989, 1012, 1038, 1061, 1080, 1109, 1131, 1140, 1167, 1182, 1202, 1225, 1257, 1264, 1280, 1307, 1335, 1358, 1372, 1403, 1414, 1438, 1460, 1459, 1485, 1489, 1525, 1544, 16, 38, 37
947, 970, 989, 1012, 1038, 1061, 1080, 1109, 1131, 1140, 1167, 1182, 1202, 1225, 1257, 1264, 1280, 1307, 1335, 1358, 1372, 1403, 1414, 1438, 1460, 1459, 1485, 1489, 1525, 1544, 16, 38
947, 970, 989, 1012, 1038, 1061, 1080, 1109, 1131, 1140, 1167, 1182, 1202, 1225, 1257, 1264, 1280, 1307, 1335, 1358, 1372, 1403, 1414, 1438, 1460, 1459, 1485, 1489, 1525, 1544, 16, 39
947, 970, 989, 1012, 1038, 1061, 1080, 1109, 1131, 1140, 1167, 1182, 1202, 1225, 1257, 1264, 1280, 1307, 1335, 1358, 1372, 1403, 1414, 1438, 1460, 1459, 1485, 1489, 1525, 1544, 16, 40
947, 968, 988, 1011, 1037, 1062, 1081, 1106, 1133, 1137, 1165, 1179, 1220, 1223, 1259, 1262, 1298, 1309, 1336, 1357, 1370, 1401, 1413, 1440, 1462, 1466, 1493, 1522, 1542, 18, 17, 41
947, 968, 988, 1011, 1037, 1062, 1081, 1106, 1133, 1137, 1165, 1179, 1220, 1223, 1259, 1262, 1261, 1297, 1310, 1338, 1355, 1369, 1398, 1411, 1442, 1464, 1470, 1496, 1518, 1538, 2, 26, 42
947, 968, 988, 1011, 1037, 1062, 1081, 1106, 1133, 1137, 1165, 1179, 1220, 1223, 1259, 1262, 1261, 1297, 1310, 1338, 1355, 1369, 1398, 1411, 1442, 1464, 1470, 1496, 1518, 1538, 2, 26, 43
947, 968, 988, 1011, 1037, 1062, 1081, 1106, 1133, 1137, 1165, 1179, 1220, 1223, 1259, 1262, 1261, 1297, 1310, 1338, 1355, 1369, 1398, 1411, 1442, 1464, 1470, 1496, 1518, 1538, 2, 26, 44
947, 968, 988, 1011, 1037, 1062, 1081, 1106, 1133, 1137, 1165, 1179, 1220, 1223, 1259, 1262, 1261, 1297, 1310, 1338, 1355, 1369, 1398, 1411, 1442, 1464, 1470, 1496, 1518, 1538, 2, 26, 42, 83, 45
947, 968, 988, 1011, 1037, 1062, 1081, 1106, 1133, 1137, 1165, 1179, 1220, 1223, 1259, 1262, 1261, 1297, 1310, 1338, 1355, 1369, 1398, 1411, 1442, 1464, 1470, 1496, 1518, 1538, 2, 26, 27, 46
947, 968, 988, 1011, 1037, 1062, 1081, 1106, 1133, 1137, 1165, 1179, 1220, 1223, 1259, 1262, 1261, 1297, 1310, 1338, 1355, 1369, 1398, 1411, 1442, 1464, 1470, 1496, 1518, 1538, 2, 26, 27, 46, 47
947, 968, 988, 1011, 1037, 1062, 1063, 1082, 1105, 1134, 1136, 1164, 1200, 1199, 1218, 1241, 1242, 1260, 1295, 1311, 1339, 1353, 1367, 1397, 1396, 1409, 1444, 1446, 1472, 1499, 1516, 1515, 1534, 5, 29, 48
947, 968, 988, 1011, 1037, 1062, 1063, 1082, 1105, 1134, 1136, 1164, 1200, 1199, 1218, 1241, 1242, 1260, 1295, 1311, 1339, 1353, 1367, 1397, 1396, 1409, 1444, 1446, 1472, 1499, 1516, 1515, 1534, 5, 29, 49
947, 946, 971, 992, 1015, 1040, 1059, 1058, 1076, 1113, 1127, 1144, 1172, 1188, 1208, 1209, 1232, 1233, 1250, 1272, 1288, 1320, 1319, 1325, 1348, 1382, 1391, 1423, 1428, 1450, 1477, 1504, 1512, 1552, 1553, 6, 31, 50
947, 946, 971, 992, 1015, 1040, 1059, 1058, 1076, 1113, 1127, 1144, 1172, 1188, 1208, 1209, 1232, 1233, 1250, 1272, 1288, 1320, 1319, 1325, 1348, 1382, 1391, 1423, 1428, 1450, 1477, 1504, 1512, 1552, 7, 32, 52, 51
947, 946, 971, 992, 1015, 1040, 1059, 1058, 1076, 1113, 1127, 1144, 1172, 1188, 1208, 1209, 1232, 1233, 1250, 1272, 1288, 1320, 1319, 1325, 1348, 1382, 1391, 1423, 1428, 1450, 1477, 1504, 1512, 1552, 7, 32, 52
947, 946, 971, 992, 1015, 1040, 1059, 1058, 1077, 1112, 1128, 1143, 1171, 1186, 1207, 1229, 1253, 1269, 1285, 1300, 1328, 1344, 1379, 1380, 1389, 1422, 1430, 1453, 1479, 1508, 1530, 1550, 10, 34, 53
947, 946, 971, 992, 1015, 1040, 1059, 1058, 1077, 1112, 1128, 1143, 1171, 1186, 1207, 1229, 1253, 1269, 1285, 1300, 1328, 1344, 1379, 1380, 1389, 1422, 1430, 1453, 1479, 1508, 1530, 1550, 10, 34, 54
947, 946, 971, 992, 1015, 1040, 1059, 1058, 1077, 1112, 1128, 1143, 1171, 1186, 1207, 1229, 1253, 1269, 1285, 1300, 1328, 1344, 1379, 1380, 1389, 1422, 1430, 1453, 1479, 1508, 1530, 1549, 11, 35, 55
947, 946, 971, 992, 1015, 1040, 1059, 1058, 1077, 1112, 1128, 1143, 1171, 1186, 1207, 1229, 1253, 1269, 1285, 1300, 1328, 1344, 1379, 1387, 1420, 1432, 1454, 1480, 1509, 1529, 1548, 12, 36, 56
947, 946, 971, 992, 1015, 1040, 1059, 1058, 1077, 1112, 1128, 1143, 1171, 1186, 1207, 1229, 1253, 1269, 1285, 1300, 1328, 1344, 1379, 1387, 1420, 1432, 1454, 1480, 1509, 1529, 1548, 12, 36, 57
947, 970, 989, 1012, 1038, 1061, 1080, 1109, 1131, 1140, 1167, 1182, 1202, 1225, 1257, 1264, 1280, 1307, 1335, 1358, 1372, 1403, 1414, 1438, 1460, 1459, 1485, 1489, 1525, 1544, 16, 38, 59, 58
947, 970, 989, 1012, 1038, 1061, 1080, 1109, 1131, 1140, 1167, 1182, 1202, 1225, 1257, 1264, 1280, 1307, 1335, 1358, 1372, 1403, 1414, 1438, 1460, 1459, 1485, 1489, 1525, 1544, 16, 38, 59
947, 970, 989, 1012, 1038, 1061, 1080, 1109, 1131, 1140, 1167, 1182, 1202, 1225, 1257, 1264, 1280, 1307, 1335, 1358, 1372, 1403, 1414, 1438, 1460, 1459, 1485, 1489, 1525, 1544, 16, 39, 60
947, 970, 989, 1012, 1038, 1061, 1080, 1109, 1131, 1140, 1167, 1182, 1202, 1225, 1257, 1264, 1280, 1307, 1335, 1358, 1372, 1403, 1414, 1438, 1460, 1459, 1485, 1489, 1525, 1544, 16, 40, 61
947, 968, 988, 1011, 1037, 1062, 1081, 1106, 1133, 1137, 1165, 1179, 1220, 1223, 1259, 1262, 1298, 1309, 1336, 1357, 1370, 1401, 1413, 1440, 1462, 1466, 1493, 1522, 1542, 18, 17, 41, 62
947, 968, 988, 1011, 1037, 1062, 1081, 1106, 1133, 1137, 1165, 1179, 1220, 1223, 1259, 1262, 1298, 1309, 1336, 1357, 1370, 1401, 1413, 1440, 1462, 1468, 1494, 1521, 1541, 19, 21, 63
947, 968, 988, 1011, 1037, 1062, 1081, 1106, 1133, 1137, 1165, 1179, 1220, 1223, 1259, 1262, 1298, 1309, 1336, 1357, 1370, 1401, 1413, 1440, 1462, 1468, 1494, 1521, 1541, 20, 22, 64
947, 968, 988, 1011, 1037, 1062, 1081, 1106, 1133, 1137, 1165, 1179, 1220, 1223, 1259, 1262, 1298, 1309, 1336, 1357, 1370, 1401, 1413, 1440, 1462, 1468, 1494, 1521, 1541, 20, 22, 65
947, 968, 988, 1011, 1037, 1062, 1081, 1106, 1133, 1137, 1165, 1179, 1220, 1223, 1259, 1262, 1298, 1309, 1336, 1357, 1370, 1401, 1413, 1440, 1462, 1468, 1494, 1521, 1520, 1540, 0, 24, 66
947, 968, 988, 1011, 1037, 1062, 1081, 1106, 1133, 1137, 1165, 1179, 1220, 1223, 1259, 1262, 1298, 1309, 1336, 1357, 1370, 1401, 1413, 1440, 1462, 1466, 1493, 1522, 1542, 18, 17, 41, 62, 67
947, 970, 989, 1012, 1038, 1061, 1080, 1109, 1131, 1140, 1167, 1182, 1202, 1225, 1257, 1264, 1280, 1307, 1335, 1358, 1372, 1403, 1414, 1438, 1460, 1459, 1485, 1489, 1525, 1544, 16, 40, 61, 68
947, 970, 989, 1012, 1038, 1061, 1080, 1109, 1131, 1140, 1167, 1182, 1202, 1225, 1257, 1264, 1280, 1307, 1335, 1358, 1372, 1403, 1414, 1438, 1460, 1459, 1485, 1489, 1525, 1544, 16, 39, 60, 69
947, 970, 989, 1012, 1038, 1061, 1080, 1109, 1131, 1140, 1167, 1182, 1202, 1225, 1257, 1264, 1280, 1307, 1335, 1358, 1372, 1403, 1414, 1438, 1460, 1459, 1485, 1489, 1525, 1544, 16, 39, 60, 70
947, 970, 989, 1012, 1038, 1061, 1080, 1109, 1131, 1140, 1167, 1182, 1202, 1225, 1257, 1264, 1280, 1307, 1335, 1358, 1372, 1403, 1414, 1438, 1460, 1459, 1485, 1489, 1525, 1544, 16, 39, 60, 70, 71
947, 946, 971, 992, 1015, 1040, 1059, 1058, 1077, 1112, 1128, 1143, 1171, 1186, 1207, 1229, 1253, 1269, 1285, 1300, 1328, 1344, 1379, 1387, 1420, 1432, 1454, 1480, 1509, 1529, 1548, 12, 36, 57, 72
947, 946, 971, 992, 1015, 1040, 1059, 1058, 1077, 1112, 1128, 1143, 1171, 1186, 1207, 1229, 1253, 1269, 1285, 1300, 1328, 1344, 1379, 1387, 1420, 1432, 1454, 1480, 1509, 1529, 1548, 12, 36, 56, 73
947, 946, 971, 992, 1015, 1040, 1059, 1058, 1077, 1112, 1128, 1143, 1171, 1186, 1207, 1229, 1253, 1269, 1285, 1300, 1328, 1344, 1379, 1380, 1389, 1422, 1430, 1453, 1479, 1508, 1530, 1549, 11, 35, 55, 74
947, 946, 971, 992, 1015, 1040, 1059, 1058, 1077, 1112, 1128, 1143, 1171, 1186, 1207, 1229, 1253, 1269, 1285, 1300, 1328, 1344, 1379, 1380, 1389, 1422, 1430, 1453, 1479, 1508, 1530, 1550, 10, 34, 54, 75
947, 946, 971, 992, 1015, 1040, 1059, 1058, 1077, 1112, 1128, 1143, 1171, 1186, 1207, 1229, 1253, 1269, 1285, 1300, 1328, 1344, 1379, 1380, 1389, 1422, 1430, 1453, 1479, 1508, 1530, 1550, 10, 34, 54, 76
947, 946, 971, 992, 1015, 1040, 1059, 1058, 1076, 1113, 1127, 1144, 1172, 1188, 1208, 1209, 1232, 1233, 1250, 1272, 1288, 1320, 1319, 1325, 1348, 1382, 1391, 1423, 1428, 1450, 1477, 1504, 1512, 1552, 7, 32, 52, 77
947, 946, 971, 992, 1015, 1040, 1059, 1058, 1076, 1113, 1127, 1144, 1172, 1188, 1208, 1209, 1232, 1233, 1250, 1272, 1288, 1320, 1319, 1325, 1348, 1382, 1391, 1423, 1428, 1450, 1477, 1504, 1512, 1552, 7, 32, 52, 51, 78
947, 946, 971, 992, 1015, 1040, 1059, 1058, 1076, 1113, 1127, 1144, 1172, 1188, 1208, 1209, 1232, 1233, 1250, 1272, 1288, 1320, 1319, 1325, 1348, 1382, 1391, 1423, 1428, 1450, 1477, 1504, 1512, 1552, 1553, 6, 31, 50, 80, 79
947, 946, 971, 992, 1015, 1040, 1059, 1058, 1076, 1113, 1127, 1144, 1172, 1188, 1208, 1209, 1232, 1233, 1250, 1272, 1288, 1320, 1319, 1325, 1348, 1382, 1391, 1423, 1428, 1450, 1477, 1504, 1512, 1552, 1553, 6, 31, 50, 80
947, 925, 911, 886, 867, 848, 837, 801, 788, 745, 721, 694, 686, 654, 636, 637, 630, 598, 569, 548, 534, 507, 488, 474, 444, 433, 394, 387, 371, 345, 326, 294, 271, 258, 220, 196, 183, 165, 136, 127, 89, 81
947, 925, 911, 886, 867, 848, 837, 801, 788, 745, 721, 694, 686, 654, 636, 637, 630, 598, 569, 548, 534, 507, 488, 474, 444, 433, 394, 387, 371, 345, 326, 294, 271, 258, 220, 196, 183, 165, 136, 127, 89, 81, 82
947, 968, 988, 1011, 1037, 1062, 1081, 1106, 1133, 1137, 1165, 1179, 1220, 1223, 1259, 1262, 1261, 1297, 1310, 1338, 1355, 1369, 1398, 1411, 1442, 1464, 1470, 1496, 1518, 1538, 2, 26, 42, 83
947, 968, 988, 1011, 1037, 1062, 1081, 1106, 1133, 1137, 1165, 1179, 1220, 1223, 1259, 1262, 1261, 1297, 1310, 1338, 1355, 1369, 1398, 1411, 1442, 1464, 1470, 1496, 1518, 1538, 2, 26, 43, 84
947, 968, 988, 1011, 1037, 1062, 1081, 1106, 1133, 1137, 1165, 1179, 1220, 1223, 1259, 1262, 1261, 1297, 1310, 1338, 1355, 1369, 1398, 1411, 1442, 1464, 1470, 1496, 1518, 1538, 2, 26, 44, 85
947, 968, 988, 1011, 1037, 1062, 1081, 1106, 1133, 1137, 1165, 1179, 1220, 1223, 1259, 1262, 1298, 1309, 1336, 1357, 1370, 1401, 1413, 1440, 1462, 1468, 1494, 1521, 1520, 1540, 0, 24, 66, 86
947, 968, 988, 1011, 1037, 1062, 1081, 1106, 1133, 1137, 1165, 1179, 1220, 1223, 1259, 1262, 1298, 1309, 1336, 1357, 1370, 1401, 1413, 1440, 1462, 1468, 1494, 1521, 1541, 20, 22, 64, 87
947, 968, 988, 1011, 1037, 1062, 1081, 1106, 1133, 1137, 1165, 1179, 1220, 1223, 1259, 1262, 1298, 1309, 1336, 1357, 1370, 1401, 1413, 1440, 1462, 1468, 1494, 1521, 1541, 19, 21, 63, 88
947, 925, 911, 886, 867, 848, 837, 801, 788, 745, 721, 694, 686, 654, 636, 637, 630, 598, 569, 548, 534, 507, 488, 474, 444, 433, 394, 387, 371, 345, 326, 294, 271, 258, 220, 196, 183, 165, 136, 127, 89
947, 968, 988, 1011, 1037, 1062, 1081, 1106, 1133, 1137, 1165, 1179, 1220, 1223, 1259, 1262, 1261, 1297, 1310, 1338, 1355, 1369, 1398, 1411, 1442, 1464, 1470, 1496, 1518, 1538, 2, 26, 42, 83, 91, 90
947, 968, 988, 1011, 1037, 1062, 1081, 1106, 1133, 1137, 1165, 1179, 1220, 1223, 1259, 1262, 1261, 1297, 1310, 1338, 1355, 1369, 1398, 1411, 1442, 1464, 1470, 1496, 1518, 1538, 2, 26, 42, 83, 91
947, 968, 988, 1011, 1037, 1062, 1081, 1106, 1133, 1137, 1165, 1179, 1220, 1223, 1259, 1262, 1261, 1297, 1310, 1338, 1355, 1369, 1398, 1411, 1442, 1464, 1470, 1496, 1518, 1538, 2, 26, 42, 83, 92
947, 968, 988, 1011, 1037, 1062, 1081, 1106, 1133, 1137, 1165, 1179, 1220, 1223, 1259, 1262, 1261, 1297, 1310, 1338, 1355, 1369, 1398, 1411, 1442, 1464, 1470, 1496, 1518, 1538, 2, 26, 43, 84, 93
947, 968, 988, 1011, 1037, 1062, 1081, 1106, 1133, 1137, 1165, 1179, 1220, 1223, 1259, 1262, 1298, 1309, 1336, 1357, 1370, 1401, 1413, 1440, 1462, 1468, 1494, 1521, 1541, 20, 22, 64, 87, 95, 94
947, 968, 988, 1011, 1037, 1062, 1081, 1106, 1133, 1137, 1165, 1179, 1220, 1223, 1259, 1262, 1298, 1309, 1336, 1357, 1370, 1401, 1413, 1440, 1462, 1468, 1494, 1521, 1541, 20, 22, 64, 87, 95
947, 968, 988, 1011, 1037, 1062, 1081, 1106, 1133, 1137, 1165, 1179, 1220, 1223, 1259, 1262, 1298, 1309, 1336, 1357, 1370, 1401, 1413, 1440, 1462, 1468, 1494, 1521, 1541, 19, 21, 63, 88, 96
947, 968, 988, 1011, 1037, 1062, 1081, 1106, 1133, 1137, 1165, 1179, 1220, 1223, 1259, 1262, 1298, 1309, 1336, 1357, 1370, 1401, 1413, 1440, 1462, 1468, 1494, 1521, 1541, 19, 21, 63, 88, 97
947, 968, 988, 1011, 1037, 1062, 1081, 1106, 1133, 1137, 1165, 1179, 1220, 1223, 1259, 1262, 1298, 1309, 1336, 1357, 1370, 1401, 1413, 1440, 1462, 1466, 1493, 1522, 1542, 18, 17, 41, 62, 67, 98
947, 968, 988, 1011, 1037, 1062, 1081, 1106, 1133, 1137, 1165, 1179, 1220, 1223, 1259, 1262, 1298, 1309, 1336, 1357, 1370, 1401, 1413, 1440, 1462, 1466, 1493, 1522, 1542, 18, 17, 41, 62, 67, 99
