1036, 1035, 1065, 1064, 1063, 1082, 1105, 1129, 1147, 1166, 1193, 1217, 1231, 1259, 1268, 1294, 1317, 1338, 1356, 1372, 1394, 1395, 1423, 1449, 1463, 1493, 1504, 1529, 1538, 0
1036, 1035, 1065, 1064, 1063, 1082, 1105, 1129, 1147, 1166, 1193, 1217, 1231, 1259, 1268, 1294, 1317, 1338, 1356, 1372, 1394, 1395, 1423, 1449, 1463, 1493, 1504, 1529, 1538, 1
1036, 1035, 1065, 1064, 1063, 1082, 1105, 1129, 1147, 1166, 1193, 1217, 1231, 1259, 1268, 1294, 1317, 1338, 1356, 1372, 1394, 1395, 1423, 1424, 1448, 1462, 1491, 1503, 1530, 1537, 2
1036, 1035, 1065, 1064, 1063, 1082, 1105, 1129, 1147, 1166, 1193, 1217, 1231, 1259, 1268, 1294, 1317, 1338, 1356, 1372, 1394, 1395, 1423, 1424, 1448, 1462, 1491, 1503, 1530, 1537, 3
1036, 1037, 1038, 1068, 1087, 1112, 1136, 1140, 1159, 1184, 1209, 1208, 1242, 1247, 1278, 1304, 1327, 1328, 1329, 1349, 1369, 1384, 1385, 1402, 1427, 1443, 1459, 1488, 1501, 1531, 1536, 4
1036, 1037, 1038, 1068, 1087, 1112, 1136, 1140, 1159, 1184, 1209, 1208, 1242, 1247, 1278, 1304, 1327, 1328, 1329, 1349, 1369, 1384, 1385, 1402, 1427, 1443, 1459, 1488, 1501, 1532, 1535, 5
1036, 1037, 1038, 1068, 1087, 1112, 1136, 1140, 1159, 1184, 1209, 1208, 1242, 1247, 1278, 1304, 1327, 1328, 1329, 1349, 1369, 1384, 1404, 1429, 1428, 1442, 1457, 1487, 1500, 1533, 1554, 6
1036, 1037, 1038, 1068, 1087, 1112, 1136, 1140, 1159, 1184, 1209, 1208, 1242, 1247, 1278, 1304, 1327, 1347, 1348, 1368, 1383, 1405, 1411, 1440, 1455, 1485, 1486, 1499, 1534, 1553, 7
1036, 1037, 1038, 1068, 1087, 1112, 1136, 1140, 1159, 1184, 1209, 1208, 1242, 1247, 1278, 1304, 1327, 1347, 1348, 1368, 1383, 1405, 1411, 1440, 1455, 1485, 1498, 1514, 1552, 8
1036, 1037, 1038, 1068, 1087, 1112, 1136, 1140, 1159, 1184, 1209, 1208, 1242, 1247, 1278, 1304, 1327, 1347, 1348, 1368, 1383, 1405, 1411, 1440, 1455, 1485, 1498, 1514, 1552, 9
1036, 1037, 1038, 1068, 1087, 1112, 1136, 1140, 1159, 1184, 1209, 1208, 1242, 1247, 1278, 1303, 1326, 1346, 1365, 1381, 1407, 1413, 1438, 1452, 1482, 1494, 1517, 1550, 11, 10
1036, 1037, 1038, 1068, 1087, 1112, 1136, 1140, 1159, 1184, 1209, 1208, 1242, 1247, 1278, 1303, 1326, 1346, 1365, 1381, 1407, 1413, 1438, 1452, 1482, 1494, 1517, 1550, 11
1036, 1066, 1085, 1086, 1110, 1134, 1141, 1160, 1186, 1210, 1239, 1265, 1276, 1301, 1324, 1344, 1363, 1379, 1409, 1414, 1437, 1472, 1481, 1513, 1519, 1547, 1548, 12
1036, 1066, 1085, 1086, 1110, 1134, 1141, 1160, 1186, 1210, 1239, 1265, 1276, 1301, 1324, 1344, 1363, 1379, 1409, 1414, 1437, 1472, 1481, 1513, 1519, 1546, 13
1036, 1066, 1085, 1109, 1133, 1142, 1161, 1187, 1212, 1236, 1263, 1274, 1298, 1322, 1342, 1361, 1376, 1390, 1417, 1433, 1469, 1470, 1479, 1512, 1520, 1545, 14
1036, 1066, 1085, 1109, 1133, 1142, 1161, 1187, 1212, 1236, 1263, 1274, 1298, 1322, 1342, 1361, 1376, 1390, 1417, 1433, 1469, 1477, 1478, 1511, 1521, 1544, 15
1036, 1066, 1085, 1109, 1133, 1142, 1161, 1187, 1212, 1236, 1263, 1274, 1298, 1322, 1342, 1361, 1376, 1390, 1417, 1433, 1469, 1477, 1510, 1523, 1543, 16
1036, 1066, 1085, 1084, 1108, 1132, 1145, 1164, 1190, 1214, 1234, 1261, 1271, 1296, 1319, 1340, 1359, 1374, 1392, 1419, 1432, 1468, 1476, 1509, 1525, 1542, 17
1036, 1066, 1085, 1084, 1108, 1132, 1145, 1164, 1190, 1214, 1234, 1261, 1271, 1296, 1319, 1340, 1359, 1374, 1392, 1420, 1431, 1467, 1475, 1508, 1526, 1541, 18
1036, 1066, 1085, 1084, 1108, 1132, 1145, 1164, 1190, 1214, 1234, 1261, 1271, 1296, 1319, 1340, 1359, 1374, 1392, 1420, 1431, 1467, 1475, 1508, 1526, 1541, 19
1036, 1066, 1085, 1084, 1108, 1132, 1145, 1164, 1190, 1214, 1234, 1261, 1271, 1296, 1319, 1340, 1359, 1374, 1392, 1420, 1431, 1467, 1475, 1508, 1526, 1541, 19, 20
1036, 1066, 1085, 1084, 1108, 1132, 1145, 1164, 1190, 1214, 1234, 1261, 1271, 1296, 1319, 1340, 1359, 1374, 1392, 1420, 1431, 1467, 1475, 1508, 1526, 1527, 1540, 1539, 21
1036, 1037, 1038, 1068, 1087, 1112, 1136, 1140, 1159, 1184, 1209, 1208, 1242, 1247, 1278, 1304, 1327, 1328, 1329, 1349, 1369, 1384, 1385, 1402, 1427, 1443, 1459, 1488, 1501, 1532, 1535, 5, 22
1036, 1037, 1038, 1068, 1087, 1112, 1136, 1140, 1159, 1184, 1209, 1208, 1242, 1247, 1278, 1304, 1327, 1328, 1329, 1349, 1369, 1384, 1385, 1402, 1427, 1443, 1459, 1488, 1501, 1532, 1535, 5, 23
1036, 1037, 1038, 1068, 1087, 1112, 1136, 1140, 1159, 1184, 1209, 1208, 1242, 1247, 1278, 1304, 1327, 1328, 1329, 1349, 1369, 1384, 1385, 1402, 1427, 1443, 1459, 1488, 1501, 1531, 1536, 4, 24
1036, 1035, 1065, 1064, 1063, 1082, 1105, 1129, 1147, 1166, 1193, 1217, 1231, 1259, 1268, 1294, 1317, 1338, 1356, 1372, 1394, 1395, 1423, 1424, 1448, 1462, 1491, 1503, 1530, 1537, 3, 25
1036, 1035, 1065, 1064, 1063, 1082, 1105, 1129, 1147, 1166, 1193, 1217, 1231, 1259, 1268, 1294, 1317, 1338, 1356, 1372, 1394, 1395, 1423, 1449, 1463, 1493, 1504, 1529, 1538, 0, 26
1036, 1066, 1085, 1084, 1108, 1132, 1145, 1164, 1190, 1214, 1234, 1261, 1271, 1296, 1319, 1340, 1359, 1374, 1392, 1420, 1431, 1467, 1475, 1508, 1526, 1541, 19, 20, 29, 28, 27
1036, 1066, 1085, 1084, 1108, 1132, 1145, 1164, 1190, 1214, 1234, 1261, 1271, 1296, 1319, 1340, 1359, 1374, 1392, 1420, 1431, 1467, 1475, 1508, 1526, 1541, 19, 20, 29, 28
1036, 1066, 1085, 1084, 1108, 1132, 1145, 1164, 1190, 1214, 1234, 1261, 1271, 1296, 1319, 1340, 1359, 1374, 1392, 1420, 1431, 1467, 1475, 1508, 1526, 1541, 19, 20, 29
1036, 1066, 1085, 1084, 1108, 1132, 1145, 1164, 1190, 1214, 1234, 1261, 1271, 1296, 1319, 1340, 1359, 1374, 1392, 1420, 1431, 1467, 1475, 1508, 1526, 1541, 19, 30
1036, 1066, 1085, 1084, 1108, 1132, 1145, 1164, 1190, 1214, 1234, 1261, 1271, 1296, 1319, 1340, 1359, 1374, 1392, 1419, 1432, 1468, 1476, 1509, 1525, 1542, 17, 31
1036, 1066, 1085, 1109, 1133, 1142, 1161, 1187, 1212, 1236, 1263, 1274, 1298, 1322, 1342, 1361, 1376, 1390, 1417, 1433, 1469, 1477, 1510, 1523, 1543, 16, 32
1036, 1066, 1085, 1109, 1133, 1142, 1161, 1187, 1212, 1236, 1263, 1274, 1298, 1322, 1342, 1361, 1376, 1390, 1417, 1433, 1469, 1477, 1478, 1511, 1521, 1544, 15, 33
1036, 1066, 1085, 1109, 1133, 1142, 1161, 1187, 1212, 1236, 1263, 1274, 1298, 1322, 1342, 1361, 1376, 1390, 1417, 1433, 1469, 1477, 1478, 1511, 1521, 1544, 15, 34
1036, 1066, 1085, 1109, 1133, 1142, 1161, 1187, 1212, 1236, 1263, 1274, 1298, 1322, 1342, 1361, 1376, 1390, 1417, 1433, 1469, 1470, 1479, 1512, 1520, 1545, 14, 35
1036, 1066, 1085, 1086, 1110, 1134, 1141, 1160, 1186, 1210, 1239, 1265, 1276, 1301, 1324, 1344, 1363, 1379, 1409, 1414, 1437, 1472, 1481, 1513, 1519, 1546, 13, 36
1036, 1066, 1085, 1086, 1110, 1134, 1141, 1160, 1186, 1210, 1239, 1265, 1276, 1301, 1324, 1344, 1363, 1379, 1409, 1414, 1437, 1472, 1481, 1513, 1519, 1547, 1548, 12, 37
1036, 1066, 1085, 1086, 1110, 1134, 1141, 1160, 1186, 1210, 1239, 1265, 1276, 1301, 1324, 1344, 1363, 1379, 1409, 1414, 1437, 1472, 1481, 1513, 1519, 1547, 1548, 12, 38
1036, 1037, 1038, 1068, 1087, 1112, 1136, 1140, 1159, 1184, 1209, 1208, 1242, 1247, 1278, 1303, 1326, 1346, 1365, 1381, 1407, 1413, 1438, 1452, 1482, 1494, 1517, 1550, 11, 39
1036, 1037, 1038, 1068, 1087, 1112, 1136, 1140, 1159, 1184, 1209, 1208, 1242, 1247, 1278, 1303, 1326, 1346, 1365, 1381, 1407, 1413, 1438, 1452, 1482, 1494, 1517, 1550, 11, 40
1036, 1037, 1038, 1068, 1087, 1112, 1136, 1140, 1159, 1184, 1209, 1208, 1242, 1247, 1278, 1303, 1326, 1346, 1365, 1381, 1407, 1413, 1438, 1452, 1482, 1494, 1517, 1550, 11, 10, 41
1036, 1037, 1038, 1068, 1087, 1112, 1136, 1140, 1159, 1184, 1209, 1208, 1242, 1247, 1278, 1303, 1326, 1346, 1365, 1381, 1407, 1413, 1438, 1452, 1482, 1494, 1517, 1550, 11, 10, 42
1036, 1037, 1038, 1068, 1087, 1112, 1136, 1140, 1159, 1184, 1209, 1208, 1242, 1247, 1278, 1303, 1326, 1346, 1365, 1381, 1407, 1413, 1438, 1452, 1482, 1494, 1517, 1550, 11, 10, 42, 43
1036, 1037, 1038, 1068, 1087, 1112, 1136, 1140, 1159, 1184, 1209, 1208, 1242, 1247, 1278, 1304, 1327, 1347, 1348, 1368, 1383, 1405, 1411, 1440, 1455, 1485, 1498, 1514, 1552, 8, 44
1036, 1037, 1038, 1068, 1087, 1112, 1136, 1140, 1159, 1184, 1209, 1208, 1242, 1247, 1278, 1304, 1327, 1328, 1329, 1349, 1369, 1384, 1404, 1429, 1428, 1442, 1457, 1487, 1500, 1533, 1554, 6, 45
1036, 1037, 1038, 1068, 1087, 1112, 1136, 1140, 1159, 1184, 1209, 1208, 1242, 1247, 1278, 1304, 1327, 1328, 1329, 1349, 1369, 1384, 1385, 1402, 1427, 1443, 1459, 1488, 1501, 1531, 1536, 4, 24, 46
1036, 1037, 1038, 1068, 1087, 1112, 1136, 1140, 1159, 1184, 1209, 1208, 1242, 1247, 1278, 1304, 1327, 1328, 1329, 1349, 1369, 1384, 1385, 1402, 1427, 1443, 1459, 1488, 1501, 1531, 1536, 4, 24, 47
1036, 1035, 1065, 1064, 1063, 1082, 1105, 1129, 1147, 1166, 1193, 1217, 1231, 1259, 1268, 1294, 1317, 1338, 1356, 1372, 1394, 1395, 1423, 1424, 1448, 1462, 1491, 1503, 1530, 1537, 3, 25, 48
1036, 1035, 1065, 1064, 1063, 1082, 1105, 1129, 1147, 1166, 1193, 1217, 1231, 1259, 1268, 1294, 1317, 1338, 1356, 1372, 1394, 1395, 1423, 1449, 1463, 1493, 1504, 1529, 1538, 0, 26, 49
1036, 1035, 1065, 1064, 1063, 1082, 1105, 1129, 1147, 1166, 1193, 1217, 1231, 1259, 1268, 1294, 1317, 1338, 1356, 1372, 1394, 1395, 1423, 1449, 1463, 1493, 1504, 1529, 1538, 0, 26, 50
1036, 1066, 1085, 1084, 1108, 1132, 1145, 1164, 1190, 1214, 1234, 1261, 1271, 1296, 1319, 1340, 1359, 1374, 1392, 1420, 1431, 1467, 1475, 1508, 1526, 1541, 19, 20, 29, 28, 51
1036, 1066, 1085, 1084, 1108, 1132, 1145, 1164, 1190, 1214, 1234, 1261, 1271, 1296, 1319, 1340, 1359, 1374, 1392, 1420, 1431, 1467, 1475, 1508, 1526, 1541, 19, 20, 29, 52
1036, 1066, 1085, 1084, 1108, 1132, 1145, 1164, 1190, 1214, 1234, 1261, 1271, 1296, 1319, 1340, 1359, 1374, 1392, 1420, 1431, 1467, 1475, 1508, 1526, 1541, 19, 30, 53
1036, 1066, 1085, 1084, 1108, 1132, 1145, 1164, 1190, 1214, 1234, 1261, 1271, 1296, 1319, 1340, 1359, 1374, 1392, 1419, 1432, 1468, 1476, 1509, 1525, 1542, 17, 31, 54
1036, 1066, 1085, 1109, 1133, 1142, 1161, 1187, 1212, 1236, 1263, 1274, 1298, 1322, 1342, 1361, 1376, 1390, 1417, 1433, 1469, 1477, 1510, 1523, 1543, 16, 32, 55
1036, 1066, 1085, 1109, 1133, 1142, 1161, 1187, 1212, 1236, 1263, 1274, 1298, 1322, 1342, 1361, 1376, 1390, 1417, 1433, 1469, 1477, 1478, 1511, 1521, 1544, 15, 33, 56
1036, 1066, 1085, 1109, 1133, 1142, 1161, 1187, 1212, 1236, 1263, 1274, 1298, 1322, 1342, 1361, 1376, 1390, 1417, 1433, 1469, 1470, 1479, 1512, 1520, 1545, 14, 35, 57
1036, 1066, 1085, 1086, 1110, 1134, 1141, 1160, 1186, 1210, 1239, 1265, 1276, 1301, 1324, 1344, 1363, 1379, 1409, 1414, 1437, 1472, 1481, 1513, 1519, 1546, 13, 36, 58
1036, 1066, 1085, 1086, 1110, 1134, 1141, 1160, 1186, 1210, 1239, 1265, 1276, 1301, 1324, 1344, 1363, 1379, 1409, 1414, 1437, 1472, 1481, 1513, 1519, 1547, 1548, 12, 37, 59
1036, 1066, 1085, 1086, 1110, 1134, 1141, 1160, 1186, 1210, 1239, 1265, 1276, 1301, 1324, 1344, 1363, 1379, 1409, 1414, 1437, 1472, 1481, 1513, 1519, 1547, 1548, 12, 38, 60
1036, 1037, 1038, 1068, 1087, 1112, 1136, 1140, 1159, 1184, 1209, 1208, 1242, 1247, 1278, 1303, 1326, 1346, 1365, 1381, 1407, 1413, 1438, 1452, 1482, 1494, 1517, 1550, 11, 40, 61
1036, 1037, 1038, 1068, 1087, 1112, 1136, 1140, 1159, 1184, 1209, 1208, 1242, 1247, 1278, 1303, 1326, 1346, 1365, 1381, 1407, 1413, 1438, 1452, 1482, 1494, 1517, 1550, 11, 40, 61, 62
1036, 1037, 1038, 1068, 1087, 1112, 1136, 1140, 1159, 1184, 1209, 1208, 1242, 1247, 1278, 1303, 1326, 1346, 1365, 1381, 1407, 1413, 1438, 1452, 1482, 1494, 1517, 1550, 11, 10, 42, 63
1036, 1037, 1038, 1068, 1087, 1112, 1136, 1140, 1159, 1184, 1209, 1208, 1242, 1247, 1278, 1303, 1326, 1346, 1365, 1381, 1407, 1413, 1438, 1452, 1482, 1494, 1517, 1550, 11, 10, 42, 63, 64
1036, 1037, 1038, 1068, 1087, 1112, 1136, 1140, 1159, 1184, 1209, 1208, 1242, 1247, 1278, 1304, 1327, 1347, 1348, 1368, 1383, 1405, 1411, 1440, 1455, 1485, 1498, 1514, 1552, 8, 44, 65
1036, 1037, 1038, 1068, 1087, 1112, 1136, 1140, 1159, 1184, 1209, 1208, 1242, 1247, 1278, 1304, 1327, 1347, 1348, 1368, 1383, 1405, 1411, 1440, 1455, 1485, 1498, 1514, 1552, 8, 44, 66
1036, 1037, 1038, 1068, 1087, 1112, 1136, 1140, 1159, 1184, 1209, 1208, 1242, 1247, 1278, 1304, 1327, 1328, 1329, 1349, 1369, 1384, 1385, 1402, 1427, 1443, 1459, 1488, 1501, 1532, 1535, 5, 23, 67
1036, 1037, 1038, 1068, 1087, 1112, 1136, 1140, 1159, 1184, 1209, 1208, 1242, 1247, 1278, 1304, 1327, 1347, 1348, 1368, 1383, 1405, 1411, 1440, 1455, 1485, 1498, 1514, 1552, 8, 44, 66, 68
1036, 1037, 1038, 1068, 1087, 1112, 1136, 1140, 1159, 1184, 1209, 1208, 1242, 1247, 1278, 1304, 1327, 1347, 1348, 1368, 1383, 1405, 1411, 1440, 1455, 1485, 1498, 1514, 1552, 8, 44, 66, 69
1036, 1037, 1038, 1068, 1087, 1112, 1136, 1140, 1159, 1184, 1209, 1208, 1242, 1247, 1278, 1304, 1327, 1347, 1348, 1368, 1383, 1405, 1411, 1440, 1455, 1485, 1498, 1514, 1552, 8, 44, 65, 70
1036, 1037, 1038, 1068, 1087, 1112, 1136, 1140, 1159, 1184, 1209, 1208, 1242, 1247, 1278, 1304, 1327, 1347, 1348, 1368, 1383, 1405, 1411, 1440, 1455, 1485, 1498, 1514, 1552, 8, 44, 65, 71
1036, 1037, 1038, 1068, 1087, 1112, 1136, 1140, 1159, 1184, 1209, 1208, 1242, 1247, 1278, 1303, 1326, 1346, 1365, 1381, 1407, 1413, 1438, 1452, 1482, 1494, 1517, 1550, 11, 10, 42, 63, 72
1036, 1066, 1085, 1086, 1110, 1134, 1141, 1160, 1186, 1210, 1239, 1265, 1276, 1301, 1324, 1344, 1363, 1379, 1409, 1414, 1437, 1472, 1481, 1513, 1519, 1547, 1548, 12, 38, 60, 74, 73
1036, 1066, 1085, 1086, 1110, 1134, 1141, 1160, 1186, 1210, 1239, 1265, 1276, 1301, 1324, 1344, 1363, 1379, 1409, 1414, 1437, 1472, 1481, 1513, 1519, 1547, 1548, 12, 38, 60, 74
1036, 1066, 1085, 1086, 1110, 1134, 1141, 1160, 1186, 1210, 1239, 1265, 1276, 1301, 1324, 1344, 1363, 1379, 1409, 1414, 1437, 1472, 1481, 1513, 1519, 1547, 1548, 12, 37, 59, 75
1036, 1066, 1085, 1109, 1133, 1142, 1161, 1187, 1212, 1236, 1263, 1274, 1298, 1322, 1342, 1361, 1376, 1390, 1417, 1433, 1469, 1470, 1479, 1512, 1520, 1545, 14, 35, 57, 76
1036, 1066, 1085, 1109, 1133, 1142, 1161, 1187, 1212, 1236, 1263, 1274, 1298, 1322, 1342, 1361, 1376, 1390, 1417, 1433, 1469, 1470, 1479, 1512, 1520, 1545, 14, 35, 57, 77
1036, 1066, 1085, 1109, 1133, 1142, 1161, 1187, 1212, 1236, 1263, 1274, 1298, 1322, 1342, 1361, 1376, 1390, 1417, 1433, 1469, 1477, 1478, 1511, 1521, 1544, 15, 33, 56, 78
1036, 1066, 1085, 1109, 1133, 1142, 1161, 1187, 1212, 1236, 1263, 1274, 1298, 1322, 1342, 1361, 1376, 1390, 1417, 1433, 1469, 1477, 1510, 1523, 1543, 16, 32, 55, 79
1036, 1066, 1085, 1109, 1133, 1142, 1161, 1187, 1212, 1236, 1263, 1274, 1298, 1322, 1342, 1361, 1376, 1390, 1417, 1433, 1469, 1477, 1510, 1523, 1543, 16, 32, 55, 80
1036, 1066, 1085, 1084, 1108, 1132, 1145, 1164, 1190, 1214, 1234, 1261, 1271, 1296, 1319, 1340, 1359, 1374, 1392, 1419, 1432, 1468, 1476, 1509, 1525, 1542, 17, 31, 54, 81
1036, 1066, 1085, 1084, 1108, 1132, 1145, 1164, 1190, 1214, 1234, 1261, 1271, 1296, 1319, 1340, 1359, 1374, 1392, 1420, 1431, 1467, 1475, 1508, 1526, 1541, 19, 30, 53, 82
1036, 1066, 1085, 1084, 1108, 1132, 1145, 1164, 1190, 1214, 1234, 1261, 1271, 1296, 1319, 1340, 1359, 1374, 1392, 1420, 1431, 1467, 1475, 1508, 1526, 1541, 19, 20, 29, 52, 83
1036, 1066, 1085, 1084, 1108, 1132, 1145, 1164, 1190, 1214, 1234, 1261, 1271, 1296, 1319, 1340, 1359, 1374, 1392, 1420, 1431, 1467, 1475, 1508, 1526, 1541, 19, 20, 29, 28, 51, 84
1036, 1035, 1065, 1064, 1063, 1082, 1105, 1129, 1147, 1166, 1193, 1217, 1231, 1259, 1268, 1294, 1317, 1338, 1356, 1372, 1394, 1395, 1423, 1449, 1463, 1493, 1504, 1529, 1538, 0, 26, 49, 85
1036, 1035, 1065, 1064, 1063, 1082, 1105, 1129, 1147, 1166, 1193, 1217, 1231, 1259, 1268, 1294, 1317, 1338, 1356, 1372, 1394, 1395, 1423, 1424, 1448, 1462, 1491, 1503, 1530, 1537, 3, 25, 48, 86
1036, 1037, 1038, 1068, 1087, 1112, 1136, 1140, 1159, 1184, 1209, 1208, 1242, 1247, 1278, 1304, 1327, 1328, 1329, 1349, 1369, 1384, 1385, 1402, 1427, 1443, 1459, 1488, 1501, 1531, 1536, 4, 24, 47, 87
1036, 1037, 1038, 1068, 1087, 1112, 1136, 1140, 1159, 1184, 1209, 1208, 1242, 1247, 1278, 1304, 1327, 1347, 1348, 1368, 1383, 1405, 1411, 1440, 1455, 1485, 1498, 1514, 1552, 8, 44, 66, 68, 88
1036, 1035, 1065, 1064, 1063, 1082, 1105, 1129, 1147, 1166, 1193, 1217, 1231, 1259, 1268, 1294, 1317, 1338, 1356, 1372, 1394, 1395, 1423, 1424, 1448, 1462, 1491, 1503, 1530, 1537, 3, 25, 48, 86, 89
1036, 1037, 1038, 1068, 1087, 1112, 1136, 1140, 1159, 1184, 1209, 1208, 1242, 1247, 1278, 1304, 1327, 1328, 1329, 1349, 1369, 1384, 1385, 1402, 1427, 1443, 1459, 1488, 1501, 1531, 1536, 4, 24, 47, 87, 90
1036, 1037, 1038, 1068, 1087, 1112, 1136, 1140, 1159, 1184, 1209, 1208, 1242, 1247, 1278, 1304, 1327, 1347, 1348, 1368, 1383, 1405, 1411, 1440, 1455, 1485, 1498, 1514, 1552, 8, 44, 66, 68, 91
1036, 1037, 1038, 1068, 1087, 1112, 1136, 1140, 1159, 1184, 1209, 1208, 1242, 1247, 1278, 1304, 1327, 1347, 1348, 1368, 1383, 1405, 1411, 1440, 1455, 1485, 1498, 1514, 1552, 8, 44, 66, 69, 92
1036, 1037, 1038, 1068, 1087, 1112, 1136, 1140, 1159, 1184, 1209, 1208, 1242, 1247, 1278, 1303, 1326, 1346, 1365, 1381, 1407, 1413, 1438, 1452, 1482, 1494, 1517, 1550, 11, 10, 42, 63, 72, 94, 93
1036, 1037, 1038, 1068, 1087, 1112, 1136, 1140, 1159, 1184, 1209, 1208, 1242, 1247, 1278, 1303, 1326, 1346, 1365, 1381, 1407, 1413, 1438, 1452, 1482, 1494, 1517, 1550, 11, 10, 42, 63, 72, 94
1036, 1066, 1085, 1086, 1110, 1134, 1141, 1160, 1186, 1210, 1239, 1265, 1276, 1301, 1324, 1344, 1363, 1379, 1409, 1414, 1437, 1472, 1481, 1513, 1519, 1547, 1548, 12, 38, 60, 74, 73, 95
1036, 1066, 1085, 1086, 1110, 1134, 1141, 1160, 1186, 1210, 1239, 1265, 1276, 1301, 1324, 1344, 1363, 1379, 1409, 1414, 1437, 1472, 1481, 1513, 1519, 1547, 1548, 12, 38, 60, 74, 96
1036, 1066, 1085, 1086, 1110, 1134, 1141, 1160, 1186, 1210, 1239, 1265, 1276, 1301, 1324, 1344, 1363, 1379, 1409, 1414, 1437, 1472, 1481, 1513, 1519, 1547, 1548, 12, 37, 59, 75, 97
1036, 1066, 1085, 1086, 1110, 1134, 1141, 1160, 1186, 1210, 1239, 1265, 1276, 1301, 1324, 1344, 1363, 1379, 1409, 1414, 1437, 1472, 1481, 1513, 1519, 1547, 1548, 12, 37, 59, 75, 98
1036, 1066, 1085, 1109, 1133, 1142, 1161, 1187, 1212, 1236, 1263, 1274, 1298, 1322, 1342, 1361, 1376, 1390, 1417, 1433, 1469, 1470, 1479, 1512, 1520, 1545, 14, 35, 57, 76, 99
