1137, 1113, 1114, 1118, 1157, 1176, 1182, 1207, 1206, 1244, 1250, 1280, 1281, 1307, 1330, 1331, 1333, 1351, 1386, 1401, 1427, 1443, 1459, 1488, 1501, 1531, 1536, 1537, 2, 1, 0
1137, 1113, 1114, 1118, 1157, 1176, 1182, 1207, 1206, 1244, 1250, 1280, 1281, 1307, 1330, 1331, 1333, 1351, 1386, 1401, 1427, 1443, 1459, 1488, 1501, 1531, 1536, 1537, 2, 1
1137, 1113, 1114, 1118, 1157, 1176, 1182, 1207, 1206, 1244, 1250, 1280, 1281, 1307, 1330, 1331, 1333, 1351, 1386, 1401, 1427, 1443, 1459, 1488, 1501, 1531, 1536, 1537, 2
1137, 1113, 1114, 1118, 1157, 1176, 1182, 1207, 1206, 1244, 1250, 1280, 1281, 1307, 1330, 1331, 1333, 1351, 1386, 1401, 1427, 1443, 1459, 1488, 1501, 1531, 1536, 4, 3
1137, 1113, 1114, 1118, 1157, 1176, 1182, 1207, 1206, 1244, 1250, 1280, 1281, 1307, 1330, 1331, 1333, 1351, 1386, 1401, 1427, 1443, 1459, 1488, 1501, 1531, 1536, 4
1137, 1113, 1114, 1118, 1157, 1176, 1182, 1207, 1206, 1244, 1250, 1280, 1281, 1307, 1330, 1331, 1333, 1351, 1386, 1401, 1427, 1443, 1459, 1488, 1501, 1532, 1535, 5
1137, 1138, 1178, 1184, 1209, 1208, 1242, 1247, 1278, 1304, 1327, 1328, 1329, 1349, 1369, 1384, 1404, 1429, 1428, 1442, 1457, 1487, 1500, 1533, 1554, 6
1137, 1138, 1178, 1184, 1209, 1208, 1242, 1247, 1278, 1304, 1327, 1347, 1348, 1368, 1383, 1405, 1411, 1440, 1455, 1485, 1486, 1499, 1534, 1553, 7
1137, 1138, 1178, 1184, 1209, 1208, 1242, 1247, 1278, 1304, 1327, 1347, 1348, 1368, 1383, 1405, 1411, 1440, 1455, 1485, 1498, 1514, 1552, 8
1137, 1138, 1178, 1184, 1209, 1208, 1242, 1247, 1278, 1304, 1327, 1347, 1348, 1368, 1383, 1405, 1411, 1440, 1455, 1485, 1498, 1514, 1552, 9
1137, 1138, 1178, 1184, 1209, 1208, 1242, 1247, 1278, 1303, 1326, 1346, 1365, 1381, 1407, 1413, 1438, 1452, 1482, 1494, 1517, 1550, 11, 10
1137, 1138, 1178, 1184, 1209, 1208, 1242, 1247, 1278, 1303, 1326, 1346, 1365, 1381, 1407, 1413, 1438, 1452, 1482, 1494, 1517, 1550, 11
1137, 1138, 1178, 1184, 1209, 1208, 1242, 1247, 1278, 1303, 1326, 1346, 1365, 1381, 1407, 1413, 1438, 1452, 1482, 1495, 1518, 1549, 12
1137, 1138, 1178, 1184, 1209, 1240, 1266, 1277, 1302, 1325, 1345, 1364, 1380, 1408, 1414, 1437, 1472, 1481, 1513, 1519, 1546, 13
1137, 1138, 1178, 1184, 1209, 1240, 1266, 1265, 1276, 1301, 1324, 1344, 1363, 1379, 1410, 1415, 1435, 1471, 1480, 1512, 1520, 1545, 14
1137, 1138, 1178, 1184, 1209, 1240, 1266, 1265, 1276, 1301, 1324, 1344, 1363, 1379, 1410, 1415, 1435, 1471, 1480, 1512, 1520, 1545, 14, 15
1137, 1138, 1178, 1184, 1185, 1186, 1211, 1237, 1264, 1263, 1274, 1298, 1322, 1342, 1361, 1376, 1390, 1417, 1433, 1469, 1477, 1510, 1523, 1543, 16
1137, 1138, 1178, 1184, 1185, 1186, 1211, 1237, 1264, 1263, 1274, 1298, 1297, 1321, 1341, 1360, 1375, 1391, 1418, 1432, 1468, 1476, 1509, 1525, 1542, 17
1137, 1138, 1178, 1184, 1185, 1186, 1211, 1237, 1264, 1263, 1274, 1298, 1297, 1321, 1341, 1360, 1375, 1391, 1418, 1432, 1468, 1476, 1509, 1525, 1542, 17, 18
1137, 1138, 1178, 1184, 1185, 1186, 1211, 1237, 1264, 1263, 1274, 1298, 1297, 1321, 1341, 1360, 1375, 1391, 1418, 1432, 1468, 1476, 1509, 1525, 1542, 1541, 19
1137, 1138, 1178, 1184, 1185, 1186, 1211, 1237, 1264, 1263, 1274, 1298, 1297, 1321, 1341, 1360, 1375, 1391, 1418, 1432, 1468, 1476, 1509, 1525, 1542, 1541, 19, 20
1137, 1113, 1114, 1118, 1157, 1176, 1182, 1207, 1206, 1244, 1250, 1280, 1281, 1307, 1330, 1331, 1333, 1351, 1352, 1389, 1399, 1425, 1447, 1462, 1492, 1493, 1505, 1528, 1539, 21
1137, 1113, 1114, 1118, 1157, 1176, 1182, 1207, 1206, 1244, 1250, 1280, 1281, 1307, 1330, 1331, 1333, 1351, 1386, 1401, 1427, 1443, 1459, 1488, 1501, 1532, 1535, 5, 22
1137, 1113, 1114, 1118, 1157, 1176, 1182, 1207, 1206, 1244, 1250, 1280, 1281, 1307, 1330, 1331, 1333, 1351, 1386, 1401, 1427, 1443, 1459, 1488, 1501, 1532, 1535, 5, 23
1137, 1113, 1114, 1118, 1157, 1176, 1182, 1207, 1206, 1244, 1250, 1280, 1281, 1307, 1330, 1331, 1333, 1351, 1386, 1401, 1427, 1443, 1459, 1488, 1501, 1531, 1536, 4, 24
1137, 1113, 1114, 1118, 1157, 1176, 1182, 1207, 1206, 1244, 1250, 1280, 1281, 1307, 1330, 1331, 1333, 1351, 1386, 1401, 1427, 1443, 1459, 1488, 1501, 1531, 1536, 4, 3, 25
1137, 1113, 1114, 1118, 1157, 1176, 1182, 1207, 1206, 1244, 1250, 1280, 1281, 1307, 1330, 1331, 1333, 1351, 1386, 1401, 1427, 1443, 1459, 1488, 1501, 1531, 1536, 1537, 2, 26
1137, 1113, 1114, 1118, 1157, 1176, 1182, 1207, 1206, 1244, 1250, 1280, 1281, 1307, 1330, 1331, 1333, 1351, 1352, 1389, 1399, 1425, 1447, 1462, 1492, 1493, 1505, 1528, 1539, 21, 27
1137, 1113, 1114, 1118, 1157, 1176, 1182, 1207, 1206, 1244, 1250, 1280, 1281, 1307, 1330, 1331, 1333, 1351, 1352, 1389, 1399, 1425, 1447, 1462, 1492, 1493, 1505, 1528, 1539, 21, 28
1137, 1113, 1114, 1118, 1157, 1176, 1182, 1207, 1206, 1244, 1250, 1280, 1281, 1307, 1330, 1331, 1333, 1351, 1352, 1389, 1399, 1425, 1447, 1462, 1492, 1493, 1505, 1528, 1539, 21, 28, 29
1137, 1138, 1178, 1184, 1185, 1186, 1211, 1237, 1264, 1263, 1274, 1298, 1297, 1321, 1341, 1360, 1375, 1391, 1418, 1432, 1468, 1476, 1509, 1525, 1542, 17, 18, 30
1137, 1138, 1178, 1184, 1185, 1186, 1211, 1237, 1264, 1263, 1274, 1298, 1297, 1321, 1341, 1360, 1375, 1391, 1418, 1432, 1468, 1476, 1509, 1525, 1542, 17, 31
1137, 1138, 1178, 1184, 1185, 1186, 1211, 1237, 1264, 1263, 1274, 1298, 1322, 1342, 1361, 1376, 1390, 1417, 1433, 1469, 1477, 1510, 1523, 1543, 16, 32
1137, 1138, 1178, 1184, 1209, 1240, 1266, 1265, 1276, 1301, 1324, 1344, 1363, 1379, 1410, 1415, 1435, 1471, 1480, 1512, 1520, 1545, 14, 35, 34, 33
1137, 1138, 1178, 1184, 1209, 1240, 1266, 1265, 1276, 1301, 1324, 1344, 1363, 1379, 1410, 1415, 1435, 1471, 1480, 1512, 1520, 1545, 14, 35, 34
1137, 1138, 1178, 1184, 1209, 1240, 1266, 1265, 1276, 1301, 1324, 1344, 1363, 1379, 1410, 1415, 1435, 1471, 1480, 1512, 1520, 1545, 14, 35
1137, 1138, 1178, 1184, 1209, 1240, 1266, 1277, 1302, 1325, 1345, 1364, 1380, 1408, 1414, 1437, 1472, 1481, 1513, 1519, 1546, 13, 36
1137, 1138, 1178, 1184, 1209, 1208, 1242, 1247, 1278, 1303, 1326, 1346, 1365, 1381, 1407, 1413, 1438, 1452, 1482, 1495, 1518, 1549, 12, 37
1137, 1138, 1178, 1184, 1209, 1208, 1242, 1247, 1278, 1303, 1326, 1346, 1365, 1381, 1407, 1413, 1438, 1452, 1482, 1495, 1518, 1549, 12, 38
1137, 1138, 1178, 1184, 1209, 1208, 1242, 1247, 1278, 1303, 1326, 1346, 1365, 1381, 1407, 1413, 1438, 1452, 1482, 1494, 1517, 1550, 11, 39
1137, 1138, 1178, 1184, 1209, 1208, 1242, 1247, 1278, 1303, 1326, 1346, 1365, 1381, 1407, 1413, 1438, 1452, 1482, 1494, 1517, 1550, 11, 40
1137, 1138, 1178, 1184, 1209, 1208, 1242, 1247, 1278, 1303, 1326, 1346, 1365, 1381, 1407, 1413, 1438, 1452, 1482, 1494, 1517, 1550, 11, 10, 41
1137, 1138, 1178, 1184, 1209, 1208, 1242, 1247, 1278, 1303, 1326, 1346, 1365, 1381, 1407, 1413, 1438, 1452, 1482, 1494, 1517, 1550, 11, 10, 42
1137, 1138, 1178, 1184, 1209, 1208, 1242, 1247, 1278, 1303, 1326, 1346, 1365, 1381, 1407, 1413, 1438, 1452, 1482, 1494, 1517, 1550, 11, 10, 42, 43
1137, 1138, 1178, 1184, 1209, 1208, 1242, 1247, 1278, 1304, 1327, 1347, 1348, 1368, 1383, 1405, 1411, 1440, 1455, 1485, 1498, 1514, 1552, 8, 44
1137, 1138, 1178, 1184, 1209, 1208, 1242, 1247, 1278, 1304, 1327, 1328, 1329, 1349, 1369, 1384, 1404, 1429, 1428, 1442, 1457, 1487, 1500, 1533, 1554, 6, 45
1137, 1113, 1114, 1118, 1157, 1176, 1182, 1207, 1206, 1244, 1250, 1280, 1281, 1307, 1330, 1331, 1333, 1351, 1386, 1401, 1427, 1443, 1459, 1488, 1501, 1531, 1536, 4, 24, 46
1137, 1113, 1114, 1118, 1157, 1176, 1182, 1207, 1206, 1244, 1250, 1280, 1281, 1307, 1330, 1331, 1333, 1351, 1386, 1401, 1427, 1443, 1459, 1488, 1501, 1531, 1536, 4, 24, 47
1137, 1113, 1114, 1118, 1157, 1176, 1182, 1207, 1206, 1244, 1250, 1280, 1281, 1307, 1330, 1331, 1333, 1351, 1386, 1401, 1427, 1443, 1459, 1488, 1501, 1531, 1536, 4, 24, 47, 48
1137, 1113, 1114, 1118, 1157, 1176, 1182, 1207, 1206, 1244, 1250, 1280, 1281, 1307, 1330, 1331, 1333, 1351, 1386, 1401, 1427, 1443, 1459, 1488, 1501, 1531, 1536, 1537, 2, 26, 49
1137, 1113, 1114, 1118, 1157, 1176, 1182, 1207, 1206, 1244, 1250, 1280, 1281, 1307, 1330, 1331, 1333, 1351, 1386, 1401, 1427, 1443, 1459, 1488, 1501, 1531, 1536, 1537, 2, 26, 50
1137, 1113, 1114, 1118, 1157, 1176, 1182, 1207, 1206, 1244, 1250, 1280, 1281, 1307, 1330, 1331, 1333, 1351, 1386, 1401, 1427, 1443, 1459, 1488, 1501, 1531, 1536, 1537, 2, 26, 50, 51
1137, 1113, 1114, 1118, 1157, 1176, 1182, 1207, 1206, 1244, 1250, 1280, 1281, 1307, 1330, 1331, 1333, 1351, 1352, 1389, 1399, 1425, 1447, 1462, 1492, 1493, 1505, 1528, 1539, 21, 28, 29, 52
1137, 1138, 1178, 1184, 1185, 1186, 1211, 1237, 1264, 1263, 1274, 1298, 1297, 1321, 1341, 1360, 1375, 1391, 1418, 1432, 1468, 1476, 1509, 1525, 1542, 17, 31, 54, 53
1137, 1138, 1178, 1184, 1185, 1186, 1211, 1237, 1264, 1263, 1274, 1298, 1297, 1321, 1341, 1360, 1375, 1391, 1418, 1432, 1468, 1476, 1509, 1525, 1542, 17, 31, 54
1137, 1138, 1178, 1184, 1185, 1186, 1211, 1237, 1264, 1263, 1274, 1298, 1322, 1342, 1361, 1376, 1390, 1417, 1433, 1469, 1477, 1510, 1523, 1543, 16, 32, 55
1137, 1138, 1178, 1184, 1209, 1240, 1266, 1265, 1276, 1301, 1324, 1344, 1363, 1379, 1410, 1415, 1435, 1471, 1480, 1512, 1520, 1545, 14, 35, 57, 56
1137, 1138, 1178, 1184, 1209, 1240, 1266, 1265, 1276, 1301, 1324, 1344, 1363, 1379, 1410, 1415, 1435, 1471, 1480, 1512, 1520, 1545, 14, 35, 57
1137, 1138, 1178, 1184, 1209, 1240, 1266, 1277, 1302, 1325, 1345, 1364, 1380, 1408, 1414, 1437, 1472, 1481, 1513, 1519, 1546, 13, 36, 58
1137, 1138, 1178, 1184, 1209, 1208, 1242, 1247, 1278, 1303, 1326, 1346, 1365, 1381, 1407, 1413, 1438, 1452, 1482, 1495, 1518, 1549, 12, 37, 59
1137, 1138, 1178, 1184, 1209, 1208, 1242, 1247, 1278, 1303, 1326, 1346, 1365, 1381, 1407, 1413, 1438, 1452, 1482, 1495, 1518, 1549, 12, 38, 60
1137, 1138, 1178, 1184, 1209, 1208, 1242, 1247, 1278, 1303, 1326, 1346, 1365, 1381, 1407, 1413, 1438, 1452, 1482, 1494, 1517, 1550, 11, 40, 61
1137, 1138, 1178, 1184, 1209, 1208, 1242, 1247, 1278, 1303, 1326, 1346, 1365, 1381, 1407, 1413, 1438, 1452, 1482, 1494, 1517, 1550, 11, 40, 61, 62
1137, 1138, 1178, 1184, 1209, 1208, 1242, 1247, 1278, 1303, 1326, 1346, 1365, 1381, 1407, 1413, 1438, 1452, 1482, 1494, 1517, 1550, 11, 10, 42, 63
1137, 1138, 1178, 1184, 1209, 1208, 1242, 1247, 1278, 1303, 1326, 1346, 1365, 1381, 1407, 1413, 1438, 1452, 1482, 1494, 1517, 1550, 11, 10, 42, 63, 64
1137, 1138, 1178, 1184, 1209, 1208, 1242, 1247, 1278, 1304, 1327, 1347, 1348, 1368, 1383, 1405, 1411, 1440, 1455, 1485, 1498, 1514, 1552, 8, 44, 65
1137, 1138, 1178, 1184, 1209, 1208, 1242, 1247, 1278, 1304, 1327, 1347, 1348, 1368, 1383, 1405, 1411, 1440, 1455, 1485, 1498, 1514, 1552, 8, 44, 66
1137, 1113, 1114, 1118, 1157, 1176, 1182, 1207, 1206, 1244, 1250, 1280, 1281, 1307, 1330, 1331, 1333, 1351, 1386, 1401, 1427, 1443, 1459, 1488, 1501, 1532, 1535, 5, 23, 67
1137, 1138, 1178, 1184, 1209, 1208, 1242, 1247, 1278, 1304, 1327, 1347, 1348, 1368, 1383, 1405, 1411, 1440, 1455, 1485, 1498, 1514, 1552, 8, 44, 66, 68
1137, 1138, 1178, 1184, 1209, 1208, 1242, 1247, 1278, 1304, 1327, 1347, 1348, 1368, 1383, 1405, 1411, 1440, 1455, 1485, 1498, 1514, 1552, 8, 44, 66, 69
1137, 1138, 1178, 1184, 1209, 1208, 1242, 1247, 1278, 1304, 1327, 1347, 1348, 1368, 1383, 1405, 1411, 1440, 1455, 1485, 1498, 1514, 1552, 8, 44, 65, 70
1137, 1138, 1178, 1184, 1209, 1208, 1242, 1247, 1278, 1304, 1327, 1347, 1348, 1368, 1383, 1405, 1411, 1440, 1455, 1485, 1498, 1514, 1552, 8, 44, 65, 71
1137, 1138, 1178, 1184, 1209, 1208, 1242, 1247, 1278, 1303, 1326, 1346, 1365, 1381, 1407, 1413, 1438, 1452, 1482, 1494, 1517, 1550, 11, 10, 42, 63, 72
1137, 1138, 1178, 1184, 1209, 1208, 1242, 1247, 1278, 1303, 1326, 1346, 1365, 1381, 1407, 1413, 1438, 1452, 1482, 1494, 1517, 1550, 11, 40, 61, 62, 73
1137, 1138, 1178, 1184, 1209, 1208, 1242, 1247, 1278, 1303, 1326, 1346, 1365, 1381, 1407, 1413, 1438, 1452, 1482, 1495, 1518, 1549, 12, 38, 60, 74
1137, 1138, 1178, 1184, 1209, 1208, 1242, 1247, 1278, 1303, 1326, 1346, 1365, 1381, 1407, 1413, 1438, 1452, 1482, 1495, 1518, 1549, 12, 37, 59, 75
1137, 1138, 1178, 1184, 1209, 1240, 1266, 1277, 1302, 1325, 1345, 1364, 1380, 1408, 1414, 1437, 1472, 1481, 1513, 1519, 1546, 13, 36, 58, 76
1137, 1138, 1178, 1184, 1209, 1240, 1266, 1265, 1276, 1301, 1324, 1344, 1363, 1379, 1410, 1415, 1435, 1471, 1480, 1512, 1520, 1545, 14, 35, 57, 77
1137, 1138, 1178, 1184, 1209, 1240, 1266, 1265, 1276, 1301, 1324, 1344, 1363, 1379, 1410, 1415, 1435, 1471, 1480, 1512, 1520, 1545, 14, 35, 57, 77, 78
1137, 1138, 1178, 1184, 1209, 1240, 1266, 1265, 1276, 1301, 1324, 1344, 1363, 1379, 1410, 1415, 1435, 1471, 1480, 1512, 1520, 1545, 14, 35, 57, 77, 78, 79
1137, 1138, 1178, 1184, 1209, 1240, 1266, 1265, 1276, 1301, 1324, 1344, 1363, 1379, 1410, 1415, 1435, 1471, 1480, 1512, 1520, 1545, 14, 35, 57, 77, 78, 79, 80
1137, 1138, 1178, 1184, 1185, 1186, 1211, 1237, 1264, 1263, 1274, 1298, 1297, 1321, 1341, 1360, 1375, 1391, 1418, 1432, 1468, 1476, 1509, 1525, 1542, 17, 31, 54, 81
1137, 1138, 1178, 1184, 1185, 1186, 1211, 1237, 1264, 1263, 1274, 1298, 1297, 1321, 1341, 1360, 1375, 1391, 1418, 1432, 1468, 1476, 1509, 1525, 1542, 17, 31, 54, 81, 82
1137, 1113, 1114, 1118, 1157, 1176, 1182, 1207, 1206, 1244, 1250, 1280, 1281, 1307, 1330, 1331, 1333, 1351, 1386, 1401, 1427, 1443, 1459, 1488, 1501, 1531, 1536, 1537, 2, 26, 50, 84, 83
1137, 1113, 1114, 1118, 1157, 1176, 1182, 1207, 1206, 1244, 1250, 1280, 1281, 1307, 1330, 1331, 1333, 1351, 1386, 1401, 1427, 1443, 1459, 1488, 1501, 1531, 1536, 1537, 2, 26, 50, 84
1137, 1113, 1114, 1118, 1157, 1176, 1182, 1207, 1206, 1244, 1250, 1280, 1281, 1307, 1330, 1331, 1333, 1351, 1386, 1401, 1427, 1443, 1459, 1488, 1501, 1531, 1536, 1537, 2, 26, 49, 85
1137, 1113, 1114, 1118, 1157, 1176, 1182, 1207, 1206, 1244, 1250, 1280, 1281, 1307, 1330, 1331, 1333, 1351, 1386, 1401, 1427, 1443, 1459, 1488, 1501, 1531, 1536, 4, 24, 47, 48, 86
1137, 1113, 1114, 1118, 1157, 1176, 1182, 1207, 1206, 1244, 1250, 1280, 1281, 1307, 1330, 1331, 1333, 1351, 1386, 1401, 1427, 1443, 1459, 1488, 1501, 1531, 1536, 4, 24, 47, 87
1137, 1138, 1178, 1184, 1209, 1208, 1242, 1247, 1278, 1304, 1327, 1347, 1348, 1368, 1383, 1405, 1411, 1440, 1455, 1485, 1498, 1514, 1552, 8, 44, 66, 68, 88
1137, 1113, 1114, 1118, 1157, 1176, 1182, 1207, 1206, 1244, 1250, 1280, 1281, 1307, 1330, 1331, 1333, 1351, 1386, 1401, 1427, 1443, 1459, 1488, 1501, 1531, 1536, 4, 24, 47, 48, 86, 89
1137, 1113, 1114, 1118, 1157, 1176, 1182, 1207, 1206, 1244, 1250, 1280, 1281, 1307, 1330, 1331, 1333, 1351, 1386, 1401, 1427, 1443, 1459, 1488, 1501, 1531, 1536, 4, 24, 47, 87, 90
1137, 1138, 1178, 1184, 1209, 1208, 1242, 1247, 1278, 1304, 1327, 1347, 1348, 1368, 1383, 1405, 1411, 1440, 1455, 1485, 1498, 1514, 1552, 8, 44, 66, 68, 91
1137, 1138, 1178, 1184, 1209, 1208, 1242, 1247, 1278, 1304, 1327, 1347, 1348, 1368, 1383, 1405, 1411, 1440, 1455, 1485, 1498, 1514, 1552, 8, 44, 66, 69, 92
1137, 1138, 1178, 1184, 1209, 1208, 1242, 1247, 1278, 1303, 1326, 1346, 1365, 1381, 1407, 1413, 1438, 1452, 1482, 1494, 1517, 1550, 11, 10, 42, 63, 72, 94, 93
1137, 1138, 1178, 1184, 1209, 1208, 1242, 1247, 1278, 1303, 1326, 1346, 1365, 1381, 1407, 1413, 1438, 1452, 1482, 1494, 1517, 1550, 11, 10, 42, 63, 72, 94
1137, 1138, 1178, 1184, 1209, 1208, 1242, 1247, 1278, 1303, 1326, 1346, 1365, 1381, 1407, 1413, 1438, 1452, 1482, 1494, 1517, 1550, 11, 40, 61, 62, 73, 95
1137, 1138, 1178, 1184, 1209, 1208, 1242, 1247, 1278, 1303, 1326, 1346, 1365, 1381, 1407, 1413, 1438, 1452, 1482, 1495, 1518, 1549, 12, 38, 60, 74, 96
1137, 1138, 1178, 1184, 1209, 1208, 1242, 1247, 1278, 1303, 1326, 1346, 1365, 1381, 1407, 1413, 1438, 1452, 1482, 1495, 1518, 1549, 12, 37, 59, 75, 97
1137, 1138, 1178, 1184, 1209, 1208, 1242, 1247, 1278, 1303, 1326, 1346, 1365, 1381, 1407, 1413, 1438, 1452, 1482, 1495, 1518, 1549, 12, 37, 59, 75, 98
1137, 1138, 1178, 1184, 1209, 1240, 1266, 1277, 1302, 1325, 1345, 1364, 1380, 1408, 1414, 1437, 1472, 1481, 1513, 1519, 1546, 13, 36, 58, 76, 99
