350, 333, 332, 331, 324, 293, 271, 250, 232, 217, 187, 186, 177, 138, 110, 108, 85, 49, 26, 0
350, 333, 332, 331, 324, 293, 271, 250, 232, 217, 187, 186, 177, 138, 110, 108, 85, 49, 26, 1
350, 333, 332, 331, 324, 293, 271, 250, 232, 217, 187, 186, 177, 138, 110, 108, 85, 49, 26, 2
350, 333, 332, 331, 324, 293, 271, 250, 232, 217, 187, 186, 177, 138, 110, 108, 85, 49, 26, 2, 3
350, 333, 332, 331, 324, 293, 271, 250, 232, 217, 187, 186, 177, 138, 110, 108, 85, 49, 26, 2, 3, 4
350, 333, 332, 331, 324, 293, 271, 250, 232, 217, 187, 186, 177, 138, 110, 108, 85, 49, 26, 2, 3, 4, 5
350, 333, 332, 331, 324, 293, 271, 250, 232, 217, 187, 186, 177, 138, 110, 108, 85, 49, 26, 2, 3, 4, 5, 6
350, 333, 332, 331, 324, 293, 272, 273, 249, 248, 247, 246, 228, 227, 212, 181, 172, 132, 116, 92, 69, 66, 44, 7
350, 333, 332, 331, 324, 293, 272, 273, 249, 248, 247, 246, 228, 227, 212, 181, 172, 132, 116, 92, 69, 66, 44, 8
350, 333, 332, 331, 324, 293, 272, 273, 249, 248, 247, 246, 228, 227, 212, 181, 172, 132, 116, 92, 69, 66, 44, 8, 9
350, 334, 335, 321, 320, 319, 318, 317, 301, 284, 259, 241, 204, 196, 166, 149, 121, 96, 74, 61, 40, 11, 10
350, 334, 335, 321, 320, 319, 318, 317, 301, 284, 259, 241, 204, 196, 166, 149, 121, 96, 74, 61, 40, 11
350, 333, 323, 295, 269, 253, 235, 220, 221, 199, 200, 194, 164, 165, 148, 122, 98, 75, 59, 37, 12
350, 333, 323, 295, 269, 253, 235, 220, 221, 192, 161, 144, 145, 124, 100, 77, 76, 58, 36, 13
350, 333, 323, 295, 269, 253, 235, 220, 221, 192, 161, 144, 145, 124, 100, 77, 57, 35, 14
350, 333, 323, 295, 269, 253, 235, 220, 221, 192, 161, 144, 125, 101, 78, 56, 33, 15
350, 333, 323, 295, 269, 253, 235, 220, 191, 160, 143, 126, 103, 80, 55, 32, 16
350, 333, 323, 295, 269, 253, 235, 220, 191, 159, 142, 127, 104, 81, 54, 31, 17
350, 333, 323, 295, 269, 270, 252, 233, 219, 190, 158, 141, 128, 105, 82, 53, 30, 18
350, 333, 323, 295, 269, 270, 252, 233, 219, 190, 158, 141, 128, 105, 82, 53, 30, 19
350, 333, 323, 295, 269, 270, 252, 233, 219, 190, 158, 141, 128, 105, 82, 53, 30, 19, 20
350, 333, 332, 331, 324, 293, 271, 250, 232, 217, 187, 156, 139, 130, 106, 83, 52, 29, 28, 21
350, 333, 332, 331, 324, 293, 271, 250, 232, 217, 187, 186, 177, 138, 110, 108, 85, 49, 26, 2, 3, 4, 5, 22
350, 333, 332, 331, 324, 293, 271, 250, 232, 217, 187, 186, 177, 138, 110, 108, 85, 49, 48, 47, 24, 23
350, 333, 332, 331, 324, 293, 271, 250, 232, 217, 187, 186, 177, 138, 110, 108, 85, 49, 48, 47, 24
350, 333, 332, 331, 324, 293, 271, 250, 232, 217, 187, 186, 177, 138, 110, 108, 85, 49, 26, 25
350, 333, 332, 331, 324, 293, 271, 250, 232, 217, 187, 186, 177, 138, 110, 108, 85, 49, 26
350, 333, 332, 331, 324, 293, 271, 250, 232, 217, 187, 186, 177, 138, 110, 107, 84, 51, 27
350, 333, 332, 331, 324, 293, 271, 250, 232, 217, 187, 156, 139, 130, 106, 83, 52, 29, 28
350, 333, 332, 331, 324, 293, 271, 250, 232, 217, 187, 156, 139, 130, 106, 83, 52, 29
350, 333, 323, 295, 269, 270, 252, 233, 219, 190, 158, 141, 128, 105, 82, 53, 30
350, 333, 323, 295, 269, 253, 235, 220, 191, 159, 142, 127, 104, 81, 54, 31
350, 333, 323, 295, 269, 253, 235, 220, 191, 160, 143, 126, 103, 80, 55, 32
350, 333, 323, 295, 269, 253, 235, 220, 221, 192, 161, 144, 125, 101, 78, 56, 33
350, 333, 323, 295, 269, 253, 235, 220, 221, 192, 161, 144, 125, 101, 78, 56, 34
350, 333, 323, 295, 269, 253, 235, 220, 221, 192, 161, 144, 145, 124, 100, 77, 57, 35
350, 333, 323, 295, 269, 253, 235, 220, 221, 192, 161, 144, 145, 124, 100, 77, 76, 58, 36
350, 333, 323, 295, 269, 253, 235, 220, 221, 199, 200, 194, 164, 165, 148, 122, 98, 75, 59, 37
350, 333, 323, 295, 269, 253, 235, 220, 221, 199, 200, 194, 164, 165, 148, 122, 98, 75, 59, 37, 38
350, 333, 323, 295, 269, 253, 235, 220, 221, 199, 200, 194, 164, 165, 148, 122, 98, 75, 59, 37, 38, 39
350, 334, 335, 321, 320, 319, 318, 317, 301, 284, 259, 241, 204, 196, 166, 149, 121, 96, 74, 61, 40
350, 334, 335, 321, 320, 319, 318, 317, 301, 284, 259, 241, 204, 196, 166, 149, 121, 96, 74, 61, 62, 41
350, 334, 335, 321, 320, 319, 318, 317, 301, 284, 259, 241, 204, 196, 166, 149, 121, 96, 74, 61, 62, 41, 42
350, 334, 335, 321, 320, 319, 318, 317, 301, 284, 259, 241, 204, 196, 166, 149, 121, 96, 74, 61, 62, 41, 42, 43
350, 333, 332, 331, 324, 293, 272, 273, 249, 248, 247, 246, 228, 227, 212, 181, 172, 132, 116, 92, 69, 66, 44
350, 333, 332, 331, 324, 293, 271, 250, 232, 217, 187, 186, 177, 138, 110, 108, 85, 49, 26, 2, 3, 4, 5, 22, 45
350, 333, 332, 331, 324, 293, 271, 250, 232, 217, 187, 186, 177, 138, 110, 108, 85, 49, 48, 47, 46
350, 333, 332, 331, 324, 293, 271, 250, 232, 217, 187, 186, 177, 138, 110, 108, 85, 49, 48, 47
350, 333, 332, 331, 324, 293, 271, 250, 232, 217, 187, 186, 177, 138, 110, 108, 85, 49, 48
350, 333, 332, 331, 324, 293, 271, 250, 232, 217, 187, 186, 177, 138, 110, 108, 85, 49
350, 333, 332, 331, 324, 293, 271, 250, 232, 217, 187, 186, 177, 138, 110, 107, 84, 50
350, 333, 332, 331, 324, 293, 271, 250, 232, 217, 187, 186, 177, 138, 110, 107, 84, 51
350, 333, 332, 331, 324, 293, 271, 250, 232, 217, 187, 156, 139, 130, 106, 83, 52
350, 333, 323, 295, 269, 270, 252, 233, 219, 190, 158, 141, 128, 105, 82, 53
350, 333, 323, 295, 269, 253, 235, 220, 191, 159, 142, 127, 104, 81, 54
350, 333, 323, 295, 269, 253, 235, 220, 191, 160, 143, 126, 103, 80, 55
350, 333, 323, 295, 269, 253, 235, 220, 221, 192, 161, 144, 125, 101, 78, 56
350, 333, 323, 295, 269, 253, 235, 220, 221, 192, 161, 144, 145, 124, 100, 77, 57
350, 333, 323, 295, 269, 253, 235, 220, 221, 192, 161, 144, 145, 124, 100, 77, 76, 58
350, 333, 323, 295, 269, 253, 235, 220, 221, 199, 200, 194, 164, 165, 148, 122, 98, 75, 59
350, 334, 335, 321, 320, 319, 318, 317, 301, 284, 259, 241, 204, 196, 166, 149, 121, 96, 74, 60
350, 334, 335, 321, 320, 319, 318, 317, 301, 284, 259, 241, 204, 196, 166, 149, 121, 96, 74, 61
350, 334, 335, 321, 320, 319, 318, 317, 301, 284, 259, 241, 204, 196, 166, 149, 121, 96, 74, 61, 62
350, 334, 335, 321, 320, 319, 318, 317, 301, 284, 259, 241, 204, 196, 166, 149, 121, 96, 74, 61, 62, 63
350, 334, 335, 321, 320, 319, 318, 317, 301, 284, 259, 241, 204, 196, 166, 149, 121, 96, 74, 61, 62, 63, 64
350, 333, 332, 331, 324, 293, 272, 273, 249, 248, 247, 246, 228, 227, 212, 181, 172, 132, 116, 92, 69, 66, 65
350, 333, 332, 331, 324, 293, 272, 273, 249, 248, 247, 246, 228, 227, 212, 181, 172, 132, 116, 92, 69, 66
350, 333, 332, 331, 324, 293, 271, 250, 232, 217, 187, 186, 177, 138, 110, 108, 85, 49, 48, 47, 46, 67
350, 333, 332, 331, 324, 293, 271, 250, 232, 217, 187, 186, 177, 138, 110, 108, 85, 86, 87, 88, 68
350, 333, 332, 331, 324, 293, 272, 273, 249, 248, 247, 246, 228, 227, 212, 181, 172, 132, 116, 92, 69
350, 333, 332, 331, 324, 293, 272, 273, 249, 248, 247, 246, 228, 227, 212, 181, 172, 132, 116, 92, 69, 70
350, 333, 332, 331, 324, 293, 272, 273, 249, 248, 247, 246, 228, 227, 212, 181, 172, 132, 116, 92, 69, 70, 71
350, 334, 335, 321, 320, 319, 318, 317, 301, 284, 259, 241, 204, 196, 166, 149, 121, 96, 74, 73, 72
350, 334, 335, 321, 320, 319, 318, 317, 301, 284, 259, 241, 204, 196, 166, 149, 121, 96, 74, 73
350, 334, 335, 321, 320, 319, 318, 317, 301, 284, 259, 241, 204, 196, 166, 149, 121, 96, 74
350, 333, 323, 295, 269, 253, 235, 220, 221, 199, 200, 194, 164, 165, 148, 122, 98, 75
350, 333, 323, 295, 269, 253, 235, 220, 221, 192, 161, 144, 145, 124, 100, 77, 76
350, 333, 323, 295, 269, 253, 235, 220, 221, 192, 161, 144, 145, 124, 100, 77
350, 333, 323, 295, 269, 253, 235, 220, 221, 192, 161, 144, 125, 101, 78
350, 333, 323, 295, 269, 253, 235, 220, 191, 160, 143, 126, 102, 79
350, 333, 323, 295, 269, 253, 235, 220, 191, 160, 143, 126, 103, 80
350, 333, 323, 295, 269, 253, 235, 220, 191, 159, 142, 127, 104, 81
350, 333, 323, 295, 269, 270, 252, 233, 219, 190, 158, 141, 128, 105, 82
350, 333, 332, 331, 324, 293, 271, 250, 232, 217, 187, 156, 139, 130, 106, 83
350, 333, 332, 331, 324, 293, 271, 250, 232, 217, 187, 186, 177, 138, 110, 107, 84
350, 333, 332, 331, 324, 293, 271, 250, 232, 217, 187, 186, 177, 138, 110, 108, 85
350, 333, 332, 331, 324, 293, 271, 250, 232, 217, 187, 186, 177, 138, 110, 108, 85, 86
350, 333, 332, 331, 324, 293, 271, 250, 232, 217, 187, 186, 177, 138, 110, 108, 85, 86, 87
350, 333, 332, 331, 324, 293, 271, 250, 232, 217, 187, 186, 177, 138, 110, 108, 85, 86, 87, 88
350, 333, 332, 331, 324, 293, 271, 250, 232, 217, 187, 186, 177, 138, 110, 108, 109, 89
350, 333, 332, 331, 324, 293, 271, 250, 232, 217, 187, 186, 177, 138, 110, 108, 109, 89, 90
350, 333, 332, 331, 324, 293, 271, 250, 232, 217, 187, 186, 177, 138, 110, 108, 109, 89, 90, 91
350, 333, 332, 331, 324, 293, 272, 273, 249, 248, 247, 246, 228, 227, 212, 181, 172, 132, 116, 92
350, 333, 332, 331, 324, 293, 272, 273, 249, 248, 247, 246, 228, 227, 212, 181, 172, 132, 116, 92, 93
350, 334, 335, 321, 320, 319, 318, 317, 301, 284, 259, 241, 204, 196, 166, 149, 121, 96, 95, 94
350, 334, 335, 321, 320, 319, 318, 317, 301, 284, 259, 241, 204, 196, 166, 149, 121, 96, 95
350, 334, 335, 321, 320, 319, 318, 317, 301, 284, 259, 241, 204, 196, 166, 149, 121, 96
350, 333, 323, 295, 269, 253, 235, 220, 221, 199, 200, 194, 164, 165, 148, 122, 97
350, 333, 323, 295, 269, 253, 235, 220, 221, 199, 200, 194, 164, 165, 148, 122, 98
350, 333, 323, 295, 269, 253, 235, 220, 221, 199, 200, 194, 164, 147, 123, 99
