405, 380, 365, 340, 316, 301, 300, 299, 298, 297, 268, 253, 235, 234, 219, 190, 158, 140, 139, 138, 110, 108, 85, 49, 26, 0
405, 380, 365, 340, 316, 301, 300, 299, 298, 297, 268, 253, 235, 234, 219, 190, 158, 140, 139, 138, 110, 108, 85, 49, 26, 1
405, 406, 381, 364, 341, 313, 303, 282, 261, 222, 223, 207, 208, 209, 210, 211, 180, 181, 182, 174, 175, 136, 113, 89, 86, 48, 25, 3, 2
405, 406, 381, 364, 341, 313, 303, 282, 261, 222, 223, 207, 208, 209, 210, 211, 180, 181, 182, 174, 175, 136, 113, 89, 86, 48, 25, 3
405, 406, 381, 364, 341, 313, 303, 282, 261, 222, 206, 198, 169, 152, 119, 118, 117, 116, 115, 114, 90, 87, 47, 24, 4
405, 406, 381, 364, 341, 313, 303, 282, 261, 222, 206, 198, 169, 152, 119, 118, 117, 93, 70, 69, 68, 88, 67, 23, 5
405, 406, 381, 364, 341, 313, 303, 282, 261, 222, 206, 198, 169, 152, 119, 118, 117, 93, 71, 65, 66, 45, 6
405, 406, 381, 364, 341, 313, 303, 282, 261, 222, 206, 198, 169, 152, 119, 118, 117, 93, 71, 65, 44, 7
405, 406, 381, 364, 341, 313, 303, 282, 261, 222, 206, 198, 169, 152, 119, 118, 94, 72, 63, 43, 9, 8
405, 406, 381, 364, 341, 313, 303, 282, 261, 222, 206, 198, 169, 152, 119, 118, 94, 72, 63, 43, 9
405, 406, 381, 364, 341, 313, 303, 282, 261, 222, 206, 198, 169, 151, 120, 95, 73, 62, 41, 10
405, 380, 365, 340, 316, 301, 284, 259, 241, 204, 196, 166, 149, 121, 96, 74, 61, 40, 11
405, 380, 365, 340, 316, 301, 284, 259, 241, 204, 196, 166, 149, 121, 96, 74, 60, 38, 12
405, 380, 365, 340, 316, 301, 284, 259, 241, 204, 196, 166, 149, 121, 96, 74, 60, 38, 12, 13
405, 380, 365, 340, 316, 301, 284, 259, 241, 203, 202, 195, 165, 164, 147, 123, 99, 76, 57, 35, 14
405, 380, 365, 340, 316, 301, 284, 259, 241, 203, 202, 195, 165, 164, 147, 123, 99, 76, 57, 35, 34, 15
405, 380, 365, 340, 316, 301, 284, 259, 241, 203, 202, 195, 165, 164, 147, 123, 99, 76, 57, 35, 34, 15, 16
405, 380, 365, 340, 316, 301, 284, 259, 241, 203, 202, 195, 165, 164, 147, 123, 99, 76, 57, 35, 34, 15, 16, 17
405, 380, 365, 340, 316, 301, 284, 259, 241, 203, 202, 195, 165, 164, 147, 123, 99, 76, 57, 35, 34, 15, 16, 17, 18
405, 380, 365, 340, 316, 301, 300, 299, 298, 297, 268, 253, 235, 234, 219, 190, 158, 141, 128, 105, 82, 53, 30, 19
405, 380, 365, 340, 316, 301, 300, 299, 298, 297, 268, 253, 235, 234, 219, 190, 158, 141, 128, 105, 82, 53, 30, 19, 20
405, 380, 365, 340, 316, 301, 300, 299, 298, 297, 268, 253, 235, 234, 219, 190, 158, 141, 128, 105, 82, 53, 52, 29, 28, 21
405, 406, 381, 364, 341, 313, 303, 282, 261, 222, 206, 198, 169, 152, 119, 118, 117, 93, 70, 69, 68, 88, 67, 22
405, 406, 381, 364, 341, 313, 303, 282, 261, 222, 206, 198, 169, 152, 119, 118, 117, 93, 70, 69, 68, 88, 67, 23
405, 406, 381, 364, 341, 313, 303, 282, 261, 222, 206, 198, 169, 152, 119, 118, 117, 116, 115, 114, 90, 87, 47, 24
405, 406, 381, 364, 341, 313, 303, 282, 261, 222, 223, 207, 208, 209, 210, 211, 180, 181, 182, 174, 175, 136, 113, 89, 86, 48, 25
405, 380, 365, 340, 316, 301, 300, 299, 298, 297, 268, 253, 235, 234, 219, 190, 158, 140, 139, 138, 110, 108, 85, 49, 26
405, 380, 365, 340, 316, 301, 300, 299, 298, 297, 268, 253, 235, 234, 219, 190, 158, 141, 128, 105, 82, 53, 52, 29, 28, 27
405, 380, 365, 340, 316, 301, 300, 299, 298, 297, 268, 253, 235, 234, 219, 190, 158, 141, 128, 105, 82, 53, 52, 29, 28
405, 380, 365, 340, 316, 301, 300, 299, 298, 297, 268, 253, 235, 234, 219, 190, 158, 141, 128, 105, 82, 53, 52, 29
405, 380, 365, 340, 316, 301, 300, 299, 298, 297, 268, 253, 235, 234, 219, 190, 158, 141, 128, 105, 82, 53, 30
405, 380, 365, 340, 316, 301, 284, 259, 241, 203, 202, 195, 165, 164, 163, 146, 124, 100, 101, 102, 80, 55, 54, 31
405, 380, 365, 340, 316, 301, 284, 259, 241, 203, 202, 195, 165, 164, 147, 123, 99, 76, 57, 35, 34, 33, 32
405, 380, 365, 340, 316, 301, 284, 259, 241, 203, 202, 195, 165, 164, 147, 123, 99, 76, 57, 35, 34, 33
405, 380, 365, 340, 316, 301, 284, 259, 241, 203, 202, 195, 165, 164, 147, 123, 99, 76, 57, 35, 34
405, 380, 365, 340, 316, 301, 284, 259, 241, 203, 202, 195, 165, 164, 147, 123, 99, 76, 57, 35
405, 380, 365, 340, 316, 301, 284, 259, 241, 203, 202, 195, 165, 164, 147, 123, 99, 76, 58, 36
405, 380, 365, 340, 316, 301, 284, 259, 241, 204, 196, 166, 149, 121, 96, 97, 75, 59, 37
405, 380, 365, 340, 316, 301, 284, 259, 241, 204, 196, 166, 149, 121, 96, 74, 60, 38
405, 380, 365, 340, 316, 301, 284, 259, 241, 204, 196, 166, 149, 121, 96, 74, 60, 38, 39
405, 380, 365, 340, 316, 301, 284, 259, 241, 204, 196, 166, 149, 121, 96, 74, 61, 40
405, 406, 381, 364, 341, 313, 303, 282, 261, 222, 206, 198, 169, 151, 120, 95, 73, 62, 41
405, 406, 381, 364, 341, 313, 303, 282, 261, 222, 206, 198, 169, 151, 120, 95, 73, 62, 41, 42
405, 406, 381, 364, 341, 313, 303, 282, 261, 222, 206, 198, 169, 152, 119, 118, 94, 72, 63, 43
405, 406, 381, 364, 341, 313, 303, 282, 261, 222, 206, 198, 169, 152, 119, 118, 117, 93, 71, 65, 44
405, 406, 381, 364, 341, 313, 303, 282, 261, 222, 206, 198, 169, 152, 119, 118, 117, 93, 71, 65, 66, 45
405, 406, 381, 364, 341, 313, 303, 282, 261, 222, 206, 198, 169, 152, 119, 118, 117, 116, 115, 114, 90, 87, 46
405, 406, 381, 364, 341, 313, 303, 282, 261, 222, 206, 198, 169, 152, 119, 118, 117, 116, 115, 114, 90, 87, 47
405, 406, 381, 364, 341, 313, 303, 282, 261, 222, 223, 207, 208, 209, 210, 211, 180, 181, 182, 174, 175, 136, 113, 89, 86, 48
405, 380, 365, 340, 316, 301, 300, 299, 298, 297, 268, 253, 235, 234, 219, 190, 158, 140, 139, 138, 110, 108, 85, 49
405, 380, 365, 340, 316, 301, 300, 299, 298, 297, 268, 253, 235, 234, 219, 190, 158, 140, 139, 138, 110, 107, 84, 50
405, 380, 365, 340, 316, 301, 300, 299, 298, 297, 268, 253, 235, 234, 219, 190, 158, 140, 139, 138, 110, 107, 84, 51
405, 380, 365, 340, 316, 301, 300, 299, 298, 297, 268, 253, 235, 234, 219, 190, 158, 141, 128, 105, 82, 53, 52
405, 380, 365, 340, 316, 301, 300, 299, 298, 297, 268, 253, 235, 234, 219, 190, 158, 141, 128, 105, 82, 53
405, 380, 365, 340, 316, 301, 284, 259, 241, 203, 202, 195, 165, 164, 163, 146, 124, 100, 101, 102, 80, 55, 54
405, 380, 365, 340, 316, 301, 284, 259, 241, 203, 202, 195, 165, 164, 163, 146, 124, 100, 101, 102, 80, 55
405, 380, 365, 340, 316, 301, 284, 259, 241, 203, 202, 195, 165, 164, 147, 123, 99, 76, 57, 56
405, 380, 365, 340, 316, 301, 284, 259, 241, 203, 202, 195, 165, 164, 147, 123, 99, 76, 57
405, 380, 365, 340, 316, 301, 284, 259, 241, 203, 202, 195, 165, 164, 147, 123, 99, 76, 58
405, 380, 365, 340, 316, 301, 284, 259, 241, 204, 196, 166, 149, 121, 96, 97, 75, 59
405, 380, 365, 340, 316, 301, 284, 259, 241, 204, 196, 166, 149, 121, 96, 74, 60
405, 380, 365, 340, 316, 301, 284, 259, 241, 204, 196, 166, 149, 121, 96, 74, 61
405, 406, 381, 364, 341, 313, 303, 282, 261, 222, 206, 198, 169, 151, 120, 95, 73, 62
405, 406, 381, 364, 341, 313, 303, 282, 261, 222, 206, 198, 169, 152, 119, 118, 94, 72, 63
405, 406, 381, 364, 341, 313, 303, 282, 261, 222, 206, 198, 169, 152, 119, 118, 94, 72, 64
405, 406, 381, 364, 341, 313, 303, 282, 261, 222, 206, 198, 169, 152, 119, 118, 117, 93, 71, 65
405, 406, 381, 364, 341, 313, 303, 282, 261, 222, 206, 198, 169, 152, 119, 118, 117, 93, 71, 65, 66
405, 406, 381, 364, 341, 313, 303, 282, 261, 222, 206, 198, 169, 152, 119, 118, 117, 93, 70, 69, 68, 88, 67
405, 406, 381, 364, 341, 313, 303, 282, 261, 222, 206, 198, 169, 152, 119, 118, 117, 93, 70, 69, 68
405, 406, 381, 364, 341, 313, 303, 282, 261, 222, 206, 198, 169, 152, 119, 118, 117, 93, 70, 69
405, 406, 381, 364, 341, 313, 303, 282, 261, 222, 206, 198, 169, 152, 119, 118, 117, 93, 70
405, 406, 381, 364, 341, 313, 303, 282, 261, 222, 206, 198, 169, 152, 119, 118, 117, 93, 71
405, 406, 381, 364, 341, 313, 303, 282, 261, 222, 206, 198, 169, 152, 119, 118, 94, 72
405, 406, 381, 364, 341, 313, 303, 282, 261, 222, 206, 198, 169, 151, 120, 95, 73
405, 380, 365, 340, 316, 301, 284, 259, 241, 204, 196, 166, 149, 121, 96, 74
405, 380, 365, 340, 316, 301, 284, 259, 241, 204, 196, 166, 149, 121, 96, 97, 75
405, 380, 365, 340, 316, 301, 284, 259, 241, 203, 202, 195, 165, 164, 147, 123, 99, 76
405, 380, 365, 340, 316, 301, 284, 259, 241, 203, 202, 195, 165, 164, 147, 123, 99, 76, 77
405, 380, 365, 340, 316, 301, 284, 259, 241, 203, 202, 195, 165, 164, 147, 123, 99, 76, 77, 78
405, 380, 365, 340, 316, 301, 284, 259, 241, 203, 202, 195, 165, 164, 147, 123, 99, 76, 77, 78, 79
405, 380, 365, 340, 316, 301, 284, 259, 241, 203, 202, 195, 165, 164, 163, 146, 124, 100, 101, 102, 80
405, 380, 365, 340, 316, 301, 284, 259, 241, 203, 202, 195, 165, 164, 163, 146, 124, 100, 101, 102, 80, 81
405, 380, 365, 340, 316, 301, 300, 299, 298, 297, 268, 253, 235, 234, 219, 190, 158, 141, 128, 105, 82
405, 380, 365, 340, 316, 301, 300, 299, 298, 297, 268, 253, 235, 234, 219, 190, 158, 141, 128, 105, 106, 83
405, 380, 365, 340, 316, 301, 300, 299, 298, 297, 268, 253, 235, 234, 219, 190, 158, 140, 139, 138, 110, 107, 84
405, 380, 365, 340, 316, 301, 300, 299, 298, 297, 268, 253, 235, 234, 219, 190, 158, 140, 139, 138, 110, 108, 85
405, 406, 381, 364, 341, 313, 303, 282, 261, 222, 223, 207, 208, 209, 210, 211, 180, 181, 182, 174, 175, 136, 113, 89, 86
405, 406, 381, 364, 341, 313, 303, 282, 261, 222, 206, 198, 169, 152, 119, 118, 117, 116, 115, 114, 90, 87
405, 406, 381, 364, 341, 313, 303, 282, 261, 222, 206, 198, 169, 152, 119, 118, 117, 93, 70, 69, 68, 88
405, 406, 381, 364, 341, 313, 303, 282, 261, 222, 223, 207, 208, 209, 210, 211, 180, 181, 182, 174, 175, 136, 113, 89
405, 406, 381, 364, 341, 313, 303, 282, 261, 222, 206, 198, 169, 152, 119, 118, 117, 116, 115, 114, 90
405, 406, 381, 364, 341, 313, 303, 282, 261, 222, 206, 198, 169, 152, 119, 118, 117, 116, 115, 91
405, 406, 381, 364, 341, 313, 303, 282, 261, 222, 206, 198, 169, 152, 119, 118, 117, 93, 92
405, 406, 381, 364, 341, 313, 303, 282, 261, 222, 206, 198, 169, 152, 119, 118, 117, 93
405, 406, 381, 364, 341, 313, 303, 282, 261, 222, 206, 198, 169, 152, 119, 118, 94
405, 406, 381, 364, 341, 313, 303, 282, 261, 222, 206, 198, 169, 151, 120, 95
405, 380, 365, 340, 316, 301, 284, 259, 241, 204, 196, 166, 149, 121, 96
405, 380, 365, 340, 316, 301, 284, 259, 241, 204, 196, 166, 149, 121, 96, 97
405, 380, 365, 340, 316, 301, 284, 259, 241, 203, 202, 195, 165, 148, 122, 98
405, 380, 365, 340, 316, 301, 284, 259, 241, 203, 202, 195, 165, 164, 147, 123, 99
