567, 530, 523, 484, 474, 441, 416, 410, 411, 385, 360, 345, 309, 285, 278, 264, 226, 227, 228, 213, 183, 184, 176, 137, 111, 109, 85, 49, 26, 0
567, 530, 523, 484, 474, 441, 416, 410, 411, 385, 360, 345, 309, 285, 278, 264, 226, 227, 228, 213, 183, 184, 176, 137, 111, 109, 85, 49, 26, 1
567, 530, 523, 484, 474, 441, 416, 410, 411, 385, 360, 345, 309, 285, 278, 264, 226, 227, 228, 213, 183, 175, 136, 113, 89, 86, 48, 25, 3, 2
567, 530, 523, 484, 474, 441, 416, 410, 411, 385, 360, 345, 309, 285, 278, 264, 226, 227, 228, 213, 183, 175, 136, 113, 89, 86, 48, 25, 3
567, 530, 523, 484, 474, 441, 416, 410, 411, 385, 360, 345, 309, 285, 278, 264, 226, 227, 212, 182, 173, 135, 114, 90, 87, 47, 24, 4
567, 530, 523, 484, 474, 441, 416, 410, 411, 385, 360, 345, 309, 285, 278, 264, 226, 211, 180, 172, 133, 115, 91, 88, 67, 23, 5
567, 530, 523, 484, 474, 441, 416, 410, 384, 362, 361, 344, 310, 305, 279, 263, 225, 208, 179, 171, 155, 116, 92, 69, 66, 45, 6
567, 529, 524, 485, 473, 461, 437, 408, 383, 363, 342, 311, 304, 281, 261, 222, 206, 198, 169, 152, 119, 118, 117, 93, 71, 65, 44, 7
567, 529, 524, 485, 473, 461, 437, 408, 383, 363, 342, 311, 304, 281, 261, 222, 206, 198, 169, 152, 119, 118, 94, 72, 63, 43, 9, 8
567, 529, 524, 485, 473, 461, 437, 408, 383, 363, 342, 311, 304, 281, 261, 222, 206, 198, 169, 152, 119, 118, 94, 72, 63, 43, 9
567, 529, 524, 485, 473, 461, 437, 408, 383, 363, 342, 311, 304, 281, 261, 222, 206, 198, 169, 151, 120, 95, 73, 62, 41, 10
567, 529, 524, 485, 473, 461, 437, 408, 383, 363, 342, 311, 304, 281, 261, 222, 206, 198, 169, 151, 120, 95, 73, 62, 61, 40, 11
567, 529, 524, 485, 473, 461, 437, 408, 383, 363, 342, 311, 304, 281, 261, 222, 206, 198, 169, 151, 120, 95, 73, 74, 60, 38, 12
567, 529, 524, 485, 473, 461, 437, 408, 383, 363, 342, 311, 304, 281, 261, 222, 206, 198, 169, 151, 120, 95, 73, 74, 60, 38, 12, 13
567, 529, 524, 485, 473, 461, 437, 408, 383, 363, 342, 311, 304, 281, 261, 222, 206, 198, 168, 150, 149, 121, 96, 97, 75, 76, 57, 35, 14
567, 529, 524, 485, 473, 461, 437, 408, 383, 363, 342, 311, 304, 281, 261, 222, 206, 198, 168, 150, 149, 121, 96, 97, 75, 76, 57, 35, 34, 15
567, 529, 524, 485, 473, 461, 437, 408, 383, 363, 342, 311, 304, 281, 261, 222, 206, 198, 168, 150, 149, 121, 96, 97, 75, 76, 57, 35, 34, 15, 16
567, 529, 524, 485, 473, 461, 437, 408, 383, 363, 342, 311, 304, 281, 261, 222, 206, 198, 168, 150, 149, 121, 96, 97, 75, 76, 57, 35, 34, 15, 16, 17
567, 529, 524, 485, 473, 461, 437, 408, 383, 363, 342, 311, 304, 281, 261, 222, 206, 198, 168, 150, 149, 121, 96, 97, 75, 76, 57, 35, 34, 15, 16, 17, 18
567, 529, 524, 485, 473, 461, 437, 408, 383, 363, 342, 311, 304, 281, 261, 222, 206, 198, 168, 150, 149, 121, 96, 97, 75, 76, 57, 35, 34, 15, 16, 17, 18, 19
567, 530, 523, 484, 474, 441, 440, 439, 418, 413, 386, 387, 358, 347, 348, 306, 290, 291, 274, 248, 230, 216, 185, 177, 138, 110, 107, 84, 51, 28, 29, 20
567, 530, 523, 484, 474, 441, 440, 439, 418, 413, 386, 387, 358, 347, 348, 306, 290, 291, 274, 248, 230, 216, 185, 177, 138, 110, 107, 84, 51, 27, 21
567, 530, 523, 484, 474, 441, 416, 410, 411, 385, 360, 345, 309, 285, 278, 264, 226, 211, 180, 172, 133, 115, 91, 88, 67, 22
567, 530, 523, 484, 474, 441, 416, 410, 411, 385, 360, 345, 309, 285, 278, 264, 226, 211, 180, 172, 133, 115, 91, 88, 67, 23
567, 530, 523, 484, 474, 441, 416, 410, 411, 385, 360, 345, 309, 285, 278, 264, 226, 227, 212, 182, 173, 135, 114, 90, 87, 47, 24
567, 530, 523, 484, 474, 441, 416, 410, 411, 385, 360, 345, 309, 285, 278, 264, 226, 227, 228, 213, 183, 175, 136, 113, 89, 86, 48, 25
567, 530, 523, 484, 474, 441, 416, 410, 411, 385, 360, 345, 309, 285, 278, 264, 226, 227, 228, 213, 183, 184, 176, 137, 111, 109, 85, 49, 26
567, 530, 523, 484, 474, 441, 440, 439, 418, 413, 386, 387, 358, 347, 348, 306, 290, 291, 274, 248, 230, 216, 185, 177, 138, 110, 107, 84, 51, 27
567, 530, 523, 484, 474, 441, 440, 439, 418, 413, 386, 387, 358, 347, 348, 306, 290, 291, 274, 248, 230, 216, 185, 177, 138, 110, 107, 84, 51, 28
567, 530, 523, 484, 474, 441, 440, 439, 418, 413, 386, 387, 358, 347, 348, 306, 290, 291, 274, 248, 230, 216, 185, 177, 138, 110, 107, 84, 51, 28, 29
567, 529, 524, 485, 473, 461, 437, 408, 383, 363, 364, 341, 314, 302, 283, 260, 241, 203, 202, 195, 165, 164, 163, 146, 124, 100, 101, 102, 80, 55, 54, 53, 30
567, 529, 524, 485, 473, 461, 437, 408, 383, 363, 342, 311, 304, 281, 261, 222, 206, 198, 168, 150, 149, 121, 96, 97, 75, 76, 57, 35, 34, 33, 32, 31
567, 529, 524, 485, 473, 461, 437, 408, 383, 363, 342, 311, 304, 281, 261, 222, 206, 198, 168, 150, 149, 121, 96, 97, 75, 76, 57, 35, 34, 33, 32
567, 529, 524, 485, 473, 461, 437, 408, 383, 363, 342, 311, 304, 281, 261, 222, 206, 198, 168, 150, 149, 121, 96, 97, 75, 76, 57, 35, 34, 33
567, 529, 524, 485, 473, 461, 437, 408, 383, 363, 342, 311, 304, 281, 261, 222, 206, 198, 168, 150, 149, 121, 96, 97, 75, 76, 57, 35, 34
567, 529, 524, 485, 473, 461, 437, 408, 383, 363, 342, 311, 304, 281, 261, 222, 206, 198, 168, 150, 149, 121, 96, 97, 75, 76, 57, 35
567, 529, 524, 485, 473, 461, 437, 408, 383, 363, 342, 311, 304, 281, 261, 222, 206, 198, 168, 150, 149, 121, 96, 97, 75, 59, 58, 36
567, 529, 524, 485, 473, 461, 437, 408, 383, 363, 342, 311, 304, 281, 261, 222, 206, 198, 168, 150, 149, 121, 96, 97, 75, 59, 37
567, 529, 524, 485, 473, 461, 437, 408, 383, 363, 342, 311, 304, 281, 261, 222, 206, 198, 169, 151, 120, 95, 73, 74, 60, 38
567, 529, 524, 485, 473, 461, 437, 408, 383, 363, 342, 311, 304, 281, 261, 222, 206, 198, 169, 151, 120, 95, 73, 62, 61, 39
567, 529, 524, 485, 473, 461, 437, 408, 383, 363, 342, 311, 304, 281, 261, 222, 206, 198, 169, 151, 120, 95, 73, 62, 61, 40
567, 529, 524, 485, 473, 461, 437, 408, 383, 363, 342, 311, 304, 281, 261, 222, 206, 198, 169, 151, 120, 95, 73, 62, 41
567, 529, 524, 485, 473, 461, 437, 408, 383, 363, 342, 311, 304, 281, 261, 222, 206, 198, 169, 151, 120, 95, 73, 62, 41, 42
567, 529, 524, 485, 473, 461, 437, 408, 383, 363, 342, 311, 304, 281, 261, 222, 206, 198, 169, 152, 119, 118, 94, 72, 63, 43
567, 529, 524, 485, 473, 461, 437, 408, 383, 363, 342, 311, 304, 281, 261, 222, 206, 198, 169, 152, 119, 118, 117, 93, 71, 65, 44
567, 530, 523, 484, 474, 441, 416, 410, 384, 362, 361, 344, 310, 305, 279, 263, 225, 208, 179, 171, 155, 116, 92, 69, 66, 45
567, 530, 523, 484, 474, 441, 416, 410, 411, 385, 360, 345, 309, 285, 278, 264, 226, 227, 212, 182, 173, 135, 114, 90, 87, 46
567, 530, 523, 484, 474, 441, 416, 410, 411, 385, 360, 345, 309, 285, 278, 264, 226, 227, 212, 182, 173, 135, 114, 90, 87, 47
567, 530, 523, 484, 474, 441, 416, 410, 411, 385, 360, 345, 309, 285, 278, 264, 226, 227, 228, 213, 183, 175, 136, 113, 89, 86, 48
567, 530, 523, 484, 474, 441, 416, 410, 411, 385, 360, 345, 309, 285, 278, 264, 226, 227, 228, 213, 183, 184, 176, 137, 111, 109, 85, 49
567, 530, 523, 484, 474, 441, 416, 410, 411, 385, 360, 345, 309, 285, 278, 264, 226, 227, 228, 213, 183, 184, 176, 137, 111, 109, 85, 49, 50
567, 530, 523, 484, 474, 441, 440, 439, 418, 413, 386, 387, 358, 347, 348, 306, 290, 291, 274, 248, 230, 216, 185, 177, 138, 110, 107, 84, 51
567, 530, 523, 484, 474, 441, 440, 439, 418, 413, 386, 387, 358, 347, 348, 306, 290, 291, 274, 248, 230, 216, 185, 177, 138, 110, 107, 84, 51, 52
567, 529, 524, 485, 473, 461, 437, 408, 383, 363, 364, 341, 314, 302, 283, 260, 241, 203, 202, 195, 165, 164, 163, 146, 124, 100, 101, 102, 80, 55, 54, 53
567, 529, 524, 485, 473, 461, 437, 408, 383, 363, 364, 341, 314, 302, 283, 260, 241, 203, 202, 195, 165, 164, 163, 146, 124, 100, 101, 102, 80, 55, 54
567, 529, 524, 485, 473, 461, 437, 408, 383, 363, 364, 341, 314, 302, 283, 260, 241, 203, 202, 195, 165, 164, 163, 146, 124, 100, 101, 102, 80, 55
567, 529, 524, 485, 473, 461, 437, 408, 383, 363, 342, 311, 304, 281, 261, 222, 206, 198, 168, 150, 149, 121, 96, 97, 75, 76, 57, 56
567, 529, 524, 485, 473, 461, 437, 408, 383, 363, 342, 311, 304, 281, 261, 222, 206, 198, 168, 150, 149, 121, 96, 97, 75, 76, 57
567, 529, 524, 485, 473, 461, 437, 408, 383, 363, 342, 311, 304, 281, 261, 222, 206, 198, 168, 150, 149, 121, 96, 97, 75, 59, 58
567, 529, 524, 485, 473, 461, 437, 408, 383, 363, 342, 311, 304, 281, 261, 222, 206, 198, 168, 150, 149, 121, 96, 97, 75, 59
567, 529, 524, 485, 473, 461, 437, 408, 383, 363, 342, 311, 304, 281, 261, 222, 206, 198, 169, 151, 120, 95, 73, 74, 60
567, 529, 524, 485, 473, 461, 437, 408, 383, 363, 342, 311, 304, 281, 261, 222, 206, 198, 169, 151, 120, 95, 73, 62, 61
567, 529, 524, 485, 473, 461, 437, 408, 383, 363, 342, 311, 304, 281, 261, 222, 206, 198, 169, 151, 120, 95, 73, 62
567, 529, 524, 485, 473, 461, 437, 408, 383, 363, 342, 311, 304, 281, 261, 222, 206, 198, 169, 152, 119, 118, 94, 72, 63
567, 529, 524, 485, 473, 461, 437, 408, 383, 363, 342, 311, 304, 281, 261, 222, 206, 198, 169, 152, 119, 118, 94, 72, 64
567, 529, 524, 485, 473, 461, 437, 408, 383, 363, 342, 311, 304, 281, 261, 222, 206, 198, 169, 152, 119, 118, 117, 93, 71, 65
567, 530, 523, 484, 474, 441, 416, 410, 384, 362, 361, 344, 310, 305, 279, 263, 225, 208, 179, 171, 155, 116, 92, 69, 66
567, 530, 523, 484, 474, 441, 416, 410, 411, 385, 360, 345, 309, 285, 278, 264, 226, 211, 180, 172, 133, 115, 91, 88, 67
567, 530, 523, 484, 474, 441, 416, 410, 411, 385, 360, 345, 309, 285, 278, 264, 226, 211, 180, 172, 133, 115, 91, 68
567, 530, 523, 484, 474, 441, 416, 410, 384, 362, 361, 344, 310, 305, 279, 263, 225, 208, 179, 171, 155, 116, 92, 69
567, 529, 524, 485, 473, 461, 437, 408, 383, 363, 342, 311, 304, 281, 261, 222, 206, 198, 169, 152, 119, 118, 117, 93, 70
567, 529, 524, 485, 473, 461, 437, 408, 383, 363, 342, 311, 304, 281, 261, 222, 206, 198, 169, 152, 119, 118, 117, 93, 71
567, 529, 524, 485, 473, 461, 437, 408, 383, 363, 342, 311, 304, 281, 261, 222, 206, 198, 169, 152, 119, 118, 94, 72
567, 529, 524, 485, 473, 461, 437, 408, 383, 363, 342, 311, 304, 281, 261, 222, 206, 198, 169, 151, 120, 95, 73
567, 529, 524, 485, 473, 461, 437, 408, 383, 363, 342, 311, 304, 281, 261, 222, 206, 198, 169, 151, 120, 95, 73, 74
567, 529, 524, 485, 473, 461, 437, 408, 383, 363, 342, 311, 304, 281, 261, 222, 206, 198, 168, 150, 149, 121, 96, 97, 75
567, 529, 524, 485, 473, 461, 437, 408, 383, 363, 342, 311, 304, 281, 261, 222, 206, 198, 168, 150, 149, 121, 96, 97, 75, 76
567, 529, 524, 485, 473, 461, 437, 408, 383, 363, 342, 311, 304, 281, 261, 222, 206, 198, 168, 150, 149, 121, 96, 97, 75, 76, 77
567, 529, 524, 485, 473, 461, 437, 408, 383, 363, 342, 311, 304, 281, 261, 222, 206, 198, 168, 150, 149, 121, 96, 97, 75, 76, 77, 78
567, 529, 524, 485, 473, 461, 437, 408, 383, 363, 342, 311, 304, 281, 261, 222, 206, 198, 168, 150, 149, 121, 96, 97, 75, 76, 77, 78, 79
567, 529, 524, 485, 473, 461, 437, 408, 383, 363, 364, 341, 314, 302, 283, 260, 241, 203, 202, 195, 165, 164, 163, 146, 124, 100, 101, 102, 80
567, 529, 524, 485, 473, 461, 437, 408, 383, 363, 364, 341, 314, 302, 283, 260, 241, 203, 202, 195, 165, 164, 163, 146, 124, 100, 101, 102, 80, 81
567, 530, 523, 484, 474, 441, 440, 439, 418, 413, 386, 387, 388, 389, 390, 391, 392, 353, 330, 325, 293, 271, 250, 232, 218, 189, 157, 140, 129, 105, 82
567, 530, 523, 484, 474, 441, 440, 439, 418, 413, 386, 387, 358, 347, 348, 306, 290, 291, 274, 248, 230, 216, 185, 177, 138, 110, 107, 84, 83
567, 530, 523, 484, 474, 441, 440, 439, 418, 413, 386, 387, 358, 347, 348, 306, 290, 291, 274, 248, 230, 216, 185, 177, 138, 110, 107, 84
567, 530, 523, 484, 474, 441, 416, 410, 411, 385, 360, 345, 309, 285, 278, 264, 226, 227, 228, 213, 183, 184, 176, 137, 111, 109, 85
567, 530, 523, 484, 474, 441, 416, 410, 411, 385, 360, 345, 309, 285, 278, 264, 226, 227, 228, 213, 183, 175, 136, 113, 89, 86
567, 530, 523, 484, 474, 441, 416, 410, 411, 385, 360, 345, 309, 285, 278, 264, 226, 227, 212, 182, 173, 135, 114, 90, 87
567, 530, 523, 484, 474, 441, 416, 410, 411, 385, 360, 345, 309, 285, 278, 264, 226, 211, 180, 172, 133, 115, 91, 88
567, 530, 523, 484, 474, 441, 416, 410, 411, 385, 360, 345, 309, 285, 278, 264, 226, 227, 228, 213, 183, 175, 136, 113, 89
567, 530, 523, 484, 474, 441, 416, 410, 411, 385, 360, 345, 309, 285, 278, 264, 226, 227, 212, 182, 173, 135, 114, 90
567, 530, 523, 484, 474, 441, 416, 410, 411, 385, 360, 345, 309, 285, 278, 264, 226, 211, 180, 172, 133, 115, 91
567, 530, 523, 484, 474, 441, 416, 410, 384, 362, 361, 344, 310, 305, 279, 263, 225, 208, 179, 171, 155, 116, 92
567, 529, 524, 485, 473, 461, 437, 408, 383, 363, 342, 311, 304, 281, 261, 222, 206, 198, 169, 152, 119, 118, 117, 93
567, 529, 524, 485, 473, 461, 437, 408, 383, 363, 342, 311, 304, 281, 261, 222, 206, 198, 169, 152, 119, 118, 94
567, 529, 524, 485, 473, 461, 437, 408, 383, 363, 342, 311, 304, 281, 261, 222, 206, 198, 169, 151, 120, 95
567, 529, 524, 485, 473, 461, 437, 408, 383, 363, 342, 311, 304, 281, 261, 222, 206, 198, 168, 150, 149, 121, 96
567, 529, 524, 485, 473, 461, 437, 408, 383, 363, 342, 311, 304, 281, 261, 222, 206, 198, 168, 150, 149, 121, 96, 97
567, 529, 524, 485, 473, 461, 437, 408, 383, 363, 342, 311, 304, 281, 261, 222, 206, 198, 168, 150, 149, 121, 96, 97, 98
567, 529, 524, 485, 473, 461, 437, 408, 383, 363, 342, 311, 304, 281, 261, 222, 206, 198, 168, 150, 149, 121, 96, 97, 98, 99
