520, 504, 477, 443, 444, 420, 415, 389, 357, 348, 306, 290, 275, 247, 229, 214, 184, 176, 137, 111, 109, 85, 49, 26, 0
520, 504, 477, 443, 444, 420, 415, 389, 357, 348, 306, 290, 275, 247, 229, 214, 184, 176, 137, 111, 109, 85, 49, 26, 1
520, 504, 477, 443, 419, 414, 387, 358, 347, 307, 288, 277, 244, 227, 228, 213, 183, 175, 136, 113, 89, 86, 48, 25, 3, 2
520, 504, 477, 443, 419, 414, 387, 358, 347, 307, 288, 277, 244, 227, 228, 213, 183, 175, 136, 113, 89, 86, 48, 25, 3
520, 504, 477, 443, 419, 414, 387, 358, 347, 307, 288, 277, 244, 227, 212, 182, 173, 135, 114, 90, 87, 47, 24, 4
520, 504, 477, 443, 419, 414, 387, 358, 347, 307, 288, 277, 244, 227, 212, 181, 172, 133, 115, 91, 88, 67, 23, 5
520, 504, 477, 443, 419, 414, 387, 358, 347, 307, 288, 277, 244, 227, 212, 181, 172, 132, 116, 92, 69, 66, 45, 6
520, 504, 477, 443, 419, 414, 387, 358, 347, 307, 288, 277, 244, 227, 212, 181, 172, 132, 116, 92, 69, 66, 44, 7
520, 504, 483, 475, 440, 417, 410, 384, 362, 343, 311, 304, 281, 261, 222, 206, 198, 169, 152, 119, 118, 94, 72, 63, 43, 9, 8
520, 504, 483, 475, 440, 417, 410, 384, 362, 343, 311, 304, 281, 261, 222, 206, 198, 169, 152, 119, 118, 94, 72, 63, 43, 9
520, 504, 483, 475, 440, 417, 410, 384, 362, 343, 311, 304, 281, 261, 222, 206, 198, 169, 151, 120, 95, 73, 62, 41, 10
520, 504, 483, 475, 440, 417, 410, 384, 362, 343, 311, 304, 281, 261, 222, 206, 198, 169, 151, 120, 95, 73, 62, 61, 40, 11
520, 504, 483, 475, 440, 417, 410, 384, 362, 343, 311, 304, 281, 261, 222, 206, 198, 169, 151, 120, 95, 73, 74, 60, 38, 12
520, 504, 483, 475, 440, 417, 410, 384, 362, 343, 311, 304, 281, 261, 222, 206, 198, 169, 151, 120, 95, 73, 74, 60, 38, 12, 13
520, 504, 483, 475, 440, 417, 410, 384, 362, 343, 311, 304, 281, 261, 222, 206, 198, 168, 150, 149, 121, 96, 97, 75, 76, 57, 35, 14
520, 504, 483, 475, 440, 417, 410, 384, 362, 343, 311, 304, 281, 261, 222, 206, 198, 168, 150, 149, 121, 96, 97, 75, 76, 57, 35, 34, 15
520, 504, 483, 475, 440, 417, 410, 384, 362, 343, 311, 304, 281, 261, 222, 206, 198, 168, 150, 149, 121, 96, 97, 75, 76, 57, 35, 34, 15, 16
520, 519, 518, 501, 480, 481, 447, 423, 424, 425, 396, 392, 353, 330, 325, 293, 271, 250, 232, 218, 189, 157, 140, 129, 105, 82, 81, 54, 31, 17
520, 504, 477, 443, 444, 420, 415, 389, 356, 355, 328, 327, 291, 274, 248, 230, 216, 185, 177, 138, 110, 107, 84, 51, 28, 29, 20, 19, 18
520, 504, 477, 443, 444, 420, 415, 389, 356, 355, 328, 327, 291, 274, 248, 230, 216, 185, 177, 138, 110, 107, 84, 51, 28, 29, 20, 19
520, 504, 477, 443, 444, 420, 415, 389, 356, 355, 328, 327, 291, 274, 248, 230, 216, 185, 177, 138, 110, 107, 84, 51, 28, 29, 20
520, 504, 477, 443, 444, 420, 415, 389, 356, 355, 328, 327, 291, 274, 248, 230, 216, 185, 177, 138, 110, 107, 84, 51, 27, 21
520, 504, 477, 443, 419, 414, 387, 358, 347, 307, 288, 277, 244, 227, 212, 181, 172, 133, 115, 91, 88, 67, 22
520, 504, 477, 443, 419, 414, 387, 358, 347, 307, 288, 277, 244, 227, 212, 181, 172, 133, 115, 91, 88, 67, 23
520, 504, 477, 443, 419, 414, 387, 358, 347, 307, 288, 277, 244, 227, 212, 182, 173, 135, 114, 90, 87, 47, 24
520, 504, 477, 443, 419, 414, 387, 358, 347, 307, 288, 277, 244, 227, 228, 213, 183, 175, 136, 113, 89, 86, 48, 25
520, 504, 477, 443, 444, 420, 415, 389, 357, 348, 306, 290, 275, 247, 229, 214, 184, 176, 137, 111, 109, 85, 49, 26
520, 504, 477, 443, 444, 420, 415, 389, 356, 355, 328, 327, 291, 274, 248, 230, 216, 185, 177, 138, 110, 107, 84, 51, 27
520, 504, 477, 443, 444, 420, 415, 389, 356, 355, 328, 327, 291, 274, 248, 230, 216, 185, 177, 138, 110, 107, 84, 51, 28
520, 504, 477, 443, 444, 420, 415, 389, 356, 355, 328, 327, 291, 274, 248, 230, 216, 185, 177, 138, 110, 107, 84, 51, 28, 29
520, 504, 477, 443, 444, 420, 415, 389, 356, 355, 328, 327, 291, 274, 248, 230, 216, 185, 177, 138, 110, 107, 84, 51, 28, 29, 30
520, 519, 518, 501, 480, 481, 447, 423, 424, 425, 396, 392, 353, 330, 325, 293, 271, 250, 232, 218, 189, 157, 140, 129, 105, 82, 81, 54, 31
520, 504, 483, 475, 440, 417, 410, 384, 362, 343, 311, 304, 281, 261, 222, 206, 198, 168, 150, 149, 121, 96, 97, 75, 76, 57, 35, 34, 33, 32
520, 504, 483, 475, 440, 417, 410, 384, 362, 343, 311, 304, 281, 261, 222, 206, 198, 168, 150, 149, 121, 96, 97, 75, 76, 57, 35, 34, 33
520, 504, 483, 475, 440, 417, 410, 384, 362, 343, 311, 304, 281, 261, 222, 206, 198, 168, 150, 149, 121, 96, 97, 75, 76, 57, 35, 34
520, 504, 483, 475, 440, 417, 410, 384, 362, 343, 311, 304, 281, 261, 222, 206, 198, 168, 150, 149, 121, 96, 97, 75, 76, 57, 35
520, 504, 483, 475, 440, 417, 410, 384, 362, 343, 311, 304, 281, 261, 222, 206, 198, 168, 150, 149, 121, 96, 97, 75, 59, 58, 36
520, 504, 483, 475, 440, 417, 410, 384, 362, 343, 311, 304, 281, 261, 222, 206, 198, 168, 150, 149, 121, 96, 97, 75, 59, 37
520, 504, 483, 475, 440, 417, 410, 384, 362, 343, 311, 304, 281, 261, 222, 206, 198, 169, 151, 120, 95, 73, 74, 60, 38
520, 504, 483, 475, 440, 417, 410, 384, 362, 343, 311, 304, 281, 261, 222, 206, 198, 169, 151, 120, 95, 73, 62, 61, 39
520, 504, 483, 475, 440, 417, 410, 384, 362, 343, 311, 304, 281, 261, 222, 206, 198, 169, 151, 120, 95, 73, 62, 61, 40
520, 504, 483, 475, 440, 417, 410, 384, 362, 343, 311, 304, 281, 261, 222, 206, 198, 169, 151, 120, 95, 73, 62, 41
520, 504, 483, 475, 440, 417, 410, 384, 362, 343, 311, 304, 281, 261, 222, 206, 198, 169, 151, 120, 95, 73, 62, 41, 42
520, 504, 483, 475, 440, 417, 410, 384, 362, 343, 311, 304, 281, 261, 222, 206, 198, 169, 152, 119, 118, 94, 72, 63, 43
520, 504, 477, 443, 419, 414, 387, 358, 347, 307, 288, 277, 244, 227, 212, 181, 172, 132, 116, 92, 69, 66, 44
520, 504, 477, 443, 419, 414, 387, 358, 347, 307, 288, 277, 244, 227, 212, 181, 172, 132, 116, 92, 69, 66, 45
520, 504, 477, 443, 419, 414, 387, 358, 347, 307, 288, 277, 244, 227, 212, 182, 173, 135, 114, 90, 87, 46
520, 504, 477, 443, 419, 414, 387, 358, 347, 307, 288, 277, 244, 227, 212, 182, 173, 135, 114, 90, 87, 47
520, 504, 477, 443, 419, 414, 387, 358, 347, 307, 288, 277, 244, 227, 228, 213, 183, 175, 136, 113, 89, 86, 48
520, 504, 477, 443, 444, 420, 415, 389, 357, 348, 306, 290, 275, 247, 229, 214, 184, 176, 137, 111, 109, 85, 49
520, 504, 477, 443, 444, 420, 415, 389, 357, 348, 306, 290, 275, 247, 229, 214, 184, 176, 137, 111, 109, 85, 49, 50
520, 504, 477, 443, 444, 420, 415, 389, 356, 355, 328, 327, 291, 274, 248, 230, 216, 185, 177, 138, 110, 107, 84, 51
520, 504, 477, 443, 444, 420, 415, 389, 356, 355, 328, 327, 291, 274, 248, 230, 216, 185, 177, 138, 110, 107, 84, 51, 52
520, 519, 518, 501, 480, 481, 447, 423, 424, 425, 396, 392, 353, 330, 325, 293, 271, 250, 232, 218, 189, 157, 140, 129, 105, 82, 53
520, 519, 518, 501, 480, 481, 447, 423, 424, 425, 396, 392, 353, 330, 325, 293, 271, 250, 232, 218, 189, 157, 140, 129, 105, 82, 81, 54
520, 504, 483, 475, 440, 417, 410, 384, 362, 343, 311, 304, 281, 261, 222, 206, 198, 168, 150, 149, 121, 96, 97, 75, 76, 57, 56, 55
520, 504, 483, 475, 440, 417, 410, 384, 362, 343, 311, 304, 281, 261, 222, 206, 198, 168, 150, 149, 121, 96, 97, 75, 76, 57, 56
520, 504, 483, 475, 440, 417, 410, 384, 362, 343, 311, 304, 281, 261, 222, 206, 198, 168, 150, 149, 121, 96, 97, 75, 76, 57
520, 504, 483, 475, 440, 417, 410, 384, 362, 343, 311, 304, 281, 261, 222, 206, 198, 168, 150, 149, 121, 96, 97, 75, 59, 58
520, 504, 483, 475, 440, 417, 410, 384, 362, 343, 311, 304, 281, 261, 222, 206, 198, 168, 150, 149, 121, 96, 97, 75, 59
520, 504, 483, 475, 440, 417, 410, 384, 362, 343, 311, 304, 281, 261, 222, 206, 198, 169, 151, 120, 95, 73, 74, 60
520, 504, 483, 475, 440, 417, 410, 384, 362, 343, 311, 304, 281, 261, 222, 206, 198, 169, 151, 120, 95, 73, 62, 61
520, 504, 483, 475, 440, 417, 410, 384, 362, 343, 311, 304, 281, 261, 222, 206, 198, 169, 151, 120, 95, 73, 62
520, 504, 483, 475, 440, 417, 410, 384, 362, 343, 311, 304, 281, 261, 222, 206, 198, 169, 152, 119, 118, 94, 72, 63
520, 504, 483, 475, 440, 417, 410, 384, 362, 343, 311, 304, 281, 261, 222, 206, 198, 169, 152, 119, 118, 94, 72, 64
520, 504, 483, 475, 439, 418, 411, 385, 361, 344, 310, 305, 279, 263, 225, 207, 178, 170, 154, 117, 93, 71, 65
520, 504, 477, 443, 419, 414, 387, 358, 347, 307, 288, 277, 244, 227, 212, 181, 172, 132, 116, 92, 69, 66
520, 504, 477, 443, 419, 414, 387, 358, 347, 307, 288, 277, 244, 227, 212, 181, 172, 133, 115, 91, 88, 67
520, 504, 477, 443, 419, 414, 387, 358, 347, 307, 288, 277, 244, 227, 212, 181, 172, 133, 115, 91, 68
520, 504, 477, 443, 419, 414, 387, 358, 347, 307, 288, 277, 244, 227, 212, 181, 172, 132, 116, 92, 69
520, 504, 483, 475, 439, 418, 411, 385, 361, 344, 310, 305, 279, 263, 225, 207, 178, 170, 154, 117, 93, 70
520, 504, 483, 475, 439, 418, 411, 385, 361, 344, 310, 305, 279, 263, 225, 207, 178, 170, 154, 117, 93, 71
520, 504, 483, 475, 440, 417, 410, 384, 362, 343, 311, 304, 281, 261, 222, 206, 198, 169, 152, 119, 118, 94, 72
520, 504, 483, 475, 440, 417, 410, 384, 362, 343, 311, 304, 281, 261, 222, 206, 198, 169, 151, 120, 95, 73
520, 504, 483, 475, 440, 417, 410, 384, 362, 343, 311, 304, 281, 261, 222, 206, 198, 169, 151, 120, 95, 73, 74
520, 504, 483, 475, 440, 417, 410, 384, 362, 343, 311, 304, 281, 261, 222, 206, 198, 168, 150, 149, 121, 96, 97, 75
520, 504, 483, 475, 440, 417, 410, 384, 362, 343, 311, 304, 281, 261, 222, 206, 198, 168, 150, 149, 121, 96, 97, 75, 76
520, 504, 483, 475, 440, 417, 410, 384, 362, 343, 311, 304, 281, 261, 222, 206, 198, 168, 150, 149, 121, 96, 97, 75, 76, 77
520, 504, 483, 475, 440, 417, 410, 384, 362, 343, 311, 304, 281, 261, 222, 206, 198, 168, 150, 149, 121, 96, 97, 75, 76, 77, 78
520, 504, 483, 475, 440, 417, 410, 384, 362, 343, 311, 304, 281, 261, 222, 206, 198, 168, 150, 149, 121, 96, 97, 75, 76, 77, 78, 79
520, 504, 483, 475, 440, 417, 410, 384, 362, 343, 311, 304, 281, 261, 222, 206, 198, 168, 150, 149, 121, 96, 97, 75, 76, 77, 78, 79, 80
520, 519, 518, 501, 480, 481, 447, 423, 424, 425, 396, 392, 353, 330, 325, 293, 271, 250, 232, 218, 189, 157, 140, 129, 105, 82, 81
520, 519, 518, 501, 480, 481, 447, 423, 424, 425, 396, 392, 353, 330, 325, 293, 271, 250, 232, 218, 189, 157, 140, 129, 105, 82
520, 504, 477, 443, 444, 420, 415, 389, 356, 355, 328, 327, 291, 274, 248, 230, 216, 185, 177, 138, 110, 107, 84, 83
520, 504, 477, 443, 444, 420, 415, 389, 356, 355, 328, 327, 291, 274, 248, 230, 216, 185, 177, 138, 110, 107, 84
520, 504, 477, 443, 444, 420, 415, 389, 357, 348, 306, 290, 275, 247, 229, 214, 184, 176, 137, 111, 109, 85
520, 504, 477, 443, 419, 414, 387, 358, 347, 307, 288, 277, 244, 227, 228, 213, 183, 175, 136, 113, 89, 86
520, 504, 477, 443, 419, 414, 387, 358, 347, 307, 288, 277, 244, 227, 212, 182, 173, 135, 114, 90, 87
520, 504, 477, 443, 419, 414, 387, 358, 347, 307, 288, 277, 244, 227, 212, 181, 172, 133, 115, 91, 88
520, 504, 477, 443, 419, 414, 387, 358, 347, 307, 288, 277, 244, 227, 228, 213, 183, 175, 136, 113, 89
520, 504, 477, 443, 419, 414, 387, 358, 347, 307, 288, 277, 244, 227, 212, 182, 173, 135, 114, 90
520, 504, 477, 443, 419, 414, 387, 358, 347, 307, 288, 277, 244, 227, 212, 181, 172, 133, 115, 91
520, 504, 477, 443, 419, 414, 387, 358, 347, 307, 288, 277, 244, 227, 212, 181, 172, 132, 116, 92
520, 504, 483, 475, 439, 418, 411, 385, 361, 344, 310, 305, 279, 263, 225, 207, 178, 170, 154, 117, 93
520, 504, 483, 475, 440, 417, 410, 384, 362, 343, 311, 304, 281, 261, 222, 206, 198, 169, 152, 119, 118, 94
520, 504, 483, 475, 440, 417, 410, 384, 362, 343, 311, 304, 281, 261, 222, 206, 198, 169, 151, 120, 95
520, 504, 483, 475, 440, 417, 410, 384, 362, 343, 311, 304, 281, 261, 222, 206, 198, 168, 150, 149, 121, 96
520, 504, 483, 475, 440, 417, 410, 384, 362, 343, 311, 304, 281, 261, 222, 206, 198, 168, 150, 149, 121, 96, 97
520, 504, 483, 475, 440, 417, 410, 384, 362, 343, 311, 304, 281, 261, 222, 206, 198, 168, 150, 149, 121, 96, 97, 98
520, 504, 483, 475, 440, 417, 410, 384, 362, 343, 311, 304, 281, 261, 222, 206, 198, 168, 150, 149, 121, 96, 97, 98, 99
