557, 541, 513, 514, 496, 463, 450, 427, 399, 373, 352, 331, 324, 293, 271, 250, 232, 217, 187, 186, 177, 138, 110, 108, 85, 49, 26, 0
557, 541, 513, 514, 496, 463, 450, 427, 399, 373, 352, 331, 324, 293, 271, 250, 232, 217, 187, 186, 177, 138, 110, 108, 85, 49, 26, 1
557, 541, 513, 514, 496, 463, 450, 427, 399, 373, 352, 331, 324, 293, 271, 250, 232, 217, 187, 186, 177, 138, 110, 108, 85, 49, 26, 2
557, 541, 513, 514, 496, 463, 450, 427, 399, 373, 352, 331, 324, 293, 271, 250, 232, 217, 187, 186, 177, 138, 110, 108, 85, 49, 26, 2, 3
557, 541, 513, 514, 496, 463, 450, 427, 399, 373, 352, 331, 324, 293, 271, 250, 232, 217, 187, 186, 177, 138, 110, 108, 85, 49, 26, 2, 3, 4
557, 541, 513, 514, 496, 463, 450, 427, 399, 373, 352, 331, 324, 293, 271, 250, 232, 217, 187, 186, 177, 138, 110, 108, 85, 49, 26, 2, 3, 4, 5
557, 541, 513, 514, 496, 463, 450, 427, 399, 373, 352, 331, 324, 293, 271, 250, 232, 217, 187, 186, 177, 138, 110, 108, 85, 49, 26, 2, 3, 4, 5, 6
557, 541, 513, 514, 496, 463, 450, 427, 399, 373, 352, 331, 324, 293, 272, 273, 249, 248, 247, 246, 228, 227, 212, 181, 172, 132, 116, 92, 69, 66, 44, 7
557, 541, 513, 514, 496, 463, 450, 427, 399, 373, 352, 331, 324, 293, 272, 273, 249, 248, 247, 246, 228, 227, 212, 181, 172, 132, 116, 92, 69, 66, 44, 8
557, 541, 513, 514, 496, 463, 450, 427, 399, 373, 352, 331, 324, 293, 272, 273, 249, 248, 247, 246, 228, 227, 212, 181, 172, 132, 116, 92, 69, 66, 44, 8, 9
557, 541, 513, 495, 464, 451, 428, 400, 401, 375, 371, 370, 369, 368, 367, 339, 317, 301, 284, 259, 241, 204, 196, 166, 149, 121, 96, 74, 61, 40, 11, 10
557, 541, 513, 495, 464, 451, 428, 400, 401, 375, 371, 370, 369, 368, 367, 339, 317, 301, 284, 259, 241, 204, 196, 166, 149, 121, 96, 74, 61, 40, 11
557, 541, 513, 495, 464, 451, 428, 400, 401, 375, 371, 336, 320, 298, 267, 255, 237, 199, 200, 194, 164, 165, 148, 122, 98, 75, 59, 37, 12
557, 541, 513, 495, 464, 451, 428, 400, 401, 375, 371, 336, 320, 298, 267, 255, 237, 199, 193, 163, 146, 124, 100, 77, 76, 58, 36, 13
557, 541, 513, 495, 464, 451, 428, 400, 401, 375, 371, 336, 320, 298, 267, 255, 237, 199, 193, 163, 146, 124, 100, 77, 57, 35, 14
557, 541, 513, 495, 464, 451, 428, 400, 374, 350, 333, 323, 295, 269, 253, 235, 220, 221, 192, 161, 144, 125, 101, 78, 56, 33, 15
557, 541, 513, 495, 464, 451, 428, 400, 374, 350, 333, 323, 295, 269, 253, 235, 220, 191, 160, 143, 126, 103, 80, 55, 32, 16
557, 541, 513, 495, 464, 451, 428, 400, 374, 350, 333, 323, 295, 269, 253, 235, 220, 191, 159, 142, 127, 104, 81, 54, 31, 17
557, 541, 513, 514, 496, 463, 450, 427, 399, 373, 352, 331, 324, 294, 270, 252, 233, 219, 190, 158, 141, 128, 105, 82, 53, 30, 18
557, 541, 513, 514, 496, 463, 450, 427, 399, 373, 352, 331, 324, 294, 270, 252, 233, 219, 190, 158, 141, 128, 105, 82, 53, 30, 19
557, 541, 513, 514, 496, 463, 450, 427, 399, 373, 352, 331, 324, 293, 271, 250, 232, 217, 187, 156, 139, 130, 106, 83, 52, 29, 20
557, 541, 513, 514, 496, 463, 450, 427, 399, 373, 352, 331, 324, 293, 271, 250, 232, 217, 187, 156, 139, 130, 106, 83, 52, 29, 28, 21
557, 541, 513, 514, 496, 463, 450, 427, 399, 373, 352, 331, 324, 293, 271, 250, 232, 217, 187, 186, 177, 138, 110, 108, 85, 49, 26, 2, 3, 4, 5, 22
557, 541, 513, 514, 496, 463, 450, 427, 399, 373, 352, 331, 324, 293, 271, 250, 232, 217, 187, 186, 177, 138, 110, 108, 85, 49, 48, 47, 24, 23
557, 541, 513, 514, 496, 463, 450, 427, 399, 373, 352, 331, 324, 293, 271, 250, 232, 217, 187, 186, 177, 138, 110, 108, 85, 49, 48, 47, 24
557, 541, 513, 514, 496, 463, 450, 427, 399, 373, 352, 331, 324, 293, 271, 250, 232, 217, 187, 186, 177, 138, 110, 108, 85, 49, 26, 25
557, 541, 513, 514, 496, 463, 450, 427, 399, 373, 352, 331, 324, 293, 271, 250, 232, 217, 187, 186, 177, 138, 110, 108, 85, 49, 26
557, 541, 513, 514, 496, 463, 450, 427, 399, 373, 352, 331, 324, 293, 271, 250, 232, 217, 187, 186, 177, 138, 110, 107, 84, 51, 27
557, 541, 513, 514, 496, 463, 450, 427, 399, 373, 352, 331, 324, 293, 271, 250, 232, 217, 187, 156, 139, 130, 106, 83, 52, 29, 28
557, 541, 513, 514, 496, 463, 450, 427, 399, 373, 352, 331, 324, 293, 271, 250, 232, 217, 187, 156, 139, 130, 106, 83, 52, 29
557, 541, 513, 514, 496, 463, 450, 427, 399, 373, 352, 331, 324, 294, 270, 252, 233, 219, 190, 158, 141, 128, 105, 82, 53, 30
557, 541, 513, 495, 464, 451, 428, 400, 374, 350, 333, 323, 295, 269, 253, 235, 220, 191, 159, 142, 127, 104, 81, 54, 31
557, 541, 513, 495, 464, 451, 428, 400, 374, 350, 333, 323, 295, 269, 253, 235, 220, 191, 160, 143, 126, 103, 80, 55, 32
557, 541, 513, 495, 464, 451, 428, 400, 374, 350, 333, 323, 295, 269, 253, 235, 220, 221, 192, 161, 144, 125, 101, 78, 56, 33
557, 541, 513, 495, 464, 451, 428, 400, 374, 350, 333, 323, 295, 269, 253, 235, 220, 221, 192, 161, 144, 125, 101, 78, 56, 34
557, 541, 513, 495, 464, 451, 428, 400, 401, 375, 371, 336, 320, 298, 267, 255, 237, 199, 193, 163, 146, 124, 100, 77, 57, 35
557, 541, 513, 495, 464, 451, 428, 400, 401, 375, 371, 336, 320, 298, 267, 255, 237, 199, 193, 163, 146, 124, 100, 77, 76, 58, 36
557, 541, 513, 495, 464, 451, 428, 400, 401, 375, 371, 336, 320, 298, 267, 255, 237, 199, 200, 194, 164, 165, 148, 122, 98, 75, 59, 37
557, 541, 513, 495, 464, 451, 428, 400, 401, 375, 371, 370, 369, 368, 367, 339, 317, 301, 284, 259, 241, 204, 196, 166, 149, 121, 96, 74, 60, 38
557, 541, 513, 495, 464, 451, 428, 400, 401, 375, 371, 370, 369, 368, 367, 339, 317, 301, 284, 259, 241, 204, 196, 166, 149, 121, 96, 74, 60, 38, 39
557, 541, 513, 495, 464, 451, 428, 400, 401, 375, 371, 370, 369, 368, 367, 339, 317, 301, 284, 259, 241, 204, 196, 166, 149, 121, 96, 74, 61, 40
557, 541, 513, 495, 464, 451, 428, 400, 401, 375, 371, 370, 369, 368, 367, 339, 317, 301, 284, 259, 241, 204, 196, 166, 149, 121, 96, 74, 61, 62, 41
557, 541, 513, 495, 464, 451, 428, 400, 401, 375, 371, 370, 369, 368, 367, 339, 317, 301, 284, 259, 241, 204, 196, 166, 149, 121, 96, 74, 61, 62, 41, 42
557, 541, 513, 495, 464, 451, 428, 400, 401, 375, 371, 370, 369, 368, 367, 339, 317, 301, 284, 259, 241, 204, 196, 166, 149, 121, 96, 74, 61, 62, 41, 42, 43
557, 541, 513, 514, 496, 463, 450, 427, 399, 373, 352, 331, 324, 293, 272, 273, 249, 248, 247, 246, 228, 227, 212, 181, 172, 132, 116, 92, 69, 66, 44
557, 541, 513, 514, 496, 463, 450, 427, 399, 373, 352, 331, 324, 293, 271, 250, 232, 217, 187, 186, 177, 138, 110, 108, 85, 49, 26, 2, 3, 4, 5, 22, 45
557, 541, 513, 514, 496, 463, 450, 427, 399, 373, 352, 331, 324, 293, 271, 250, 232, 217, 187, 186, 177, 138, 110, 108, 85, 49, 48, 47, 46
557, 541, 513, 514, 496, 463, 450, 427, 399, 373, 352, 331, 324, 293, 271, 250, 232, 217, 187, 186, 177, 138, 110, 108, 85, 49, 48, 47
557, 541, 513, 514, 496, 463, 450, 427, 399, 373, 352, 331, 324, 293, 271, 250, 232, 217, 187, 186, 177, 138, 110, 108, 85, 49, 48
557, 541, 513, 514, 496, 463, 450, 427, 399, 373, 352, 331, 324, 293, 271, 250, 232, 217, 187, 186, 177, 138, 110, 108, 85, 49
557, 541, 513, 514, 496, 463, 450, 427, 399, 373, 352, 331, 324, 293, 271, 250, 232, 217, 187, 186, 177, 138, 110, 107, 84, 50
557, 541, 513, 514, 496, 463, 450, 427, 399, 373, 352, 331, 324, 293, 271, 250, 232, 217, 187, 186, 177, 138, 110, 107, 84, 51
557, 541, 513, 514, 496, 463, 450, 427, 399, 373, 352, 331, 324, 293, 271, 250, 232, 217, 187, 156, 139, 130, 106, 83, 52
557, 541, 513, 514, 496, 463, 450, 427, 399, 373, 352, 331, 324, 294, 270, 252, 233, 219, 190, 158, 141, 128, 105, 82, 53
557, 541, 513, 495, 464, 451, 428, 400, 374, 350, 333, 323, 295, 269, 253, 235, 220, 191, 159, 142, 127, 104, 81, 54
557, 541, 513, 495, 464, 451, 428, 400, 374, 350, 333, 323, 295, 269, 253, 235, 220, 191, 160, 143, 126, 103, 80, 55
557, 541, 513, 495, 464, 451, 428, 400, 374, 350, 333, 323, 295, 269, 253, 235, 220, 221, 192, 161, 144, 125, 101, 78, 56
557, 541, 513, 495, 464, 451, 428, 400, 401, 375, 371, 336, 320, 298, 267, 255, 237, 199, 193, 163, 146, 124, 100, 77, 57
557, 541, 513, 495, 464, 451, 428, 400, 401, 375, 371, 336, 320, 298, 267, 255, 237, 199, 193, 163, 146, 124, 100, 77, 76, 58
557, 541, 513, 495, 464, 451, 428, 400, 401, 375, 371, 336, 320, 298, 267, 255, 237, 199, 200, 194, 164, 165, 148, 122, 98, 75, 59
557, 541, 513, 495, 464, 451, 428, 400, 401, 375, 371, 370, 369, 368, 367, 339, 317, 301, 284, 259, 241, 204, 196, 166, 149, 121, 96, 74, 60
557, 541, 513, 495, 464, 451, 428, 400, 401, 375, 371, 370, 369, 368, 367, 339, 317, 301, 284, 259, 241, 204, 196, 166, 149, 121, 96, 74, 61
557, 541, 513, 495, 464, 451, 428, 400, 401, 375, 371, 370, 369, 368, 367, 339, 317, 301, 284, 259, 241, 204, 196, 166, 149, 121, 96, 74, 61, 62
557, 541, 513, 495, 464, 451, 428, 400, 401, 375, 371, 370, 369, 368, 367, 339, 317, 301, 284, 259, 241, 204, 196, 166, 149, 121, 96, 74, 61, 62, 63
557, 541, 513, 495, 464, 451, 428, 400, 401, 375, 371, 370, 369, 368, 367, 339, 317, 301, 284, 259, 241, 204, 196, 166, 149, 121, 96, 74, 61, 62, 63, 64
557, 541, 513, 514, 496, 463, 450, 427, 399, 373, 352, 331, 324, 293, 272, 273, 249, 248, 247, 246, 228, 227, 212, 181, 172, 132, 116, 92, 69, 66, 65
557, 541, 513, 514, 496, 463, 450, 427, 399, 373, 352, 331, 324, 293, 272, 273, 249, 248, 247, 246, 228, 227, 212, 181, 172, 132, 116, 92, 69, 66
557, 541, 513, 514, 496, 463, 450, 427, 399, 373, 352, 331, 324, 293, 271, 250, 232, 217, 187, 186, 177, 138, 110, 108, 85, 49, 48, 47, 46, 67
557, 541, 513, 514, 496, 463, 450, 427, 399, 373, 352, 331, 324, 293, 271, 250, 232, 217, 187, 186, 177, 138, 110, 108, 85, 86, 87, 88, 68
557, 541, 513, 514, 496, 463, 450, 427, 399, 373, 352, 331, 324, 293, 272, 273, 249, 248, 247, 246, 228, 227, 212, 181, 172, 132, 116, 92, 69
557, 541, 513, 514, 496, 463, 450, 427, 399, 373, 352, 331, 324, 293, 272, 273, 249, 248, 247, 246, 228, 227, 212, 181, 172, 132, 116, 92, 69, 70
557, 541, 513, 514, 496, 463, 450, 427, 399, 373, 352, 331, 324, 293, 272, 273, 249, 248, 247, 246, 228, 227, 212, 181, 172, 132, 116, 92, 69, 70, 71
557, 541, 513, 495, 464, 451, 428, 400, 401, 375, 371, 370, 369, 368, 367, 339, 317, 301, 284, 259, 241, 204, 196, 166, 149, 121, 96, 74, 73, 72
557, 541, 513, 495, 464, 451, 428, 400, 401, 375, 371, 370, 369, 368, 367, 339, 317, 301, 284, 259, 241, 204, 196, 166, 149, 121, 96, 74, 73
557, 541, 513, 495, 464, 451, 428, 400, 401, 375, 371, 370, 369, 368, 367, 339, 317, 301, 284, 259, 241, 204, 196, 166, 149, 121, 96, 74
557, 541, 513, 495, 464, 451, 428, 400, 401, 375, 371, 336, 320, 298, 267, 255, 237, 199, 200, 194, 164, 165, 148, 122, 98, 75
557, 541, 513, 495, 464, 451, 428, 400, 401, 375, 371, 336, 320, 298, 267, 255, 237, 199, 193, 163, 146, 124, 100, 77, 76
557, 541, 513, 495, 464, 451, 428, 400, 401, 375, 371, 336, 320, 298, 267, 255, 237, 199, 193, 163, 146, 124, 100, 77
557, 541, 513, 495, 464, 451, 428, 400, 374, 350, 333, 323, 295, 269, 253, 235, 220, 221, 192, 161, 144, 125, 101, 78
557, 541, 513, 495, 464, 451, 428, 400, 374, 350, 333, 323, 295, 269, 253, 235, 220, 191, 160, 143, 126, 102, 79
557, 541, 513, 495, 464, 451, 428, 400, 374, 350, 333, 323, 295, 269, 253, 235, 220, 191, 160, 143, 126, 103, 80
557, 541, 513, 495, 464, 451, 428, 400, 374, 350, 333, 323, 295, 269, 253, 235, 220, 191, 159, 142, 127, 104, 81
557, 541, 513, 514, 496, 463, 450, 427, 399, 373, 352, 331, 324, 294, 270, 252, 233, 219, 190, 158, 141, 128, 105, 82
557, 541, 513, 514, 496, 463, 450, 427, 399, 373, 352, 331, 324, 293, 271, 250, 232, 217, 187, 156, 139, 130, 106, 83
557, 541, 513, 514, 496, 463, 450, 427, 399, 373, 352, 331, 324, 293, 271, 250, 232, 217, 187, 186, 177, 138, 110, 107, 84
557, 541, 513, 514, 496, 463, 450, 427, 399, 373, 352, 331, 324, 293, 271, 250, 232, 217, 187, 186, 177, 138, 110, 108, 85
557, 541, 513, 514, 496, 463, 450, 427, 399, 373, 352, 331, 324, 293, 271, 250, 232, 217, 187, 186, 177, 138, 110, 108, 85, 86
557, 541, 513, 514, 496, 463, 450, 427, 399, 373, 352, 331, 324, 293, 271, 250, 232, 217, 187, 186, 177, 138, 110, 108, 85, 86, 87
557, 541, 513, 514, 496, 463, 450, 427, 399, 373, 352, 331, 324, 293, 271, 250, 232, 217, 187, 186, 177, 138, 110, 108, 85, 86, 87, 88
557, 541, 513, 514, 496, 463, 450, 427, 399, 373, 352, 331, 324, 293, 271, 250, 232, 217, 187, 186, 177, 138, 110, 108, 109, 89
557, 541, 513, 514, 496, 463, 450, 427, 399, 373, 352, 331, 324, 293, 271, 250, 232, 217, 187, 186, 177, 138, 110, 108, 109, 89, 90
557, 541, 513, 514, 496, 463, 450, 427, 399, 373, 352, 331, 324, 293, 271, 250, 232, 217, 187, 186, 177, 138, 110, 108, 109, 89, 90, 91
557, 541, 513, 514, 496, 463, 450, 427, 399, 373, 352, 331, 324, 293, 272, 273, 249, 248, 247, 246, 228, 227, 212, 181, 172, 132, 116, 92
557, 541, 513, 514, 496, 463, 450, 427, 399, 373, 352, 331, 324, 293, 272, 273, 249, 248, 247, 246, 228, 227, 212, 181, 172, 132, 116, 92, 93
557, 541, 513, 495, 464, 451, 428, 400, 401, 375, 371, 370, 369, 368, 367, 339, 317, 301, 284, 259, 241, 204, 196, 166, 149, 121, 96, 95, 94
557, 541, 513, 495, 464, 451, 428, 400, 401, 375, 371, 370, 369, 368, 367, 339, 317, 301, 284, 259, 241, 204, 196, 166, 149, 121, 96, 95
557, 541, 513, 495, 464, 451, 428, 400, 401, 375, 371, 370, 369, 368, 367, 339, 317, 301, 284, 259, 241, 204, 196, 166, 149, 121, 96
557, 541, 513, 495, 464, 451, 428, 400, 401, 375, 371, 336, 320, 298, 267, 255, 237, 199, 200, 194, 164, 165, 148, 122, 97
557, 541, 513, 495, 464, 451, 428, 400, 401, 375, 371, 336, 320, 298, 267, 255, 237, 199, 200, 194, 164, 165, 148, 122, 98
557, 541, 513, 495, 464, 451, 428, 400, 401, 375, 371, 336, 320, 298, 267, 255, 237, 199, 200, 194, 164, 147, 123, 99
