621, 622, 590, 576, 567, 530, 523, 484, 474, 441, 416, 410, 411, 385, 360, 345, 309, 285, 278, 264, 226, 227, 228, 213, 183, 184, 176, 137, 111, 109, 85, 49, 26, 0
621, 622, 590, 576, 567, 530, 523, 484, 474, 441, 416, 410, 411, 385, 360, 345, 309, 285, 278, 264, 226, 227, 228, 213, 183, 184, 176, 137, 111, 109, 85, 49, 26, 1
621, 622, 590, 576, 567, 530, 523, 484, 474, 441, 416, 410, 411, 385, 360, 345, 309, 285, 278, 264, 226, 227, 228, 213, 183, 175, 136, 113, 89, 86, 48, 25, 3, 2
621, 622, 590, 576, 567, 530, 523, 484, 474, 441, 416, 410, 411, 385, 360, 345, 309, 285, 278, 264, 226, 227, 228, 213, 183, 175, 136, 113, 89, 86, 48, 25, 3
621, 622, 590, 576, 567, 530, 523, 484, 474, 441, 416, 410, 411, 385, 360, 345, 309, 285, 278, 264, 226, 227, 212, 182, 173, 135, 114, 90, 87, 47, 24, 4
621, 622, 590, 576, 567, 530, 523, 484, 474, 441, 416, 410, 411, 385, 360, 345, 309, 285, 278, 264, 226, 211, 180, 172, 133, 115, 91, 88, 67, 23, 5
621, 591, 575, 568, 528, 524, 485, 473, 461, 438, 409, 384, 362, 361, 344, 310, 305, 279, 263, 225, 208, 179, 171, 155, 116, 92, 69, 66, 45, 6
621, 591, 575, 568, 528, 524, 485, 473, 461, 437, 408, 383, 363, 342, 311, 304, 281, 261, 222, 206, 198, 169, 152, 119, 118, 117, 93, 71, 65, 44, 7
621, 591, 575, 568, 528, 524, 485, 473, 461, 437, 408, 383, 363, 342, 311, 304, 281, 261, 222, 206, 198, 169, 152, 119, 118, 94, 72, 63, 43, 9, 8
621, 591, 575, 568, 528, 524, 485, 473, 461, 437, 408, 383, 363, 342, 311, 304, 281, 261, 222, 206, 198, 169, 152, 119, 118, 94, 72, 63, 43, 9
621, 591, 575, 568, 528, 524, 485, 473, 461, 437, 408, 383, 363, 342, 311, 304, 281, 261, 222, 206, 198, 169, 151, 120, 95, 73, 62, 41, 10
621, 591, 575, 568, 528, 524, 485, 473, 461, 437, 408, 383, 363, 342, 311, 304, 281, 261, 222, 206, 198, 169, 151, 120, 95, 73, 62, 61, 40, 11
621, 591, 575, 568, 528, 524, 485, 473, 461, 437, 408, 383, 363, 342, 311, 304, 281, 261, 222, 206, 198, 169, 151, 120, 95, 73, 74, 60, 38, 12
621, 591, 575, 568, 528, 524, 485, 473, 461, 437, 408, 383, 363, 342, 311, 304, 281, 261, 222, 206, 198, 169, 151, 120, 95, 73, 74, 60, 38, 12, 13
621, 593, 574, 548, 525, 506, 488, 470, 458, 434, 405, 380, 365, 340, 316, 301, 284, 259, 241, 203, 202, 195, 165, 164, 147, 123, 99, 76, 57, 35, 14
621, 593, 574, 548, 525, 506, 488, 470, 458, 434, 405, 380, 365, 340, 316, 301, 284, 259, 241, 203, 202, 195, 165, 164, 147, 123, 99, 76, 57, 35, 34, 15
621, 593, 574, 548, 525, 506, 488, 470, 458, 434, 405, 380, 365, 340, 316, 301, 284, 259, 241, 203, 202, 195, 165, 164, 147, 123, 99, 76, 57, 35, 34, 15, 16
621, 593, 574, 548, 525, 506, 488, 470, 458, 434, 405, 380, 365, 340, 316, 301, 284, 259, 241, 203, 202, 195, 165, 164, 147, 123, 99, 76, 57, 35, 34, 15, 16, 17
621, 593, 574, 573, 572, 551, 545, 544, 543, 511, 494, 465, 452, 428, 400, 374, 350, 333, 323, 295, 269, 270, 252, 233, 219, 190, 158, 141, 128, 105, 82, 53, 30, 18
621, 593, 574, 573, 572, 551, 545, 544, 543, 511, 494, 465, 452, 428, 400, 374, 350, 333, 323, 295, 269, 270, 252, 233, 219, 190, 158, 141, 128, 105, 82, 53, 30, 19
621, 593, 574, 573, 572, 551, 545, 544, 543, 511, 494, 465, 452, 428, 400, 374, 350, 333, 323, 295, 269, 270, 252, 233, 219, 190, 158, 141, 128, 105, 82, 53, 30, 19, 20
621, 622, 590, 576, 567, 530, 523, 484, 474, 441, 440, 439, 418, 413, 386, 387, 358, 347, 348, 306, 290, 291, 274, 248, 230, 216, 185, 177, 138, 110, 107, 84, 51, 27, 21
621, 622, 590, 576, 567, 530, 523, 484, 474, 441, 416, 410, 411, 385, 360, 345, 309, 285, 278, 264, 226, 211, 180, 172, 133, 115, 91, 88, 67, 22
621, 622, 590, 576, 567, 530, 523, 484, 474, 441, 416, 410, 411, 385, 360, 345, 309, 285, 278, 264, 226, 211, 180, 172, 133, 115, 91, 88, 67, 23
621, 622, 590, 576, 567, 530, 523, 484, 474, 441, 416, 410, 411, 385, 360, 345, 309, 285, 278, 264, 226, 227, 212, 182, 173, 135, 114, 90, 87, 47, 24
621, 622, 590, 576, 567, 530, 523, 484, 474, 441, 416, 410, 411, 385, 360, 345, 309, 285, 278, 264, 226, 227, 228, 213, 183, 175, 136, 113, 89, 86, 48, 25
621, 622, 590, 576, 567, 530, 523, 484, 474, 441, 416, 410, 411, 385, 360, 345, 309, 285, 278, 264, 226, 227, 228, 213, 183, 184, 176, 137, 111, 109, 85, 49, 26
621, 622, 590, 576, 567, 530, 523, 484, 474, 441, 440, 439, 418, 413, 386, 387, 358, 347, 348, 306, 290, 291, 274, 248, 230, 216, 185, 177, 138, 110, 107, 84, 51, 27
621, 622, 590, 576, 567, 530, 523, 484, 474, 441, 440, 439, 418, 413, 386, 387, 358, 347, 348, 306, 290, 291, 274, 248, 230, 216, 185, 177, 138, 110, 107, 84, 51, 28
621, 593, 574, 573, 572, 551, 545, 544, 543, 511, 494, 465, 452, 428, 400, 374, 351, 332, 331, 324, 293, 271, 250, 232, 217, 187, 156, 139, 130, 106, 83, 52, 29
621, 593, 574, 573, 572, 551, 545, 544, 543, 511, 494, 465, 452, 428, 400, 374, 350, 333, 323, 295, 269, 270, 252, 233, 219, 190, 158, 141, 128, 105, 82, 53, 30
621, 593, 574, 548, 525, 506, 488, 470, 458, 434, 405, 380, 365, 340, 316, 301, 284, 259, 241, 203, 202, 195, 165, 164, 163, 146, 124, 100, 101, 102, 80, 55, 54, 31
621, 593, 574, 548, 525, 506, 488, 470, 458, 434, 405, 380, 365, 340, 316, 301, 284, 259, 241, 203, 202, 195, 165, 164, 147, 123, 99, 76, 57, 35, 34, 33, 32
621, 593, 574, 548, 525, 506, 488, 470, 458, 434, 405, 380, 365, 340, 316, 301, 284, 259, 241, 203, 202, 195, 165, 164, 147, 123, 99, 76, 57, 35, 34, 33
621, 593, 574, 548, 525, 506, 488, 470, 458, 434, 405, 380, 365, 340, 316, 301, 284, 259, 241, 203, 202, 195, 165, 164, 147, 123, 99, 76, 57, 35, 34
621, 593, 574, 548, 525, 506, 488, 470, 458, 434, 405, 380, 365, 340, 316, 301, 284, 259, 241, 203, 202, 195, 165, 164, 147, 123, 99, 76, 57, 35
621, 591, 575, 568, 528, 524, 485, 473, 461, 437, 408, 383, 363, 342, 311, 304, 281, 261, 222, 206, 198, 168, 150, 149, 121, 96, 97, 75, 59, 58, 36
621, 591, 575, 568, 528, 524, 485, 473, 461, 437, 408, 383, 363, 342, 311, 304, 281, 261, 222, 206, 198, 168, 150, 149, 121, 96, 97, 75, 59, 37
621, 591, 575, 568, 528, 524, 485, 473, 461, 437, 408, 383, 363, 342, 311, 304, 281, 261, 222, 206, 198, 169, 151, 120, 95, 73, 74, 60, 38
621, 591, 575, 568, 528, 524, 485, 473, 461, 437, 408, 383, 363, 342, 311, 304, 281, 261, 222, 206, 198, 169, 151, 120, 95, 73, 62, 61, 39
621, 591, 575, 568, 528, 524, 485, 473, 461, 437, 408, 383, 363, 342, 311, 304, 281, 261, 222, 206, 198, 169, 151, 120, 95, 73, 62, 61, 40
621, 591, 575, 568, 528, 524, 485, 473, 461, 437, 408, 383, 363, 342, 311, 304, 281, 261, 222, 206, 198, 169, 151, 120, 95, 73, 62, 41
621, 591, 575, 568, 528, 524, 485, 473, 461, 437, 408, 383, 363, 342, 311, 304, 281, 261, 222, 206, 198, 169, 151, 120, 95, 73, 62, 41, 42
621, 591, 575, 568, 528, 524, 485, 473, 461, 437, 408, 383, 363, 342, 311, 304, 281, 261, 222, 206, 198, 169, 152, 119, 118, 94, 72, 63, 43
621, 591, 575, 568, 528, 524, 485, 473, 461, 437, 408, 383, 363, 342, 311, 304, 281, 261, 222, 206, 198, 169, 152, 119, 118, 117, 93, 71, 65, 44
621, 591, 575, 568, 528, 524, 485, 473, 461, 438, 409, 384, 362, 361, 344, 310, 305, 279, 263, 225, 208, 179, 171, 155, 116, 92, 69, 66, 45
621, 622, 590, 576, 567, 530, 523, 484, 474, 441, 416, 410, 411, 385, 360, 345, 309, 285, 278, 264, 226, 227, 212, 182, 173, 135, 114, 90, 87, 46
621, 622, 590, 576, 567, 530, 523, 484, 474, 441, 416, 410, 411, 385, 360, 345, 309, 285, 278, 264, 226, 227, 212, 182, 173, 135, 114, 90, 87, 47
621, 622, 590, 576, 567, 530, 523, 484, 474, 441, 416, 410, 411, 385, 360, 345, 309, 285, 278, 264, 226, 227, 228, 213, 183, 175, 136, 113, 89, 86, 48
621, 622, 590, 576, 567, 530, 523, 484, 474, 441, 416, 410, 411, 385, 360, 345, 309, 285, 278, 264, 226, 227, 228, 213, 183, 184, 176, 137, 111, 109, 85, 49
621, 622, 590, 576, 567, 530, 523, 484, 474, 441, 416, 410, 411, 385, 360, 345, 309, 285, 278, 264, 226, 227, 228, 213, 183, 184, 176, 137, 111, 109, 85, 49, 50
621, 622, 590, 576, 567, 530, 523, 484, 474, 441, 440, 439, 418, 413, 386, 387, 358, 347, 348, 306, 290, 291, 274, 248, 230, 216, 185, 177, 138, 110, 107, 84, 51
621, 593, 574, 573, 572, 551, 545, 544, 543, 511, 494, 465, 452, 428, 400, 374, 351, 332, 331, 324, 293, 271, 250, 232, 217, 187, 156, 139, 130, 106, 83, 52
621, 593, 574, 573, 572, 551, 545, 544, 543, 511, 494, 465, 452, 428, 400, 374, 350, 333, 323, 295, 269, 270, 252, 233, 219, 190, 158, 141, 128, 105, 82, 53
621, 593, 574, 548, 525, 506, 488, 470, 458, 434, 405, 380, 365, 340, 316, 301, 284, 259, 241, 203, 202, 195, 165, 164, 163, 146, 124, 100, 101, 102, 80, 55, 54
621, 593, 574, 548, 525, 506, 488, 470, 458, 434, 405, 380, 365, 340, 316, 301, 284, 259, 241, 203, 202, 195, 165, 164, 163, 146, 124, 100, 101, 102, 80, 55
621, 593, 574, 548, 525, 506, 488, 470, 458, 434, 405, 380, 365, 340, 316, 301, 284, 259, 241, 203, 202, 195, 165, 164, 147, 123, 99, 76, 57, 56
621, 593, 574, 548, 525, 506, 488, 470, 458, 434, 405, 380, 365, 340, 316, 301, 284, 259, 241, 203, 202, 195, 165, 164, 147, 123, 99, 76, 57
621, 591, 575, 568, 528, 524, 485, 473, 461, 437, 408, 383, 363, 342, 311, 304, 281, 261, 222, 206, 198, 168, 150, 149, 121, 96, 97, 75, 59, 58
621, 591, 575, 568, 528, 524, 485, 473, 461, 437, 408, 383, 363, 342, 311, 304, 281, 261, 222, 206, 198, 168, 150, 149, 121, 96, 97, 75, 59
621, 591, 575, 568, 528, 524, 485, 473, 461, 437, 408, 383, 363, 342, 311, 304, 281, 261, 222, 206, 198, 169, 151, 120, 95, 73, 74, 60
621, 591, 575, 568, 528, 524, 485, 473, 461, 437, 408, 383, 363, 342, 311, 304, 281, 261, 222, 206, 198, 169, 151, 120, 95, 73, 62, 61
621, 591, 575, 568, 528, 524, 485, 473, 461, 437, 408, 383, 363, 342, 311, 304, 281, 261, 222, 206, 198, 169, 151, 120, 95, 73, 62
621, 591, 575, 568, 528, 524, 485, 473, 461, 437, 408, 383, 363, 342, 311, 304, 281, 261, 222, 206, 198, 169, 152, 119, 118, 94, 72, 63
621, 591, 575, 568, 528, 524, 485, 473, 461, 437, 408, 383, 363, 342, 311, 304, 281, 261, 222, 206, 198, 169, 152, 119, 118, 94, 72, 64
621, 591, 575, 568, 528, 524, 485, 473, 461, 437, 408, 383, 363, 342, 311, 304, 281, 261, 222, 206, 198, 169, 152, 119, 118, 117, 93, 71, 65
621, 591, 575, 568, 528, 524, 485, 473, 461, 438, 409, 384, 362, 361, 344, 310, 305, 279, 263, 225, 208, 179, 171, 155, 116, 92, 69, 66
621, 622, 590, 576, 567, 530, 523, 484, 474, 441, 416, 410, 411, 385, 360, 345, 309, 285, 278, 264, 226, 211, 180, 172, 133, 115, 91, 88, 67
621, 591, 575, 568, 528, 524, 485, 473, 461, 438, 409, 384, 362, 361, 344, 310, 305, 279, 263, 225, 208, 179, 171, 155, 116, 92, 69, 68
621, 591, 575, 568, 528, 524, 485, 473, 461, 438, 409, 384, 362, 361, 344, 310, 305, 279, 263, 225, 208, 179, 171, 155, 116, 92, 69
621, 591, 575, 568, 528, 524, 485, 473, 461, 437, 408, 383, 363, 342, 311, 304, 281, 261, 222, 206, 198, 169, 152, 119, 118, 117, 93, 70
621, 591, 575, 568, 528, 524, 485, 473, 461, 437, 408, 383, 363, 342, 311, 304, 281, 261, 222, 206, 198, 169, 152, 119, 118, 117, 93, 71
621, 591, 575, 568, 528, 524, 485, 473, 461, 437, 408, 383, 363, 342, 311, 304, 281, 261, 222, 206, 198, 169, 152, 119, 118, 94, 72
621, 591, 575, 568, 528, 524, 485, 473, 461, 437, 408, 383, 363, 342, 311, 304, 281, 261, 222, 206, 198, 169, 151, 120, 95, 73
621, 591, 575, 568, 528, 524, 485, 473, 461, 437, 408, 383, 363, 342, 311, 304, 281, 261, 222, 206, 198, 169, 151, 120, 95, 73, 74
621, 591, 575, 568, 528, 524, 485, 473, 461, 437, 408, 383, 363, 342, 311, 304, 281, 261, 222, 206, 198, 168, 150, 149, 121, 96, 97, 75
621, 593, 574, 548, 525, 506, 488, 470, 458, 434, 405, 380, 365, 340, 316, 301, 284, 259, 241, 203, 202, 195, 165, 164, 147, 123, 99, 76
621, 593, 574, 548, 525, 506, 488, 470, 458, 434, 405, 380, 365, 340, 316, 301, 284, 259, 241, 203, 202, 195, 165, 164, 147, 123, 99, 76, 77
621, 593, 574, 548, 525, 506, 488, 470, 458, 434, 405, 380, 365, 340, 316, 301, 284, 259, 241, 203, 202, 195, 165, 164, 147, 123, 99, 76, 77, 78
621, 593, 574, 548, 525, 506, 488, 470, 458, 434, 405, 380, 365, 340, 316, 301, 284, 259, 241, 203, 202, 195, 165, 164, 147, 123, 99, 76, 77, 78, 79
621, 593, 574, 548, 525, 506, 488, 470, 458, 434, 405, 380, 365, 340, 316, 301, 284, 259, 241, 203, 202, 195, 165, 164, 163, 146, 124, 100, 101, 102, 80
621, 593, 574, 573, 572, 551, 545, 544, 509, 493, 466, 454, 429, 401, 375, 349, 335, 322, 296, 268, 253, 235, 220, 191, 159, 142, 127, 104, 81
621, 593, 574, 573, 572, 551, 545, 544, 543, 511, 494, 465, 452, 428, 400, 374, 350, 333, 323, 295, 269, 270, 252, 233, 219, 190, 158, 141, 128, 105, 82
621, 593, 574, 573, 572, 551, 545, 544, 543, 511, 494, 465, 452, 428, 400, 374, 351, 332, 331, 324, 293, 271, 250, 232, 217, 187, 156, 139, 130, 106, 83
621, 622, 590, 576, 567, 530, 523, 484, 474, 441, 440, 439, 418, 413, 386, 387, 358, 347, 348, 306, 290, 291, 274, 248, 230, 216, 185, 177, 138, 110, 107, 84
621, 622, 590, 576, 567, 530, 523, 484, 474, 441, 416, 410, 411, 385, 360, 345, 309, 285, 278, 264, 226, 227, 228, 213, 183, 184, 176, 137, 111, 109, 85
621, 622, 590, 576, 567, 530, 523, 484, 474, 441, 416, 410, 411, 385, 360, 345, 309, 285, 278, 264, 226, 227, 228, 213, 183, 175, 136, 113, 89, 86
621, 622, 590, 576, 567, 530, 523, 484, 474, 441, 416, 410, 411, 385, 360, 345, 309, 285, 278, 264, 226, 227, 212, 182, 173, 135, 114, 90, 87
621, 622, 590, 576, 567, 530, 523, 484, 474, 441, 416, 410, 411, 385, 360, 345, 309, 285, 278, 264, 226, 211, 180, 172, 133, 115, 91, 88
621, 622, 590, 576, 567, 530, 523, 484, 474, 441, 416, 410, 411, 385, 360, 345, 309, 285, 278, 264, 226, 227, 228, 213, 183, 175, 136, 113, 89
621, 622, 590, 576, 567, 530, 523, 484, 474, 441, 416, 410, 411, 385, 360, 345, 309, 285, 278, 264, 226, 227, 212, 182, 173, 135, 114, 90
621, 622, 590, 576, 567, 530, 523, 484, 474, 441, 416, 410, 411, 385, 360, 345, 309, 285, 278, 264, 226, 211, 180, 172, 133, 115, 91
621, 591, 575, 568, 528, 524, 485, 473, 461, 438, 409, 384, 362, 361, 344, 310, 305, 279, 263, 225, 208, 179, 171, 155, 116, 92
621, 591, 575, 568, 528, 524, 485, 473, 461, 437, 408, 383, 363, 342, 311, 304, 281, 261, 222, 206, 198, 169, 152, 119, 118, 117, 93
621, 591, 575, 568, 528, 524, 485, 473, 461, 437, 408, 383, 363, 342, 311, 304, 281, 261, 222, 206, 198, 169, 152, 119, 118, 94
621, 591, 575, 568, 528, 524, 485, 473, 461, 437, 408, 383, 363, 342, 311, 304, 281, 261, 222, 206, 198, 169, 151, 120, 95
621, 591, 575, 568, 528, 524, 485, 473, 461, 437, 408, 383, 363, 342, 311, 304, 281, 261, 222, 206, 198, 168, 150, 149, 121, 96
621, 591, 575, 568, 528, 524, 485, 473, 461, 437, 408, 383, 363, 342, 311, 304, 281, 261, 222, 206, 198, 168, 150, 149, 121, 96, 97
621, 591, 575, 568, 528, 524, 485, 473, 461, 437, 408, 383, 363, 342, 311, 304, 281, 261, 222, 206, 198, 168, 150, 149, 121, 96, 97, 98
621, 593, 574, 548, 525, 506, 488, 470, 458, 434, 405, 380, 365, 340, 316, 301, 284, 259, 241, 203, 202, 195, 165, 164, 147, 123, 99
