1105, 1106, 1134, 1137, 1177, 1183, 1204, 1237, 1261, 1260, 1265, 1300, 1315, 1335, 1362, 1373, 1387, 1417, 1430, 1465, 1484, 1493, 1511, 1553, 0
1105, 1106, 1134, 1137, 1177, 1183, 1204, 1237, 1261, 1260, 1265, 1300, 1315, 1335, 1362, 1373, 1387, 1417, 1430, 1465, 1484, 1493, 1511, 1553, 1
1105, 1106, 1134, 1137, 1177, 1183, 1204, 1237, 1261, 1260, 1265, 1300, 1315, 1335, 1362, 1373, 1387, 1417, 1430, 1465, 1484, 1493, 1511, 1552, 2
1105, 1106, 1134, 1137, 1177, 1183, 1204, 1237, 1261, 1260, 1265, 1300, 1315, 1335, 1362, 1373, 1387, 1417, 1430, 1465, 1484, 1493, 1511, 1552, 2, 3
1105, 1106, 1134, 1137, 1177, 1183, 1204, 1237, 1261, 1260, 1265, 1300, 1315, 1335, 1362, 1373, 1387, 1417, 1430, 1465, 1484, 1493, 1511, 1552, 2, 3, 4
1105, 1106, 1134, 1137, 1177, 1183, 1204, 1237, 1261, 1260, 1265, 1300, 1315, 1335, 1362, 1373, 1387, 1417, 1430, 1465, 1484, 1493, 1494, 1495, 1510, 1509, 1508, 1549, 5
1105, 1106, 1134, 1137, 1177, 1183, 1204, 1237, 1261, 1260, 1265, 1300, 1315, 1335, 1362, 1373, 1387, 1386, 1385, 1384, 1414, 1427, 1447, 1481, 1497, 1531, 1547, 6
1105, 1106, 1134, 1137, 1177, 1183, 1204, 1237, 1261, 1260, 1265, 1300, 1315, 1335, 1362, 1373, 1387, 1386, 1385, 1384, 1414, 1413, 1426, 1448, 1480, 1498, 1529, 1546, 7
1105, 1106, 1134, 1137, 1177, 1183, 1204, 1237, 1261, 1260, 1265, 1300, 1315, 1335, 1362, 1373, 1387, 1386, 1385, 1384, 1414, 1413, 1426, 1448, 1480, 1498, 1529, 1546, 7, 8
1105, 1106, 1107, 1135, 1139, 1176, 1182, 1203, 1236, 1259, 1266, 1298, 1313, 1337, 1343, 1344, 1345, 1369, 1403, 1412, 1444, 1449, 1478, 1477, 1500, 1526, 1544, 9
1105, 1106, 1134, 1137, 1177, 1184, 1205, 1238, 1262, 1264, 1282, 1283, 1320, 1330, 1356, 1379, 1393, 1424, 1435, 1459, 1471, 1472, 1506, 1521, 1522, 1542, 11, 10
1105, 1106, 1134, 1137, 1177, 1184, 1205, 1238, 1262, 1264, 1282, 1283, 1320, 1330, 1356, 1379, 1393, 1424, 1435, 1459, 1471, 1472, 1506, 1521, 1522, 1542, 11
1105, 1106, 1134, 1137, 1177, 1184, 1205, 1238, 1262, 1264, 1282, 1283, 1320, 1330, 1356, 1379, 1393, 1424, 1435, 1459, 1471, 1472, 1506, 1521, 1540, 13, 12
1105, 1106, 1134, 1137, 1177, 1184, 1205, 1238, 1262, 1264, 1282, 1283, 1320, 1330, 1356, 1379, 1393, 1424, 1435, 1459, 1471, 1472, 1506, 1521, 1540, 13
1105, 1106, 1134, 1137, 1177, 1184, 1205, 1238, 1262, 1264, 1282, 1283, 1320, 1330, 1356, 1379, 1393, 1424, 1435, 1459, 1471, 1507, 1520, 1539, 14
1105, 1106, 1134, 1137, 1177, 1184, 1205, 1238, 1262, 1264, 1282, 1283, 1319, 1331, 1357, 1378, 1391, 1422, 1434, 1461, 1469, 1487, 1517, 1538, 15
1105, 1106, 1134, 1137, 1177, 1184, 1205, 1238, 1262, 1264, 1282, 1283, 1319, 1331, 1357, 1378, 1391, 1422, 1434, 1461, 1469, 1487, 1517, 1537, 16
1105, 1106, 1134, 1137, 1177, 1184, 1205, 1238, 1262, 1264, 1282, 1283, 1319, 1331, 1357, 1378, 1391, 1422, 1434, 1461, 1468, 1489, 1516, 1536, 17
1105, 1106, 1134, 1137, 1177, 1184, 1205, 1238, 1262, 1264, 1282, 1317, 1332, 1358, 1376, 1390, 1419, 1432, 1462, 1467, 1490, 1515, 1535, 18
1105, 1106, 1134, 1137, 1177, 1184, 1205, 1238, 1262, 1264, 1282, 1317, 1332, 1358, 1376, 1390, 1419, 1432, 1463, 1466, 1491, 1514, 1533, 19
1105, 1106, 1134, 1137, 1177, 1184, 1205, 1238, 1262, 1264, 1282, 1317, 1332, 1358, 1376, 1390, 1419, 1432, 1463, 1466, 1491, 1513, 1532, 20
1105, 1106, 1134, 1137, 1177, 1184, 1205, 1238, 1262, 1264, 1282, 1317, 1332, 1358, 1376, 1390, 1419, 1432, 1462, 1467, 1490, 1515, 1535, 18, 21
1105, 1106, 1134, 1137, 1177, 1184, 1205, 1238, 1262, 1264, 1282, 1317, 1332, 1358, 1376, 1390, 1419, 1432, 1463, 1466, 1491, 1514, 1533, 19, 22
1105, 1106, 1134, 1137, 1177, 1184, 1205, 1238, 1262, 1264, 1282, 1317, 1332, 1358, 1376, 1390, 1419, 1432, 1463, 1466, 1491, 1513, 1532, 20, 23
1105, 1106, 1134, 1137, 1177, 1183, 1204, 1237, 1261, 1260, 1265, 1300, 1315, 1335, 1362, 1373, 1387, 1417, 1430, 1465, 1484, 1493, 1511, 1553, 1, 24
1105, 1106, 1134, 1137, 1177, 1183, 1204, 1237, 1261, 1260, 1265, 1300, 1315, 1335, 1362, 1373, 1387, 1417, 1430, 1465, 1484, 1493, 1511, 1552, 2, 3, 25
1105, 1106, 1134, 1137, 1177, 1183, 1204, 1237, 1261, 1260, 1265, 1300, 1315, 1335, 1362, 1373, 1387, 1417, 1430, 1465, 1484, 1493, 1511, 1552, 2, 3, 25, 26
1105, 1106, 1134, 1137, 1177, 1183, 1204, 1237, 1261, 1260, 1265, 1300, 1315, 1335, 1362, 1373, 1387, 1417, 1430, 1465, 1484, 1493, 1511, 1552, 2, 3, 25, 26, 27
1105, 1106, 1134, 1137, 1177, 1183, 1204, 1237, 1261, 1260, 1265, 1300, 1315, 1335, 1362, 1373, 1387, 1386, 1385, 1384, 1414, 1427, 1447, 1481, 1497, 1531, 1547, 6, 28
1105, 1106, 1134, 1137, 1177, 1183, 1204, 1237, 1261, 1260, 1265, 1300, 1315, 1335, 1362, 1373, 1387, 1386, 1385, 1384, 1414, 1413, 1426, 1448, 1480, 1498, 1529, 1546, 7, 29
1105, 1106, 1134, 1137, 1177, 1183, 1204, 1237, 1261, 1260, 1265, 1300, 1315, 1335, 1362, 1373, 1387, 1386, 1385, 1384, 1414, 1413, 1426, 1448, 1480, 1498, 1529, 1546, 7, 30
1105, 1106, 1134, 1137, 1177, 1183, 1204, 1237, 1261, 1260, 1265, 1300, 1315, 1335, 1362, 1373, 1387, 1386, 1385, 1384, 1414, 1413, 1426, 1448, 1480, 1498, 1529, 1546, 7, 30, 31
1105, 1106, 1107, 1135, 1139, 1176, 1182, 1203, 1236, 1259, 1266, 1298, 1313, 1337, 1343, 1344, 1345, 1369, 1403, 1412, 1444, 1449, 1478, 1477, 1500, 1526, 1544, 9, 32
1105, 1106, 1134, 1137, 1177, 1184, 1205, 1238, 1262, 1264, 1282, 1283, 1320, 1330, 1356, 1379, 1393, 1424, 1435, 1459, 1471, 1472, 1506, 1521, 1540, 13, 36, 35, 34, 33
1105, 1106, 1134, 1137, 1177, 1184, 1205, 1238, 1262, 1264, 1282, 1283, 1320, 1330, 1356, 1379, 1393, 1424, 1435, 1459, 1471, 1472, 1506, 1521, 1540, 13, 36, 35, 34
1105, 1106, 1134, 1137, 1177, 1184, 1205, 1238, 1262, 1264, 1282, 1283, 1320, 1330, 1356, 1379, 1393, 1424, 1435, 1459, 1471, 1472, 1506, 1521, 1540, 13, 36, 35
1105, 1106, 1134, 1137, 1177, 1184, 1205, 1238, 1262, 1264, 1282, 1283, 1320, 1330, 1356, 1379, 1393, 1424, 1435, 1459, 1471, 1472, 1506, 1521, 1540, 13, 36
1105, 1106, 1134, 1137, 1177, 1184, 1205, 1238, 1262, 1264, 1282, 1283, 1320, 1330, 1356, 1379, 1393, 1424, 1435, 1459, 1471, 1507, 1520, 1539, 14, 37
1105, 1106, 1134, 1137, 1177, 1184, 1205, 1238, 1262, 1264, 1282, 1283, 1319, 1331, 1357, 1378, 1391, 1422, 1434, 1461, 1469, 1487, 1517, 1538, 15, 38
1105, 1106, 1134, 1137, 1177, 1184, 1205, 1238, 1262, 1264, 1282, 1283, 1319, 1331, 1357, 1378, 1391, 1422, 1434, 1461, 1469, 1487, 1517, 1537, 16, 39
1105, 1106, 1134, 1137, 1177, 1184, 1205, 1238, 1262, 1264, 1282, 1283, 1319, 1331, 1357, 1378, 1391, 1422, 1434, 1461, 1468, 1489, 1516, 1536, 17, 40
1105, 1106, 1134, 1137, 1177, 1184, 1205, 1238, 1262, 1264, 1282, 1283, 1319, 1331, 1357, 1378, 1391, 1422, 1434, 1461, 1468, 1489, 1516, 1536, 17, 41
1105, 1106, 1134, 1137, 1177, 1184, 1205, 1238, 1262, 1264, 1282, 1283, 1319, 1331, 1357, 1378, 1391, 1422, 1434, 1461, 1468, 1489, 1516, 1536, 17, 40, 42
1105, 1106, 1134, 1137, 1177, 1184, 1205, 1238, 1262, 1264, 1282, 1283, 1319, 1331, 1357, 1378, 1391, 1422, 1434, 1461, 1468, 1489, 1516, 1536, 17, 41, 43
1105, 1106, 1134, 1137, 1177, 1184, 1205, 1238, 1262, 1264, 1282, 1317, 1332, 1358, 1376, 1390, 1419, 1432, 1462, 1467, 1490, 1515, 1535, 18, 21, 44
1105, 1106, 1134, 1137, 1177, 1184, 1205, 1238, 1262, 1264, 1282, 1317, 1332, 1358, 1376, 1390, 1419, 1432, 1462, 1467, 1490, 1515, 1535, 18, 21, 45
1105, 1106, 1134, 1137, 1177, 1184, 1205, 1238, 1262, 1264, 1282, 1317, 1332, 1358, 1376, 1390, 1419, 1432, 1463, 1466, 1491, 1514, 1533, 19, 22, 46
1105, 1106, 1134, 1137, 1177, 1184, 1205, 1238, 1262, 1264, 1282, 1317, 1332, 1358, 1376, 1390, 1419, 1432, 1463, 1466, 1491, 1513, 1532, 20, 23, 47
1105, 1106, 1134, 1137, 1177, 1183, 1204, 1237, 1261, 1260, 1265, 1300, 1315, 1335, 1362, 1373, 1387, 1417, 1430, 1465, 1484, 1493, 1511, 1553, 1, 24, 48
1105, 1106, 1134, 1137, 1177, 1183, 1204, 1237, 1261, 1260, 1265, 1300, 1315, 1335, 1362, 1373, 1387, 1417, 1430, 1465, 1484, 1493, 1511, 1552, 2, 3, 25, 49
1105, 1106, 1134, 1137, 1177, 1183, 1204, 1237, 1261, 1260, 1265, 1300, 1315, 1335, 1362, 1373, 1387, 1417, 1430, 1465, 1484, 1493, 1511, 1552, 2, 3, 25, 49, 50
1105, 1106, 1134, 1137, 1177, 1183, 1204, 1237, 1261, 1260, 1265, 1300, 1315, 1335, 1362, 1373, 1387, 1417, 1430, 1465, 1484, 1493, 1511, 1552, 2, 3, 25, 49, 50, 51
1105, 1106, 1134, 1137, 1177, 1183, 1204, 1237, 1261, 1260, 1265, 1300, 1315, 1335, 1362, 1373, 1387, 1417, 1430, 1465, 1484, 1493, 1511, 1552, 2, 3, 25, 26, 27, 52
1105, 1106, 1134, 1137, 1177, 1183, 1204, 1237, 1261, 1260, 1265, 1300, 1315, 1335, 1362, 1373, 1387, 1386, 1385, 1384, 1414, 1427, 1447, 1481, 1497, 1531, 1547, 6, 28, 53
1105, 1106, 1134, 1137, 1177, 1183, 1204, 1237, 1261, 1260, 1265, 1300, 1315, 1335, 1362, 1373, 1387, 1386, 1385, 1384, 1414, 1413, 1426, 1448, 1480, 1498, 1529, 1546, 7, 30, 54
1105, 1106, 1134, 1137, 1177, 1183, 1204, 1237, 1261, 1260, 1265, 1300, 1315, 1335, 1362, 1373, 1387, 1386, 1385, 1384, 1414, 1413, 1426, 1448, 1480, 1498, 1529, 1546, 7, 30, 54, 55
1105, 1106, 1107, 1135, 1139, 1176, 1182, 1203, 1236, 1259, 1266, 1298, 1313, 1337, 1343, 1344, 1345, 1369, 1403, 1412, 1444, 1449, 1478, 1477, 1500, 1526, 1544, 9, 32, 56
1105, 1106, 1134, 1137, 1177, 1184, 1205, 1238, 1262, 1264, 1282, 1283, 1320, 1330, 1356, 1379, 1393, 1424, 1435, 1459, 1471, 1472, 1506, 1521, 1540, 13, 36, 35, 34, 33, 57
1105, 1106, 1134, 1137, 1177, 1184, 1205, 1238, 1262, 1264, 1282, 1283, 1320, 1330, 1356, 1379, 1393, 1424, 1435, 1459, 1471, 1472, 1506, 1521, 1540, 13, 36, 35, 58
1105, 1106, 1134, 1137, 1177, 1184, 1205, 1238, 1262, 1264, 1282, 1283, 1320, 1330, 1356, 1379, 1393, 1424, 1435, 1459, 1471, 1507, 1520, 1539, 14, 37, 59
1105, 1106, 1134, 1137, 1177, 1184, 1205, 1238, 1262, 1264, 1282, 1283, 1320, 1330, 1356, 1379, 1393, 1424, 1435, 1459, 1471, 1507, 1520, 1539, 14, 37, 60
1105, 1106, 1134, 1137, 1177, 1184, 1205, 1238, 1262, 1264, 1282, 1283, 1320, 1330, 1356, 1379, 1393, 1424, 1435, 1459, 1471, 1507, 1520, 1539, 14, 37, 61
1105, 1106, 1134, 1137, 1177, 1184, 1205, 1238, 1262, 1264, 1282, 1283, 1319, 1331, 1357, 1378, 1391, 1422, 1434, 1461, 1468, 1489, 1516, 1536, 17, 40, 42, 62
1105, 1106, 1134, 1137, 1177, 1184, 1205, 1238, 1262, 1264, 1282, 1283, 1319, 1331, 1357, 1378, 1391, 1422, 1434, 1461, 1468, 1489, 1516, 1536, 17, 40, 42, 63
1105, 1106, 1134, 1137, 1177, 1184, 1205, 1238, 1262, 1264, 1282, 1283, 1319, 1331, 1357, 1378, 1391, 1422, 1434, 1461, 1468, 1489, 1516, 1536, 17, 40, 42, 64
1105, 1106, 1134, 1137, 1177, 1184, 1205, 1238, 1262, 1264, 1282, 1283, 1319, 1331, 1357, 1378, 1391, 1422, 1434, 1461, 1468, 1489, 1516, 1536, 17, 41, 43, 65
1105, 1106, 1134, 1137, 1177, 1184, 1205, 1238, 1262, 1264, 1282, 1317, 1332, 1358, 1376, 1390, 1419, 1432, 1463, 1466, 1491, 1514, 1533, 19, 22, 46, 66
1105, 1106, 1134, 1137, 1177, 1184, 1205, 1238, 1262, 1264, 1282, 1317, 1332, 1358, 1376, 1390, 1419, 1432, 1463, 1466, 1491, 1513, 1532, 20, 23, 47, 67
1105, 1106, 1134, 1137, 1177, 1184, 1205, 1238, 1262, 1264, 1282, 1317, 1332, 1358, 1376, 1390, 1419, 1432, 1463, 1466, 1491, 1513, 1532, 20, 23, 47, 68
1105, 1106, 1134, 1137, 1177, 1184, 1205, 1238, 1262, 1264, 1282, 1317, 1332, 1358, 1376, 1390, 1419, 1432, 1463, 1466, 1491, 1513, 1532, 20, 23, 47, 69
1105, 1106, 1134, 1137, 1177, 1183, 1204, 1237, 1261, 1260, 1265, 1300, 1315, 1335, 1362, 1373, 1387, 1417, 1430, 1465, 1484, 1493, 1511, 1553, 1, 24, 48, 70
1105, 1106, 1134, 1137, 1177, 1183, 1204, 1237, 1261, 1260, 1265, 1300, 1315, 1335, 1362, 1373, 1387, 1417, 1430, 1465, 1484, 1493, 1511, 1553, 1, 24, 48, 70, 71
1105, 1106, 1134, 1137, 1177, 1183, 1204, 1237, 1261, 1260, 1265, 1300, 1315, 1335, 1362, 1373, 1387, 1417, 1430, 1465, 1484, 1493, 1511, 1552, 2, 3, 25, 49, 72
1105, 1106, 1134, 1137, 1177, 1183, 1204, 1237, 1261, 1260, 1265, 1300, 1315, 1335, 1362, 1373, 1387, 1417, 1430, 1465, 1484, 1493, 1511, 1552, 2, 3, 25, 49, 73
1105, 1106, 1134, 1137, 1177, 1183, 1204, 1237, 1261, 1260, 1265, 1300, 1315, 1335, 1362, 1373, 1387, 1417, 1430, 1465, 1484, 1493, 1511, 1552, 2, 3, 25, 49, 50, 74
1105, 1106, 1134, 1137, 1177, 1183, 1204, 1237, 1261, 1260, 1265, 1300, 1315, 1335, 1362, 1373, 1387, 1417, 1430, 1465, 1484, 1493, 1511, 1552, 2, 3, 25, 49, 50, 51, 75
1105, 1106, 1134, 1137, 1177, 1183, 1204, 1237, 1261, 1260, 1265, 1300, 1315, 1335, 1362, 1373, 1387, 1417, 1430, 1465, 1484, 1493, 1511, 1552, 2, 3, 25, 26, 27, 52, 76
1105, 1106, 1134, 1137, 1177, 1183, 1204, 1237, 1261, 1260, 1265, 1300, 1315, 1335, 1362, 1373, 1387, 1386, 1385, 1384, 1414, 1427, 1447, 1481, 1497, 1531, 1547, 6, 28, 53, 77
1105, 1106, 1134, 1137, 1177, 1183, 1204, 1237, 1261, 1260, 1265, 1300, 1315, 1335, 1362, 1373, 1387, 1386, 1385, 1384, 1414, 1413, 1426, 1448, 1480, 1498, 1529, 1546, 7, 30, 54, 78
1105, 1106, 1134, 1137, 1177, 1183, 1204, 1237, 1261, 1260, 1265, 1300, 1315, 1335, 1362, 1373, 1387, 1386, 1385, 1384, 1414, 1413, 1426, 1448, 1480, 1498, 1529, 1546, 7, 30, 54, 78, 79
1105, 1106, 1107, 1135, 1139, 1176, 1182, 1203, 1236, 1259, 1266, 1298, 1313, 1337, 1343, 1344, 1345, 1369, 1403, 1412, 1444, 1449, 1478, 1477, 1500, 1526, 1544, 9, 32, 56, 80
1105, 1106, 1134, 1137, 1177, 1184, 1205, 1238, 1262, 1264, 1282, 1283, 1320, 1330, 1356, 1379, 1393, 1424, 1435, 1459, 1471, 1472, 1506, 1521, 1540, 13, 36, 35, 34, 33, 57, 81
1105, 1106, 1134, 1137, 1177, 1184, 1205, 1238, 1262, 1264, 1282, 1283, 1320, 1330, 1356, 1379, 1393, 1424, 1435, 1459, 1471, 1472, 1506, 1521, 1540, 13, 36, 35, 34, 33, 57, 82
1105, 1106, 1134, 1137, 1177, 1184, 1205, 1238, 1262, 1264, 1282, 1283, 1320, 1330, 1356, 1379, 1393, 1424, 1435, 1459, 1471, 1472, 1506, 1521, 1540, 13, 36, 35, 58, 83
1105, 1106, 1134, 1137, 1177, 1184, 1205, 1238, 1262, 1264, 1282, 1283, 1320, 1330, 1356, 1379, 1393, 1424, 1435, 1459, 1471, 1507, 1520, 1539, 14, 37, 59, 84
1105, 1106, 1134, 1137, 1177, 1184, 1205, 1238, 1262, 1264, 1282, 1283, 1320, 1330, 1356, 1379, 1393, 1424, 1435, 1459, 1471, 1507, 1520, 1539, 14, 37, 60, 85
1105, 1106, 1134, 1137, 1177, 1184, 1205, 1238, 1262, 1264, 1282, 1283, 1320, 1330, 1356, 1379, 1393, 1424, 1435, 1459, 1471, 1507, 1520, 1539, 14, 37, 61, 86
1105, 1106, 1134, 1137, 1177, 1184, 1205, 1238, 1262, 1264, 1282, 1283, 1319, 1331, 1357, 1378, 1391, 1422, 1434, 1461, 1468, 1489, 1516, 1536, 17, 40, 42, 62, 87
1105, 1106, 1134, 1137, 1177, 1184, 1205, 1238, 1262, 1264, 1282, 1283, 1319, 1331, 1357, 1378, 1391, 1422, 1434, 1461, 1468, 1489, 1516, 1536, 17, 40, 42, 62, 87, 88
1105, 1106, 1134, 1137, 1177, 1184, 1205, 1238, 1262, 1264, 1282, 1283, 1320, 1330, 1356, 1379, 1393, 1424, 1435, 1459, 1471, 1507, 1520, 1539, 14, 37, 61, 86, 89
1105, 1106, 1134, 1137, 1177, 1184, 1205, 1238, 1262, 1264, 1282, 1283, 1320, 1330, 1356, 1379, 1393, 1424, 1435, 1459, 1471, 1507, 1520, 1539, 14, 37, 60, 85, 90
1105, 1106, 1134, 1137, 1177, 1184, 1205, 1238, 1262, 1264, 1282, 1283, 1320, 1330, 1356, 1379, 1393, 1424, 1435, 1459, 1471, 1507, 1520, 1539, 14, 37, 60, 85, 91
1105, 1106, 1134, 1137, 1177, 1184, 1205, 1238, 1262, 1264, 1282, 1283, 1320, 1330, 1356, 1379, 1393, 1424, 1435, 1459, 1471, 1472, 1506, 1521, 1540, 13, 36, 35, 58, 83, 92
1105, 1106, 1134, 1137, 1177, 1184, 1205, 1238, 1262, 1264, 1282, 1283, 1320, 1330, 1356, 1379, 1393, 1424, 1435, 1459, 1471, 1472, 1506, 1521, 1540, 13, 36, 35, 58, 83, 92, 93
1105, 1106, 1134, 1137, 1177, 1184, 1205, 1238, 1262, 1264, 1282, 1283, 1320, 1330, 1356, 1379, 1393, 1424, 1435, 1459, 1471, 1472, 1506, 1521, 1540, 13, 36, 35, 34, 33, 57, 81, 94
1105, 1106, 1134, 1137, 1177, 1183, 1204, 1237, 1261, 1260, 1265, 1300, 1315, 1335, 1362, 1373, 1387, 1386, 1385, 1384, 1414, 1413, 1426, 1448, 1480, 1498, 1529, 1546, 7, 30, 54, 78, 97, 96, 95
1105, 1106, 1134, 1137, 1177, 1183, 1204, 1237, 1261, 1260, 1265, 1300, 1315, 1335, 1362, 1373, 1387, 1386, 1385, 1384, 1414, 1413, 1426, 1448, 1480, 1498, 1529, 1546, 7, 30, 54, 78, 97, 96
1105, 1106, 1134, 1137, 1177, 1183, 1204, 1237, 1261, 1260, 1265, 1300, 1315, 1335, 1362, 1373, 1387, 1386, 1385, 1384, 1414, 1413, 1426, 1448, 1480, 1498, 1529, 1546, 7, 30, 54, 78, 97
1105, 1106, 1134, 1137, 1177, 1183, 1204, 1237, 1261, 1260, 1265, 1300, 1315, 1335, 1362, 1373, 1387, 1386, 1385, 1384, 1414, 1427, 1447, 1481, 1497, 1531, 1547, 6, 28, 53, 77, 98
1105, 1106, 1134, 1137, 1177, 1183, 1204, 1237, 1261, 1260, 1265, 1300, 1315, 1335, 1362, 1373, 1387, 1417, 1430, 1465, 1484, 1493, 1511, 1552, 2, 3, 25, 49, 50, 51, 75, 101, 100, 99
