1338, 1344, 1370, 1371, 1384, 1415, 1428, 1446, 1483, 1494, 1511, 1553, 0
1338, 1344, 1370, 1371, 1384, 1415, 1428, 1446, 1483, 1494, 1511, 1553, 1
1338, 1344, 1370, 1371, 1384, 1415, 1428, 1446, 1483, 1494, 1511, 1552, 2
1338, 1344, 1370, 1371, 1384, 1415, 1428, 1446, 1483, 1495, 1510, 1551, 3
1338, 1344, 1370, 1383, 1413, 1426, 1448, 1480, 1481, 1496, 1509, 1550, 4
1338, 1344, 1370, 1383, 1413, 1426, 1448, 1480, 1498, 1530, 1547, 6, 5
1338, 1344, 1370, 1383, 1413, 1426, 1448, 1480, 1498, 1530, 1547, 6
1338, 1344, 1370, 1383, 1413, 1426, 1448, 1480, 1498, 1529, 1546, 7
1338, 1339, 1340, 1346, 1367, 1401, 1411, 1410, 1443, 1450, 1477, 1500, 1526, 1544, 8
1338, 1339, 1340, 1346, 1367, 1401, 1411, 1410, 1443, 1450, 1477, 1500, 1526, 1544, 9
1338, 1339, 1340, 1346, 1367, 1401, 1411, 1410, 1443, 1450, 1477, 1500, 1526, 1544, 9, 10
1338, 1339, 1340, 1346, 1367, 1401, 1411, 1410, 1443, 1450, 1477, 1500, 1526, 1544, 9, 10, 11
1338, 1339, 1340, 1346, 1367, 1401, 1411, 1410, 1443, 1450, 1477, 1500, 1526, 1544, 9, 10, 11, 12
1338, 1339, 1340, 1346, 1347, 1348, 1365, 1399, 1408, 1441, 1453, 1475, 1502, 1503, 1522, 1541, 13
1338, 1339, 1340, 1346, 1347, 1348, 1365, 1399, 1408, 1441, 1453, 1475, 1502, 1503, 1522, 1541, 13, 14
1338, 1344, 1370, 1371, 1385, 1386, 1387, 1417, 1418, 1431, 1432, 1462, 1467, 1468, 1469, 1487, 1517, 1538, 15
1338, 1344, 1370, 1371, 1385, 1386, 1387, 1417, 1418, 1431, 1432, 1462, 1467, 1468, 1469, 1487, 1517, 1537, 16
1338, 1344, 1370, 1371, 1385, 1386, 1387, 1417, 1418, 1431, 1432, 1462, 1467, 1468, 1489, 1516, 1536, 17
1338, 1344, 1370, 1371, 1385, 1386, 1387, 1417, 1430, 1465, 1485, 1492, 1491, 1514, 1515, 1535, 18
1338, 1344, 1370, 1371, 1385, 1386, 1387, 1417, 1430, 1465, 1485, 1492, 1512, 1532, 1533, 19
1338, 1344, 1370, 1371, 1384, 1415, 1428, 1446, 1483, 1494, 1511, 1553, 0, 20
1338, 1344, 1370, 1371, 1385, 1386, 1387, 1417, 1430, 1465, 1485, 1492, 1512, 1532, 1533, 19, 22, 21
1338, 1344, 1370, 1371, 1385, 1386, 1387, 1417, 1430, 1465, 1485, 1492, 1512, 1532, 1533, 19, 22
1338, 1344, 1370, 1371, 1384, 1415, 1428, 1446, 1483, 1494, 1511, 1553, 0, 23
1338, 1344, 1370, 1371, 1384, 1415, 1428, 1446, 1483, 1494, 1511, 1553, 1, 24
1338, 1344, 1370, 1383, 1413, 1426, 1448, 1480, 1481, 1496, 1509, 1550, 4, 25
1338, 1344, 1370, 1383, 1413, 1426, 1448, 1480, 1481, 1496, 1509, 1550, 4, 26
1338, 1344, 1370, 1383, 1413, 1426, 1448, 1480, 1498, 1530, 1547, 6, 5, 27
1338, 1344, 1370, 1383, 1413, 1426, 1448, 1480, 1498, 1530, 1547, 6, 28
1338, 1344, 1370, 1383, 1413, 1426, 1448, 1480, 1498, 1529, 1546, 7, 29
1338, 1344, 1370, 1383, 1413, 1426, 1448, 1480, 1498, 1529, 1546, 7, 30
1338, 1344, 1370, 1383, 1413, 1426, 1448, 1480, 1498, 1529, 1546, 7, 30, 31
1338, 1339, 1340, 1346, 1367, 1401, 1411, 1410, 1443, 1450, 1477, 1500, 1526, 1544, 9, 32
1338, 1339, 1340, 1346, 1367, 1401, 1411, 1410, 1443, 1450, 1477, 1500, 1526, 1544, 9, 32, 33
1338, 1339, 1340, 1346, 1367, 1401, 1411, 1410, 1443, 1450, 1477, 1500, 1526, 1544, 9, 32, 33, 34
1338, 1339, 1340, 1346, 1367, 1401, 1411, 1410, 1443, 1450, 1477, 1500, 1526, 1544, 9, 32, 33, 34, 35
1338, 1339, 1340, 1346, 1367, 1401, 1411, 1410, 1443, 1450, 1477, 1500, 1526, 1544, 9, 32, 33, 34, 35, 36
1338, 1339, 1340, 1346, 1347, 1348, 1365, 1399, 1408, 1441, 1453, 1475, 1502, 1503, 1522, 1541, 13, 14, 37
1338, 1344, 1370, 1371, 1385, 1386, 1387, 1417, 1418, 1431, 1432, 1462, 1467, 1468, 1469, 1487, 1517, 1538, 15, 38
1338, 1344, 1370, 1371, 1385, 1386, 1387, 1417, 1418, 1431, 1432, 1462, 1467, 1468, 1469, 1487, 1517, 1537, 16, 39
1338, 1344, 1370, 1371, 1385, 1386, 1387, 1417, 1418, 1431, 1432, 1462, 1467, 1468, 1489, 1516, 1536, 17, 40
1338, 1344, 1370, 1371, 1385, 1386, 1387, 1417, 1418, 1431, 1432, 1462, 1467, 1468, 1489, 1516, 1536, 17, 41
1338, 1344, 1370, 1371, 1385, 1386, 1387, 1417, 1418, 1431, 1432, 1462, 1467, 1468, 1489, 1516, 1536, 17, 40, 42
1338, 1344, 1370, 1371, 1385, 1386, 1387, 1417, 1430, 1465, 1485, 1492, 1512, 1532, 1533, 19, 22, 21, 44, 43
1338, 1344, 1370, 1371, 1385, 1386, 1387, 1417, 1430, 1465, 1485, 1492, 1512, 1532, 1533, 19, 22, 21, 44
1338, 1344, 1370, 1371, 1385, 1386, 1387, 1417, 1430, 1465, 1485, 1492, 1512, 1532, 1533, 19, 22, 21, 45
1338, 1344, 1370, 1371, 1385, 1386, 1387, 1417, 1430, 1465, 1485, 1492, 1512, 1532, 1533, 19, 22, 46
1338, 1344, 1370, 1371, 1384, 1415, 1428, 1446, 1483, 1494, 1511, 1553, 0, 23, 47
1338, 1344, 1370, 1371, 1384, 1415, 1428, 1446, 1483, 1494, 1511, 1553, 1, 24, 48
1338, 1344, 1370, 1383, 1413, 1426, 1448, 1480, 1481, 1496, 1509, 1550, 4, 26, 49
1338, 1344, 1370, 1383, 1413, 1426, 1448, 1480, 1481, 1496, 1509, 1550, 4, 26, 50
1338, 1344, 1370, 1383, 1413, 1426, 1448, 1480, 1498, 1530, 1547, 6, 5, 27, 51
1338, 1344, 1370, 1383, 1413, 1426, 1448, 1480, 1498, 1530, 1547, 6, 5, 27, 52
1338, 1344, 1370, 1383, 1413, 1426, 1448, 1480, 1498, 1530, 1547, 6, 28, 53
1338, 1344, 1370, 1383, 1413, 1426, 1448, 1480, 1498, 1529, 1546, 7, 30, 54
1338, 1344, 1370, 1383, 1413, 1426, 1448, 1480, 1498, 1529, 1546, 7, 30, 54, 55
1338, 1339, 1340, 1346, 1367, 1401, 1411, 1410, 1443, 1450, 1477, 1500, 1526, 1544, 9, 32, 56
1338, 1339, 1340, 1346, 1367, 1401, 1411, 1410, 1443, 1450, 1477, 1500, 1526, 1544, 9, 32, 56, 57
1338, 1339, 1340, 1346, 1367, 1401, 1411, 1410, 1443, 1450, 1477, 1500, 1526, 1544, 9, 32, 56, 57, 58
1338, 1339, 1340, 1346, 1367, 1401, 1411, 1410, 1443, 1450, 1477, 1500, 1526, 1544, 9, 32, 56, 57, 58, 59
1338, 1339, 1340, 1346, 1367, 1401, 1411, 1410, 1443, 1450, 1477, 1500, 1526, 1544, 9, 32, 56, 57, 58, 59, 60
1338, 1339, 1340, 1346, 1367, 1401, 1411, 1410, 1443, 1450, 1477, 1500, 1526, 1544, 9, 32, 56, 57, 58, 59, 60, 61
1338, 1344, 1370, 1371, 1385, 1386, 1387, 1417, 1418, 1431, 1432, 1462, 1467, 1468, 1489, 1516, 1536, 17, 40, 42, 62
1338, 1344, 1370, 1371, 1385, 1386, 1387, 1417, 1418, 1431, 1432, 1462, 1467, 1468, 1489, 1516, 1536, 17, 40, 42, 63
1338, 1344, 1370, 1371, 1385, 1386, 1387, 1417, 1418, 1431, 1432, 1462, 1467, 1468, 1489, 1516, 1536, 17, 40, 42, 64
1338, 1344, 1370, 1371, 1385, 1386, 1387, 1417, 1430, 1465, 1485, 1492, 1512, 1532, 1533, 19, 22, 46, 66, 65
1338, 1344, 1370, 1371, 1385, 1386, 1387, 1417, 1430, 1465, 1485, 1492, 1512, 1532, 1533, 19, 22, 46, 66
1338, 1344, 1370, 1371, 1384, 1415, 1428, 1446, 1483, 1494, 1511, 1553, 0, 23, 47, 67
1338, 1344, 1370, 1371, 1384, 1415, 1428, 1446, 1483, 1494, 1511, 1553, 0, 23, 47, 68
1338, 1344, 1370, 1371, 1384, 1415, 1428, 1446, 1483, 1494, 1511, 1553, 1, 24, 48, 70, 69
1338, 1344, 1370, 1371, 1384, 1415, 1428, 1446, 1483, 1494, 1511, 1553, 1, 24, 48, 70
1338, 1344, 1370, 1383, 1413, 1426, 1448, 1480, 1481, 1496, 1509, 1550, 4, 26, 49, 71
1338, 1344, 1370, 1383, 1413, 1426, 1448, 1480, 1481, 1496, 1509, 1550, 4, 26, 49, 72
1338, 1344, 1370, 1383, 1413, 1426, 1448, 1480, 1481, 1496, 1509, 1550, 4, 26, 50, 73
1338, 1344, 1370, 1383, 1413, 1426, 1448, 1480, 1498, 1530, 1547, 6, 5, 27, 52, 75, 74
1338, 1344, 1370, 1383, 1413, 1426, 1448, 1480, 1498, 1530, 1547, 6, 5, 27, 52, 75
1338, 1344, 1370, 1383, 1413, 1426, 1448, 1480, 1498, 1530, 1547, 6, 28, 53, 77, 76
1338, 1344, 1370, 1383, 1413, 1426, 1448, 1480, 1498, 1530, 1547, 6, 28, 53, 77
1338, 1344, 1370, 1383, 1413, 1426, 1448, 1480, 1498, 1529, 1546, 7, 30, 54, 78
1338, 1344, 1370, 1383, 1413, 1426, 1448, 1480, 1498, 1529, 1546, 7, 30, 54, 78, 79
1338, 1339, 1340, 1346, 1367, 1401, 1411, 1410, 1443, 1450, 1477, 1500, 1526, 1544, 9, 32, 56, 80
1338, 1339, 1340, 1346, 1367, 1401, 1411, 1410, 1443, 1450, 1477, 1500, 1526, 1544, 9, 32, 56, 80, 81
1338, 1339, 1340, 1346, 1367, 1401, 1411, 1410, 1443, 1450, 1477, 1500, 1526, 1544, 9, 32, 56, 80, 81, 82
1338, 1339, 1340, 1346, 1367, 1401, 1411, 1410, 1443, 1450, 1477, 1500, 1526, 1544, 9, 32, 56, 80, 81, 82, 83
1338, 1339, 1340, 1346, 1367, 1401, 1411, 1410, 1443, 1450, 1477, 1500, 1526, 1544, 9, 32, 56, 80, 81, 82, 83, 84
1338, 1339, 1340, 1346, 1367, 1401, 1411, 1410, 1443, 1450, 1477, 1500, 1526, 1544, 9, 32, 56, 80, 81, 82, 83, 84, 85
1338, 1339, 1340, 1346, 1367, 1401, 1411, 1410, 1443, 1450, 1477, 1500, 1526, 1544, 9, 32, 56, 80, 81, 82, 83, 84, 85, 86
1338, 1344, 1370, 1371, 1385, 1386, 1387, 1417, 1418, 1431, 1432, 1462, 1467, 1468, 1489, 1516, 1536, 17, 40, 42, 62, 87
1338, 1344, 1370, 1371, 1385, 1386, 1387, 1417, 1418, 1431, 1432, 1462, 1467, 1468, 1489, 1516, 1536, 17, 40, 42, 62, 87, 88
1338, 1339, 1340, 1346, 1367, 1401, 1411, 1410, 1443, 1450, 1477, 1500, 1526, 1544, 9, 32, 56, 80, 81, 82, 83, 84, 91, 90, 89
1338, 1339, 1340, 1346, 1367, 1401, 1411, 1410, 1443, 1450, 1477, 1500, 1526, 1544, 9, 32, 56, 80, 81, 82, 83, 84, 91, 90
1338, 1339, 1340, 1346, 1367, 1401, 1411, 1410, 1443, 1450, 1477, 1500, 1526, 1544, 9, 32, 56, 80, 81, 82, 83, 84, 91
1338, 1339, 1340, 1346, 1367, 1401, 1411, 1410, 1443, 1450, 1477, 1500, 1526, 1544, 9, 32, 56, 80, 81, 82, 93, 92
1338, 1339, 1340, 1346, 1367, 1401, 1411, 1410, 1443, 1450, 1477, 1500, 1526, 1544, 9, 32, 56, 80, 81, 82, 93
1338, 1344, 1370, 1383, 1413, 1426, 1448, 1480, 1498, 1529, 1546, 7, 30, 54, 78, 97, 96, 95, 94
1338, 1344, 1370, 1383, 1413, 1426, 1448, 1480, 1498, 1529, 1546, 7, 30, 54, 78, 97, 96, 95
1338, 1344, 1370, 1383, 1413, 1426, 1448, 1480, 1498, 1529, 1546, 7, 30, 54, 78, 97, 96
1338, 1344, 1370, 1383, 1413, 1426, 1448, 1480, 1498, 1529, 1546, 7, 30, 54, 78, 97
1338, 1344, 1370, 1383, 1413, 1426, 1448, 1480, 1498, 1530, 1547, 6, 28, 53, 77, 98
1338, 1344, 1370, 1383, 1413, 1426, 1448, 1480, 1498, 1530, 1547, 6, 28, 53, 77, 76, 99
