168, 167, 166, 165, 164, 163, 162, 140, 116, 107, 106, 67, 47, 23, 0
168, 167, 166, 165, 164, 163, 162, 140, 116, 107, 106, 67, 47, 23, 0, 1
168, 169, 170, 171, 172, 173, 151, 129, 98, 77, 76, 52, 27, 26, 25, 3, 2
168, 169, 170, 171, 172, 173, 151, 129, 98, 77, 76, 52, 27, 26, 25, 3
168, 169, 170, 171, 172, 173, 151, 129, 98, 77, 53, 28, 6, 5, 4
168, 169, 170, 171, 172, 173, 151, 129, 98, 77, 53, 28, 6, 5
168, 169, 170, 171, 172, 173, 151, 129, 98, 77, 53, 28, 6
168, 169, 132, 125, 126, 97, 78, 54, 30, 7
168, 134, 124, 93, 82, 81, 80, 56, 32, 9, 8
168, 134, 124, 93, 82, 81, 80, 56, 32, 9
168, 134, 124, 93, 82, 57, 33, 10
168, 134, 124, 93, 82, 57, 33, 10, 11
168, 134, 124, 92, 83, 58, 35, 12
168, 134, 124, 92, 83, 58, 35, 36, 13
168, 134, 135, 123, 91, 85, 60, 37, 14
168, 134, 135, 123, 91, 85, 60, 37, 38, 15
168, 134, 135, 123, 91, 85, 60, 37, 38, 15, 16
168, 134, 135, 123, 91, 85, 61, 62, 42, 40, 17
168, 134, 135, 123, 91, 85, 61, 62, 42, 40, 17, 18
168, 167, 166, 165, 164, 163, 162, 140, 116, 107, 66, 46, 22, 19
168, 167, 166, 165, 164, 163, 162, 140, 116, 107, 106, 67, 47, 23, 20
168, 134, 135, 123, 91, 85, 61, 62, 42, 40, 41, 21
168, 167, 166, 165, 164, 163, 162, 140, 116, 107, 66, 46, 22
168, 167, 166, 165, 164, 163, 162, 140, 116, 107, 106, 67, 47, 23
168, 169, 170, 171, 172, 173, 151, 129, 98, 77, 76, 52, 27, 26, 25, 24
168, 169, 170, 171, 172, 173, 151, 129, 98, 77, 76, 52, 27, 26, 25
168, 169, 170, 171, 172, 173, 151, 129, 98, 77, 76, 52, 27, 26
168, 169, 170, 171, 172, 173, 151, 129, 98, 77, 76, 52, 27
168, 169, 170, 171, 172, 173, 151, 129, 98, 77, 53, 28
168, 169, 132, 125, 126, 97, 78, 54, 29
168, 169, 132, 125, 126, 97, 78, 54, 30
168, 169, 132, 125, 95, 96, 79, 55, 31
168, 134, 124, 93, 82, 81, 80, 56, 32
168, 134, 124, 93, 82, 57, 33
168, 134, 124, 92, 83, 58, 34
168, 134, 124, 92, 83, 58, 35
168, 134, 124, 92, 83, 58, 35, 36
168, 134, 135, 123, 91, 85, 60, 37
168, 134, 135, 123, 91, 85, 60, 37, 38
168, 134, 135, 123, 91, 85, 60, 37, 38, 39
168, 134, 135, 123, 91, 85, 61, 62, 42, 40
168, 134, 135, 123, 91, 85, 61, 62, 42, 40, 41
168, 134, 135, 123, 91, 85, 61, 62, 42
168, 134, 135, 123, 91, 85, 61, 62, 42, 43
168, 134, 135, 123, 91, 85, 61, 62, 42, 43, 44
168, 134, 135, 123, 91, 85, 61, 62, 42, 43, 44, 45
168, 167, 166, 165, 164, 163, 162, 140, 116, 107, 66, 46
168, 167, 166, 165, 164, 163, 162, 140, 116, 107, 106, 67, 47
168, 167, 166, 165, 164, 163, 162, 140, 116, 107, 106, 67, 47, 48
168, 169, 170, 171, 172, 173, 151, 129, 98, 77, 76, 52, 51, 50, 49
168, 169, 170, 171, 172, 173, 151, 129, 98, 77, 76, 52, 51, 50
168, 169, 170, 171, 172, 173, 151, 129, 98, 77, 76, 52, 51
168, 169, 170, 171, 172, 173, 151, 129, 98, 77, 76, 52
168, 169, 170, 171, 172, 173, 151, 129, 98, 77, 53
168, 169, 132, 125, 126, 97, 78, 54
168, 169, 132, 125, 95, 96, 79, 55
168, 134, 124, 93, 82, 81, 80, 56
168, 134, 124, 93, 82, 57
168, 134, 124, 92, 83, 58
168, 134, 124, 92, 83, 84, 59
168, 134, 135, 123, 91, 85, 60
168, 134, 135, 123, 91, 85, 61
168, 134, 135, 123, 91, 85, 61, 62
168, 167, 166, 136, 122, 121, 120, 119, 118, 109, 63
168, 134, 135, 123, 91, 85, 61, 62, 42, 64
168, 167, 166, 136, 122, 121, 120, 119, 118, 109, 108, 65
168, 167, 166, 165, 164, 163, 162, 140, 116, 107, 66
168, 167, 166, 165, 164, 163, 162, 140, 116, 107, 106, 67
168, 167, 166, 165, 164, 163, 162, 140, 116, 107, 106, 67, 68
168, 167, 166, 165, 164, 163, 162, 140, 116, 107, 106, 67, 68, 69
168, 167, 166, 165, 164, 163, 162, 140, 116, 107, 106, 67, 68, 69, 70
168, 169, 170, 171, 172, 173, 151, 129, 98, 77, 76, 75, 74, 73, 72, 71
168, 169, 170, 171, 172, 173, 151, 129, 98, 77, 76, 75, 74, 73, 72
168, 169, 170, 171, 172, 173, 151, 129, 98, 77, 76, 75, 74, 73
168, 169, 170, 171, 172, 173, 151, 129, 98, 77, 76, 75, 74
168, 169, 170, 171, 172, 173, 151, 129, 98, 77, 76, 75
168, 169, 170, 171, 172, 173, 151, 129, 98, 77, 76
168, 169, 170, 171, 172, 173, 151, 129, 98, 77
168, 169, 132, 125, 126, 97, 78
168, 169, 132, 125, 95, 96, 79
168, 134, 124, 93, 82, 81, 80
168, 134, 124, 93, 82, 81
168, 134, 124, 93, 82
168, 134, 124, 92, 83
168, 134, 124, 92, 83, 84
168, 134, 135, 123, 91, 85
168, 134, 135, 123, 91, 85, 86
168, 134, 135, 123, 91, 85, 86, 87
168, 167, 166, 136, 122, 89, 88
168, 167, 166, 136, 122, 89
168, 134, 135, 123, 91, 90
168, 134, 135, 123, 91
168, 134, 124, 92
168, 134, 124, 93
168, 169, 132, 125, 94
168, 169, 132, 125, 95
168, 169, 132, 125, 95, 96
168, 169, 132, 125, 126, 97
168, 169, 170, 171, 172, 173, 151, 129, 98
168, 169, 170, 171, 172, 173, 151, 129, 98, 99
