1503, 1504, 1505, 1506, 1507, 1486, 1487, 1488, 1489, 1490, 1515, 1534, 19, 20, 0
1503, 1504, 1505, 1506, 1507, 1486, 1487, 1488, 1489, 1490, 1515, 1534, 19, 20, 0, 1
1503, 1502, 1501, 1500, 1499, 1498, 1531, 1548, 1549, 1550, 1551, 3, 2
1503, 1502, 1501, 1500, 1499, 1498, 1531, 1548, 1549, 1550, 1551, 3
1503, 1502, 1523, 1524, 1525, 1526, 1527, 1545, 7, 6, 5, 4
1503, 1502, 1523, 1524, 1525, 1526, 1527, 1545, 7, 6, 5
1503, 1502, 1523, 1524, 1525, 1526, 1527, 1545, 7, 6
1503, 1502, 1523, 1524, 1525, 1526, 1527, 1545, 7
1503, 1502, 1523, 1524, 1525, 1526, 1544, 8
1503, 1522, 1542, 11, 10, 9
1503, 1522, 1542, 11, 10
1503, 1522, 1542, 11
1503, 1522, 1542, 12
1503, 1522, 1541, 13
1503, 1522, 1541, 13, 14
1503, 1522, 1541, 13, 14, 15
1503, 1504, 1521, 1520, 1519, 1538, 16
1503, 1504, 1521, 1520, 1519, 1538, 16, 17
1503, 1504, 1521, 1520, 1519, 1538, 16, 17, 18
1503, 1504, 1505, 1506, 1507, 1486, 1487, 1488, 1489, 1490, 1515, 1534, 19
1503, 1504, 1505, 1506, 1507, 1486, 1487, 1488, 1489, 1490, 1515, 1534, 19, 20
1503, 1504, 1521, 1520, 1519, 1538, 16, 17, 18, 21
1503, 1504, 1521, 1520, 1519, 1538, 16, 17, 18, 21, 22
1503, 1504, 1521, 1520, 1519, 1538, 16, 17, 18, 21, 22, 23
1503, 1502, 1523, 1524, 1525, 1526, 1527, 1545, 7, 29, 28, 27, 26, 25, 24
1503, 1502, 1523, 1524, 1525, 1526, 1527, 1545, 7, 29, 28, 27, 26, 25
1503, 1502, 1523, 1524, 1525, 1526, 1527, 1545, 7, 29, 28, 27, 26
1503, 1502, 1523, 1524, 1525, 1526, 1527, 1545, 7, 29, 28, 27
1503, 1502, 1523, 1524, 1525, 1526, 1527, 1545, 7, 29, 28
1503, 1502, 1523, 1524, 1525, 1526, 1527, 1545, 7, 29
1503, 1502, 1523, 1524, 1525, 1526, 1544, 8, 31, 30
1503, 1502, 1523, 1524, 1525, 1526, 1544, 8, 31
1503, 1522, 1542, 12, 34, 33, 32
1503, 1522, 1542, 12, 34, 33
1503, 1522, 1542, 12, 34
1503, 1522, 1542, 12, 35
1503, 1522, 1541, 13, 36
1503, 1522, 1541, 13, 14, 37
1503, 1522, 1541, 13, 14, 37, 38
1503, 1522, 1541, 13, 14, 37, 38, 39
1503, 1504, 1521, 1520, 1519, 1538, 16, 17, 40
1503, 1504, 1521, 1520, 1519, 1538, 16, 17, 41
1503, 1522, 1541, 13, 14, 37, 38, 39, 42
1503, 1504, 1521, 1520, 1519, 1538, 16, 17, 41, 43
1503, 1504, 1521, 1520, 1519, 1538, 16, 17, 18, 21, 44
1503, 1504, 1521, 1520, 1519, 1538, 16, 17, 18, 21, 45
1503, 1504, 1521, 1520, 1519, 1538, 16, 17, 18, 21, 45, 46
1503, 1504, 1521, 1520, 1519, 1538, 16, 17, 18, 21, 45, 46, 47
1503, 1504, 1521, 1520, 1519, 1538, 16, 17, 18, 21, 45, 46, 47, 48
1503, 1502, 1523, 1524, 1525, 1526, 1527, 1545, 7, 29, 28, 27, 51, 50, 49
1503, 1502, 1523, 1524, 1525, 1526, 1527, 1545, 7, 29, 28, 27, 51, 50
1503, 1502, 1523, 1524, 1525, 1526, 1527, 1545, 7, 29, 28, 27, 51
1503, 1502, 1523, 1524, 1525, 1526, 1527, 1545, 7, 29, 28, 53, 52
1503, 1502, 1523, 1524, 1525, 1526, 1527, 1545, 7, 29, 28, 53
1503, 1502, 1523, 1524, 1525, 1526, 1544, 8, 31, 30, 54
1503, 1502, 1523, 1524, 1525, 1526, 1544, 8, 31, 55
1503, 1522, 1542, 12, 34, 33, 32, 56
1503, 1522, 1542, 12, 34, 33, 57
1503, 1522, 1542, 12, 35, 58
1503, 1522, 1541, 13, 36, 59
1503, 1522, 1541, 13, 14, 37, 60
1503, 1522, 1541, 13, 14, 37, 61
1503, 1522, 1541, 13, 14, 37, 38, 62
1503, 1522, 1541, 13, 14, 37, 38, 39, 42, 63
1503, 1522, 1541, 13, 14, 37, 38, 39, 42, 64
1503, 1504, 1521, 1520, 1519, 1538, 16, 17, 41, 43, 65
1503, 1504, 1521, 1520, 1519, 1538, 16, 17, 41, 43, 65, 66
1503, 1504, 1521, 1520, 1519, 1538, 16, 17, 41, 43, 65, 66, 67
1503, 1504, 1521, 1520, 1519, 1538, 16, 17, 41, 43, 65, 66, 67, 68
1503, 1504, 1521, 1520, 1519, 1538, 16, 17, 41, 43, 65, 66, 67, 68, 69
1503, 1504, 1521, 1520, 1519, 1538, 16, 17, 41, 43, 65, 66, 67, 68, 69, 70
1503, 1502, 1523, 1524, 1525, 1526, 1527, 1545, 7, 29, 28, 27, 51, 50, 49, 71
1503, 1502, 1523, 1524, 1525, 1526, 1527, 1545, 7, 29, 28, 27, 51, 50, 49, 72
1503, 1502, 1523, 1524, 1525, 1526, 1527, 1545, 7, 29, 28, 53, 52, 75, 74, 73
1503, 1502, 1523, 1524, 1525, 1526, 1527, 1545, 7, 29, 28, 53, 52, 75, 74
1503, 1502, 1523, 1524, 1525, 1526, 1527, 1545, 7, 29, 28, 53, 52, 75
1503, 1502, 1523, 1524, 1525, 1526, 1527, 1545, 7, 29, 28, 53, 77, 76
1503, 1502, 1523, 1524, 1525, 1526, 1527, 1545, 7, 29, 28, 53, 77
1503, 1502, 1523, 1524, 1525, 1526, 1544, 8, 31, 55, 78
1503, 1522, 1542, 12, 34, 33, 57, 81, 80, 79
1503, 1522, 1542, 12, 34, 33, 57, 81, 80
1503, 1522, 1542, 12, 34, 33, 57, 81
1503, 1522, 1542, 12, 34, 33, 57, 82
1503, 1522, 1542, 12, 35, 58, 83
1503, 1522, 1541, 13, 36, 59, 84
1503, 1522, 1541, 13, 14, 37, 60, 85
1503, 1522, 1541, 13, 14, 37, 61, 86
1503, 1522, 1541, 13, 14, 37, 38, 62, 87
1503, 1522, 1541, 13, 14, 37, 38, 62, 87, 88
1503, 1522, 1541, 13, 14, 37, 61, 86, 89
1503, 1522, 1541, 13, 14, 37, 60, 85, 90
1503, 1522, 1541, 13, 36, 59, 84, 91
1503, 1522, 1542, 12, 35, 58, 83, 92
1503, 1522, 1542, 12, 34, 33, 57, 82, 93
1503, 1522, 1542, 12, 34, 33, 57, 81, 94
1503, 1522, 1542, 12, 34, 33, 57, 81, 94, 95
1503, 1522, 1542, 12, 34, 33, 57, 81, 94, 95, 96
1503, 1522, 1542, 12, 34, 33, 57, 81, 80, 79, 97
1503, 1502, 1523, 1524, 1525, 1526, 1527, 1545, 7, 29, 28, 53, 77, 98
1503, 1502, 1523, 1524, 1525, 1526, 1527, 1545, 7, 29, 28, 53, 77, 76, 99
