1424, 1423, 1422, 1421, 1420, 1432, 1463, 1466, 1491, 1513, 1532, 20, 0
1424, 1423, 1422, 1421, 1420, 1432, 1463, 1466, 1491, 1513, 1532, 20, 0, 1
1424, 1423, 1422, 1421, 1420, 1432, 1463, 1466, 1491, 1513, 1532, 1553, 1552, 2
1424, 1423, 1422, 1421, 1420, 1432, 1463, 1466, 1491, 1513, 1532, 1553, 1552, 2, 3
1424, 1423, 1422, 1421, 1420, 1432, 1463, 1466, 1491, 1513, 1532, 1553, 1552, 2, 3, 4
1424, 1423, 1422, 1421, 1420, 1432, 1463, 1466, 1491, 1513, 1532, 1553, 1552, 1551, 1550, 1549, 5
1424, 1435, 1459, 1471, 1472, 1506, 1521, 1522, 1523, 1524, 1525, 1526, 1527, 1545, 7, 6
1424, 1435, 1459, 1471, 1472, 1506, 1521, 1522, 1523, 1524, 1525, 1526, 1527, 1545, 7
1424, 1435, 1459, 1471, 1472, 1506, 1521, 1522, 1542, 1543, 1544, 8
1424, 1435, 1459, 1471, 1472, 1506, 1521, 1522, 1542, 11, 10, 9
1424, 1435, 1459, 1471, 1472, 1506, 1521, 1522, 1542, 11, 10
1424, 1435, 1459, 1471, 1472, 1506, 1521, 1522, 1542, 11
1424, 1435, 1459, 1471, 1472, 1506, 1521, 1540, 13, 12
1424, 1435, 1459, 1471, 1472, 1506, 1521, 1540, 13
1424, 1435, 1459, 1471, 1507, 1520, 1539, 14
1424, 1435, 1459, 1471, 1507, 1518, 1538, 15
1424, 1435, 1459, 1471, 1507, 1518, 1538, 16
1424, 1435, 1459, 1471, 1507, 1518, 1538, 16, 17
1424, 1423, 1434, 1461, 1468, 1467, 1490, 1515, 1535, 18
1424, 1423, 1434, 1461, 1468, 1467, 1490, 1515, 1534, 19
1424, 1423, 1422, 1421, 1420, 1432, 1463, 1466, 1491, 1513, 1532, 20
1424, 1423, 1434, 1461, 1468, 1467, 1490, 1515, 1535, 18, 21
1424, 1423, 1434, 1461, 1468, 1467, 1490, 1515, 1534, 19, 22
1424, 1423, 1422, 1421, 1420, 1432, 1463, 1466, 1491, 1513, 1532, 20, 23
1424, 1423, 1422, 1421, 1420, 1432, 1463, 1466, 1491, 1513, 1532, 20, 0, 1, 24
1424, 1423, 1422, 1421, 1420, 1432, 1463, 1466, 1491, 1513, 1532, 1553, 1552, 2, 3, 25
1424, 1423, 1422, 1421, 1420, 1432, 1463, 1466, 1491, 1513, 1532, 1553, 1552, 2, 3, 25, 26
1424, 1423, 1422, 1421, 1420, 1432, 1463, 1466, 1491, 1513, 1532, 1553, 1552, 2, 3, 25, 26, 27
1424, 1435, 1459, 1471, 1472, 1506, 1521, 1522, 1523, 1524, 1525, 1526, 1527, 1545, 7, 29, 28
1424, 1435, 1459, 1471, 1472, 1506, 1521, 1522, 1523, 1524, 1525, 1526, 1527, 1545, 7, 29
1424, 1435, 1459, 1471, 1472, 1506, 1521, 1522, 1542, 1543, 1544, 8, 31, 30
1424, 1435, 1459, 1471, 1472, 1506, 1521, 1522, 1542, 1543, 1544, 8, 31
1424, 1435, 1459, 1471, 1472, 1506, 1521, 1540, 13, 36, 35, 34, 33, 32
1424, 1435, 1459, 1471, 1472, 1506, 1521, 1540, 13, 36, 35, 34, 33
1424, 1435, 1459, 1471, 1472, 1506, 1521, 1540, 13, 36, 35, 34
1424, 1435, 1459, 1471, 1472, 1506, 1521, 1540, 13, 36, 35
1424, 1435, 1459, 1471, 1472, 1506, 1521, 1540, 13, 36
1424, 1435, 1459, 1471, 1507, 1520, 1539, 14, 37
1424, 1435, 1459, 1471, 1507, 1518, 1538, 15, 38
1424, 1435, 1459, 1471, 1507, 1518, 1538, 16, 39
1424, 1435, 1459, 1471, 1507, 1518, 1538, 16, 17, 40
1424, 1435, 1459, 1471, 1507, 1518, 1538, 16, 17, 41
1424, 1435, 1459, 1471, 1507, 1518, 1538, 16, 39, 42
1424, 1435, 1459, 1471, 1507, 1518, 1538, 16, 17, 41, 43
1424, 1423, 1434, 1461, 1468, 1467, 1490, 1515, 1535, 18, 21, 44
1424, 1423, 1434, 1461, 1468, 1467, 1490, 1515, 1535, 18, 21, 45
1424, 1423, 1434, 1461, 1468, 1467, 1490, 1515, 1534, 19, 22, 46
1424, 1423, 1422, 1421, 1420, 1432, 1463, 1466, 1491, 1513, 1532, 20, 23, 47
1424, 1423, 1422, 1421, 1420, 1432, 1463, 1466, 1491, 1513, 1532, 20, 23, 47, 48
1424, 1423, 1422, 1421, 1420, 1432, 1463, 1466, 1491, 1513, 1532, 1553, 1552, 2, 3, 25, 49
1424, 1423, 1422, 1421, 1420, 1432, 1463, 1466, 1491, 1513, 1532, 1553, 1552, 2, 3, 25, 49, 50
1424, 1423, 1422, 1421, 1420, 1432, 1463, 1466, 1491, 1513, 1532, 1553, 1552, 2, 3, 25, 49, 50, 51
1424, 1423, 1422, 1421, 1420, 1432, 1463, 1466, 1491, 1513, 1532, 1553, 1552, 2, 3, 25, 26, 27, 52
1424, 1435, 1459, 1471, 1472, 1506, 1521, 1522, 1523, 1524, 1525, 1526, 1527, 1545, 7, 29, 28, 53
1424, 1435, 1459, 1471, 1472, 1506, 1521, 1522, 1542, 1543, 1544, 8, 31, 30, 54
1424, 1435, 1459, 1471, 1472, 1506, 1521, 1522, 1542, 1543, 1544, 8, 31, 55
1424, 1435, 1459, 1471, 1472, 1506, 1521, 1540, 13, 36, 35, 34, 33, 32, 56
1424, 1435, 1459, 1471, 1472, 1506, 1521, 1540, 13, 36, 35, 34, 33, 57
1424, 1435, 1459, 1471, 1472, 1506, 1521, 1540, 13, 36, 35, 58
1424, 1435, 1459, 1471, 1507, 1520, 1539, 14, 37, 59
1424, 1435, 1459, 1471, 1507, 1520, 1539, 14, 37, 60
1424, 1435, 1459, 1471, 1507, 1520, 1539, 14, 37, 61
1424, 1435, 1459, 1471, 1507, 1518, 1538, 15, 38, 62
1424, 1435, 1459, 1471, 1507, 1518, 1538, 16, 39, 42, 63
1424, 1435, 1459, 1471, 1507, 1518, 1538, 16, 39, 42, 64
1424, 1435, 1459, 1471, 1507, 1518, 1538, 16, 17, 41, 43, 65
1424, 1423, 1434, 1461, 1468, 1467, 1490, 1515, 1534, 19, 22, 46, 66
1424, 1423, 1434, 1461, 1468, 1467, 1490, 1515, 1534, 19, 22, 46, 66, 67
1424, 1423, 1434, 1461, 1468, 1467, 1490, 1515, 1534, 19, 22, 46, 66, 67, 68
1424, 1423, 1422, 1421, 1420, 1432, 1463, 1466, 1491, 1513, 1532, 20, 23, 47, 69
1424, 1423, 1422, 1421, 1420, 1432, 1463, 1466, 1491, 1513, 1532, 20, 23, 47, 69, 70
1424, 1423, 1422, 1421, 1420, 1432, 1463, 1466, 1491, 1513, 1532, 20, 23, 47, 69, 70, 71
1424, 1423, 1422, 1421, 1420, 1432, 1463, 1466, 1491, 1513, 1532, 20, 23, 47, 69, 70, 71, 72
1424, 1423, 1422, 1421, 1420, 1432, 1463, 1466, 1491, 1513, 1532, 20, 23, 47, 69, 70, 71, 72, 73
1424, 1423, 1422, 1421, 1420, 1432, 1463, 1466, 1491, 1513, 1532, 1553, 1552, 2, 3, 25, 49, 50, 74
1424, 1423, 1422, 1421, 1420, 1432, 1463, 1466, 1491, 1513, 1532, 1553, 1552, 2, 3, 25, 49, 50, 51, 75
1424, 1423, 1422, 1421, 1420, 1432, 1463, 1466, 1491, 1513, 1532, 1553, 1552, 2, 3, 25, 26, 27, 52, 76
1424, 1435, 1459, 1471, 1472, 1506, 1521, 1522, 1523, 1524, 1525, 1526, 1527, 1545, 7, 29, 28, 53, 77
1424, 1435, 1459, 1471, 1472, 1506, 1521, 1522, 1542, 1543, 1544, 8, 31, 55, 78
1424, 1435, 1459, 1471, 1472, 1506, 1521, 1540, 13, 36, 35, 34, 33, 57, 81, 80, 79
1424, 1435, 1459, 1471, 1472, 1506, 1521, 1540, 13, 36, 35, 34, 33, 57, 81, 80
1424, 1435, 1459, 1471, 1472, 1506, 1521, 1540, 13, 36, 35, 34, 33, 57, 81
1424, 1435, 1459, 1471, 1472, 1506, 1521, 1540, 13, 36, 35, 34, 33, 57, 82
1424, 1435, 1459, 1471, 1472, 1506, 1521, 1540, 13, 36, 35, 58, 83
1424, 1435, 1459, 1471, 1507, 1520, 1539, 14, 37, 59, 84
1424, 1435, 1459, 1471, 1507, 1520, 1539, 14, 37, 60, 85
1424, 1435, 1459, 1471, 1507, 1520, 1539, 14, 37, 61, 86
1424, 1435, 1459, 1471, 1507, 1518, 1538, 15, 38, 62, 87
1424, 1435, 1459, 1471, 1507, 1518, 1538, 15, 38, 62, 87, 88
1424, 1435, 1459, 1471, 1507, 1520, 1539, 14, 37, 61, 86, 89
1424, 1435, 1459, 1471, 1507, 1520, 1539, 14, 37, 60, 85, 90
1424, 1435, 1459, 1471, 1507, 1520, 1539, 14, 37, 60, 85, 91
1424, 1435, 1459, 1471, 1472, 1506, 1521, 1540, 13, 36, 35, 58, 83, 92
1424, 1435, 1459, 1471, 1472, 1506, 1521, 1540, 13, 36, 35, 58, 83, 92, 93
1424, 1435, 1459, 1471, 1472, 1506, 1521, 1540, 13, 36, 35, 34, 33, 57, 81, 94
1424, 1435, 1459, 1471, 1472, 1506, 1521, 1540, 13, 36, 35, 34, 33, 57, 81, 94, 95
1424, 1435, 1459, 1471, 1472, 1506, 1521, 1540, 13, 36, 35, 34, 33, 57, 81, 94, 95, 96
1424, 1435, 1459, 1471, 1472, 1506, 1521, 1540, 13, 36, 35, 34, 33, 57, 81, 80, 79, 97
1424, 1435, 1459, 1471, 1472, 1506, 1521, 1540, 13, 36, 35, 34, 33, 57, 81, 80, 79, 97, 98
1424, 1423, 1422, 1421, 1420, 1432, 1463, 1466, 1491, 1513, 1532, 1553, 1552, 2, 3, 25, 49, 50, 51, 75, 101, 100, 99
