147, 110, 102, 73, 49, 25, 24, 1, 0
147, 110, 102, 73, 49, 25, 24, 1
147, 110, 102, 73, 49, 25, 3, 2
147, 110, 102, 73, 49, 25, 3
147, 110, 102, 73, 50, 26, 4
147, 110, 102, 73, 50, 51, 27, 5
147, 110, 102, 73, 50, 51, 27, 5, 6
147, 148, 149, 131, 99, 76, 77, 53, 28, 29, 7
147, 148, 149, 131, 99, 76, 77, 53, 28, 29, 7, 8
147, 148, 149, 131, 99, 76, 77, 53, 28, 29, 7, 8, 9
147, 148, 149, 131, 99, 76, 77, 53, 28, 29, 7, 8, 9, 10
147, 148, 149, 131, 99, 76, 77, 53, 28, 29, 7, 8, 9, 10, 11
147, 148, 149, 131, 99, 76, 77, 53, 28, 29, 7, 8, 9, 10, 11, 12
147, 148, 149, 131, 99, 76, 77, 53, 28, 29, 7, 8, 9, 10, 11, 12, 13
147, 146, 145, 144, 143, 142, 115, 116, 108, 65, 43, 41, 17, 16, 15, 14
147, 146, 145, 144, 143, 142, 115, 116, 108, 65, 43, 41, 17, 16, 15
147, 146, 145, 144, 143, 142, 115, 116, 108, 65, 43, 41, 17, 16
147, 146, 145, 144, 143, 142, 115, 116, 108, 65, 43, 41, 17
147, 146, 145, 144, 143, 114, 106, 107, 66, 44, 21, 18
147, 110, 102, 103, 71, 70, 69, 47, 23, 20, 19
147, 110, 102, 103, 71, 70, 69, 47, 23, 20
147, 146, 145, 144, 143, 114, 106, 107, 66, 44, 21
147, 110, 102, 103, 71, 70, 69, 47, 46, 22
147, 110, 102, 103, 71, 70, 69, 47, 23
147, 110, 102, 73, 49, 25, 24
147, 110, 102, 73, 49, 25
147, 110, 102, 73, 50, 26
147, 110, 102, 73, 50, 51, 27
147, 148, 149, 131, 99, 76, 77, 53, 28
147, 148, 149, 131, 99, 76, 77, 53, 28, 29
147, 148, 149, 131, 99, 76, 77, 53, 28, 29, 30
147, 148, 149, 131, 99, 76, 77, 53, 28, 29, 30, 31
147, 148, 149, 131, 99, 76, 77, 53, 28, 29, 30, 31, 32
147, 148, 149, 131, 99, 76, 77, 53, 28, 29, 30, 31, 32, 33
147, 148, 149, 131, 99, 76, 77, 53, 28, 29, 30, 31, 32, 33, 34
147, 148, 149, 131, 99, 76, 77, 53, 28, 29, 30, 31, 32, 33, 34, 35
147, 148, 149, 131, 99, 76, 77, 53, 28, 29, 30, 31, 32, 33, 34, 35, 36
147, 146, 145, 144, 143, 142, 115, 116, 108, 65, 43, 41, 40, 39, 38, 37
147, 146, 145, 144, 143, 142, 115, 116, 108, 65, 43, 41, 40, 39, 38
147, 146, 145, 144, 143, 142, 115, 116, 108, 65, 43, 41, 40, 39
147, 146, 145, 144, 143, 142, 115, 116, 108, 65, 43, 41, 40
147, 146, 145, 144, 143, 142, 115, 116, 108, 65, 43, 41
147, 146, 145, 144, 143, 142, 115, 116, 108, 65, 43, 42
147, 146, 145, 144, 143, 142, 115, 116, 108, 65, 43
147, 146, 145, 144, 143, 114, 106, 107, 66, 44
147, 146, 145, 144, 143, 114, 106, 107, 66, 45
147, 110, 102, 103, 71, 70, 69, 47, 46
147, 110, 102, 103, 71, 70, 69, 47
147, 110, 102, 103, 71, 70, 48
147, 110, 102, 73, 49
147, 110, 102, 73, 50
147, 110, 102, 73, 50, 51
147, 110, 102, 74, 75, 52
147, 148, 149, 131, 99, 76, 77, 53
147, 148, 149, 131, 99, 76, 77, 53, 54
147, 148, 149, 131, 99, 76, 77, 78, 55
147, 148, 149, 131, 99, 76, 77, 78, 55, 56
147, 148, 149, 150, 130, 98, 97, 79, 80, 81, 57
147, 148, 149, 150, 130, 98, 97, 79, 80, 81, 57, 58
147, 148, 149, 150, 130, 98, 97, 79, 80, 81, 57, 58, 59
147, 146, 145, 144, 143, 142, 115, 116, 108, 65, 43, 42, 62, 61, 60
147, 146, 145, 144, 143, 142, 115, 116, 108, 65, 43, 42, 62, 61
147, 146, 145, 144, 143, 142, 115, 116, 108, 65, 43, 42, 62
147, 146, 145, 144, 143, 142, 115, 116, 108, 109, 63
147, 146, 145, 144, 143, 142, 115, 116, 108, 65, 64
147, 146, 145, 144, 143, 142, 115, 116, 108, 65
147, 146, 145, 144, 143, 114, 106, 107, 66
147, 110, 102, 103, 71, 70, 69, 68, 67
147, 110, 102, 103, 71, 70, 69, 68
147, 110, 102, 103, 71, 70, 69
147, 110, 102, 103, 71, 70
147, 110, 102, 103, 71
147, 110, 102, 72
147, 110, 102, 73
147, 110, 102, 74
147, 110, 102, 74, 75
147, 148, 149, 131, 99, 76
147, 148, 149, 131, 99, 76, 77
147, 148, 149, 131, 99, 76, 77, 78
147, 148, 149, 150, 130, 98, 97, 79
147, 148, 149, 150, 130, 98, 97, 79, 80
147, 148, 149, 150, 130, 98, 97, 79, 80, 81
147, 148, 149, 150, 130, 98, 97, 79, 80, 81, 82
147, 148, 149, 150, 130, 98, 97, 79, 80, 81, 82, 83
147, 148, 149, 150, 130, 98, 97, 79, 80, 81, 82, 83, 84
147, 146, 145, 144, 143, 142, 115, 116, 108, 109, 63, 87, 86, 85
147, 146, 145, 144, 143, 142, 115, 116, 108, 109, 63, 87, 86
147, 146, 145, 144, 143, 142, 115, 116, 108, 109, 63, 87
147, 146, 145, 144, 143, 142, 115, 116, 108, 109, 88
147, 146, 145, 144, 143, 142, 115, 116, 108, 109, 88, 89
147, 146, 145, 144, 143, 142, 115, 116, 108, 109, 88, 89, 90
147, 146, 145, 144, 143, 142, 115, 116, 108, 109, 88, 89, 90, 91
147, 148, 149, 150, 130, 98, 97, 96, 95, 94, 93, 92
147, 148, 149, 150, 130, 98, 97, 96, 95, 94, 93
147, 148, 149, 150, 130, 98, 97, 96, 95, 94
147, 148, 149, 150, 130, 98, 97, 96, 95
147, 148, 149, 150, 130, 98, 97, 96
147, 148, 149, 150, 130, 98, 97
147, 148, 149, 150, 130, 98
147, 148, 149, 131, 99
