349, 370, 341, 319, 296, 273, 244, 236, 213, 196, 154, 149, 131, 101, 75, 51, 50, 49, 25, 24, 1, 0
349, 370, 341, 319, 296, 273, 244, 236, 213, 196, 154, 149, 131, 101, 75, 51, 50, 49, 25, 24, 1
349, 370, 341, 319, 296, 273, 244, 236, 213, 196, 154, 149, 131, 101, 75, 51, 50, 49, 25, 3, 2
349, 370, 341, 319, 296, 273, 244, 236, 213, 196, 154, 149, 131, 101, 75, 51, 50, 49, 25, 3
349, 370, 341, 319, 296, 273, 244, 236, 213, 196, 154, 149, 131, 101, 75, 51, 50, 26, 4
349, 370, 341, 319, 296, 273, 244, 236, 213, 196, 154, 149, 131, 101, 75, 52, 27, 5
349, 340, 320, 297, 272, 247, 233, 216, 177, 173, 151, 129, 98, 77, 53, 28, 6
349, 340, 320, 297, 272, 247, 233, 216, 177, 173, 151, 129, 98, 77, 53, 28, 29, 7
349, 340, 320, 297, 272, 247, 233, 216, 177, 173, 151, 128, 127, 97, 79, 55, 31, 8
349, 340, 320, 297, 272, 247, 233, 216, 177, 173, 151, 128, 127, 97, 79, 55, 31, 8, 9
349, 350, 351, 339, 322, 301, 269, 250, 231, 198, 180, 170, 133, 125, 94, 81, 57, 33, 10
349, 350, 351, 339, 322, 301, 269, 250, 231, 198, 180, 170, 133, 125, 94, 81, 57, 33, 10, 11
349, 350, 351, 339, 322, 301, 269, 250, 231, 198, 180, 170, 133, 125, 94, 81, 57, 33, 34, 12
349, 350, 351, 339, 322, 301, 269, 250, 231, 198, 180, 170, 133, 125, 94, 81, 57, 33, 34, 35, 36, 13
349, 350, 351, 339, 338, 323, 302, 303, 267, 252, 228, 200, 183, 167, 135, 123, 91, 85, 60, 37, 14
349, 350, 351, 339, 338, 323, 302, 303, 267, 252, 228, 200, 183, 167, 135, 123, 91, 85, 60, 37, 38, 15
349, 350, 351, 339, 338, 323, 302, 303, 267, 252, 228, 200, 183, 167, 135, 123, 91, 85, 60, 37, 38, 15, 16
349, 350, 351, 339, 338, 323, 302, 303, 267, 252, 228, 200, 183, 167, 135, 123, 91, 85, 61, 62, 42, 40, 17
349, 370, 341, 319, 296, 273, 244, 236, 213, 212, 195, 157, 147, 146, 145, 144, 143, 114, 106, 107, 66, 44, 21, 18
349, 370, 341, 319, 296, 273, 244, 236, 213, 196, 154, 155, 148, 110, 102, 103, 71, 70, 69, 47, 23, 20, 19
349, 370, 341, 319, 296, 273, 244, 236, 213, 196, 154, 155, 148, 110, 102, 103, 71, 70, 69, 47, 23, 20
349, 370, 341, 319, 296, 273, 244, 236, 213, 212, 195, 157, 147, 146, 145, 144, 143, 114, 106, 107, 66, 44, 21
349, 370, 341, 319, 296, 273, 244, 236, 213, 196, 154, 155, 148, 110, 102, 103, 71, 70, 69, 47, 46, 22
349, 370, 341, 319, 296, 273, 244, 236, 213, 196, 154, 155, 148, 110, 102, 103, 71, 70, 69, 47, 23
349, 370, 341, 319, 296, 273, 244, 236, 213, 196, 154, 149, 131, 101, 75, 51, 50, 49, 25, 24
349, 370, 341, 319, 296, 273, 244, 236, 213, 196, 154, 149, 131, 101, 75, 51, 50, 49, 25
349, 370, 341, 319, 296, 273, 244, 236, 213, 196, 154, 149, 131, 101, 75, 51, 50, 26
349, 370, 341, 319, 296, 273, 244, 236, 213, 196, 154, 149, 131, 101, 75, 52, 27
349, 340, 320, 297, 272, 247, 233, 216, 177, 173, 151, 129, 98, 77, 53, 28
349, 340, 320, 297, 272, 247, 233, 216, 177, 173, 151, 129, 98, 77, 53, 28, 29
349, 340, 320, 297, 272, 247, 233, 216, 177, 173, 151, 129, 98, 77, 53, 28, 29, 30
349, 340, 320, 297, 272, 247, 233, 216, 177, 173, 151, 128, 127, 97, 79, 55, 31
349, 340, 320, 297, 272, 247, 233, 216, 177, 173, 172, 153, 126, 96, 95, 80, 56, 32
349, 350, 351, 339, 322, 301, 269, 250, 231, 198, 180, 170, 133, 125, 94, 81, 57, 33
349, 350, 351, 339, 322, 301, 269, 250, 231, 198, 180, 170, 133, 125, 94, 81, 57, 33, 34
349, 350, 351, 339, 322, 301, 269, 250, 231, 198, 180, 170, 133, 125, 94, 81, 57, 33, 34, 35
349, 350, 351, 339, 322, 301, 269, 250, 231, 198, 180, 170, 133, 125, 94, 81, 57, 33, 34, 35, 36
349, 350, 351, 339, 338, 323, 302, 303, 267, 252, 228, 200, 183, 167, 135, 123, 91, 85, 60, 37
349, 350, 351, 339, 338, 323, 302, 303, 267, 252, 228, 200, 183, 167, 135, 123, 91, 85, 60, 37, 38
349, 350, 351, 339, 338, 323, 302, 303, 267, 252, 228, 200, 183, 167, 135, 123, 91, 85, 60, 37, 38, 39
349, 350, 351, 339, 338, 323, 302, 303, 267, 252, 228, 200, 183, 167, 135, 123, 91, 85, 61, 62, 42, 40
349, 350, 351, 339, 338, 323, 302, 303, 267, 252, 228, 200, 183, 167, 135, 123, 91, 85, 61, 62, 42, 40, 41
349, 350, 351, 339, 338, 323, 302, 303, 267, 252, 228, 200, 183, 167, 135, 123, 91, 85, 61, 62, 42
349, 350, 351, 339, 338, 323, 302, 303, 267, 252, 228, 200, 183, 167, 135, 123, 91, 85, 61, 62, 42, 43
349, 370, 341, 319, 296, 273, 244, 236, 213, 212, 195, 157, 147, 146, 145, 144, 143, 114, 106, 107, 66, 44
349, 370, 341, 319, 296, 273, 244, 236, 213, 212, 195, 157, 147, 146, 145, 144, 143, 114, 106, 107, 66, 45
349, 370, 341, 319, 296, 273, 244, 236, 213, 196, 154, 155, 148, 110, 102, 103, 71, 70, 69, 47, 46
349, 370, 341, 319, 296, 273, 244, 236, 213, 196, 154, 155, 148, 110, 102, 103, 71, 70, 69, 47
349, 370, 341, 319, 296, 273, 244, 236, 213, 196, 154, 155, 148, 110, 102, 103, 71, 70, 48
349, 370, 341, 319, 296, 273, 244, 236, 213, 196, 154, 149, 131, 101, 75, 51, 50, 49
349, 370, 341, 319, 296, 273, 244, 236, 213, 196, 154, 149, 131, 101, 75, 51, 50
349, 370, 341, 319, 296, 273, 244, 236, 213, 196, 154, 149, 131, 101, 75, 51
349, 370, 341, 319, 296, 273, 244, 236, 213, 196, 154, 149, 131, 101, 75, 52
349, 340, 320, 297, 272, 247, 233, 216, 177, 173, 151, 129, 98, 77, 53
349, 340, 320, 297, 272, 247, 233, 216, 177, 173, 151, 129, 98, 77, 53, 54
349, 340, 320, 297, 272, 247, 233, 216, 177, 173, 151, 128, 127, 97, 79, 55
349, 340, 320, 297, 272, 247, 233, 216, 177, 173, 172, 153, 126, 96, 95, 80, 56
349, 350, 351, 339, 322, 301, 269, 250, 231, 198, 180, 170, 133, 125, 94, 81, 57
349, 350, 351, 339, 322, 301, 269, 250, 231, 198, 180, 170, 133, 125, 94, 81, 57, 58
349, 350, 351, 339, 338, 323, 302, 303, 267, 252, 228, 200, 183, 167, 135, 123, 91, 84, 59
349, 350, 351, 339, 338, 323, 302, 303, 267, 252, 228, 200, 183, 167, 135, 123, 91, 85, 60
349, 350, 351, 339, 338, 323, 302, 303, 267, 252, 228, 200, 183, 167, 135, 123, 91, 85, 61
349, 350, 351, 339, 338, 323, 302, 303, 267, 252, 228, 200, 183, 167, 135, 123, 91, 85, 61, 62
349, 350, 351, 339, 338, 323, 324, 325, 281, 282, 264, 263, 255, 225, 205, 187, 162, 139, 117, 109, 63
349, 350, 351, 339, 338, 323, 302, 303, 267, 252, 228, 200, 183, 167, 135, 123, 91, 85, 61, 62, 42, 64
349, 350, 351, 339, 338, 323, 324, 325, 281, 282, 264, 263, 255, 225, 205, 187, 162, 139, 117, 109, 108, 65
349, 370, 341, 319, 296, 273, 244, 236, 213, 212, 195, 157, 147, 146, 145, 144, 143, 114, 106, 107, 66
349, 370, 341, 319, 296, 273, 244, 236, 213, 196, 154, 155, 148, 110, 102, 103, 71, 70, 69, 68, 67
349, 370, 341, 319, 296, 273, 244, 236, 213, 196, 154, 155, 148, 110, 102, 103, 71, 70, 69, 68
349, 370, 341, 319, 296, 273, 244, 236, 213, 196, 154, 155, 148, 110, 102, 103, 71, 70, 69
349, 370, 341, 319, 296, 273, 244, 236, 213, 196, 154, 155, 148, 110, 102, 103, 71, 70
349, 370, 341, 319, 296, 273, 244, 236, 213, 196, 154, 155, 148, 110, 102, 103, 71
349, 370, 341, 319, 296, 273, 244, 236, 213, 196, 154, 155, 148, 110, 102, 72
349, 370, 341, 319, 296, 273, 244, 236, 213, 196, 154, 155, 148, 110, 102, 73
349, 370, 341, 319, 296, 273, 244, 236, 213, 196, 154, 149, 131, 101, 75, 74
349, 370, 341, 319, 296, 273, 244, 236, 213, 196, 154, 149, 131, 101, 75
349, 370, 341, 319, 296, 273, 244, 236, 213, 196, 154, 149, 131, 99, 76
349, 340, 320, 297, 272, 247, 233, 216, 177, 173, 151, 129, 98, 77
349, 340, 320, 297, 272, 247, 233, 216, 177, 173, 151, 128, 127, 97, 78
349, 340, 320, 297, 272, 247, 233, 216, 177, 173, 151, 128, 127, 97, 79
349, 340, 320, 297, 272, 247, 233, 216, 177, 173, 172, 153, 126, 96, 95, 80
349, 350, 351, 339, 322, 301, 269, 250, 231, 198, 180, 170, 133, 125, 94, 81
349, 350, 351, 339, 322, 301, 269, 250, 231, 198, 180, 170, 133, 125, 94, 81, 82
349, 350, 351, 339, 322, 301, 269, 250, 231, 198, 180, 170, 133, 125, 94, 81, 82, 83
349, 350, 351, 339, 338, 323, 302, 303, 267, 252, 228, 200, 183, 167, 135, 123, 91, 84
349, 350, 351, 339, 338, 323, 302, 303, 267, 252, 228, 200, 183, 167, 135, 123, 91, 85
349, 350, 351, 339, 338, 323, 302, 303, 267, 252, 228, 200, 183, 167, 135, 123, 91, 85, 86
349, 350, 351, 339, 338, 323, 302, 303, 267, 252, 228, 200, 183, 167, 135, 123, 91, 85, 86, 87
349, 350, 351, 339, 338, 323, 302, 303, 267, 252, 228, 200, 183, 167, 166, 136, 122, 89, 88
349, 350, 351, 339, 338, 323, 302, 303, 267, 252, 228, 200, 183, 167, 166, 136, 122, 89
349, 350, 351, 339, 338, 323, 302, 303, 267, 252, 228, 200, 183, 167, 166, 136, 122, 90
349, 350, 351, 339, 338, 323, 302, 303, 267, 252, 228, 200, 183, 167, 135, 123, 91
349, 350, 351, 339, 322, 301, 269, 250, 231, 198, 180, 170, 133, 125, 124, 92
349, 350, 351, 339, 322, 301, 269, 250, 231, 198, 180, 170, 133, 125, 124, 93
349, 350, 351, 339, 322, 301, 269, 250, 231, 198, 180, 170, 133, 125, 94
349, 340, 320, 297, 272, 247, 233, 216, 177, 173, 172, 153, 126, 96, 95
349, 340, 320, 297, 272, 247, 233, 216, 177, 173, 172, 153, 126, 96
349, 340, 320, 297, 272, 247, 233, 216, 177, 173, 151, 128, 127, 97
349, 340, 320, 297, 272, 247, 233, 216, 177, 173, 151, 129, 98
349, 370, 341, 319, 296, 273, 244, 236, 213, 196, 154, 149, 131, 99
