443, 427, 397, 373, 372, 357, 334, 304, 284, 263, 255, 225, 205, 187, 162, 140, 116, 107, 106, 67, 47, 23, 0
443, 427, 397, 373, 372, 357, 334, 304, 284, 263, 255, 225, 205, 187, 162, 140, 116, 107, 106, 67, 47, 23, 0, 1
443, 427, 397, 373, 372, 357, 334, 304, 284, 263, 255, 225, 205, 187, 162, 140, 116, 107, 106, 67, 47, 48, 24, 2
443, 427, 397, 373, 372, 357, 334, 304, 284, 263, 255, 225, 205, 187, 162, 140, 116, 107, 106, 67, 47, 48, 24, 2, 3
443, 442, 426, 425, 399, 378, 352, 338, 322, 321, 298, 271, 248, 233, 216, 177, 173, 151, 129, 98, 77, 53, 28, 6, 5, 4
443, 442, 426, 425, 399, 378, 352, 338, 322, 321, 298, 271, 248, 233, 216, 177, 173, 151, 129, 98, 77, 53, 28, 6, 5
443, 442, 426, 425, 399, 378, 352, 338, 322, 321, 298, 271, 248, 233, 216, 177, 173, 151, 129, 98, 77, 53, 28, 6
443, 427, 397, 375, 356, 335, 325, 303, 268, 251, 230, 199, 181, 169, 132, 125, 126, 97, 78, 54, 30, 7
443, 427, 397, 375, 356, 335, 325, 303, 268, 251, 230, 199, 181, 169, 132, 125, 95, 80, 56, 32, 9, 8
443, 427, 397, 375, 356, 335, 325, 303, 268, 251, 230, 199, 181, 169, 132, 125, 95, 80, 56, 32, 9
443, 427, 397, 375, 356, 335, 325, 303, 268, 251, 230, 199, 181, 169, 132, 125, 94, 81, 57, 33, 10
443, 427, 397, 375, 356, 335, 325, 303, 268, 251, 230, 199, 181, 169, 132, 125, 94, 81, 57, 33, 10, 11
443, 427, 397, 375, 356, 335, 325, 303, 268, 251, 230, 199, 181, 169, 132, 125, 94, 81, 57, 33, 34, 12
443, 427, 397, 373, 372, 357, 334, 304, 284, 263, 255, 225, 204, 186, 164, 138, 119, 88, 87, 62, 38, 37, 14, 13
443, 427, 397, 373, 372, 357, 334, 304, 284, 263, 255, 225, 204, 186, 164, 138, 119, 88, 87, 62, 38, 37, 14
443, 427, 397, 373, 372, 357, 334, 304, 284, 263, 255, 225, 204, 186, 164, 138, 119, 88, 87, 62, 38, 15
443, 427, 397, 373, 372, 357, 334, 304, 284, 263, 255, 225, 205, 187, 162, 139, 117, 109, 63, 42, 39, 16
443, 427, 397, 373, 372, 357, 334, 304, 284, 263, 255, 225, 205, 187, 162, 139, 117, 109, 63, 42, 40, 17
443, 427, 397, 373, 372, 357, 334, 304, 284, 263, 255, 225, 205, 187, 162, 139, 117, 109, 63, 42, 40, 17, 18
443, 427, 397, 373, 372, 357, 334, 304, 284, 263, 255, 225, 205, 187, 162, 140, 116, 107, 66, 46, 22, 19
443, 427, 397, 373, 372, 357, 334, 304, 284, 263, 255, 225, 205, 187, 162, 140, 116, 107, 106, 67, 47, 23, 20
443, 427, 397, 373, 372, 357, 334, 304, 284, 263, 255, 225, 205, 187, 162, 140, 116, 107, 66, 44, 21
443, 427, 397, 373, 372, 357, 334, 304, 284, 263, 255, 225, 205, 187, 162, 140, 116, 107, 66, 46, 22
443, 427, 397, 373, 372, 357, 334, 304, 284, 263, 255, 225, 205, 187, 162, 140, 116, 107, 106, 67, 47, 23
443, 427, 397, 373, 372, 357, 334, 304, 284, 263, 255, 225, 205, 187, 162, 140, 116, 107, 106, 67, 47, 48, 24
443, 427, 397, 373, 372, 357, 334, 304, 284, 263, 255, 225, 205, 187, 162, 140, 116, 107, 106, 67, 47, 48, 24, 25
443, 442, 426, 425, 399, 378, 352, 338, 322, 321, 298, 271, 248, 233, 216, 177, 173, 151, 129, 98, 77, 76, 52, 27, 26
443, 442, 426, 425, 399, 378, 352, 338, 322, 321, 298, 271, 248, 233, 216, 177, 173, 151, 129, 98, 77, 76, 52, 27
443, 442, 426, 425, 399, 378, 352, 338, 322, 321, 298, 271, 248, 233, 216, 177, 173, 151, 129, 98, 77, 53, 28
443, 442, 426, 425, 399, 378, 352, 338, 322, 321, 298, 271, 248, 233, 216, 177, 173, 151, 129, 98, 77, 53, 28, 29
443, 427, 397, 375, 356, 335, 325, 303, 268, 251, 230, 199, 181, 169, 132, 125, 126, 97, 78, 54, 30
443, 427, 397, 375, 356, 335, 325, 303, 268, 251, 230, 199, 181, 169, 132, 125, 95, 96, 79, 55, 31
443, 427, 397, 375, 356, 335, 325, 303, 268, 251, 230, 199, 181, 169, 132, 125, 95, 80, 56, 32
443, 427, 397, 375, 356, 335, 325, 303, 268, 251, 230, 199, 181, 169, 132, 125, 94, 81, 57, 33
443, 427, 397, 375, 356, 335, 325, 303, 268, 251, 230, 199, 181, 169, 132, 125, 94, 81, 57, 33, 34
443, 427, 397, 375, 356, 335, 325, 303, 268, 251, 230, 199, 182, 168, 134, 124, 92, 83, 58, 35
443, 427, 397, 373, 372, 357, 334, 304, 284, 263, 255, 225, 204, 186, 164, 138, 119, 88, 87, 62, 38, 37, 36
443, 427, 397, 373, 372, 357, 334, 304, 284, 263, 255, 225, 204, 186, 164, 138, 119, 88, 87, 62, 38, 37
443, 427, 397, 373, 372, 357, 334, 304, 284, 263, 255, 225, 204, 186, 164, 138, 119, 88, 87, 62, 38
443, 427, 397, 373, 372, 357, 334, 304, 284, 263, 255, 225, 205, 187, 162, 139, 117, 109, 63, 42, 39
443, 427, 397, 373, 372, 357, 334, 304, 284, 263, 255, 225, 205, 187, 162, 139, 117, 109, 63, 42, 40
443, 427, 397, 373, 372, 357, 334, 304, 284, 263, 255, 225, 205, 187, 162, 139, 117, 109, 63, 42, 40, 41
443, 427, 397, 373, 372, 357, 334, 304, 284, 263, 255, 225, 205, 187, 162, 139, 117, 109, 63, 42
443, 427, 397, 373, 372, 357, 334, 304, 284, 263, 255, 225, 205, 187, 162, 139, 117, 109, 108, 65, 43
443, 427, 397, 373, 372, 357, 334, 304, 284, 263, 255, 225, 205, 187, 162, 140, 116, 107, 66, 44
443, 427, 397, 373, 372, 357, 334, 304, 284, 263, 255, 225, 205, 187, 162, 140, 116, 107, 66, 45
443, 427, 397, 373, 372, 357, 334, 304, 284, 263, 255, 225, 205, 187, 162, 140, 116, 107, 66, 46
443, 427, 397, 373, 372, 357, 334, 304, 284, 263, 255, 225, 205, 187, 162, 140, 116, 107, 106, 67, 47
443, 427, 397, 373, 372, 357, 334, 304, 284, 263, 255, 225, 205, 187, 162, 140, 116, 107, 106, 67, 47, 48
443, 442, 426, 425, 399, 378, 352, 338, 322, 321, 298, 271, 248, 233, 216, 177, 173, 151, 129, 98, 77, 76, 52, 51, 50, 49
443, 442, 426, 425, 399, 378, 352, 338, 322, 321, 298, 271, 248, 233, 216, 177, 173, 151, 129, 98, 77, 76, 52, 51, 50
443, 442, 426, 425, 399, 378, 352, 338, 322, 321, 298, 271, 248, 233, 216, 177, 173, 151, 129, 98, 77, 76, 52, 51
443, 442, 426, 425, 399, 378, 352, 338, 322, 321, 298, 271, 248, 233, 216, 177, 173, 151, 129, 98, 77, 76, 52
443, 442, 426, 425, 399, 378, 352, 338, 322, 321, 298, 271, 248, 233, 216, 177, 173, 151, 129, 98, 77, 53
443, 427, 397, 375, 356, 335, 325, 303, 268, 251, 230, 199, 181, 169, 132, 125, 126, 97, 78, 54
443, 427, 397, 375, 356, 335, 325, 303, 268, 251, 230, 199, 181, 169, 132, 125, 95, 96, 79, 55
443, 427, 397, 375, 356, 335, 325, 303, 268, 251, 230, 199, 181, 169, 132, 125, 95, 80, 56
443, 427, 397, 375, 356, 335, 325, 303, 268, 251, 230, 199, 181, 169, 132, 125, 94, 81, 57
443, 427, 397, 375, 356, 335, 325, 303, 268, 251, 230, 199, 182, 168, 134, 124, 92, 83, 58
443, 427, 397, 373, 372, 357, 334, 304, 284, 263, 255, 225, 204, 186, 164, 138, 119, 88, 87, 62, 61, 60, 59
443, 427, 397, 373, 372, 357, 334, 304, 284, 263, 255, 225, 204, 186, 164, 138, 119, 88, 87, 62, 61, 60
443, 427, 397, 373, 372, 357, 334, 304, 284, 263, 255, 225, 204, 186, 164, 138, 119, 88, 87, 62, 61
443, 427, 397, 373, 372, 357, 334, 304, 284, 263, 255, 225, 204, 186, 164, 138, 119, 88, 87, 62
443, 427, 397, 373, 372, 357, 334, 304, 284, 263, 255, 225, 205, 187, 162, 139, 117, 109, 63
443, 427, 397, 373, 372, 357, 334, 304, 284, 263, 255, 225, 205, 187, 162, 139, 117, 109, 64
443, 427, 397, 373, 372, 357, 334, 304, 284, 263, 255, 225, 205, 187, 162, 139, 117, 109, 108, 65
443, 427, 397, 373, 372, 357, 334, 304, 284, 263, 255, 225, 205, 187, 162, 140, 116, 107, 66
443, 427, 397, 373, 372, 357, 334, 304, 284, 263, 255, 225, 205, 187, 162, 140, 116, 107, 106, 67
443, 427, 397, 373, 372, 357, 334, 304, 284, 263, 255, 225, 205, 187, 162, 140, 116, 107, 106, 67, 68
443, 427, 397, 373, 372, 357, 334, 304, 284, 263, 255, 225, 205, 187, 162, 140, 116, 107, 106, 67, 68, 69
443, 427, 397, 373, 372, 357, 334, 304, 284, 263, 255, 225, 205, 187, 162, 140, 116, 107, 106, 67, 68, 69, 70
443, 427, 397, 373, 372, 357, 334, 304, 284, 263, 255, 225, 205, 187, 162, 140, 116, 107, 106, 67, 68, 69, 70, 71
443, 427, 397, 373, 372, 357, 334, 304, 284, 263, 255, 225, 205, 187, 162, 140, 116, 107, 106, 67, 68, 69, 70, 71, 72
443, 442, 426, 425, 399, 378, 352, 338, 322, 321, 298, 271, 248, 233, 216, 177, 173, 151, 129, 98, 77, 76, 75, 74, 73
443, 442, 426, 425, 399, 378, 352, 338, 322, 321, 298, 271, 248, 233, 216, 177, 173, 151, 129, 98, 77, 76, 75, 74
443, 442, 426, 425, 399, 378, 352, 338, 322, 321, 298, 271, 248, 233, 216, 177, 173, 151, 129, 98, 77, 76, 75
443, 442, 426, 425, 399, 378, 352, 338, 322, 321, 298, 271, 248, 233, 216, 177, 173, 151, 129, 98, 77, 76
443, 442, 426, 425, 399, 378, 352, 338, 322, 321, 298, 271, 248, 233, 216, 177, 173, 151, 129, 98, 77
443, 427, 397, 375, 356, 335, 325, 303, 268, 251, 230, 199, 181, 169, 132, 125, 126, 97, 78
443, 427, 397, 375, 356, 335, 325, 303, 268, 251, 230, 199, 181, 169, 132, 125, 95, 96, 79
443, 427, 397, 375, 356, 335, 325, 303, 268, 251, 230, 199, 181, 169, 132, 125, 95, 80
443, 427, 397, 375, 356, 335, 325, 303, 268, 251, 230, 199, 181, 169, 132, 125, 94, 81
443, 427, 397, 375, 356, 335, 325, 303, 268, 251, 230, 199, 182, 168, 134, 124, 93, 82
443, 427, 397, 375, 356, 335, 325, 303, 268, 251, 230, 199, 182, 168, 134, 124, 92, 83
443, 427, 397, 375, 356, 335, 325, 303, 267, 252, 228, 200, 183, 167, 135, 123, 91, 84
443, 427, 397, 373, 372, 357, 334, 304, 284, 263, 255, 225, 204, 186, 164, 138, 119, 88, 87, 86, 85
443, 427, 397, 373, 372, 357, 334, 304, 284, 263, 255, 225, 204, 186, 164, 138, 119, 88, 87, 86
443, 427, 397, 373, 372, 357, 334, 304, 284, 263, 255, 225, 204, 186, 164, 138, 119, 88, 87
443, 427, 397, 373, 372, 357, 334, 304, 284, 263, 255, 225, 204, 186, 164, 138, 119, 88
443, 427, 397, 373, 372, 357, 334, 304, 284, 263, 255, 225, 204, 186, 164, 138, 119, 88, 89
443, 427, 397, 373, 372, 357, 334, 304, 284, 263, 255, 225, 204, 186, 164, 138, 119, 88, 89, 90
443, 427, 397, 375, 356, 335, 325, 303, 267, 252, 228, 200, 183, 167, 135, 123, 91
443, 427, 397, 375, 356, 335, 325, 303, 268, 251, 230, 199, 182, 168, 134, 124, 92
443, 427, 397, 375, 356, 335, 325, 303, 268, 251, 230, 199, 182, 168, 134, 124, 93
443, 427, 397, 375, 356, 335, 325, 303, 268, 251, 230, 199, 181, 169, 132, 125, 94
443, 427, 397, 375, 356, 335, 325, 303, 268, 251, 230, 199, 181, 169, 132, 125, 95
443, 427, 397, 375, 356, 335, 325, 303, 268, 251, 230, 199, 181, 169, 132, 125, 95, 96
443, 427, 397, 375, 356, 335, 325, 303, 268, 251, 230, 199, 181, 169, 132, 125, 126, 97
443, 442, 426, 425, 399, 378, 352, 338, 322, 321, 298, 271, 248, 233, 216, 177, 173, 151, 129, 98
443, 442, 426, 425, 399, 378, 352, 338, 322, 321, 298, 271, 248, 233, 216, 177, 173, 151, 129, 98, 99
