586, 564, 526, 511, 491, 473, 447, 431, 394, 393, 358, 332, 308, 285, 262, 256, 225, 205, 187, 162, 140, 116, 107, 106, 67, 47, 23, 0
586, 564, 565, 525, 510, 492, 469, 449, 433, 413, 391, 362, 329, 310, 288, 280, 238, 221, 208, 191, 160, 143, 113, 104, 70, 48, 24, 1
586, 564, 565, 525, 510, 492, 469, 449, 433, 413, 391, 362, 329, 310, 288, 280, 238, 221, 208, 191, 160, 143, 113, 104, 70, 48, 24, 2
586, 564, 565, 525, 510, 492, 469, 449, 433, 413, 391, 362, 329, 310, 288, 280, 238, 221, 208, 191, 160, 143, 113, 104, 70, 48, 24, 2, 3
586, 564, 565, 524, 509, 494, 495, 466, 453, 415, 408, 386, 366, 346, 315, 293, 276, 242, 237, 211, 194, 157, 148, 110, 102, 73, 50, 26, 4
586, 564, 565, 524, 509, 494, 495, 466, 453, 415, 408, 386, 366, 346, 315, 293, 294, 275, 243, 236, 213, 196, 154, 149, 131, 101, 75, 52, 27, 5
586, 564, 565, 524, 509, 494, 495, 466, 453, 415, 408, 407, 384, 368, 344, 317, 295, 273, 244, 235, 215, 175, 174, 150, 130, 98, 77, 53, 28, 6
586, 564, 565, 524, 509, 494, 495, 466, 453, 415, 408, 407, 384, 368, 344, 317, 295, 273, 244, 235, 215, 175, 174, 150, 130, 98, 77, 53, 28, 29, 7
586, 564, 526, 527, 512, 490, 474, 446, 429, 395, 372, 373, 356, 335, 325, 303, 268, 251, 230, 199, 181, 169, 132, 125, 95, 80, 56, 32, 9, 8
586, 564, 526, 527, 512, 490, 474, 446, 429, 395, 372, 373, 356, 335, 325, 303, 268, 251, 230, 199, 181, 169, 132, 125, 95, 80, 56, 32, 9
586, 564, 526, 511, 491, 473, 447, 431, 394, 393, 358, 332, 308, 285, 262, 256, 225, 204, 186, 164, 138, 119, 88, 87, 62, 38, 37, 36, 35, 34, 33, 10
586, 564, 526, 511, 491, 473, 447, 431, 394, 393, 358, 332, 308, 285, 262, 256, 225, 204, 186, 164, 138, 119, 88, 87, 62, 38, 37, 36, 35, 34, 11
586, 564, 526, 511, 491, 473, 447, 431, 394, 393, 358, 332, 308, 285, 262, 256, 225, 204, 186, 164, 138, 119, 88, 87, 62, 38, 37, 36, 35, 12
586, 564, 526, 511, 491, 473, 447, 431, 394, 393, 358, 332, 308, 285, 262, 256, 225, 204, 186, 164, 138, 119, 88, 87, 62, 38, 37, 14, 13
586, 564, 526, 511, 491, 473, 447, 431, 394, 393, 358, 332, 308, 285, 262, 256, 225, 204, 186, 164, 138, 119, 88, 87, 62, 38, 37, 14
586, 564, 526, 511, 491, 473, 447, 431, 394, 393, 358, 332, 308, 285, 262, 256, 225, 204, 186, 164, 138, 119, 88, 87, 62, 38, 15
586, 564, 526, 511, 491, 473, 447, 431, 394, 393, 358, 332, 308, 285, 262, 256, 225, 205, 187, 162, 139, 117, 109, 63, 42, 39, 16
586, 564, 526, 511, 491, 473, 447, 431, 394, 393, 358, 332, 308, 285, 262, 256, 225, 205, 187, 162, 139, 117, 109, 63, 42, 40, 17
586, 564, 526, 511, 491, 473, 447, 431, 394, 393, 358, 332, 308, 285, 262, 256, 225, 205, 187, 162, 139, 117, 109, 63, 42, 40, 17, 18
586, 564, 526, 511, 491, 473, 447, 431, 394, 393, 358, 332, 308, 285, 262, 256, 225, 205, 187, 162, 140, 116, 107, 66, 46, 22, 19
586, 564, 526, 511, 491, 473, 447, 431, 394, 393, 358, 332, 308, 285, 262, 256, 225, 205, 187, 162, 140, 116, 107, 106, 67, 47, 23, 20
586, 564, 526, 511, 491, 473, 447, 431, 394, 393, 358, 332, 308, 285, 262, 256, 225, 205, 187, 162, 140, 116, 107, 66, 44, 21
586, 564, 526, 511, 491, 473, 447, 431, 394, 393, 358, 332, 308, 285, 262, 256, 225, 205, 187, 162, 140, 116, 107, 66, 46, 22
586, 564, 526, 511, 491, 473, 447, 431, 394, 393, 358, 332, 308, 285, 262, 256, 225, 205, 187, 162, 140, 116, 107, 106, 67, 47, 23
586, 564, 565, 525, 510, 492, 469, 449, 433, 413, 391, 362, 329, 310, 288, 280, 238, 221, 208, 191, 160, 143, 113, 104, 70, 48, 24
586, 564, 565, 524, 509, 494, 495, 466, 453, 415, 408, 386, 366, 346, 315, 293, 276, 242, 237, 211, 194, 157, 148, 110, 102, 73, 49, 25
586, 564, 565, 524, 509, 494, 495, 466, 453, 415, 408, 386, 366, 346, 315, 293, 276, 242, 237, 211, 194, 157, 148, 110, 102, 73, 50, 26
586, 564, 565, 524, 509, 494, 495, 466, 453, 415, 408, 386, 366, 346, 315, 293, 294, 275, 243, 236, 213, 196, 154, 149, 131, 101, 75, 52, 27
586, 564, 565, 524, 509, 494, 495, 466, 453, 415, 408, 407, 384, 368, 344, 317, 295, 273, 244, 235, 215, 175, 174, 150, 130, 98, 77, 53, 28
586, 564, 565, 524, 509, 494, 495, 466, 453, 415, 408, 407, 384, 368, 344, 317, 295, 273, 244, 235, 215, 175, 174, 150, 130, 98, 77, 53, 28, 29
586, 564, 565, 524, 509, 494, 495, 466, 453, 415, 408, 407, 384, 368, 344, 317, 295, 273, 244, 235, 215, 175, 174, 150, 130, 98, 77, 53, 28, 29, 30
586, 564, 526, 527, 512, 490, 474, 446, 429, 395, 372, 373, 356, 335, 325, 303, 268, 251, 230, 199, 181, 169, 132, 125, 95, 96, 79, 55, 31
586, 564, 526, 527, 512, 490, 474, 446, 429, 395, 372, 373, 356, 335, 325, 303, 268, 251, 230, 199, 181, 169, 132, 125, 95, 80, 56, 32
586, 564, 526, 511, 491, 473, 447, 431, 394, 393, 358, 332, 308, 285, 262, 256, 225, 204, 186, 164, 138, 119, 88, 87, 62, 38, 37, 36, 35, 34, 33
586, 564, 526, 511, 491, 473, 447, 431, 394, 393, 358, 332, 308, 285, 262, 256, 225, 204, 186, 164, 138, 119, 88, 87, 62, 38, 37, 36, 35, 34
586, 564, 526, 511, 491, 473, 447, 431, 394, 393, 358, 332, 308, 285, 262, 256, 225, 204, 186, 164, 138, 119, 88, 87, 62, 38, 37, 36, 35
586, 564, 526, 511, 491, 473, 447, 431, 394, 393, 358, 332, 308, 285, 262, 256, 225, 204, 186, 164, 138, 119, 88, 87, 62, 38, 37, 36
586, 564, 526, 511, 491, 473, 447, 431, 394, 393, 358, 332, 308, 285, 262, 256, 225, 204, 186, 164, 138, 119, 88, 87, 62, 38, 37
586, 564, 526, 511, 491, 473, 447, 431, 394, 393, 358, 332, 308, 285, 262, 256, 225, 204, 186, 164, 138, 119, 88, 87, 62, 38
586, 564, 526, 511, 491, 473, 447, 431, 394, 393, 358, 332, 308, 285, 262, 256, 225, 205, 187, 162, 139, 117, 109, 63, 42, 39
586, 564, 526, 511, 491, 473, 447, 431, 394, 393, 358, 332, 308, 285, 262, 256, 225, 205, 187, 162, 139, 117, 109, 63, 42, 40
586, 564, 526, 511, 491, 473, 447, 431, 394, 393, 358, 332, 308, 285, 262, 256, 225, 205, 187, 162, 139, 117, 109, 63, 42, 40, 41
586, 564, 526, 511, 491, 473, 447, 431, 394, 393, 358, 332, 308, 285, 262, 256, 225, 205, 187, 162, 139, 117, 109, 63, 42
586, 564, 526, 511, 491, 473, 447, 431, 394, 393, 358, 332, 308, 285, 262, 256, 225, 205, 187, 162, 139, 117, 109, 108, 65, 43
586, 564, 526, 511, 491, 473, 447, 431, 394, 393, 358, 332, 308, 285, 262, 256, 225, 205, 187, 162, 140, 116, 107, 66, 44
586, 564, 526, 511, 491, 473, 447, 431, 394, 393, 358, 332, 308, 285, 262, 256, 225, 205, 187, 162, 140, 116, 107, 66, 45
586, 564, 526, 511, 491, 473, 447, 431, 394, 393, 358, 332, 308, 285, 262, 256, 225, 205, 187, 162, 140, 116, 107, 66, 46
586, 564, 526, 511, 491, 473, 447, 431, 394, 393, 358, 332, 308, 285, 262, 256, 225, 205, 187, 162, 140, 116, 107, 106, 67, 47
586, 564, 565, 525, 510, 492, 469, 449, 433, 413, 391, 362, 329, 310, 288, 280, 238, 221, 208, 191, 160, 143, 113, 104, 70, 48
586, 564, 565, 524, 509, 494, 495, 466, 453, 415, 408, 386, 366, 346, 315, 293, 276, 242, 237, 211, 194, 157, 148, 110, 102, 73, 49
586, 564, 565, 524, 509, 494, 495, 466, 453, 415, 408, 386, 366, 346, 315, 293, 276, 242, 237, 211, 194, 157, 148, 110, 102, 73, 50
586, 564, 565, 524, 509, 494, 495, 466, 453, 415, 408, 386, 366, 346, 315, 293, 294, 275, 243, 236, 213, 196, 154, 149, 131, 101, 75, 51
586, 564, 565, 524, 509, 494, 495, 466, 453, 415, 408, 386, 366, 346, 315, 293, 294, 275, 243, 236, 213, 196, 154, 149, 131, 101, 75, 52
586, 564, 565, 524, 509, 494, 495, 466, 453, 415, 408, 407, 384, 368, 344, 317, 295, 273, 244, 235, 215, 175, 174, 150, 130, 98, 77, 53
586, 564, 565, 524, 509, 494, 495, 466, 453, 415, 408, 407, 384, 368, 344, 317, 295, 273, 244, 235, 215, 175, 174, 150, 130, 98, 77, 53, 54
586, 564, 526, 527, 512, 490, 474, 446, 429, 395, 372, 373, 356, 335, 325, 303, 268, 251, 230, 199, 181, 169, 132, 125, 95, 96, 79, 55
586, 564, 526, 527, 512, 490, 474, 446, 429, 395, 372, 373, 356, 335, 325, 303, 268, 251, 230, 199, 181, 169, 132, 125, 95, 80, 56
586, 564, 526, 511, 491, 473, 447, 431, 394, 393, 358, 332, 308, 285, 262, 256, 225, 204, 186, 164, 138, 119, 88, 87, 62, 61, 60, 59, 58, 57
586, 564, 526, 511, 491, 473, 447, 431, 394, 393, 358, 332, 308, 285, 262, 256, 225, 204, 186, 164, 138, 119, 88, 87, 62, 61, 60, 59, 58
586, 564, 526, 511, 491, 473, 447, 431, 394, 393, 358, 332, 308, 285, 262, 256, 225, 204, 186, 164, 138, 119, 88, 87, 62, 61, 60, 59
586, 564, 526, 511, 491, 473, 447, 431, 394, 393, 358, 332, 308, 285, 262, 256, 225, 204, 186, 164, 138, 119, 88, 87, 62, 61, 60
586, 564, 526, 511, 491, 473, 447, 431, 394, 393, 358, 332, 308, 285, 262, 256, 225, 204, 186, 164, 138, 119, 88, 87, 62, 61
586, 564, 526, 511, 491, 473, 447, 431, 394, 393, 358, 332, 308, 285, 262, 256, 225, 204, 186, 164, 138, 119, 88, 87, 62
586, 564, 526, 511, 491, 473, 447, 431, 394, 393, 358, 332, 308, 285, 262, 256, 225, 205, 187, 162, 139, 117, 109, 63
586, 564, 526, 511, 491, 473, 447, 431, 394, 393, 358, 332, 308, 285, 262, 256, 225, 205, 187, 162, 139, 117, 109, 64
586, 564, 526, 511, 491, 473, 447, 431, 394, 393, 358, 332, 308, 285, 262, 256, 225, 205, 187, 162, 139, 117, 109, 108, 65
586, 564, 526, 511, 491, 473, 447, 431, 394, 393, 358, 332, 308, 285, 262, 256, 225, 205, 187, 162, 140, 116, 107, 66
586, 564, 526, 511, 491, 473, 447, 431, 394, 393, 358, 332, 308, 285, 262, 256, 225, 205, 187, 162, 140, 116, 107, 106, 67
586, 564, 526, 511, 491, 473, 447, 431, 394, 393, 358, 332, 308, 285, 262, 256, 225, 205, 187, 162, 140, 116, 107, 106, 67, 68
586, 564, 565, 525, 510, 492, 469, 449, 433, 413, 391, 362, 329, 310, 288, 280, 238, 221, 208, 191, 160, 143, 113, 104, 69
586, 564, 565, 525, 510, 492, 469, 449, 433, 413, 391, 362, 329, 310, 288, 280, 238, 221, 208, 191, 160, 143, 113, 104, 70
586, 564, 565, 525, 510, 492, 469, 449, 433, 413, 391, 362, 329, 310, 288, 280, 238, 221, 208, 191, 160, 143, 113, 104, 70, 71
586, 564, 565, 524, 509, 494, 495, 466, 453, 415, 408, 386, 366, 346, 315, 293, 276, 242, 237, 211, 194, 157, 148, 110, 102, 72
586, 564, 565, 524, 509, 494, 495, 466, 453, 415, 408, 386, 366, 346, 315, 293, 276, 242, 237, 211, 194, 157, 148, 110, 102, 73
586, 564, 565, 524, 509, 494, 495, 466, 453, 415, 408, 386, 366, 346, 315, 293, 276, 242, 237, 211, 194, 157, 148, 110, 102, 74
586, 564, 565, 524, 509, 494, 495, 466, 453, 415, 408, 386, 366, 346, 315, 293, 294, 275, 243, 236, 213, 196, 154, 149, 131, 101, 75
586, 564, 565, 524, 509, 494, 495, 466, 453, 415, 408, 386, 366, 346, 315, 293, 294, 275, 243, 236, 213, 196, 154, 149, 131, 99, 76
586, 564, 565, 524, 509, 494, 495, 466, 453, 415, 408, 407, 384, 368, 344, 317, 295, 273, 244, 235, 215, 175, 174, 150, 130, 98, 77
586, 564, 526, 527, 512, 490, 474, 446, 429, 395, 372, 373, 356, 335, 325, 303, 268, 251, 230, 199, 181, 169, 132, 125, 126, 97, 78
586, 564, 526, 527, 512, 490, 474, 446, 429, 395, 372, 373, 356, 335, 325, 303, 268, 251, 230, 199, 181, 169, 132, 125, 95, 96, 79
586, 564, 526, 527, 512, 490, 474, 446, 429, 395, 372, 373, 356, 335, 325, 303, 268, 251, 230, 199, 181, 169, 132, 125, 95, 80
586, 564, 526, 527, 512, 490, 474, 446, 429, 395, 372, 373, 356, 335, 325, 303, 268, 251, 230, 199, 181, 169, 132, 125, 94, 81
586, 564, 526, 511, 491, 473, 447, 431, 394, 393, 358, 332, 308, 285, 262, 256, 225, 204, 186, 164, 138, 119, 88, 87, 86, 85, 84, 83, 82
586, 564, 526, 511, 491, 473, 447, 431, 394, 393, 358, 332, 308, 285, 262, 256, 225, 204, 186, 164, 138, 119, 88, 87, 86, 85, 84, 83
586, 564, 526, 511, 491, 473, 447, 431, 394, 393, 358, 332, 308, 285, 262, 256, 225, 204, 186, 164, 138, 119, 88, 87, 86, 85, 84
586, 564, 526, 511, 491, 473, 447, 431, 394, 393, 358, 332, 308, 285, 262, 256, 225, 204, 186, 164, 138, 119, 88, 87, 86, 85
586, 564, 526, 511, 491, 473, 447, 431, 394, 393, 358, 332, 308, 285, 262, 256, 225, 204, 186, 164, 138, 119, 88, 87, 86
586, 564, 526, 511, 491, 473, 447, 431, 394, 393, 358, 332, 308, 285, 262, 256, 225, 204, 186, 164, 138, 119, 88, 87
586, 564, 526, 511, 491, 473, 447, 431, 394, 393, 358, 332, 308, 285, 262, 256, 225, 204, 186, 164, 138, 119, 88
586, 564, 526, 511, 491, 473, 447, 431, 394, 393, 358, 332, 308, 285, 262, 256, 225, 204, 186, 164, 138, 119, 88, 89
586, 564, 526, 511, 491, 473, 447, 431, 394, 393, 358, 332, 308, 285, 262, 256, 225, 204, 186, 164, 138, 119, 88, 89, 90
586, 564, 526, 511, 491, 473, 447, 431, 394, 393, 358, 332, 308, 285, 262, 256, 225, 204, 186, 164, 138, 119, 88, 89, 90, 91
586, 564, 526, 511, 491, 473, 447, 431, 394, 393, 358, 332, 308, 285, 262, 256, 225, 204, 186, 164, 138, 119, 88, 89, 90, 91, 92
586, 564, 526, 511, 491, 473, 447, 431, 394, 393, 358, 332, 308, 285, 262, 256, 225, 204, 186, 164, 138, 119, 88, 89, 90, 91, 92, 93
586, 564, 526, 527, 512, 490, 474, 446, 429, 395, 372, 373, 356, 335, 325, 303, 268, 251, 230, 199, 181, 169, 132, 125, 94
586, 564, 526, 527, 512, 490, 474, 446, 429, 395, 372, 373, 356, 335, 325, 303, 268, 251, 230, 199, 181, 169, 132, 125, 95
586, 564, 526, 527, 512, 490, 474, 446, 429, 395, 372, 373, 356, 335, 325, 303, 268, 251, 230, 199, 181, 169, 132, 125, 95, 96
586, 564, 526, 527, 512, 490, 474, 446, 429, 395, 372, 373, 356, 335, 325, 303, 268, 251, 230, 199, 181, 169, 132, 125, 126, 97
586, 564, 565, 524, 509, 494, 495, 466, 453, 415, 408, 407, 384, 368, 344, 317, 295, 273, 244, 235, 215, 175, 174, 150, 130, 98
586, 564, 565, 524, 509, 494, 495, 466, 453, 415, 408, 386, 366, 346, 315, 293, 294, 275, 243, 236, 213, 196, 154, 149, 131, 99
