647, 622, 593, 571, 548, 542, 505, 496, 465, 454, 415, 408, 386, 366, 346, 315, 292, 277, 241, 217, 218, 219, 209, 192, 159, 143, 114, 105, 68, 47, 23, 0
647, 622, 593, 571, 548, 542, 505, 496, 465, 454, 415, 408, 386, 366, 346, 315, 292, 277, 241, 217, 218, 219, 209, 192, 159, 143, 113, 104, 70, 48, 24, 1
647, 622, 593, 571, 548, 542, 505, 496, 465, 454, 415, 408, 386, 366, 346, 315, 293, 276, 242, 237, 211, 194, 157, 148, 110, 102, 73, 49, 25, 3, 2
647, 622, 593, 571, 548, 542, 505, 496, 465, 454, 415, 408, 386, 366, 346, 315, 293, 276, 242, 237, 211, 194, 157, 148, 110, 102, 73, 49, 25, 3
647, 622, 593, 571, 548, 542, 505, 496, 465, 454, 415, 408, 386, 366, 346, 315, 293, 276, 242, 237, 211, 194, 157, 148, 110, 102, 73, 50, 26, 4
647, 622, 593, 571, 549, 550, 540, 503, 499, 461, 456, 417, 405, 383, 369, 343, 317, 295, 273, 244, 236, 213, 196, 154, 149, 131, 101, 75, 52, 27, 5
647, 622, 593, 571, 549, 550, 540, 503, 499, 461, 456, 417, 405, 383, 369, 343, 317, 295, 273, 244, 235, 215, 175, 174, 150, 130, 98, 77, 53, 28, 6
647, 622, 593, 571, 549, 550, 540, 503, 499, 461, 456, 417, 405, 383, 369, 343, 317, 295, 273, 244, 235, 215, 175, 174, 150, 130, 98, 77, 53, 28, 29, 7
647, 622, 593, 571, 549, 550, 540, 503, 499, 461, 456, 417, 405, 383, 369, 343, 317, 295, 273, 244, 235, 215, 175, 176, 173, 151, 128, 127, 97, 79, 55, 31, 8
647, 622, 593, 571, 549, 550, 540, 503, 499, 461, 456, 417, 405, 383, 369, 343, 317, 295, 273, 244, 235, 215, 175, 176, 173, 151, 128, 127, 97, 79, 55, 31, 8, 9
647, 622, 593, 571, 549, 550, 540, 503, 499, 461, 456, 417, 405, 383, 369, 343, 317, 295, 273, 244, 235, 215, 175, 176, 173, 172, 153, 126, 96, 95, 94, 81, 57, 33, 10
647, 622, 593, 571, 549, 550, 540, 503, 499, 461, 456, 417, 405, 383, 369, 343, 317, 295, 273, 244, 235, 215, 175, 176, 173, 172, 153, 126, 96, 95, 94, 81, 57, 33, 10, 11
647, 622, 593, 571, 549, 550, 540, 503, 499, 461, 456, 417, 405, 383, 369, 343, 317, 295, 273, 244, 235, 215, 175, 176, 173, 172, 153, 126, 96, 95, 94, 81, 57, 33, 34, 12
647, 622, 593, 571, 549, 550, 540, 503, 499, 461, 456, 417, 405, 383, 369, 343, 317, 295, 273, 244, 235, 215, 175, 176, 173, 172, 153, 126, 96, 95, 94, 81, 57, 33, 34, 35, 36, 13
647, 622, 621, 591, 570, 547, 543, 506, 495, 467, 450, 434, 411, 412, 391, 392, 359, 331, 308, 285, 262, 256, 225, 204, 186, 164, 138, 119, 88, 87, 62, 38, 37, 14
647, 622, 621, 591, 570, 547, 543, 506, 495, 467, 450, 434, 411, 412, 391, 392, 359, 331, 308, 285, 262, 256, 225, 204, 186, 164, 138, 119, 88, 87, 62, 38, 15
647, 622, 621, 591, 570, 547, 543, 506, 495, 467, 450, 434, 410, 388, 364, 328, 311, 289, 280, 238, 221, 222, 207, 206, 188, 162, 139, 117, 109, 63, 42, 39, 16
647, 622, 621, 591, 570, 547, 543, 506, 495, 467, 450, 434, 410, 388, 364, 328, 311, 289, 280, 238, 221, 222, 207, 189, 161, 141, 116, 108, 65, 43, 41, 17
647, 622, 593, 571, 548, 542, 505, 496, 465, 454, 415, 408, 386, 366, 346, 315, 292, 277, 241, 217, 218, 219, 209, 192, 159, 143, 114, 106, 107, 66, 44, 21, 18
647, 622, 593, 571, 548, 542, 505, 496, 465, 454, 415, 408, 386, 366, 346, 315, 292, 277, 241, 217, 218, 219, 209, 192, 159, 143, 114, 106, 107, 66, 46, 22, 19
647, 622, 593, 571, 548, 542, 505, 496, 465, 454, 415, 408, 386, 366, 346, 315, 292, 277, 241, 217, 218, 219, 209, 192, 159, 143, 114, 105, 68, 47, 23, 20
647, 622, 593, 571, 548, 542, 505, 496, 465, 454, 415, 408, 386, 366, 346, 315, 292, 277, 241, 217, 218, 219, 209, 192, 159, 143, 114, 106, 107, 66, 44, 21
647, 622, 593, 571, 548, 542, 505, 496, 465, 454, 415, 408, 386, 366, 346, 315, 292, 277, 241, 217, 218, 219, 209, 192, 159, 143, 114, 106, 107, 66, 46, 22
647, 622, 593, 571, 548, 542, 505, 496, 465, 454, 415, 408, 386, 366, 346, 315, 292, 277, 241, 217, 218, 219, 209, 192, 159, 143, 114, 105, 68, 47, 23
647, 622, 593, 571, 548, 542, 505, 496, 465, 454, 415, 408, 386, 366, 346, 315, 292, 277, 241, 217, 218, 219, 209, 192, 159, 143, 113, 104, 70, 48, 24
647, 622, 593, 571, 548, 542, 505, 496, 465, 454, 415, 408, 386, 366, 346, 315, 293, 276, 242, 237, 211, 194, 157, 148, 110, 102, 73, 49, 25
647, 622, 593, 571, 548, 542, 505, 496, 465, 454, 415, 408, 386, 366, 346, 315, 293, 276, 242, 237, 211, 194, 157, 148, 110, 102, 73, 50, 26
647, 622, 593, 571, 549, 550, 540, 503, 499, 461, 456, 417, 405, 383, 369, 343, 317, 295, 273, 244, 236, 213, 196, 154, 149, 131, 101, 75, 52, 27
647, 622, 593, 571, 549, 550, 540, 503, 499, 461, 456, 417, 405, 383, 369, 343, 317, 295, 273, 244, 235, 215, 175, 174, 150, 130, 98, 77, 53, 28
647, 622, 593, 571, 549, 550, 540, 503, 499, 461, 456, 417, 405, 383, 369, 343, 317, 295, 273, 244, 235, 215, 175, 174, 150, 130, 98, 77, 53, 28, 29
647, 622, 593, 571, 549, 550, 540, 503, 499, 461, 456, 417, 405, 383, 369, 343, 317, 295, 273, 244, 235, 215, 175, 174, 150, 130, 98, 77, 53, 28, 29, 30
647, 622, 593, 571, 549, 550, 540, 503, 499, 461, 456, 417, 405, 383, 369, 343, 317, 295, 273, 244, 235, 215, 175, 176, 173, 151, 128, 127, 97, 79, 55, 31
647, 622, 593, 571, 549, 550, 540, 503, 499, 461, 456, 417, 405, 383, 369, 343, 317, 295, 273, 244, 235, 215, 175, 176, 173, 172, 153, 126, 96, 95, 80, 56, 32
647, 622, 593, 571, 549, 550, 540, 503, 499, 461, 456, 417, 405, 383, 369, 343, 317, 295, 273, 244, 235, 215, 175, 176, 173, 172, 153, 126, 96, 95, 94, 81, 57, 33
647, 622, 593, 571, 549, 550, 540, 503, 499, 461, 456, 417, 405, 383, 369, 343, 317, 295, 273, 244, 235, 215, 175, 176, 173, 172, 153, 126, 96, 95, 94, 81, 57, 33, 34
647, 622, 593, 571, 549, 550, 540, 503, 499, 461, 456, 417, 405, 383, 369, 343, 317, 295, 273, 244, 235, 215, 175, 176, 173, 172, 153, 126, 96, 95, 94, 81, 57, 33, 34, 35
647, 622, 593, 571, 549, 550, 540, 503, 499, 461, 456, 417, 405, 383, 369, 343, 317, 295, 273, 244, 235, 215, 175, 176, 173, 172, 153, 126, 96, 95, 94, 81, 57, 33, 34, 35, 36
647, 622, 621, 591, 570, 547, 543, 506, 495, 467, 450, 434, 411, 412, 391, 392, 359, 331, 308, 285, 262, 256, 225, 204, 186, 164, 138, 119, 88, 87, 62, 38, 37
647, 622, 621, 591, 570, 547, 543, 506, 495, 467, 450, 434, 411, 412, 391, 392, 359, 331, 308, 285, 262, 256, 225, 204, 186, 164, 138, 119, 88, 87, 62, 38
647, 622, 621, 591, 570, 547, 543, 506, 495, 467, 450, 434, 410, 388, 364, 328, 311, 289, 280, 238, 221, 222, 207, 206, 188, 162, 139, 117, 109, 63, 42, 39
647, 622, 621, 591, 570, 547, 543, 506, 495, 467, 450, 434, 410, 388, 364, 328, 311, 289, 280, 238, 221, 222, 207, 206, 188, 162, 139, 117, 109, 63, 42, 40
647, 622, 621, 591, 570, 547, 543, 506, 495, 467, 450, 434, 410, 388, 364, 328, 311, 289, 280, 238, 221, 222, 207, 189, 161, 141, 116, 108, 65, 43, 41
647, 622, 621, 591, 570, 547, 543, 506, 495, 467, 450, 434, 410, 388, 364, 328, 311, 289, 280, 238, 221, 222, 207, 206, 188, 162, 139, 117, 109, 63, 42
647, 622, 621, 591, 570, 547, 543, 506, 495, 467, 450, 434, 410, 388, 364, 328, 311, 289, 280, 238, 221, 222, 207, 189, 161, 141, 116, 108, 65, 43
647, 622, 593, 571, 548, 542, 505, 496, 465, 454, 415, 408, 386, 366, 346, 315, 292, 277, 241, 217, 218, 219, 209, 192, 159, 143, 114, 106, 107, 66, 44
647, 622, 593, 571, 548, 542, 505, 496, 465, 454, 415, 408, 386, 366, 346, 315, 292, 277, 241, 217, 218, 219, 209, 192, 159, 143, 114, 106, 107, 66, 45
647, 622, 593, 571, 548, 542, 505, 496, 465, 454, 415, 408, 386, 366, 346, 315, 292, 277, 241, 217, 218, 219, 209, 192, 159, 143, 114, 106, 107, 66, 46
647, 622, 593, 571, 548, 542, 505, 496, 465, 454, 415, 408, 386, 366, 346, 315, 292, 277, 241, 217, 218, 219, 209, 192, 159, 143, 114, 105, 68, 47
647, 622, 593, 571, 548, 542, 505, 496, 465, 454, 415, 408, 386, 366, 346, 315, 292, 277, 241, 217, 218, 219, 209, 192, 159, 143, 113, 104, 70, 48
647, 622, 593, 571, 548, 542, 505, 496, 465, 454, 415, 408, 386, 366, 346, 315, 293, 276, 242, 237, 211, 194, 157, 148, 110, 102, 73, 49
647, 622, 593, 571, 548, 542, 505, 496, 465, 454, 415, 408, 386, 366, 346, 315, 293, 276, 242, 237, 211, 194, 157, 148, 110, 102, 73, 50
647, 622, 593, 571, 549, 550, 540, 503, 499, 461, 456, 417, 405, 383, 369, 343, 317, 295, 273, 244, 236, 213, 196, 154, 149, 131, 101, 75, 51
647, 622, 593, 571, 549, 550, 540, 503, 499, 461, 456, 417, 405, 383, 369, 343, 317, 295, 273, 244, 236, 213, 196, 154, 149, 131, 101, 75, 52
647, 622, 593, 571, 549, 550, 540, 503, 499, 461, 456, 417, 405, 383, 369, 343, 317, 295, 273, 244, 235, 215, 175, 174, 150, 130, 98, 77, 53
647, 622, 593, 571, 549, 550, 540, 503, 499, 461, 456, 417, 405, 383, 369, 343, 317, 295, 273, 244, 235, 215, 175, 174, 150, 130, 98, 77, 53, 54
647, 622, 593, 571, 549, 550, 540, 503, 499, 461, 456, 417, 405, 383, 369, 343, 317, 295, 273, 244, 235, 215, 175, 176, 173, 151, 128, 127, 97, 79, 55
647, 622, 593, 571, 549, 550, 540, 503, 499, 461, 456, 417, 405, 383, 369, 343, 317, 295, 273, 244, 235, 215, 175, 176, 173, 172, 153, 126, 96, 95, 80, 56
647, 622, 593, 571, 549, 550, 540, 503, 499, 461, 456, 417, 405, 383, 369, 343, 317, 295, 273, 244, 235, 215, 175, 176, 173, 172, 153, 126, 96, 95, 94, 81, 57
647, 622, 593, 571, 549, 550, 540, 503, 499, 461, 456, 417, 405, 383, 369, 343, 317, 295, 273, 244, 235, 215, 175, 176, 173, 172, 153, 126, 96, 95, 94, 81, 57, 58
647, 622, 593, 571, 549, 550, 540, 503, 499, 461, 456, 417, 405, 383, 369, 343, 317, 295, 273, 244, 235, 215, 175, 176, 173, 172, 153, 126, 96, 95, 94, 81, 57, 58, 59
647, 622, 621, 591, 570, 547, 543, 506, 495, 467, 450, 434, 411, 412, 391, 392, 359, 331, 308, 285, 262, 256, 225, 204, 186, 164, 138, 119, 88, 87, 62, 61, 60
647, 622, 621, 591, 570, 547, 543, 506, 495, 467, 450, 434, 411, 412, 391, 392, 359, 331, 308, 285, 262, 256, 225, 204, 186, 164, 138, 119, 88, 87, 62, 61
647, 622, 621, 591, 570, 547, 543, 506, 495, 467, 450, 434, 411, 412, 391, 392, 359, 331, 308, 285, 262, 256, 225, 204, 186, 164, 138, 119, 88, 87, 62
647, 622, 621, 591, 570, 547, 543, 506, 495, 467, 450, 434, 410, 388, 364, 328, 311, 289, 280, 238, 221, 222, 207, 206, 188, 162, 139, 117, 109, 63
647, 622, 621, 591, 570, 547, 543, 506, 495, 467, 450, 434, 410, 388, 364, 328, 311, 289, 280, 238, 221, 222, 207, 206, 188, 162, 139, 117, 109, 64
647, 622, 621, 591, 570, 547, 543, 506, 495, 467, 450, 434, 410, 388, 364, 328, 311, 289, 280, 238, 221, 222, 207, 189, 161, 141, 116, 108, 65
647, 622, 593, 571, 548, 542, 505, 496, 465, 454, 415, 408, 386, 366, 346, 315, 292, 277, 241, 217, 218, 219, 209, 192, 159, 143, 114, 106, 107, 66
647, 622, 593, 571, 548, 542, 505, 496, 465, 454, 415, 408, 386, 366, 346, 315, 292, 277, 241, 217, 218, 219, 209, 192, 159, 143, 114, 105, 67
647, 622, 593, 571, 548, 542, 505, 496, 465, 454, 415, 408, 386, 366, 346, 315, 292, 277, 241, 217, 218, 219, 209, 192, 159, 143, 114, 105, 68
647, 622, 593, 571, 548, 542, 505, 496, 465, 454, 415, 408, 386, 366, 346, 315, 292, 277, 241, 217, 218, 219, 209, 192, 159, 143, 113, 104, 69
647, 622, 593, 571, 548, 542, 505, 496, 465, 454, 415, 408, 386, 366, 346, 315, 292, 277, 241, 217, 218, 219, 209, 192, 159, 143, 113, 104, 70
647, 622, 593, 571, 548, 542, 505, 496, 465, 454, 415, 408, 386, 366, 346, 315, 293, 276, 242, 237, 211, 194, 157, 148, 110, 102, 103, 71
647, 622, 593, 571, 548, 542, 505, 496, 465, 454, 415, 408, 386, 366, 346, 315, 293, 276, 242, 237, 211, 194, 157, 148, 110, 102, 72
647, 622, 593, 571, 548, 542, 505, 496, 465, 454, 415, 408, 386, 366, 346, 315, 293, 276, 242, 237, 211, 194, 157, 148, 110, 102, 73
647, 622, 593, 571, 549, 550, 540, 503, 499, 461, 456, 417, 405, 383, 369, 343, 317, 295, 273, 244, 236, 213, 196, 154, 149, 131, 101, 75, 74
647, 622, 593, 571, 549, 550, 540, 503, 499, 461, 456, 417, 405, 383, 369, 343, 317, 295, 273, 244, 236, 213, 196, 154, 149, 131, 101, 75
647, 622, 593, 571, 549, 550, 540, 503, 499, 461, 456, 417, 405, 383, 369, 343, 317, 295, 273, 244, 236, 213, 196, 154, 149, 131, 99, 76
647, 622, 593, 571, 549, 550, 540, 503, 499, 461, 456, 417, 405, 383, 369, 343, 317, 295, 273, 244, 235, 215, 175, 174, 150, 130, 98, 77
647, 622, 593, 571, 549, 550, 540, 503, 499, 461, 456, 417, 405, 383, 369, 343, 317, 295, 273, 244, 235, 215, 175, 176, 173, 151, 128, 127, 97, 78
647, 622, 593, 571, 549, 550, 540, 503, 499, 461, 456, 417, 405, 383, 369, 343, 317, 295, 273, 244, 235, 215, 175, 176, 173, 151, 128, 127, 97, 79
647, 622, 593, 571, 549, 550, 540, 503, 499, 461, 456, 417, 405, 383, 369, 343, 317, 295, 273, 244, 235, 215, 175, 176, 173, 172, 153, 126, 96, 95, 80
647, 622, 593, 571, 549, 550, 540, 503, 499, 461, 456, 417, 405, 383, 369, 343, 317, 295, 273, 244, 235, 215, 175, 176, 173, 172, 153, 126, 96, 95, 94, 81
647, 622, 593, 571, 549, 550, 540, 503, 499, 461, 456, 417, 405, 383, 369, 343, 317, 295, 273, 244, 235, 215, 175, 176, 173, 172, 153, 126, 96, 95, 94, 81, 82
647, 622, 593, 571, 549, 550, 540, 503, 499, 461, 456, 417, 405, 383, 369, 343, 317, 295, 273, 244, 235, 215, 175, 176, 173, 172, 153, 126, 96, 95, 94, 81, 82, 83
647, 622, 593, 571, 549, 550, 540, 503, 499, 461, 456, 417, 405, 383, 369, 343, 317, 295, 273, 244, 235, 215, 175, 176, 173, 172, 153, 126, 96, 95, 94, 81, 82, 83, 84
647, 622, 621, 591, 570, 547, 543, 506, 495, 467, 450, 434, 411, 412, 391, 392, 359, 331, 308, 285, 262, 256, 225, 204, 186, 164, 138, 119, 88, 87, 86, 85
647, 622, 621, 591, 570, 547, 543, 506, 495, 467, 450, 434, 411, 412, 391, 392, 359, 331, 308, 285, 262, 256, 225, 204, 186, 164, 138, 119, 88, 87, 86
647, 622, 621, 591, 570, 547, 543, 506, 495, 467, 450, 434, 411, 412, 391, 392, 359, 331, 308, 285, 262, 256, 225, 204, 186, 164, 138, 119, 88, 87
647, 622, 621, 591, 570, 547, 543, 506, 495, 467, 450, 434, 411, 412, 391, 392, 359, 331, 308, 285, 262, 256, 225, 204, 186, 164, 138, 119, 88
647, 622, 621, 591, 570, 547, 543, 506, 495, 467, 450, 434, 411, 412, 391, 392, 359, 331, 308, 285, 262, 256, 225, 204, 186, 164, 138, 119, 88, 89
647, 622, 621, 591, 570, 547, 543, 506, 495, 467, 450, 434, 411, 412, 391, 392, 359, 331, 308, 285, 262, 256, 225, 204, 186, 164, 138, 119, 88, 89, 90
647, 622, 593, 571, 549, 550, 540, 503, 499, 461, 456, 417, 405, 383, 369, 343, 317, 295, 273, 244, 235, 215, 175, 176, 173, 172, 153, 126, 125, 124, 92, 91
647, 622, 593, 571, 549, 550, 540, 503, 499, 461, 456, 417, 405, 383, 369, 343, 317, 295, 273, 244, 235, 215, 175, 176, 173, 172, 153, 126, 125, 124, 92
647, 622, 593, 571, 549, 550, 540, 503, 499, 461, 456, 417, 405, 383, 369, 343, 317, 295, 273, 244, 235, 215, 175, 176, 173, 172, 153, 126, 125, 124, 93
647, 622, 593, 571, 549, 550, 540, 503, 499, 461, 456, 417, 405, 383, 369, 343, 317, 295, 273, 244, 235, 215, 175, 176, 173, 172, 153, 126, 96, 95, 94
647, 622, 593, 571, 549, 550, 540, 503, 499, 461, 456, 417, 405, 383, 369, 343, 317, 295, 273, 244, 235, 215, 175, 176, 173, 172, 153, 126, 96, 95
647, 622, 593, 571, 549, 550, 540, 503, 499, 461, 456, 417, 405, 383, 369, 343, 317, 295, 273, 244, 235, 215, 175, 176, 173, 172, 153, 126, 96
647, 622, 593, 571, 549, 550, 540, 503, 499, 461, 456, 417, 405, 383, 369, 343, 317, 295, 273, 244, 235, 215, 175, 176, 173, 151, 128, 127, 97
647, 622, 593, 571, 549, 550, 540, 503, 499, 461, 456, 417, 405, 383, 369, 343, 317, 295, 273, 244, 235, 215, 175, 174, 150, 130, 98
647, 622, 593, 571, 549, 550, 540, 503, 499, 461, 456, 417, 405, 383, 369, 343, 317, 295, 273, 244, 236, 213, 196, 154, 149, 131, 99
