637, 610, 601, 602, 580, 559, 531, 515, 487, 488, 475, 445, 429, 395, 372, 357, 334, 304, 284, 263, 255, 225, 205, 187, 162, 140, 116, 107, 106, 67, 47, 23, 0
637, 610, 601, 602, 580, 559, 531, 515, 487, 488, 475, 445, 429, 395, 372, 357, 334, 304, 284, 263, 255, 225, 205, 187, 162, 140, 116, 107, 106, 67, 47, 23, 0, 1
637, 610, 601, 579, 556, 533, 517, 484, 479, 480, 439, 438, 421, 402, 403, 381, 370, 341, 319, 296, 273, 244, 236, 213, 196, 154, 149, 131, 101, 75, 51, 50, 49, 25, 3, 2
637, 610, 601, 579, 556, 533, 517, 484, 479, 480, 439, 438, 421, 402, 403, 381, 370, 341, 319, 296, 273, 244, 236, 213, 196, 154, 149, 131, 101, 75, 51, 50, 49, 25, 3
637, 610, 601, 579, 556, 533, 517, 484, 479, 440, 425, 399, 378, 352, 338, 322, 321, 298, 271, 248, 233, 216, 177, 173, 151, 129, 98, 77, 53, 28, 6, 5, 4
637, 610, 601, 579, 556, 533, 517, 484, 479, 440, 425, 399, 378, 352, 338, 322, 321, 298, 271, 248, 233, 216, 177, 173, 151, 129, 98, 77, 53, 28, 6, 5
637, 610, 601, 579, 556, 533, 517, 484, 479, 440, 425, 399, 378, 352, 338, 322, 321, 298, 271, 248, 233, 216, 177, 173, 151, 129, 98, 77, 53, 28, 6
637, 610, 601, 579, 556, 533, 517, 484, 479, 440, 425, 399, 378, 352, 338, 322, 299, 270, 249, 232, 197, 178, 171, 153, 127, 97, 78, 54, 30, 7
637, 610, 601, 579, 556, 533, 517, 484, 479, 440, 425, 399, 378, 352, 338, 322, 299, 270, 249, 232, 197, 178, 171, 153, 127, 97, 79, 55, 31, 8
637, 610, 601, 579, 556, 533, 517, 484, 479, 440, 425, 399, 377, 353, 337, 324, 302, 269, 250, 231, 198, 180, 170, 133, 125, 95, 80, 56, 32, 9
637, 610, 601, 579, 556, 533, 517, 484, 479, 440, 425, 399, 377, 353, 337, 324, 302, 269, 250, 231, 198, 180, 170, 133, 125, 94, 81, 57, 33, 10
637, 610, 601, 579, 556, 533, 517, 484, 479, 440, 425, 399, 377, 353, 337, 324, 302, 269, 250, 231, 198, 180, 170, 133, 125, 94, 81, 57, 33, 10, 11
637, 610, 601, 579, 556, 533, 517, 484, 479, 440, 425, 399, 377, 353, 337, 324, 302, 269, 250, 231, 198, 180, 170, 133, 125, 94, 81, 57, 33, 34, 12
637, 610, 601, 579, 556, 533, 517, 484, 479, 440, 425, 399, 377, 354, 336, 325, 303, 267, 252, 228, 200, 183, 167, 135, 123, 91, 84, 59, 36, 13
637, 610, 601, 579, 556, 533, 517, 484, 479, 440, 425, 399, 377, 354, 336, 325, 303, 267, 252, 228, 200, 183, 167, 135, 123, 91, 85, 60, 37, 14
637, 610, 601, 602, 580, 559, 531, 515, 487, 488, 475, 445, 429, 395, 372, 357, 334, 304, 284, 263, 255, 225, 204, 186, 164, 138, 119, 88, 87, 62, 38, 15
637, 610, 601, 602, 580, 559, 531, 515, 487, 488, 475, 445, 429, 395, 372, 357, 334, 304, 284, 263, 255, 225, 205, 187, 162, 139, 117, 109, 63, 42, 39, 16
637, 610, 601, 602, 580, 559, 531, 515, 487, 488, 475, 445, 429, 395, 372, 357, 334, 304, 284, 263, 255, 225, 205, 187, 162, 139, 117, 109, 63, 42, 40, 17
637, 610, 601, 602, 580, 559, 531, 515, 487, 488, 475, 445, 429, 395, 372, 357, 334, 304, 284, 263, 255, 225, 205, 187, 162, 139, 117, 109, 63, 42, 40, 17, 18
637, 610, 601, 602, 580, 559, 531, 515, 487, 488, 475, 445, 429, 395, 372, 357, 334, 304, 284, 263, 255, 225, 205, 187, 162, 140, 116, 107, 66, 46, 22, 19
637, 610, 601, 602, 580, 559, 531, 515, 487, 488, 475, 445, 429, 395, 372, 357, 334, 304, 284, 263, 255, 225, 205, 187, 162, 140, 116, 107, 106, 67, 47, 23, 20
637, 610, 601, 602, 580, 559, 531, 515, 487, 488, 475, 445, 429, 395, 372, 357, 334, 304, 284, 263, 255, 225, 205, 187, 162, 140, 116, 107, 66, 44, 21
637, 610, 601, 602, 580, 559, 531, 515, 487, 488, 475, 445, 429, 395, 372, 357, 334, 304, 284, 263, 255, 225, 205, 187, 162, 140, 116, 107, 66, 46, 22
637, 610, 601, 602, 580, 559, 531, 515, 487, 488, 475, 445, 429, 395, 372, 357, 334, 304, 284, 263, 255, 225, 205, 187, 162, 140, 116, 107, 106, 67, 47, 23
637, 610, 601, 602, 580, 559, 531, 515, 487, 488, 475, 445, 429, 395, 372, 357, 334, 304, 284, 263, 255, 225, 205, 187, 162, 140, 116, 107, 106, 67, 47, 48, 24
637, 610, 601, 579, 556, 533, 517, 484, 479, 480, 439, 438, 421, 402, 403, 381, 370, 341, 319, 296, 273, 244, 236, 213, 196, 154, 149, 131, 101, 75, 51, 50, 49, 25
637, 610, 601, 579, 556, 533, 517, 484, 479, 440, 425, 399, 378, 352, 338, 322, 321, 298, 271, 248, 233, 216, 177, 173, 151, 129, 98, 77, 76, 52, 27, 26
637, 610, 601, 579, 556, 533, 517, 484, 479, 440, 425, 399, 378, 352, 338, 322, 321, 298, 271, 248, 233, 216, 177, 173, 151, 129, 98, 77, 76, 52, 27
637, 610, 601, 579, 556, 533, 517, 484, 479, 440, 425, 399, 378, 352, 338, 322, 321, 298, 271, 248, 233, 216, 177, 173, 151, 129, 98, 77, 53, 28
637, 610, 601, 579, 556, 533, 517, 484, 479, 440, 425, 399, 378, 352, 338, 322, 321, 298, 271, 248, 233, 216, 177, 173, 151, 129, 98, 77, 53, 28, 29
637, 610, 601, 579, 556, 533, 517, 484, 479, 440, 425, 399, 378, 352, 338, 322, 299, 270, 249, 232, 197, 178, 171, 153, 127, 97, 78, 54, 30
637, 610, 601, 579, 556, 533, 517, 484, 479, 440, 425, 399, 378, 352, 338, 322, 299, 270, 249, 232, 197, 178, 171, 153, 127, 97, 79, 55, 31
637, 610, 601, 579, 556, 533, 517, 484, 479, 440, 425, 399, 377, 353, 337, 324, 302, 269, 250, 231, 198, 180, 170, 133, 125, 95, 80, 56, 32
637, 610, 601, 579, 556, 533, 517, 484, 479, 440, 425, 399, 377, 353, 337, 324, 302, 269, 250, 231, 198, 180, 170, 133, 125, 94, 81, 57, 33
637, 610, 601, 579, 556, 533, 517, 484, 479, 440, 425, 399, 377, 353, 337, 324, 302, 269, 250, 231, 198, 180, 170, 133, 125, 94, 81, 57, 33, 34
637, 610, 601, 579, 556, 533, 517, 484, 479, 440, 425, 399, 377, 353, 337, 324, 302, 269, 250, 231, 198, 180, 170, 133, 125, 94, 81, 57, 33, 34, 35
637, 610, 601, 579, 556, 533, 517, 484, 479, 440, 425, 399, 377, 354, 336, 325, 303, 267, 252, 228, 200, 183, 167, 135, 123, 91, 84, 59, 36
637, 610, 601, 579, 556, 533, 517, 484, 479, 440, 425, 399, 377, 354, 336, 325, 303, 267, 252, 228, 200, 183, 167, 135, 123, 91, 85, 60, 37
637, 610, 601, 602, 580, 559, 531, 515, 487, 488, 475, 445, 429, 395, 372, 357, 334, 304, 284, 263, 255, 225, 204, 186, 164, 138, 119, 88, 87, 62, 38
637, 610, 601, 602, 580, 559, 531, 515, 487, 488, 475, 445, 429, 395, 372, 357, 334, 304, 284, 263, 255, 225, 205, 187, 162, 139, 117, 109, 63, 42, 39
637, 610, 601, 602, 580, 559, 531, 515, 487, 488, 475, 445, 429, 395, 372, 357, 334, 304, 284, 263, 255, 225, 205, 187, 162, 139, 117, 109, 63, 42, 40
637, 610, 601, 602, 580, 559, 531, 515, 487, 488, 475, 445, 429, 395, 372, 357, 334, 304, 284, 263, 255, 225, 205, 187, 162, 139, 117, 109, 63, 42, 40, 41
637, 610, 601, 602, 580, 559, 531, 515, 487, 488, 475, 445, 429, 395, 372, 357, 334, 304, 284, 263, 255, 225, 205, 187, 162, 139, 117, 109, 63, 42
637, 610, 601, 602, 580, 559, 531, 515, 487, 488, 475, 445, 429, 395, 372, 357, 334, 304, 284, 263, 255, 225, 205, 187, 162, 139, 117, 109, 108, 65, 43
637, 610, 601, 602, 580, 559, 531, 515, 487, 488, 475, 445, 429, 395, 372, 357, 334, 304, 284, 263, 255, 225, 205, 187, 162, 140, 116, 107, 66, 44
637, 610, 601, 602, 580, 559, 531, 515, 487, 488, 475, 445, 429, 395, 372, 357, 334, 304, 284, 263, 255, 225, 205, 187, 162, 140, 116, 107, 66, 45
637, 610, 601, 602, 580, 559, 531, 515, 487, 488, 475, 445, 429, 395, 372, 357, 334, 304, 284, 263, 255, 225, 205, 187, 162, 140, 116, 107, 66, 46
637, 610, 601, 602, 580, 559, 531, 515, 487, 488, 475, 445, 429, 395, 372, 357, 334, 304, 284, 263, 255, 225, 205, 187, 162, 140, 116, 107, 106, 67, 47
637, 610, 601, 602, 580, 559, 531, 515, 487, 488, 475, 445, 429, 395, 372, 357, 334, 304, 284, 263, 255, 225, 205, 187, 162, 140, 116, 107, 106, 67, 47, 48
637, 610, 601, 579, 556, 533, 517, 484, 479, 480, 439, 438, 421, 402, 403, 381, 370, 341, 319, 296, 273, 244, 236, 213, 196, 154, 149, 131, 101, 75, 51, 50, 49
637, 610, 601, 579, 556, 533, 517, 484, 479, 480, 439, 438, 421, 402, 403, 381, 370, 341, 319, 296, 273, 244, 236, 213, 196, 154, 149, 131, 101, 75, 51, 50
637, 610, 601, 579, 556, 533, 517, 484, 479, 480, 439, 438, 421, 402, 403, 381, 370, 341, 319, 296, 273, 244, 236, 213, 196, 154, 149, 131, 101, 75, 51
637, 610, 601, 579, 556, 533, 517, 484, 479, 440, 425, 399, 378, 352, 338, 322, 321, 298, 271, 248, 233, 216, 177, 173, 151, 129, 98, 77, 76, 52
637, 610, 601, 579, 556, 533, 517, 484, 479, 440, 425, 399, 378, 352, 338, 322, 321, 298, 271, 248, 233, 216, 177, 173, 151, 129, 98, 77, 53
637, 610, 601, 579, 556, 533, 517, 484, 479, 440, 425, 399, 378, 352, 338, 322, 299, 270, 249, 232, 197, 178, 171, 153, 127, 97, 78, 54
637, 610, 601, 579, 556, 533, 517, 484, 479, 440, 425, 399, 378, 352, 338, 322, 299, 270, 249, 232, 197, 178, 171, 153, 127, 97, 79, 55
637, 610, 601, 579, 556, 533, 517, 484, 479, 440, 425, 399, 377, 353, 337, 324, 302, 269, 250, 231, 198, 180, 170, 133, 125, 95, 80, 56
637, 610, 601, 579, 556, 533, 517, 484, 479, 440, 425, 399, 377, 353, 337, 324, 302, 269, 250, 231, 198, 180, 170, 133, 125, 94, 81, 57
637, 610, 601, 579, 556, 533, 517, 484, 479, 440, 425, 399, 377, 354, 336, 325, 303, 268, 251, 230, 199, 182, 168, 134, 124, 92, 83, 58
637, 610, 601, 579, 556, 533, 517, 484, 479, 440, 425, 399, 377, 354, 336, 325, 303, 267, 252, 228, 200, 183, 167, 135, 123, 91, 84, 59
637, 610, 601, 579, 556, 533, 517, 484, 479, 440, 425, 399, 377, 354, 336, 325, 303, 267, 252, 228, 200, 183, 167, 135, 123, 91, 85, 60
637, 610, 601, 579, 556, 533, 517, 484, 479, 440, 425, 399, 377, 354, 336, 325, 303, 267, 252, 228, 200, 183, 167, 135, 123, 91, 85, 61
637, 610, 601, 602, 580, 559, 531, 515, 487, 488, 475, 445, 429, 395, 372, 357, 334, 304, 284, 263, 255, 225, 204, 186, 164, 138, 119, 88, 87, 62
637, 610, 601, 602, 580, 559, 531, 515, 487, 488, 475, 445, 429, 395, 372, 357, 334, 304, 284, 263, 255, 225, 205, 187, 162, 139, 117, 109, 63
637, 610, 601, 602, 580, 559, 531, 515, 487, 488, 475, 445, 429, 395, 372, 357, 334, 304, 284, 263, 255, 225, 205, 187, 162, 139, 117, 109, 64
637, 610, 601, 602, 580, 559, 531, 515, 487, 488, 475, 445, 429, 395, 372, 357, 334, 304, 284, 263, 255, 225, 205, 187, 162, 139, 117, 109, 108, 65
637, 610, 601, 602, 580, 559, 531, 515, 487, 488, 475, 445, 429, 395, 372, 357, 334, 304, 284, 263, 255, 225, 205, 187, 162, 140, 116, 107, 66
637, 610, 601, 602, 580, 559, 531, 515, 487, 488, 475, 445, 429, 395, 372, 357, 334, 304, 284, 263, 255, 225, 205, 187, 162, 140, 116, 107, 106, 67
637, 610, 601, 602, 580, 559, 531, 515, 487, 488, 475, 445, 429, 395, 372, 357, 334, 304, 284, 263, 255, 225, 205, 187, 162, 140, 116, 107, 106, 67, 68
637, 610, 601, 602, 580, 559, 531, 515, 487, 488, 475, 445, 429, 395, 372, 357, 334, 304, 284, 263, 255, 225, 205, 187, 162, 140, 116, 107, 106, 67, 68, 69
637, 610, 601, 602, 580, 559, 531, 515, 487, 488, 475, 445, 429, 395, 372, 357, 334, 304, 284, 263, 255, 225, 205, 187, 162, 140, 116, 107, 106, 67, 68, 69, 70
637, 610, 601, 579, 556, 533, 517, 484, 479, 480, 439, 438, 421, 402, 403, 381, 370, 341, 319, 296, 273, 244, 236, 213, 196, 154, 155, 148, 110, 102, 103, 71
637, 610, 601, 579, 556, 533, 517, 484, 479, 480, 439, 438, 421, 402, 403, 381, 370, 341, 319, 296, 273, 244, 236, 213, 196, 154, 155, 148, 110, 102, 72
637, 610, 601, 579, 556, 533, 517, 484, 479, 480, 439, 438, 421, 402, 403, 381, 370, 341, 319, 296, 273, 244, 236, 213, 196, 154, 155, 148, 110, 102, 73
637, 610, 601, 579, 556, 533, 517, 484, 479, 480, 439, 438, 421, 402, 403, 381, 370, 341, 319, 296, 273, 244, 236, 213, 196, 154, 149, 131, 101, 75, 74
637, 610, 601, 579, 556, 533, 517, 484, 479, 480, 439, 438, 421, 402, 403, 381, 370, 341, 319, 296, 273, 244, 236, 213, 196, 154, 149, 131, 101, 75
637, 610, 601, 579, 556, 533, 517, 484, 479, 440, 425, 399, 378, 352, 338, 322, 321, 298, 271, 248, 233, 216, 177, 173, 151, 129, 98, 77, 76
637, 610, 601, 579, 556, 533, 517, 484, 479, 440, 425, 399, 378, 352, 338, 322, 321, 298, 271, 248, 233, 216, 177, 173, 151, 129, 98, 77
637, 610, 601, 579, 556, 533, 517, 484, 479, 440, 425, 399, 378, 352, 338, 322, 299, 270, 249, 232, 197, 178, 171, 153, 127, 97, 78
637, 610, 601, 579, 556, 533, 517, 484, 479, 440, 425, 399, 378, 352, 338, 322, 299, 270, 249, 232, 197, 178, 171, 153, 127, 97, 79
637, 610, 601, 579, 556, 533, 517, 484, 479, 440, 425, 399, 377, 353, 337, 324, 302, 269, 250, 231, 198, 180, 170, 133, 125, 95, 80
637, 610, 601, 579, 556, 533, 517, 484, 479, 440, 425, 399, 377, 353, 337, 324, 302, 269, 250, 231, 198, 180, 170, 133, 125, 94, 81
637, 610, 601, 579, 556, 533, 517, 484, 479, 440, 425, 399, 377, 353, 337, 324, 302, 269, 250, 231, 198, 180, 170, 133, 125, 94, 81, 82
637, 610, 601, 579, 556, 533, 517, 484, 479, 440, 425, 399, 377, 354, 336, 325, 303, 268, 251, 230, 199, 182, 168, 134, 124, 92, 83
637, 610, 601, 579, 556, 533, 517, 484, 479, 440, 425, 399, 377, 354, 336, 325, 303, 267, 252, 228, 200, 183, 167, 135, 123, 91, 84
637, 610, 601, 579, 556, 533, 517, 484, 479, 440, 425, 399, 377, 354, 336, 325, 303, 267, 252, 228, 200, 183, 167, 135, 123, 91, 85
637, 610, 601, 579, 556, 533, 517, 484, 479, 440, 425, 399, 377, 354, 336, 325, 303, 267, 252, 228, 200, 183, 167, 135, 123, 91, 85, 86
637, 610, 601, 602, 580, 559, 531, 515, 487, 488, 475, 445, 429, 395, 372, 357, 334, 304, 284, 263, 255, 225, 204, 186, 164, 138, 119, 88, 87
637, 610, 601, 602, 580, 559, 531, 515, 487, 488, 475, 445, 429, 395, 372, 357, 334, 304, 284, 263, 255, 225, 204, 186, 164, 138, 119, 88
637, 610, 601, 579, 556, 533, 517, 484, 479, 440, 425, 399, 377, 354, 336, 325, 303, 267, 252, 228, 200, 183, 167, 166, 136, 122, 89
637, 610, 601, 579, 556, 533, 517, 484, 479, 440, 425, 399, 377, 354, 336, 325, 303, 267, 252, 228, 200, 183, 167, 166, 136, 122, 90
637, 610, 601, 579, 556, 533, 517, 484, 479, 440, 425, 399, 377, 354, 336, 325, 303, 267, 252, 228, 200, 183, 167, 135, 123, 91
637, 610, 601, 579, 556, 533, 517, 484, 479, 440, 425, 399, 377, 354, 336, 325, 303, 268, 251, 230, 199, 182, 168, 134, 124, 92
637, 610, 601, 579, 556, 533, 517, 484, 479, 440, 425, 399, 377, 354, 336, 325, 303, 268, 251, 230, 199, 182, 168, 134, 124, 93
637, 610, 601, 579, 556, 533, 517, 484, 479, 440, 425, 399, 377, 353, 337, 324, 302, 269, 250, 231, 198, 180, 170, 133, 125, 94
637, 610, 601, 579, 556, 533, 517, 484, 479, 440, 425, 399, 377, 353, 337, 324, 302, 269, 250, 231, 198, 180, 170, 133, 125, 95
637, 610, 601, 579, 556, 533, 517, 484, 479, 440, 425, 399, 378, 352, 338, 322, 299, 270, 249, 232, 197, 178, 171, 153, 126, 96
637, 610, 601, 579, 556, 533, 517, 484, 479, 440, 425, 399, 378, 352, 338, 322, 299, 270, 249, 232, 197, 178, 171, 153, 127, 97
637, 610, 601, 579, 556, 533, 517, 484, 479, 440, 425, 399, 378, 352, 338, 322, 321, 298, 271, 248, 233, 216, 177, 173, 151, 129, 98
637, 610, 601, 579, 556, 533, 517, 484, 479, 440, 425, 399, 378, 352, 338, 322, 321, 298, 271, 248, 233, 216, 177, 173, 151, 129, 98, 99
