738, 735, 704, 677, 660, 649, 621, 591, 570, 547, 543, 506, 495, 467, 450, 434, 410, 388, 364, 328, 311, 289, 280, 238, 221, 208, 191, 160, 143, 114, 105, 68, 47, 23, 0
738, 735, 704, 677, 660, 649, 621, 591, 570, 547, 543, 506, 495, 467, 450, 434, 410, 388, 364, 328, 311, 289, 280, 238, 221, 208, 191, 160, 143, 113, 104, 70, 48, 24, 1
738, 735, 704, 677, 660, 649, 621, 591, 570, 547, 543, 506, 495, 467, 450, 434, 410, 388, 364, 328, 311, 289, 280, 238, 221, 208, 191, 160, 143, 113, 104, 70, 48, 24, 2
738, 735, 704, 677, 660, 649, 621, 591, 570, 547, 543, 506, 495, 466, 453, 415, 408, 386, 366, 346, 315, 293, 276, 242, 237, 211, 194, 157, 148, 110, 102, 73, 49, 25, 3
738, 735, 704, 677, 660, 649, 621, 591, 570, 547, 543, 506, 495, 466, 453, 415, 408, 386, 366, 346, 315, 293, 276, 242, 237, 211, 194, 157, 148, 110, 102, 73, 50, 26, 4
738, 735, 704, 677, 660, 649, 648, 622, 593, 571, 549, 550, 540, 503, 499, 461, 456, 417, 405, 383, 369, 343, 317, 295, 273, 244, 236, 213, 196, 154, 149, 131, 101, 75, 52, 27, 5
738, 735, 704, 677, 660, 649, 648, 622, 593, 571, 549, 550, 540, 503, 499, 461, 456, 417, 405, 383, 369, 343, 317, 295, 273, 244, 235, 215, 175, 174, 150, 130, 98, 77, 53, 28, 6
738, 735, 704, 677, 660, 649, 648, 622, 593, 571, 549, 550, 540, 503, 499, 461, 456, 417, 405, 383, 369, 343, 317, 295, 273, 244, 235, 215, 175, 174, 150, 130, 98, 77, 53, 28, 29, 7
738, 735, 704, 677, 660, 649, 648, 622, 593, 571, 549, 550, 540, 503, 499, 461, 456, 417, 405, 383, 369, 343, 317, 295, 273, 244, 235, 215, 175, 176, 173, 151, 128, 127, 97, 79, 55, 31, 8
738, 735, 704, 677, 660, 649, 648, 622, 593, 571, 549, 550, 540, 503, 499, 461, 456, 417, 405, 383, 369, 343, 317, 295, 273, 244, 235, 215, 175, 176, 173, 151, 128, 127, 97, 79, 55, 31, 8, 9
738, 735, 704, 677, 660, 649, 648, 622, 593, 571, 549, 550, 540, 503, 499, 461, 456, 417, 405, 383, 369, 343, 317, 295, 273, 244, 235, 215, 175, 176, 173, 172, 153, 126, 96, 95, 94, 81, 57, 33, 10
738, 735, 704, 677, 660, 649, 648, 622, 593, 571, 549, 550, 540, 503, 499, 461, 456, 417, 405, 383, 369, 343, 317, 295, 273, 244, 235, 215, 175, 176, 173, 172, 153, 126, 96, 95, 94, 81, 57, 33, 10, 11
738, 735, 704, 677, 660, 649, 648, 622, 593, 571, 549, 550, 540, 503, 499, 461, 456, 417, 405, 383, 369, 343, 317, 295, 273, 244, 235, 215, 175, 176, 173, 172, 153, 126, 96, 95, 94, 81, 57, 33, 34, 12
738, 735, 704, 677, 660, 649, 621, 591, 570, 547, 543, 506, 495, 467, 450, 434, 411, 412, 391, 392, 359, 331, 308, 285, 262, 256, 225, 204, 186, 164, 138, 119, 88, 87, 62, 38, 37, 14, 13
738, 735, 704, 677, 660, 649, 621, 591, 570, 547, 543, 506, 495, 467, 450, 434, 411, 412, 391, 392, 359, 331, 308, 285, 262, 256, 225, 204, 186, 164, 138, 119, 88, 87, 62, 38, 37, 14
738, 735, 704, 677, 660, 649, 621, 591, 570, 547, 543, 506, 495, 467, 450, 434, 411, 412, 391, 392, 359, 331, 308, 285, 262, 256, 225, 204, 186, 164, 138, 119, 88, 87, 62, 38, 15
738, 735, 704, 677, 660, 649, 621, 591, 570, 547, 543, 506, 495, 467, 450, 434, 410, 388, 364, 328, 311, 289, 280, 238, 221, 222, 207, 206, 188, 162, 139, 117, 109, 63, 42, 39, 16
738, 735, 704, 677, 660, 649, 621, 591, 570, 547, 543, 506, 495, 467, 450, 434, 410, 388, 364, 328, 311, 289, 280, 238, 221, 222, 207, 189, 161, 141, 116, 108, 65, 43, 41, 17
738, 735, 704, 677, 660, 649, 621, 591, 570, 547, 543, 506, 495, 467, 450, 434, 410, 388, 364, 328, 311, 289, 280, 238, 221, 208, 191, 160, 142, 115, 107, 66, 44, 21, 18
738, 735, 704, 677, 660, 649, 621, 591, 570, 547, 543, 506, 495, 467, 450, 434, 410, 388, 364, 328, 311, 289, 280, 238, 221, 208, 191, 160, 142, 115, 107, 66, 46, 22, 19
738, 735, 704, 677, 660, 649, 621, 591, 570, 547, 543, 506, 495, 467, 450, 434, 410, 388, 364, 328, 311, 289, 280, 238, 221, 208, 191, 160, 143, 114, 105, 68, 47, 23, 20
738, 735, 704, 677, 660, 649, 621, 591, 570, 547, 543, 506, 495, 467, 450, 434, 410, 388, 364, 328, 311, 289, 280, 238, 221, 208, 191, 160, 142, 115, 107, 66, 44, 21
738, 735, 704, 677, 660, 649, 621, 591, 570, 547, 543, 506, 495, 467, 450, 434, 410, 388, 364, 328, 311, 289, 280, 238, 221, 208, 191, 160, 142, 115, 107, 66, 46, 22
738, 735, 704, 677, 660, 649, 621, 591, 570, 547, 543, 506, 495, 467, 450, 434, 410, 388, 364, 328, 311, 289, 280, 238, 221, 208, 191, 160, 143, 114, 105, 68, 47, 23
738, 735, 704, 677, 660, 649, 621, 591, 570, 547, 543, 506, 495, 467, 450, 434, 410, 388, 364, 328, 311, 289, 280, 238, 221, 208, 191, 160, 143, 113, 104, 70, 48, 24
738, 735, 704, 677, 660, 649, 621, 591, 570, 547, 543, 506, 495, 466, 453, 415, 408, 386, 366, 346, 315, 293, 276, 242, 237, 211, 194, 157, 148, 110, 102, 73, 49, 25
738, 735, 704, 677, 660, 649, 621, 591, 570, 547, 543, 506, 495, 466, 453, 415, 408, 386, 366, 346, 315, 293, 276, 242, 237, 211, 194, 157, 148, 110, 102, 73, 50, 26
738, 735, 704, 677, 660, 649, 648, 622, 593, 571, 549, 550, 540, 503, 499, 461, 456, 417, 405, 383, 369, 343, 317, 295, 273, 244, 236, 213, 196, 154, 149, 131, 101, 75, 52, 27
738, 735, 704, 677, 660, 649, 648, 622, 593, 571, 549, 550, 540, 503, 499, 461, 456, 417, 405, 383, 369, 343, 317, 295, 273, 244, 235, 215, 175, 174, 150, 130, 98, 77, 53, 28
738, 735, 704, 677, 660, 649, 648, 622, 593, 571, 549, 550, 540, 503, 499, 461, 456, 417, 405, 383, 369, 343, 317, 295, 273, 244, 235, 215, 175, 174, 150, 130, 98, 77, 53, 28, 29
738, 735, 704, 677, 660, 649, 648, 622, 593, 571, 549, 550, 540, 503, 499, 461, 456, 417, 405, 383, 369, 343, 317, 295, 273, 244, 235, 215, 175, 174, 150, 130, 98, 77, 53, 28, 29, 30
738, 735, 704, 677, 660, 649, 648, 622, 593, 571, 549, 550, 540, 503, 499, 461, 456, 417, 405, 383, 369, 343, 317, 295, 273, 244, 235, 215, 175, 176, 173, 151, 128, 127, 97, 79, 55, 31
738, 735, 704, 677, 660, 649, 648, 622, 593, 571, 549, 550, 540, 503, 499, 461, 456, 417, 405, 383, 369, 343, 317, 295, 273, 244, 235, 215, 175, 176, 173, 172, 153, 126, 96, 95, 80, 56, 32
738, 735, 704, 677, 660, 649, 648, 622, 593, 571, 549, 550, 540, 503, 499, 461, 456, 417, 405, 383, 369, 343, 317, 295, 273, 244, 235, 215, 175, 176, 173, 172, 153, 126, 96, 95, 94, 81, 57, 33
738, 735, 704, 677, 660, 649, 648, 622, 593, 571, 549, 550, 540, 503, 499, 461, 456, 417, 405, 383, 369, 343, 317, 295, 273, 244, 235, 215, 175, 176, 173, 172, 153, 126, 96, 95, 94, 81, 57, 33, 34
738, 735, 704, 677, 660, 649, 648, 622, 593, 571, 549, 550, 540, 503, 499, 461, 456, 417, 405, 383, 369, 343, 317, 295, 273, 244, 235, 215, 175, 176, 173, 172, 153, 126, 96, 95, 94, 81, 57, 33, 34, 35
738, 735, 704, 677, 660, 649, 621, 591, 570, 547, 543, 506, 495, 467, 450, 434, 411, 412, 391, 392, 359, 331, 308, 285, 262, 256, 225, 204, 186, 164, 138, 119, 88, 87, 62, 38, 37, 36
738, 735, 704, 677, 660, 649, 621, 591, 570, 547, 543, 506, 495, 467, 450, 434, 411, 412, 391, 392, 359, 331, 308, 285, 262, 256, 225, 204, 186, 164, 138, 119, 88, 87, 62, 38, 37
738, 735, 704, 677, 660, 649, 621, 591, 570, 547, 543, 506, 495, 467, 450, 434, 411, 412, 391, 392, 359, 331, 308, 285, 262, 256, 225, 204, 186, 164, 138, 119, 88, 87, 62, 38
738, 735, 704, 677, 660, 649, 621, 591, 570, 547, 543, 506, 495, 467, 450, 434, 410, 388, 364, 328, 311, 289, 280, 238, 221, 222, 207, 206, 188, 162, 139, 117, 109, 63, 42, 39
738, 735, 704, 677, 660, 649, 621, 591, 570, 547, 543, 506, 495, 467, 450, 434, 410, 388, 364, 328, 311, 289, 280, 238, 221, 222, 207, 206, 188, 162, 139, 117, 109, 63, 42, 40
738, 735, 704, 677, 660, 649, 621, 591, 570, 547, 543, 506, 495, 467, 450, 434, 410, 388, 364, 328, 311, 289, 280, 238, 221, 222, 207, 189, 161, 141, 116, 108, 65, 43, 41
738, 735, 704, 677, 660, 649, 621, 591, 570, 547, 543, 506, 495, 467, 450, 434, 410, 388, 364, 328, 311, 289, 280, 238, 221, 222, 207, 206, 188, 162, 139, 117, 109, 63, 42
738, 735, 704, 677, 660, 649, 621, 591, 570, 547, 543, 506, 495, 467, 450, 434, 410, 388, 364, 328, 311, 289, 280, 238, 221, 222, 207, 189, 161, 141, 116, 108, 65, 43
738, 735, 704, 677, 660, 649, 621, 591, 570, 547, 543, 506, 495, 467, 450, 434, 410, 388, 364, 328, 311, 289, 280, 238, 221, 208, 191, 160, 142, 115, 107, 66, 44
738, 735, 704, 677, 660, 649, 621, 591, 570, 547, 543, 506, 495, 467, 450, 434, 410, 388, 364, 328, 311, 289, 280, 238, 221, 208, 191, 160, 142, 115, 107, 66, 45
738, 735, 704, 677, 660, 649, 621, 591, 570, 547, 543, 506, 495, 467, 450, 434, 410, 388, 364, 328, 311, 289, 280, 238, 221, 208, 191, 160, 142, 115, 107, 66, 46
738, 735, 704, 677, 660, 649, 621, 591, 570, 547, 543, 506, 495, 467, 450, 434, 410, 388, 364, 328, 311, 289, 280, 238, 221, 208, 191, 160, 143, 114, 105, 68, 47
738, 735, 704, 677, 660, 649, 621, 591, 570, 547, 543, 506, 495, 467, 450, 434, 410, 388, 364, 328, 311, 289, 280, 238, 221, 208, 191, 160, 143, 113, 104, 70, 48
738, 735, 704, 677, 660, 649, 621, 591, 570, 547, 543, 506, 495, 466, 453, 415, 408, 386, 366, 346, 315, 293, 276, 242, 237, 211, 194, 157, 148, 110, 102, 73, 49
738, 735, 704, 677, 660, 649, 621, 591, 570, 547, 543, 506, 495, 466, 453, 415, 408, 386, 366, 346, 315, 293, 276, 242, 237, 211, 194, 157, 148, 110, 102, 73, 50
738, 735, 704, 677, 660, 649, 648, 622, 593, 571, 549, 550, 540, 503, 499, 461, 456, 417, 405, 383, 369, 343, 317, 295, 273, 244, 236, 213, 196, 154, 149, 131, 101, 75, 51
738, 735, 704, 677, 660, 649, 648, 622, 593, 571, 549, 550, 540, 503, 499, 461, 456, 417, 405, 383, 369, 343, 317, 295, 273, 244, 236, 213, 196, 154, 149, 131, 101, 75, 52
738, 735, 704, 677, 660, 649, 648, 622, 593, 571, 549, 550, 540, 503, 499, 461, 456, 417, 405, 383, 369, 343, 317, 295, 273, 244, 235, 215, 175, 174, 150, 130, 98, 77, 53
738, 735, 704, 677, 660, 649, 648, 622, 593, 571, 549, 550, 540, 503, 499, 461, 456, 417, 405, 383, 369, 343, 317, 295, 273, 244, 235, 215, 175, 174, 150, 130, 98, 77, 53, 54
738, 735, 704, 677, 660, 649, 648, 622, 593, 571, 549, 550, 540, 503, 499, 461, 456, 417, 405, 383, 369, 343, 317, 295, 273, 244, 235, 215, 175, 176, 173, 151, 128, 127, 97, 79, 55
738, 735, 704, 677, 660, 649, 648, 622, 593, 571, 549, 550, 540, 503, 499, 461, 456, 417, 405, 383, 369, 343, 317, 295, 273, 244, 235, 215, 175, 176, 173, 172, 153, 126, 96, 95, 80, 56
738, 735, 704, 677, 660, 649, 648, 622, 593, 571, 549, 550, 540, 503, 499, 461, 456, 417, 405, 383, 369, 343, 317, 295, 273, 244, 235, 215, 175, 176, 173, 172, 153, 126, 96, 95, 94, 81, 57
738, 735, 704, 677, 660, 649, 648, 622, 593, 571, 549, 550, 540, 503, 499, 461, 456, 417, 405, 383, 369, 343, 317, 295, 273, 244, 235, 215, 175, 176, 173, 172, 153, 126, 96, 95, 94, 81, 57, 58
738, 735, 704, 677, 660, 649, 621, 591, 570, 547, 543, 506, 495, 467, 450, 434, 411, 412, 391, 392, 359, 331, 308, 285, 262, 256, 225, 204, 186, 164, 138, 119, 88, 87, 62, 61, 60, 59
738, 735, 704, 677, 660, 649, 621, 591, 570, 547, 543, 506, 495, 467, 450, 434, 411, 412, 391, 392, 359, 331, 308, 285, 262, 256, 225, 204, 186, 164, 138, 119, 88, 87, 62, 61, 60
738, 735, 704, 677, 660, 649, 621, 591, 570, 547, 543, 506, 495, 467, 450, 434, 411, 412, 391, 392, 359, 331, 308, 285, 262, 256, 225, 204, 186, 164, 138, 119, 88, 87, 62, 61
738, 735, 704, 677, 660, 649, 621, 591, 570, 547, 543, 506, 495, 467, 450, 434, 411, 412, 391, 392, 359, 331, 308, 285, 262, 256, 225, 204, 186, 164, 138, 119, 88, 87, 62
738, 735, 704, 677, 660, 649, 621, 591, 570, 547, 543, 506, 495, 467, 450, 434, 410, 388, 364, 328, 311, 289, 280, 238, 221, 222, 207, 206, 188, 162, 139, 117, 109, 63
738, 735, 704, 677, 660, 649, 621, 591, 570, 547, 543, 506, 495, 467, 450, 434, 410, 388, 364, 328, 311, 289, 280, 238, 221, 222, 207, 206, 188, 162, 139, 117, 109, 64
738, 735, 704, 677, 660, 649, 621, 591, 570, 547, 543, 506, 495, 467, 450, 434, 410, 388, 364, 328, 311, 289, 280, 238, 221, 222, 207, 189, 161, 141, 116, 108, 65
738, 735, 704, 677, 660, 649, 621, 591, 570, 547, 543, 506, 495, 467, 450, 434, 410, 388, 364, 328, 311, 289, 280, 238, 221, 208, 191, 160, 142, 115, 107, 66
738, 735, 704, 677, 660, 649, 621, 591, 570, 547, 543, 506, 495, 467, 450, 434, 410, 388, 364, 328, 311, 289, 280, 238, 221, 208, 191, 160, 143, 114, 105, 67
738, 735, 704, 677, 660, 649, 621, 591, 570, 547, 543, 506, 495, 467, 450, 434, 410, 388, 364, 328, 311, 289, 280, 238, 221, 208, 191, 160, 143, 114, 105, 68
738, 735, 704, 677, 660, 649, 621, 591, 570, 547, 543, 506, 495, 467, 450, 434, 410, 388, 364, 328, 311, 289, 280, 238, 221, 208, 191, 160, 143, 113, 104, 69
738, 735, 704, 677, 660, 649, 621, 591, 570, 547, 543, 506, 495, 467, 450, 434, 410, 388, 364, 328, 311, 289, 280, 238, 221, 208, 191, 160, 143, 113, 104, 70
738, 735, 704, 677, 660, 649, 621, 591, 570, 547, 543, 506, 495, 466, 453, 415, 408, 386, 366, 346, 315, 293, 276, 242, 237, 211, 194, 157, 148, 110, 102, 103, 71
738, 735, 704, 677, 660, 649, 621, 591, 570, 547, 543, 506, 495, 466, 453, 415, 408, 386, 366, 346, 315, 293, 276, 242, 237, 211, 194, 157, 148, 110, 102, 72
738, 735, 704, 677, 660, 649, 621, 591, 570, 547, 543, 506, 495, 466, 453, 415, 408, 386, 366, 346, 315, 293, 276, 242, 237, 211, 194, 157, 148, 110, 102, 73
738, 735, 704, 677, 660, 649, 648, 622, 593, 571, 549, 550, 540, 503, 499, 461, 456, 417, 405, 383, 369, 343, 317, 295, 273, 244, 236, 213, 196, 154, 149, 131, 101, 75, 74
738, 735, 704, 677, 660, 649, 648, 622, 593, 571, 549, 550, 540, 503, 499, 461, 456, 417, 405, 383, 369, 343, 317, 295, 273, 244, 236, 213, 196, 154, 149, 131, 101, 75
738, 735, 704, 677, 660, 649, 648, 622, 593, 571, 549, 550, 540, 503, 499, 461, 456, 417, 405, 383, 369, 343, 317, 295, 273, 244, 236, 213, 196, 154, 149, 131, 99, 76
738, 735, 704, 677, 660, 649, 648, 622, 593, 571, 549, 550, 540, 503, 499, 461, 456, 417, 405, 383, 369, 343, 317, 295, 273, 244, 235, 215, 175, 174, 150, 130, 98, 77
738, 735, 704, 677, 660, 649, 648, 622, 593, 571, 549, 550, 540, 503, 499, 461, 456, 417, 405, 383, 369, 343, 317, 295, 273, 244, 235, 215, 175, 176, 173, 151, 128, 127, 97, 78
738, 735, 704, 677, 660, 649, 648, 622, 593, 571, 549, 550, 540, 503, 499, 461, 456, 417, 405, 383, 369, 343, 317, 295, 273, 244, 235, 215, 175, 176, 173, 151, 128, 127, 97, 79
738, 735, 704, 677, 660, 649, 648, 622, 593, 571, 549, 550, 540, 503, 499, 461, 456, 417, 405, 383, 369, 343, 317, 295, 273, 244, 235, 215, 175, 176, 173, 172, 153, 126, 96, 95, 80
738, 735, 704, 677, 660, 649, 648, 622, 593, 571, 549, 550, 540, 503, 499, 461, 456, 417, 405, 383, 369, 343, 317, 295, 273, 244, 235, 215, 175, 176, 173, 172, 153, 126, 96, 95, 94, 81
738, 735, 704, 677, 660, 649, 648, 622, 593, 571, 549, 550, 540, 503, 499, 461, 456, 417, 405, 383, 369, 343, 317, 295, 273, 244, 235, 215, 175, 176, 173, 172, 153, 126, 96, 95, 94, 81, 82
738, 735, 704, 677, 660, 649, 648, 622, 593, 571, 549, 550, 540, 503, 499, 461, 456, 417, 405, 383, 369, 343, 317, 295, 273, 244, 235, 215, 175, 176, 173, 172, 153, 126, 96, 95, 94, 81, 82, 83
738, 735, 704, 677, 660, 649, 621, 591, 570, 547, 543, 506, 495, 467, 450, 434, 411, 412, 391, 392, 359, 331, 308, 285, 262, 256, 225, 204, 186, 164, 138, 119, 88, 87, 86, 85, 84
738, 735, 704, 677, 660, 649, 621, 591, 570, 547, 543, 506, 495, 467, 450, 434, 411, 412, 391, 392, 359, 331, 308, 285, 262, 256, 225, 204, 186, 164, 138, 119, 88, 87, 86, 85
738, 735, 704, 677, 660, 649, 621, 591, 570, 547, 543, 506, 495, 467, 450, 434, 411, 412, 391, 392, 359, 331, 308, 285, 262, 256, 225, 204, 186, 164, 138, 119, 88, 87, 86
738, 735, 704, 677, 660, 649, 621, 591, 570, 547, 543, 506, 495, 467, 450, 434, 411, 412, 391, 392, 359, 331, 308, 285, 262, 256, 225, 204, 186, 164, 138, 119, 88, 87
738, 735, 704, 677, 660, 649, 621, 591, 570, 547, 543, 506, 495, 467, 450, 434, 411, 412, 391, 392, 359, 331, 308, 285, 262, 256, 225, 204, 186, 164, 138, 119, 88
738, 735, 704, 677, 660, 649, 621, 591, 570, 547, 543, 506, 495, 467, 450, 434, 411, 412, 391, 392, 359, 331, 308, 285, 262, 256, 225, 204, 186, 164, 138, 119, 88, 89
738, 735, 704, 677, 660, 649, 621, 591, 570, 547, 543, 506, 495, 467, 450, 434, 411, 412, 391, 392, 359, 331, 308, 285, 262, 256, 225, 204, 186, 164, 138, 119, 88, 89, 90
738, 735, 704, 677, 660, 649, 621, 591, 570, 547, 543, 506, 495, 467, 450, 434, 411, 412, 391, 392, 359, 331, 308, 285, 262, 256, 225, 204, 186, 164, 138, 119, 88, 89, 90, 91
738, 735, 704, 677, 660, 649, 648, 622, 593, 571, 549, 550, 540, 503, 499, 461, 456, 417, 405, 383, 369, 343, 317, 295, 273, 244, 235, 215, 175, 176, 173, 172, 153, 126, 125, 124, 92
738, 735, 704, 677, 660, 649, 648, 622, 593, 571, 549, 550, 540, 503, 499, 461, 456, 417, 405, 383, 369, 343, 317, 295, 273, 244, 235, 215, 175, 176, 173, 172, 153, 126, 125, 124, 93
738, 735, 704, 677, 660, 649, 648, 622, 593, 571, 549, 550, 540, 503, 499, 461, 456, 417, 405, 383, 369, 343, 317, 295, 273, 244, 235, 215, 175, 176, 173, 172, 153, 126, 96, 95, 94
738, 735, 704, 677, 660, 649, 648, 622, 593, 571, 549, 550, 540, 503, 499, 461, 456, 417, 405, 383, 369, 343, 317, 295, 273, 244, 235, 215, 175, 176, 173, 172, 153, 126, 96, 95
738, 735, 704, 677, 660, 649, 648, 622, 593, 571, 549, 550, 540, 503, 499, 461, 456, 417, 405, 383, 369, 343, 317, 295, 273, 244, 235, 215, 175, 176, 173, 172, 153, 126, 96
738, 735, 704, 677, 660, 649, 648, 622, 593, 571, 549, 550, 540, 503, 499, 461, 456, 417, 405, 383, 369, 343, 317, 295, 273, 244, 235, 215, 175, 176, 173, 151, 128, 127, 97
738, 735, 704, 677, 660, 649, 648, 622, 593, 571, 549, 550, 540, 503, 499, 461, 456, 417, 405, 383, 369, 343, 317, 295, 273, 244, 235, 215, 175, 174, 150, 130, 98
738, 735, 704, 677, 660, 649, 648, 622, 593, 571, 549, 550, 540, 503, 499, 461, 456, 417, 405, 383, 369, 343, 317, 295, 273, 244, 236, 213, 196, 154, 149, 131, 99
