752, 720, 691, 670, 652, 635, 612, 604, 582, 560, 530, 514, 488, 475, 445, 429, 395, 372, 357, 334, 304, 284, 263, 255, 225, 205, 187, 162, 140, 116, 107, 106, 67, 47, 23, 0
752, 720, 691, 670, 652, 635, 612, 604, 582, 560, 530, 514, 488, 475, 445, 429, 395, 372, 357, 334, 304, 284, 263, 255, 225, 205, 187, 162, 140, 116, 107, 106, 67, 47, 23, 0, 1
752, 720, 691, 670, 652, 635, 612, 604, 582, 560, 530, 514, 488, 475, 445, 429, 395, 372, 357, 334, 304, 284, 263, 255, 225, 205, 187, 162, 140, 116, 107, 106, 67, 47, 48, 24, 2
752, 720, 691, 670, 652, 635, 612, 604, 582, 560, 530, 514, 488, 475, 445, 429, 395, 372, 357, 334, 304, 284, 263, 255, 225, 205, 187, 162, 140, 116, 107, 106, 67, 47, 48, 24, 2, 3
752, 720, 691, 670, 652, 635, 612, 604, 582, 560, 530, 514, 488, 475, 445, 429, 395, 372, 357, 334, 304, 284, 263, 255, 225, 205, 187, 162, 140, 116, 107, 106, 67, 47, 48, 24, 2, 3, 4
752, 751, 750, 723, 693, 688, 668, 637, 610, 601, 579, 556, 533, 517, 484, 479, 440, 425, 399, 378, 352, 338, 322, 321, 298, 271, 248, 233, 216, 177, 173, 151, 129, 98, 77, 53, 28, 6, 5
752, 751, 750, 723, 693, 688, 668, 637, 610, 601, 579, 556, 533, 517, 484, 479, 440, 425, 399, 378, 352, 338, 322, 321, 298, 271, 248, 233, 216, 177, 173, 151, 129, 98, 77, 53, 28, 6
752, 751, 750, 723, 693, 688, 668, 637, 610, 601, 579, 556, 533, 517, 484, 479, 440, 425, 399, 378, 352, 338, 322, 299, 270, 249, 232, 197, 178, 171, 153, 127, 97, 78, 54, 30, 7
752, 720, 691, 670, 652, 635, 612, 603, 581, 559, 531, 515, 487, 476, 444, 427, 397, 375, 356, 335, 325, 303, 268, 251, 230, 199, 181, 169, 132, 125, 95, 80, 56, 32, 9, 8
752, 720, 691, 670, 652, 635, 612, 603, 581, 559, 531, 515, 487, 476, 444, 427, 397, 375, 356, 335, 325, 303, 268, 251, 230, 199, 181, 169, 132, 125, 95, 80, 56, 32, 9
752, 720, 691, 670, 652, 635, 612, 603, 581, 559, 531, 515, 487, 476, 444, 427, 397, 375, 356, 335, 325, 303, 268, 251, 230, 199, 181, 169, 132, 125, 94, 81, 57, 33, 10
752, 720, 691, 670, 652, 635, 612, 603, 581, 559, 531, 515, 487, 476, 444, 427, 397, 375, 356, 335, 325, 303, 268, 251, 230, 199, 181, 169, 132, 125, 94, 81, 57, 33, 10, 11
752, 720, 691, 670, 652, 635, 612, 603, 581, 559, 531, 515, 487, 476, 444, 427, 397, 375, 356, 335, 325, 303, 268, 251, 230, 199, 181, 169, 132, 125, 94, 81, 57, 33, 34, 12
752, 720, 691, 670, 652, 635, 612, 604, 582, 560, 530, 514, 488, 475, 445, 429, 395, 372, 357, 334, 304, 284, 263, 255, 225, 204, 186, 164, 138, 119, 88, 87, 62, 38, 37, 14, 13
752, 720, 691, 670, 652, 635, 612, 604, 582, 560, 530, 514, 488, 475, 445, 429, 395, 372, 357, 334, 304, 284, 263, 255, 225, 204, 186, 164, 138, 119, 88, 87, 62, 38, 37, 14
752, 720, 691, 670, 652, 635, 612, 604, 582, 560, 530, 514, 488, 475, 445, 429, 395, 372, 357, 334, 304, 284, 263, 255, 225, 204, 186, 164, 138, 119, 88, 87, 62, 38, 15
752, 720, 691, 670, 652, 635, 612, 604, 582, 560, 530, 514, 488, 475, 445, 429, 395, 372, 357, 334, 304, 284, 263, 255, 225, 205, 187, 162, 139, 117, 109, 63, 42, 39, 16
752, 720, 691, 670, 652, 635, 612, 604, 582, 560, 530, 514, 488, 475, 445, 429, 395, 372, 357, 334, 304, 284, 263, 255, 225, 205, 187, 162, 139, 117, 109, 63, 42, 40, 17
752, 720, 691, 670, 652, 635, 612, 604, 582, 560, 530, 514, 488, 475, 445, 429, 395, 372, 357, 334, 304, 284, 263, 255, 225, 205, 187, 162, 139, 117, 109, 63, 42, 40, 17, 18
752, 720, 691, 670, 652, 635, 612, 604, 582, 560, 530, 514, 488, 475, 445, 429, 395, 372, 357, 334, 304, 284, 263, 255, 225, 205, 187, 162, 140, 116, 107, 66, 46, 22, 19
752, 720, 691, 670, 652, 635, 612, 604, 582, 560, 530, 514, 488, 475, 445, 429, 395, 372, 357, 334, 304, 284, 263, 255, 225, 205, 187, 162, 140, 116, 107, 106, 67, 47, 23, 20
752, 720, 691, 670, 652, 635, 612, 604, 582, 560, 530, 514, 488, 475, 445, 429, 395, 372, 357, 334, 304, 284, 263, 255, 225, 205, 187, 162, 140, 116, 107, 66, 44, 21
752, 720, 691, 670, 652, 635, 612, 604, 582, 560, 530, 514, 488, 475, 445, 429, 395, 372, 357, 334, 304, 284, 263, 255, 225, 205, 187, 162, 140, 116, 107, 66, 46, 22
752, 720, 691, 670, 652, 635, 612, 604, 582, 560, 530, 514, 488, 475, 445, 429, 395, 372, 357, 334, 304, 284, 263, 255, 225, 205, 187, 162, 140, 116, 107, 106, 67, 47, 23
752, 720, 691, 670, 652, 635, 612, 604, 582, 560, 530, 514, 488, 475, 445, 429, 395, 372, 357, 334, 304, 284, 263, 255, 225, 205, 187, 162, 140, 116, 107, 106, 67, 47, 48, 24
752, 720, 691, 670, 652, 635, 612, 604, 582, 560, 530, 514, 488, 475, 445, 429, 395, 372, 357, 334, 304, 284, 263, 255, 225, 205, 187, 162, 140, 116, 107, 106, 67, 47, 48, 24, 25
752, 720, 691, 670, 652, 635, 612, 604, 582, 560, 530, 514, 488, 475, 445, 429, 395, 372, 357, 334, 304, 284, 263, 255, 225, 205, 187, 162, 140, 116, 107, 106, 67, 47, 48, 49, 26
752, 751, 750, 723, 693, 688, 668, 637, 610, 601, 579, 556, 533, 517, 484, 479, 440, 425, 399, 378, 352, 338, 322, 321, 298, 271, 248, 233, 216, 177, 173, 151, 129, 98, 77, 76, 52, 27
752, 751, 750, 723, 693, 688, 668, 637, 610, 601, 579, 556, 533, 517, 484, 479, 440, 425, 399, 378, 352, 338, 322, 321, 298, 271, 248, 233, 216, 177, 173, 151, 129, 98, 77, 53, 28
752, 751, 750, 723, 693, 688, 668, 637, 610, 601, 579, 556, 533, 517, 484, 479, 440, 425, 399, 378, 352, 338, 322, 321, 298, 271, 248, 233, 216, 177, 173, 151, 129, 98, 77, 53, 28, 29
752, 751, 750, 723, 693, 688, 668, 637, 610, 601, 579, 556, 533, 517, 484, 479, 440, 425, 399, 378, 352, 338, 322, 299, 270, 249, 232, 197, 178, 171, 153, 127, 97, 78, 54, 30
752, 720, 691, 670, 652, 635, 612, 603, 581, 559, 531, 515, 487, 476, 444, 427, 397, 375, 356, 335, 325, 303, 268, 251, 230, 199, 181, 169, 132, 125, 95, 96, 79, 55, 31
752, 720, 691, 670, 652, 635, 612, 603, 581, 559, 531, 515, 487, 476, 444, 427, 397, 375, 356, 335, 325, 303, 268, 251, 230, 199, 181, 169, 132, 125, 95, 80, 56, 32
752, 720, 691, 670, 652, 635, 612, 603, 581, 559, 531, 515, 487, 476, 444, 427, 397, 375, 356, 335, 325, 303, 268, 251, 230, 199, 181, 169, 132, 125, 94, 81, 57, 33
752, 720, 691, 670, 652, 635, 612, 603, 581, 559, 531, 515, 487, 476, 444, 427, 397, 375, 356, 335, 325, 303, 268, 251, 230, 199, 181, 169, 132, 125, 94, 81, 57, 33, 34
752, 720, 691, 670, 652, 635, 612, 603, 581, 559, 531, 515, 487, 476, 444, 427, 397, 375, 356, 335, 325, 303, 268, 251, 230, 199, 182, 168, 134, 124, 92, 83, 58, 35
752, 720, 691, 670, 652, 635, 612, 604, 582, 560, 530, 514, 488, 475, 445, 429, 395, 372, 357, 334, 304, 284, 263, 255, 225, 204, 186, 164, 138, 119, 88, 87, 62, 38, 37, 36
752, 720, 691, 670, 652, 635, 612, 604, 582, 560, 530, 514, 488, 475, 445, 429, 395, 372, 357, 334, 304, 284, 263, 255, 225, 204, 186, 164, 138, 119, 88, 87, 62, 38, 37
752, 720, 691, 670, 652, 635, 612, 604, 582, 560, 530, 514, 488, 475, 445, 429, 395, 372, 357, 334, 304, 284, 263, 255, 225, 204, 186, 164, 138, 119, 88, 87, 62, 38
752, 720, 691, 670, 652, 635, 612, 604, 582, 560, 530, 514, 488, 475, 445, 429, 395, 372, 357, 334, 304, 284, 263, 255, 225, 205, 187, 162, 139, 117, 109, 63, 42, 39
752, 720, 691, 670, 652, 635, 612, 604, 582, 560, 530, 514, 488, 475, 445, 429, 395, 372, 357, 334, 304, 284, 263, 255, 225, 205, 187, 162, 139, 117, 109, 63, 42, 40
752, 720, 691, 670, 652, 635, 612, 604, 582, 560, 530, 514, 488, 475, 445, 429, 395, 372, 357, 334, 304, 284, 263, 255, 225, 205, 187, 162, 139, 117, 109, 63, 42, 40, 41
752, 720, 691, 670, 652, 635, 612, 604, 582, 560, 530, 514, 488, 475, 445, 429, 395, 372, 357, 334, 304, 284, 263, 255, 225, 205, 187, 162, 139, 117, 109, 63, 42
752, 720, 691, 670, 652, 635, 612, 604, 582, 560, 530, 514, 488, 475, 445, 429, 395, 372, 357, 334, 304, 284, 263, 255, 225, 205, 187, 162, 139, 117, 109, 108, 65, 43
752, 720, 691, 670, 652, 635, 612, 604, 582, 560, 530, 514, 488, 475, 445, 429, 395, 372, 357, 334, 304, 284, 263, 255, 225, 205, 187, 162, 140, 116, 107, 66, 44
752, 720, 691, 670, 652, 635, 612, 604, 582, 560, 530, 514, 488, 475, 445, 429, 395, 372, 357, 334, 304, 284, 263, 255, 225, 205, 187, 162, 140, 116, 107, 66, 45
752, 720, 691, 670, 652, 635, 612, 604, 582, 560, 530, 514, 488, 475, 445, 429, 395, 372, 357, 334, 304, 284, 263, 255, 225, 205, 187, 162, 140, 116, 107, 66, 46
752, 720, 691, 670, 652, 635, 612, 604, 582, 560, 530, 514, 488, 475, 445, 429, 395, 372, 357, 334, 304, 284, 263, 255, 225, 205, 187, 162, 140, 116, 107, 106, 67, 47
752, 720, 691, 670, 652, 635, 612, 604, 582, 560, 530, 514, 488, 475, 445, 429, 395, 372, 357, 334, 304, 284, 263, 255, 225, 205, 187, 162, 140, 116, 107, 106, 67, 47, 48
752, 720, 691, 670, 652, 635, 612, 604, 582, 560, 530, 514, 488, 475, 445, 429, 395, 372, 357, 334, 304, 284, 263, 255, 225, 205, 187, 162, 140, 116, 107, 106, 67, 47, 48, 49
752, 720, 691, 670, 652, 635, 612, 604, 582, 560, 530, 514, 488, 475, 445, 429, 395, 372, 357, 334, 304, 284, 263, 255, 225, 205, 187, 162, 140, 116, 107, 106, 67, 47, 48, 49, 50
752, 751, 750, 723, 693, 688, 668, 637, 610, 601, 579, 556, 533, 517, 484, 479, 480, 439, 438, 421, 402, 403, 381, 370, 341, 319, 296, 273, 244, 236, 213, 196, 154, 149, 131, 101, 75, 51
752, 751, 750, 723, 693, 688, 668, 637, 610, 601, 579, 556, 533, 517, 484, 479, 440, 425, 399, 378, 352, 338, 322, 321, 298, 271, 248, 233, 216, 177, 173, 151, 129, 98, 77, 76, 52
752, 751, 750, 723, 693, 688, 668, 637, 610, 601, 579, 556, 533, 517, 484, 479, 440, 425, 399, 378, 352, 338, 322, 321, 298, 271, 248, 233, 216, 177, 173, 151, 129, 98, 77, 53
752, 751, 750, 723, 693, 688, 668, 637, 610, 601, 579, 556, 533, 517, 484, 479, 440, 425, 399, 378, 352, 338, 322, 299, 270, 249, 232, 197, 178, 171, 153, 127, 97, 78, 54
752, 720, 691, 670, 652, 635, 612, 603, 581, 559, 531, 515, 487, 476, 444, 427, 397, 375, 356, 335, 325, 303, 268, 251, 230, 199, 181, 169, 132, 125, 95, 96, 79, 55
752, 720, 691, 670, 652, 635, 612, 603, 581, 559, 531, 515, 487, 476, 444, 427, 397, 375, 356, 335, 325, 303, 268, 251, 230, 199, 181, 169, 132, 125, 95, 80, 56
752, 720, 691, 670, 652, 635, 612, 603, 581, 559, 531, 515, 487, 476, 444, 427, 397, 375, 356, 335, 325, 303, 268, 251, 230, 199, 181, 169, 132, 125, 94, 81, 57
752, 720, 691, 670, 652, 635, 612, 603, 581, 559, 531, 515, 487, 476, 444, 427, 397, 375, 356, 335, 325, 303, 268, 251, 230, 199, 182, 168, 134, 124, 92, 83, 58
752, 720, 691, 670, 652, 635, 612, 604, 582, 560, 530, 514, 488, 475, 445, 429, 395, 372, 357, 334, 304, 284, 263, 255, 225, 204, 186, 164, 138, 119, 88, 87, 62, 61, 60, 59
752, 720, 691, 670, 652, 635, 612, 604, 582, 560, 530, 514, 488, 475, 445, 429, 395, 372, 357, 334, 304, 284, 263, 255, 225, 204, 186, 164, 138, 119, 88, 87, 62, 61, 60
752, 720, 691, 670, 652, 635, 612, 604, 582, 560, 530, 514, 488, 475, 445, 429, 395, 372, 357, 334, 304, 284, 263, 255, 225, 204, 186, 164, 138, 119, 88, 87, 62, 61
752, 720, 691, 670, 652, 635, 612, 604, 582, 560, 530, 514, 488, 475, 445, 429, 395, 372, 357, 334, 304, 284, 263, 255, 225, 204, 186, 164, 138, 119, 88, 87, 62
752, 720, 691, 670, 652, 635, 612, 604, 582, 560, 530, 514, 488, 475, 445, 429, 395, 372, 357, 334, 304, 284, 263, 255, 225, 205, 187, 162, 139, 117, 109, 63
752, 720, 691, 670, 652, 635, 612, 604, 582, 560, 530, 514, 488, 475, 445, 429, 395, 372, 357, 334, 304, 284, 263, 255, 225, 205, 187, 162, 139, 117, 109, 64
752, 720, 691, 670, 652, 635, 612, 604, 582, 560, 530, 514, 488, 475, 445, 429, 395, 372, 357, 334, 304, 284, 263, 255, 225, 205, 187, 162, 139, 117, 109, 108, 65
752, 720, 691, 670, 652, 635, 612, 604, 582, 560, 530, 514, 488, 475, 445, 429, 395, 372, 357, 334, 304, 284, 263, 255, 225, 205, 187, 162, 140, 116, 107, 66
752, 720, 691, 670, 652, 635, 612, 604, 582, 560, 530, 514, 488, 475, 445, 429, 395, 372, 357, 334, 304, 284, 263, 255, 225, 205, 187, 162, 140, 116, 107, 106, 67
752, 720, 691, 670, 652, 635, 612, 604, 582, 560, 530, 514, 488, 475, 445, 429, 395, 372, 357, 334, 304, 284, 263, 255, 225, 205, 187, 162, 140, 116, 107, 106, 67, 68
752, 720, 691, 670, 652, 635, 612, 604, 582, 560, 530, 514, 488, 475, 445, 429, 395, 372, 357, 334, 304, 284, 263, 255, 225, 205, 187, 162, 140, 116, 107, 106, 67, 68, 69
752, 720, 691, 670, 652, 635, 612, 604, 582, 560, 530, 514, 488, 475, 445, 429, 395, 372, 357, 334, 304, 284, 263, 255, 225, 205, 187, 162, 140, 116, 107, 106, 67, 68, 69, 70
752, 720, 691, 670, 652, 635, 612, 604, 582, 560, 530, 514, 488, 475, 445, 429, 395, 372, 357, 334, 304, 284, 263, 255, 225, 205, 187, 162, 140, 116, 107, 106, 67, 68, 69, 70, 71
752, 720, 691, 670, 652, 635, 612, 604, 582, 560, 530, 514, 488, 475, 445, 429, 395, 372, 357, 334, 304, 284, 263, 255, 225, 205, 187, 162, 140, 116, 107, 106, 67, 68, 69, 70, 71, 72
752, 720, 691, 670, 652, 635, 612, 604, 582, 560, 530, 514, 488, 475, 445, 429, 395, 372, 357, 334, 304, 284, 263, 255, 225, 205, 187, 162, 140, 116, 107, 106, 67, 68, 69, 70, 71, 72, 73
752, 751, 750, 723, 693, 688, 668, 637, 610, 601, 579, 556, 533, 517, 484, 479, 480, 439, 438, 421, 402, 403, 381, 370, 341, 319, 296, 273, 244, 236, 213, 196, 154, 149, 131, 101, 75, 74
752, 751, 750, 723, 693, 688, 668, 637, 610, 601, 579, 556, 533, 517, 484, 479, 480, 439, 438, 421, 402, 403, 381, 370, 341, 319, 296, 273, 244, 236, 213, 196, 154, 149, 131, 101, 75
752, 751, 750, 723, 693, 688, 668, 637, 610, 601, 579, 556, 533, 517, 484, 479, 440, 425, 399, 378, 352, 338, 322, 321, 298, 271, 248, 233, 216, 177, 173, 151, 129, 98, 77, 76
752, 751, 750, 723, 693, 688, 668, 637, 610, 601, 579, 556, 533, 517, 484, 479, 440, 425, 399, 378, 352, 338, 322, 321, 298, 271, 248, 233, 216, 177, 173, 151, 129, 98, 77
752, 751, 750, 723, 693, 688, 668, 637, 610, 601, 579, 556, 533, 517, 484, 479, 440, 425, 399, 378, 352, 338, 322, 299, 270, 249, 232, 197, 178, 171, 153, 127, 97, 78
752, 720, 691, 670, 652, 635, 612, 603, 581, 559, 531, 515, 487, 476, 444, 427, 397, 375, 356, 335, 325, 303, 268, 251, 230, 199, 181, 169, 132, 125, 95, 96, 79
752, 720, 691, 670, 652, 635, 612, 603, 581, 559, 531, 515, 487, 476, 444, 427, 397, 375, 356, 335, 325, 303, 268, 251, 230, 199, 181, 169, 132, 125, 95, 80
752, 720, 691, 670, 652, 635, 612, 603, 581, 559, 531, 515, 487, 476, 444, 427, 397, 375, 356, 335, 325, 303, 268, 251, 230, 199, 181, 169, 132, 125, 94, 81
752, 720, 691, 670, 652, 635, 612, 603, 581, 559, 531, 515, 487, 476, 444, 427, 397, 375, 356, 335, 325, 303, 268, 251, 230, 199, 182, 168, 134, 124, 93, 82
752, 720, 691, 670, 652, 635, 612, 603, 581, 559, 531, 515, 487, 476, 444, 427, 397, 375, 356, 335, 325, 303, 268, 251, 230, 199, 182, 168, 134, 124, 92, 83
752, 720, 691, 670, 652, 635, 612, 604, 582, 560, 530, 514, 488, 475, 445, 429, 395, 372, 357, 334, 304, 284, 263, 255, 225, 204, 186, 164, 138, 119, 88, 87, 86, 85, 84
752, 720, 691, 670, 652, 635, 612, 604, 582, 560, 530, 514, 488, 475, 445, 429, 395, 372, 357, 334, 304, 284, 263, 255, 225, 204, 186, 164, 138, 119, 88, 87, 86, 85
752, 720, 691, 670, 652, 635, 612, 604, 582, 560, 530, 514, 488, 475, 445, 429, 395, 372, 357, 334, 304, 284, 263, 255, 225, 204, 186, 164, 138, 119, 88, 87, 86
752, 720, 691, 670, 652, 635, 612, 604, 582, 560, 530, 514, 488, 475, 445, 429, 395, 372, 357, 334, 304, 284, 263, 255, 225, 204, 186, 164, 138, 119, 88, 87
752, 720, 691, 670, 652, 635, 612, 604, 582, 560, 530, 514, 488, 475, 445, 429, 395, 372, 357, 334, 304, 284, 263, 255, 225, 204, 186, 164, 138, 119, 88
752, 720, 691, 670, 652, 635, 612, 604, 582, 560, 530, 514, 488, 475, 445, 429, 395, 372, 357, 334, 304, 284, 263, 255, 225, 204, 186, 164, 138, 119, 88, 89
752, 720, 691, 670, 652, 635, 612, 604, 582, 560, 530, 514, 488, 475, 445, 429, 395, 372, 357, 334, 304, 284, 263, 255, 225, 204, 186, 164, 138, 119, 88, 89, 90
752, 720, 691, 670, 652, 635, 612, 604, 582, 560, 530, 514, 488, 475, 445, 429, 395, 372, 357, 334, 304, 284, 263, 255, 225, 204, 186, 164, 138, 119, 88, 89, 90, 91
752, 720, 691, 670, 652, 635, 612, 603, 581, 559, 531, 515, 487, 476, 444, 427, 397, 375, 356, 335, 325, 303, 268, 251, 230, 199, 182, 168, 134, 124, 92
752, 720, 691, 670, 652, 635, 612, 603, 581, 559, 531, 515, 487, 476, 444, 427, 397, 375, 356, 335, 325, 303, 268, 251, 230, 199, 182, 168, 134, 124, 93
752, 720, 691, 670, 652, 635, 612, 603, 581, 559, 531, 515, 487, 476, 444, 427, 397, 375, 356, 335, 325, 303, 268, 251, 230, 199, 181, 169, 132, 125, 94
752, 720, 691, 670, 652, 635, 612, 603, 581, 559, 531, 515, 487, 476, 444, 427, 397, 375, 356, 335, 325, 303, 268, 251, 230, 199, 181, 169, 132, 125, 95
752, 720, 691, 670, 652, 635, 612, 603, 581, 559, 531, 515, 487, 476, 444, 427, 397, 375, 356, 335, 325, 303, 268, 251, 230, 199, 181, 169, 132, 125, 95, 96
752, 751, 750, 723, 693, 688, 668, 637, 610, 601, 579, 556, 533, 517, 484, 479, 440, 425, 399, 378, 352, 338, 322, 299, 270, 249, 232, 197, 178, 171, 153, 127, 97
752, 751, 750, 723, 693, 688, 668, 637, 610, 601, 579, 556, 533, 517, 484, 479, 440, 425, 399, 378, 352, 338, 322, 321, 298, 271, 248, 233, 216, 177, 173, 151, 129, 98
752, 751, 750, 723, 693, 688, 668, 637, 610, 601, 579, 556, 533, 517, 484, 479, 440, 425, 399, 378, 352, 338, 322, 321, 298, 271, 248, 233, 216, 177, 173, 151, 129, 98, 99
