751, 722, 692, 691, 670, 652, 635, 612, 604, 582, 560, 530, 514, 488, 475, 445, 429, 395, 372, 357, 334, 304, 284, 263, 255, 225, 205, 187, 162, 140, 116, 107, 106, 67, 47, 23, 0
751, 722, 692, 691, 670, 652, 635, 612, 604, 582, 560, 530, 514, 488, 475, 445, 429, 395, 372, 357, 334, 304, 284, 263, 255, 225, 205, 187, 162, 140, 116, 107, 106, 67, 47, 23, 0, 1
751, 722, 692, 691, 670, 652, 635, 612, 604, 582, 560, 530, 514, 488, 475, 445, 429, 395, 372, 357, 334, 304, 284, 263, 255, 225, 205, 187, 162, 140, 116, 107, 106, 67, 47, 48, 24, 2
751, 750, 723, 693, 688, 668, 637, 610, 601, 579, 556, 533, 517, 484, 479, 480, 439, 438, 421, 402, 403, 381, 370, 341, 319, 296, 273, 244, 236, 213, 196, 154, 149, 131, 101, 75, 51, 50, 49, 25, 3
751, 750, 723, 693, 688, 668, 637, 610, 601, 579, 556, 533, 517, 484, 479, 440, 425, 399, 378, 352, 338, 322, 321, 298, 271, 248, 233, 216, 177, 173, 151, 129, 98, 77, 53, 28, 6, 5, 4
751, 750, 723, 693, 688, 668, 637, 610, 601, 579, 556, 533, 517, 484, 479, 440, 425, 399, 378, 352, 338, 322, 321, 298, 271, 248, 233, 216, 177, 173, 151, 129, 98, 77, 53, 28, 6, 5
751, 750, 723, 693, 688, 668, 637, 610, 601, 579, 556, 533, 517, 484, 479, 440, 425, 399, 378, 352, 338, 322, 321, 298, 271, 248, 233, 216, 177, 173, 151, 129, 98, 77, 53, 28, 6
751, 750, 723, 693, 688, 668, 637, 610, 601, 579, 556, 533, 517, 484, 479, 440, 425, 399, 378, 352, 338, 322, 299, 270, 249, 232, 197, 178, 171, 153, 127, 97, 78, 54, 30, 7
751, 750, 723, 693, 688, 668, 637, 610, 601, 579, 556, 533, 517, 484, 479, 440, 425, 399, 378, 352, 338, 322, 299, 270, 249, 232, 197, 178, 171, 153, 127, 97, 79, 55, 31, 8
751, 750, 723, 693, 688, 668, 637, 610, 601, 579, 556, 533, 517, 484, 479, 440, 425, 399, 377, 353, 337, 324, 302, 269, 250, 231, 198, 180, 170, 133, 125, 95, 80, 56, 32, 9
751, 750, 723, 693, 688, 668, 637, 610, 601, 579, 556, 533, 517, 484, 479, 440, 425, 399, 377, 353, 337, 324, 302, 269, 250, 231, 198, 180, 170, 133, 125, 94, 81, 57, 33, 10
751, 750, 723, 693, 688, 668, 637, 610, 601, 579, 556, 533, 517, 484, 479, 440, 425, 399, 377, 353, 337, 324, 302, 269, 250, 231, 198, 180, 170, 133, 125, 94, 81, 57, 33, 10, 11
751, 750, 723, 693, 688, 668, 637, 610, 601, 579, 556, 533, 517, 484, 479, 440, 425, 399, 377, 353, 337, 324, 302, 269, 250, 231, 198, 180, 170, 133, 125, 94, 81, 57, 33, 34, 12
751, 722, 692, 691, 670, 652, 635, 612, 604, 582, 560, 530, 514, 488, 475, 445, 429, 395, 372, 357, 334, 304, 284, 263, 255, 225, 204, 186, 164, 138, 119, 88, 87, 62, 38, 37, 14, 13
751, 722, 692, 691, 670, 652, 635, 612, 604, 582, 560, 530, 514, 488, 475, 445, 429, 395, 372, 357, 334, 304, 284, 263, 255, 225, 204, 186, 164, 138, 119, 88, 87, 62, 38, 37, 14
751, 722, 692, 691, 670, 652, 635, 612, 604, 582, 560, 530, 514, 488, 475, 445, 429, 395, 372, 357, 334, 304, 284, 263, 255, 225, 204, 186, 164, 138, 119, 88, 87, 62, 38, 15
751, 722, 692, 691, 670, 652, 635, 612, 604, 582, 560, 530, 514, 488, 475, 445, 429, 395, 372, 357, 334, 304, 284, 263, 255, 225, 205, 187, 162, 139, 117, 109, 63, 42, 39, 16
751, 722, 692, 691, 670, 652, 635, 612, 604, 582, 560, 530, 514, 488, 475, 445, 429, 395, 372, 357, 334, 304, 284, 263, 255, 225, 205, 187, 162, 139, 117, 109, 63, 42, 40, 17
751, 722, 692, 691, 670, 652, 635, 612, 604, 582, 560, 530, 514, 488, 475, 445, 429, 395, 372, 357, 334, 304, 284, 263, 255, 225, 205, 187, 162, 139, 117, 109, 63, 42, 40, 17, 18
751, 722, 692, 691, 670, 652, 635, 612, 604, 582, 560, 530, 514, 488, 475, 445, 429, 395, 372, 357, 334, 304, 284, 263, 255, 225, 205, 187, 162, 140, 116, 107, 66, 46, 22, 19
751, 722, 692, 691, 670, 652, 635, 612, 604, 582, 560, 530, 514, 488, 475, 445, 429, 395, 372, 357, 334, 304, 284, 263, 255, 225, 205, 187, 162, 140, 116, 107, 106, 67, 47, 23, 20
751, 722, 692, 691, 670, 652, 635, 612, 604, 582, 560, 530, 514, 488, 475, 445, 429, 395, 372, 357, 334, 304, 284, 263, 255, 225, 205, 187, 162, 140, 116, 107, 66, 44, 21
751, 722, 692, 691, 670, 652, 635, 612, 604, 582, 560, 530, 514, 488, 475, 445, 429, 395, 372, 357, 334, 304, 284, 263, 255, 225, 205, 187, 162, 140, 116, 107, 66, 46, 22
751, 722, 692, 691, 670, 652, 635, 612, 604, 582, 560, 530, 514, 488, 475, 445, 429, 395, 372, 357, 334, 304, 284, 263, 255, 225, 205, 187, 162, 140, 116, 107, 106, 67, 47, 23
751, 722, 692, 691, 670, 652, 635, 612, 604, 582, 560, 530, 514, 488, 475, 445, 429, 395, 372, 357, 334, 304, 284, 263, 255, 225, 205, 187, 162, 140, 116, 107, 106, 67, 47, 48, 24
751, 750, 723, 693, 688, 668, 637, 610, 601, 579, 556, 533, 517, 484, 479, 480, 439, 438, 421, 402, 403, 381, 370, 341, 319, 296, 273, 244, 236, 213, 196, 154, 149, 131, 101, 75, 51, 50, 49, 25
751, 750, 723, 693, 688, 668, 637, 610, 601, 579, 556, 533, 517, 484, 479, 440, 425, 399, 378, 352, 338, 322, 321, 298, 271, 248, 233, 216, 177, 173, 151, 129, 98, 77, 76, 52, 27, 26
751, 750, 723, 693, 688, 668, 637, 610, 601, 579, 556, 533, 517, 484, 479, 440, 425, 399, 378, 352, 338, 322, 321, 298, 271, 248, 233, 216, 177, 173, 151, 129, 98, 77, 76, 52, 27
751, 750, 723, 693, 688, 668, 637, 610, 601, 579, 556, 533, 517, 484, 479, 440, 425, 399, 378, 352, 338, 322, 321, 298, 271, 248, 233, 216, 177, 173, 151, 129, 98, 77, 53, 28
751, 750, 723, 693, 688, 668, 637, 610, 601, 579, 556, 533, 517, 484, 479, 440, 425, 399, 378, 352, 338, 322, 321, 298, 271, 248, 233, 216, 177, 173, 151, 129, 98, 77, 53, 28, 29
751, 750, 723, 693, 688, 668, 637, 610, 601, 579, 556, 533, 517, 484, 479, 440, 425, 399, 378, 352, 338, 322, 299, 270, 249, 232, 197, 178, 171, 153, 127, 97, 78, 54, 30
751, 750, 723, 693, 688, 668, 637, 610, 601, 579, 556, 533, 517, 484, 479, 440, 425, 399, 378, 352, 338, 322, 299, 270, 249, 232, 197, 178, 171, 153, 127, 97, 79, 55, 31
751, 750, 723, 693, 688, 668, 637, 610, 601, 579, 556, 533, 517, 484, 479, 440, 425, 399, 377, 353, 337, 324, 302, 269, 250, 231, 198, 180, 170, 133, 125, 95, 80, 56, 32
751, 750, 723, 693, 688, 668, 637, 610, 601, 579, 556, 533, 517, 484, 479, 440, 425, 399, 377, 353, 337, 324, 302, 269, 250, 231, 198, 180, 170, 133, 125, 94, 81, 57, 33
751, 750, 723, 693, 688, 668, 637, 610, 601, 579, 556, 533, 517, 484, 479, 440, 425, 399, 377, 353, 337, 324, 302, 269, 250, 231, 198, 180, 170, 133, 125, 94, 81, 57, 33, 34
751, 750, 723, 693, 688, 668, 637, 610, 601, 579, 556, 533, 517, 484, 479, 440, 425, 399, 377, 353, 337, 324, 302, 269, 250, 231, 198, 180, 170, 133, 125, 94, 81, 57, 33, 34, 35
751, 722, 692, 691, 670, 652, 635, 612, 604, 582, 560, 530, 514, 488, 475, 445, 429, 395, 372, 357, 334, 304, 284, 263, 255, 225, 204, 186, 164, 138, 119, 88, 87, 62, 38, 37, 36
751, 722, 692, 691, 670, 652, 635, 612, 604, 582, 560, 530, 514, 488, 475, 445, 429, 395, 372, 357, 334, 304, 284, 263, 255, 225, 204, 186, 164, 138, 119, 88, 87, 62, 38, 37
751, 722, 692, 691, 670, 652, 635, 612, 604, 582, 560, 530, 514, 488, 475, 445, 429, 395, 372, 357, 334, 304, 284, 263, 255, 225, 204, 186, 164, 138, 119, 88, 87, 62, 38
751, 722, 692, 691, 670, 652, 635, 612, 604, 582, 560, 530, 514, 488, 475, 445, 429, 395, 372, 357, 334, 304, 284, 263, 255, 225, 205, 187, 162, 139, 117, 109, 63, 42, 39
751, 722, 692, 691, 670, 652, 635, 612, 604, 582, 560, 530, 514, 488, 475, 445, 429, 395, 372, 357, 334, 304, 284, 263, 255, 225, 205, 187, 162, 139, 117, 109, 63, 42, 40
751, 722, 692, 691, 670, 652, 635, 612, 604, 582, 560, 530, 514, 488, 475, 445, 429, 395, 372, 357, 334, 304, 284, 263, 255, 225, 205, 187, 162, 139, 117, 109, 63, 42, 40, 41
751, 722, 692, 691, 670, 652, 635, 612, 604, 582, 560, 530, 514, 488, 475, 445, 429, 395, 372, 357, 334, 304, 284, 263, 255, 225, 205, 187, 162, 139, 117, 109, 63, 42
751, 722, 692, 691, 670, 652, 635, 612, 604, 582, 560, 530, 514, 488, 475, 445, 429, 395, 372, 357, 334, 304, 284, 263, 255, 225, 205, 187, 162, 139, 117, 109, 108, 65, 43
751, 722, 692, 691, 670, 652, 635, 612, 604, 582, 560, 530, 514, 488, 475, 445, 429, 395, 372, 357, 334, 304, 284, 263, 255, 225, 205, 187, 162, 140, 116, 107, 66, 44
751, 722, 692, 691, 670, 652, 635, 612, 604, 582, 560, 530, 514, 488, 475, 445, 429, 395, 372, 357, 334, 304, 284, 263, 255, 225, 205, 187, 162, 140, 116, 107, 66, 45
751, 722, 692, 691, 670, 652, 635, 612, 604, 582, 560, 530, 514, 488, 475, 445, 429, 395, 372, 357, 334, 304, 284, 263, 255, 225, 205, 187, 162, 140, 116, 107, 66, 46
751, 722, 692, 691, 670, 652, 635, 612, 604, 582, 560, 530, 514, 488, 475, 445, 429, 395, 372, 357, 334, 304, 284, 263, 255, 225, 205, 187, 162, 140, 116, 107, 106, 67, 47
751, 722, 692, 691, 670, 652, 635, 612, 604, 582, 560, 530, 514, 488, 475, 445, 429, 395, 372, 357, 334, 304, 284, 263, 255, 225, 205, 187, 162, 140, 116, 107, 106, 67, 47, 48
751, 750, 723, 693, 688, 668, 637, 610, 601, 579, 556, 533, 517, 484, 479, 480, 439, 438, 421, 402, 403, 381, 370, 341, 319, 296, 273, 244, 236, 213, 196, 154, 149, 131, 101, 75, 51, 50, 49
751, 750, 723, 693, 688, 668, 637, 610, 601, 579, 556, 533, 517, 484, 479, 480, 439, 438, 421, 402, 403, 381, 370, 341, 319, 296, 273, 244, 236, 213, 196, 154, 149, 131, 101, 75, 51, 50
751, 750, 723, 693, 688, 668, 637, 610, 601, 579, 556, 533, 517, 484, 479, 480, 439, 438, 421, 402, 403, 381, 370, 341, 319, 296, 273, 244, 236, 213, 196, 154, 149, 131, 101, 75, 51
751, 750, 723, 693, 688, 668, 637, 610, 601, 579, 556, 533, 517, 484, 479, 440, 425, 399, 378, 352, 338, 322, 321, 298, 271, 248, 233, 216, 177, 173, 151, 129, 98, 77, 76, 52
751, 750, 723, 693, 688, 668, 637, 610, 601, 579, 556, 533, 517, 484, 479, 440, 425, 399, 378, 352, 338, 322, 321, 298, 271, 248, 233, 216, 177, 173, 151, 129, 98, 77, 53
751, 750, 723, 693, 688, 668, 637, 610, 601, 579, 556, 533, 517, 484, 479, 440, 425, 399, 378, 352, 338, 322, 299, 270, 249, 232, 197, 178, 171, 153, 127, 97, 78, 54
751, 750, 723, 693, 688, 668, 637, 610, 601, 579, 556, 533, 517, 484, 479, 440, 425, 399, 378, 352, 338, 322, 299, 270, 249, 232, 197, 178, 171, 153, 127, 97, 79, 55
751, 750, 723, 693, 688, 668, 637, 610, 601, 579, 556, 533, 517, 484, 479, 440, 425, 399, 377, 353, 337, 324, 302, 269, 250, 231, 198, 180, 170, 133, 125, 95, 80, 56
751, 750, 723, 693, 688, 668, 637, 610, 601, 579, 556, 533, 517, 484, 479, 440, 425, 399, 377, 353, 337, 324, 302, 269, 250, 231, 198, 180, 170, 133, 125, 94, 81, 57
751, 750, 723, 693, 688, 668, 637, 610, 601, 579, 556, 533, 517, 484, 479, 440, 425, 399, 377, 354, 336, 325, 303, 268, 251, 230, 199, 182, 168, 134, 124, 92, 83, 58
751, 722, 692, 691, 670, 652, 635, 612, 604, 582, 560, 530, 514, 488, 475, 445, 429, 395, 372, 357, 334, 304, 284, 263, 255, 225, 204, 186, 164, 138, 119, 88, 87, 62, 61, 60, 59
751, 722, 692, 691, 670, 652, 635, 612, 604, 582, 560, 530, 514, 488, 475, 445, 429, 395, 372, 357, 334, 304, 284, 263, 255, 225, 204, 186, 164, 138, 119, 88, 87, 62, 61, 60
751, 722, 692, 691, 670, 652, 635, 612, 604, 582, 560, 530, 514, 488, 475, 445, 429, 395, 372, 357, 334, 304, 284, 263, 255, 225, 204, 186, 164, 138, 119, 88, 87, 62, 61
751, 722, 692, 691, 670, 652, 635, 612, 604, 582, 560, 530, 514, 488, 475, 445, 429, 395, 372, 357, 334, 304, 284, 263, 255, 225, 204, 186, 164, 138, 119, 88, 87, 62
751, 722, 692, 691, 670, 652, 635, 612, 604, 582, 560, 530, 514, 488, 475, 445, 429, 395, 372, 357, 334, 304, 284, 263, 255, 225, 205, 187, 162, 139, 117, 109, 63
751, 722, 692, 691, 670, 652, 635, 612, 604, 582, 560, 530, 514, 488, 475, 445, 429, 395, 372, 357, 334, 304, 284, 263, 255, 225, 205, 187, 162, 139, 117, 109, 64
751, 722, 692, 691, 670, 652, 635, 612, 604, 582, 560, 530, 514, 488, 475, 445, 429, 395, 372, 357, 334, 304, 284, 263, 255, 225, 205, 187, 162, 139, 117, 109, 108, 65
751, 722, 692, 691, 670, 652, 635, 612, 604, 582, 560, 530, 514, 488, 475, 445, 429, 395, 372, 357, 334, 304, 284, 263, 255, 225, 205, 187, 162, 140, 116, 107, 66
751, 722, 692, 691, 670, 652, 635, 612, 604, 582, 560, 530, 514, 488, 475, 445, 429, 395, 372, 357, 334, 304, 284, 263, 255, 225, 205, 187, 162, 140, 116, 107, 106, 67
751, 722, 692, 691, 670, 652, 635, 612, 604, 582, 560, 530, 514, 488, 475, 445, 429, 395, 372, 357, 334, 304, 284, 263, 255, 225, 205, 187, 162, 140, 116, 107, 106, 67, 68
751, 722, 692, 691, 670, 652, 635, 612, 604, 582, 560, 530, 514, 488, 475, 445, 429, 395, 372, 357, 334, 304, 284, 263, 255, 225, 205, 187, 162, 140, 116, 107, 106, 67, 68, 69
751, 722, 692, 691, 670, 652, 635, 612, 604, 582, 560, 530, 514, 488, 475, 445, 429, 395, 372, 357, 334, 304, 284, 263, 255, 225, 205, 187, 162, 140, 116, 107, 106, 67, 68, 69, 70
751, 750, 723, 693, 688, 668, 637, 610, 601, 579, 556, 533, 517, 484, 479, 480, 439, 438, 421, 402, 403, 381, 370, 341, 319, 296, 273, 244, 236, 213, 196, 154, 155, 148, 110, 102, 103, 71
751, 750, 723, 693, 688, 668, 637, 610, 601, 579, 556, 533, 517, 484, 479, 480, 439, 438, 421, 402, 403, 381, 370, 341, 319, 296, 273, 244, 236, 213, 196, 154, 155, 148, 110, 102, 72
751, 750, 723, 693, 688, 668, 637, 610, 601, 579, 556, 533, 517, 484, 479, 480, 439, 438, 421, 402, 403, 381, 370, 341, 319, 296, 273, 244, 236, 213, 196, 154, 155, 148, 110, 102, 73
751, 750, 723, 693, 688, 668, 637, 610, 601, 579, 556, 533, 517, 484, 479, 480, 439, 438, 421, 402, 403, 381, 370, 341, 319, 296, 273, 244, 236, 213, 196, 154, 149, 131, 101, 75, 74
751, 750, 723, 693, 688, 668, 637, 610, 601, 579, 556, 533, 517, 484, 479, 480, 439, 438, 421, 402, 403, 381, 370, 341, 319, 296, 273, 244, 236, 213, 196, 154, 149, 131, 101, 75
751, 750, 723, 693, 688, 668, 637, 610, 601, 579, 556, 533, 517, 484, 479, 440, 425, 399, 378, 352, 338, 322, 321, 298, 271, 248, 233, 216, 177, 173, 151, 129, 98, 77, 76
751, 750, 723, 693, 688, 668, 637, 610, 601, 579, 556, 533, 517, 484, 479, 440, 425, 399, 378, 352, 338, 322, 321, 298, 271, 248, 233, 216, 177, 173, 151, 129, 98, 77
751, 750, 723, 693, 688, 668, 637, 610, 601, 579, 556, 533, 517, 484, 479, 440, 425, 399, 378, 352, 338, 322, 299, 270, 249, 232, 197, 178, 171, 153, 127, 97, 78
751, 750, 723, 693, 688, 668, 637, 610, 601, 579, 556, 533, 517, 484, 479, 440, 425, 399, 378, 352, 338, 322, 299, 270, 249, 232, 197, 178, 171, 153, 127, 97, 79
751, 750, 723, 693, 688, 668, 637, 610, 601, 579, 556, 533, 517, 484, 479, 440, 425, 399, 377, 353, 337, 324, 302, 269, 250, 231, 198, 180, 170, 133, 125, 95, 80
751, 750, 723, 693, 688, 668, 637, 610, 601, 579, 556, 533, 517, 484, 479, 440, 425, 399, 377, 353, 337, 324, 302, 269, 250, 231, 198, 180, 170, 133, 125, 94, 81
751, 750, 723, 693, 688, 668, 637, 610, 601, 579, 556, 533, 517, 484, 479, 440, 425, 399, 377, 353, 337, 324, 302, 269, 250, 231, 198, 180, 170, 133, 125, 94, 81, 82
751, 750, 723, 693, 688, 668, 637, 610, 601, 579, 556, 533, 517, 484, 479, 440, 425, 399, 377, 354, 336, 325, 303, 268, 251, 230, 199, 182, 168, 134, 124, 92, 83
751, 722, 692, 691, 670, 652, 635, 612, 604, 582, 560, 530, 514, 488, 475, 445, 429, 395, 372, 357, 334, 304, 284, 263, 255, 225, 204, 186, 164, 138, 119, 88, 87, 86, 85, 84
751, 722, 692, 691, 670, 652, 635, 612, 604, 582, 560, 530, 514, 488, 475, 445, 429, 395, 372, 357, 334, 304, 284, 263, 255, 225, 204, 186, 164, 138, 119, 88, 87, 86, 85
751, 722, 692, 691, 670, 652, 635, 612, 604, 582, 560, 530, 514, 488, 475, 445, 429, 395, 372, 357, 334, 304, 284, 263, 255, 225, 204, 186, 164, 138, 119, 88, 87, 86
751, 722, 692, 691, 670, 652, 635, 612, 604, 582, 560, 530, 514, 488, 475, 445, 429, 395, 372, 357, 334, 304, 284, 263, 255, 225, 204, 186, 164, 138, 119, 88, 87
751, 722, 692, 691, 670, 652, 635, 612, 604, 582, 560, 530, 514, 488, 475, 445, 429, 395, 372, 357, 334, 304, 284, 263, 255, 225, 204, 186, 164, 138, 119, 88
751, 722, 692, 691, 670, 652, 635, 612, 604, 582, 560, 530, 514, 488, 475, 445, 429, 395, 372, 357, 334, 304, 284, 263, 255, 225, 204, 186, 164, 138, 119, 88, 89
751, 722, 692, 691, 670, 652, 635, 612, 604, 582, 560, 530, 514, 488, 475, 445, 429, 395, 372, 357, 334, 304, 284, 263, 255, 225, 204, 186, 164, 138, 119, 88, 89, 90
751, 722, 692, 691, 670, 652, 635, 612, 604, 582, 560, 530, 514, 488, 475, 445, 429, 395, 372, 357, 334, 304, 284, 263, 255, 225, 204, 186, 164, 138, 119, 88, 89, 90, 91
751, 750, 723, 693, 688, 668, 637, 610, 601, 579, 556, 533, 517, 484, 479, 440, 425, 399, 377, 354, 336, 325, 303, 268, 251, 230, 199, 182, 168, 134, 124, 92
751, 750, 723, 693, 688, 668, 637, 610, 601, 579, 556, 533, 517, 484, 479, 440, 425, 399, 377, 354, 336, 325, 303, 268, 251, 230, 199, 182, 168, 134, 124, 93
751, 750, 723, 693, 688, 668, 637, 610, 601, 579, 556, 533, 517, 484, 479, 440, 425, 399, 377, 353, 337, 324, 302, 269, 250, 231, 198, 180, 170, 133, 125, 94
751, 750, 723, 693, 688, 668, 637, 610, 601, 579, 556, 533, 517, 484, 479, 440, 425, 399, 377, 353, 337, 324, 302, 269, 250, 231, 198, 180, 170, 133, 125, 95
751, 750, 723, 693, 688, 668, 637, 610, 601, 579, 556, 533, 517, 484, 479, 440, 425, 399, 378, 352, 338, 322, 299, 270, 249, 232, 197, 178, 171, 153, 126, 96
751, 750, 723, 693, 688, 668, 637, 610, 601, 579, 556, 533, 517, 484, 479, 440, 425, 399, 378, 352, 338, 322, 299, 270, 249, 232, 197, 178, 171, 153, 127, 97
751, 750, 723, 693, 688, 668, 637, 610, 601, 579, 556, 533, 517, 484, 479, 440, 425, 399, 378, 352, 338, 322, 321, 298, 271, 248, 233, 216, 177, 173, 151, 129, 98
751, 750, 723, 693, 688, 668, 637, 610, 601, 579, 556, 533, 517, 484, 479, 440, 425, 399, 378, 352, 338, 322, 321, 298, 271, 248, 233, 216, 177, 173, 151, 129, 98, 99
