931, 963, 973, 987, 1024, 1030, 1068, 1087, 1106, 1134, 1137, 1177, 1183, 1204, 1237, 1261, 1260, 1265, 1300, 1315, 1335, 1362, 1373, 1387, 1417, 1430, 1465, 1484, 1493, 1511, 1553, 0
931, 963, 973, 987, 1024, 1030, 1068, 1087, 1106, 1134, 1137, 1177, 1183, 1204, 1237, 1261, 1260, 1265, 1300, 1315, 1335, 1362, 1373, 1387, 1417, 1430, 1465, 1484, 1493, 1511, 1553, 1
931, 963, 973, 987, 1024, 1030, 1068, 1087, 1106, 1134, 1137, 1177, 1183, 1204, 1237, 1261, 1260, 1265, 1300, 1315, 1335, 1362, 1373, 1387, 1417, 1430, 1465, 1484, 1493, 1511, 1552, 2
931, 963, 973, 987, 1024, 1030, 1068, 1087, 1106, 1134, 1137, 1177, 1183, 1204, 1237, 1261, 1260, 1265, 1300, 1315, 1335, 1362, 1373, 1387, 1417, 1430, 1465, 1484, 1493, 1511, 1552, 2, 3
931, 963, 973, 987, 1024, 1030, 1068, 1087, 1106, 1134, 1137, 1177, 1183, 1204, 1237, 1261, 1260, 1265, 1300, 1315, 1335, 1362, 1373, 1387, 1417, 1430, 1465, 1484, 1493, 1511, 1552, 2, 3, 4
931, 963, 973, 987, 1024, 1030, 1068, 1087, 1106, 1134, 1137, 1177, 1183, 1204, 1237, 1261, 1260, 1265, 1300, 1315, 1335, 1362, 1373, 1387, 1417, 1430, 1465, 1484, 1493, 1494, 1495, 1510, 1509, 1508, 1549, 5
931, 963, 973, 987, 1024, 1030, 1068, 1069, 1088, 1107, 1135, 1139, 1176, 1182, 1203, 1236, 1259, 1266, 1298, 1313, 1337, 1343, 1371, 1384, 1414, 1427, 1447, 1481, 1497, 1531, 1547, 6
931, 922, 884, 866, 842, 817, 788, 770, 738, 735, 704, 677, 660, 649, 648, 622, 593, 571, 549, 550, 540, 503, 499, 461, 456, 417, 405, 383, 369, 343, 317, 295, 273, 244, 235, 215, 175, 174, 150, 130, 98, 77, 53, 28, 29, 7
931, 932, 933, 934, 935, 936, 947, 967, 992, 1012, 1036, 1061, 1080, 1099, 1125, 1150, 1163, 1164, 1193, 1213, 1228, 1250, 1274, 1290, 1306, 1321, 1348, 1365, 1399, 1409, 1442, 1450, 1477, 1500, 1526, 1544, 8
931, 932, 933, 934, 935, 936, 947, 967, 992, 1012, 1036, 1061, 1080, 1099, 1125, 1150, 1163, 1164, 1193, 1213, 1228, 1250, 1274, 1290, 1306, 1321, 1348, 1365, 1399, 1409, 1442, 1450, 1477, 1500, 1526, 1544, 9
931, 932, 933, 934, 935, 936, 947, 967, 992, 1012, 1036, 1061, 1080, 1099, 1125, 1150, 1163, 1164, 1193, 1213, 1228, 1250, 1274, 1290, 1306, 1321, 1348, 1365, 1399, 1408, 1441, 1452, 1476, 1501, 1525, 1543, 10
931, 932, 933, 934, 935, 936, 947, 967, 992, 1012, 1036, 1061, 1080, 1099, 1125, 1150, 1163, 1192, 1212, 1226, 1248, 1276, 1288, 1289, 1305, 1323, 1350, 1364, 1398, 1407, 1440, 1455, 1474, 1503, 1522, 1542, 11
931, 932, 933, 934, 935, 936, 947, 967, 992, 1012, 1036, 1061, 1080, 1099, 1125, 1150, 1163, 1192, 1212, 1226, 1248, 1276, 1288, 1289, 1305, 1323, 1350, 1364, 1398, 1407, 1440, 1455, 1474, 1503, 1522, 1542, 12
931, 963, 973, 986, 1026, 1027, 1067, 1085, 1103, 1131, 1155, 1157, 1185, 1207, 1239, 1243, 1280, 1283, 1320, 1330, 1356, 1379, 1393, 1424, 1435, 1459, 1471, 1472, 1506, 1521, 1540, 13
931, 963, 973, 986, 1026, 1027, 1067, 1085, 1103, 1131, 1155, 1157, 1185, 1207, 1239, 1243, 1280, 1283, 1320, 1330, 1356, 1379, 1393, 1424, 1435, 1459, 1471, 1507, 1520, 1539, 14
931, 963, 973, 986, 1026, 1027, 1067, 1085, 1103, 1131, 1155, 1157, 1185, 1207, 1239, 1243, 1280, 1283, 1319, 1331, 1357, 1378, 1391, 1422, 1434, 1461, 1469, 1487, 1517, 1538, 15
931, 963, 973, 986, 1026, 1027, 1067, 1085, 1103, 1131, 1155, 1157, 1185, 1207, 1239, 1243, 1280, 1283, 1319, 1331, 1357, 1378, 1391, 1422, 1434, 1461, 1469, 1487, 1517, 1537, 16
931, 963, 973, 986, 1026, 1027, 1067, 1085, 1103, 1131, 1155, 1157, 1185, 1207, 1239, 1243, 1280, 1283, 1319, 1331, 1357, 1378, 1391, 1422, 1434, 1461, 1468, 1489, 1516, 1536, 17
931, 963, 973, 987, 1024, 1030, 1068, 1087, 1106, 1134, 1137, 1177, 1184, 1205, 1238, 1262, 1264, 1282, 1317, 1332, 1358, 1376, 1390, 1419, 1432, 1462, 1467, 1490, 1515, 1535, 18
931, 963, 973, 987, 1024, 1030, 1068, 1087, 1106, 1134, 1137, 1177, 1184, 1205, 1238, 1262, 1264, 1282, 1317, 1332, 1358, 1376, 1390, 1419, 1432, 1463, 1466, 1491, 1514, 1533, 19
931, 963, 973, 987, 1024, 1030, 1068, 1087, 1106, 1134, 1137, 1177, 1184, 1205, 1238, 1262, 1264, 1282, 1317, 1332, 1358, 1376, 1390, 1419, 1432, 1463, 1466, 1491, 1513, 1532, 20
931, 963, 973, 987, 1024, 1030, 1068, 1087, 1106, 1134, 1137, 1177, 1184, 1205, 1238, 1262, 1264, 1282, 1317, 1332, 1358, 1376, 1390, 1419, 1432, 1462, 1467, 1490, 1515, 1535, 18, 21
931, 963, 973, 987, 1024, 1030, 1068, 1087, 1106, 1134, 1137, 1177, 1184, 1205, 1238, 1262, 1264, 1282, 1317, 1332, 1358, 1376, 1390, 1419, 1432, 1463, 1466, 1491, 1514, 1533, 19, 22
931, 963, 973, 987, 1024, 1030, 1068, 1087, 1106, 1134, 1137, 1177, 1184, 1205, 1238, 1262, 1264, 1282, 1317, 1332, 1358, 1376, 1390, 1419, 1432, 1463, 1466, 1491, 1513, 1532, 20, 23
931, 963, 973, 987, 1024, 1030, 1068, 1087, 1106, 1134, 1137, 1177, 1183, 1204, 1237, 1261, 1260, 1265, 1300, 1315, 1335, 1362, 1373, 1387, 1417, 1430, 1465, 1484, 1493, 1511, 1553, 1, 24
931, 963, 973, 987, 1024, 1030, 1068, 1087, 1106, 1134, 1137, 1177, 1183, 1204, 1237, 1261, 1260, 1265, 1300, 1315, 1335, 1362, 1373, 1387, 1417, 1430, 1465, 1484, 1493, 1511, 1552, 2, 3, 25
931, 963, 973, 987, 1024, 1030, 1068, 1087, 1106, 1134, 1137, 1177, 1183, 1204, 1237, 1261, 1260, 1265, 1300, 1315, 1335, 1362, 1373, 1387, 1417, 1430, 1465, 1484, 1493, 1511, 1552, 2, 3, 25, 26
931, 963, 973, 987, 1024, 1030, 1068, 1087, 1106, 1134, 1137, 1177, 1183, 1204, 1237, 1261, 1260, 1265, 1300, 1315, 1335, 1362, 1373, 1387, 1417, 1430, 1465, 1484, 1493, 1511, 1552, 2, 3, 25, 26, 27
931, 922, 884, 866, 842, 817, 788, 770, 738, 735, 704, 677, 660, 649, 648, 622, 593, 571, 549, 550, 540, 503, 499, 461, 456, 417, 405, 383, 369, 343, 317, 295, 273, 244, 235, 215, 175, 174, 150, 130, 98, 77, 53, 28
931, 922, 884, 866, 842, 817, 788, 770, 738, 735, 704, 677, 660, 649, 648, 622, 593, 571, 549, 550, 540, 503, 499, 461, 456, 417, 405, 383, 369, 343, 317, 295, 273, 244, 235, 215, 175, 174, 150, 130, 98, 77, 53, 28, 29
931, 922, 884, 866, 842, 817, 788, 770, 738, 735, 704, 677, 660, 649, 648, 622, 593, 571, 549, 550, 540, 503, 499, 461, 456, 417, 405, 383, 369, 343, 317, 295, 273, 244, 235, 215, 175, 174, 150, 130, 98, 77, 53, 28, 29, 30
931, 932, 933, 934, 935, 936, 947, 967, 992, 1012, 1036, 1061, 1080, 1099, 1125, 1150, 1163, 1164, 1193, 1213, 1228, 1250, 1274, 1290, 1306, 1321, 1348, 1365, 1399, 1409, 1442, 1450, 1477, 1500, 1526, 1544, 8, 31
931, 932, 933, 934, 935, 936, 947, 967, 992, 1012, 1036, 1061, 1080, 1099, 1125, 1150, 1163, 1164, 1193, 1213, 1228, 1250, 1274, 1290, 1306, 1321, 1348, 1365, 1399, 1409, 1442, 1450, 1477, 1500, 1526, 1544, 9, 32
931, 932, 933, 934, 935, 936, 947, 967, 992, 1012, 1036, 1061, 1080, 1099, 1125, 1150, 1163, 1164, 1193, 1213, 1228, 1250, 1274, 1290, 1306, 1321, 1348, 1365, 1399, 1408, 1441, 1452, 1476, 1501, 1525, 1543, 10, 33
931, 932, 933, 934, 935, 936, 947, 967, 992, 1012, 1036, 1061, 1080, 1099, 1125, 1150, 1163, 1192, 1212, 1226, 1248, 1276, 1288, 1289, 1305, 1323, 1350, 1364, 1398, 1407, 1440, 1455, 1474, 1503, 1522, 1542, 12, 34
931, 963, 973, 986, 1026, 1027, 1067, 1085, 1103, 1131, 1155, 1157, 1185, 1207, 1239, 1243, 1280, 1283, 1320, 1330, 1356, 1379, 1393, 1424, 1435, 1459, 1471, 1472, 1506, 1521, 1540, 13, 36, 35
931, 963, 973, 986, 1026, 1027, 1067, 1085, 1103, 1131, 1155, 1157, 1185, 1207, 1239, 1243, 1280, 1283, 1320, 1330, 1356, 1379, 1393, 1424, 1435, 1459, 1471, 1472, 1506, 1521, 1540, 13, 36
931, 963, 973, 986, 1026, 1027, 1067, 1085, 1103, 1131, 1155, 1157, 1185, 1207, 1239, 1243, 1280, 1283, 1320, 1330, 1356, 1379, 1393, 1424, 1435, 1459, 1471, 1507, 1520, 1539, 14, 37
931, 963, 973, 986, 1026, 1027, 1067, 1085, 1103, 1131, 1155, 1157, 1185, 1207, 1239, 1243, 1280, 1283, 1319, 1331, 1357, 1378, 1391, 1422, 1434, 1461, 1469, 1487, 1517, 1538, 15, 38
931, 963, 973, 986, 1026, 1027, 1067, 1085, 1103, 1131, 1155, 1157, 1185, 1207, 1239, 1243, 1280, 1283, 1319, 1331, 1357, 1378, 1391, 1422, 1434, 1461, 1469, 1487, 1517, 1537, 16, 39
931, 963, 973, 986, 1026, 1027, 1067, 1085, 1103, 1131, 1155, 1157, 1185, 1207, 1239, 1243, 1280, 1283, 1319, 1331, 1357, 1378, 1391, 1422, 1434, 1461, 1468, 1489, 1516, 1536, 17, 40
931, 963, 973, 986, 1026, 1027, 1067, 1085, 1103, 1131, 1155, 1157, 1185, 1207, 1239, 1243, 1280, 1283, 1319, 1331, 1357, 1378, 1391, 1422, 1434, 1461, 1468, 1489, 1516, 1536, 17, 41
931, 963, 973, 986, 1026, 1027, 1067, 1085, 1103, 1131, 1155, 1157, 1185, 1207, 1239, 1243, 1280, 1283, 1319, 1331, 1357, 1378, 1391, 1422, 1434, 1461, 1468, 1489, 1516, 1536, 17, 40, 42
931, 963, 973, 986, 1026, 1027, 1067, 1085, 1103, 1131, 1155, 1157, 1185, 1207, 1239, 1243, 1280, 1283, 1319, 1331, 1357, 1378, 1391, 1422, 1434, 1461, 1468, 1489, 1516, 1536, 17, 41, 43
931, 963, 973, 987, 1024, 1030, 1068, 1087, 1106, 1134, 1137, 1177, 1184, 1205, 1238, 1262, 1264, 1282, 1317, 1332, 1358, 1376, 1390, 1419, 1432, 1462, 1467, 1490, 1515, 1535, 18, 21, 44
931, 963, 973, 987, 1024, 1030, 1068, 1087, 1106, 1134, 1137, 1177, 1184, 1205, 1238, 1262, 1264, 1282, 1317, 1332, 1358, 1376, 1390, 1419, 1432, 1462, 1467, 1490, 1515, 1535, 18, 21, 45
931, 963, 973, 987, 1024, 1030, 1068, 1087, 1106, 1134, 1137, 1177, 1184, 1205, 1238, 1262, 1264, 1282, 1317, 1332, 1358, 1376, 1390, 1419, 1432, 1463, 1466, 1491, 1514, 1533, 19, 22, 46
931, 963, 973, 987, 1024, 1030, 1068, 1087, 1106, 1134, 1137, 1177, 1184, 1205, 1238, 1262, 1264, 1282, 1317, 1332, 1358, 1376, 1390, 1419, 1432, 1463, 1466, 1491, 1513, 1532, 20, 23, 47
931, 963, 973, 987, 1024, 1030, 1068, 1087, 1106, 1134, 1137, 1177, 1183, 1204, 1237, 1261, 1260, 1265, 1300, 1315, 1335, 1362, 1373, 1387, 1417, 1430, 1465, 1484, 1493, 1511, 1553, 1, 24, 48
931, 963, 973, 987, 1024, 1030, 1068, 1087, 1106, 1134, 1137, 1177, 1183, 1204, 1237, 1261, 1260, 1265, 1300, 1315, 1335, 1362, 1373, 1387, 1417, 1430, 1465, 1484, 1493, 1511, 1552, 2, 3, 25, 49
931, 963, 973, 987, 1024, 1030, 1068, 1087, 1106, 1134, 1137, 1177, 1183, 1204, 1237, 1261, 1260, 1265, 1300, 1315, 1335, 1362, 1373, 1387, 1417, 1430, 1465, 1484, 1493, 1511, 1552, 2, 3, 25, 49, 50
931, 963, 973, 987, 1024, 1030, 1068, 1087, 1106, 1134, 1137, 1177, 1183, 1204, 1237, 1261, 1260, 1265, 1300, 1315, 1335, 1362, 1373, 1387, 1417, 1430, 1465, 1484, 1493, 1511, 1552, 2, 3, 25, 49, 50, 51
931, 922, 884, 866, 842, 817, 788, 770, 738, 735, 704, 677, 660, 649, 648, 622, 593, 571, 549, 550, 540, 503, 499, 461, 456, 417, 405, 383, 369, 343, 317, 295, 273, 244, 236, 213, 196, 154, 149, 131, 101, 75, 52
931, 922, 884, 866, 842, 817, 788, 770, 738, 735, 704, 677, 660, 649, 648, 622, 593, 571, 549, 550, 540, 503, 499, 461, 456, 417, 405, 383, 369, 343, 317, 295, 273, 244, 235, 215, 175, 174, 150, 130, 98, 77, 53
931, 922, 884, 866, 842, 817, 788, 770, 738, 735, 704, 677, 660, 649, 648, 622, 593, 571, 549, 550, 540, 503, 499, 461, 456, 417, 405, 383, 369, 343, 317, 295, 273, 244, 235, 215, 175, 174, 150, 130, 98, 77, 53, 54
931, 922, 884, 866, 842, 817, 788, 770, 738, 735, 704, 677, 660, 649, 648, 622, 593, 571, 549, 550, 540, 503, 499, 461, 456, 417, 405, 383, 369, 343, 317, 295, 273, 244, 235, 215, 175, 176, 173, 151, 128, 127, 97, 79, 55
931, 932, 933, 934, 935, 936, 947, 967, 992, 1012, 1036, 1061, 1080, 1099, 1125, 1150, 1163, 1164, 1193, 1213, 1228, 1250, 1274, 1290, 1306, 1321, 1348, 1365, 1399, 1409, 1442, 1450, 1477, 1500, 1526, 1544, 9, 32, 56
931, 932, 933, 934, 935, 936, 947, 967, 992, 1012, 1036, 1061, 1080, 1099, 1125, 1150, 1163, 1164, 1193, 1213, 1228, 1250, 1274, 1290, 1306, 1321, 1348, 1365, 1399, 1408, 1441, 1452, 1476, 1501, 1525, 1543, 10, 33, 57
931, 963, 973, 986, 1026, 1027, 1067, 1085, 1103, 1131, 1155, 1157, 1185, 1207, 1239, 1243, 1280, 1283, 1320, 1330, 1356, 1379, 1393, 1424, 1435, 1459, 1471, 1472, 1506, 1521, 1540, 13, 36, 35, 58
931, 963, 973, 986, 1026, 1027, 1067, 1085, 1103, 1131, 1155, 1157, 1185, 1207, 1239, 1243, 1280, 1283, 1320, 1330, 1356, 1379, 1393, 1424, 1435, 1459, 1471, 1507, 1520, 1539, 14, 37, 59
931, 963, 973, 986, 1026, 1027, 1067, 1085, 1103, 1131, 1155, 1157, 1185, 1207, 1239, 1243, 1280, 1283, 1320, 1330, 1356, 1379, 1393, 1424, 1435, 1459, 1471, 1507, 1520, 1539, 14, 37, 60
931, 963, 973, 986, 1026, 1027, 1067, 1085, 1103, 1131, 1155, 1157, 1185, 1207, 1239, 1243, 1280, 1283, 1320, 1330, 1356, 1379, 1393, 1424, 1435, 1459, 1471, 1507, 1520, 1539, 14, 37, 61
931, 963, 973, 986, 1026, 1027, 1067, 1085, 1103, 1131, 1155, 1157, 1185, 1207, 1239, 1243, 1280, 1283, 1319, 1331, 1357, 1378, 1391, 1422, 1434, 1461, 1468, 1489, 1516, 1536, 17, 40, 42, 62
931, 963, 973, 986, 1026, 1027, 1067, 1085, 1103, 1131, 1155, 1157, 1185, 1207, 1239, 1243, 1280, 1283, 1319, 1331, 1357, 1378, 1391, 1422, 1434, 1461, 1468, 1489, 1516, 1536, 17, 40, 42, 63
931, 963, 973, 986, 1026, 1027, 1067, 1085, 1103, 1131, 1155, 1157, 1185, 1207, 1239, 1243, 1280, 1283, 1319, 1331, 1357, 1378, 1391, 1422, 1434, 1461, 1468, 1489, 1516, 1536, 17, 40, 42, 64
931, 963, 973, 986, 1026, 1027, 1067, 1085, 1103, 1131, 1155, 1157, 1185, 1207, 1239, 1243, 1280, 1283, 1319, 1331, 1357, 1378, 1391, 1422, 1434, 1461, 1468, 1489, 1516, 1536, 17, 41, 43, 65
931, 963, 973, 987, 1024, 1030, 1068, 1087, 1106, 1134, 1137, 1177, 1184, 1205, 1238, 1262, 1264, 1282, 1317, 1332, 1358, 1376, 1390, 1419, 1432, 1463, 1466, 1491, 1514, 1533, 19, 22, 46, 66
931, 963, 973, 987, 1024, 1030, 1068, 1087, 1106, 1134, 1137, 1177, 1184, 1205, 1238, 1262, 1264, 1282, 1317, 1332, 1358, 1376, 1390, 1419, 1432, 1463, 1466, 1491, 1513, 1532, 20, 23, 47, 67
931, 963, 973, 987, 1024, 1030, 1068, 1087, 1106, 1134, 1137, 1177, 1184, 1205, 1238, 1262, 1264, 1282, 1317, 1332, 1358, 1376, 1390, 1419, 1432, 1463, 1466, 1491, 1513, 1532, 20, 23, 47, 68
931, 963, 973, 987, 1024, 1030, 1068, 1087, 1106, 1134, 1137, 1177, 1184, 1205, 1238, 1262, 1264, 1282, 1317, 1332, 1358, 1376, 1390, 1419, 1432, 1463, 1466, 1491, 1513, 1532, 20, 23, 47, 69
931, 963, 973, 987, 1024, 1030, 1068, 1087, 1106, 1134, 1137, 1177, 1183, 1204, 1237, 1261, 1260, 1265, 1300, 1315, 1335, 1362, 1373, 1387, 1417, 1430, 1465, 1484, 1493, 1511, 1553, 1, 24, 48, 70
931, 963, 973, 987, 1024, 1030, 1068, 1087, 1106, 1134, 1137, 1177, 1183, 1204, 1237, 1261, 1260, 1265, 1300, 1315, 1335, 1362, 1373, 1387, 1417, 1430, 1465, 1484, 1493, 1511, 1553, 1, 24, 48, 70, 71
931, 963, 973, 987, 1024, 1030, 1068, 1087, 1106, 1134, 1137, 1177, 1183, 1204, 1237, 1261, 1260, 1265, 1300, 1315, 1335, 1362, 1373, 1387, 1417, 1430, 1465, 1484, 1493, 1511, 1552, 2, 3, 25, 49, 72
931, 963, 973, 987, 1024, 1030, 1068, 1087, 1106, 1134, 1137, 1177, 1183, 1204, 1237, 1261, 1260, 1265, 1300, 1315, 1335, 1362, 1373, 1387, 1417, 1430, 1465, 1484, 1493, 1511, 1552, 2, 3, 25, 49, 73
931, 963, 973, 987, 1024, 1030, 1068, 1087, 1106, 1134, 1137, 1177, 1183, 1204, 1237, 1261, 1260, 1265, 1300, 1315, 1335, 1362, 1373, 1387, 1417, 1430, 1465, 1484, 1493, 1511, 1552, 2, 3, 25, 49, 50, 74
931, 922, 884, 866, 842, 817, 788, 770, 738, 735, 704, 677, 660, 649, 648, 622, 593, 571, 549, 550, 540, 503, 499, 461, 456, 417, 405, 383, 369, 343, 317, 295, 273, 244, 236, 213, 196, 154, 149, 131, 101, 75
931, 922, 884, 866, 842, 817, 788, 770, 738, 735, 704, 677, 660, 649, 648, 622, 593, 571, 549, 550, 540, 503, 499, 461, 456, 417, 405, 383, 369, 343, 317, 295, 273, 244, 236, 213, 196, 154, 149, 131, 99, 76
931, 922, 884, 866, 842, 817, 788, 770, 738, 735, 704, 677, 660, 649, 648, 622, 593, 571, 549, 550, 540, 503, 499, 461, 456, 417, 405, 383, 369, 343, 317, 295, 273, 244, 235, 215, 175, 174, 150, 130, 98, 77
931, 922, 884, 866, 842, 817, 788, 770, 738, 735, 704, 677, 660, 649, 648, 622, 593, 571, 549, 550, 540, 503, 499, 461, 456, 417, 405, 383, 369, 343, 317, 295, 273, 244, 235, 215, 175, 176, 173, 151, 128, 127, 97, 78
931, 922, 884, 866, 842, 817, 788, 770, 738, 735, 704, 677, 660, 649, 648, 622, 593, 571, 549, 550, 540, 503, 499, 461, 456, 417, 405, 383, 369, 343, 317, 295, 273, 244, 235, 215, 175, 176, 173, 151, 128, 127, 97, 79
931, 932, 933, 934, 935, 936, 947, 967, 992, 1012, 1036, 1061, 1080, 1099, 1125, 1150, 1163, 1164, 1193, 1213, 1228, 1250, 1274, 1290, 1306, 1321, 1348, 1365, 1399, 1409, 1442, 1450, 1477, 1500, 1526, 1544, 9, 32, 56, 80
931, 932, 933, 934, 935, 936, 947, 967, 992, 1012, 1036, 1061, 1080, 1099, 1125, 1150, 1163, 1164, 1193, 1213, 1228, 1250, 1274, 1290, 1306, 1321, 1348, 1365, 1399, 1408, 1441, 1452, 1476, 1501, 1525, 1543, 10, 33, 57, 81
931, 932, 933, 934, 935, 936, 947, 967, 992, 1012, 1036, 1061, 1080, 1099, 1125, 1150, 1163, 1164, 1193, 1213, 1228, 1250, 1274, 1290, 1306, 1321, 1348, 1365, 1399, 1408, 1441, 1452, 1476, 1501, 1525, 1543, 10, 33, 57, 82
931, 963, 973, 986, 1026, 1027, 1067, 1085, 1103, 1131, 1155, 1157, 1185, 1207, 1239, 1243, 1280, 1283, 1320, 1330, 1356, 1379, 1393, 1424, 1435, 1459, 1471, 1472, 1506, 1521, 1540, 13, 36, 35, 58, 83
931, 963, 973, 986, 1026, 1027, 1067, 1085, 1103, 1131, 1155, 1157, 1185, 1207, 1239, 1243, 1280, 1283, 1320, 1330, 1356, 1379, 1393, 1424, 1435, 1459, 1471, 1507, 1520, 1539, 14, 37, 59, 84
931, 963, 973, 986, 1026, 1027, 1067, 1085, 1103, 1131, 1155, 1157, 1185, 1207, 1239, 1243, 1280, 1283, 1320, 1330, 1356, 1379, 1393, 1424, 1435, 1459, 1471, 1507, 1520, 1539, 14, 37, 60, 85
931, 963, 973, 986, 1026, 1027, 1067, 1085, 1103, 1131, 1155, 1157, 1185, 1207, 1239, 1243, 1280, 1283, 1320, 1330, 1356, 1379, 1393, 1424, 1435, 1459, 1471, 1507, 1520, 1539, 14, 37, 61, 86
931, 963, 973, 986, 1026, 1027, 1067, 1085, 1103, 1131, 1155, 1157, 1185, 1207, 1239, 1243, 1280, 1283, 1319, 1331, 1357, 1378, 1391, 1422, 1434, 1461, 1468, 1489, 1516, 1536, 17, 40, 42, 62, 87
931, 922, 921, 885, 867, 839, 820, 786, 768, 759, 714, 706, 675, 657, 628, 617, 588, 567, 565, 525, 510, 511, 491, 473, 447, 431, 394, 393, 358, 332, 308, 285, 262, 256, 225, 204, 186, 164, 138, 119, 88
931, 963, 973, 986, 1026, 1027, 1067, 1085, 1103, 1131, 1155, 1157, 1185, 1207, 1239, 1243, 1280, 1283, 1320, 1330, 1356, 1379, 1393, 1424, 1435, 1459, 1471, 1507, 1520, 1539, 14, 37, 61, 86, 89
931, 963, 973, 986, 1026, 1027, 1067, 1085, 1103, 1131, 1155, 1157, 1185, 1207, 1239, 1243, 1280, 1283, 1320, 1330, 1356, 1379, 1393, 1424, 1435, 1459, 1471, 1507, 1520, 1539, 14, 37, 60, 85, 90
931, 963, 973, 986, 1026, 1027, 1067, 1085, 1103, 1131, 1155, 1157, 1185, 1207, 1239, 1243, 1280, 1283, 1320, 1330, 1356, 1379, 1393, 1424, 1435, 1459, 1471, 1507, 1520, 1539, 14, 37, 60, 85, 91
931, 963, 973, 986, 1026, 1027, 1067, 1085, 1103, 1131, 1155, 1157, 1185, 1207, 1239, 1243, 1280, 1283, 1320, 1330, 1356, 1379, 1393, 1424, 1435, 1459, 1471, 1472, 1506, 1521, 1540, 13, 36, 35, 58, 83, 92
931, 932, 933, 934, 935, 936, 947, 967, 992, 1012, 1036, 1061, 1080, 1099, 1125, 1150, 1163, 1164, 1193, 1213, 1228, 1250, 1274, 1290, 1306, 1321, 1348, 1365, 1399, 1408, 1441, 1452, 1476, 1501, 1525, 1543, 10, 33, 57, 82, 93
931, 922, 884, 866, 842, 817, 788, 770, 738, 735, 704, 677, 660, 649, 648, 622, 593, 571, 549, 550, 540, 503, 499, 461, 456, 417, 405, 383, 369, 343, 317, 295, 273, 244, 235, 215, 175, 176, 173, 172, 153, 126, 96, 95, 94
931, 922, 884, 866, 842, 817, 788, 770, 738, 735, 704, 677, 660, 649, 648, 622, 593, 571, 549, 550, 540, 503, 499, 461, 456, 417, 405, 383, 369, 343, 317, 295, 273, 244, 235, 215, 175, 176, 173, 172, 153, 126, 96, 95
931, 922, 884, 866, 842, 817, 788, 770, 738, 735, 704, 677, 660, 649, 648, 622, 593, 571, 549, 550, 540, 503, 499, 461, 456, 417, 405, 383, 369, 343, 317, 295, 273, 244, 235, 215, 175, 176, 173, 172, 153, 126, 96
931, 922, 884, 866, 842, 817, 788, 770, 738, 735, 704, 677, 660, 649, 648, 622, 593, 571, 549, 550, 540, 503, 499, 461, 456, 417, 405, 383, 369, 343, 317, 295, 273, 244, 235, 215, 175, 176, 173, 151, 128, 127, 97
931, 922, 884, 866, 842, 817, 788, 770, 738, 735, 704, 677, 660, 649, 648, 622, 593, 571, 549, 550, 540, 503, 499, 461, 456, 417, 405, 383, 369, 343, 317, 295, 273, 244, 235, 215, 175, 174, 150, 130, 98
931, 922, 884, 866, 842, 817, 788, 770, 738, 735, 704, 677, 660, 649, 648, 622, 593, 571, 549, 550, 540, 503, 499, 461, 456, 417, 405, 383, 369, 343, 317, 295, 273, 244, 236, 213, 196, 154, 149, 131, 99
