928, 960, 976, 1004, 1021, 1047, 1051, 1089, 1108, 1136, 1140, 1139, 1176, 1182, 1203, 1236, 1260, 1265, 1300, 1315, 1335, 1362, 1373, 1387, 1417, 1430, 1465, 1484, 1493, 1511, 1553, 0
928, 960, 976, 1004, 1021, 1047, 1051, 1089, 1108, 1136, 1140, 1139, 1176, 1182, 1203, 1236, 1260, 1265, 1300, 1315, 1335, 1362, 1373, 1387, 1417, 1430, 1465, 1484, 1493, 1511, 1553, 1
928, 960, 976, 1004, 1021, 1047, 1051, 1089, 1108, 1136, 1140, 1139, 1176, 1182, 1203, 1236, 1260, 1265, 1300, 1315, 1335, 1362, 1373, 1387, 1417, 1430, 1465, 1484, 1493, 1511, 1552, 2
928, 960, 976, 1004, 1021, 1047, 1051, 1089, 1108, 1136, 1140, 1139, 1176, 1182, 1203, 1236, 1260, 1265, 1300, 1315, 1335, 1362, 1373, 1387, 1417, 1430, 1465, 1484, 1493, 1511, 1552, 2, 3
928, 960, 976, 1004, 1021, 1047, 1051, 1089, 1108, 1136, 1140, 1175, 1181, 1202, 1235, 1259, 1266, 1298, 1313, 1337, 1343, 1371, 1384, 1414, 1427, 1447, 1481, 1496, 1509, 1550, 4
928, 960, 976, 1004, 1021, 1047, 1051, 1089, 1108, 1136, 1140, 1175, 1181, 1202, 1235, 1259, 1266, 1298, 1313, 1337, 1343, 1371, 1384, 1414, 1427, 1447, 1481, 1496, 1508, 1549, 5
928, 960, 976, 1004, 1021, 1047, 1050, 1090, 1109, 1112, 1113, 1141, 1174, 1179, 1201, 1234, 1257, 1268, 1296, 1312, 1338, 1344, 1370, 1383, 1413, 1426, 1448, 1480, 1498, 1530, 1547, 6
928, 960, 976, 1004, 1021, 1047, 1050, 1090, 1109, 1112, 1113, 1141, 1174, 1179, 1201, 1234, 1257, 1268, 1296, 1312, 1338, 1344, 1370, 1383, 1413, 1426, 1448, 1480, 1498, 1529, 1546, 7
928, 960, 976, 1004, 1021, 1047, 1050, 1090, 1109, 1112, 1113, 1141, 1142, 1173, 1172, 1199, 1198, 1220, 1232, 1255, 1270, 1294, 1310, 1341, 1346, 1367, 1401, 1411, 1410, 1443, 1450, 1477, 1500, 1526, 1544, 8
928, 960, 976, 1004, 1021, 1047, 1050, 1090, 1109, 1112, 1113, 1141, 1142, 1173, 1172, 1199, 1198, 1220, 1232, 1255, 1270, 1294, 1310, 1341, 1346, 1367, 1401, 1411, 1410, 1443, 1450, 1477, 1500, 1526, 1544, 9
928, 960, 976, 1004, 1021, 1047, 1050, 1090, 1109, 1112, 1113, 1141, 1142, 1173, 1172, 1199, 1198, 1220, 1232, 1255, 1270, 1294, 1310, 1341, 1346, 1367, 1401, 1411, 1410, 1443, 1450, 1477, 1500, 1526, 1544, 9, 10
928, 960, 976, 1004, 1021, 1047, 1050, 1090, 1109, 1112, 1113, 1141, 1142, 1173, 1172, 1199, 1198, 1220, 1232, 1255, 1270, 1294, 1310, 1341, 1346, 1367, 1401, 1411, 1410, 1443, 1450, 1477, 1500, 1526, 1544, 9, 10, 11
928, 960, 976, 1004, 1021, 1047, 1050, 1090, 1109, 1112, 1113, 1141, 1142, 1173, 1172, 1199, 1198, 1220, 1232, 1255, 1270, 1294, 1310, 1341, 1346, 1367, 1401, 1411, 1410, 1443, 1450, 1477, 1500, 1526, 1544, 9, 10, 11, 12
928, 960, 976, 1004, 1021, 1047, 1051, 1089, 1108, 1107, 1135, 1138, 1177, 1184, 1205, 1238, 1262, 1264, 1282, 1283, 1320, 1330, 1356, 1379, 1393, 1424, 1435, 1459, 1471, 1472, 1506, 1521, 1540, 13
928, 960, 976, 1004, 1021, 1047, 1051, 1089, 1108, 1107, 1135, 1138, 1177, 1184, 1205, 1238, 1262, 1264, 1282, 1283, 1320, 1330, 1356, 1379, 1393, 1424, 1435, 1459, 1471, 1507, 1520, 1539, 14
928, 960, 976, 1004, 1021, 1047, 1051, 1089, 1108, 1107, 1135, 1138, 1177, 1184, 1205, 1238, 1262, 1264, 1282, 1283, 1319, 1331, 1357, 1378, 1391, 1422, 1434, 1461, 1469, 1487, 1517, 1538, 15
928, 960, 976, 1004, 1021, 1047, 1051, 1089, 1108, 1107, 1135, 1138, 1177, 1184, 1205, 1238, 1262, 1264, 1282, 1283, 1319, 1331, 1357, 1378, 1391, 1422, 1434, 1461, 1469, 1487, 1517, 1537, 16
928, 960, 976, 1004, 1021, 1047, 1051, 1089, 1108, 1107, 1135, 1138, 1177, 1184, 1205, 1238, 1262, 1264, 1282, 1283, 1319, 1331, 1357, 1378, 1391, 1422, 1434, 1461, 1468, 1489, 1516, 1536, 17
928, 960, 976, 1004, 1021, 1047, 1051, 1089, 1108, 1107, 1135, 1138, 1177, 1184, 1205, 1238, 1262, 1264, 1282, 1317, 1332, 1358, 1376, 1390, 1419, 1432, 1462, 1467, 1490, 1515, 1535, 18
928, 960, 976, 1004, 1021, 1047, 1051, 1089, 1108, 1107, 1135, 1138, 1177, 1184, 1205, 1238, 1262, 1264, 1282, 1317, 1332, 1358, 1376, 1390, 1419, 1432, 1463, 1466, 1491, 1514, 1533, 19
928, 960, 976, 1004, 1021, 1047, 1051, 1089, 1108, 1136, 1140, 1139, 1176, 1182, 1203, 1236, 1260, 1265, 1300, 1315, 1335, 1362, 1373, 1387, 1417, 1430, 1465, 1485, 1492, 1512, 1532, 20
928, 960, 976, 1004, 1021, 1047, 1051, 1089, 1108, 1107, 1135, 1138, 1177, 1184, 1205, 1238, 1262, 1264, 1282, 1317, 1332, 1358, 1376, 1390, 1419, 1432, 1462, 1467, 1490, 1515, 1535, 18, 21
928, 960, 976, 1004, 1021, 1047, 1051, 1089, 1108, 1107, 1135, 1138, 1177, 1184, 1205, 1238, 1262, 1264, 1282, 1317, 1332, 1358, 1376, 1390, 1419, 1432, 1463, 1466, 1491, 1514, 1533, 19, 22
928, 960, 976, 1004, 1021, 1047, 1051, 1089, 1108, 1136, 1140, 1139, 1176, 1182, 1203, 1236, 1260, 1265, 1300, 1315, 1335, 1362, 1373, 1387, 1417, 1430, 1465, 1485, 1492, 1512, 1532, 20, 23
928, 960, 976, 1004, 1021, 1047, 1051, 1089, 1108, 1136, 1140, 1139, 1176, 1182, 1203, 1236, 1260, 1265, 1300, 1315, 1335, 1362, 1373, 1387, 1417, 1430, 1465, 1484, 1493, 1511, 1553, 1, 24
928, 960, 976, 1004, 1021, 1047, 1051, 1089, 1108, 1136, 1140, 1139, 1176, 1182, 1203, 1236, 1260, 1265, 1300, 1315, 1335, 1362, 1373, 1387, 1417, 1430, 1465, 1484, 1493, 1511, 1552, 2, 3, 25
928, 960, 976, 1004, 1021, 1047, 1051, 1089, 1108, 1136, 1140, 1139, 1176, 1182, 1203, 1236, 1260, 1265, 1300, 1315, 1335, 1362, 1373, 1387, 1417, 1430, 1465, 1484, 1493, 1511, 1552, 2, 3, 25, 26
928, 960, 976, 1004, 1021, 1047, 1051, 1089, 1108, 1136, 1140, 1175, 1181, 1202, 1235, 1259, 1266, 1298, 1313, 1337, 1343, 1371, 1384, 1414, 1427, 1447, 1481, 1496, 1508, 1549, 5, 27
928, 960, 976, 1004, 1021, 1047, 1050, 1090, 1109, 1112, 1113, 1141, 1174, 1179, 1201, 1234, 1257, 1268, 1296, 1312, 1338, 1344, 1370, 1383, 1413, 1426, 1448, 1480, 1498, 1530, 1547, 6, 28
928, 960, 976, 1004, 1021, 1047, 1050, 1090, 1109, 1112, 1113, 1141, 1174, 1179, 1201, 1234, 1257, 1268, 1296, 1312, 1338, 1344, 1370, 1383, 1413, 1426, 1448, 1480, 1498, 1529, 1546, 7, 29
928, 960, 976, 1004, 1021, 1047, 1050, 1090, 1109, 1112, 1113, 1141, 1174, 1179, 1201, 1234, 1257, 1268, 1296, 1312, 1338, 1344, 1370, 1383, 1413, 1426, 1448, 1480, 1498, 1529, 1546, 7, 30
928, 960, 976, 1004, 1021, 1047, 1050, 1090, 1109, 1112, 1113, 1141, 1174, 1179, 1201, 1234, 1257, 1268, 1296, 1312, 1338, 1344, 1370, 1383, 1413, 1426, 1448, 1480, 1498, 1529, 1546, 7, 30, 31
928, 960, 976, 1004, 1021, 1047, 1050, 1090, 1109, 1112, 1113, 1141, 1142, 1173, 1172, 1199, 1198, 1220, 1232, 1255, 1270, 1294, 1310, 1341, 1346, 1367, 1401, 1411, 1410, 1443, 1450, 1477, 1500, 1526, 1544, 9, 32
928, 960, 976, 1004, 1021, 1047, 1050, 1090, 1109, 1112, 1113, 1141, 1142, 1173, 1172, 1199, 1198, 1220, 1232, 1255, 1270, 1294, 1310, 1341, 1346, 1367, 1401, 1411, 1410, 1443, 1450, 1477, 1500, 1526, 1544, 9, 32, 33
928, 960, 976, 1004, 1021, 1047, 1050, 1090, 1109, 1112, 1113, 1141, 1142, 1173, 1172, 1199, 1198, 1220, 1232, 1255, 1270, 1294, 1310, 1341, 1346, 1367, 1401, 1411, 1410, 1443, 1450, 1477, 1500, 1526, 1544, 9, 32, 33, 34
928, 960, 976, 1004, 1021, 1047, 1050, 1090, 1109, 1112, 1113, 1141, 1142, 1173, 1172, 1199, 1198, 1220, 1232, 1255, 1270, 1294, 1310, 1341, 1346, 1367, 1401, 1411, 1410, 1443, 1450, 1477, 1500, 1526, 1544, 9, 32, 33, 34, 35
928, 960, 976, 1004, 1021, 1047, 1051, 1089, 1108, 1107, 1135, 1138, 1177, 1184, 1205, 1238, 1262, 1264, 1282, 1283, 1320, 1330, 1356, 1379, 1393, 1424, 1435, 1459, 1471, 1472, 1506, 1521, 1540, 13, 36
928, 960, 976, 1004, 1021, 1047, 1051, 1089, 1108, 1107, 1135, 1138, 1177, 1184, 1205, 1238, 1262, 1264, 1282, 1283, 1320, 1330, 1356, 1379, 1393, 1424, 1435, 1459, 1471, 1507, 1520, 1539, 14, 37
928, 960, 976, 1004, 1021, 1047, 1051, 1089, 1108, 1107, 1135, 1138, 1177, 1184, 1205, 1238, 1262, 1264, 1282, 1283, 1319, 1331, 1357, 1378, 1391, 1422, 1434, 1461, 1469, 1487, 1517, 1538, 15, 38
928, 960, 976, 1004, 1021, 1047, 1051, 1089, 1108, 1107, 1135, 1138, 1177, 1184, 1205, 1238, 1262, 1264, 1282, 1283, 1319, 1331, 1357, 1378, 1391, 1422, 1434, 1461, 1469, 1487, 1517, 1537, 16, 39
928, 960, 976, 1004, 1021, 1047, 1051, 1089, 1108, 1107, 1135, 1138, 1177, 1184, 1205, 1238, 1262, 1264, 1282, 1283, 1319, 1331, 1357, 1378, 1391, 1422, 1434, 1461, 1468, 1489, 1516, 1536, 17, 40
928, 960, 976, 1004, 1021, 1047, 1051, 1089, 1108, 1107, 1135, 1138, 1177, 1184, 1205, 1238, 1262, 1264, 1282, 1283, 1319, 1331, 1357, 1378, 1391, 1422, 1434, 1461, 1468, 1489, 1516, 1536, 17, 41
928, 960, 976, 1004, 1021, 1047, 1051, 1089, 1108, 1107, 1135, 1138, 1177, 1184, 1205, 1238, 1262, 1264, 1282, 1283, 1319, 1331, 1357, 1378, 1391, 1422, 1434, 1461, 1468, 1489, 1516, 1536, 17, 40, 42
928, 960, 976, 1004, 1021, 1047, 1051, 1089, 1108, 1107, 1135, 1138, 1177, 1184, 1205, 1238, 1262, 1264, 1282, 1283, 1319, 1331, 1357, 1378, 1391, 1422, 1434, 1461, 1468, 1489, 1516, 1536, 17, 41, 43
928, 960, 976, 1004, 1021, 1047, 1051, 1089, 1108, 1107, 1135, 1138, 1177, 1184, 1205, 1238, 1262, 1264, 1282, 1317, 1332, 1358, 1376, 1390, 1419, 1432, 1462, 1467, 1490, 1515, 1535, 18, 21, 44
928, 960, 976, 1004, 1021, 1047, 1051, 1089, 1108, 1107, 1135, 1138, 1177, 1184, 1205, 1238, 1262, 1264, 1282, 1317, 1332, 1358, 1376, 1390, 1419, 1432, 1462, 1467, 1490, 1515, 1535, 18, 21, 45
928, 960, 976, 1004, 1021, 1047, 1051, 1089, 1108, 1107, 1135, 1138, 1177, 1184, 1205, 1238, 1262, 1264, 1282, 1317, 1332, 1358, 1376, 1390, 1419, 1432, 1463, 1466, 1491, 1514, 1533, 19, 22, 46
928, 960, 976, 1004, 1021, 1047, 1051, 1089, 1108, 1136, 1140, 1139, 1176, 1182, 1203, 1236, 1260, 1265, 1300, 1315, 1335, 1362, 1373, 1387, 1417, 1430, 1465, 1485, 1492, 1512, 1532, 20, 23, 47
928, 960, 976, 1004, 1021, 1047, 1051, 1089, 1108, 1136, 1140, 1139, 1176, 1182, 1203, 1236, 1260, 1265, 1300, 1315, 1335, 1362, 1373, 1387, 1417, 1430, 1465, 1484, 1493, 1511, 1553, 1, 24, 48
928, 960, 976, 1004, 1021, 1047, 1051, 1089, 1108, 1136, 1140, 1139, 1176, 1182, 1203, 1236, 1260, 1265, 1300, 1315, 1335, 1362, 1373, 1387, 1417, 1430, 1465, 1484, 1493, 1511, 1552, 2, 3, 25, 49
928, 960, 976, 1004, 1021, 1047, 1051, 1089, 1108, 1136, 1140, 1139, 1176, 1182, 1203, 1236, 1260, 1265, 1300, 1315, 1335, 1362, 1373, 1387, 1417, 1430, 1465, 1484, 1493, 1511, 1552, 2, 3, 25, 49, 50
928, 960, 976, 1004, 1021, 1047, 1051, 1089, 1108, 1136, 1140, 1175, 1181, 1202, 1235, 1259, 1266, 1298, 1313, 1337, 1343, 1371, 1384, 1414, 1427, 1447, 1481, 1496, 1508, 1549, 5, 27, 51
928, 960, 976, 1004, 1021, 1047, 1051, 1089, 1108, 1136, 1140, 1175, 1181, 1202, 1235, 1259, 1266, 1298, 1313, 1337, 1343, 1371, 1384, 1414, 1427, 1447, 1481, 1496, 1508, 1549, 5, 27, 52
928, 960, 976, 1004, 1021, 1047, 1050, 1090, 1109, 1112, 1113, 1141, 1174, 1179, 1201, 1234, 1257, 1268, 1296, 1312, 1338, 1344, 1370, 1383, 1413, 1426, 1448, 1480, 1498, 1530, 1547, 6, 28, 53
928, 960, 976, 1004, 1021, 1047, 1050, 1090, 1109, 1112, 1113, 1141, 1174, 1179, 1201, 1234, 1257, 1268, 1296, 1312, 1338, 1344, 1370, 1383, 1413, 1426, 1448, 1480, 1498, 1529, 1546, 7, 30, 54
928, 960, 976, 1004, 1021, 1047, 1050, 1090, 1109, 1112, 1113, 1141, 1174, 1179, 1201, 1234, 1257, 1268, 1296, 1312, 1338, 1344, 1370, 1383, 1413, 1426, 1448, 1480, 1498, 1529, 1546, 7, 30, 54, 55
928, 960, 976, 1004, 1021, 1047, 1050, 1090, 1109, 1112, 1113, 1141, 1142, 1173, 1172, 1199, 1198, 1220, 1232, 1255, 1270, 1294, 1310, 1341, 1346, 1367, 1401, 1411, 1410, 1443, 1450, 1477, 1500, 1526, 1544, 9, 32, 56
928, 960, 976, 1004, 1021, 1047, 1050, 1090, 1109, 1112, 1113, 1141, 1142, 1173, 1172, 1199, 1198, 1220, 1232, 1255, 1270, 1294, 1310, 1341, 1346, 1367, 1401, 1411, 1410, 1443, 1450, 1477, 1500, 1526, 1544, 9, 32, 56, 57
928, 960, 976, 1004, 1021, 1047, 1050, 1090, 1109, 1112, 1113, 1141, 1142, 1173, 1172, 1199, 1198, 1220, 1232, 1255, 1270, 1294, 1310, 1341, 1346, 1367, 1401, 1411, 1410, 1443, 1450, 1477, 1500, 1526, 1544, 9, 32, 56, 57, 58
928, 960, 976, 1004, 1021, 1047, 1051, 1089, 1108, 1107, 1135, 1138, 1177, 1184, 1205, 1238, 1262, 1264, 1282, 1283, 1320, 1330, 1356, 1379, 1393, 1424, 1435, 1459, 1471, 1507, 1520, 1539, 14, 37, 59
928, 960, 976, 1004, 1021, 1047, 1051, 1089, 1108, 1107, 1135, 1138, 1177, 1184, 1205, 1238, 1262, 1264, 1282, 1283, 1320, 1330, 1356, 1379, 1393, 1424, 1435, 1459, 1471, 1507, 1520, 1539, 14, 37, 60
928, 960, 976, 1004, 1021, 1047, 1051, 1089, 1108, 1107, 1135, 1138, 1177, 1184, 1205, 1238, 1262, 1264, 1282, 1283, 1320, 1330, 1356, 1379, 1393, 1424, 1435, 1459, 1471, 1507, 1520, 1539, 14, 37, 61
928, 960, 976, 1004, 1021, 1047, 1051, 1089, 1108, 1107, 1135, 1138, 1177, 1184, 1205, 1238, 1262, 1264, 1282, 1283, 1319, 1331, 1357, 1378, 1391, 1422, 1434, 1461, 1468, 1489, 1516, 1536, 17, 40, 42, 62
928, 960, 976, 1004, 1021, 1047, 1051, 1089, 1108, 1107, 1135, 1138, 1177, 1184, 1205, 1238, 1262, 1264, 1282, 1283, 1319, 1331, 1357, 1378, 1391, 1422, 1434, 1461, 1468, 1489, 1516, 1536, 17, 40, 42, 63
928, 960, 976, 1004, 1021, 1047, 1051, 1089, 1108, 1107, 1135, 1138, 1177, 1184, 1205, 1238, 1262, 1264, 1282, 1283, 1319, 1331, 1357, 1378, 1391, 1422, 1434, 1461, 1468, 1489, 1516, 1536, 17, 40, 42, 64
928, 960, 976, 1004, 1021, 1047, 1051, 1089, 1108, 1107, 1135, 1138, 1177, 1184, 1205, 1238, 1262, 1264, 1282, 1283, 1319, 1331, 1357, 1378, 1391, 1422, 1434, 1461, 1468, 1489, 1516, 1536, 17, 41, 43, 65
928, 960, 976, 1004, 1021, 1047, 1051, 1089, 1108, 1107, 1135, 1138, 1177, 1184, 1205, 1238, 1262, 1264, 1282, 1317, 1332, 1358, 1376, 1390, 1419, 1432, 1463, 1466, 1491, 1514, 1533, 19, 22, 46, 66
928, 960, 976, 1004, 1021, 1047, 1051, 1089, 1108, 1136, 1140, 1139, 1176, 1182, 1203, 1236, 1260, 1265, 1300, 1315, 1335, 1362, 1373, 1387, 1417, 1430, 1465, 1485, 1492, 1512, 1532, 20, 23, 47, 67
928, 960, 976, 1004, 1021, 1047, 1051, 1089, 1108, 1136, 1140, 1139, 1176, 1182, 1203, 1236, 1260, 1265, 1300, 1315, 1335, 1362, 1373, 1387, 1417, 1430, 1465, 1485, 1492, 1512, 1532, 20, 23, 47, 68
928, 960, 976, 1004, 1021, 1047, 1051, 1089, 1108, 1136, 1140, 1139, 1176, 1182, 1203, 1236, 1260, 1265, 1300, 1315, 1335, 1362, 1373, 1387, 1417, 1430, 1465, 1484, 1493, 1511, 1553, 1, 24, 48, 70, 69
928, 960, 976, 1004, 1021, 1047, 1051, 1089, 1108, 1136, 1140, 1139, 1176, 1182, 1203, 1236, 1260, 1265, 1300, 1315, 1335, 1362, 1373, 1387, 1417, 1430, 1465, 1484, 1493, 1511, 1553, 1, 24, 48, 70
928, 960, 976, 1004, 1021, 1047, 1051, 1089, 1108, 1136, 1140, 1139, 1176, 1182, 1203, 1236, 1260, 1265, 1300, 1315, 1335, 1362, 1373, 1387, 1417, 1430, 1465, 1484, 1493, 1511, 1553, 1, 24, 48, 70, 71
928, 960, 976, 1004, 1021, 1047, 1051, 1089, 1108, 1136, 1140, 1139, 1176, 1182, 1203, 1236, 1260, 1265, 1300, 1315, 1335, 1362, 1373, 1387, 1417, 1430, 1465, 1484, 1493, 1511, 1552, 2, 3, 25, 49, 72
928, 960, 976, 1004, 1021, 1047, 1051, 1089, 1108, 1136, 1140, 1139, 1176, 1182, 1203, 1236, 1260, 1265, 1300, 1315, 1335, 1362, 1373, 1387, 1417, 1430, 1465, 1484, 1493, 1511, 1552, 2, 3, 25, 49, 73
928, 960, 976, 1004, 1021, 1047, 1051, 1089, 1108, 1136, 1140, 1139, 1176, 1182, 1203, 1236, 1260, 1265, 1300, 1315, 1335, 1362, 1373, 1387, 1417, 1430, 1465, 1484, 1493, 1511, 1552, 2, 3, 25, 49, 50, 74
928, 960, 976, 1004, 1021, 1047, 1051, 1089, 1108, 1136, 1140, 1175, 1181, 1202, 1235, 1259, 1266, 1298, 1313, 1337, 1343, 1371, 1384, 1414, 1427, 1447, 1481, 1496, 1508, 1549, 5, 27, 52, 75
928, 902, 881, 863, 844, 814, 792, 772, 740, 733, 732, 701, 679, 663, 645, 623, 595, 572, 550, 540, 503, 499, 461, 456, 417, 405, 383, 369, 343, 317, 295, 273, 244, 236, 213, 196, 154, 149, 131, 99, 76
928, 960, 976, 1004, 1021, 1047, 1050, 1090, 1109, 1112, 1113, 1141, 1174, 1179, 1201, 1234, 1257, 1268, 1296, 1312, 1338, 1344, 1370, 1383, 1413, 1426, 1448, 1480, 1498, 1530, 1547, 6, 28, 53, 77
928, 960, 976, 1004, 1021, 1047, 1050, 1090, 1109, 1112, 1113, 1141, 1174, 1179, 1201, 1234, 1257, 1268, 1296, 1312, 1338, 1344, 1370, 1383, 1413, 1426, 1448, 1480, 1498, 1529, 1546, 7, 30, 54, 78
928, 960, 976, 1004, 1021, 1047, 1050, 1090, 1109, 1112, 1113, 1141, 1174, 1179, 1201, 1234, 1257, 1268, 1296, 1312, 1338, 1344, 1370, 1383, 1413, 1426, 1448, 1480, 1498, 1529, 1546, 7, 30, 54, 78, 79
928, 960, 976, 1004, 1021, 1047, 1050, 1090, 1109, 1112, 1113, 1141, 1142, 1173, 1172, 1199, 1198, 1220, 1232, 1255, 1270, 1294, 1310, 1341, 1346, 1367, 1401, 1411, 1410, 1443, 1450, 1477, 1500, 1526, 1544, 9, 32, 56, 80
928, 960, 976, 1004, 1021, 1047, 1050, 1090, 1109, 1112, 1113, 1141, 1142, 1173, 1172, 1199, 1198, 1220, 1232, 1255, 1270, 1294, 1310, 1341, 1346, 1367, 1401, 1411, 1410, 1443, 1450, 1477, 1500, 1526, 1544, 9, 32, 56, 80, 81
928, 960, 976, 1004, 1021, 1047, 1050, 1090, 1109, 1112, 1113, 1141, 1142, 1173, 1172, 1199, 1198, 1220, 1232, 1255, 1270, 1294, 1310, 1341, 1346, 1367, 1401, 1411, 1410, 1443, 1450, 1477, 1500, 1526, 1544, 9, 32, 56, 80, 81, 82
928, 960, 976, 1004, 1021, 1047, 1050, 1090, 1109, 1112, 1113, 1141, 1142, 1173, 1172, 1199, 1198, 1220, 1232, 1255, 1270, 1294, 1310, 1341, 1346, 1367, 1401, 1411, 1410, 1443, 1450, 1477, 1500, 1526, 1544, 9, 32, 56, 80, 81, 82, 83
928, 960, 976, 1004, 1021, 1047, 1051, 1089, 1108, 1107, 1135, 1138, 1177, 1184, 1205, 1238, 1262, 1264, 1282, 1283, 1320, 1330, 1356, 1379, 1393, 1424, 1435, 1459, 1471, 1507, 1520, 1539, 14, 37, 59, 84
928, 960, 976, 1004, 1021, 1047, 1051, 1089, 1108, 1107, 1135, 1138, 1177, 1184, 1205, 1238, 1262, 1264, 1282, 1283, 1320, 1330, 1356, 1379, 1393, 1424, 1435, 1459, 1471, 1507, 1520, 1539, 14, 37, 60, 85
928, 960, 976, 1004, 1021, 1047, 1051, 1089, 1108, 1107, 1135, 1138, 1177, 1184, 1205, 1238, 1262, 1264, 1282, 1283, 1320, 1330, 1356, 1379, 1393, 1424, 1435, 1459, 1471, 1507, 1520, 1539, 14, 37, 61, 86
928, 960, 976, 1004, 1021, 1047, 1051, 1089, 1108, 1107, 1135, 1138, 1177, 1184, 1205, 1238, 1262, 1264, 1282, 1283, 1319, 1331, 1357, 1378, 1391, 1422, 1434, 1461, 1468, 1489, 1516, 1536, 17, 40, 42, 62, 87
928, 902, 881, 863, 844, 814, 792, 772, 740, 734, 703, 678, 661, 649, 621, 591, 570, 547, 543, 506, 495, 467, 450, 434, 411, 412, 391, 392, 359, 331, 308, 285, 262, 256, 225, 204, 186, 164, 138, 119, 88
928, 960, 976, 1004, 1021, 1047, 1051, 1089, 1108, 1107, 1135, 1138, 1177, 1184, 1205, 1238, 1262, 1264, 1282, 1283, 1320, 1330, 1356, 1379, 1393, 1424, 1435, 1459, 1471, 1507, 1520, 1539, 14, 37, 61, 86, 89
928, 960, 976, 1004, 1021, 1047, 1051, 1089, 1108, 1107, 1135, 1138, 1177, 1184, 1205, 1238, 1262, 1264, 1282, 1283, 1320, 1330, 1356, 1379, 1393, 1424, 1435, 1459, 1471, 1507, 1520, 1539, 14, 37, 60, 85, 90
928, 960, 976, 1004, 1021, 1047, 1051, 1089, 1108, 1107, 1135, 1138, 1177, 1184, 1205, 1238, 1262, 1264, 1282, 1283, 1320, 1330, 1356, 1379, 1393, 1424, 1435, 1459, 1471, 1507, 1520, 1539, 14, 37, 60, 85, 91
928, 960, 976, 1004, 1021, 1047, 1050, 1090, 1109, 1112, 1113, 1141, 1142, 1173, 1172, 1199, 1198, 1220, 1232, 1255, 1270, 1294, 1310, 1341, 1346, 1367, 1401, 1411, 1410, 1443, 1450, 1477, 1500, 1526, 1544, 9, 32, 56, 80, 81, 82, 93, 92
928, 960, 976, 1004, 1021, 1047, 1050, 1090, 1109, 1112, 1113, 1141, 1142, 1173, 1172, 1199, 1198, 1220, 1232, 1255, 1270, 1294, 1310, 1341, 1346, 1367, 1401, 1411, 1410, 1443, 1450, 1477, 1500, 1526, 1544, 9, 32, 56, 80, 81, 82, 93
928, 960, 976, 1004, 1021, 1047, 1050, 1090, 1109, 1112, 1113, 1141, 1142, 1173, 1172, 1199, 1198, 1220, 1232, 1255, 1270, 1294, 1310, 1341, 1346, 1367, 1401, 1411, 1410, 1443, 1450, 1477, 1500, 1526, 1544, 9, 32, 56, 80, 95, 94
928, 960, 976, 1004, 1021, 1047, 1050, 1090, 1109, 1112, 1113, 1141, 1142, 1173, 1172, 1199, 1198, 1220, 1232, 1255, 1270, 1294, 1310, 1341, 1346, 1367, 1401, 1411, 1410, 1443, 1450, 1477, 1500, 1526, 1544, 9, 32, 56, 80, 95
928, 960, 976, 1004, 1021, 1047, 1050, 1090, 1109, 1112, 1113, 1141, 1174, 1179, 1201, 1234, 1257, 1268, 1296, 1312, 1338, 1344, 1370, 1383, 1413, 1426, 1448, 1480, 1498, 1529, 1546, 7, 30, 54, 78, 97, 96
928, 960, 976, 1004, 1021, 1047, 1050, 1090, 1109, 1112, 1113, 1141, 1174, 1179, 1201, 1234, 1257, 1268, 1296, 1312, 1338, 1344, 1370, 1383, 1413, 1426, 1448, 1480, 1498, 1529, 1546, 7, 30, 54, 78, 97
928, 902, 881, 863, 844, 814, 792, 772, 740, 733, 732, 701, 679, 663, 645, 623, 595, 572, 550, 540, 503, 499, 461, 456, 417, 405, 383, 369, 343, 317, 295, 273, 244, 235, 215, 175, 174, 150, 130, 98
928, 902, 881, 863, 844, 814, 792, 772, 740, 733, 732, 701, 679, 663, 645, 623, 595, 572, 550, 540, 503, 499, 461, 456, 417, 405, 383, 369, 343, 317, 295, 273, 244, 236, 213, 196, 154, 149, 131, 99
