238, 221, 193, 162, 138, 139, 140, 141, 127, 128, 105, 106, 83, 84, 53, 26, 0
238, 221, 193, 162, 138, 139, 140, 141, 127, 128, 105, 106, 83, 84, 53, 26, 1
238, 221, 193, 162, 138, 139, 140, 141, 127, 128, 105, 106, 83, 84, 53, 26, 2
238, 221, 193, 162, 138, 139, 140, 141, 127, 128, 105, 106, 83, 84, 53, 26, 2, 3
238, 221, 193, 162, 138, 139, 140, 141, 127, 128, 105, 106, 83, 84, 53, 26, 2, 3, 4
238, 239, 220, 195, 196, 166, 134, 133, 132, 120, 119, 118, 117, 116, 115, 91, 88, 49, 22, 5
238, 239, 220, 195, 196, 166, 134, 133, 132, 120, 95, 94, 93, 70, 47, 48, 45, 6
238, 239, 220, 195, 196, 166, 134, 121, 96, 74, 65, 66, 67, 46, 44, 7
238, 239, 220, 195, 196, 166, 134, 121, 96, 74, 65, 66, 41, 42, 43, 9, 8
238, 239, 220, 195, 196, 166, 134, 121, 96, 74, 65, 66, 41, 42, 43, 9
