1412, 1439, 1440, 1455, 1485, 1486, 1487, 1500, 1501, 1531, 1536, 1537, 2, 1, 0
1412, 1439, 1440, 1455, 1485, 1486, 1487, 1500, 1501, 1531, 1536, 1537, 2, 1
1412, 1439, 1440, 1455, 1485, 1486, 1487, 1500, 1501, 1531, 1536, 1537, 2
1412, 1439, 1440, 1455, 1485, 1486, 1487, 1500, 1501, 1531, 1536, 4, 3
1412, 1439, 1440, 1455, 1485, 1486, 1487, 1500, 1501, 1531, 1536, 4
1412, 1439, 1440, 1455, 1485, 1486, 1499, 1534, 1553, 1554, 6, 5
1412, 1439, 1440, 1455, 1485, 1486, 1499, 1534, 1553, 1554, 6
1412, 1439, 1440, 1455, 1485, 1498, 1514, 1552, 8, 7
1412, 1439, 1440, 1455, 1485, 1498, 1514, 1552, 8
1412, 1439, 1440, 1455, 1485, 1498, 1514, 1552, 9
1412, 1439, 1453, 1454, 1484, 1497, 1515, 1551, 10
1412, 1439, 1453, 1483, 1496, 1517, 1550, 11
1412, 1439, 1453, 1483, 1496, 1517, 1550, 1549, 12
1412, 1439, 1453, 1483, 1496, 1517, 1550, 1549, 12, 13
1412, 1439, 1453, 1483, 1496, 1517, 1550, 1549, 12, 13, 14
1412, 1439, 1453, 1483, 1496, 1517, 1518, 1519, 1520, 1521, 1544, 15
1412, 1439, 1453, 1483, 1496, 1517, 1518, 1519, 1520, 1521, 1522, 1523, 1543, 16
1412, 1439, 1453, 1483, 1482, 1481, 1480, 1479, 1478, 1477, 1476, 1509, 1525, 1542, 17
1412, 1439, 1453, 1452, 1472, 1471, 1470, 1469, 1468, 1467, 1475, 1508, 1526, 1541, 18
1412, 1439, 1453, 1452, 1472, 1471, 1470, 1469, 1468, 1467, 1475, 1508, 1526, 1541, 19
1412, 1439, 1440, 1455, 1485, 1486, 1487, 1500, 1501, 1531, 1536, 1537, 1538, 1539, 1540, 20
1412, 1439, 1440, 1455, 1485, 1486, 1487, 1500, 1501, 1531, 1536, 1537, 2, 1, 0, 21
1412, 1439, 1440, 1455, 1485, 1486, 1499, 1534, 1553, 1554, 6, 5, 22
1412, 1439, 1440, 1455, 1485, 1498, 1514, 1552, 8, 44, 50, 49, 23
1412, 1439, 1440, 1455, 1485, 1486, 1487, 1500, 1501, 1531, 1536, 4, 24
1412, 1439, 1440, 1455, 1485, 1486, 1487, 1500, 1501, 1531, 1536, 4, 3, 25
1412, 1439, 1440, 1455, 1485, 1486, 1487, 1500, 1501, 1531, 1536, 1537, 2, 26
1412, 1439, 1440, 1455, 1485, 1486, 1487, 1500, 1501, 1531, 1536, 1537, 2, 26, 27
1412, 1439, 1440, 1455, 1485, 1486, 1487, 1500, 1501, 1531, 1536, 1537, 2, 26, 27, 28
1412, 1439, 1440, 1455, 1485, 1486, 1487, 1500, 1501, 1531, 1536, 1537, 2, 26, 27, 28, 29
1412, 1439, 1453, 1452, 1472, 1471, 1470, 1469, 1468, 1467, 1475, 1508, 1526, 1541, 18, 30
1412, 1439, 1453, 1483, 1482, 1481, 1480, 1479, 1478, 1477, 1476, 1509, 1525, 1542, 17, 31
1412, 1439, 1453, 1483, 1496, 1517, 1518, 1519, 1520, 1521, 1522, 1523, 1543, 16, 32
1412, 1439, 1453, 1483, 1496, 1517, 1518, 1519, 1520, 1521, 1544, 15, 33
1412, 1439, 1453, 1483, 1496, 1517, 1550, 1549, 12, 13, 14, 35, 34
1412, 1439, 1453, 1483, 1496, 1517, 1550, 1549, 12, 13, 14, 35
1412, 1439, 1453, 1483, 1496, 1517, 1550, 1549, 12, 37, 36
1412, 1439, 1453, 1483, 1496, 1517, 1550, 1549, 12, 37
1412, 1439, 1453, 1483, 1496, 1517, 1550, 11, 39, 38
1412, 1439, 1453, 1483, 1496, 1517, 1550, 11, 39
1412, 1439, 1453, 1483, 1496, 1517, 1550, 11, 40
1412, 1439, 1453, 1454, 1484, 1497, 1515, 1551, 10, 41
1412, 1439, 1453, 1454, 1484, 1497, 1515, 1551, 10, 42
1412, 1439, 1440, 1455, 1485, 1498, 1514, 1552, 9, 43
1412, 1439, 1440, 1455, 1485, 1498, 1514, 1552, 8, 44
1412, 1439, 1440, 1455, 1485, 1498, 1514, 1552, 8, 44, 45
1412, 1439, 1440, 1455, 1485, 1486, 1487, 1500, 1501, 1531, 1536, 4, 24, 46
1412, 1439, 1440, 1455, 1485, 1498, 1514, 1552, 8, 44, 50, 49, 48, 47
1412, 1439, 1440, 1455, 1485, 1498, 1514, 1552, 8, 44, 50, 49, 48
1412, 1439, 1440, 1455, 1485, 1498, 1514, 1552, 8, 44, 50, 49
1412, 1439, 1440, 1455, 1485, 1498, 1514, 1552, 8, 44, 50
1412, 1439, 1440, 1455, 1485, 1498, 1514, 1552, 8, 44, 51
1412, 1439, 1440, 1455, 1485, 1498, 1514, 1552, 9, 43, 52
1412, 1439, 1440, 1455, 1485, 1498, 1514, 1552, 9, 43, 53
1412, 1439, 1453, 1454, 1484, 1497, 1515, 1551, 10, 41, 54
1412, 1439, 1453, 1483, 1496, 1517, 1550, 11, 40, 55
1412, 1439, 1453, 1483, 1496, 1517, 1550, 11, 40, 55, 56
1412, 1439, 1453, 1483, 1496, 1517, 1550, 1549, 12, 37, 57
1412, 1439, 1453, 1483, 1496, 1517, 1550, 1549, 12, 37, 57, 58
1412, 1439, 1453, 1483, 1496, 1517, 1550, 1549, 12, 13, 14, 35, 59
1412, 1439, 1453, 1483, 1496, 1517, 1518, 1519, 1520, 1521, 1544, 15, 33, 60
1412, 1439, 1453, 1483, 1496, 1517, 1518, 1519, 1520, 1521, 1522, 1523, 1543, 16, 32, 61
1412, 1439, 1453, 1483, 1482, 1481, 1480, 1479, 1478, 1477, 1476, 1509, 1525, 1542, 17, 31, 62
1412, 1439, 1453, 1483, 1482, 1481, 1480, 1479, 1478, 1477, 1476, 1509, 1525, 1542, 17, 31, 62, 63
1412, 1439, 1440, 1455, 1485, 1486, 1487, 1500, 1501, 1531, 1536, 1537, 2, 26, 27, 28, 29, 64
1412, 1439, 1440, 1455, 1485, 1486, 1487, 1500, 1501, 1531, 1536, 1537, 2, 26, 66, 65
1412, 1439, 1440, 1455, 1485, 1486, 1487, 1500, 1501, 1531, 1536, 1537, 2, 26, 66
1412, 1439, 1440, 1455, 1485, 1486, 1487, 1500, 1501, 1531, 1536, 1537, 2, 26, 67
1412, 1439, 1440, 1455, 1485, 1498, 1514, 1552, 8, 44, 50, 68
1412, 1439, 1440, 1455, 1485, 1498, 1514, 1552, 8, 44, 50, 69
1412, 1439, 1440, 1455, 1485, 1498, 1514, 1552, 8, 44, 51, 70
1412, 1439, 1440, 1455, 1485, 1498, 1514, 1552, 8, 44, 51, 71
1412, 1439, 1440, 1455, 1485, 1498, 1514, 1552, 9, 43, 53, 72
1412, 1439, 1453, 1454, 1484, 1497, 1515, 1551, 10, 41, 54, 73
1412, 1439, 1453, 1483, 1496, 1517, 1550, 11, 40, 55, 74
1412, 1439, 1453, 1483, 1496, 1517, 1550, 1549, 12, 37, 57, 75
1412, 1439, 1453, 1483, 1496, 1517, 1550, 1549, 12, 37, 57, 58, 76
1412, 1439, 1453, 1483, 1496, 1517, 1550, 1549, 12, 13, 14, 35, 59, 77
1412, 1439, 1453, 1483, 1496, 1517, 1518, 1519, 1520, 1521, 1544, 15, 33, 60, 78
1412, 1439, 1453, 1483, 1496, 1517, 1518, 1519, 1520, 1521, 1544, 15, 33, 60, 78, 79
1412, 1439, 1453, 1483, 1496, 1517, 1518, 1519, 1520, 1521, 1544, 15, 33, 60, 78, 79, 80
1412, 1439, 1453, 1483, 1482, 1481, 1480, 1479, 1478, 1477, 1476, 1509, 1525, 1542, 17, 31, 62, 81
1412, 1439, 1453, 1483, 1482, 1481, 1480, 1479, 1478, 1477, 1476, 1509, 1525, 1542, 17, 31, 62, 81, 82
1412, 1439, 1440, 1455, 1485, 1486, 1487, 1500, 1501, 1531, 1536, 1537, 2, 26, 66, 84, 83
1412, 1439, 1440, 1455, 1485, 1486, 1487, 1500, 1501, 1531, 1536, 1537, 2, 26, 66, 84
1412, 1439, 1440, 1455, 1485, 1486, 1487, 1500, 1501, 1531, 1536, 1537, 2, 26, 67, 85
1412, 1439, 1440, 1455, 1485, 1498, 1514, 1552, 8, 44, 50, 68, 88, 87, 86
1412, 1439, 1440, 1455, 1485, 1498, 1514, 1552, 8, 44, 50, 68, 88, 87
1412, 1439, 1440, 1455, 1485, 1498, 1514, 1552, 8, 44, 50, 68, 88
1412, 1439, 1440, 1455, 1485, 1498, 1514, 1552, 8, 44, 50, 68, 91, 90, 89
1412, 1439, 1440, 1455, 1485, 1498, 1514, 1552, 8, 44, 50, 68, 91, 90
1412, 1439, 1440, 1455, 1485, 1498, 1514, 1552, 8, 44, 50, 68, 91
1412, 1439, 1440, 1455, 1485, 1498, 1514, 1552, 8, 44, 50, 69, 92
1412, 1439, 1440, 1455, 1485, 1498, 1514, 1552, 8, 44, 51, 70, 93
1412, 1439, 1440, 1455, 1485, 1498, 1514, 1552, 9, 43, 53, 72, 94
1412, 1439, 1453, 1454, 1484, 1497, 1515, 1551, 10, 41, 54, 73, 95
1412, 1439, 1453, 1483, 1496, 1517, 1550, 11, 40, 55, 74, 96
1412, 1439, 1453, 1483, 1496, 1517, 1550, 11, 40, 55, 74, 96, 97
1412, 1439, 1453, 1483, 1496, 1517, 1550, 1549, 12, 37, 57, 75, 98
1412, 1439, 1453, 1483, 1496, 1517, 1550, 1549, 12, 37, 57, 75, 98, 99
