1416, 1417, 1418, 1419, 1420, 1431, 1467, 1475, 1508, 1526, 1541, 19, 20, 21, 0
1416, 1417, 1418, 1419, 1420, 1431, 1467, 1475, 1508, 1526, 1541, 19, 20, 21, 0, 1
1416, 1417, 1418, 1419, 1420, 1431, 1467, 1475, 1508, 1526, 1541, 19, 20, 21, 0, 1, 2
1416, 1417, 1418, 1419, 1420, 1431, 1467, 1475, 1508, 1526, 1541, 19, 20, 21, 0, 1, 2, 3
1416, 1415, 1436, 1437, 1438, 1439, 1440, 1455, 1485, 1486, 1487, 1500, 1501, 1531, 1536, 4
1416, 1415, 1436, 1437, 1438, 1439, 1440, 1455, 1485, 1486, 1499, 1534, 1553, 1554, 6, 5
1416, 1415, 1436, 1437, 1438, 1439, 1440, 1455, 1485, 1486, 1499, 1534, 1553, 1554, 6
1416, 1415, 1436, 1437, 1438, 1439, 1440, 1455, 1485, 1498, 1514, 1552, 8, 7
1416, 1415, 1436, 1437, 1438, 1439, 1440, 1455, 1485, 1498, 1514, 1552, 8
1416, 1415, 1436, 1437, 1438, 1439, 1440, 1455, 1485, 1498, 1514, 1552, 9
1416, 1434, 1470, 1479, 1512, 1520, 1519, 1547, 1548, 1549, 1550, 11, 10
1416, 1434, 1470, 1479, 1512, 1520, 1519, 1547, 1548, 1549, 1550, 11
1416, 1434, 1470, 1479, 1512, 1520, 1519, 1547, 1548, 12
1416, 1434, 1470, 1479, 1512, 1520, 1545, 14, 13
1416, 1434, 1470, 1479, 1512, 1520, 1545, 14
1416, 1434, 1470, 1478, 1511, 1522, 1544, 15
1416, 1417, 1433, 1469, 1477, 1510, 1523, 1543, 16
1416, 1417, 1433, 1469, 1468, 1476, 1509, 1525, 1542, 17
1416, 1417, 1418, 1419, 1420, 1431, 1467, 1475, 1508, 1526, 1541, 18
1416, 1417, 1418, 1419, 1420, 1431, 1467, 1475, 1508, 1526, 1541, 19
1416, 1417, 1418, 1419, 1420, 1431, 1467, 1475, 1508, 1526, 1541, 19, 20
1416, 1417, 1418, 1419, 1420, 1431, 1467, 1475, 1508, 1526, 1541, 19, 20, 21
1416, 1415, 1436, 1437, 1438, 1439, 1440, 1455, 1485, 1486, 1499, 1534, 1553, 1554, 6, 5, 22
1416, 1415, 1436, 1437, 1438, 1439, 1440, 1455, 1485, 1498, 1514, 1552, 8, 44, 50, 49, 23
1416, 1417, 1418, 1419, 1420, 1431, 1467, 1475, 1508, 1526, 1541, 18, 30, 29, 28, 27, 26, 25, 24
1416, 1417, 1418, 1419, 1420, 1431, 1467, 1475, 1508, 1526, 1541, 18, 30, 29, 28, 27, 26, 25
1416, 1417, 1418, 1419, 1420, 1431, 1467, 1475, 1508, 1526, 1541, 18, 30, 29, 28, 27, 26
1416, 1417, 1418, 1419, 1420, 1431, 1467, 1475, 1508, 1526, 1541, 18, 30, 29, 28, 27
1416, 1417, 1418, 1419, 1420, 1431, 1467, 1475, 1508, 1526, 1541, 18, 30, 29, 28
1416, 1417, 1418, 1419, 1420, 1431, 1467, 1475, 1508, 1526, 1541, 18, 30, 29
1416, 1417, 1418, 1419, 1420, 1431, 1467, 1475, 1508, 1526, 1541, 18, 30
1416, 1417, 1433, 1469, 1468, 1476, 1509, 1525, 1542, 17, 31
1416, 1417, 1433, 1469, 1477, 1510, 1523, 1543, 16, 32
1416, 1434, 1470, 1478, 1511, 1522, 1544, 15, 33
1416, 1434, 1470, 1478, 1511, 1522, 1544, 15, 34
1416, 1434, 1470, 1479, 1512, 1520, 1545, 14, 35
1416, 1434, 1470, 1479, 1512, 1520, 1545, 14, 13, 36
1416, 1434, 1470, 1479, 1512, 1520, 1519, 1547, 1548, 12, 37
1416, 1434, 1470, 1479, 1512, 1520, 1519, 1547, 1548, 12, 38
1416, 1434, 1470, 1479, 1512, 1520, 1519, 1547, 1548, 12, 38, 39
1416, 1434, 1470, 1479, 1512, 1520, 1519, 1547, 1548, 12, 38, 39, 40
1416, 1434, 1470, 1479, 1512, 1520, 1519, 1547, 1548, 12, 38, 39, 40, 41
1416, 1434, 1470, 1479, 1512, 1520, 1519, 1547, 1548, 1549, 1550, 11, 10, 42
1416, 1434, 1470, 1479, 1512, 1520, 1519, 1547, 1548, 1549, 1550, 11, 10, 42, 43
1416, 1415, 1436, 1437, 1438, 1439, 1440, 1455, 1485, 1498, 1514, 1552, 8, 44
1416, 1415, 1436, 1437, 1438, 1439, 1440, 1455, 1485, 1498, 1514, 1552, 8, 44, 45
1416, 1417, 1418, 1419, 1420, 1431, 1467, 1475, 1508, 1526, 1541, 18, 30, 29, 28, 65, 66, 67, 46
1416, 1417, 1418, 1419, 1420, 1431, 1467, 1475, 1508, 1526, 1541, 18, 30, 29, 28, 27, 26, 25, 47
1416, 1415, 1436, 1437, 1438, 1439, 1440, 1455, 1485, 1498, 1514, 1552, 8, 44, 50, 49, 48
1416, 1415, 1436, 1437, 1438, 1439, 1440, 1455, 1485, 1498, 1514, 1552, 8, 44, 50, 49
1416, 1415, 1436, 1437, 1438, 1439, 1440, 1455, 1485, 1498, 1514, 1552, 8, 44, 50
1416, 1415, 1436, 1437, 1438, 1439, 1440, 1455, 1485, 1498, 1514, 1552, 8, 44, 51
1416, 1434, 1470, 1479, 1512, 1520, 1519, 1547, 1548, 1549, 1550, 11, 10, 42, 53, 52
1416, 1434, 1470, 1479, 1512, 1520, 1519, 1547, 1548, 1549, 1550, 11, 10, 42, 53
1416, 1434, 1470, 1479, 1512, 1520, 1519, 1547, 1548, 12, 38, 39, 55, 54
1416, 1434, 1470, 1479, 1512, 1520, 1519, 1547, 1548, 12, 38, 39, 55
1416, 1434, 1470, 1479, 1512, 1520, 1519, 1547, 1548, 12, 38, 56
1416, 1434, 1470, 1479, 1512, 1520, 1545, 14, 13, 36, 58, 57
1416, 1434, 1470, 1479, 1512, 1520, 1545, 14, 13, 36, 58
1416, 1434, 1470, 1479, 1512, 1520, 1545, 14, 35, 59
1416, 1434, 1470, 1478, 1511, 1522, 1544, 15, 33, 60
1416, 1417, 1433, 1469, 1477, 1510, 1523, 1543, 16, 32, 61
1416, 1417, 1433, 1469, 1468, 1476, 1509, 1525, 1542, 17, 31, 62
1416, 1417, 1433, 1469, 1468, 1476, 1509, 1525, 1542, 17, 31, 62, 63
1416, 1417, 1433, 1469, 1468, 1476, 1509, 1525, 1542, 17, 31, 62, 63, 64
1416, 1417, 1418, 1419, 1420, 1431, 1467, 1475, 1508, 1526, 1541, 18, 30, 29, 28, 65
1416, 1417, 1418, 1419, 1420, 1431, 1467, 1475, 1508, 1526, 1541, 18, 30, 29, 28, 65, 66
1416, 1417, 1418, 1419, 1420, 1431, 1467, 1475, 1508, 1526, 1541, 18, 30, 29, 28, 65, 66, 67
1416, 1415, 1436, 1437, 1438, 1439, 1440, 1455, 1485, 1498, 1514, 1552, 8, 44, 50, 68
1416, 1415, 1436, 1437, 1438, 1439, 1440, 1455, 1485, 1498, 1514, 1552, 8, 44, 50, 69
1416, 1415, 1436, 1437, 1438, 1439, 1440, 1455, 1485, 1498, 1514, 1552, 8, 44, 51, 70
1416, 1415, 1436, 1437, 1438, 1439, 1440, 1455, 1485, 1498, 1514, 1552, 8, 44, 51, 71
1416, 1434, 1470, 1479, 1512, 1520, 1519, 1547, 1548, 1549, 1550, 11, 10, 42, 53, 72
1416, 1434, 1470, 1479, 1512, 1520, 1519, 1547, 1548, 12, 38, 56, 74, 73
1416, 1434, 1470, 1479, 1512, 1520, 1519, 1547, 1548, 12, 38, 56, 74
1416, 1434, 1470, 1479, 1512, 1520, 1545, 14, 35, 59, 76, 75
1416, 1434, 1470, 1479, 1512, 1520, 1545, 14, 35, 59, 76
1416, 1434, 1470, 1479, 1512, 1520, 1545, 14, 35, 59, 77
1416, 1434, 1470, 1478, 1511, 1522, 1544, 15, 33, 60, 78
1416, 1434, 1470, 1478, 1511, 1522, 1544, 15, 33, 60, 78, 79
1416, 1417, 1433, 1469, 1477, 1510, 1523, 1543, 16, 32, 61, 80
1416, 1417, 1433, 1469, 1468, 1476, 1509, 1525, 1542, 17, 31, 62, 81
1416, 1417, 1433, 1469, 1468, 1476, 1509, 1525, 1542, 17, 31, 62, 81, 82
1416, 1417, 1433, 1469, 1468, 1476, 1509, 1525, 1542, 17, 31, 62, 81, 82, 83
1416, 1417, 1418, 1419, 1420, 1431, 1467, 1475, 1508, 1526, 1541, 18, 30, 29, 28, 65, 84
1416, 1417, 1418, 1419, 1420, 1431, 1467, 1475, 1508, 1526, 1541, 18, 30, 29, 28, 65, 84, 85
1416, 1417, 1418, 1419, 1420, 1431, 1467, 1475, 1508, 1526, 1541, 18, 30, 29, 28, 65, 84, 85, 86
1416, 1415, 1436, 1437, 1438, 1439, 1440, 1455, 1485, 1498, 1514, 1552, 8, 44, 50, 68, 88, 87
1416, 1415, 1436, 1437, 1438, 1439, 1440, 1455, 1485, 1498, 1514, 1552, 8, 44, 50, 68, 88
1416, 1417, 1418, 1419, 1420, 1431, 1467, 1475, 1508, 1526, 1541, 18, 30, 29, 28, 65, 84, 85, 86, 89
1416, 1415, 1436, 1437, 1438, 1439, 1440, 1455, 1485, 1498, 1514, 1552, 8, 44, 50, 68, 91, 90
1416, 1415, 1436, 1437, 1438, 1439, 1440, 1455, 1485, 1498, 1514, 1552, 8, 44, 50, 68, 91
1416, 1415, 1436, 1437, 1438, 1439, 1440, 1455, 1485, 1498, 1514, 1552, 8, 44, 50, 69, 92
1416, 1434, 1470, 1479, 1512, 1520, 1519, 1547, 1548, 12, 38, 56, 74, 73, 95, 94, 93
1416, 1434, 1470, 1479, 1512, 1520, 1519, 1547, 1548, 12, 38, 56, 74, 73, 95, 94
1416, 1434, 1470, 1479, 1512, 1520, 1519, 1547, 1548, 12, 38, 56, 74, 73, 95
1416, 1434, 1470, 1479, 1512, 1520, 1519, 1547, 1548, 12, 38, 56, 74, 96
1416, 1434, 1470, 1479, 1512, 1520, 1545, 14, 35, 59, 76, 99, 98, 97
1416, 1434, 1470, 1479, 1512, 1520, 1545, 14, 35, 59, 76, 99, 98
1416, 1434, 1470, 1479, 1512, 1520, 1545, 14, 35, 59, 76, 99
