1192, 1193, 1217, 1218, 1230, 1257, 1289, 1292, 1316, 1337, 1355, 1371, 1396, 1423, 1449, 1463, 1493, 1504, 1529, 1538, 0
1192, 1193, 1217, 1218, 1230, 1257, 1289, 1292, 1316, 1337, 1355, 1371, 1396, 1423, 1449, 1463, 1493, 1504, 1529, 1538, 1
1192, 1193, 1217, 1218, 1230, 1257, 1289, 1292, 1316, 1337, 1355, 1371, 1396, 1423, 1449, 1463, 1493, 1504, 1529, 1538, 1, 2
1192, 1193, 1217, 1218, 1230, 1257, 1289, 1292, 1316, 1337, 1355, 1371, 1396, 1423, 1449, 1463, 1493, 1504, 1529, 1538, 1, 2, 3
1192, 1193, 1217, 1218, 1230, 1257, 1289, 1292, 1316, 1337, 1355, 1371, 1396, 1423, 1449, 1463, 1493, 1504, 1529, 1538, 1, 2, 3, 4
1192, 1193, 1217, 1218, 1219, 1229, 1256, 1288, 1291, 1315, 1336, 1354, 1370, 1398, 1424, 1447, 1462, 1491, 1490, 1489, 1501, 1532, 1535, 5
1192, 1193, 1217, 1218, 1219, 1229, 1256, 1288, 1291, 1315, 1336, 1354, 1370, 1398, 1424, 1447, 1462, 1491, 1490, 1489, 1501, 1500, 1533, 1554, 6
1192, 1193, 1217, 1218, 1219, 1229, 1256, 1288, 1291, 1315, 1336, 1354, 1370, 1398, 1399, 1400, 1426, 1427, 1428, 1442, 1457, 1486, 1499, 1534, 1553, 7
1192, 1216, 1215, 1234, 1261, 1272, 1273, 1298, 1322, 1323, 1343, 1344, 1363, 1379, 1409, 1414, 1413, 1438, 1439, 1440, 1455, 1485, 1498, 1514, 1552, 8
1192, 1216, 1215, 1234, 1261, 1272, 1273, 1298, 1322, 1323, 1343, 1344, 1363, 1379, 1409, 1414, 1413, 1438, 1439, 1440, 1455, 1485, 1498, 1514, 1552, 9
1192, 1216, 1215, 1234, 1261, 1272, 1273, 1298, 1322, 1323, 1343, 1344, 1363, 1379, 1409, 1414, 1413, 1438, 1452, 1482, 1495, 1518, 1549, 1550, 11, 10
1192, 1216, 1215, 1234, 1261, 1272, 1273, 1298, 1322, 1323, 1343, 1344, 1363, 1379, 1409, 1414, 1413, 1438, 1452, 1482, 1495, 1518, 1549, 1550, 11
1192, 1216, 1233, 1260, 1270, 1296, 1320, 1341, 1360, 1375, 1390, 1416, 1434, 1470, 1479, 1512, 1520, 1519, 1547, 1548, 12
1192, 1216, 1233, 1260, 1270, 1296, 1320, 1341, 1360, 1375, 1390, 1416, 1434, 1470, 1479, 1512, 1520, 1545, 14, 13
1192, 1216, 1233, 1260, 1270, 1296, 1320, 1341, 1360, 1375, 1390, 1416, 1434, 1470, 1479, 1512, 1520, 1545, 14
1192, 1216, 1233, 1260, 1270, 1296, 1320, 1341, 1360, 1375, 1390, 1417, 1433, 1469, 1477, 1478, 1511, 1522, 1544, 15
1192, 1216, 1233, 1260, 1270, 1295, 1318, 1339, 1358, 1374, 1392, 1419, 1432, 1468, 1476, 1509, 1525, 1542, 17, 16
1192, 1216, 1233, 1260, 1270, 1295, 1318, 1339, 1358, 1374, 1392, 1419, 1432, 1468, 1476, 1509, 1525, 1542, 17
1192, 1216, 1233, 1260, 1270, 1295, 1318, 1339, 1358, 1374, 1392, 1420, 1431, 1467, 1475, 1508, 1526, 1541, 18
1192, 1216, 1233, 1260, 1270, 1295, 1318, 1339, 1358, 1374, 1392, 1420, 1431, 1467, 1475, 1508, 1526, 1541, 19
1192, 1216, 1233, 1260, 1270, 1295, 1318, 1339, 1358, 1373, 1393, 1421, 1451, 1465, 1474, 1507, 1527, 1540, 20
1192, 1193, 1217, 1231, 1259, 1268, 1293, 1317, 1338, 1356, 1372, 1394, 1422, 1450, 1464, 1473, 1506, 1528, 1539, 21
1192, 1193, 1217, 1218, 1219, 1229, 1256, 1288, 1291, 1315, 1336, 1354, 1370, 1398, 1424, 1447, 1462, 1491, 1490, 1489, 1501, 1532, 1535, 5, 22
1192, 1193, 1217, 1218, 1219, 1229, 1256, 1288, 1291, 1315, 1336, 1354, 1370, 1398, 1424, 1447, 1462, 1491, 1490, 1489, 1501, 1532, 1535, 5, 23
1192, 1193, 1217, 1218, 1230, 1257, 1289, 1292, 1316, 1337, 1355, 1371, 1396, 1423, 1449, 1463, 1493, 1504, 1529, 1538, 1, 2, 3, 4, 24
1192, 1193, 1217, 1218, 1230, 1257, 1289, 1292, 1316, 1337, 1355, 1371, 1396, 1423, 1449, 1463, 1493, 1504, 1529, 1538, 1, 2, 3, 25
1192, 1193, 1217, 1218, 1230, 1257, 1289, 1292, 1316, 1337, 1355, 1371, 1396, 1423, 1449, 1463, 1493, 1504, 1529, 1538, 0, 26
1192, 1193, 1217, 1231, 1259, 1268, 1293, 1317, 1338, 1356, 1372, 1394, 1422, 1450, 1464, 1473, 1506, 1528, 1539, 21, 27
1192, 1193, 1217, 1231, 1259, 1268, 1293, 1317, 1338, 1356, 1372, 1394, 1422, 1450, 1464, 1473, 1506, 1528, 1539, 21, 28
1192, 1216, 1233, 1260, 1270, 1295, 1318, 1339, 1358, 1373, 1393, 1421, 1451, 1465, 1474, 1507, 1527, 1540, 20, 29
1192, 1216, 1233, 1260, 1270, 1295, 1318, 1339, 1358, 1374, 1392, 1420, 1431, 1467, 1475, 1508, 1526, 1541, 18, 30
1192, 1216, 1233, 1260, 1270, 1295, 1318, 1339, 1358, 1374, 1392, 1419, 1432, 1468, 1476, 1509, 1525, 1542, 17, 31
1192, 1216, 1233, 1260, 1270, 1295, 1318, 1339, 1358, 1374, 1392, 1419, 1432, 1468, 1476, 1509, 1525, 1542, 17, 16, 32
1192, 1216, 1233, 1260, 1270, 1296, 1320, 1341, 1360, 1375, 1390, 1417, 1433, 1469, 1477, 1478, 1511, 1522, 1544, 15, 33
1192, 1216, 1233, 1260, 1270, 1296, 1320, 1341, 1360, 1375, 1390, 1417, 1433, 1469, 1477, 1478, 1511, 1522, 1544, 15, 34
1192, 1216, 1233, 1260, 1270, 1296, 1320, 1341, 1360, 1375, 1390, 1416, 1434, 1470, 1479, 1512, 1520, 1545, 14, 35
1192, 1216, 1233, 1260, 1270, 1296, 1320, 1341, 1360, 1375, 1390, 1416, 1434, 1470, 1479, 1512, 1520, 1545, 14, 13, 36
1192, 1216, 1233, 1260, 1270, 1296, 1320, 1341, 1360, 1375, 1390, 1416, 1434, 1470, 1479, 1512, 1520, 1519, 1547, 1548, 12, 37
1192, 1216, 1233, 1260, 1270, 1296, 1320, 1341, 1360, 1375, 1390, 1416, 1434, 1470, 1479, 1512, 1520, 1519, 1547, 1548, 12, 38
1192, 1216, 1233, 1260, 1270, 1296, 1320, 1341, 1360, 1375, 1390, 1416, 1434, 1470, 1479, 1512, 1520, 1519, 1547, 1548, 12, 38, 39
1192, 1216, 1233, 1260, 1270, 1296, 1320, 1341, 1360, 1375, 1390, 1416, 1434, 1470, 1479, 1512, 1520, 1519, 1547, 1548, 12, 38, 39, 40
1192, 1216, 1215, 1234, 1261, 1272, 1273, 1298, 1322, 1323, 1343, 1344, 1363, 1379, 1409, 1414, 1413, 1438, 1452, 1482, 1495, 1518, 1549, 1550, 11, 10, 41
1192, 1216, 1215, 1234, 1261, 1272, 1273, 1298, 1322, 1323, 1343, 1344, 1363, 1379, 1409, 1414, 1413, 1438, 1452, 1482, 1495, 1518, 1549, 1550, 11, 10, 42
1192, 1216, 1215, 1234, 1261, 1272, 1273, 1298, 1322, 1323, 1343, 1344, 1363, 1379, 1409, 1414, 1413, 1438, 1439, 1440, 1455, 1485, 1498, 1514, 1552, 9, 43
1192, 1216, 1215, 1234, 1261, 1272, 1273, 1298, 1322, 1323, 1343, 1344, 1363, 1379, 1409, 1414, 1413, 1438, 1439, 1440, 1455, 1485, 1498, 1514, 1552, 8, 44
1192, 1193, 1217, 1218, 1219, 1229, 1256, 1288, 1291, 1315, 1336, 1354, 1370, 1398, 1424, 1447, 1462, 1491, 1490, 1489, 1501, 1500, 1533, 1554, 6, 45
1192, 1193, 1217, 1218, 1230, 1257, 1289, 1292, 1316, 1337, 1355, 1371, 1396, 1423, 1449, 1463, 1493, 1504, 1529, 1538, 0, 26, 67, 46
1192, 1193, 1217, 1218, 1230, 1257, 1289, 1292, 1316, 1337, 1355, 1371, 1396, 1423, 1449, 1463, 1493, 1504, 1529, 1538, 1, 2, 3, 25, 47
1192, 1193, 1217, 1218, 1230, 1257, 1289, 1292, 1316, 1337, 1355, 1371, 1396, 1423, 1449, 1463, 1493, 1504, 1529, 1538, 1, 2, 3, 4, 24, 48
1192, 1193, 1217, 1218, 1219, 1229, 1256, 1288, 1291, 1315, 1336, 1354, 1370, 1398, 1424, 1447, 1462, 1491, 1490, 1489, 1501, 1532, 1535, 5, 23, 49
1192, 1193, 1217, 1218, 1219, 1229, 1256, 1288, 1291, 1315, 1336, 1354, 1370, 1398, 1424, 1447, 1462, 1491, 1490, 1489, 1501, 1500, 1533, 1554, 6, 45, 50
1192, 1216, 1215, 1234, 1261, 1272, 1273, 1298, 1322, 1323, 1343, 1344, 1363, 1379, 1409, 1414, 1413, 1438, 1439, 1440, 1455, 1485, 1498, 1514, 1552, 8, 44, 51
1192, 1216, 1215, 1234, 1261, 1272, 1273, 1298, 1322, 1323, 1343, 1344, 1363, 1379, 1409, 1414, 1413, 1438, 1439, 1440, 1455, 1485, 1498, 1514, 1552, 9, 43, 52
1192, 1216, 1215, 1234, 1261, 1272, 1273, 1298, 1322, 1323, 1343, 1344, 1363, 1379, 1409, 1414, 1413, 1438, 1452, 1482, 1495, 1518, 1549, 1550, 11, 10, 42, 53
1192, 1216, 1233, 1260, 1270, 1296, 1320, 1341, 1360, 1375, 1390, 1416, 1434, 1470, 1479, 1512, 1520, 1519, 1547, 1548, 12, 38, 39, 55, 54
1192, 1216, 1233, 1260, 1270, 1296, 1320, 1341, 1360, 1375, 1390, 1416, 1434, 1470, 1479, 1512, 1520, 1519, 1547, 1548, 12, 38, 39, 55
1192, 1216, 1233, 1260, 1270, 1296, 1320, 1341, 1360, 1375, 1390, 1416, 1434, 1470, 1479, 1512, 1520, 1519, 1547, 1548, 12, 38, 56
1192, 1216, 1233, 1260, 1270, 1296, 1320, 1341, 1360, 1375, 1390, 1416, 1434, 1470, 1479, 1512, 1520, 1545, 14, 13, 36, 58, 57
1192, 1216, 1233, 1260, 1270, 1296, 1320, 1341, 1360, 1375, 1390, 1416, 1434, 1470, 1479, 1512, 1520, 1545, 14, 13, 36, 58
1192, 1216, 1233, 1260, 1270, 1296, 1320, 1341, 1360, 1375, 1390, 1416, 1434, 1470, 1479, 1512, 1520, 1545, 14, 35, 59
1192, 1216, 1233, 1260, 1270, 1296, 1320, 1341, 1360, 1375, 1390, 1417, 1433, 1469, 1477, 1478, 1511, 1522, 1544, 15, 33, 60
1192, 1216, 1233, 1260, 1270, 1295, 1318, 1339, 1358, 1374, 1392, 1419, 1432, 1468, 1476, 1509, 1525, 1542, 17, 31, 62, 61
1192, 1216, 1233, 1260, 1270, 1295, 1318, 1339, 1358, 1374, 1392, 1419, 1432, 1468, 1476, 1509, 1525, 1542, 17, 31, 62
1192, 1216, 1233, 1260, 1270, 1295, 1318, 1339, 1358, 1374, 1392, 1420, 1431, 1467, 1475, 1508, 1526, 1541, 18, 30, 63
1192, 1216, 1233, 1260, 1270, 1295, 1318, 1339, 1358, 1373, 1393, 1421, 1451, 1465, 1474, 1507, 1527, 1540, 20, 29, 64
1192, 1193, 1217, 1231, 1259, 1268, 1293, 1317, 1338, 1356, 1372, 1394, 1422, 1450, 1464, 1473, 1506, 1528, 1539, 21, 27, 65
1192, 1193, 1217, 1231, 1259, 1268, 1293, 1317, 1338, 1356, 1372, 1394, 1422, 1450, 1464, 1473, 1506, 1528, 1539, 21, 27, 65, 66
1192, 1193, 1217, 1218, 1230, 1257, 1289, 1292, 1316, 1337, 1355, 1371, 1396, 1423, 1449, 1463, 1493, 1504, 1529, 1538, 0, 26, 67
1192, 1193, 1217, 1218, 1219, 1229, 1256, 1288, 1291, 1315, 1336, 1354, 1370, 1398, 1424, 1447, 1462, 1491, 1490, 1489, 1501, 1532, 1535, 5, 23, 49, 88, 68
1192, 1193, 1217, 1218, 1219, 1229, 1256, 1288, 1291, 1315, 1336, 1354, 1370, 1398, 1424, 1447, 1462, 1491, 1490, 1489, 1501, 1500, 1533, 1554, 6, 45, 50, 69
1192, 1216, 1215, 1234, 1261, 1272, 1273, 1298, 1322, 1323, 1343, 1344, 1363, 1379, 1409, 1414, 1413, 1438, 1439, 1440, 1455, 1485, 1498, 1514, 1552, 8, 44, 51, 70
1192, 1216, 1215, 1234, 1261, 1272, 1273, 1298, 1322, 1323, 1343, 1344, 1363, 1379, 1409, 1414, 1413, 1438, 1439, 1440, 1455, 1485, 1498, 1514, 1552, 8, 44, 51, 71
1192, 1216, 1215, 1234, 1261, 1272, 1273, 1298, 1322, 1323, 1343, 1344, 1363, 1379, 1409, 1414, 1413, 1438, 1452, 1482, 1495, 1518, 1549, 1550, 11, 10, 42, 53, 72
1192, 1216, 1233, 1260, 1270, 1296, 1320, 1341, 1360, 1375, 1390, 1416, 1434, 1470, 1479, 1512, 1520, 1519, 1547, 1548, 12, 38, 56, 74, 73
1192, 1216, 1233, 1260, 1270, 1296, 1320, 1341, 1360, 1375, 1390, 1416, 1434, 1470, 1479, 1512, 1520, 1519, 1547, 1548, 12, 38, 56, 74
1192, 1216, 1233, 1260, 1270, 1296, 1320, 1341, 1360, 1375, 1390, 1416, 1434, 1470, 1479, 1512, 1520, 1545, 14, 35, 59, 76, 75
1192, 1216, 1233, 1260, 1270, 1296, 1320, 1341, 1360, 1375, 1390, 1416, 1434, 1470, 1479, 1512, 1520, 1545, 14, 35, 59, 76
1192, 1216, 1233, 1260, 1270, 1296, 1320, 1341, 1360, 1375, 1390, 1416, 1434, 1470, 1479, 1512, 1520, 1545, 14, 35, 59, 77
1192, 1216, 1233, 1260, 1270, 1295, 1318, 1339, 1358, 1374, 1392, 1419, 1432, 1468, 1476, 1509, 1525, 1542, 17, 31, 62, 61, 79, 78
1192, 1216, 1233, 1260, 1270, 1295, 1318, 1339, 1358, 1374, 1392, 1419, 1432, 1468, 1476, 1509, 1525, 1542, 17, 31, 62, 61, 79
1192, 1216, 1233, 1260, 1270, 1295, 1318, 1339, 1358, 1374, 1392, 1419, 1432, 1468, 1476, 1509, 1525, 1542, 17, 31, 62, 61, 80
1192, 1216, 1233, 1260, 1270, 1295, 1318, 1339, 1358, 1374, 1392, 1419, 1432, 1468, 1476, 1509, 1525, 1542, 17, 31, 62, 81
1192, 1216, 1233, 1260, 1270, 1295, 1318, 1339, 1358, 1374, 1392, 1420, 1431, 1467, 1475, 1508, 1526, 1541, 18, 30, 63, 82
1192, 1216, 1233, 1260, 1270, 1295, 1318, 1339, 1358, 1373, 1393, 1421, 1451, 1465, 1474, 1507, 1527, 1540, 20, 29, 64, 83
1192, 1193, 1217, 1231, 1259, 1268, 1293, 1317, 1338, 1356, 1372, 1394, 1422, 1450, 1464, 1473, 1506, 1528, 1539, 21, 27, 65, 84
1192, 1193, 1217, 1218, 1230, 1257, 1289, 1292, 1316, 1337, 1355, 1371, 1396, 1423, 1449, 1463, 1493, 1504, 1529, 1538, 0, 26, 67, 85
1192, 1193, 1217, 1218, 1230, 1257, 1289, 1292, 1316, 1337, 1355, 1371, 1396, 1423, 1449, 1463, 1493, 1504, 1529, 1538, 1, 2, 3, 25, 47, 86
1192, 1193, 1217, 1218, 1230, 1257, 1289, 1292, 1316, 1337, 1355, 1371, 1396, 1423, 1449, 1463, 1493, 1504, 1529, 1538, 1, 2, 3, 4, 24, 48, 87
1192, 1193, 1217, 1218, 1219, 1229, 1256, 1288, 1291, 1315, 1336, 1354, 1370, 1398, 1424, 1447, 1462, 1491, 1490, 1489, 1501, 1532, 1535, 5, 23, 49, 88
1192, 1193, 1217, 1218, 1230, 1257, 1289, 1292, 1316, 1337, 1355, 1371, 1396, 1423, 1449, 1463, 1493, 1504, 1529, 1538, 1, 2, 3, 25, 47, 86, 89
1192, 1193, 1217, 1218, 1230, 1257, 1289, 1292, 1316, 1337, 1355, 1371, 1396, 1423, 1449, 1463, 1493, 1504, 1529, 1538, 1, 2, 3, 4, 24, 48, 87, 90
1192, 1193, 1217, 1218, 1219, 1229, 1256, 1288, 1291, 1315, 1336, 1354, 1370, 1398, 1424, 1447, 1462, 1491, 1490, 1489, 1501, 1532, 1535, 5, 23, 49, 88, 91
1192, 1193, 1217, 1218, 1219, 1229, 1256, 1288, 1291, 1315, 1336, 1354, 1370, 1398, 1424, 1447, 1462, 1491, 1490, 1489, 1501, 1500, 1533, 1554, 6, 45, 50, 69, 92
1192, 1216, 1215, 1234, 1261, 1272, 1273, 1298, 1322, 1323, 1343, 1344, 1363, 1379, 1409, 1414, 1413, 1438, 1439, 1440, 1455, 1485, 1498, 1514, 1552, 8, 44, 51, 70, 93
1192, 1216, 1215, 1234, 1261, 1272, 1273, 1298, 1322, 1323, 1343, 1344, 1363, 1379, 1409, 1414, 1413, 1438, 1452, 1482, 1495, 1518, 1549, 1550, 11, 10, 42, 53, 72, 94
1192, 1216, 1233, 1260, 1270, 1296, 1320, 1341, 1360, 1375, 1390, 1416, 1434, 1470, 1479, 1512, 1520, 1519, 1547, 1548, 12, 38, 56, 74, 73, 95
1192, 1216, 1233, 1260, 1270, 1296, 1320, 1341, 1360, 1375, 1390, 1416, 1434, 1470, 1479, 1512, 1520, 1519, 1547, 1548, 12, 38, 56, 74, 96
1192, 1216, 1233, 1260, 1270, 1296, 1320, 1341, 1360, 1375, 1390, 1416, 1434, 1470, 1479, 1512, 1520, 1545, 14, 35, 59, 76, 99, 98, 97
1192, 1216, 1233, 1260, 1270, 1296, 1320, 1341, 1360, 1375, 1390, 1416, 1434, 1470, 1479, 1512, 1520, 1545, 14, 35, 59, 76, 99, 98
1192, 1216, 1233, 1260, 1270, 1296, 1320, 1341, 1360, 1375, 1390, 1416, 1434, 1470, 1479, 1512, 1520, 1545, 14, 35, 59, 76, 99
