220, 191, 159, 158, 148, 128, 105, 106, 83, 84, 66, 26, 0
220, 191, 159, 158, 148, 128, 105, 106, 83, 84, 66, 26, 1
220, 191, 159, 158, 148, 128, 105, 106, 83, 84, 66, 26, 2
220, 191, 159, 158, 148, 128, 105, 106, 83, 84, 66, 26, 2, 3
220, 191, 159, 158, 149, 150, 151, 110, 108, 85, 86, 46, 24, 4
220, 191, 159, 158, 149, 150, 151, 110, 108, 85, 86, 46, 24, 23, 5
220, 191, 159, 158, 149, 150, 151, 110, 108, 85, 86, 46, 24, 23, 5, 6
220, 191, 159, 158, 149, 150, 151, 110, 108, 109, 89, 90, 91, 68, 50, 44, 7
220, 191, 159, 158, 149, 150, 151, 110, 108, 109, 89, 90, 91, 68, 50, 44, 8
220, 221, 192, 161, 145, 125, 101, 78, 60, 34, 35, 36, 37, 38, 39, 40, 41, 42, 43, 9
220, 221, 192, 161, 145, 125, 101, 78, 60, 33, 15, 14, 13, 12, 11, 10
220, 221, 192, 161, 145, 125, 101, 78, 60, 33, 15, 14, 13, 12, 11
220, 221, 192, 161, 145, 125, 101, 78, 60, 33, 15, 14, 13, 12
220, 221, 192, 161, 145, 125, 101, 78, 60, 33, 15, 14, 13
220, 221, 192, 161, 145, 125, 101, 78, 60, 33, 15, 14
220, 221, 192, 161, 145, 125, 101, 78, 60, 33, 15
220, 191, 160, 146, 126, 103, 80, 61, 32, 16
220, 191, 159, 147, 127, 104, 81, 62, 31, 17
220, 191, 159, 158, 148, 128, 105, 82, 63, 30, 18
220, 191, 159, 158, 148, 128, 105, 82, 63, 30, 19
220, 191, 159, 158, 148, 128, 105, 82, 63, 30, 19, 20
220, 191, 159, 158, 148, 128, 105, 82, 63, 30, 29, 28, 21
220, 191, 159, 158, 149, 150, 151, 110, 108, 85, 86, 46, 24, 23, 22
220, 191, 159, 158, 149, 150, 151, 110, 108, 85, 86, 46, 24, 23
220, 191, 159, 158, 149, 150, 151, 110, 108, 85, 86, 46, 24
220, 191, 159, 158, 148, 128, 105, 106, 83, 84, 66, 26, 25
220, 191, 159, 158, 148, 128, 105, 106, 83, 84, 66, 26
220, 191, 159, 158, 148, 128, 105, 82, 63, 30, 29, 28, 27
220, 191, 159, 158, 148, 128, 105, 82, 63, 30, 29, 28
220, 191, 159, 158, 148, 128, 105, 82, 63, 30, 29
220, 191, 159, 158, 148, 128, 105, 82, 63, 30
220, 191, 159, 147, 127, 104, 81, 62, 31
220, 191, 160, 146, 126, 103, 80, 61, 32
220, 221, 192, 161, 145, 125, 101, 78, 60, 33
220, 221, 192, 161, 145, 125, 101, 78, 60, 34
220, 221, 192, 161, 145, 125, 101, 78, 60, 34, 35
220, 221, 192, 161, 145, 125, 101, 78, 60, 34, 35, 36
220, 221, 192, 161, 145, 125, 101, 78, 60, 34, 35, 36, 37
220, 221, 192, 161, 145, 125, 101, 78, 60, 34, 35, 36, 37, 38
220, 221, 192, 161, 145, 125, 101, 78, 60, 34, 35, 36, 37, 38, 39
220, 221, 192, 161, 145, 125, 101, 78, 60, 34, 35, 36, 37, 38, 39, 40
220, 221, 192, 161, 145, 125, 101, 78, 60, 34, 35, 36, 37, 38, 39, 40, 41
220, 221, 192, 161, 145, 125, 101, 78, 60, 34, 35, 36, 37, 38, 39, 40, 41, 42
220, 221, 192, 161, 145, 125, 101, 78, 60, 34, 35, 36, 37, 38, 39, 40, 41, 42, 43
220, 191, 159, 158, 149, 150, 151, 110, 108, 109, 89, 90, 91, 68, 50, 44
220, 191, 159, 158, 149, 150, 151, 110, 108, 85, 86, 46, 24, 23, 22, 45
220, 191, 159, 158, 149, 150, 151, 110, 108, 85, 86, 46
220, 191, 159, 158, 149, 150, 151, 110, 108, 85, 86, 47
220, 191, 159, 158, 149, 150, 151, 110, 108, 85, 86, 46, 24, 48
220, 191, 159, 158, 149, 150, 151, 110, 108, 85, 86, 46, 24, 23, 49
220, 191, 159, 158, 149, 150, 151, 110, 108, 109, 89, 90, 91, 68, 50
220, 191, 159, 158, 149, 150, 151, 110, 108, 109, 89, 90, 91, 68, 50, 51
220, 221, 192, 161, 145, 125, 101, 78, 77, 76, 75, 74, 73, 72, 52
220, 221, 192, 161, 145, 125, 101, 78, 60, 59, 58, 57, 56, 55, 54, 53
220, 221, 192, 161, 145, 125, 101, 78, 60, 59, 58, 57, 56, 55, 54
220, 221, 192, 161, 145, 125, 101, 78, 60, 59, 58, 57, 56, 55
220, 221, 192, 161, 145, 125, 101, 78, 60, 59, 58, 57, 56
220, 221, 192, 161, 145, 125, 101, 78, 60, 59, 58, 57
220, 221, 192, 161, 145, 125, 101, 78, 60, 59, 58
220, 221, 192, 161, 145, 125, 101, 78, 60, 59
220, 221, 192, 161, 145, 125, 101, 78, 60
220, 191, 160, 146, 126, 103, 80, 61
220, 191, 159, 147, 127, 104, 81, 62
220, 191, 159, 158, 148, 128, 105, 82, 63
220, 191, 159, 158, 148, 128, 105, 82, 63, 64
220, 191, 159, 158, 148, 128, 105, 106, 83, 84, 65
220, 191, 159, 158, 148, 128, 105, 106, 83, 84, 66
220, 191, 159, 158, 149, 150, 151, 110, 108, 85, 67
220, 191, 159, 158, 149, 150, 151, 110, 108, 109, 89, 90, 91, 68
220, 191, 159, 158, 149, 150, 151, 110, 108, 109, 89, 90, 91, 68, 69
220, 191, 159, 158, 149, 150, 151, 110, 108, 109, 89, 90, 91, 68, 69, 70
220, 221, 192, 161, 145, 125, 101, 78, 77, 76, 75, 74, 73, 72, 71
220, 221, 192, 161, 145, 125, 101, 78, 77, 76, 75, 74, 73, 72
220, 221, 192, 161, 145, 125, 101, 78, 77, 76, 75, 74, 73
220, 221, 192, 161, 145, 125, 101, 78, 77, 76, 75, 74
220, 221, 192, 161, 145, 125, 101, 78, 77, 76, 75
220, 221, 192, 161, 145, 125, 101, 78, 77, 76
220, 221, 192, 161, 145, 125, 101, 78, 77
220, 221, 192, 161, 145, 125, 101, 78
220, 191, 160, 146, 126, 102, 79
220, 191, 160, 146, 126, 103, 80
220, 191, 159, 147, 127, 104, 81
220, 191, 159, 158, 148, 128, 105, 82
220, 191, 159, 158, 148, 128, 105, 106, 83
220, 191, 159, 158, 148, 128, 105, 106, 83, 84
220, 191, 159, 158, 149, 150, 151, 110, 108, 85
220, 191, 159, 158, 149, 150, 151, 110, 108, 85, 86
220, 191, 159, 158, 149, 150, 151, 110, 108, 85, 86, 87
220, 191, 159, 158, 149, 150, 151, 110, 108, 85, 86, 87, 88
220, 191, 159, 158, 149, 150, 151, 110, 108, 109, 89
220, 191, 159, 158, 149, 150, 151, 110, 108, 109, 89, 90
220, 191, 159, 158, 149, 150, 151, 110, 108, 109, 89, 90, 91
220, 219, 218, 217, 216, 215, 214, 213, 212, 181, 172, 133, 116, 92
220, 221, 192, 161, 145, 125, 101, 100, 99, 98, 97, 96, 95, 94, 93
220, 221, 192, 161, 145, 125, 101, 100, 99, 98, 97, 96, 95, 94
220, 221, 192, 161, 145, 125, 101, 100, 99, 98, 97, 96, 95
220, 221, 192, 161, 145, 125, 101, 100, 99, 98, 97, 96
220, 221, 192, 161, 145, 125, 101, 100, 99, 98, 97
220, 221, 192, 161, 145, 125, 101, 100, 99, 98
220, 221, 192, 161, 145, 125, 101, 100, 99
