249, 232, 217, 187, 186, 177, 151, 110, 108, 85, 67, 26, 0
249, 232, 217, 187, 186, 177, 151, 110, 108, 85, 67, 26, 1
249, 232, 217, 187, 186, 177, 151, 110, 108, 85, 67, 26, 2
249, 232, 217, 187, 186, 177, 151, 110, 108, 85, 67, 26, 2, 3
249, 232, 217, 187, 186, 177, 151, 110, 108, 85, 86, 46, 24, 4
249, 232, 217, 187, 186, 177, 151, 110, 108, 85, 86, 46, 24, 23, 5
249, 232, 217, 216, 215, 214, 213, 212, 181, 172, 133, 116, 92, 69, 50, 45, 6
249, 232, 217, 216, 215, 214, 213, 212, 181, 172, 133, 116, 92, 69, 50, 44, 7
249, 232, 217, 216, 215, 214, 213, 212, 181, 172, 133, 116, 92, 69, 50, 44, 8
249, 232, 217, 216, 215, 214, 213, 212, 181, 172, 133, 116, 92, 69, 50, 44, 8, 9
249, 232, 217, 216, 215, 214, 213, 212, 181, 172, 133, 116, 92, 69, 50, 44, 8, 9, 10
249, 232, 217, 216, 215, 214, 213, 212, 181, 172, 133, 116, 92, 69, 50, 44, 8, 9, 10, 11
249, 250, 251, 252, 253, 236, 221, 192, 161, 145, 125, 101, 78, 60, 33, 15, 14, 13, 12
249, 250, 251, 252, 253, 236, 221, 192, 161, 145, 125, 101, 78, 60, 33, 15, 14, 13
249, 250, 251, 252, 253, 236, 221, 192, 161, 145, 125, 101, 78, 60, 33, 15, 14
249, 250, 251, 252, 253, 236, 221, 192, 161, 145, 125, 101, 78, 60, 33, 15
249, 232, 218, 189, 190, 191, 160, 146, 126, 103, 80, 61, 32, 16
249, 232, 218, 189, 157, 149, 148, 128, 127, 104, 81, 62, 31, 17
249, 232, 218, 189, 157, 149, 129, 105, 82, 63, 30, 18
249, 232, 218, 189, 157, 149, 129, 105, 82, 63, 30, 19
249, 232, 217, 187, 156, 150, 130, 106, 83, 64, 29, 20
249, 232, 217, 187, 156, 150, 130, 106, 83, 64, 29, 28, 21
249, 232, 217, 187, 186, 177, 151, 110, 108, 85, 86, 46, 24, 23, 22
249, 232, 217, 187, 186, 177, 151, 110, 108, 85, 86, 46, 24, 23
249, 232, 217, 187, 186, 177, 151, 110, 108, 85, 86, 46, 24
249, 232, 217, 187, 186, 177, 151, 110, 108, 85, 67, 26, 25
249, 232, 217, 187, 186, 177, 151, 110, 108, 85, 67, 26
249, 232, 217, 187, 156, 150, 130, 106, 83, 64, 29, 28, 27
249, 232, 217, 187, 156, 150, 130, 106, 83, 64, 29, 28
249, 232, 217, 187, 156, 150, 130, 106, 83, 64, 29
249, 232, 218, 189, 157, 149, 129, 105, 82, 63, 30
249, 232, 218, 189, 157, 149, 148, 128, 127, 104, 81, 62, 31
249, 232, 218, 189, 190, 191, 160, 146, 126, 103, 80, 61, 32
249, 250, 251, 252, 253, 236, 221, 192, 161, 145, 125, 101, 78, 60, 33
249, 250, 251, 252, 253, 236, 221, 192, 161, 145, 125, 101, 78, 60, 34
249, 250, 251, 252, 253, 236, 221, 192, 161, 145, 125, 101, 78, 60, 34, 35
249, 250, 251, 252, 253, 236, 221, 192, 161, 145, 125, 101, 78, 60, 34, 35, 36
249, 250, 251, 252, 253, 236, 221, 192, 161, 145, 125, 101, 78, 60, 34, 35, 36, 37
249, 250, 251, 252, 253, 236, 221, 192, 161, 145, 125, 101, 78, 60, 34, 35, 36, 37, 38
249, 250, 251, 252, 253, 236, 221, 192, 161, 145, 125, 101, 78, 60, 34, 35, 36, 37, 38, 39
249, 250, 251, 252, 253, 236, 221, 192, 161, 145, 125, 101, 78, 60, 34, 35, 36, 37, 38, 39, 40
249, 232, 217, 216, 215, 214, 213, 212, 181, 172, 133, 116, 92, 69, 50, 44, 43, 42, 41
249, 232, 217, 216, 215, 214, 213, 212, 181, 172, 133, 116, 92, 69, 50, 44, 43, 42
249, 232, 217, 216, 215, 214, 213, 212, 181, 172, 133, 116, 92, 69, 50, 44, 43
249, 232, 217, 216, 215, 214, 213, 212, 181, 172, 133, 116, 92, 69, 50, 44
249, 232, 217, 216, 215, 214, 213, 212, 181, 172, 133, 116, 92, 69, 50, 45
249, 232, 217, 187, 186, 177, 151, 110, 108, 85, 86, 46
249, 232, 217, 187, 186, 177, 151, 110, 108, 85, 86, 47
249, 232, 217, 187, 186, 177, 151, 110, 108, 85, 86, 46, 24, 48
249, 232, 217, 187, 186, 177, 151, 110, 108, 85, 86, 46, 24, 23, 49
249, 232, 217, 216, 215, 214, 213, 212, 181, 172, 133, 116, 92, 69, 50
249, 232, 217, 216, 215, 214, 213, 212, 181, 172, 133, 116, 92, 69, 50, 51
249, 232, 217, 216, 215, 214, 213, 212, 181, 172, 133, 116, 92, 69, 50, 51, 52
249, 232, 217, 216, 215, 214, 213, 212, 181, 172, 133, 116, 92, 69, 50, 51, 52, 53
249, 232, 217, 216, 215, 214, 213, 212, 181, 172, 133, 116, 92, 69, 50, 51, 52, 53, 54
249, 250, 251, 252, 253, 236, 221, 192, 161, 145, 125, 101, 78, 60, 59, 58, 57, 56, 55
249, 250, 251, 252, 253, 236, 221, 192, 161, 145, 125, 101, 78, 60, 59, 58, 57, 56
249, 250, 251, 252, 253, 236, 221, 192, 161, 145, 125, 101, 78, 60, 59, 58, 57
249, 250, 251, 252, 253, 236, 221, 192, 161, 145, 125, 101, 78, 60, 59, 58
249, 250, 251, 252, 253, 236, 221, 192, 161, 145, 125, 101, 78, 60, 59
249, 250, 251, 252, 253, 236, 221, 192, 161, 145, 125, 101, 78, 60
249, 232, 218, 189, 190, 191, 160, 146, 126, 103, 80, 61
249, 232, 218, 189, 157, 149, 148, 128, 127, 104, 81, 62
249, 232, 218, 189, 157, 149, 129, 105, 82, 63
249, 232, 217, 187, 156, 150, 130, 106, 83, 64
249, 232, 217, 187, 156, 150, 130, 106, 83, 84, 65
249, 232, 217, 187, 156, 150, 130, 106, 83, 84, 66
249, 232, 217, 187, 186, 177, 151, 110, 108, 85, 67
249, 232, 217, 216, 215, 184, 183, 175, 174, 154, 155, 131, 115, 91, 68
249, 232, 217, 216, 215, 214, 213, 212, 181, 172, 133, 116, 92, 69
249, 232, 217, 216, 215, 214, 213, 212, 181, 172, 133, 116, 92, 69, 70
249, 232, 217, 216, 215, 214, 213, 212, 181, 172, 133, 116, 92, 69, 70, 71
249, 232, 217, 216, 215, 214, 213, 212, 181, 172, 133, 116, 117, 118, 94, 72
249, 232, 217, 216, 215, 214, 213, 212, 181, 172, 133, 116, 117, 118, 119, 95, 73
249, 250, 251, 252, 253, 236, 221, 192, 161, 145, 125, 101, 78, 77, 76, 75, 74
249, 250, 251, 252, 253, 236, 221, 192, 161, 145, 125, 101, 78, 77, 76, 75
249, 250, 251, 252, 253, 236, 221, 192, 161, 145, 125, 101, 78, 77, 76
249, 250, 251, 252, 253, 236, 221, 192, 161, 145, 125, 101, 78, 77
249, 250, 251, 252, 253, 236, 221, 192, 161, 145, 125, 101, 78
249, 232, 218, 189, 190, 191, 160, 146, 126, 102, 79
249, 232, 218, 189, 190, 191, 160, 146, 126, 103, 80
249, 232, 218, 189, 157, 149, 148, 128, 127, 104, 81
249, 232, 218, 189, 157, 149, 129, 105, 82
249, 232, 217, 187, 156, 150, 130, 106, 83
249, 232, 217, 187, 156, 150, 130, 106, 83, 84
249, 232, 217, 187, 186, 177, 151, 110, 108, 85
249, 232, 217, 187, 186, 177, 151, 110, 108, 85, 86
249, 232, 217, 216, 215, 184, 183, 175, 174, 154, 114, 90, 87
249, 232, 217, 216, 215, 184, 183, 175, 174, 154, 155, 131, 115, 91, 88
249, 232, 217, 216, 215, 184, 183, 175, 153, 113, 89
249, 232, 217, 216, 215, 184, 183, 175, 174, 154, 114, 90
249, 232, 217, 216, 215, 184, 183, 175, 174, 154, 155, 131, 115, 91
249, 232, 217, 216, 215, 214, 213, 212, 181, 172, 133, 116, 92
249, 232, 217, 216, 215, 214, 213, 212, 181, 172, 133, 116, 92, 93
249, 232, 217, 216, 215, 214, 213, 212, 181, 172, 133, 116, 117, 118, 94
249, 232, 217, 216, 215, 214, 213, 212, 181, 172, 133, 116, 117, 118, 119, 95
249, 250, 251, 252, 253, 254, 237, 199, 193, 162, 144, 124, 100, 99, 98, 97, 96
249, 250, 251, 252, 253, 254, 237, 199, 193, 162, 144, 124, 100, 99, 98, 97
249, 250, 251, 252, 253, 254, 237, 199, 193, 162, 144, 124, 100, 99, 98
249, 250, 251, 252, 253, 254, 237, 199, 193, 162, 144, 124, 100, 99
