271, 249, 232, 217, 187, 186, 177, 151, 110, 108, 85, 67, 26, 0
271, 249, 232, 217, 187, 186, 177, 151, 110, 108, 85, 67, 26, 1
271, 249, 232, 217, 187, 186, 177, 151, 110, 108, 85, 67, 26, 2
271, 249, 232, 217, 187, 186, 177, 151, 110, 108, 85, 67, 26, 2, 3
271, 249, 232, 217, 187, 186, 177, 151, 110, 108, 85, 86, 46, 24, 4
271, 249, 232, 217, 187, 186, 177, 151, 110, 108, 85, 86, 46, 24, 23, 5
271, 272, 273, 274, 275, 276, 243, 227, 212, 181, 172, 133, 116, 92, 69, 50, 45, 6
271, 272, 273, 274, 275, 276, 243, 227, 212, 181, 172, 133, 116, 92, 69, 50, 44, 7
271, 272, 273, 274, 275, 276, 243, 227, 212, 181, 172, 133, 116, 92, 69, 50, 44, 8
271, 272, 273, 274, 275, 276, 243, 227, 212, 181, 172, 133, 116, 92, 69, 50, 44, 8, 9
271, 272, 273, 274, 275, 276, 243, 227, 212, 181, 172, 133, 116, 92, 69, 50, 44, 8, 9, 10
271, 272, 273, 274, 275, 276, 243, 227, 212, 181, 172, 133, 116, 92, 69, 50, 44, 8, 9, 10, 11
271, 270, 269, 268, 253, 236, 221, 192, 161, 145, 125, 101, 78, 60, 33, 15, 14, 13, 12
271, 270, 269, 268, 253, 236, 221, 192, 161, 145, 125, 101, 78, 60, 33, 15, 14, 13
271, 270, 269, 268, 253, 236, 221, 192, 161, 145, 125, 101, 78, 60, 33, 15, 14
271, 270, 269, 268, 253, 236, 221, 192, 161, 145, 125, 101, 78, 60, 33, 15
271, 249, 232, 218, 189, 190, 191, 160, 146, 126, 103, 80, 61, 32, 16
271, 249, 232, 218, 189, 157, 149, 148, 128, 127, 104, 81, 62, 31, 17
271, 249, 232, 218, 189, 157, 149, 129, 105, 82, 63, 30, 18
271, 249, 232, 218, 189, 157, 149, 129, 105, 82, 63, 30, 19
271, 249, 232, 217, 187, 156, 150, 130, 106, 83, 64, 29, 20
271, 249, 232, 217, 187, 156, 150, 130, 106, 83, 64, 29, 28, 21
271, 249, 232, 217, 187, 186, 177, 151, 110, 108, 85, 86, 46, 24, 23, 22
271, 249, 232, 217, 187, 186, 177, 151, 110, 108, 85, 86, 46, 24, 23
271, 249, 232, 217, 187, 186, 177, 151, 110, 108, 85, 86, 46, 24
271, 249, 232, 217, 187, 186, 177, 151, 110, 108, 85, 67, 26, 25
271, 249, 232, 217, 187, 186, 177, 151, 110, 108, 85, 67, 26
271, 249, 232, 217, 187, 156, 150, 130, 106, 83, 64, 29, 28, 27
271, 249, 232, 217, 187, 156, 150, 130, 106, 83, 64, 29, 28
271, 249, 232, 217, 187, 156, 150, 130, 106, 83, 64, 29
271, 249, 232, 218, 189, 157, 149, 129, 105, 82, 63, 30
271, 249, 232, 218, 189, 157, 149, 148, 128, 127, 104, 81, 62, 31
271, 249, 232, 218, 189, 190, 191, 160, 146, 126, 103, 80, 61, 32
271, 270, 269, 268, 253, 236, 221, 192, 161, 145, 125, 101, 78, 60, 33
271, 270, 269, 268, 253, 236, 221, 192, 161, 145, 125, 101, 78, 60, 34
271, 270, 269, 268, 253, 236, 221, 192, 161, 145, 125, 101, 78, 60, 34, 35
271, 270, 269, 268, 253, 236, 221, 192, 161, 145, 125, 101, 78, 60, 34, 35, 36
271, 270, 269, 268, 253, 236, 221, 192, 161, 145, 125, 101, 78, 60, 34, 35, 36, 37
271, 270, 269, 268, 253, 236, 221, 192, 161, 145, 125, 101, 78, 60, 34, 35, 36, 37, 38
271, 270, 269, 268, 253, 236, 221, 192, 161, 145, 125, 101, 78, 60, 34, 35, 36, 37, 38, 39
271, 270, 269, 268, 253, 236, 221, 192, 161, 145, 125, 101, 78, 60, 34, 35, 36, 37, 38, 39, 40
271, 272, 273, 274, 275, 276, 243, 227, 212, 181, 172, 133, 116, 92, 69, 50, 44, 43, 42, 41
271, 272, 273, 274, 275, 276, 243, 227, 212, 181, 172, 133, 116, 92, 69, 50, 44, 43, 42
271, 272, 273, 274, 275, 276, 243, 227, 212, 181, 172, 133, 116, 92, 69, 50, 44, 43
271, 272, 273, 274, 275, 276, 243, 227, 212, 181, 172, 133, 116, 92, 69, 50, 44
271, 272, 273, 274, 275, 276, 243, 227, 212, 181, 172, 133, 116, 92, 69, 50, 45
271, 249, 232, 217, 187, 186, 177, 151, 110, 108, 85, 86, 46
271, 249, 232, 217, 187, 186, 177, 151, 110, 108, 85, 86, 47
271, 249, 232, 217, 187, 186, 177, 151, 110, 108, 85, 86, 46, 24, 48
271, 272, 273, 274, 275, 276, 243, 227, 212, 181, 172, 132, 115, 91, 88, 49
271, 272, 273, 274, 275, 276, 243, 227, 212, 181, 172, 133, 116, 92, 69, 50
271, 272, 273, 274, 275, 276, 243, 227, 212, 181, 172, 133, 116, 92, 69, 50, 51
271, 272, 273, 274, 275, 276, 243, 227, 212, 181, 172, 133, 116, 92, 69, 50, 51, 52
271, 272, 273, 274, 275, 276, 243, 227, 212, 181, 172, 133, 116, 92, 69, 50, 51, 52, 53
271, 272, 273, 274, 275, 276, 243, 227, 212, 181, 172, 133, 116, 92, 69, 50, 51, 52, 53, 54
271, 270, 269, 268, 253, 236, 221, 192, 161, 145, 125, 101, 78, 60, 59, 58, 57, 56, 55
271, 270, 269, 268, 253, 236, 221, 192, 161, 145, 125, 101, 78, 60, 59, 58, 57, 56
271, 270, 269, 268, 253, 236, 221, 192, 161, 145, 125, 101, 78, 60, 59, 58, 57
271, 270, 269, 268, 253, 236, 221, 192, 161, 145, 125, 101, 78, 60, 59, 58
271, 270, 269, 268, 253, 236, 221, 192, 161, 145, 125, 101, 78, 60, 59
271, 270, 269, 268, 253, 236, 221, 192, 161, 145, 125, 101, 78, 60
271, 249, 232, 218, 189, 190, 191, 160, 146, 126, 103, 80, 61
271, 249, 232, 218, 189, 157, 149, 148, 128, 127, 104, 81, 62
271, 249, 232, 218, 189, 157, 149, 129, 105, 82, 63
271, 249, 232, 217, 187, 156, 150, 130, 106, 83, 64
271, 249, 232, 217, 187, 156, 150, 130, 106, 83, 84, 65
271, 249, 232, 217, 187, 156, 150, 130, 106, 83, 84, 66
271, 249, 232, 217, 187, 186, 177, 151, 110, 108, 85, 67
271, 272, 273, 274, 275, 276, 243, 227, 212, 181, 172, 132, 115, 91, 68
271, 272, 273, 274, 275, 276, 243, 227, 212, 181, 172, 133, 116, 92, 69
271, 272, 273, 274, 275, 276, 243, 227, 212, 181, 172, 133, 116, 92, 69, 70
271, 272, 273, 274, 275, 276, 243, 227, 212, 181, 172, 133, 116, 92, 69, 70, 71
271, 272, 273, 274, 275, 276, 243, 227, 212, 181, 172, 133, 116, 117, 118, 94, 72
271, 272, 273, 274, 275, 276, 243, 227, 212, 181, 172, 133, 116, 117, 118, 119, 95, 73
271, 270, 269, 268, 267, 254, 237, 199, 193, 162, 144, 124, 100, 77, 76, 75, 74
271, 270, 269, 268, 267, 254, 237, 199, 193, 162, 144, 124, 100, 77, 76, 75
271, 270, 269, 268, 267, 254, 237, 199, 193, 162, 144, 124, 100, 77, 76
271, 270, 269, 268, 267, 254, 237, 199, 193, 162, 144, 124, 100, 77
271, 270, 269, 268, 253, 236, 221, 192, 161, 145, 125, 101, 78
271, 249, 232, 218, 189, 190, 191, 160, 146, 126, 102, 79
271, 249, 232, 218, 189, 190, 191, 160, 146, 126, 103, 80
271, 249, 232, 218, 189, 157, 149, 148, 128, 127, 104, 81
271, 249, 232, 218, 189, 157, 149, 129, 105, 82
271, 249, 232, 217, 187, 156, 150, 130, 106, 83
271, 249, 232, 217, 187, 156, 150, 130, 106, 83, 84
271, 249, 232, 217, 187, 186, 177, 151, 110, 108, 85
271, 249, 232, 217, 187, 186, 177, 151, 110, 108, 85, 86
271, 249, 232, 217, 216, 215, 184, 183, 175, 174, 154, 114, 90, 87
271, 272, 273, 274, 275, 276, 243, 227, 212, 181, 172, 132, 115, 91, 88
271, 249, 232, 217, 216, 215, 184, 183, 175, 153, 113, 89
271, 249, 232, 217, 216, 215, 184, 183, 175, 174, 154, 114, 90
271, 272, 273, 274, 275, 276, 243, 227, 212, 181, 172, 132, 115, 91
271, 272, 273, 274, 275, 276, 243, 227, 212, 181, 172, 133, 116, 92
271, 272, 273, 274, 275, 276, 243, 227, 212, 181, 172, 133, 116, 92, 93
271, 272, 273, 274, 275, 276, 243, 227, 212, 181, 172, 133, 116, 117, 118, 94
271, 272, 273, 274, 275, 276, 243, 227, 212, 181, 172, 133, 116, 117, 118, 119, 95
271, 270, 269, 268, 267, 254, 237, 199, 193, 162, 144, 124, 100, 99, 98, 97, 96
271, 270, 269, 268, 267, 254, 237, 199, 193, 162, 144, 124, 100, 99, 98, 97
271, 270, 269, 268, 267, 254, 237, 199, 193, 162, 144, 124, 100, 99, 98
271, 270, 269, 268, 267, 254, 237, 199, 193, 162, 144, 124, 100, 99
