467, 466, 450, 430, 401, 375, 349, 335, 322, 296, 268, 252, 235, 234, 219, 190, 158, 148, 128, 105, 106, 83, 84, 66, 26, 0
467, 466, 450, 430, 401, 375, 349, 335, 322, 296, 268, 252, 235, 234, 219, 190, 158, 148, 128, 105, 106, 83, 84, 66, 26, 1
467, 466, 450, 430, 401, 375, 349, 335, 322, 296, 268, 252, 235, 234, 219, 190, 158, 148, 128, 105, 106, 83, 84, 66, 26, 2
467, 466, 450, 430, 401, 375, 349, 335, 322, 296, 268, 252, 235, 234, 219, 190, 158, 148, 128, 105, 106, 83, 84, 66, 26, 2, 3
467, 466, 450, 430, 401, 375, 349, 335, 322, 296, 268, 252, 235, 234, 219, 190, 158, 149, 150, 151, 110, 108, 85, 86, 46, 24, 4
467, 448, 432, 403, 378, 368, 338, 318, 300, 265, 257, 240, 241, 242, 222, 223, 224, 225, 209, 210, 211, 180, 172, 132, 115, 91, 88, 49, 23, 5
467, 448, 432, 403, 378, 368, 338, 318, 300, 265, 257, 239, 201, 195, 196, 197, 167, 168, 169, 170, 171, 134, 116, 92, 69, 50, 45, 6
467, 448, 432, 403, 378, 368, 338, 318, 300, 265, 257, 239, 201, 195, 196, 197, 167, 168, 169, 137, 136, 118, 117, 93, 70, 51, 44, 7
467, 448, 432, 403, 378, 368, 338, 318, 300, 265, 257, 239, 201, 195, 196, 166, 140, 139, 120, 95, 94, 72, 53, 43, 9, 8
467, 448, 432, 403, 378, 368, 338, 318, 300, 265, 257, 239, 201, 195, 196, 166, 140, 139, 120, 95, 94, 72, 53, 43, 9
467, 448, 432, 403, 378, 368, 338, 318, 300, 265, 257, 239, 201, 195, 196, 166, 140, 139, 120, 95, 73, 54, 41, 10
467, 448, 432, 403, 378, 368, 338, 318, 300, 265, 257, 239, 201, 195, 196, 166, 140, 121, 96, 74, 55, 40, 11
467, 448, 432, 403, 378, 368, 338, 318, 300, 265, 257, 239, 201, 195, 165, 141, 122, 98, 75, 57, 37, 12
467, 448, 432, 403, 377, 370, 337, 319, 299, 266, 255, 238, 200, 194, 164, 142, 123, 99, 76, 58, 36, 13
467, 448, 432, 403, 377, 370, 337, 319, 299, 266, 255, 238, 200, 193, 162, 144, 124, 100, 77, 59, 35, 14
467, 448, 432, 403, 377, 370, 337, 319, 299, 266, 255, 238, 200, 193, 162, 144, 145, 125, 101, 78, 60, 33, 15
467, 448, 432, 403, 377, 370, 337, 319, 299, 266, 255, 238, 200, 193, 162, 144, 145, 125, 101, 102, 80, 61, 32, 16
467, 448, 432, 403, 377, 370, 337, 319, 299, 266, 255, 238, 200, 193, 162, 144, 145, 125, 101, 102, 80, 61, 62, 31, 17
467, 448, 432, 403, 377, 370, 337, 319, 299, 266, 255, 238, 200, 193, 162, 144, 145, 125, 101, 102, 80, 61, 62, 31, 17, 18
467, 466, 450, 430, 401, 375, 349, 335, 322, 296, 268, 252, 235, 234, 219, 190, 158, 148, 128, 105, 82, 63, 30, 19
467, 466, 450, 430, 401, 375, 349, 335, 322, 296, 268, 252, 235, 234, 219, 190, 158, 148, 128, 105, 82, 63, 30, 19, 20
467, 466, 450, 430, 401, 375, 349, 335, 322, 296, 268, 252, 235, 234, 219, 190, 158, 148, 128, 105, 82, 63, 30, 29, 28, 21
467, 448, 432, 403, 378, 368, 338, 318, 300, 265, 257, 240, 241, 242, 222, 223, 224, 225, 209, 210, 211, 180, 172, 132, 115, 91, 88, 49, 22
467, 448, 432, 403, 378, 368, 338, 318, 300, 265, 257, 240, 241, 242, 222, 223, 224, 225, 209, 210, 211, 180, 172, 132, 115, 91, 88, 49, 23
467, 466, 450, 430, 401, 375, 349, 335, 322, 296, 268, 252, 235, 234, 219, 190, 158, 149, 150, 151, 110, 108, 85, 86, 46, 24
467, 466, 450, 430, 401, 375, 349, 335, 322, 296, 268, 252, 235, 234, 219, 190, 158, 148, 128, 105, 106, 83, 84, 66, 26, 25
467, 466, 450, 430, 401, 375, 349, 335, 322, 296, 268, 252, 235, 234, 219, 190, 158, 148, 128, 105, 106, 83, 84, 66, 26
467, 466, 450, 430, 401, 375, 349, 335, 322, 296, 268, 252, 235, 234, 219, 190, 158, 148, 128, 105, 82, 63, 30, 29, 28, 27
467, 466, 450, 430, 401, 375, 349, 335, 322, 296, 268, 252, 235, 234, 219, 190, 158, 148, 128, 105, 82, 63, 30, 29, 28
467, 466, 450, 430, 401, 375, 349, 335, 322, 296, 268, 252, 235, 234, 219, 190, 158, 148, 128, 105, 82, 63, 30, 29
467, 466, 450, 430, 401, 375, 349, 335, 322, 296, 268, 252, 235, 234, 219, 190, 158, 148, 128, 105, 82, 63, 30
467, 448, 432, 403, 377, 370, 337, 319, 299, 266, 255, 238, 200, 193, 162, 144, 145, 125, 101, 102, 80, 61, 62, 31
467, 448, 432, 403, 377, 370, 337, 319, 299, 266, 255, 238, 200, 193, 162, 144, 145, 125, 101, 102, 80, 61, 32
467, 448, 432, 403, 377, 370, 337, 319, 299, 266, 255, 238, 200, 193, 162, 144, 145, 125, 101, 78, 60, 33
467, 448, 432, 403, 377, 370, 337, 319, 299, 266, 255, 238, 200, 193, 162, 144, 145, 125, 101, 78, 60, 34
467, 448, 432, 403, 377, 370, 337, 319, 299, 266, 255, 238, 200, 193, 162, 144, 124, 100, 77, 59, 35
467, 448, 432, 403, 377, 370, 337, 319, 299, 266, 255, 238, 200, 194, 164, 142, 123, 99, 76, 58, 36
467, 448, 432, 403, 378, 368, 338, 318, 300, 265, 257, 239, 201, 195, 165, 141, 122, 98, 75, 57, 37
467, 448, 432, 403, 378, 368, 338, 318, 300, 265, 257, 239, 201, 195, 165, 141, 122, 98, 75, 57, 37, 38
467, 448, 432, 403, 378, 368, 338, 318, 300, 265, 257, 239, 201, 195, 165, 141, 122, 98, 75, 57, 37, 38, 39
467, 448, 432, 403, 378, 368, 338, 318, 300, 265, 257, 239, 201, 195, 196, 166, 140, 121, 96, 74, 55, 40
467, 448, 432, 403, 378, 368, 338, 318, 300, 265, 257, 239, 201, 195, 196, 166, 140, 139, 120, 95, 73, 54, 41
467, 448, 432, 403, 378, 368, 338, 318, 300, 265, 257, 239, 201, 195, 196, 166, 140, 139, 120, 95, 73, 54, 41, 42
467, 448, 432, 403, 378, 368, 338, 318, 300, 265, 257, 239, 201, 195, 196, 166, 140, 139, 120, 95, 94, 72, 53, 43
467, 448, 432, 403, 378, 368, 338, 318, 300, 265, 257, 239, 201, 195, 196, 197, 167, 168, 169, 137, 136, 118, 117, 93, 70, 51, 44
467, 448, 432, 403, 378, 368, 338, 318, 300, 265, 257, 239, 201, 195, 196, 197, 167, 168, 169, 170, 171, 134, 116, 92, 69, 50, 45
467, 466, 450, 430, 401, 375, 349, 335, 322, 296, 268, 252, 235, 234, 219, 190, 158, 149, 150, 151, 110, 108, 85, 86, 46
467, 466, 450, 430, 401, 375, 349, 335, 322, 296, 268, 252, 235, 234, 219, 190, 158, 149, 150, 151, 110, 108, 85, 86, 47
467, 466, 450, 430, 401, 375, 349, 335, 322, 296, 268, 252, 235, 234, 219, 190, 158, 149, 150, 151, 110, 108, 85, 86, 46, 24, 48
467, 448, 432, 403, 378, 368, 338, 318, 300, 265, 257, 240, 241, 242, 222, 223, 224, 225, 209, 210, 211, 180, 172, 132, 115, 91, 88, 49
467, 448, 432, 403, 378, 368, 338, 318, 300, 265, 257, 239, 201, 195, 196, 197, 167, 168, 169, 170, 171, 134, 116, 92, 69, 50
467, 448, 432, 403, 378, 368, 338, 318, 300, 265, 257, 239, 201, 195, 196, 197, 167, 168, 169, 137, 136, 118, 117, 93, 70, 51
467, 448, 432, 403, 378, 368, 338, 318, 300, 265, 257, 239, 201, 195, 196, 166, 140, 139, 120, 95, 94, 72, 52
467, 448, 432, 403, 378, 368, 338, 318, 300, 265, 257, 239, 201, 195, 196, 166, 140, 139, 120, 95, 94, 72, 53
467, 448, 432, 403, 378, 368, 338, 318, 300, 265, 257, 239, 201, 195, 196, 166, 140, 139, 120, 95, 73, 54
467, 448, 432, 403, 378, 368, 338, 318, 300, 265, 257, 239, 201, 195, 196, 166, 140, 121, 96, 74, 55
467, 448, 432, 403, 378, 368, 338, 318, 300, 265, 257, 239, 201, 195, 196, 166, 140, 121, 96, 74, 56
467, 448, 432, 403, 378, 368, 338, 318, 300, 265, 257, 239, 201, 195, 165, 141, 122, 98, 75, 57
467, 448, 432, 403, 377, 370, 337, 319, 299, 266, 255, 238, 200, 194, 164, 142, 123, 99, 76, 58
467, 448, 432, 403, 377, 370, 337, 319, 299, 266, 255, 238, 200, 193, 162, 144, 124, 100, 77, 59
467, 448, 432, 403, 377, 370, 337, 319, 299, 266, 255, 238, 200, 193, 162, 144, 145, 125, 101, 78, 60
467, 448, 432, 403, 377, 370, 337, 319, 299, 266, 255, 238, 200, 193, 162, 144, 145, 125, 101, 102, 80, 61
467, 448, 432, 403, 377, 370, 337, 319, 299, 266, 255, 238, 200, 193, 162, 144, 145, 125, 101, 102, 80, 61, 62
467, 466, 450, 430, 401, 375, 349, 335, 322, 296, 268, 252, 235, 234, 219, 190, 158, 148, 128, 105, 82, 63
467, 466, 450, 430, 401, 375, 349, 335, 322, 296, 268, 252, 235, 234, 219, 190, 158, 148, 128, 105, 82, 63, 64
467, 466, 450, 430, 401, 375, 349, 335, 322, 296, 268, 252, 235, 234, 219, 190, 158, 148, 128, 105, 106, 83, 84, 65
467, 466, 450, 430, 401, 375, 349, 335, 322, 296, 268, 252, 235, 234, 219, 190, 158, 148, 128, 105, 106, 83, 84, 66
467, 466, 450, 430, 401, 375, 349, 335, 322, 296, 268, 252, 235, 234, 219, 190, 158, 149, 150, 151, 110, 108, 85, 67
467, 448, 432, 403, 378, 368, 338, 318, 300, 265, 257, 239, 201, 195, 196, 197, 167, 168, 169, 170, 171, 134, 116, 92, 69, 68
467, 448, 432, 403, 378, 368, 338, 318, 300, 265, 257, 239, 201, 195, 196, 197, 167, 168, 169, 170, 171, 134, 116, 92, 69
467, 448, 432, 403, 378, 368, 338, 318, 300, 265, 257, 239, 201, 195, 196, 197, 167, 168, 169, 137, 136, 118, 117, 93, 70
467, 448, 432, 403, 378, 368, 338, 318, 300, 265, 257, 239, 201, 195, 196, 197, 167, 168, 169, 137, 136, 118, 117, 93, 71
467, 448, 432, 403, 378, 368, 338, 318, 300, 265, 257, 239, 201, 195, 196, 166, 140, 139, 120, 95, 94, 72
467, 448, 432, 403, 378, 368, 338, 318, 300, 265, 257, 239, 201, 195, 196, 166, 140, 139, 120, 95, 73
467, 448, 432, 403, 378, 368, 338, 318, 300, 265, 257, 239, 201, 195, 196, 166, 140, 121, 96, 74
467, 448, 432, 403, 378, 368, 338, 318, 300, 265, 257, 239, 201, 195, 165, 141, 122, 98, 75
467, 448, 432, 403, 377, 370, 337, 319, 299, 266, 255, 238, 200, 194, 164, 142, 123, 99, 76
467, 448, 432, 403, 377, 370, 337, 319, 299, 266, 255, 238, 200, 193, 162, 144, 124, 100, 77
467, 448, 432, 403, 377, 370, 337, 319, 299, 266, 255, 238, 200, 193, 162, 144, 145, 125, 101, 78
467, 448, 432, 403, 377, 370, 337, 319, 299, 266, 255, 238, 200, 193, 162, 144, 145, 125, 101, 102, 79
467, 448, 432, 403, 377, 370, 337, 319, 299, 266, 255, 238, 200, 193, 162, 144, 145, 125, 101, 102, 80
467, 448, 432, 403, 377, 370, 337, 319, 299, 266, 255, 238, 200, 193, 162, 144, 145, 125, 101, 102, 80, 81
467, 466, 450, 430, 401, 375, 349, 335, 322, 296, 268, 252, 235, 234, 219, 190, 158, 148, 128, 105, 82
467, 466, 450, 430, 401, 375, 349, 335, 322, 296, 268, 252, 235, 234, 219, 190, 158, 148, 128, 105, 106, 83
467, 466, 450, 430, 401, 375, 349, 335, 322, 296, 268, 252, 235, 234, 219, 190, 158, 148, 128, 105, 106, 83, 84
467, 466, 450, 430, 401, 375, 349, 335, 322, 296, 268, 252, 235, 234, 219, 190, 158, 149, 150, 151, 110, 108, 85
467, 466, 450, 430, 401, 375, 349, 335, 322, 296, 268, 252, 235, 234, 219, 190, 158, 149, 150, 151, 110, 108, 85, 86
467, 466, 450, 451, 428, 427, 426, 397, 392, 391, 390, 356, 348, 306, 289, 276, 243, 227, 212, 182, 173, 154, 114, 90, 87
467, 448, 432, 403, 378, 368, 338, 318, 300, 265, 257, 240, 241, 242, 222, 223, 224, 225, 209, 210, 211, 180, 172, 132, 115, 91, 88
467, 466, 450, 430, 401, 375, 349, 335, 322, 296, 268, 252, 235, 234, 219, 190, 158, 149, 150, 151, 110, 108, 109, 89
467, 466, 450, 451, 428, 427, 426, 397, 392, 391, 390, 356, 348, 306, 289, 276, 243, 227, 212, 182, 173, 154, 114, 90
467, 448, 432, 403, 378, 368, 338, 318, 300, 265, 257, 240, 241, 242, 222, 223, 224, 225, 209, 210, 211, 180, 172, 132, 115, 91
467, 448, 432, 403, 378, 368, 338, 318, 300, 265, 257, 239, 201, 195, 196, 197, 167, 168, 169, 170, 171, 134, 116, 92
467, 448, 432, 403, 378, 368, 338, 318, 300, 265, 257, 239, 201, 195, 196, 197, 167, 168, 169, 137, 136, 118, 117, 93
467, 448, 432, 403, 378, 368, 338, 318, 300, 265, 257, 239, 201, 195, 196, 166, 140, 139, 120, 95, 94
467, 448, 432, 403, 378, 368, 338, 318, 300, 265, 257, 239, 201, 195, 196, 166, 140, 139, 120, 95
467, 448, 432, 403, 378, 368, 338, 318, 300, 265, 257, 239, 201, 195, 196, 166, 140, 121, 96
467, 448, 432, 403, 378, 368, 338, 318, 300, 265, 257, 239, 201, 195, 165, 141, 122, 97
467, 448, 432, 403, 378, 368, 338, 318, 300, 265, 257, 239, 201, 195, 165, 141, 122, 98
467, 448, 432, 403, 377, 370, 337, 319, 299, 266, 255, 238, 200, 194, 164, 142, 123, 99
