490, 469, 448, 432, 403, 377, 370, 337, 319, 320, 321, 296, 268, 252, 235, 234, 219, 190, 158, 148, 128, 105, 106, 83, 84, 66, 26, 0
490, 469, 448, 432, 403, 377, 370, 337, 319, 320, 321, 296, 268, 252, 235, 234, 219, 190, 158, 148, 128, 105, 106, 83, 84, 66, 26, 1
490, 469, 448, 432, 403, 377, 370, 337, 319, 320, 321, 296, 268, 252, 235, 234, 219, 190, 158, 148, 128, 105, 106, 83, 84, 66, 26, 2
490, 469, 448, 432, 403, 377, 370, 337, 319, 320, 321, 296, 268, 252, 235, 234, 219, 190, 158, 148, 128, 105, 106, 83, 84, 66, 26, 2, 3
490, 489, 470, 446, 434, 405, 380, 365, 364, 363, 342, 311, 310, 309, 285, 286, 287, 277, 264, 227, 212, 182, 173, 154, 114, 90, 87, 48, 24, 4
490, 489, 470, 446, 434, 405, 380, 365, 364, 341, 313, 312, 304, 280, 261, 224, 225, 209, 210, 211, 180, 172, 132, 115, 91, 88, 49, 23, 5
490, 489, 470, 446, 434, 405, 380, 365, 364, 341, 313, 312, 304, 280, 261, 224, 225, 208, 179, 171, 134, 116, 92, 69, 50, 45, 6
490, 489, 470, 446, 434, 405, 380, 365, 364, 341, 313, 312, 304, 280, 261, 224, 207, 178, 170, 135, 117, 93, 70, 51, 44, 7
490, 469, 447, 433, 404, 379, 367, 339, 317, 301, 284, 258, 241, 203, 196, 166, 140, 139, 120, 95, 94, 72, 53, 43, 9, 8
490, 469, 447, 433, 404, 379, 367, 339, 317, 301, 284, 258, 241, 203, 196, 166, 140, 139, 120, 95, 94, 72, 53, 43, 9
490, 469, 447, 433, 404, 379, 367, 339, 317, 301, 284, 258, 241, 203, 196, 166, 140, 139, 120, 95, 73, 54, 41, 10
490, 469, 447, 433, 404, 379, 367, 339, 317, 301, 284, 258, 241, 203, 196, 166, 140, 121, 96, 74, 55, 40, 11
490, 469, 448, 432, 403, 378, 368, 338, 318, 300, 265, 257, 239, 201, 195, 165, 141, 122, 98, 75, 57, 37, 12
490, 469, 448, 432, 403, 377, 370, 337, 319, 299, 266, 255, 238, 200, 194, 164, 142, 123, 99, 76, 58, 36, 13
490, 469, 448, 432, 403, 377, 370, 337, 319, 299, 266, 255, 238, 200, 193, 162, 144, 124, 100, 77, 59, 35, 14
490, 469, 448, 432, 403, 377, 370, 337, 319, 299, 266, 255, 238, 200, 193, 162, 144, 145, 125, 101, 78, 60, 33, 15
490, 469, 448, 432, 403, 377, 370, 337, 319, 299, 266, 255, 238, 200, 193, 162, 144, 145, 125, 101, 102, 80, 61, 32, 16
490, 469, 448, 432, 403, 377, 370, 337, 319, 299, 266, 255, 238, 200, 193, 162, 144, 145, 125, 101, 102, 80, 61, 62, 31, 17
490, 469, 448, 432, 403, 377, 370, 337, 319, 299, 266, 255, 238, 200, 193, 162, 144, 145, 125, 101, 102, 80, 61, 62, 31, 17, 18
490, 469, 448, 432, 403, 377, 370, 337, 319, 299, 266, 255, 238, 200, 193, 162, 144, 145, 125, 101, 102, 80, 61, 62, 63, 30, 19
490, 469, 448, 432, 403, 377, 370, 337, 319, 299, 266, 255, 238, 200, 193, 162, 144, 145, 125, 101, 102, 80, 61, 62, 63, 30, 19, 20
490, 469, 448, 432, 403, 377, 370, 337, 319, 299, 266, 255, 238, 200, 193, 162, 144, 145, 125, 101, 102, 80, 61, 62, 63, 30, 29, 28, 21
490, 489, 470, 446, 434, 405, 380, 365, 364, 341, 313, 312, 304, 280, 261, 224, 225, 209, 210, 211, 180, 172, 132, 115, 91, 88, 49, 22
490, 489, 470, 446, 434, 405, 380, 365, 364, 341, 313, 312, 304, 280, 261, 224, 225, 209, 210, 211, 180, 172, 132, 115, 91, 88, 49, 23
490, 489, 470, 446, 434, 405, 380, 365, 364, 363, 342, 311, 310, 309, 285, 286, 287, 277, 264, 227, 212, 182, 173, 154, 114, 90, 87, 48, 24
490, 469, 448, 432, 403, 377, 370, 337, 319, 320, 321, 296, 268, 252, 235, 234, 219, 190, 158, 148, 128, 105, 106, 83, 84, 66, 26, 25
490, 469, 448, 432, 403, 377, 370, 337, 319, 320, 321, 296, 268, 252, 235, 234, 219, 190, 158, 148, 128, 105, 106, 83, 84, 66, 26
490, 469, 448, 432, 403, 377, 370, 337, 319, 299, 266, 255, 238, 200, 193, 162, 144, 145, 125, 101, 102, 80, 61, 62, 63, 30, 29, 28, 27
490, 469, 448, 432, 403, 377, 370, 337, 319, 299, 266, 255, 238, 200, 193, 162, 144, 145, 125, 101, 102, 80, 61, 62, 63, 30, 29, 28
490, 469, 448, 432, 403, 377, 370, 337, 319, 299, 266, 255, 238, 200, 193, 162, 144, 145, 125, 101, 102, 80, 61, 62, 63, 30, 29
490, 469, 448, 432, 403, 377, 370, 337, 319, 299, 266, 255, 238, 200, 193, 162, 144, 145, 125, 101, 102, 80, 61, 62, 63, 30
490, 469, 448, 432, 403, 377, 370, 337, 319, 299, 266, 255, 238, 200, 193, 162, 144, 145, 125, 101, 102, 80, 61, 62, 31
490, 469, 448, 432, 403, 377, 370, 337, 319, 299, 266, 255, 238, 200, 193, 162, 144, 145, 125, 101, 102, 80, 61, 32
490, 469, 448, 432, 403, 377, 370, 337, 319, 299, 266, 255, 238, 200, 193, 162, 144, 145, 125, 101, 78, 60, 33
490, 469, 448, 432, 403, 377, 370, 337, 319, 299, 266, 255, 238, 200, 193, 162, 144, 145, 125, 101, 78, 60, 34
490, 469, 448, 432, 403, 377, 370, 337, 319, 299, 266, 255, 238, 200, 193, 162, 144, 124, 100, 77, 59, 35
490, 469, 448, 432, 403, 377, 370, 337, 319, 299, 266, 255, 238, 200, 194, 164, 142, 123, 99, 76, 58, 36
490, 469, 448, 432, 403, 378, 368, 338, 318, 300, 265, 257, 239, 201, 195, 165, 141, 122, 98, 75, 57, 37
490, 469, 447, 433, 404, 379, 367, 339, 317, 301, 284, 258, 241, 203, 196, 166, 140, 121, 96, 74, 56, 38
490, 469, 447, 433, 404, 379, 367, 339, 317, 301, 284, 258, 241, 203, 196, 166, 140, 121, 96, 74, 55, 39
490, 469, 447, 433, 404, 379, 367, 339, 317, 301, 284, 258, 241, 203, 196, 166, 140, 121, 96, 74, 55, 40
490, 469, 447, 433, 404, 379, 367, 339, 317, 301, 284, 258, 241, 203, 196, 166, 140, 139, 120, 95, 73, 54, 41
490, 469, 447, 433, 404, 379, 367, 339, 317, 301, 284, 258, 241, 203, 196, 166, 140, 139, 120, 95, 73, 54, 41, 42
490, 469, 447, 433, 404, 379, 367, 339, 317, 301, 284, 258, 241, 203, 196, 166, 140, 139, 120, 95, 94, 72, 53, 43
490, 489, 470, 446, 434, 405, 380, 365, 364, 341, 313, 312, 304, 280, 261, 224, 207, 178, 170, 135, 117, 93, 70, 51, 44
490, 489, 470, 446, 434, 405, 380, 365, 364, 341, 313, 312, 304, 280, 261, 224, 225, 208, 179, 171, 134, 116, 92, 69, 50, 45
490, 469, 448, 432, 403, 377, 370, 337, 319, 320, 321, 296, 268, 252, 235, 234, 219, 190, 158, 149, 150, 151, 110, 108, 85, 86, 46
490, 469, 448, 432, 403, 377, 370, 337, 319, 320, 321, 296, 268, 252, 235, 234, 219, 190, 158, 149, 150, 151, 110, 108, 85, 86, 47
490, 489, 470, 446, 434, 405, 380, 365, 364, 363, 342, 311, 310, 309, 285, 286, 287, 277, 264, 227, 212, 182, 173, 154, 114, 90, 87, 48
490, 489, 470, 446, 434, 405, 380, 365, 364, 341, 313, 312, 304, 280, 261, 224, 225, 209, 210, 211, 180, 172, 132, 115, 91, 88, 49
490, 489, 470, 446, 434, 405, 380, 365, 364, 341, 313, 312, 304, 280, 261, 224, 225, 208, 179, 171, 134, 116, 92, 69, 50
490, 489, 470, 446, 434, 405, 380, 365, 364, 341, 313, 312, 304, 280, 261, 224, 207, 178, 170, 135, 117, 93, 70, 51
490, 469, 447, 433, 404, 379, 367, 339, 317, 301, 284, 258, 241, 203, 196, 166, 140, 139, 120, 95, 94, 72, 52
490, 469, 447, 433, 404, 379, 367, 339, 317, 301, 284, 258, 241, 203, 196, 166, 140, 139, 120, 95, 94, 72, 53
490, 469, 447, 433, 404, 379, 367, 339, 317, 301, 284, 258, 241, 203, 196, 166, 140, 139, 120, 95, 73, 54
490, 469, 447, 433, 404, 379, 367, 339, 317, 301, 284, 258, 241, 203, 196, 166, 140, 121, 96, 74, 55
490, 469, 447, 433, 404, 379, 367, 339, 317, 301, 284, 258, 241, 203, 196, 166, 140, 121, 96, 74, 56
490, 469, 448, 432, 403, 378, 368, 338, 318, 300, 265, 257, 239, 201, 195, 165, 141, 122, 98, 75, 57
490, 469, 448, 432, 403, 377, 370, 337, 319, 299, 266, 255, 238, 200, 194, 164, 142, 123, 99, 76, 58
490, 469, 448, 432, 403, 377, 370, 337, 319, 299, 266, 255, 238, 200, 193, 162, 144, 124, 100, 77, 59
490, 469, 448, 432, 403, 377, 370, 337, 319, 299, 266, 255, 238, 200, 193, 162, 144, 145, 125, 101, 78, 60
490, 469, 448, 432, 403, 377, 370, 337, 319, 299, 266, 255, 238, 200, 193, 162, 144, 145, 125, 101, 102, 80, 61
490, 469, 448, 432, 403, 377, 370, 337, 319, 299, 266, 255, 238, 200, 193, 162, 144, 145, 125, 101, 102, 80, 61, 62
490, 469, 448, 432, 403, 377, 370, 337, 319, 299, 266, 255, 238, 200, 193, 162, 144, 145, 125, 101, 102, 80, 61, 62, 63
490, 469, 448, 432, 403, 377, 370, 337, 319, 299, 266, 255, 238, 200, 193, 162, 144, 145, 125, 101, 102, 80, 61, 62, 63, 64
490, 469, 448, 432, 403, 377, 370, 337, 319, 320, 321, 296, 268, 252, 235, 234, 219, 190, 158, 148, 128, 105, 106, 83, 84, 65
490, 469, 448, 432, 403, 377, 370, 337, 319, 320, 321, 296, 268, 252, 235, 234, 219, 190, 158, 148, 128, 105, 106, 83, 84, 66
490, 469, 448, 432, 403, 377, 370, 337, 319, 320, 321, 296, 268, 252, 235, 234, 219, 190, 158, 149, 150, 151, 110, 108, 85, 67
490, 489, 470, 446, 434, 405, 380, 365, 364, 341, 313, 312, 304, 280, 261, 224, 225, 208, 179, 171, 134, 116, 92, 69, 68
490, 489, 470, 446, 434, 405, 380, 365, 364, 341, 313, 312, 304, 280, 261, 224, 225, 208, 179, 171, 134, 116, 92, 69
490, 489, 470, 446, 434, 405, 380, 365, 364, 341, 313, 312, 304, 280, 261, 224, 207, 178, 170, 135, 117, 93, 70
490, 489, 470, 446, 434, 405, 380, 365, 364, 341, 313, 312, 304, 280, 261, 224, 207, 178, 170, 135, 117, 93, 71
490, 469, 447, 433, 404, 379, 367, 339, 317, 301, 284, 258, 241, 203, 196, 166, 140, 139, 120, 95, 94, 72
490, 469, 447, 433, 404, 379, 367, 339, 317, 301, 284, 258, 241, 203, 196, 166, 140, 139, 120, 95, 73
490, 469, 447, 433, 404, 379, 367, 339, 317, 301, 284, 258, 241, 203, 196, 166, 140, 121, 96, 74
490, 469, 448, 432, 403, 378, 368, 338, 318, 300, 265, 257, 239, 201, 195, 165, 141, 122, 98, 75
490, 469, 448, 432, 403, 377, 370, 337, 319, 299, 266, 255, 238, 200, 194, 164, 142, 123, 99, 76
490, 469, 448, 432, 403, 377, 370, 337, 319, 299, 266, 255, 238, 200, 193, 162, 144, 124, 100, 77
490, 469, 448, 432, 403, 377, 370, 337, 319, 299, 266, 255, 238, 200, 193, 162, 144, 145, 125, 101, 78
490, 469, 448, 432, 403, 377, 370, 337, 319, 299, 266, 255, 238, 200, 193, 162, 144, 145, 125, 101, 102, 79
490, 469, 448, 432, 403, 377, 370, 337, 319, 299, 266, 255, 238, 200, 193, 162, 144, 145, 125, 101, 102, 80
490, 469, 448, 432, 403, 377, 370, 337, 319, 299, 266, 255, 238, 200, 193, 162, 144, 145, 125, 101, 102, 80, 81
490, 469, 448, 432, 403, 377, 370, 337, 319, 320, 321, 296, 268, 252, 235, 234, 219, 190, 158, 148, 128, 105, 82
490, 469, 448, 432, 403, 377, 370, 337, 319, 320, 321, 296, 268, 252, 235, 234, 219, 190, 158, 148, 128, 105, 106, 83
490, 469, 448, 432, 403, 377, 370, 337, 319, 320, 321, 296, 268, 252, 235, 234, 219, 190, 158, 148, 128, 105, 106, 83, 84
490, 469, 448, 432, 403, 377, 370, 337, 319, 320, 321, 296, 268, 252, 235, 234, 219, 190, 158, 149, 150, 151, 110, 108, 85
490, 469, 448, 432, 403, 377, 370, 337, 319, 320, 321, 296, 268, 252, 235, 234, 219, 190, 158, 149, 150, 151, 110, 108, 85, 86
490, 489, 470, 446, 434, 405, 380, 365, 364, 363, 342, 311, 310, 309, 285, 286, 287, 277, 264, 227, 212, 182, 173, 154, 114, 90, 87
490, 489, 470, 446, 434, 405, 380, 365, 364, 341, 313, 312, 304, 280, 261, 224, 225, 209, 210, 211, 180, 172, 132, 115, 91, 88
490, 469, 448, 432, 403, 377, 370, 337, 319, 320, 321, 296, 268, 252, 235, 234, 219, 190, 158, 149, 150, 151, 110, 108, 109, 89
490, 489, 470, 446, 434, 405, 380, 365, 364, 363, 342, 311, 310, 309, 285, 286, 287, 277, 264, 227, 212, 182, 173, 154, 114, 90
490, 489, 470, 446, 434, 405, 380, 365, 364, 341, 313, 312, 304, 280, 261, 224, 225, 209, 210, 211, 180, 172, 132, 115, 91
490, 489, 470, 446, 434, 405, 380, 365, 364, 341, 313, 312, 304, 280, 261, 224, 225, 208, 179, 171, 134, 116, 92
490, 489, 470, 446, 434, 405, 380, 365, 364, 341, 313, 312, 304, 280, 261, 224, 207, 178, 170, 135, 117, 93
490, 469, 447, 433, 404, 379, 367, 339, 317, 301, 284, 258, 241, 203, 196, 166, 140, 139, 120, 95, 94
490, 469, 447, 433, 404, 379, 367, 339, 317, 301, 284, 258, 241, 203, 196, 166, 140, 139, 120, 95
490, 469, 447, 433, 404, 379, 367, 339, 317, 301, 284, 258, 241, 203, 196, 166, 140, 121, 96
490, 469, 448, 432, 403, 378, 368, 338, 318, 300, 265, 257, 239, 201, 195, 165, 141, 122, 97
490, 469, 448, 432, 403, 378, 368, 338, 318, 300, 265, 257, 239, 201, 195, 165, 141, 122, 98
490, 469, 448, 432, 403, 377, 370, 337, 319, 299, 266, 255, 238, 200, 194, 164, 142, 123, 99
