657, 638, 626, 610, 580, 562, 535, 518, 502, 479, 460, 420, 415, 389, 357, 348, 306, 290, 275, 246, 229, 214, 184, 176, 152, 111, 109, 85, 67, 26, 0
657, 638, 626, 610, 580, 562, 535, 518, 502, 479, 460, 420, 415, 389, 357, 348, 306, 290, 275, 246, 229, 214, 184, 176, 152, 111, 109, 85, 67, 26, 1
657, 638, 626, 610, 580, 562, 535, 518, 502, 479, 460, 420, 415, 389, 357, 348, 306, 289, 276, 244, 228, 213, 183, 175, 153, 113, 89, 86, 47, 25, 3, 2
657, 638, 626, 610, 580, 562, 535, 518, 502, 479, 460, 420, 415, 389, 357, 348, 306, 289, 276, 244, 228, 213, 183, 175, 153, 113, 89, 86, 47, 25, 3
657, 638, 626, 610, 580, 562, 535, 518, 502, 479, 460, 420, 415, 389, 357, 348, 306, 289, 276, 243, 227, 212, 182, 173, 154, 114, 90, 87, 48, 24, 4
657, 638, 626, 610, 580, 562, 535, 518, 502, 479, 460, 420, 415, 389, 357, 348, 306, 289, 276, 243, 227, 212, 181, 172, 132, 115, 91, 88, 49, 23, 5
657, 638, 626, 610, 580, 562, 535, 518, 502, 479, 460, 420, 415, 389, 357, 348, 306, 289, 276, 243, 227, 212, 181, 172, 133, 116, 92, 69, 50, 45, 6
657, 638, 626, 610, 580, 562, 535, 518, 502, 479, 460, 420, 415, 389, 357, 348, 306, 289, 276, 243, 227, 212, 181, 172, 133, 116, 92, 69, 50, 44, 7
657, 638, 626, 610, 580, 562, 535, 518, 502, 479, 460, 420, 415, 389, 357, 348, 306, 289, 276, 243, 227, 212, 181, 172, 133, 116, 92, 69, 50, 44, 8
657, 638, 626, 610, 580, 562, 535, 518, 502, 479, 460, 420, 415, 389, 357, 348, 306, 289, 276, 243, 227, 212, 181, 172, 133, 116, 92, 69, 50, 44, 8, 9
657, 638, 626, 610, 580, 562, 535, 518, 502, 479, 460, 420, 415, 389, 357, 348, 306, 289, 276, 243, 227, 212, 181, 172, 133, 116, 92, 69, 50, 44, 8, 9, 10
657, 638, 626, 610, 580, 562, 535, 518, 502, 479, 460, 420, 415, 389, 357, 348, 306, 289, 276, 243, 227, 212, 181, 172, 133, 116, 92, 69, 50, 44, 8, 9, 10, 11
657, 638, 626, 625, 611, 579, 563, 534, 519, 504, 476, 439, 418, 411, 385, 361, 362, 343, 311, 304, 281, 260, 222, 206, 198, 168, 139, 140, 121, 96, 74, 56, 38, 12
657, 638, 626, 625, 611, 579, 563, 534, 519, 504, 476, 439, 418, 411, 385, 361, 362, 343, 311, 304, 281, 260, 222, 206, 198, 168, 139, 140, 121, 96, 74, 56, 38, 12, 13
657, 638, 626, 625, 611, 579, 563, 534, 519, 504, 476, 439, 418, 411, 385, 361, 362, 343, 311, 304, 281, 260, 222, 206, 198, 168, 139, 140, 121, 96, 97, 98, 99, 76, 59, 35, 14
657, 656, 655, 654, 653, 629, 607, 584, 559, 539, 515, 498, 462, 455, 426, 398, 372, 352, 331, 332, 323, 295, 269, 268, 253, 236, 221, 192, 161, 145, 125, 101, 78, 60, 33, 15
657, 656, 655, 654, 653, 629, 607, 584, 559, 539, 515, 498, 462, 455, 426, 398, 372, 352, 331, 332, 323, 295, 269, 252, 235, 220, 191, 160, 146, 126, 103, 80, 61, 32, 16
657, 638, 626, 610, 581, 582, 561, 536, 517, 500, 481, 457, 423, 395, 391, 354, 329, 326, 292, 273, 248, 231, 217, 188, 189, 157, 149, 148, 128, 127, 104, 81, 62, 31, 17
657, 638, 626, 610, 581, 582, 561, 536, 517, 500, 481, 457, 423, 395, 391, 354, 329, 326, 292, 273, 248, 231, 217, 188, 189, 157, 149, 129, 105, 82, 63, 30, 18
657, 638, 626, 610, 581, 582, 561, 536, 517, 500, 481, 457, 423, 395, 391, 354, 329, 326, 292, 273, 248, 231, 217, 188, 189, 157, 149, 129, 105, 82, 63, 30, 19
657, 638, 626, 610, 581, 582, 561, 536, 517, 500, 481, 457, 423, 395, 391, 354, 329, 326, 292, 273, 248, 231, 217, 187, 156, 150, 130, 106, 83, 64, 29, 20
657, 638, 626, 610, 581, 582, 561, 536, 517, 500, 481, 458, 422, 394, 390, 355, 328, 327, 291, 274, 247, 230, 216, 185, 177, 151, 110, 107, 84, 65, 27, 21
657, 638, 626, 610, 580, 562, 535, 518, 502, 479, 460, 420, 415, 389, 357, 348, 306, 289, 276, 243, 227, 212, 181, 172, 132, 115, 91, 88, 49, 22
657, 638, 626, 610, 580, 562, 535, 518, 502, 479, 460, 420, 415, 389, 357, 348, 306, 289, 276, 243, 227, 212, 181, 172, 132, 115, 91, 88, 49, 23
657, 638, 626, 610, 580, 562, 535, 518, 502, 479, 460, 420, 415, 389, 357, 348, 306, 289, 276, 243, 227, 212, 182, 173, 154, 114, 90, 87, 48, 24
657, 638, 626, 610, 580, 562, 535, 518, 502, 479, 460, 420, 415, 389, 357, 348, 306, 289, 276, 244, 228, 213, 183, 175, 153, 113, 89, 86, 47, 25
657, 638, 626, 610, 580, 562, 535, 518, 502, 479, 460, 420, 415, 389, 357, 348, 306, 290, 275, 246, 229, 214, 184, 176, 152, 111, 109, 85, 67, 26
657, 638, 626, 610, 581, 582, 561, 536, 517, 500, 481, 458, 422, 394, 390, 355, 328, 327, 291, 274, 247, 230, 216, 185, 177, 151, 110, 107, 84, 65, 27
657, 638, 626, 610, 581, 582, 561, 536, 517, 500, 481, 458, 422, 394, 390, 355, 328, 327, 291, 274, 247, 230, 216, 185, 177, 151, 110, 107, 84, 65, 28
657, 638, 626, 610, 581, 582, 561, 536, 517, 500, 481, 457, 423, 395, 391, 354, 329, 326, 292, 273, 248, 231, 217, 187, 156, 150, 130, 106, 83, 64, 29
657, 638, 626, 610, 581, 582, 561, 536, 517, 500, 481, 457, 423, 395, 391, 354, 329, 326, 292, 273, 248, 231, 217, 188, 189, 157, 149, 129, 105, 82, 63, 30
657, 638, 626, 610, 581, 582, 561, 536, 517, 500, 481, 457, 423, 395, 391, 354, 329, 326, 292, 273, 248, 231, 217, 188, 189, 157, 149, 148, 128, 127, 104, 81, 62, 31
657, 656, 655, 654, 653, 629, 607, 584, 559, 539, 515, 498, 462, 455, 426, 398, 372, 352, 331, 332, 323, 295, 269, 252, 235, 220, 191, 160, 146, 126, 103, 80, 61, 32
657, 656, 655, 654, 653, 629, 607, 584, 559, 539, 515, 498, 462, 455, 426, 398, 372, 352, 331, 332, 323, 295, 269, 268, 253, 236, 221, 192, 161, 145, 125, 101, 78, 60, 33
657, 656, 655, 654, 653, 629, 607, 584, 559, 539, 515, 498, 462, 455, 426, 398, 372, 352, 331, 332, 323, 295, 269, 268, 253, 236, 221, 192, 161, 145, 125, 101, 78, 60, 34
657, 638, 626, 625, 611, 579, 563, 534, 519, 504, 476, 439, 418, 411, 385, 361, 362, 343, 311, 304, 281, 260, 222, 206, 198, 168, 139, 140, 121, 96, 97, 98, 99, 76, 59, 35
657, 638, 626, 625, 611, 579, 563, 534, 519, 504, 476, 439, 418, 411, 385, 361, 362, 343, 311, 304, 281, 260, 222, 206, 198, 168, 139, 140, 121, 96, 97, 75, 57, 58, 36
657, 638, 626, 625, 611, 579, 563, 534, 519, 504, 476, 439, 418, 411, 385, 361, 362, 343, 311, 304, 281, 260, 222, 206, 198, 168, 139, 140, 121, 96, 97, 75, 57, 37
657, 638, 626, 625, 611, 579, 563, 534, 519, 504, 476, 439, 418, 411, 385, 361, 362, 343, 311, 304, 281, 260, 222, 206, 198, 168, 139, 140, 121, 96, 74, 56, 38
657, 638, 626, 625, 611, 579, 563, 534, 519, 504, 476, 439, 418, 411, 385, 361, 362, 343, 311, 304, 281, 260, 222, 206, 198, 168, 139, 120, 95, 73, 54, 55, 39
657, 638, 626, 625, 611, 579, 563, 534, 519, 504, 476, 439, 418, 411, 385, 361, 362, 343, 311, 304, 281, 260, 222, 206, 198, 168, 139, 120, 95, 73, 54, 55, 40
657, 638, 626, 610, 580, 562, 535, 518, 502, 479, 460, 420, 415, 389, 357, 348, 306, 289, 276, 243, 227, 212, 181, 172, 133, 116, 92, 69, 50, 44, 43, 42, 41
657, 638, 626, 610, 580, 562, 535, 518, 502, 479, 460, 420, 415, 389, 357, 348, 306, 289, 276, 243, 227, 212, 181, 172, 133, 116, 92, 69, 50, 44, 43, 42
657, 638, 626, 610, 580, 562, 535, 518, 502, 479, 460, 420, 415, 389, 357, 348, 306, 289, 276, 243, 227, 212, 181, 172, 133, 116, 92, 69, 50, 44, 43
657, 638, 626, 610, 580, 562, 535, 518, 502, 479, 460, 420, 415, 389, 357, 348, 306, 289, 276, 243, 227, 212, 181, 172, 133, 116, 92, 69, 50, 44
657, 638, 626, 610, 580, 562, 535, 518, 502, 479, 460, 420, 415, 389, 357, 348, 306, 289, 276, 243, 227, 212, 181, 172, 133, 116, 92, 69, 50, 45
657, 638, 626, 610, 580, 562, 535, 518, 502, 479, 460, 420, 415, 389, 357, 348, 306, 289, 276, 244, 228, 213, 183, 175, 153, 113, 89, 86, 46
657, 638, 626, 610, 580, 562, 535, 518, 502, 479, 460, 420, 415, 389, 357, 348, 306, 289, 276, 244, 228, 213, 183, 175, 153, 113, 89, 86, 47
657, 638, 626, 610, 580, 562, 535, 518, 502, 479, 460, 420, 415, 389, 357, 348, 306, 289, 276, 243, 227, 212, 182, 173, 154, 114, 90, 87, 48
657, 638, 626, 610, 580, 562, 535, 518, 502, 479, 460, 420, 415, 389, 357, 348, 306, 289, 276, 243, 227, 212, 181, 172, 132, 115, 91, 88, 49
657, 638, 626, 610, 580, 562, 535, 518, 502, 479, 460, 420, 415, 389, 357, 348, 306, 289, 276, 243, 227, 212, 181, 172, 133, 116, 92, 69, 50
657, 638, 626, 610, 580, 562, 535, 518, 502, 479, 460, 420, 415, 389, 357, 348, 306, 289, 276, 243, 227, 212, 181, 172, 133, 116, 92, 69, 50, 51
657, 638, 626, 610, 580, 562, 535, 518, 502, 479, 460, 420, 415, 389, 357, 348, 306, 289, 276, 243, 227, 212, 181, 172, 133, 116, 92, 69, 50, 51, 52
657, 638, 626, 610, 580, 562, 535, 518, 502, 479, 460, 420, 415, 389, 357, 348, 306, 289, 276, 243, 227, 212, 181, 172, 133, 116, 92, 69, 50, 51, 52, 53
657, 638, 626, 625, 611, 579, 563, 534, 519, 504, 476, 439, 418, 411, 385, 361, 362, 343, 311, 304, 281, 260, 222, 206, 198, 168, 139, 120, 95, 73, 54
657, 638, 626, 625, 611, 579, 563, 534, 519, 504, 476, 439, 418, 411, 385, 361, 362, 343, 311, 304, 281, 260, 222, 206, 198, 168, 139, 120, 95, 73, 54, 55
657, 638, 626, 625, 611, 579, 563, 534, 519, 504, 476, 439, 418, 411, 385, 361, 362, 343, 311, 304, 281, 260, 222, 206, 198, 168, 139, 140, 121, 96, 74, 56
657, 638, 626, 625, 611, 579, 563, 534, 519, 504, 476, 439, 418, 411, 385, 361, 362, 343, 311, 304, 281, 260, 222, 206, 198, 168, 139, 140, 121, 96, 97, 75, 57
657, 638, 626, 625, 611, 579, 563, 534, 519, 504, 476, 439, 418, 411, 385, 361, 362, 343, 311, 304, 281, 260, 222, 206, 198, 168, 139, 140, 121, 96, 97, 75, 57, 58
657, 638, 626, 625, 611, 579, 563, 534, 519, 504, 476, 439, 418, 411, 385, 361, 362, 343, 311, 304, 281, 260, 222, 206, 198, 168, 139, 140, 121, 96, 97, 98, 99, 76, 59
657, 656, 655, 654, 653, 629, 607, 584, 559, 539, 515, 498, 462, 455, 426, 398, 372, 352, 331, 332, 323, 295, 269, 268, 253, 236, 221, 192, 161, 145, 125, 101, 78, 60
657, 656, 655, 654, 653, 629, 607, 584, 559, 539, 515, 498, 462, 455, 426, 398, 372, 352, 331, 332, 323, 295, 269, 252, 235, 220, 191, 160, 146, 126, 103, 80, 61
657, 638, 626, 610, 581, 582, 561, 536, 517, 500, 481, 457, 423, 395, 391, 354, 329, 326, 292, 273, 248, 231, 217, 188, 189, 157, 149, 148, 128, 127, 104, 81, 62
657, 638, 626, 610, 581, 582, 561, 536, 517, 500, 481, 457, 423, 395, 391, 354, 329, 326, 292, 273, 248, 231, 217, 188, 189, 157, 149, 129, 105, 82, 63
657, 638, 626, 610, 581, 582, 561, 536, 517, 500, 481, 457, 423, 395, 391, 354, 329, 326, 292, 273, 248, 231, 217, 187, 156, 150, 130, 106, 83, 64
657, 638, 626, 610, 581, 582, 561, 536, 517, 500, 481, 458, 422, 394, 390, 355, 328, 327, 291, 274, 247, 230, 216, 185, 177, 151, 110, 107, 84, 65
657, 638, 626, 610, 580, 562, 535, 518, 502, 479, 460, 420, 415, 389, 357, 348, 306, 290, 275, 246, 229, 214, 184, 176, 152, 111, 109, 85, 67, 66
657, 638, 626, 610, 580, 562, 535, 518, 502, 479, 460, 420, 415, 389, 357, 348, 306, 290, 275, 246, 229, 214, 184, 176, 152, 111, 109, 85, 67
657, 638, 626, 610, 580, 562, 535, 518, 502, 479, 460, 420, 415, 389, 357, 348, 306, 289, 276, 243, 227, 212, 181, 172, 132, 115, 91, 68
657, 638, 626, 610, 580, 562, 535, 518, 502, 479, 460, 420, 415, 389, 357, 348, 306, 289, 276, 243, 227, 212, 181, 172, 133, 116, 92, 69
657, 638, 626, 610, 580, 562, 535, 518, 502, 479, 460, 420, 415, 389, 357, 348, 306, 289, 276, 243, 227, 212, 181, 172, 133, 116, 92, 69, 70
657, 638, 626, 610, 580, 562, 535, 518, 502, 479, 460, 420, 415, 389, 357, 348, 306, 289, 276, 243, 227, 212, 181, 172, 133, 116, 92, 69, 70, 71
657, 638, 626, 610, 580, 562, 535, 518, 502, 479, 460, 420, 415, 389, 357, 348, 306, 289, 276, 243, 227, 212, 181, 172, 133, 116, 117, 118, 94, 72
657, 638, 626, 625, 611, 579, 563, 534, 519, 504, 476, 439, 418, 411, 385, 361, 362, 343, 311, 304, 281, 260, 222, 206, 198, 168, 139, 120, 95, 73
657, 638, 626, 625, 611, 579, 563, 534, 519, 504, 476, 439, 418, 411, 385, 361, 362, 343, 311, 304, 281, 260, 222, 206, 198, 168, 139, 140, 121, 96, 74
657, 638, 626, 625, 611, 579, 563, 534, 519, 504, 476, 439, 418, 411, 385, 361, 362, 343, 311, 304, 281, 260, 222, 206, 198, 168, 139, 140, 121, 96, 97, 75
657, 638, 626, 625, 611, 579, 563, 534, 519, 504, 476, 439, 418, 411, 385, 361, 362, 343, 311, 304, 281, 260, 222, 206, 198, 168, 139, 140, 121, 96, 97, 98, 99, 76
657, 658, 659, 660, 641, 642, 621, 593, 574, 548, 525, 506, 488, 470, 446, 434, 405, 380, 365, 340, 316, 301, 284, 258, 257, 256, 238, 200, 193, 162, 144, 124, 100, 77
657, 656, 655, 654, 653, 629, 607, 584, 559, 539, 515, 498, 462, 455, 426, 398, 372, 352, 331, 332, 323, 295, 269, 268, 253, 236, 221, 192, 161, 145, 125, 101, 78
657, 656, 655, 654, 653, 629, 607, 584, 559, 539, 515, 498, 462, 455, 426, 398, 372, 352, 331, 332, 323, 295, 269, 252, 235, 220, 191, 160, 146, 126, 102, 79
657, 656, 655, 654, 653, 629, 607, 584, 559, 539, 515, 498, 462, 455, 426, 398, 372, 352, 331, 332, 323, 295, 269, 252, 235, 220, 191, 160, 146, 126, 103, 80
657, 638, 626, 610, 581, 582, 561, 536, 517, 500, 481, 457, 423, 395, 391, 354, 329, 326, 292, 273, 248, 231, 217, 188, 189, 157, 149, 148, 128, 127, 104, 81
657, 638, 626, 610, 581, 582, 561, 536, 517, 500, 481, 457, 423, 395, 391, 354, 329, 326, 292, 273, 248, 231, 217, 188, 189, 157, 149, 129, 105, 82
657, 638, 626, 610, 581, 582, 561, 536, 517, 500, 481, 457, 423, 395, 391, 354, 329, 326, 292, 273, 248, 231, 217, 187, 156, 150, 130, 106, 83
657, 638, 626, 610, 581, 582, 561, 536, 517, 500, 481, 458, 422, 394, 390, 355, 328, 327, 291, 274, 247, 230, 216, 185, 177, 151, 110, 107, 84
657, 638, 626, 610, 580, 562, 535, 518, 502, 479, 460, 420, 415, 389, 357, 348, 306, 290, 275, 246, 229, 214, 184, 176, 152, 111, 109, 85
657, 638, 626, 610, 580, 562, 535, 518, 502, 479, 460, 420, 415, 389, 357, 348, 306, 289, 276, 244, 228, 213, 183, 175, 153, 113, 89, 86
657, 638, 626, 610, 580, 562, 535, 518, 502, 479, 460, 420, 415, 389, 357, 348, 306, 289, 276, 243, 227, 212, 182, 173, 154, 114, 90, 87
657, 638, 626, 610, 580, 562, 535, 518, 502, 479, 460, 420, 415, 389, 357, 348, 306, 289, 276, 243, 227, 212, 181, 172, 132, 115, 91, 88
657, 638, 626, 610, 580, 562, 535, 518, 502, 479, 460, 420, 415, 389, 357, 348, 306, 289, 276, 244, 228, 213, 183, 175, 153, 113, 89
657, 638, 626, 610, 580, 562, 535, 518, 502, 479, 460, 420, 415, 389, 357, 348, 306, 289, 276, 243, 227, 212, 182, 173, 154, 114, 90
657, 638, 626, 610, 580, 562, 535, 518, 502, 479, 460, 420, 415, 389, 357, 348, 306, 289, 276, 243, 227, 212, 181, 172, 132, 115, 91
657, 638, 626, 610, 580, 562, 535, 518, 502, 479, 460, 420, 415, 389, 357, 348, 306, 289, 276, 243, 227, 212, 181, 172, 133, 116, 92
657, 638, 626, 610, 580, 562, 535, 518, 502, 479, 460, 420, 415, 389, 357, 348, 306, 289, 276, 243, 227, 212, 181, 172, 133, 116, 92, 93
657, 638, 626, 610, 580, 562, 535, 518, 502, 479, 460, 420, 415, 389, 357, 348, 306, 289, 276, 243, 227, 212, 181, 172, 133, 116, 117, 118, 94
657, 638, 626, 625, 611, 579, 563, 534, 519, 504, 476, 439, 418, 411, 385, 361, 362, 343, 311, 304, 281, 260, 222, 206, 198, 168, 139, 120, 95
657, 638, 626, 625, 611, 579, 563, 534, 519, 504, 476, 439, 418, 411, 385, 361, 362, 343, 311, 304, 281, 260, 222, 206, 198, 168, 139, 140, 121, 96
657, 638, 626, 625, 611, 579, 563, 534, 519, 504, 476, 439, 418, 411, 385, 361, 362, 343, 311, 304, 281, 260, 222, 206, 198, 168, 139, 140, 121, 96, 97
657, 638, 626, 625, 611, 579, 563, 534, 519, 504, 476, 439, 418, 411, 385, 361, 362, 343, 311, 304, 281, 260, 222, 206, 198, 168, 139, 140, 121, 96, 97, 98
657, 638, 626, 625, 611, 579, 563, 534, 519, 504, 476, 439, 418, 411, 385, 361, 362, 343, 311, 304, 281, 260, 222, 206, 198, 168, 139, 140, 121, 96, 97, 98, 99
