653, 629, 628, 608, 583, 560, 536, 517, 500, 481, 458, 422, 394, 390, 355, 328, 327, 291, 274, 247, 230, 216, 185, 177, 151, 110, 108, 85, 67, 26, 0
653, 629, 628, 608, 583, 560, 536, 517, 500, 481, 458, 422, 394, 390, 355, 328, 327, 291, 274, 247, 230, 216, 185, 177, 151, 110, 108, 85, 67, 26, 1
653, 629, 628, 608, 583, 560, 536, 517, 500, 481, 458, 422, 394, 390, 356, 348, 306, 289, 276, 244, 228, 213, 183, 175, 153, 113, 89, 86, 47, 25, 3, 2
653, 629, 628, 608, 583, 560, 536, 517, 500, 481, 458, 422, 394, 390, 356, 348, 306, 289, 276, 244, 228, 213, 183, 175, 153, 113, 89, 86, 47, 25, 3
653, 629, 628, 608, 583, 560, 536, 517, 500, 481, 458, 422, 394, 390, 356, 348, 306, 289, 276, 243, 227, 212, 182, 173, 154, 114, 90, 87, 48, 24, 4
653, 629, 628, 608, 583, 560, 536, 517, 500, 481, 458, 422, 394, 390, 356, 348, 306, 289, 276, 243, 227, 212, 181, 172, 132, 115, 91, 88, 49, 23, 5
653, 629, 628, 608, 583, 560, 536, 517, 500, 481, 458, 422, 394, 390, 356, 348, 306, 289, 276, 243, 227, 212, 181, 172, 133, 116, 92, 69, 50, 45, 6
653, 629, 628, 608, 583, 560, 536, 517, 500, 481, 458, 422, 394, 390, 356, 348, 306, 289, 276, 243, 227, 212, 181, 172, 133, 116, 92, 69, 50, 44, 7
653, 629, 628, 608, 583, 560, 536, 517, 500, 481, 458, 422, 394, 390, 356, 348, 306, 289, 276, 243, 227, 212, 181, 172, 133, 116, 92, 69, 50, 44, 8
653, 629, 628, 608, 583, 560, 536, 517, 500, 481, 458, 422, 394, 390, 356, 348, 306, 289, 276, 243, 227, 212, 181, 172, 133, 116, 92, 69, 50, 44, 8, 9
653, 629, 628, 608, 583, 560, 536, 517, 500, 481, 458, 422, 394, 390, 356, 348, 306, 289, 276, 243, 227, 212, 181, 172, 133, 116, 92, 69, 50, 44, 8, 9, 10
653, 629, 628, 608, 583, 560, 536, 517, 500, 481, 458, 422, 394, 390, 356, 348, 306, 289, 276, 243, 227, 212, 181, 172, 133, 116, 92, 69, 50, 44, 8, 9, 10, 11
653, 629, 628, 608, 583, 560, 536, 517, 500, 481, 458, 422, 394, 390, 356, 348, 306, 289, 276, 243, 227, 212, 181, 172, 133, 116, 92, 69, 50, 44, 8, 9, 10, 11, 12
653, 629, 607, 584, 559, 539, 515, 498, 462, 455, 426, 398, 372, 373, 374, 375, 371, 336, 320, 298, 267, 254, 237, 199, 193, 162, 144, 124, 100, 77, 59, 35, 14, 13
653, 629, 607, 584, 559, 539, 515, 498, 462, 455, 426, 398, 372, 373, 374, 375, 371, 336, 320, 298, 267, 254, 237, 199, 193, 162, 144, 124, 100, 77, 59, 35, 14
653, 629, 607, 584, 559, 539, 515, 498, 462, 455, 426, 398, 372, 352, 331, 332, 323, 295, 269, 268, 253, 236, 221, 192, 161, 145, 125, 101, 78, 60, 33, 15
653, 629, 607, 584, 559, 539, 515, 498, 462, 455, 426, 398, 372, 352, 331, 332, 323, 295, 269, 252, 235, 220, 191, 160, 146, 126, 103, 80, 61, 32, 16
653, 629, 607, 584, 559, 539, 515, 498, 462, 455, 426, 398, 372, 352, 331, 324, 294, 270, 251, 233, 219, 190, 159, 147, 127, 104, 81, 62, 31, 17
653, 629, 607, 584, 559, 539, 515, 498, 462, 455, 426, 398, 372, 352, 331, 324, 294, 270, 251, 233, 219, 190, 158, 148, 128, 105, 82, 63, 30, 18
653, 629, 607, 584, 559, 539, 515, 498, 462, 455, 426, 398, 372, 352, 331, 324, 294, 270, 251, 233, 219, 190, 158, 148, 128, 105, 82, 63, 30, 19
653, 629, 607, 584, 559, 539, 515, 498, 462, 455, 426, 397, 392, 353, 330, 325, 293, 272, 249, 232, 217, 187, 156, 150, 130, 106, 83, 64, 29, 20
653, 629, 628, 608, 583, 560, 536, 517, 500, 481, 458, 422, 394, 390, 355, 328, 327, 291, 274, 247, 230, 216, 185, 177, 151, 110, 107, 84, 65, 27, 21
653, 629, 628, 608, 583, 560, 536, 517, 500, 481, 458, 422, 394, 390, 356, 348, 306, 289, 276, 243, 227, 212, 181, 172, 132, 115, 91, 88, 49, 22
653, 629, 628, 608, 583, 560, 536, 517, 500, 481, 458, 422, 394, 390, 356, 348, 306, 289, 276, 243, 227, 212, 181, 172, 132, 115, 91, 88, 49, 23
653, 629, 628, 608, 583, 560, 536, 517, 500, 481, 458, 422, 394, 390, 356, 348, 306, 289, 276, 243, 227, 212, 182, 173, 154, 114, 90, 87, 48, 24
653, 629, 628, 608, 583, 560, 536, 517, 500, 481, 458, 422, 394, 390, 356, 348, 306, 289, 276, 244, 228, 213, 183, 175, 153, 113, 89, 86, 47, 25
653, 629, 628, 608, 583, 560, 536, 517, 500, 481, 458, 422, 394, 390, 355, 328, 327, 291, 274, 247, 230, 216, 185, 177, 151, 110, 108, 85, 67, 26
653, 629, 628, 608, 583, 560, 536, 517, 500, 481, 458, 422, 394, 390, 355, 328, 327, 291, 274, 247, 230, 216, 185, 177, 151, 110, 107, 84, 65, 27
653, 629, 607, 584, 559, 539, 515, 498, 462, 455, 426, 397, 392, 353, 330, 325, 293, 272, 249, 232, 217, 187, 156, 150, 130, 106, 83, 64, 29, 28
653, 629, 607, 584, 559, 539, 515, 498, 462, 455, 426, 397, 392, 353, 330, 325, 293, 272, 249, 232, 217, 187, 156, 150, 130, 106, 83, 64, 29
653, 629, 607, 584, 559, 539, 515, 498, 462, 455, 426, 398, 372, 352, 331, 324, 294, 270, 251, 233, 219, 190, 158, 148, 128, 105, 82, 63, 30
653, 629, 607, 584, 559, 539, 515, 498, 462, 455, 426, 398, 372, 352, 331, 324, 294, 270, 251, 233, 219, 190, 159, 147, 127, 104, 81, 62, 31
653, 629, 607, 584, 559, 539, 515, 498, 462, 455, 426, 398, 372, 352, 331, 332, 323, 295, 269, 252, 235, 220, 191, 160, 146, 126, 103, 80, 61, 32
653, 629, 607, 584, 559, 539, 515, 498, 462, 455, 426, 398, 372, 352, 331, 332, 323, 295, 269, 268, 253, 236, 221, 192, 161, 145, 125, 101, 78, 60, 33
653, 629, 607, 584, 559, 539, 515, 498, 462, 455, 426, 398, 372, 352, 331, 332, 323, 295, 269, 268, 253, 236, 221, 192, 161, 145, 125, 101, 78, 60, 34
653, 629, 607, 584, 559, 539, 515, 498, 462, 455, 426, 398, 372, 373, 374, 375, 371, 336, 320, 298, 267, 254, 237, 199, 193, 162, 144, 124, 100, 77, 59, 35
653, 629, 607, 584, 559, 539, 515, 498, 462, 455, 426, 398, 372, 373, 374, 375, 371, 336, 320, 298, 267, 254, 237, 199, 193, 162, 144, 124, 100, 77, 59, 35, 36
653, 629, 628, 608, 583, 560, 536, 517, 500, 481, 458, 422, 394, 390, 356, 348, 306, 289, 276, 243, 227, 212, 181, 172, 133, 116, 92, 69, 50, 44, 43, 42, 41, 40, 39, 38, 37
653, 629, 628, 608, 583, 560, 536, 517, 500, 481, 458, 422, 394, 390, 356, 348, 306, 289, 276, 243, 227, 212, 181, 172, 133, 116, 92, 69, 50, 44, 43, 42, 41, 40, 39, 38
653, 629, 628, 608, 583, 560, 536, 517, 500, 481, 458, 422, 394, 390, 356, 348, 306, 289, 276, 243, 227, 212, 181, 172, 133, 116, 92, 69, 50, 44, 43, 42, 41, 40, 39
653, 629, 628, 608, 583, 560, 536, 517, 500, 481, 458, 422, 394, 390, 356, 348, 306, 289, 276, 243, 227, 212, 181, 172, 133, 116, 92, 69, 50, 44, 43, 42, 41, 40
653, 629, 628, 608, 583, 560, 536, 517, 500, 481, 458, 422, 394, 390, 356, 348, 306, 289, 276, 243, 227, 212, 181, 172, 133, 116, 92, 69, 50, 44, 43, 42, 41
653, 629, 628, 608, 583, 560, 536, 517, 500, 481, 458, 422, 394, 390, 356, 348, 306, 289, 276, 243, 227, 212, 181, 172, 133, 116, 92, 69, 50, 44, 43, 42
653, 629, 628, 608, 583, 560, 536, 517, 500, 481, 458, 422, 394, 390, 356, 348, 306, 289, 276, 243, 227, 212, 181, 172, 133, 116, 92, 69, 50, 44, 43
653, 629, 628, 608, 583, 560, 536, 517, 500, 481, 458, 422, 394, 390, 356, 348, 306, 289, 276, 243, 227, 212, 181, 172, 133, 116, 92, 69, 50, 44
653, 629, 628, 608, 583, 560, 536, 517, 500, 481, 458, 422, 394, 390, 356, 348, 306, 289, 276, 243, 227, 212, 181, 172, 133, 116, 92, 69, 50, 45
653, 629, 628, 608, 583, 560, 536, 517, 500, 481, 458, 422, 394, 390, 356, 348, 306, 289, 276, 244, 228, 213, 183, 175, 153, 113, 89, 86, 46
653, 629, 628, 608, 583, 560, 536, 517, 500, 481, 458, 422, 394, 390, 356, 348, 306, 289, 276, 244, 228, 213, 183, 175, 153, 113, 89, 86, 47
653, 629, 628, 608, 583, 560, 536, 517, 500, 481, 458, 422, 394, 390, 356, 348, 306, 289, 276, 243, 227, 212, 182, 173, 154, 114, 90, 87, 48
653, 629, 628, 608, 583, 560, 536, 517, 500, 481, 458, 422, 394, 390, 356, 348, 306, 289, 276, 243, 227, 212, 181, 172, 132, 115, 91, 88, 49
653, 629, 628, 608, 583, 560, 536, 517, 500, 481, 458, 422, 394, 390, 356, 348, 306, 289, 276, 243, 227, 212, 181, 172, 133, 116, 92, 69, 50
653, 629, 628, 608, 583, 560, 536, 517, 500, 481, 458, 422, 394, 390, 356, 348, 306, 289, 276, 243, 227, 212, 181, 172, 133, 116, 92, 69, 50, 51
653, 629, 628, 608, 583, 560, 536, 517, 500, 481, 458, 422, 394, 390, 356, 348, 306, 289, 276, 243, 227, 212, 181, 172, 133, 116, 92, 69, 50, 51, 52
653, 629, 628, 608, 583, 560, 536, 517, 500, 481, 458, 422, 394, 390, 356, 348, 306, 289, 276, 243, 227, 212, 181, 172, 133, 116, 92, 69, 50, 51, 52, 53
653, 629, 628, 608, 583, 560, 536, 517, 500, 481, 458, 422, 394, 390, 356, 348, 306, 289, 276, 243, 227, 212, 181, 172, 133, 116, 92, 69, 50, 51, 52, 53, 54
653, 629, 628, 608, 583, 560, 536, 517, 500, 481, 458, 422, 394, 390, 356, 348, 306, 289, 276, 243, 227, 212, 181, 172, 133, 116, 92, 69, 50, 51, 52, 53, 54, 55
653, 629, 628, 608, 583, 560, 536, 517, 500, 481, 458, 422, 394, 390, 356, 348, 306, 289, 276, 243, 227, 212, 181, 172, 133, 116, 117, 118, 119, 95, 73, 74, 56
653, 629, 628, 608, 583, 560, 536, 517, 500, 481, 458, 422, 394, 390, 356, 348, 306, 289, 276, 243, 227, 212, 181, 172, 133, 116, 117, 118, 119, 95, 73, 74, 56, 57
653, 629, 607, 584, 559, 539, 515, 498, 462, 455, 426, 398, 372, 373, 374, 375, 371, 336, 320, 298, 267, 254, 237, 199, 193, 162, 144, 124, 100, 77, 76, 58
653, 629, 607, 584, 559, 539, 515, 498, 462, 455, 426, 398, 372, 373, 374, 375, 371, 336, 320, 298, 267, 254, 237, 199, 193, 162, 144, 124, 100, 77, 59
653, 629, 607, 584, 559, 539, 515, 498, 462, 455, 426, 398, 372, 352, 331, 332, 323, 295, 269, 268, 253, 236, 221, 192, 161, 145, 125, 101, 78, 60
653, 629, 607, 584, 559, 539, 515, 498, 462, 455, 426, 398, 372, 352, 331, 332, 323, 295, 269, 252, 235, 220, 191, 160, 146, 126, 103, 80, 61
653, 629, 607, 584, 559, 539, 515, 498, 462, 455, 426, 398, 372, 352, 331, 324, 294, 270, 251, 233, 219, 190, 159, 147, 127, 104, 81, 62
653, 629, 607, 584, 559, 539, 515, 498, 462, 455, 426, 398, 372, 352, 331, 324, 294, 270, 251, 233, 219, 190, 158, 148, 128, 105, 82, 63
653, 629, 607, 584, 559, 539, 515, 498, 462, 455, 426, 397, 392, 353, 330, 325, 293, 272, 249, 232, 217, 187, 156, 150, 130, 106, 83, 64
653, 629, 628, 608, 583, 560, 536, 517, 500, 481, 458, 422, 394, 390, 355, 328, 327, 291, 274, 247, 230, 216, 185, 177, 151, 110, 107, 84, 65
653, 629, 628, 608, 583, 560, 536, 517, 500, 481, 458, 422, 394, 390, 355, 328, 327, 291, 274, 247, 230, 216, 185, 177, 151, 110, 107, 84, 66
653, 629, 628, 608, 583, 560, 536, 517, 500, 481, 458, 422, 394, 390, 355, 328, 327, 291, 274, 247, 230, 216, 185, 177, 151, 110, 108, 85, 67
653, 629, 628, 608, 583, 560, 536, 517, 500, 481, 458, 422, 394, 390, 356, 348, 306, 289, 276, 243, 227, 212, 181, 172, 132, 115, 91, 68
653, 629, 628, 608, 583, 560, 536, 517, 500, 481, 458, 422, 394, 390, 356, 348, 306, 289, 276, 243, 227, 212, 181, 172, 133, 116, 92, 69
653, 629, 628, 608, 583, 560, 536, 517, 500, 481, 458, 422, 394, 390, 356, 348, 306, 289, 276, 243, 227, 212, 181, 172, 133, 116, 92, 69, 70
653, 629, 628, 608, 583, 560, 536, 517, 500, 481, 458, 422, 394, 390, 356, 348, 306, 289, 276, 243, 227, 212, 181, 172, 133, 116, 92, 69, 70, 71
653, 629, 628, 608, 583, 560, 536, 517, 500, 481, 458, 422, 394, 390, 356, 348, 306, 289, 276, 243, 227, 212, 181, 172, 133, 116, 117, 118, 94, 72
653, 629, 628, 608, 583, 560, 536, 517, 500, 481, 458, 422, 394, 390, 356, 348, 306, 289, 276, 243, 227, 212, 181, 172, 133, 116, 117, 118, 119, 95, 73
653, 629, 628, 608, 583, 560, 536, 517, 500, 481, 458, 422, 394, 390, 356, 348, 306, 289, 276, 243, 227, 212, 181, 172, 133, 116, 117, 118, 119, 95, 73, 74
653, 629, 607, 584, 559, 539, 515, 498, 462, 455, 426, 398, 372, 373, 374, 375, 371, 336, 320, 298, 267, 254, 237, 199, 193, 162, 144, 124, 100, 77, 76, 75
653, 629, 607, 584, 559, 539, 515, 498, 462, 455, 426, 398, 372, 373, 374, 375, 371, 336, 320, 298, 267, 254, 237, 199, 193, 162, 144, 124, 100, 77, 76
653, 629, 607, 584, 559, 539, 515, 498, 462, 455, 426, 398, 372, 373, 374, 375, 371, 336, 320, 298, 267, 254, 237, 199, 193, 162, 144, 124, 100, 77
653, 629, 607, 584, 559, 539, 515, 498, 462, 455, 426, 398, 372, 352, 331, 332, 323, 295, 269, 268, 253, 236, 221, 192, 161, 145, 125, 101, 78
653, 629, 607, 584, 559, 539, 515, 498, 462, 455, 426, 398, 372, 352, 331, 332, 323, 295, 269, 252, 235, 220, 191, 160, 146, 126, 102, 79
653, 629, 607, 584, 559, 539, 515, 498, 462, 455, 426, 398, 372, 352, 331, 332, 323, 295, 269, 252, 235, 220, 191, 160, 146, 126, 103, 80
653, 629, 607, 584, 559, 539, 515, 498, 462, 455, 426, 398, 372, 352, 331, 324, 294, 270, 251, 233, 219, 190, 159, 147, 127, 104, 81
653, 629, 607, 584, 559, 539, 515, 498, 462, 455, 426, 398, 372, 352, 331, 324, 294, 270, 251, 233, 219, 190, 158, 148, 128, 105, 82
653, 629, 607, 584, 559, 539, 515, 498, 462, 455, 426, 397, 392, 353, 330, 325, 293, 272, 249, 232, 217, 187, 156, 150, 130, 106, 83
653, 629, 628, 608, 583, 560, 536, 517, 500, 481, 458, 422, 394, 390, 355, 328, 327, 291, 274, 247, 230, 216, 185, 177, 151, 110, 107, 84
653, 629, 628, 608, 583, 560, 536, 517, 500, 481, 458, 422, 394, 390, 355, 328, 327, 291, 274, 247, 230, 216, 185, 177, 151, 110, 108, 85
653, 629, 628, 608, 583, 560, 536, 517, 500, 481, 458, 422, 394, 390, 356, 348, 306, 289, 276, 244, 228, 213, 183, 175, 153, 113, 89, 86
653, 629, 628, 608, 583, 560, 536, 517, 500, 481, 458, 422, 394, 390, 356, 348, 306, 289, 276, 243, 227, 212, 182, 173, 154, 114, 90, 87
653, 629, 628, 608, 583, 560, 536, 517, 500, 481, 458, 422, 394, 390, 356, 348, 306, 289, 276, 243, 227, 212, 181, 172, 132, 115, 91, 88
653, 629, 628, 608, 583, 560, 536, 517, 500, 481, 458, 422, 394, 390, 356, 348, 306, 289, 276, 244, 228, 213, 183, 175, 153, 113, 89
653, 629, 628, 608, 583, 560, 536, 517, 500, 481, 458, 422, 394, 390, 356, 348, 306, 289, 276, 243, 227, 212, 182, 173, 154, 114, 90
653, 629, 628, 608, 583, 560, 536, 517, 500, 481, 458, 422, 394, 390, 356, 348, 306, 289, 276, 243, 227, 212, 181, 172, 132, 115, 91
653, 629, 628, 608, 583, 560, 536, 517, 500, 481, 458, 422, 394, 390, 356, 348, 306, 289, 276, 243, 227, 212, 181, 172, 133, 116, 92
653, 629, 628, 608, 583, 560, 536, 517, 500, 481, 458, 422, 394, 390, 356, 348, 306, 289, 276, 243, 227, 212, 181, 172, 133, 116, 92, 93
653, 629, 628, 608, 583, 560, 536, 517, 500, 481, 458, 422, 394, 390, 356, 348, 306, 289, 276, 243, 227, 212, 181, 172, 133, 116, 117, 118, 94
653, 629, 628, 608, 583, 560, 536, 517, 500, 481, 458, 422, 394, 390, 356, 348, 306, 289, 276, 243, 227, 212, 181, 172, 133, 116, 117, 118, 119, 95
653, 629, 628, 608, 583, 560, 536, 517, 500, 481, 458, 422, 394, 390, 356, 348, 306, 289, 276, 243, 227, 212, 181, 172, 133, 116, 117, 118, 119, 95, 96
653, 629, 628, 608, 583, 560, 536, 517, 500, 481, 458, 422, 394, 390, 356, 348, 306, 289, 276, 243, 227, 212, 181, 172, 133, 116, 117, 118, 119, 95, 96, 97
653, 629, 607, 584, 559, 539, 515, 498, 462, 455, 426, 398, 372, 373, 374, 375, 371, 336, 320, 298, 267, 254, 237, 199, 193, 162, 144, 124, 100, 99, 98
653, 629, 607, 584, 559, 539, 515, 498, 462, 455, 426, 398, 372, 373, 374, 375, 371, 336, 320, 298, 267, 254, 237, 199, 193, 162, 144, 124, 100, 99
