815, 832, 872, 895, 908, 941, 955, 976, 1007, 1018, 1050, 1060, 1081, 1104, 1127, 1148, 1167, 1195, 1218, 1230, 1257, 1289, 1292, 1316, 1337, 1355, 1371, 1396, 1423, 1449, 1463, 1493, 1504, 1529, 1538, 0
815, 832, 872, 895, 908, 941, 955, 976, 1007, 1018, 1050, 1060, 1081, 1104, 1127, 1148, 1167, 1195, 1218, 1230, 1257, 1289, 1292, 1316, 1337, 1355, 1371, 1396, 1423, 1449, 1463, 1493, 1504, 1529, 1538, 1
815, 814, 831, 873, 892, 907, 940, 956, 975, 1005, 1016, 1049, 1058, 1080, 1103, 1126, 1149, 1168, 1196, 1219, 1229, 1256, 1288, 1291, 1315, 1336, 1354, 1370, 1398, 1424, 1447, 1462, 1491, 1503, 1530, 1537, 2
815, 814, 831, 873, 892, 907, 940, 956, 975, 1005, 1016, 1049, 1058, 1080, 1103, 1126, 1149, 1168, 1196, 1219, 1229, 1256, 1288, 1291, 1315, 1336, 1354, 1370, 1398, 1424, 1447, 1462, 1491, 1503, 1530, 1537, 3
815, 787, 786, 779, 756, 721, 702, 681, 672, 651, 632, 604, 585, 584, 583, 560, 536, 517, 500, 481, 458, 422, 394, 390, 356, 348, 306, 289, 276, 243, 227, 212, 182, 173, 154, 114, 90, 87, 48, 24, 4
815, 787, 786, 779, 756, 721, 702, 681, 672, 651, 632, 604, 585, 584, 583, 560, 536, 517, 500, 481, 458, 422, 394, 390, 356, 348, 306, 289, 276, 243, 227, 212, 181, 172, 132, 115, 91, 88, 49, 23, 5
815, 787, 786, 779, 756, 721, 702, 681, 672, 651, 632, 604, 585, 584, 583, 560, 536, 517, 500, 481, 458, 422, 394, 390, 356, 348, 306, 289, 276, 243, 227, 212, 181, 172, 133, 116, 92, 69, 50, 45, 6
815, 787, 786, 779, 756, 721, 702, 681, 672, 651, 632, 604, 585, 584, 583, 560, 536, 517, 500, 481, 458, 422, 394, 390, 356, 348, 306, 289, 276, 243, 227, 212, 181, 172, 133, 116, 92, 69, 50, 44, 7
815, 787, 786, 779, 756, 721, 702, 681, 672, 651, 632, 604, 585, 584, 583, 560, 536, 517, 500, 481, 458, 422, 394, 390, 356, 348, 306, 289, 276, 243, 227, 212, 181, 172, 133, 116, 92, 69, 50, 44, 8
815, 787, 786, 779, 756, 721, 702, 681, 672, 651, 632, 604, 585, 584, 583, 560, 536, 517, 500, 481, 458, 422, 394, 390, 356, 348, 306, 289, 276, 243, 227, 212, 181, 172, 133, 116, 92, 69, 50, 44, 8, 9
815, 787, 758, 755, 720, 703, 680, 669, 649, 615, 600, 588, 553, 543, 510, 493, 492, 467, 448, 432, 403, 378, 368, 338, 318, 300, 265, 257, 239, 201, 195, 196, 166, 140, 139, 120, 95, 73, 54, 41, 10
815, 832, 872, 895, 908, 941, 955, 977, 1008, 1019, 1032, 1063, 1083, 1107, 1131, 1145, 1162, 1189, 1213, 1235, 1262, 1273, 1298, 1322, 1323, 1343, 1344, 1363, 1379, 1409, 1414, 1413, 1438, 1452, 1482, 1495, 1518, 1549, 1550, 11
815, 787, 758, 755, 720, 703, 680, 669, 649, 615, 600, 588, 553, 543, 510, 493, 492, 467, 448, 432, 403, 378, 368, 338, 318, 300, 265, 257, 239, 201, 195, 165, 141, 122, 98, 75, 57, 37, 12
815, 787, 758, 755, 720, 703, 680, 669, 649, 615, 600, 588, 553, 543, 510, 493, 466, 450, 430, 401, 375, 371, 336, 320, 298, 267, 254, 237, 199, 193, 162, 144, 124, 100, 77, 59, 35, 14, 13
815, 787, 758, 755, 720, 703, 680, 669, 649, 615, 600, 588, 553, 543, 510, 493, 466, 450, 430, 401, 375, 371, 336, 320, 298, 267, 254, 237, 199, 193, 162, 144, 124, 100, 77, 59, 35, 14
815, 787, 758, 755, 720, 703, 680, 669, 649, 615, 600, 588, 553, 543, 510, 493, 466, 450, 430, 401, 375, 371, 336, 320, 298, 267, 254, 237, 199, 193, 162, 144, 145, 125, 101, 78, 60, 33, 15
815, 832, 872, 895, 908, 941, 955, 977, 1008, 1019, 1032, 1063, 1083, 1107, 1131, 1145, 1162, 1189, 1213, 1235, 1262, 1273, 1298, 1322, 1342, 1361, 1376, 1390, 1417, 1433, 1469, 1477, 1510, 1523, 1543, 16
815, 832, 872, 895, 908, 941, 955, 977, 1008, 1019, 1032, 1063, 1083, 1107, 1131, 1145, 1163, 1190, 1214, 1234, 1261, 1271, 1296, 1319, 1340, 1359, 1374, 1392, 1419, 1432, 1468, 1476, 1509, 1525, 1542, 17
815, 832, 872, 895, 908, 941, 955, 977, 1008, 1019, 1032, 1063, 1083, 1107, 1131, 1145, 1163, 1190, 1214, 1234, 1261, 1271, 1296, 1319, 1340, 1359, 1374, 1392, 1420, 1431, 1467, 1475, 1508, 1526, 1541, 18
815, 832, 872, 895, 908, 941, 955, 977, 1008, 1019, 1032, 1063, 1083, 1107, 1131, 1145, 1163, 1190, 1214, 1234, 1261, 1271, 1296, 1319, 1340, 1359, 1374, 1392, 1420, 1431, 1467, 1475, 1508, 1526, 1541, 19
815, 832, 872, 895, 908, 941, 955, 977, 1008, 1019, 1032, 1063, 1083, 1107, 1130, 1146, 1165, 1191, 1216, 1233, 1260, 1270, 1295, 1318, 1339, 1358, 1373, 1393, 1421, 1451, 1465, 1474, 1507, 1527, 1540, 20
815, 832, 872, 895, 908, 941, 955, 976, 1007, 1018, 1050, 1060, 1081, 1104, 1127, 1148, 1167, 1195, 1218, 1230, 1257, 1289, 1292, 1316, 1337, 1355, 1371, 1396, 1423, 1449, 1463, 1493, 1505, 1528, 1539, 21
815, 787, 786, 779, 756, 721, 702, 681, 672, 651, 632, 604, 585, 584, 583, 560, 536, 517, 500, 481, 458, 422, 394, 390, 356, 348, 306, 289, 276, 243, 227, 212, 181, 172, 132, 115, 91, 88, 49, 22
815, 787, 786, 779, 756, 721, 702, 681, 672, 651, 632, 604, 585, 584, 583, 560, 536, 517, 500, 481, 458, 422, 394, 390, 356, 348, 306, 289, 276, 243, 227, 212, 181, 172, 132, 115, 91, 88, 49, 23
815, 787, 786, 779, 756, 721, 702, 681, 672, 651, 632, 604, 585, 584, 583, 560, 536, 517, 500, 481, 458, 422, 394, 390, 356, 348, 306, 289, 276, 243, 227, 212, 182, 173, 154, 114, 90, 87, 48, 24
815, 814, 831, 873, 892, 907, 940, 956, 975, 1005, 1016, 1049, 1058, 1080, 1103, 1126, 1149, 1168, 1196, 1219, 1229, 1256, 1288, 1291, 1315, 1336, 1354, 1370, 1398, 1424, 1447, 1462, 1491, 1503, 1530, 1537, 3, 25
815, 832, 872, 895, 908, 941, 955, 976, 1007, 1018, 1050, 1060, 1081, 1104, 1127, 1148, 1167, 1195, 1218, 1230, 1257, 1289, 1292, 1316, 1337, 1355, 1371, 1396, 1423, 1449, 1463, 1493, 1504, 1529, 1538, 0, 26
815, 832, 872, 895, 908, 941, 955, 976, 1007, 1018, 1050, 1060, 1081, 1104, 1127, 1148, 1167, 1195, 1218, 1230, 1257, 1289, 1292, 1316, 1337, 1355, 1371, 1396, 1423, 1449, 1463, 1493, 1505, 1528, 1539, 21, 27
815, 832, 872, 895, 908, 941, 955, 976, 1007, 1018, 1050, 1060, 1081, 1104, 1127, 1148, 1167, 1195, 1218, 1230, 1257, 1289, 1292, 1316, 1337, 1355, 1371, 1396, 1423, 1449, 1463, 1493, 1505, 1528, 1539, 21, 28
815, 832, 872, 895, 908, 941, 955, 977, 1008, 1019, 1032, 1063, 1083, 1107, 1130, 1146, 1165, 1191, 1216, 1233, 1260, 1270, 1295, 1318, 1339, 1358, 1373, 1393, 1421, 1451, 1465, 1474, 1507, 1527, 1540, 20, 29
815, 787, 758, 755, 720, 703, 680, 669, 649, 615, 600, 588, 554, 542, 512, 494, 465, 452, 428, 400, 374, 350, 333, 323, 295, 269, 270, 251, 233, 219, 190, 158, 148, 128, 105, 82, 63, 30
815, 832, 872, 895, 908, 941, 955, 977, 1008, 1019, 1032, 1063, 1083, 1107, 1131, 1145, 1163, 1190, 1214, 1234, 1261, 1271, 1296, 1319, 1340, 1359, 1374, 1392, 1419, 1432, 1468, 1476, 1509, 1525, 1542, 17, 31
815, 787, 758, 755, 720, 703, 680, 669, 649, 615, 600, 588, 554, 542, 512, 494, 465, 452, 428, 400, 374, 350, 333, 323, 295, 269, 252, 235, 220, 191, 160, 146, 126, 103, 80, 61, 32
815, 787, 758, 755, 720, 703, 680, 669, 649, 615, 600, 588, 553, 543, 510, 493, 466, 450, 430, 401, 375, 371, 336, 320, 298, 267, 254, 237, 199, 193, 162, 144, 145, 125, 101, 78, 60, 33
815, 787, 758, 755, 720, 703, 680, 669, 649, 615, 600, 588, 553, 543, 510, 493, 466, 450, 430, 401, 375, 371, 336, 320, 298, 267, 254, 237, 199, 193, 162, 144, 145, 125, 101, 78, 60, 34
815, 787, 758, 755, 720, 703, 680, 669, 649, 615, 600, 588, 553, 543, 510, 493, 466, 450, 430, 401, 375, 371, 336, 320, 298, 267, 254, 237, 199, 193, 162, 144, 124, 100, 77, 59, 35
815, 787, 758, 755, 720, 703, 680, 669, 649, 615, 600, 588, 553, 543, 510, 493, 466, 450, 430, 401, 375, 371, 336, 320, 298, 267, 254, 237, 199, 193, 162, 144, 124, 100, 77, 59, 35, 36
815, 787, 758, 755, 720, 703, 680, 669, 649, 615, 600, 588, 553, 543, 510, 493, 492, 467, 448, 432, 403, 378, 368, 338, 318, 300, 265, 257, 239, 201, 195, 165, 141, 122, 98, 75, 57, 37
815, 787, 758, 755, 720, 703, 680, 669, 649, 615, 600, 588, 553, 543, 510, 493, 492, 467, 448, 432, 403, 378, 368, 338, 318, 300, 265, 257, 239, 201, 195, 165, 141, 122, 98, 75, 57, 37, 38
815, 787, 758, 755, 720, 703, 680, 669, 649, 615, 600, 588, 553, 543, 510, 493, 492, 467, 448, 432, 403, 378, 368, 338, 318, 300, 265, 257, 239, 201, 195, 165, 141, 122, 98, 75, 57, 37, 38, 39
815, 787, 758, 755, 720, 703, 680, 669, 649, 615, 600, 588, 553, 543, 510, 493, 492, 467, 448, 432, 403, 378, 368, 338, 318, 300, 265, 257, 239, 201, 195, 196, 166, 140, 121, 96, 74, 55, 40
815, 787, 758, 755, 720, 703, 680, 669, 649, 615, 600, 588, 553, 543, 510, 493, 492, 467, 448, 432, 403, 378, 368, 338, 318, 300, 265, 257, 239, 201, 195, 196, 166, 140, 139, 120, 95, 73, 54, 41
815, 787, 786, 779, 756, 721, 702, 681, 672, 651, 632, 604, 585, 584, 583, 560, 536, 517, 500, 481, 458, 422, 394, 390, 356, 348, 306, 289, 276, 243, 227, 212, 181, 172, 133, 116, 92, 69, 50, 44, 43, 42
815, 787, 786, 779, 756, 721, 702, 681, 672, 651, 632, 604, 585, 584, 583, 560, 536, 517, 500, 481, 458, 422, 394, 390, 356, 348, 306, 289, 276, 243, 227, 212, 181, 172, 133, 116, 92, 69, 50, 44, 43
815, 787, 786, 779, 756, 721, 702, 681, 672, 651, 632, 604, 585, 584, 583, 560, 536, 517, 500, 481, 458, 422, 394, 390, 356, 348, 306, 289, 276, 243, 227, 212, 181, 172, 133, 116, 92, 69, 50, 44
815, 787, 786, 779, 756, 721, 702, 681, 672, 651, 632, 604, 585, 584, 583, 560, 536, 517, 500, 481, 458, 422, 394, 390, 356, 348, 306, 289, 276, 243, 227, 212, 181, 172, 133, 116, 92, 69, 50, 45
815, 787, 786, 779, 756, 721, 702, 681, 672, 651, 632, 604, 585, 584, 583, 560, 536, 517, 500, 481, 458, 422, 394, 390, 356, 348, 306, 289, 276, 244, 228, 213, 183, 175, 153, 113, 89, 86, 46
815, 787, 786, 779, 756, 721, 702, 681, 672, 651, 632, 604, 585, 584, 583, 560, 536, 517, 500, 481, 458, 422, 394, 390, 356, 348, 306, 289, 276, 244, 228, 213, 183, 175, 153, 113, 89, 86, 47
815, 787, 786, 779, 756, 721, 702, 681, 672, 651, 632, 604, 585, 584, 583, 560, 536, 517, 500, 481, 458, 422, 394, 390, 356, 348, 306, 289, 276, 243, 227, 212, 182, 173, 154, 114, 90, 87, 48
815, 787, 786, 779, 756, 721, 702, 681, 672, 651, 632, 604, 585, 584, 583, 560, 536, 517, 500, 481, 458, 422, 394, 390, 356, 348, 306, 289, 276, 243, 227, 212, 181, 172, 132, 115, 91, 88, 49
815, 787, 786, 779, 756, 721, 702, 681, 672, 651, 632, 604, 585, 584, 583, 560, 536, 517, 500, 481, 458, 422, 394, 390, 356, 348, 306, 289, 276, 243, 227, 212, 181, 172, 133, 116, 92, 69, 50
815, 787, 786, 779, 756, 721, 702, 681, 672, 651, 632, 604, 585, 584, 583, 560, 536, 517, 500, 481, 458, 422, 394, 390, 356, 348, 306, 289, 276, 243, 227, 212, 181, 172, 133, 116, 92, 69, 50, 51
815, 787, 786, 779, 756, 721, 702, 681, 672, 651, 632, 604, 585, 584, 583, 560, 536, 517, 500, 481, 458, 422, 394, 390, 356, 348, 306, 289, 276, 243, 227, 212, 181, 172, 133, 116, 92, 69, 50, 51, 52
815, 787, 786, 779, 756, 721, 702, 681, 672, 651, 632, 604, 585, 584, 583, 560, 536, 517, 500, 481, 458, 422, 394, 390, 356, 348, 306, 289, 276, 243, 227, 212, 181, 172, 133, 116, 92, 69, 50, 51, 52, 53
815, 787, 758, 755, 720, 703, 680, 669, 649, 615, 600, 588, 553, 543, 510, 493, 492, 467, 448, 432, 403, 378, 368, 338, 318, 300, 265, 257, 239, 201, 195, 196, 166, 140, 139, 120, 95, 73, 54
815, 787, 758, 755, 720, 703, 680, 669, 649, 615, 600, 588, 553, 543, 510, 493, 492, 467, 448, 432, 403, 378, 368, 338, 318, 300, 265, 257, 239, 201, 195, 196, 166, 140, 121, 96, 74, 55
815, 787, 758, 755, 720, 703, 680, 669, 649, 615, 600, 588, 553, 543, 510, 493, 492, 467, 448, 432, 403, 378, 368, 338, 318, 300, 265, 257, 239, 201, 195, 196, 166, 140, 121, 96, 74, 56
815, 787, 758, 755, 720, 703, 680, 669, 649, 615, 600, 588, 553, 543, 510, 493, 492, 467, 448, 432, 403, 378, 368, 338, 318, 300, 265, 257, 239, 201, 195, 165, 141, 122, 98, 75, 57
815, 787, 758, 755, 720, 703, 680, 669, 649, 615, 600, 588, 553, 543, 510, 493, 466, 450, 430, 401, 375, 371, 336, 320, 298, 267, 254, 237, 199, 193, 162, 144, 124, 100, 77, 76, 58
815, 787, 758, 755, 720, 703, 680, 669, 649, 615, 600, 588, 553, 543, 510, 493, 466, 450, 430, 401, 375, 371, 336, 320, 298, 267, 254, 237, 199, 193, 162, 144, 124, 100, 77, 59
815, 787, 758, 755, 720, 703, 680, 669, 649, 615, 600, 588, 553, 543, 510, 493, 466, 450, 430, 401, 375, 371, 336, 320, 298, 267, 254, 237, 199, 193, 162, 144, 145, 125, 101, 78, 60
815, 787, 758, 755, 720, 703, 680, 669, 649, 615, 600, 588, 554, 542, 512, 494, 465, 452, 428, 400, 374, 350, 333, 323, 295, 269, 252, 235, 220, 191, 160, 146, 126, 103, 80, 61
815, 787, 758, 755, 720, 703, 680, 669, 649, 615, 600, 588, 554, 542, 512, 494, 465, 452, 428, 400, 374, 350, 333, 323, 295, 269, 252, 235, 220, 191, 159, 147, 127, 104, 81, 62
815, 787, 758, 755, 720, 703, 680, 669, 649, 615, 600, 588, 554, 542, 512, 494, 465, 452, 428, 400, 374, 350, 333, 323, 295, 269, 270, 251, 233, 219, 190, 158, 148, 128, 105, 82, 63
815, 832, 872, 895, 908, 941, 955, 977, 1008, 1019, 1032, 1063, 1083, 1107, 1130, 1146, 1165, 1191, 1216, 1233, 1260, 1270, 1295, 1318, 1339, 1358, 1373, 1393, 1421, 1451, 1465, 1474, 1507, 1527, 1540, 20, 29, 64
815, 832, 872, 895, 908, 941, 955, 976, 1007, 1018, 1050, 1060, 1081, 1104, 1127, 1148, 1167, 1195, 1218, 1230, 1257, 1289, 1292, 1316, 1337, 1355, 1371, 1396, 1423, 1449, 1463, 1493, 1505, 1528, 1539, 21, 27, 65
815, 832, 872, 895, 908, 941, 955, 976, 1007, 1018, 1050, 1060, 1081, 1104, 1127, 1148, 1167, 1195, 1218, 1230, 1257, 1289, 1292, 1316, 1337, 1355, 1371, 1396, 1423, 1449, 1463, 1493, 1504, 1529, 1538, 0, 26, 66
815, 832, 872, 895, 908, 941, 955, 976, 1007, 1018, 1050, 1060, 1081, 1104, 1127, 1148, 1167, 1195, 1218, 1230, 1257, 1289, 1292, 1316, 1337, 1355, 1371, 1396, 1423, 1449, 1463, 1493, 1504, 1529, 1538, 0, 26, 67
815, 787, 786, 779, 756, 721, 702, 681, 672, 651, 632, 604, 585, 584, 583, 560, 536, 517, 500, 481, 458, 422, 394, 390, 356, 348, 306, 289, 276, 243, 227, 212, 181, 172, 132, 115, 91, 68
815, 787, 786, 779, 756, 721, 702, 681, 672, 651, 632, 604, 585, 584, 583, 560, 536, 517, 500, 481, 458, 422, 394, 390, 356, 348, 306, 289, 276, 243, 227, 212, 181, 172, 133, 116, 92, 69
815, 787, 786, 779, 756, 721, 702, 681, 672, 651, 632, 604, 585, 584, 583, 560, 536, 517, 500, 481, 458, 422, 394, 390, 356, 348, 306, 289, 276, 243, 227, 212, 181, 172, 133, 116, 92, 69, 70
815, 787, 786, 779, 756, 721, 702, 681, 672, 651, 632, 604, 585, 584, 583, 560, 536, 517, 500, 481, 458, 422, 394, 390, 356, 348, 306, 289, 276, 243, 227, 212, 181, 172, 133, 116, 92, 69, 70, 71
815, 787, 786, 779, 756, 721, 702, 681, 672, 651, 632, 604, 585, 584, 583, 560, 536, 517, 500, 481, 458, 422, 394, 390, 356, 348, 306, 289, 276, 243, 227, 212, 181, 172, 133, 116, 117, 118, 94, 72
815, 787, 758, 755, 720, 703, 680, 669, 649, 615, 600, 588, 553, 543, 510, 493, 492, 467, 448, 432, 403, 378, 368, 338, 318, 300, 265, 257, 239, 201, 195, 196, 166, 140, 139, 120, 95, 73
815, 787, 758, 755, 720, 703, 680, 669, 649, 615, 600, 588, 553, 543, 510, 493, 492, 467, 448, 432, 403, 378, 368, 338, 318, 300, 265, 257, 239, 201, 195, 196, 166, 140, 121, 96, 74
815, 787, 758, 755, 720, 703, 680, 669, 649, 615, 600, 588, 553, 543, 510, 493, 492, 467, 448, 432, 403, 378, 368, 338, 318, 300, 265, 257, 239, 201, 195, 165, 141, 122, 98, 75
815, 787, 758, 755, 720, 703, 680, 669, 649, 615, 600, 588, 553, 543, 510, 493, 466, 450, 430, 401, 375, 371, 336, 320, 298, 267, 254, 237, 199, 193, 162, 144, 124, 100, 77, 76
815, 787, 758, 755, 720, 703, 680, 669, 649, 615, 600, 588, 553, 543, 510, 493, 466, 450, 430, 401, 375, 371, 336, 320, 298, 267, 254, 237, 199, 193, 162, 144, 124, 100, 77
815, 787, 758, 755, 720, 703, 680, 669, 649, 615, 600, 588, 553, 543, 510, 493, 466, 450, 430, 401, 375, 371, 336, 320, 298, 267, 254, 237, 199, 193, 162, 144, 145, 125, 101, 78
815, 787, 758, 755, 720, 703, 680, 669, 649, 615, 600, 588, 554, 542, 512, 494, 465, 452, 428, 400, 374, 350, 333, 323, 295, 269, 252, 235, 220, 191, 160, 146, 126, 102, 79
815, 787, 758, 755, 720, 703, 680, 669, 649, 615, 600, 588, 554, 542, 512, 494, 465, 452, 428, 400, 374, 350, 333, 323, 295, 269, 252, 235, 220, 191, 160, 146, 126, 103, 80
815, 787, 758, 755, 720, 703, 680, 669, 649, 615, 600, 588, 554, 542, 512, 494, 465, 452, 428, 400, 374, 350, 333, 323, 295, 269, 252, 235, 220, 191, 159, 147, 127, 104, 81
815, 787, 758, 755, 720, 703, 680, 669, 649, 615, 600, 588, 554, 542, 512, 494, 465, 452, 428, 400, 374, 350, 333, 323, 295, 269, 270, 251, 233, 219, 190, 158, 148, 128, 105, 82
815, 787, 786, 779, 756, 721, 702, 681, 672, 651, 632, 604, 585, 558, 540, 514, 496, 463, 454, 427, 399, 373, 352, 331, 324, 293, 272, 249, 232, 217, 187, 156, 150, 130, 106, 83
815, 832, 872, 895, 908, 941, 955, 976, 1007, 1018, 1050, 1060, 1081, 1104, 1127, 1148, 1167, 1195, 1218, 1230, 1257, 1289, 1292, 1316, 1337, 1355, 1371, 1396, 1423, 1449, 1463, 1493, 1505, 1528, 1539, 21, 27, 65, 84
815, 787, 786, 779, 756, 721, 702, 681, 672, 651, 632, 604, 585, 558, 540, 514, 496, 463, 454, 427, 399, 373, 352, 331, 324, 293, 272, 249, 232, 217, 187, 186, 177, 151, 110, 108, 85
815, 787, 786, 779, 756, 721, 702, 681, 672, 651, 632, 604, 585, 584, 583, 560, 536, 517, 500, 481, 458, 422, 394, 390, 356, 348, 306, 289, 276, 244, 228, 213, 183, 175, 153, 113, 89, 86
815, 787, 786, 779, 756, 721, 702, 681, 672, 651, 632, 604, 585, 584, 583, 560, 536, 517, 500, 481, 458, 422, 394, 390, 356, 348, 306, 289, 276, 243, 227, 212, 182, 173, 154, 114, 90, 87
815, 787, 786, 779, 756, 721, 702, 681, 672, 651, 632, 604, 585, 584, 583, 560, 536, 517, 500, 481, 458, 422, 394, 390, 356, 348, 306, 289, 276, 243, 227, 212, 181, 172, 132, 115, 91, 88
815, 787, 786, 779, 756, 721, 702, 681, 672, 651, 632, 604, 585, 584, 583, 560, 536, 517, 500, 481, 458, 422, 394, 390, 356, 348, 306, 289, 276, 244, 228, 213, 183, 175, 153, 113, 89
815, 787, 786, 779, 756, 721, 702, 681, 672, 651, 632, 604, 585, 584, 583, 560, 536, 517, 500, 481, 458, 422, 394, 390, 356, 348, 306, 289, 276, 243, 227, 212, 182, 173, 154, 114, 90
815, 787, 786, 779, 756, 721, 702, 681, 672, 651, 632, 604, 585, 584, 583, 560, 536, 517, 500, 481, 458, 422, 394, 390, 356, 348, 306, 289, 276, 243, 227, 212, 181, 172, 132, 115, 91
815, 787, 786, 779, 756, 721, 702, 681, 672, 651, 632, 604, 585, 584, 583, 560, 536, 517, 500, 481, 458, 422, 394, 390, 356, 348, 306, 289, 276, 243, 227, 212, 181, 172, 133, 116, 92
815, 787, 786, 779, 756, 721, 702, 681, 672, 651, 632, 604, 585, 584, 583, 560, 536, 517, 500, 481, 458, 422, 394, 390, 356, 348, 306, 289, 276, 243, 227, 212, 181, 172, 133, 116, 92, 93
815, 787, 786, 779, 756, 721, 702, 681, 672, 651, 632, 604, 585, 584, 583, 560, 536, 517, 500, 481, 458, 422, 394, 390, 356, 348, 306, 289, 276, 243, 227, 212, 181, 172, 133, 116, 117, 118, 94
815, 787, 758, 755, 720, 703, 680, 669, 649, 615, 600, 588, 553, 543, 510, 493, 492, 467, 448, 432, 403, 378, 368, 338, 318, 300, 265, 257, 239, 201, 195, 196, 166, 140, 139, 120, 95
815, 787, 758, 755, 720, 703, 680, 669, 649, 615, 600, 588, 553, 543, 510, 493, 492, 467, 448, 432, 403, 378, 368, 338, 318, 300, 265, 257, 239, 201, 195, 196, 166, 140, 121, 96
815, 787, 758, 755, 720, 703, 680, 669, 649, 615, 600, 588, 553, 543, 510, 493, 492, 467, 448, 432, 403, 378, 368, 338, 318, 300, 265, 257, 239, 201, 195, 165, 141, 122, 97
815, 787, 758, 755, 720, 703, 680, 669, 649, 615, 600, 588, 553, 543, 510, 493, 492, 467, 448, 432, 403, 378, 368, 338, 318, 300, 265, 257, 239, 201, 195, 165, 141, 122, 98
815, 787, 758, 755, 720, 703, 680, 669, 649, 615, 600, 588, 553, 543, 510, 493, 466, 449, 431, 402, 376, 370, 337, 319, 299, 266, 255, 238, 200, 194, 164, 142, 123, 99
