927, 949, 987, 994, 1026, 1040, 1041, 1042, 1074, 1092, 1095, 1096, 1097, 1121, 1153, 1171, 1200, 1199, 1221, 1228, 1255, 1256, 1289, 1292, 1316, 1337, 1355, 1371, 1396, 1423, 1449, 1463, 1493, 1504, 1529, 1538, 0
927, 949, 987, 994, 1026, 1040, 1041, 1042, 1074, 1092, 1095, 1096, 1097, 1121, 1153, 1171, 1200, 1199, 1221, 1228, 1255, 1256, 1289, 1292, 1316, 1337, 1355, 1371, 1396, 1423, 1449, 1463, 1493, 1504, 1529, 1538, 1
927, 949, 987, 994, 1026, 1040, 1041, 1042, 1074, 1092, 1095, 1096, 1097, 1121, 1153, 1171, 1200, 1199, 1221, 1228, 1255, 1287, 1288, 1291, 1315, 1336, 1354, 1370, 1398, 1424, 1447, 1462, 1491, 1503, 1530, 1537, 2
927, 916, 878, 863, 840, 823, 797, 767, 747, 732, 712, 692, 662, 642, 622, 590, 576, 567, 530, 523, 484, 474, 441, 416, 411, 385, 360, 345, 309, 285, 286, 287, 277, 264, 227, 212, 182, 173, 154, 114, 90, 87, 48, 24, 4, 3
927, 916, 878, 863, 840, 823, 797, 767, 747, 732, 712, 692, 662, 642, 622, 590, 576, 567, 530, 523, 484, 474, 441, 416, 411, 385, 360, 345, 309, 285, 286, 287, 277, 264, 227, 212, 182, 173, 154, 114, 90, 87, 48, 24, 4
927, 916, 878, 863, 840, 823, 797, 767, 747, 732, 712, 692, 662, 642, 622, 590, 576, 567, 530, 523, 484, 474, 441, 416, 411, 385, 360, 345, 309, 285, 278, 263, 226, 211, 180, 172, 132, 115, 91, 88, 49, 23, 5
927, 949, 986, 993, 1025, 1038, 1068, 1087, 1112, 1135, 1140, 1159, 1184, 1209, 1208, 1242, 1247, 1278, 1303, 1326, 1346, 1347, 1366, 1382, 1406, 1412, 1439, 1440, 1455, 1485, 1486, 1499, 1534, 1553, 1554, 6
927, 949, 986, 993, 1025, 1038, 1068, 1087, 1112, 1135, 1140, 1159, 1184, 1209, 1208, 1242, 1247, 1278, 1303, 1326, 1346, 1347, 1366, 1382, 1406, 1412, 1439, 1440, 1455, 1485, 1498, 1514, 1552, 8, 7
927, 949, 986, 993, 1025, 1038, 1068, 1087, 1112, 1135, 1140, 1159, 1184, 1209, 1208, 1242, 1247, 1278, 1303, 1326, 1346, 1347, 1366, 1382, 1406, 1412, 1439, 1440, 1455, 1485, 1498, 1514, 1552, 8
927, 949, 986, 993, 1025, 1038, 1068, 1087, 1112, 1135, 1140, 1159, 1184, 1209, 1208, 1242, 1247, 1278, 1303, 1326, 1346, 1347, 1366, 1382, 1406, 1412, 1439, 1440, 1455, 1485, 1498, 1514, 1552, 9
927, 949, 986, 993, 1025, 1038, 1068, 1087, 1112, 1135, 1140, 1159, 1184, 1209, 1208, 1242, 1247, 1278, 1303, 1326, 1346, 1347, 1366, 1382, 1406, 1412, 1439, 1453, 1454, 1484, 1497, 1515, 1551, 10
927, 949, 986, 993, 1025, 1038, 1068, 1087, 1112, 1135, 1140, 1159, 1184, 1209, 1208, 1242, 1247, 1278, 1303, 1326, 1346, 1347, 1366, 1382, 1406, 1412, 1439, 1453, 1483, 1496, 1517, 1550, 11
927, 949, 986, 993, 1025, 1038, 1068, 1087, 1112, 1135, 1140, 1159, 1184, 1209, 1208, 1242, 1247, 1278, 1303, 1326, 1346, 1365, 1381, 1407, 1413, 1438, 1452, 1482, 1495, 1518, 1548, 12
927, 949, 986, 993, 1025, 1038, 1068, 1087, 1112, 1135, 1140, 1159, 1184, 1209, 1240, 1266, 1277, 1302, 1325, 1345, 1364, 1380, 1408, 1414, 1437, 1472, 1481, 1513, 1519, 1546, 13
927, 949, 986, 993, 1025, 1038, 1068, 1087, 1111, 1134, 1141, 1160, 1186, 1210, 1239, 1265, 1276, 1300, 1324, 1344, 1363, 1379, 1410, 1415, 1435, 1471, 1480, 1512, 1520, 1545, 14
927, 949, 986, 993, 1025, 1038, 1068, 1087, 1111, 1134, 1141, 1160, 1186, 1210, 1239, 1265, 1276, 1300, 1324, 1344, 1363, 1379, 1410, 1415, 1435, 1471, 1480, 1512, 1520, 1521, 1544, 15
927, 949, 986, 993, 992, 1024, 1037, 1067, 1086, 1110, 1133, 1142, 1161, 1187, 1212, 1236, 1263, 1274, 1298, 1322, 1342, 1361, 1376, 1390, 1417, 1433, 1469, 1477, 1510, 1523, 1543, 16
927, 949, 986, 993, 992, 1024, 1037, 1067, 1086, 1110, 1133, 1142, 1161, 1187, 1212, 1236, 1263, 1274, 1298, 1297, 1321, 1341, 1360, 1375, 1391, 1418, 1432, 1468, 1476, 1509, 1525, 1542, 17
927, 949, 986, 993, 992, 1024, 1037, 1067, 1086, 1110, 1133, 1142, 1161, 1187, 1212, 1236, 1263, 1274, 1298, 1297, 1321, 1341, 1360, 1375, 1391, 1392, 1420, 1431, 1467, 1475, 1508, 1526, 1541, 18
927, 949, 986, 993, 992, 1024, 1037, 1067, 1086, 1110, 1133, 1142, 1161, 1187, 1212, 1236, 1263, 1274, 1298, 1297, 1321, 1341, 1360, 1375, 1391, 1392, 1420, 1431, 1467, 1475, 1508, 1526, 1541, 19
927, 949, 986, 993, 992, 1024, 1037, 1067, 1086, 1110, 1133, 1142, 1161, 1187, 1212, 1236, 1263, 1274, 1273, 1272, 1271, 1296, 1295, 1318, 1339, 1358, 1373, 1393, 1421, 1451, 1465, 1474, 1507, 1527, 1540, 20
927, 949, 986, 993, 992, 1024, 1037, 1067, 1086, 1110, 1133, 1142, 1161, 1187, 1212, 1236, 1263, 1274, 1273, 1272, 1271, 1296, 1295, 1318, 1339, 1358, 1373, 1393, 1421, 1451, 1465, 1474, 1507, 1527, 1540, 1539, 21
927, 916, 878, 863, 840, 823, 797, 767, 747, 732, 712, 692, 662, 642, 622, 590, 576, 567, 530, 523, 484, 474, 441, 416, 411, 385, 360, 345, 309, 285, 278, 263, 226, 211, 180, 172, 132, 115, 91, 88, 49, 22
927, 916, 878, 863, 840, 823, 797, 767, 747, 732, 712, 692, 662, 642, 622, 590, 576, 567, 530, 523, 484, 474, 441, 416, 411, 385, 360, 345, 309, 285, 278, 263, 226, 211, 180, 172, 132, 115, 91, 88, 49, 23
927, 916, 878, 863, 840, 823, 797, 767, 747, 732, 712, 692, 662, 642, 622, 590, 576, 567, 530, 523, 484, 474, 441, 416, 411, 385, 360, 345, 309, 285, 286, 287, 277, 264, 227, 212, 182, 173, 154, 114, 90, 87, 48, 24
927, 916, 878, 863, 840, 823, 797, 767, 747, 732, 712, 692, 662, 642, 622, 590, 576, 567, 530, 523, 484, 474, 441, 416, 411, 385, 360, 345, 309, 285, 286, 287, 277, 264, 227, 212, 182, 173, 154, 114, 90, 87, 48, 47, 25
927, 949, 987, 994, 1026, 1040, 1041, 1042, 1074, 1092, 1095, 1096, 1097, 1121, 1153, 1171, 1200, 1199, 1221, 1228, 1255, 1256, 1289, 1292, 1316, 1337, 1355, 1371, 1396, 1423, 1449, 1463, 1493, 1504, 1529, 1538, 0, 26
927, 949, 986, 993, 992, 1024, 1037, 1067, 1086, 1110, 1133, 1142, 1161, 1187, 1212, 1236, 1263, 1274, 1273, 1272, 1271, 1296, 1295, 1318, 1339, 1358, 1373, 1393, 1421, 1451, 1465, 1474, 1507, 1527, 1540, 20, 29, 28, 27
927, 949, 986, 993, 992, 1024, 1037, 1067, 1086, 1110, 1133, 1142, 1161, 1187, 1212, 1236, 1263, 1274, 1273, 1272, 1271, 1296, 1295, 1318, 1339, 1358, 1373, 1393, 1421, 1451, 1465, 1474, 1507, 1527, 1540, 20, 29, 28
927, 949, 986, 993, 992, 1024, 1037, 1067, 1086, 1110, 1133, 1142, 1161, 1187, 1212, 1236, 1263, 1274, 1273, 1272, 1271, 1296, 1295, 1318, 1339, 1358, 1373, 1393, 1421, 1451, 1465, 1474, 1507, 1527, 1540, 20, 29
927, 949, 986, 993, 992, 1024, 1037, 1067, 1086, 1110, 1133, 1142, 1161, 1187, 1212, 1236, 1263, 1274, 1298, 1297, 1321, 1341, 1360, 1375, 1391, 1392, 1420, 1431, 1467, 1475, 1508, 1526, 1541, 18, 30
927, 949, 986, 993, 992, 1024, 1037, 1067, 1086, 1110, 1133, 1142, 1161, 1187, 1212, 1236, 1263, 1274, 1298, 1297, 1321, 1341, 1360, 1375, 1391, 1418, 1432, 1468, 1476, 1509, 1525, 1542, 17, 31
927, 949, 986, 993, 992, 1024, 1037, 1067, 1086, 1110, 1133, 1142, 1161, 1187, 1212, 1236, 1263, 1274, 1298, 1322, 1342, 1361, 1376, 1390, 1417, 1433, 1469, 1477, 1510, 1523, 1543, 16, 32
927, 949, 986, 993, 1025, 1038, 1068, 1087, 1111, 1134, 1141, 1160, 1186, 1210, 1239, 1265, 1276, 1300, 1324, 1344, 1363, 1379, 1410, 1415, 1435, 1471, 1480, 1512, 1520, 1521, 1544, 15, 33
927, 949, 986, 993, 1025, 1038, 1068, 1087, 1111, 1134, 1141, 1160, 1186, 1210, 1239, 1265, 1276, 1300, 1324, 1344, 1363, 1379, 1410, 1415, 1435, 1471, 1480, 1512, 1520, 1521, 1544, 15, 34
927, 949, 986, 993, 1025, 1038, 1068, 1087, 1111, 1134, 1141, 1160, 1186, 1210, 1239, 1265, 1276, 1300, 1324, 1344, 1363, 1379, 1410, 1415, 1435, 1471, 1480, 1512, 1520, 1545, 14, 35
927, 949, 986, 993, 1025, 1038, 1068, 1087, 1112, 1135, 1140, 1159, 1184, 1209, 1240, 1266, 1277, 1302, 1325, 1345, 1364, 1380, 1408, 1414, 1437, 1472, 1481, 1513, 1519, 1546, 13, 36
927, 949, 986, 993, 1025, 1038, 1068, 1087, 1112, 1135, 1140, 1159, 1184, 1209, 1208, 1242, 1247, 1278, 1303, 1326, 1346, 1365, 1381, 1407, 1413, 1438, 1452, 1482, 1495, 1518, 1548, 12, 37
927, 949, 986, 993, 1025, 1038, 1068, 1087, 1112, 1135, 1140, 1159, 1184, 1209, 1208, 1242, 1247, 1278, 1303, 1326, 1346, 1365, 1381, 1407, 1413, 1438, 1452, 1482, 1495, 1518, 1548, 12, 38
927, 949, 986, 993, 1025, 1038, 1068, 1087, 1112, 1135, 1140, 1159, 1184, 1209, 1208, 1242, 1247, 1278, 1303, 1326, 1346, 1365, 1381, 1407, 1413, 1438, 1452, 1482, 1495, 1518, 1548, 12, 38, 39
927, 949, 986, 993, 1025, 1038, 1068, 1087, 1112, 1135, 1140, 1159, 1184, 1209, 1208, 1242, 1247, 1278, 1303, 1326, 1346, 1365, 1381, 1407, 1413, 1438, 1452, 1482, 1495, 1518, 1548, 12, 38, 39, 40
927, 949, 986, 993, 1025, 1038, 1068, 1087, 1112, 1135, 1140, 1159, 1184, 1209, 1208, 1242, 1247, 1278, 1303, 1326, 1346, 1347, 1366, 1382, 1406, 1412, 1439, 1453, 1454, 1484, 1497, 1515, 1551, 10, 41
927, 949, 986, 993, 1025, 1038, 1068, 1087, 1112, 1135, 1140, 1159, 1184, 1209, 1208, 1242, 1247, 1278, 1303, 1326, 1346, 1347, 1366, 1382, 1406, 1412, 1439, 1453, 1454, 1484, 1497, 1515, 1551, 10, 42
927, 949, 986, 993, 1025, 1038, 1068, 1087, 1112, 1135, 1140, 1159, 1184, 1209, 1208, 1242, 1247, 1278, 1303, 1326, 1346, 1347, 1366, 1382, 1406, 1412, 1439, 1440, 1455, 1485, 1498, 1514, 1552, 9, 43
927, 949, 986, 993, 1025, 1038, 1068, 1087, 1112, 1135, 1140, 1159, 1184, 1209, 1208, 1242, 1247, 1278, 1303, 1326, 1346, 1347, 1366, 1382, 1406, 1412, 1439, 1440, 1455, 1485, 1498, 1514, 1552, 8, 44
927, 949, 986, 993, 1025, 1038, 1068, 1087, 1112, 1135, 1140, 1159, 1184, 1209, 1208, 1242, 1247, 1278, 1303, 1326, 1346, 1347, 1366, 1382, 1406, 1412, 1439, 1440, 1455, 1485, 1498, 1514, 1552, 8, 44, 45
927, 916, 878, 863, 840, 823, 797, 767, 747, 732, 712, 692, 662, 642, 622, 590, 576, 567, 530, 523, 484, 474, 441, 416, 411, 385, 360, 345, 309, 285, 286, 287, 277, 264, 227, 212, 182, 173, 154, 114, 90, 87, 48, 24, 46
927, 916, 878, 863, 840, 823, 797, 767, 747, 732, 712, 692, 662, 642, 622, 590, 576, 567, 530, 523, 484, 474, 441, 416, 411, 385, 360, 345, 309, 285, 286, 287, 277, 264, 227, 212, 182, 173, 154, 114, 90, 87, 48, 47
927, 916, 878, 863, 840, 823, 797, 767, 747, 732, 712, 692, 662, 642, 622, 590, 576, 567, 530, 523, 484, 474, 441, 416, 411, 385, 360, 345, 309, 285, 286, 287, 277, 264, 227, 212, 182, 173, 154, 114, 90, 87, 48
927, 916, 878, 863, 840, 823, 797, 767, 747, 732, 712, 692, 662, 642, 622, 590, 576, 567, 530, 523, 484, 474, 441, 416, 411, 385, 360, 345, 309, 285, 278, 263, 226, 211, 180, 172, 132, 115, 91, 88, 49
927, 949, 986, 993, 1025, 1038, 1068, 1087, 1112, 1135, 1140, 1159, 1184, 1209, 1208, 1242, 1247, 1278, 1303, 1326, 1346, 1347, 1366, 1382, 1406, 1412, 1439, 1440, 1455, 1485, 1498, 1514, 1552, 8, 44, 50
927, 949, 986, 993, 1025, 1038, 1068, 1087, 1112, 1135, 1140, 1159, 1184, 1209, 1208, 1242, 1247, 1278, 1303, 1326, 1346, 1347, 1366, 1382, 1406, 1412, 1439, 1440, 1455, 1485, 1498, 1514, 1552, 8, 44, 51
927, 949, 986, 993, 1025, 1038, 1068, 1087, 1112, 1135, 1140, 1159, 1184, 1209, 1208, 1242, 1247, 1278, 1303, 1326, 1346, 1347, 1366, 1382, 1406, 1412, 1439, 1440, 1455, 1485, 1498, 1514, 1552, 9, 43, 52
927, 949, 986, 993, 1025, 1038, 1068, 1087, 1112, 1135, 1140, 1159, 1184, 1209, 1208, 1242, 1247, 1278, 1303, 1326, 1346, 1347, 1366, 1382, 1406, 1412, 1439, 1440, 1455, 1485, 1498, 1514, 1552, 9, 43, 53
927, 949, 986, 993, 1025, 1038, 1068, 1087, 1112, 1135, 1140, 1159, 1184, 1209, 1208, 1242, 1247, 1278, 1303, 1326, 1346, 1347, 1366, 1382, 1406, 1412, 1439, 1453, 1454, 1484, 1497, 1515, 1551, 10, 41, 54
927, 949, 986, 993, 1025, 1038, 1068, 1087, 1112, 1135, 1140, 1159, 1184, 1209, 1208, 1242, 1247, 1278, 1303, 1326, 1346, 1365, 1381, 1407, 1413, 1438, 1452, 1482, 1495, 1518, 1548, 12, 38, 39, 55
927, 949, 986, 993, 1025, 1038, 1068, 1087, 1112, 1135, 1140, 1159, 1184, 1209, 1208, 1242, 1247, 1278, 1303, 1326, 1346, 1365, 1381, 1407, 1413, 1438, 1452, 1482, 1495, 1518, 1548, 12, 38, 56
927, 949, 986, 993, 1025, 1038, 1068, 1087, 1112, 1135, 1140, 1159, 1184, 1209, 1208, 1242, 1247, 1278, 1303, 1326, 1346, 1365, 1381, 1407, 1413, 1438, 1452, 1482, 1495, 1518, 1548, 12, 37, 57
927, 949, 986, 993, 1025, 1038, 1068, 1087, 1112, 1135, 1140, 1159, 1184, 1209, 1240, 1266, 1277, 1302, 1325, 1345, 1364, 1380, 1408, 1414, 1437, 1472, 1481, 1513, 1519, 1546, 13, 36, 58
927, 949, 986, 993, 1025, 1038, 1068, 1087, 1111, 1134, 1141, 1160, 1186, 1210, 1239, 1265, 1276, 1300, 1324, 1344, 1363, 1379, 1410, 1415, 1435, 1471, 1480, 1512, 1520, 1545, 14, 35, 59
927, 949, 986, 993, 1025, 1038, 1068, 1087, 1111, 1134, 1141, 1160, 1186, 1210, 1239, 1265, 1276, 1300, 1324, 1344, 1363, 1379, 1410, 1415, 1435, 1471, 1480, 1512, 1520, 1521, 1544, 15, 33, 60
927, 949, 986, 993, 992, 1024, 1037, 1067, 1086, 1110, 1133, 1142, 1161, 1187, 1212, 1236, 1263, 1274, 1298, 1322, 1342, 1361, 1376, 1390, 1417, 1433, 1469, 1477, 1510, 1523, 1543, 16, 32, 61
927, 949, 986, 993, 992, 1024, 1037, 1067, 1086, 1110, 1133, 1142, 1161, 1187, 1212, 1236, 1263, 1274, 1298, 1297, 1321, 1341, 1360, 1375, 1391, 1418, 1432, 1468, 1476, 1509, 1525, 1542, 17, 31, 62
927, 949, 986, 993, 992, 1024, 1037, 1067, 1086, 1110, 1133, 1142, 1161, 1187, 1212, 1236, 1263, 1274, 1298, 1297, 1321, 1341, 1360, 1375, 1391, 1418, 1432, 1468, 1476, 1509, 1525, 1542, 17, 31, 62, 63
927, 949, 986, 993, 992, 1024, 1037, 1067, 1086, 1110, 1133, 1142, 1161, 1187, 1212, 1236, 1263, 1274, 1273, 1272, 1271, 1296, 1295, 1318, 1339, 1358, 1373, 1393, 1421, 1451, 1465, 1474, 1507, 1527, 1540, 20, 29, 64
927, 949, 986, 993, 992, 1024, 1037, 1067, 1086, 1110, 1133, 1142, 1161, 1187, 1212, 1236, 1263, 1274, 1273, 1272, 1271, 1296, 1295, 1318, 1339, 1358, 1373, 1393, 1421, 1451, 1465, 1474, 1507, 1527, 1540, 20, 29, 28, 65
927, 949, 986, 993, 992, 1024, 1037, 1067, 1086, 1110, 1133, 1142, 1161, 1187, 1212, 1236, 1263, 1274, 1273, 1272, 1271, 1296, 1295, 1318, 1339, 1358, 1373, 1393, 1421, 1451, 1465, 1474, 1507, 1527, 1540, 20, 29, 28, 65, 66
927, 916, 878, 879, 862, 841, 825, 799, 768, 746, 731, 714, 691, 661, 641, 623, 613, 577, 565, 564, 533, 521, 504, 503, 478, 460, 420, 415, 389, 357, 348, 306, 290, 275, 246, 229, 214, 184, 176, 152, 111, 109, 85, 67
927, 916, 878, 863, 840, 823, 797, 767, 747, 732, 712, 692, 662, 642, 622, 590, 576, 567, 530, 523, 484, 474, 441, 416, 411, 385, 360, 345, 309, 285, 278, 263, 226, 211, 180, 172, 132, 115, 91, 68
927, 949, 986, 993, 1025, 1038, 1068, 1087, 1112, 1135, 1140, 1159, 1184, 1209, 1208, 1242, 1247, 1278, 1303, 1326, 1346, 1347, 1366, 1382, 1406, 1412, 1439, 1440, 1455, 1485, 1498, 1514, 1552, 8, 44, 50, 69
927, 949, 986, 993, 1025, 1038, 1068, 1087, 1112, 1135, 1140, 1159, 1184, 1209, 1208, 1242, 1247, 1278, 1303, 1326, 1346, 1347, 1366, 1382, 1406, 1412, 1439, 1440, 1455, 1485, 1498, 1514, 1552, 8, 44, 51, 70
927, 949, 986, 993, 1025, 1038, 1068, 1087, 1112, 1135, 1140, 1159, 1184, 1209, 1208, 1242, 1247, 1278, 1303, 1326, 1346, 1347, 1366, 1382, 1406, 1412, 1439, 1440, 1455, 1485, 1498, 1514, 1552, 8, 44, 51, 71
927, 949, 986, 993, 1025, 1038, 1068, 1087, 1112, 1135, 1140, 1159, 1184, 1209, 1208, 1242, 1247, 1278, 1303, 1326, 1346, 1347, 1366, 1382, 1406, 1412, 1439, 1440, 1455, 1485, 1498, 1514, 1552, 9, 43, 53, 72
927, 949, 986, 993, 1025, 1038, 1068, 1087, 1112, 1135, 1140, 1159, 1184, 1209, 1208, 1242, 1247, 1278, 1303, 1326, 1346, 1365, 1381, 1407, 1413, 1438, 1452, 1482, 1495, 1518, 1548, 12, 38, 56, 74, 73
927, 949, 986, 993, 1025, 1038, 1068, 1087, 1112, 1135, 1140, 1159, 1184, 1209, 1208, 1242, 1247, 1278, 1303, 1326, 1346, 1365, 1381, 1407, 1413, 1438, 1452, 1482, 1495, 1518, 1548, 12, 38, 56, 74
927, 949, 986, 993, 1025, 1038, 1068, 1087, 1112, 1135, 1140, 1159, 1184, 1209, 1208, 1242, 1247, 1278, 1303, 1326, 1346, 1365, 1381, 1407, 1413, 1438, 1452, 1482, 1495, 1518, 1548, 12, 37, 57, 75
927, 949, 986, 993, 1025, 1038, 1068, 1087, 1112, 1135, 1140, 1159, 1184, 1209, 1240, 1266, 1277, 1302, 1325, 1345, 1364, 1380, 1408, 1414, 1437, 1472, 1481, 1513, 1519, 1546, 13, 36, 58, 76
927, 949, 986, 993, 1025, 1038, 1068, 1087, 1111, 1134, 1141, 1160, 1186, 1210, 1239, 1265, 1276, 1300, 1324, 1344, 1363, 1379, 1410, 1415, 1435, 1471, 1480, 1512, 1520, 1545, 14, 35, 59, 77
927, 949, 986, 993, 1025, 1038, 1068, 1087, 1111, 1134, 1141, 1160, 1186, 1210, 1239, 1265, 1276, 1300, 1324, 1344, 1363, 1379, 1410, 1415, 1435, 1471, 1480, 1512, 1520, 1521, 1544, 15, 33, 60, 78
927, 949, 986, 993, 992, 1024, 1037, 1067, 1086, 1110, 1133, 1142, 1161, 1187, 1212, 1236, 1263, 1274, 1298, 1322, 1342, 1361, 1376, 1390, 1417, 1433, 1469, 1477, 1510, 1523, 1543, 16, 32, 61, 79
927, 949, 986, 993, 992, 1024, 1037, 1067, 1086, 1110, 1133, 1142, 1161, 1187, 1212, 1236, 1263, 1274, 1298, 1322, 1342, 1361, 1376, 1390, 1417, 1433, 1469, 1477, 1510, 1523, 1543, 16, 32, 61, 80
927, 949, 986, 993, 992, 1024, 1037, 1067, 1086, 1110, 1133, 1142, 1161, 1187, 1212, 1236, 1263, 1274, 1298, 1297, 1321, 1341, 1360, 1375, 1391, 1418, 1432, 1468, 1476, 1509, 1525, 1542, 17, 31, 62, 81
927, 949, 986, 993, 992, 1024, 1037, 1067, 1086, 1110, 1133, 1142, 1161, 1187, 1212, 1236, 1263, 1274, 1298, 1297, 1321, 1341, 1360, 1375, 1391, 1418, 1432, 1468, 1476, 1509, 1525, 1542, 17, 31, 62, 81, 82
927, 949, 986, 993, 992, 1024, 1037, 1067, 1086, 1110, 1133, 1142, 1161, 1187, 1212, 1236, 1263, 1274, 1273, 1272, 1271, 1296, 1295, 1318, 1339, 1358, 1373, 1393, 1421, 1451, 1465, 1474, 1507, 1527, 1540, 20, 29, 64, 83
927, 949, 986, 993, 992, 1024, 1037, 1067, 1086, 1110, 1133, 1142, 1161, 1187, 1212, 1236, 1263, 1274, 1273, 1272, 1271, 1296, 1295, 1318, 1339, 1358, 1373, 1393, 1421, 1451, 1465, 1474, 1507, 1527, 1540, 20, 29, 28, 65, 84
927, 916, 878, 879, 862, 841, 825, 799, 768, 746, 731, 714, 691, 661, 641, 623, 613, 577, 565, 564, 533, 521, 504, 503, 478, 460, 420, 415, 389, 357, 348, 306, 290, 275, 246, 229, 214, 184, 176, 152, 111, 109, 85
927, 916, 878, 863, 840, 823, 797, 767, 747, 732, 712, 692, 662, 642, 622, 590, 576, 567, 530, 523, 484, 474, 441, 416, 411, 385, 360, 345, 309, 285, 286, 287, 277, 264, 227, 212, 182, 173, 154, 114, 90, 89, 86
927, 916, 878, 863, 840, 823, 797, 767, 747, 732, 712, 692, 662, 642, 622, 590, 576, 567, 530, 523, 484, 474, 441, 416, 411, 385, 360, 345, 309, 285, 286, 287, 277, 264, 227, 212, 182, 173, 154, 114, 90, 87
927, 916, 878, 863, 840, 823, 797, 767, 747, 732, 712, 692, 662, 642, 622, 590, 576, 567, 530, 523, 484, 474, 441, 416, 411, 385, 360, 345, 309, 285, 278, 263, 226, 211, 180, 172, 132, 115, 91, 88
927, 916, 878, 863, 840, 823, 797, 767, 747, 732, 712, 692, 662, 642, 622, 590, 576, 567, 530, 523, 484, 474, 441, 416, 411, 385, 360, 345, 309, 285, 286, 287, 277, 264, 227, 212, 182, 173, 154, 114, 90, 89
927, 916, 878, 863, 840, 823, 797, 767, 747, 732, 712, 692, 662, 642, 622, 590, 576, 567, 530, 523, 484, 474, 441, 416, 411, 385, 360, 345, 309, 285, 286, 287, 277, 264, 227, 212, 182, 173, 154, 114, 90
927, 916, 878, 863, 840, 823, 797, 767, 747, 732, 712, 692, 662, 642, 622, 590, 576, 567, 530, 523, 484, 474, 441, 416, 411, 385, 360, 345, 309, 285, 278, 263, 226, 211, 180, 172, 132, 115, 91
927, 916, 878, 863, 840, 823, 797, 767, 747, 732, 712, 692, 662, 642, 622, 590, 576, 567, 530, 523, 484, 474, 441, 416, 411, 385, 360, 345, 309, 285, 278, 263, 226, 211, 180, 172, 133, 116, 92
927, 916, 878, 863, 840, 823, 797, 767, 747, 732, 712, 692, 662, 642, 622, 590, 576, 567, 529, 524, 485, 473, 443, 437, 408, 383, 363, 342, 312, 304, 280, 261, 224, 207, 178, 170, 135, 117, 93
927, 916, 878, 863, 840, 823, 797, 767, 747, 732, 712, 692, 662, 642, 622, 590, 576, 567, 529, 524, 485, 473, 443, 437, 408, 383, 363, 342, 312, 304, 281, 260, 222, 206, 198, 169, 137, 136, 118, 94
927, 916, 878, 863, 840, 823, 797, 767, 747, 732, 712, 692, 662, 642, 622, 590, 576, 567, 529, 524, 485, 473, 443, 437, 408, 383, 363, 342, 312, 304, 281, 260, 222, 206, 198, 168, 139, 120, 95
927, 949, 986, 993, 1025, 1038, 1068, 1087, 1112, 1135, 1140, 1159, 1184, 1209, 1208, 1242, 1247, 1278, 1303, 1326, 1346, 1365, 1381, 1407, 1413, 1438, 1452, 1482, 1495, 1518, 1548, 12, 38, 56, 74, 96
927, 949, 986, 993, 1025, 1038, 1068, 1087, 1112, 1135, 1140, 1159, 1184, 1209, 1208, 1242, 1247, 1278, 1303, 1326, 1346, 1365, 1381, 1407, 1413, 1438, 1452, 1482, 1495, 1518, 1548, 12, 37, 57, 75, 97
927, 949, 986, 993, 1025, 1038, 1068, 1087, 1112, 1135, 1140, 1159, 1184, 1209, 1208, 1242, 1247, 1278, 1303, 1326, 1346, 1365, 1381, 1407, 1413, 1438, 1452, 1482, 1495, 1518, 1548, 12, 37, 57, 75, 98
927, 949, 986, 993, 1025, 1038, 1068, 1087, 1112, 1135, 1140, 1159, 1184, 1209, 1240, 1266, 1277, 1302, 1325, 1345, 1364, 1380, 1408, 1414, 1437, 1472, 1481, 1513, 1519, 1546, 13, 36, 58, 76, 99
