980, 1010, 1021, 1035, 1065, 1064, 1083, 1107, 1130, 1146, 1165, 1166, 1194, 1195, 1218, 1230, 1257, 1289, 1292, 1316, 1337, 1355, 1371, 1396, 1423, 1449, 1463, 1493, 1504, 1529, 1538, 0
980, 1010, 1021, 1035, 1065, 1064, 1083, 1107, 1130, 1146, 1165, 1166, 1194, 1195, 1218, 1230, 1257, 1289, 1292, 1316, 1337, 1355, 1371, 1396, 1423, 1449, 1463, 1493, 1504, 1529, 1538, 1
980, 1010, 1021, 1035, 1065, 1064, 1083, 1107, 1130, 1146, 1165, 1166, 1194, 1195, 1218, 1230, 1257, 1289, 1292, 1316, 1337, 1355, 1371, 1396, 1423, 1449, 1463, 1493, 1504, 1529, 1538, 1, 2
980, 1010, 1021, 1035, 1065, 1064, 1083, 1107, 1130, 1146, 1165, 1166, 1194, 1195, 1218, 1230, 1257, 1289, 1292, 1316, 1337, 1355, 1371, 1396, 1423, 1449, 1463, 1493, 1504, 1529, 1538, 1, 2, 3
980, 1010, 1021, 1035, 1065, 1064, 1083, 1107, 1130, 1146, 1165, 1166, 1194, 1195, 1218, 1230, 1257, 1289, 1292, 1316, 1337, 1355, 1371, 1396, 1423, 1449, 1463, 1493, 1504, 1529, 1538, 1, 2, 3, 4
980, 1010, 1011, 1023, 1037, 1038, 1068, 1087, 1112, 1135, 1140, 1159, 1184, 1209, 1208, 1242, 1247, 1278, 1303, 1326, 1346, 1347, 1366, 1382, 1406, 1412, 1439, 1440, 1455, 1485, 1486, 1499, 1534, 1553, 1554, 6, 5
980, 1010, 1011, 1023, 1037, 1038, 1068, 1087, 1112, 1135, 1140, 1159, 1184, 1209, 1208, 1242, 1247, 1278, 1303, 1326, 1346, 1347, 1366, 1382, 1406, 1412, 1439, 1440, 1455, 1485, 1486, 1499, 1534, 1553, 1554, 6
980, 1010, 1011, 1023, 1037, 1038, 1068, 1087, 1112, 1135, 1140, 1159, 1184, 1209, 1208, 1242, 1247, 1278, 1303, 1326, 1346, 1347, 1366, 1382, 1406, 1412, 1439, 1440, 1455, 1485, 1498, 1514, 1552, 8, 7
980, 1010, 1011, 1023, 1037, 1038, 1068, 1087, 1112, 1135, 1140, 1159, 1184, 1209, 1208, 1242, 1247, 1278, 1303, 1326, 1346, 1347, 1366, 1382, 1406, 1412, 1439, 1440, 1455, 1485, 1498, 1514, 1552, 8
980, 1010, 1011, 1023, 1037, 1038, 1068, 1087, 1112, 1135, 1140, 1159, 1184, 1209, 1208, 1242, 1247, 1278, 1303, 1326, 1346, 1347, 1366, 1382, 1406, 1412, 1439, 1440, 1455, 1485, 1498, 1514, 1552, 9
980, 1010, 1011, 1023, 1037, 1038, 1068, 1087, 1112, 1135, 1140, 1159, 1184, 1209, 1208, 1242, 1247, 1278, 1303, 1326, 1346, 1347, 1366, 1382, 1406, 1412, 1439, 1453, 1454, 1484, 1497, 1515, 1551, 10
980, 1010, 1011, 1023, 1037, 1038, 1068, 1087, 1112, 1135, 1140, 1159, 1184, 1209, 1208, 1242, 1247, 1278, 1303, 1326, 1346, 1347, 1366, 1382, 1406, 1412, 1439, 1453, 1483, 1496, 1517, 1550, 11
980, 1010, 1011, 1023, 1037, 1067, 1086, 1110, 1134, 1141, 1160, 1186, 1210, 1239, 1265, 1276, 1300, 1324, 1344, 1363, 1379, 1409, 1414, 1413, 1438, 1452, 1482, 1495, 1518, 1548, 12
980, 1010, 1011, 1023, 1037, 1067, 1086, 1110, 1134, 1141, 1160, 1186, 1210, 1239, 1265, 1276, 1300, 1324, 1344, 1363, 1379, 1409, 1414, 1437, 1472, 1481, 1513, 1519, 1546, 13
980, 1010, 1011, 1023, 1037, 1067, 1086, 1110, 1134, 1141, 1160, 1186, 1210, 1239, 1265, 1276, 1300, 1324, 1344, 1363, 1379, 1410, 1415, 1435, 1471, 1480, 1512, 1520, 1545, 14
980, 1010, 1021, 1035, 1065, 1084, 1108, 1132, 1145, 1162, 1189, 1213, 1235, 1262, 1273, 1298, 1322, 1342, 1361, 1376, 1390, 1417, 1433, 1469, 1477, 1478, 1511, 1522, 1544, 15
980, 1010, 1021, 1035, 1065, 1084, 1108, 1132, 1145, 1162, 1189, 1213, 1235, 1262, 1273, 1298, 1322, 1342, 1361, 1376, 1390, 1417, 1433, 1469, 1477, 1510, 1523, 1543, 16
980, 1010, 1021, 1035, 1065, 1084, 1108, 1132, 1145, 1163, 1190, 1214, 1234, 1261, 1271, 1296, 1319, 1340, 1359, 1374, 1392, 1419, 1432, 1468, 1476, 1509, 1525, 1542, 17
980, 1010, 1021, 1035, 1065, 1084, 1108, 1132, 1145, 1163, 1190, 1214, 1234, 1261, 1271, 1296, 1319, 1340, 1359, 1374, 1392, 1420, 1431, 1467, 1475, 1508, 1526, 1541, 18
980, 1010, 1021, 1035, 1065, 1084, 1108, 1132, 1145, 1163, 1190, 1214, 1234, 1261, 1271, 1296, 1319, 1340, 1359, 1374, 1392, 1420, 1431, 1467, 1475, 1508, 1526, 1541, 19
980, 1010, 1021, 1035, 1065, 1084, 1108, 1132, 1145, 1163, 1190, 1214, 1234, 1261, 1271, 1296, 1295, 1318, 1339, 1358, 1373, 1393, 1421, 1451, 1465, 1474, 1507, 1527, 1540, 20
980, 1010, 1021, 1035, 1065, 1084, 1108, 1132, 1145, 1163, 1190, 1214, 1234, 1261, 1271, 1296, 1295, 1318, 1339, 1358, 1373, 1393, 1421, 1451, 1465, 1474, 1507, 1527, 1540, 1539, 21
980, 1010, 1011, 1023, 1037, 1038, 1068, 1087, 1112, 1135, 1140, 1159, 1184, 1209, 1208, 1242, 1247, 1278, 1303, 1326, 1346, 1347, 1366, 1382, 1406, 1412, 1439, 1440, 1455, 1485, 1486, 1499, 1534, 1553, 1554, 6, 5, 22
980, 1010, 1011, 1023, 1037, 1038, 1068, 1087, 1112, 1135, 1140, 1159, 1184, 1209, 1208, 1242, 1247, 1278, 1303, 1326, 1346, 1347, 1366, 1382, 1406, 1412, 1439, 1440, 1455, 1485, 1498, 1514, 1552, 8, 44, 50, 49, 23
980, 1010, 1021, 1035, 1065, 1064, 1083, 1107, 1130, 1146, 1165, 1166, 1194, 1195, 1218, 1230, 1257, 1289, 1292, 1316, 1337, 1355, 1371, 1396, 1423, 1449, 1463, 1493, 1504, 1529, 1538, 1, 2, 3, 4, 24
980, 1010, 1021, 1035, 1065, 1064, 1083, 1107, 1130, 1146, 1165, 1166, 1194, 1195, 1218, 1230, 1257, 1289, 1292, 1316, 1337, 1355, 1371, 1396, 1423, 1449, 1463, 1493, 1504, 1529, 1538, 1, 2, 3, 25
980, 1010, 1021, 1035, 1065, 1064, 1083, 1107, 1130, 1146, 1165, 1166, 1194, 1195, 1218, 1230, 1257, 1289, 1292, 1316, 1337, 1355, 1371, 1396, 1423, 1449, 1463, 1493, 1504, 1529, 1538, 0, 26
980, 1010, 1021, 1035, 1065, 1084, 1108, 1132, 1145, 1163, 1190, 1214, 1234, 1261, 1271, 1296, 1295, 1318, 1339, 1358, 1373, 1393, 1421, 1451, 1465, 1474, 1507, 1527, 1540, 20, 29, 28, 27
980, 1010, 1021, 1035, 1065, 1084, 1108, 1132, 1145, 1163, 1190, 1214, 1234, 1261, 1271, 1296, 1295, 1318, 1339, 1358, 1373, 1393, 1421, 1451, 1465, 1474, 1507, 1527, 1540, 20, 29, 28
980, 1010, 1021, 1035, 1065, 1084, 1108, 1132, 1145, 1163, 1190, 1214, 1234, 1261, 1271, 1296, 1295, 1318, 1339, 1358, 1373, 1393, 1421, 1451, 1465, 1474, 1507, 1527, 1540, 20, 29
980, 1010, 1021, 1035, 1065, 1084, 1108, 1132, 1145, 1163, 1190, 1214, 1234, 1261, 1271, 1296, 1319, 1340, 1359, 1374, 1392, 1420, 1431, 1467, 1475, 1508, 1526, 1541, 18, 30
980, 1010, 1021, 1035, 1065, 1084, 1108, 1132, 1145, 1163, 1190, 1214, 1234, 1261, 1271, 1296, 1319, 1340, 1359, 1374, 1392, 1419, 1432, 1468, 1476, 1509, 1525, 1542, 17, 31
980, 1010, 1021, 1035, 1065, 1084, 1108, 1132, 1145, 1162, 1189, 1213, 1235, 1262, 1273, 1298, 1322, 1342, 1361, 1376, 1390, 1417, 1433, 1469, 1477, 1510, 1523, 1543, 16, 32
980, 1010, 1021, 1035, 1065, 1084, 1108, 1132, 1145, 1162, 1189, 1213, 1235, 1262, 1273, 1298, 1322, 1342, 1361, 1376, 1390, 1417, 1433, 1469, 1477, 1478, 1511, 1522, 1544, 15, 33
980, 1010, 1021, 1035, 1065, 1084, 1108, 1132, 1145, 1162, 1189, 1213, 1235, 1262, 1273, 1298, 1322, 1342, 1361, 1376, 1390, 1417, 1433, 1469, 1477, 1478, 1511, 1522, 1544, 15, 34
980, 1010, 1011, 1023, 1037, 1067, 1086, 1110, 1134, 1141, 1160, 1186, 1210, 1239, 1265, 1276, 1300, 1324, 1344, 1363, 1379, 1410, 1415, 1435, 1471, 1480, 1512, 1520, 1545, 14, 35
980, 1010, 1011, 1023, 1037, 1067, 1086, 1110, 1134, 1141, 1160, 1186, 1210, 1239, 1265, 1276, 1300, 1324, 1344, 1363, 1379, 1409, 1414, 1437, 1472, 1481, 1513, 1519, 1546, 13, 36
980, 1010, 1011, 1023, 1037, 1067, 1086, 1110, 1134, 1141, 1160, 1186, 1210, 1239, 1265, 1276, 1300, 1324, 1344, 1363, 1379, 1409, 1414, 1413, 1438, 1452, 1482, 1495, 1518, 1548, 12, 37
980, 1010, 1011, 1023, 1037, 1067, 1086, 1110, 1134, 1141, 1160, 1186, 1210, 1239, 1265, 1276, 1300, 1324, 1344, 1363, 1379, 1409, 1414, 1413, 1438, 1452, 1482, 1495, 1518, 1548, 12, 38
980, 1010, 1011, 1023, 1037, 1067, 1086, 1110, 1134, 1141, 1160, 1186, 1210, 1239, 1265, 1276, 1300, 1324, 1344, 1363, 1379, 1409, 1414, 1413, 1438, 1452, 1482, 1495, 1518, 1548, 12, 38, 39
980, 1010, 1011, 1023, 1037, 1067, 1086, 1110, 1134, 1141, 1160, 1186, 1210, 1239, 1265, 1276, 1300, 1324, 1344, 1363, 1379, 1409, 1414, 1413, 1438, 1452, 1482, 1495, 1518, 1548, 12, 38, 39, 40
980, 1010, 1011, 1023, 1037, 1038, 1068, 1087, 1112, 1135, 1140, 1159, 1184, 1209, 1208, 1242, 1247, 1278, 1303, 1326, 1346, 1347, 1366, 1382, 1406, 1412, 1439, 1453, 1454, 1484, 1497, 1515, 1551, 10, 41
980, 1010, 1011, 1023, 1037, 1038, 1068, 1087, 1112, 1135, 1140, 1159, 1184, 1209, 1208, 1242, 1247, 1278, 1303, 1326, 1346, 1347, 1366, 1382, 1406, 1412, 1439, 1453, 1454, 1484, 1497, 1515, 1551, 10, 42
980, 1010, 1011, 1023, 1037, 1038, 1068, 1087, 1112, 1135, 1140, 1159, 1184, 1209, 1208, 1242, 1247, 1278, 1303, 1326, 1346, 1347, 1366, 1382, 1406, 1412, 1439, 1440, 1455, 1485, 1498, 1514, 1552, 9, 43
980, 1010, 1011, 1023, 1037, 1038, 1068, 1087, 1112, 1135, 1140, 1159, 1184, 1209, 1208, 1242, 1247, 1278, 1303, 1326, 1346, 1347, 1366, 1382, 1406, 1412, 1439, 1440, 1455, 1485, 1498, 1514, 1552, 8, 44
980, 1010, 1011, 1023, 1037, 1038, 1068, 1087, 1112, 1135, 1140, 1159, 1184, 1209, 1208, 1242, 1247, 1278, 1303, 1326, 1346, 1347, 1366, 1382, 1406, 1412, 1439, 1440, 1455, 1485, 1498, 1514, 1552, 8, 44, 45
980, 1010, 1021, 1035, 1065, 1064, 1083, 1107, 1130, 1146, 1165, 1166, 1194, 1195, 1218, 1230, 1257, 1289, 1292, 1316, 1337, 1355, 1371, 1396, 1423, 1449, 1463, 1493, 1504, 1529, 1538, 0, 26, 67, 46
980, 1010, 1021, 1035, 1065, 1064, 1083, 1107, 1130, 1146, 1165, 1166, 1194, 1195, 1218, 1230, 1257, 1289, 1292, 1316, 1337, 1355, 1371, 1396, 1423, 1449, 1463, 1493, 1504, 1529, 1538, 1, 2, 3, 25, 47
980, 1010, 1021, 1035, 1065, 1064, 1083, 1107, 1130, 1146, 1165, 1166, 1194, 1195, 1218, 1230, 1257, 1289, 1292, 1316, 1337, 1355, 1371, 1396, 1423, 1449, 1463, 1493, 1504, 1529, 1538, 1, 2, 3, 4, 24, 48
980, 1010, 1011, 1023, 1037, 1038, 1068, 1087, 1112, 1135, 1140, 1159, 1184, 1209, 1208, 1242, 1247, 1278, 1303, 1326, 1346, 1347, 1366, 1382, 1406, 1412, 1439, 1440, 1455, 1485, 1498, 1514, 1552, 8, 44, 50, 49
980, 1010, 1011, 1023, 1037, 1038, 1068, 1087, 1112, 1135, 1140, 1159, 1184, 1209, 1208, 1242, 1247, 1278, 1303, 1326, 1346, 1347, 1366, 1382, 1406, 1412, 1439, 1440, 1455, 1485, 1498, 1514, 1552, 8, 44, 50
980, 1010, 1011, 1023, 1037, 1038, 1068, 1087, 1112, 1135, 1140, 1159, 1184, 1209, 1208, 1242, 1247, 1278, 1303, 1326, 1346, 1347, 1366, 1382, 1406, 1412, 1439, 1440, 1455, 1485, 1498, 1514, 1552, 8, 44, 51
980, 1010, 1011, 1023, 1037, 1038, 1068, 1087, 1112, 1135, 1140, 1159, 1184, 1209, 1208, 1242, 1247, 1278, 1303, 1326, 1346, 1347, 1366, 1382, 1406, 1412, 1439, 1440, 1455, 1485, 1498, 1514, 1552, 9, 43, 52
980, 1010, 1011, 1023, 1037, 1038, 1068, 1087, 1112, 1135, 1140, 1159, 1184, 1209, 1208, 1242, 1247, 1278, 1303, 1326, 1346, 1347, 1366, 1382, 1406, 1412, 1439, 1440, 1455, 1485, 1498, 1514, 1552, 9, 43, 53
980, 1010, 1011, 1023, 1037, 1067, 1086, 1110, 1134, 1141, 1160, 1186, 1210, 1239, 1265, 1276, 1300, 1324, 1344, 1363, 1379, 1409, 1414, 1413, 1438, 1452, 1482, 1495, 1518, 1548, 12, 38, 39, 55, 54
980, 1010, 1011, 1023, 1037, 1067, 1086, 1110, 1134, 1141, 1160, 1186, 1210, 1239, 1265, 1276, 1300, 1324, 1344, 1363, 1379, 1409, 1414, 1413, 1438, 1452, 1482, 1495, 1518, 1548, 12, 38, 39, 55
980, 1010, 1011, 1023, 1037, 1067, 1086, 1110, 1134, 1141, 1160, 1186, 1210, 1239, 1265, 1276, 1300, 1324, 1344, 1363, 1379, 1409, 1414, 1413, 1438, 1452, 1482, 1495, 1518, 1548, 12, 38, 56
980, 1010, 1011, 1023, 1037, 1067, 1086, 1110, 1134, 1141, 1160, 1186, 1210, 1239, 1265, 1276, 1300, 1324, 1344, 1363, 1379, 1409, 1414, 1413, 1438, 1452, 1482, 1495, 1518, 1548, 12, 37, 57
980, 1010, 1011, 1023, 1037, 1067, 1086, 1110, 1134, 1141, 1160, 1186, 1210, 1239, 1265, 1276, 1300, 1324, 1344, 1363, 1379, 1409, 1414, 1437, 1472, 1481, 1513, 1519, 1546, 13, 36, 58
980, 1010, 1011, 1023, 1037, 1067, 1086, 1110, 1134, 1141, 1160, 1186, 1210, 1239, 1265, 1276, 1300, 1324, 1344, 1363, 1379, 1410, 1415, 1435, 1471, 1480, 1512, 1520, 1545, 14, 35, 59
980, 1010, 1021, 1035, 1065, 1084, 1108, 1132, 1145, 1162, 1189, 1213, 1235, 1262, 1273, 1298, 1322, 1342, 1361, 1376, 1390, 1417, 1433, 1469, 1477, 1478, 1511, 1522, 1544, 15, 33, 60
980, 1010, 1021, 1035, 1065, 1084, 1108, 1132, 1145, 1162, 1189, 1213, 1235, 1262, 1273, 1298, 1322, 1342, 1361, 1376, 1390, 1417, 1433, 1469, 1477, 1510, 1523, 1543, 16, 32, 61
980, 1010, 1021, 1035, 1065, 1084, 1108, 1132, 1145, 1163, 1190, 1214, 1234, 1261, 1271, 1296, 1319, 1340, 1359, 1374, 1392, 1419, 1432, 1468, 1476, 1509, 1525, 1542, 17, 31, 62
980, 1010, 1021, 1035, 1065, 1084, 1108, 1132, 1145, 1163, 1190, 1214, 1234, 1261, 1271, 1296, 1319, 1340, 1359, 1374, 1392, 1420, 1431, 1467, 1475, 1508, 1526, 1541, 18, 30, 63
980, 1010, 1021, 1035, 1065, 1084, 1108, 1132, 1145, 1163, 1190, 1214, 1234, 1261, 1271, 1296, 1295, 1318, 1339, 1358, 1373, 1393, 1421, 1451, 1465, 1474, 1507, 1527, 1540, 20, 29, 64
980, 1010, 1021, 1035, 1065, 1084, 1108, 1132, 1145, 1163, 1190, 1214, 1234, 1261, 1271, 1296, 1295, 1318, 1339, 1358, 1373, 1393, 1421, 1451, 1465, 1474, 1507, 1527, 1540, 20, 29, 28, 65
980, 1010, 1021, 1035, 1065, 1084, 1108, 1132, 1145, 1163, 1190, 1214, 1234, 1261, 1271, 1296, 1295, 1318, 1339, 1358, 1373, 1393, 1421, 1451, 1465, 1474, 1507, 1527, 1540, 20, 29, 28, 65, 66
980, 1010, 1021, 1035, 1065, 1064, 1083, 1107, 1130, 1146, 1165, 1166, 1194, 1195, 1218, 1230, 1257, 1289, 1292, 1316, 1337, 1355, 1371, 1396, 1423, 1449, 1463, 1493, 1504, 1529, 1538, 0, 26, 67
980, 1010, 1011, 1023, 1037, 1038, 1068, 1087, 1112, 1135, 1140, 1159, 1184, 1209, 1208, 1242, 1247, 1278, 1303, 1326, 1346, 1347, 1366, 1382, 1406, 1412, 1439, 1440, 1455, 1485, 1498, 1514, 1552, 8, 44, 50, 68
980, 1010, 1011, 1023, 1037, 1038, 1068, 1087, 1112, 1135, 1140, 1159, 1184, 1209, 1208, 1242, 1247, 1278, 1303, 1326, 1346, 1347, 1366, 1382, 1406, 1412, 1439, 1440, 1455, 1485, 1498, 1514, 1552, 8, 44, 50, 69
980, 1010, 1011, 1023, 1037, 1038, 1068, 1087, 1112, 1135, 1140, 1159, 1184, 1209, 1208, 1242, 1247, 1278, 1303, 1326, 1346, 1347, 1366, 1382, 1406, 1412, 1439, 1440, 1455, 1485, 1498, 1514, 1552, 8, 44, 51, 70
980, 1010, 1011, 1023, 1037, 1038, 1068, 1087, 1112, 1135, 1140, 1159, 1184, 1209, 1208, 1242, 1247, 1278, 1303, 1326, 1346, 1347, 1366, 1382, 1406, 1412, 1439, 1440, 1455, 1485, 1498, 1514, 1552, 8, 44, 51, 71
980, 1010, 1011, 1023, 1037, 1038, 1068, 1087, 1112, 1135, 1140, 1159, 1184, 1209, 1208, 1242, 1247, 1278, 1303, 1326, 1346, 1347, 1366, 1382, 1406, 1412, 1439, 1440, 1455, 1485, 1498, 1514, 1552, 9, 43, 53, 72
980, 1010, 1011, 1023, 1037, 1067, 1086, 1110, 1134, 1141, 1160, 1186, 1210, 1239, 1265, 1276, 1300, 1324, 1344, 1363, 1379, 1409, 1414, 1413, 1438, 1452, 1482, 1495, 1518, 1548, 12, 38, 56, 74, 73
980, 1010, 1011, 1023, 1037, 1067, 1086, 1110, 1134, 1141, 1160, 1186, 1210, 1239, 1265, 1276, 1300, 1324, 1344, 1363, 1379, 1409, 1414, 1413, 1438, 1452, 1482, 1495, 1518, 1548, 12, 38, 56, 74
980, 1010, 1011, 1023, 1037, 1067, 1086, 1110, 1134, 1141, 1160, 1186, 1210, 1239, 1265, 1276, 1300, 1324, 1344, 1363, 1379, 1409, 1414, 1413, 1438, 1452, 1482, 1495, 1518, 1548, 12, 37, 57, 75
980, 1010, 1011, 1023, 1037, 1067, 1086, 1110, 1134, 1141, 1160, 1186, 1210, 1239, 1265, 1276, 1300, 1324, 1344, 1363, 1379, 1410, 1415, 1435, 1471, 1480, 1512, 1520, 1545, 14, 35, 59, 76
980, 1010, 1011, 1023, 1037, 1067, 1086, 1110, 1134, 1141, 1160, 1186, 1210, 1239, 1265, 1276, 1300, 1324, 1344, 1363, 1379, 1410, 1415, 1435, 1471, 1480, 1512, 1520, 1545, 14, 35, 59, 77
980, 1010, 1021, 1035, 1065, 1084, 1108, 1132, 1145, 1162, 1189, 1213, 1235, 1262, 1273, 1298, 1322, 1342, 1361, 1376, 1390, 1417, 1433, 1469, 1477, 1478, 1511, 1522, 1544, 15, 33, 60, 78
980, 1010, 1021, 1035, 1065, 1084, 1108, 1132, 1145, 1162, 1189, 1213, 1235, 1262, 1273, 1298, 1322, 1342, 1361, 1376, 1390, 1417, 1433, 1469, 1477, 1510, 1523, 1543, 16, 32, 61, 79
980, 1010, 1021, 1035, 1065, 1084, 1108, 1132, 1145, 1162, 1189, 1213, 1235, 1262, 1273, 1298, 1322, 1342, 1361, 1376, 1390, 1417, 1433, 1469, 1477, 1510, 1523, 1543, 16, 32, 61, 80
980, 1010, 1021, 1035, 1065, 1084, 1108, 1132, 1145, 1163, 1190, 1214, 1234, 1261, 1271, 1296, 1319, 1340, 1359, 1374, 1392, 1419, 1432, 1468, 1476, 1509, 1525, 1542, 17, 31, 62, 81
980, 1010, 1021, 1035, 1065, 1084, 1108, 1132, 1145, 1163, 1190, 1214, 1234, 1261, 1271, 1296, 1319, 1340, 1359, 1374, 1392, 1420, 1431, 1467, 1475, 1508, 1526, 1541, 18, 30, 63, 82
980, 1010, 1021, 1035, 1065, 1084, 1108, 1132, 1145, 1163, 1190, 1214, 1234, 1261, 1271, 1296, 1295, 1318, 1339, 1358, 1373, 1393, 1421, 1451, 1465, 1474, 1507, 1527, 1540, 20, 29, 64, 83
980, 1010, 1021, 1035, 1065, 1084, 1108, 1132, 1145, 1163, 1190, 1214, 1234, 1261, 1271, 1296, 1295, 1318, 1339, 1358, 1373, 1393, 1421, 1451, 1465, 1474, 1507, 1527, 1540, 20, 29, 28, 65, 84
980, 1010, 1021, 1035, 1065, 1064, 1083, 1107, 1130, 1146, 1165, 1166, 1194, 1195, 1218, 1230, 1257, 1289, 1292, 1316, 1337, 1355, 1371, 1396, 1423, 1449, 1463, 1493, 1504, 1529, 1538, 0, 26, 67, 85
980, 1010, 1021, 1035, 1065, 1064, 1083, 1107, 1130, 1146, 1165, 1166, 1194, 1195, 1218, 1230, 1257, 1289, 1292, 1316, 1337, 1355, 1371, 1396, 1423, 1449, 1463, 1493, 1504, 1529, 1538, 1, 2, 3, 25, 47, 86
980, 979, 952, 943, 942, 909, 895, 872, 832, 815, 787, 786, 779, 756, 721, 702, 681, 672, 651, 632, 604, 585, 584, 583, 560, 536, 517, 500, 481, 458, 422, 394, 390, 356, 348, 306, 289, 276, 243, 227, 212, 182, 173, 154, 114, 90, 87
980, 1010, 1011, 1023, 1037, 1038, 1068, 1087, 1112, 1135, 1140, 1159, 1184, 1209, 1208, 1242, 1247, 1278, 1303, 1326, 1346, 1347, 1366, 1382, 1406, 1412, 1439, 1440, 1455, 1485, 1498, 1514, 1552, 8, 44, 50, 68, 88
980, 1010, 1021, 1035, 1065, 1064, 1083, 1107, 1130, 1146, 1165, 1166, 1194, 1195, 1218, 1230, 1257, 1289, 1292, 1316, 1337, 1355, 1371, 1396, 1423, 1449, 1463, 1493, 1504, 1529, 1538, 1, 2, 3, 25, 47, 86, 89
980, 979, 952, 943, 942, 909, 895, 872, 832, 815, 787, 786, 779, 756, 721, 702, 681, 672, 651, 632, 604, 585, 584, 583, 560, 536, 517, 500, 481, 458, 422, 394, 390, 356, 348, 306, 289, 276, 243, 227, 212, 182, 173, 154, 114, 90
980, 1010, 1011, 1023, 1037, 1038, 1068, 1087, 1112, 1135, 1140, 1159, 1184, 1209, 1208, 1242, 1247, 1278, 1303, 1326, 1346, 1347, 1366, 1382, 1406, 1412, 1439, 1440, 1455, 1485, 1498, 1514, 1552, 8, 44, 50, 68, 91
980, 1010, 1011, 1023, 1037, 1038, 1068, 1087, 1112, 1135, 1140, 1159, 1184, 1209, 1208, 1242, 1247, 1278, 1303, 1326, 1346, 1347, 1366, 1382, 1406, 1412, 1439, 1440, 1455, 1485, 1498, 1514, 1552, 8, 44, 50, 69, 92
980, 1010, 1011, 1023, 1037, 1038, 1068, 1087, 1112, 1135, 1140, 1159, 1184, 1209, 1208, 1242, 1247, 1278, 1303, 1326, 1346, 1347, 1366, 1382, 1406, 1412, 1439, 1440, 1455, 1485, 1498, 1514, 1552, 8, 44, 51, 70, 93
980, 1010, 1011, 1023, 1037, 1038, 1068, 1087, 1112, 1135, 1140, 1159, 1184, 1209, 1208, 1242, 1247, 1278, 1303, 1326, 1346, 1347, 1366, 1382, 1406, 1412, 1439, 1440, 1455, 1485, 1498, 1514, 1552, 9, 43, 53, 72, 94
980, 1010, 1011, 1023, 1037, 1067, 1086, 1110, 1134, 1141, 1160, 1186, 1210, 1239, 1265, 1276, 1300, 1324, 1344, 1363, 1379, 1409, 1414, 1413, 1438, 1452, 1482, 1495, 1518, 1548, 12, 38, 56, 74, 73, 95
980, 1010, 1011, 1023, 1037, 1067, 1086, 1110, 1134, 1141, 1160, 1186, 1210, 1239, 1265, 1276, 1300, 1324, 1344, 1363, 1379, 1409, 1414, 1413, 1438, 1452, 1482, 1495, 1518, 1548, 12, 38, 56, 74, 96
980, 1010, 1011, 1023, 1037, 1067, 1086, 1110, 1134, 1141, 1160, 1186, 1210, 1239, 1265, 1276, 1300, 1324, 1344, 1363, 1379, 1409, 1414, 1413, 1438, 1452, 1482, 1495, 1518, 1548, 12, 37, 57, 75, 97
980, 1010, 1011, 1023, 1037, 1067, 1086, 1110, 1134, 1141, 1160, 1186, 1210, 1239, 1265, 1276, 1300, 1324, 1344, 1363, 1379, 1409, 1414, 1413, 1438, 1452, 1482, 1495, 1518, 1548, 12, 37, 57, 75, 98
980, 1010, 1011, 1023, 1037, 1067, 1086, 1110, 1134, 1141, 1160, 1186, 1210, 1239, 1265, 1276, 1300, 1324, 1344, 1363, 1379, 1410, 1415, 1435, 1471, 1480, 1512, 1520, 1545, 14, 35, 59, 76, 99
