1416, 1434, 1470, 1478, 1477, 1476, 1475, 1474, 1473, 1493, 1504, 1529, 1538, 0
1416, 1434, 1470, 1478, 1477, 1476, 1475, 1474, 1473, 1493, 1504, 1529, 1538, 1
1416, 1434, 1470, 1478, 1477, 1476, 1475, 1474, 1473, 1493, 1504, 1529, 1538, 1, 2
1416, 1434, 1470, 1478, 1477, 1476, 1475, 1474, 1473, 1493, 1504, 1529, 1538, 1, 2, 3
1416, 1434, 1470, 1478, 1477, 1476, 1475, 1474, 1473, 1493, 1504, 1529, 1538, 1, 2, 3, 4
1416, 1434, 1470, 1479, 1512, 1520, 1546, 13, 12, 11, 10, 9, 8, 7, 6, 5
1416, 1434, 1470, 1479, 1512, 1520, 1546, 13, 12, 11, 10, 9, 8, 7, 6
1416, 1434, 1470, 1479, 1512, 1520, 1546, 13, 12, 11, 10, 9, 8, 7
1416, 1434, 1470, 1479, 1512, 1520, 1546, 13, 12, 11, 10, 9, 8
1416, 1434, 1470, 1479, 1512, 1520, 1546, 13, 12, 11, 10, 9
