1337, 1355, 1371, 1396, 1423, 1449, 1463, 1493, 1504, 1529, 1538, 0
1337, 1355, 1371, 1396, 1423, 1449, 1463, 1493, 1504, 1529, 1538, 1
1337, 1355, 1354, 1370, 1397, 1424, 1448, 1462, 1491, 1503, 1530, 1537, 2
1337, 1355, 1354, 1370, 1397, 1424, 1448, 1462, 1491, 1503, 1530, 1537, 3
1337, 1355, 1354, 1370, 1397, 1424, 1448, 1462, 1491, 1503, 1530, 1537, 3, 4
1337, 1355, 1354, 1370, 1397, 1424, 1448, 1462, 1491, 1503, 1530, 1537, 3, 4, 5
1337, 1355, 1354, 1370, 1397, 1424, 1448, 1462, 1491, 1503, 1530, 1537, 3, 4, 5, 6
1337, 1355, 1354, 1370, 1397, 1424, 1448, 1462, 1491, 1503, 1530, 1537, 3, 4, 5, 6, 7
1337, 1355, 1354, 1370, 1397, 1424, 1448, 1462, 1491, 1503, 1530, 1537, 3, 4, 5, 6, 7, 8
1337, 1355, 1354, 1370, 1397, 1424, 1448, 1462, 1491, 1503, 1530, 1537, 3, 4, 5, 6, 7, 8, 9
