760, 789, 813, 830, 871, 895, 908, 935, 954, 977, 997, 1027, 1050, 1060, 1091, 1104, 1128, 1148, 1167, 1194, 1219, 1230, 1257, 1272, 1292, 1316, 1337, 1355, 1371, 1396, 1423, 1449, 1463, 1493, 1504, 1529, 1538, 0
760, 754, 737, 703, 679, 669, 648, 649, 633, 608, 588, 554, 542, 512, 495, 465, 455, 424, 400, 374, 350, 334, 323, 295, 269, 270, 255, 233, 203, 190, 158, 142, 128, 105, 106, 83, 84, 53, 26, 1
760, 789, 813, 830, 829, 872, 893, 907, 934, 955, 975, 998, 1028, 1049, 1058, 1092, 1103, 1126, 1149, 1168, 1196, 1220, 1229, 1256, 1270, 1291, 1315, 1336, 1354, 1370, 1397, 1424, 1448, 1462, 1491, 1503, 1530, 1537, 2
760, 789, 813, 830, 829, 872, 893, 907, 934, 955, 975, 998, 1028, 1049, 1058, 1092, 1103, 1126, 1149, 1168, 1196, 1220, 1229, 1256, 1270, 1291, 1315, 1336, 1354, 1370, 1397, 1424, 1448, 1462, 1491, 1503, 1530, 1537, 3
760, 789, 813, 830, 829, 872, 893, 907, 934, 955, 975, 998, 1028, 1049, 1058, 1092, 1103, 1126, 1149, 1168, 1196, 1220, 1229, 1256, 1270, 1291, 1315, 1336, 1354, 1370, 1397, 1424, 1448, 1462, 1491, 1503, 1530, 1537, 3, 4
760, 759, 758, 779, 778, 785, 809, 852, 875, 891, 902, 931, 959, 973, 1000, 1030, 1047, 1055, 1094, 1101, 1124, 1151, 1170, 1199, 1222, 1226, 1254, 1268, 1310, 1313, 1334, 1352, 1388, 1400, 1426, 1445, 1460, 1488, 1501, 1532, 1535, 5
760, 759, 758, 779, 778, 785, 809, 852, 875, 891, 902, 931, 959, 973, 1000, 1030, 1047, 1055, 1094, 1101, 1124, 1151, 1170, 1199, 1222, 1226, 1254, 1268, 1310, 1313, 1334, 1352, 1388, 1400, 1426, 1445, 1460, 1488, 1501, 1532, 1535, 5, 6
760, 761, 753, 736, 704, 677, 668, 647, 631, 610, 570, 551, 546, 547, 507, 490, 470, 460, 418, 405, 406, 381, 364, 341, 312, 303, 282, 264, 222, 216, 198, 169, 155, 119, 118, 117, 93, 70, 47, 44, 7
760, 761, 753, 736, 704, 677, 668, 647, 631, 610, 570, 551, 546, 547, 507, 490, 470, 460, 418, 405, 406, 381, 364, 341, 312, 303, 282, 264, 222, 216, 198, 169, 155, 119, 118, 94, 72, 67, 43, 9, 8
760, 761, 753, 736, 704, 677, 668, 647, 631, 610, 570, 551, 546, 547, 507, 490, 470, 460, 418, 405, 406, 381, 364, 341, 312, 303, 282, 264, 222, 216, 198, 169, 155, 119, 118, 94, 72, 67, 43, 9
