938, 937, 936, 953, 979, 996, 1026, 1032, 1062, 1090, 1105, 1129, 1147, 1166, 1193, 1218, 1232, 1259, 1273, 1294, 1317, 1338, 1356, 1372, 1394, 1395, 1423, 1449, 1463, 1493, 1504, 1529, 1538, 0
938, 937, 936, 953, 979, 996, 1026, 1032, 1062, 1090, 1105, 1129, 1147, 1166, 1193, 1218, 1232, 1259, 1273, 1294, 1317, 1338, 1356, 1372, 1394, 1395, 1423, 1449, 1463, 1493, 1504, 1529, 1538, 1
938, 937, 936, 953, 979, 996, 1026, 1032, 1062, 1090, 1105, 1129, 1147, 1166, 1193, 1218, 1231, 1230, 1257, 1272, 1292, 1291, 1315, 1336, 1354, 1370, 1397, 1424, 1448, 1462, 1491, 1503, 1530, 1537, 2
938, 937, 936, 953, 979, 996, 1026, 1032, 1062, 1090, 1105, 1129, 1147, 1166, 1193, 1218, 1231, 1230, 1257, 1272, 1292, 1291, 1315, 1336, 1354, 1370, 1397, 1424, 1448, 1462, 1491, 1503, 1530, 1537, 3
938, 937, 936, 953, 979, 996, 1026, 1032, 1062, 1090, 1105, 1129, 1147, 1166, 1193, 1218, 1231, 1230, 1257, 1272, 1292, 1291, 1315, 1336, 1354, 1370, 1397, 1424, 1448, 1462, 1491, 1503, 1530, 1537, 3, 4
938, 951, 983, 993, 1022, 1037, 1038, 1067, 1085, 1112, 1136, 1139, 1178, 1177, 1176, 1175, 1181, 1205, 1204, 1245, 1251, 1252, 1286, 1308, 1331, 1333, 1351, 1387, 1401, 1427, 1444, 1460, 1488, 1501, 1532, 1535, 5
938, 951, 983, 993, 1022, 1037, 1038, 1067, 1085, 1112, 1136, 1139, 1178, 1177, 1176, 1175, 1181, 1205, 1204, 1245, 1251, 1252, 1286, 1308, 1331, 1332, 1350, 1385, 1403, 1428, 1442, 1458, 1487, 1500, 1533, 1554, 6
938, 939, 913, 900, 867, 835, 818, 795, 765, 750, 734, 707, 694, 665, 644, 628, 590, 574, 548, 527, 505, 488, 473, 440, 437, 408, 383, 363, 342, 311, 304, 280, 244, 223, 215, 178, 170, 153, 117, 93, 70, 47, 44, 7
938, 951, 982, 994, 1024, 1035, 1064, 1088, 1108, 1132, 1145, 1162, 1189, 1214, 1235, 1262, 1277, 1298, 1299, 1323, 1343, 1344, 1363, 1379, 1409, 1414, 1413, 1438, 1439, 1440, 1456, 1485, 1498, 1514, 1552, 8
938, 951, 982, 994, 1024, 1035, 1064, 1088, 1108, 1132, 1145, 1162, 1189, 1214, 1235, 1262, 1277, 1298, 1299, 1323, 1343, 1344, 1363, 1379, 1409, 1414, 1413, 1438, 1439, 1440, 1456, 1485, 1498, 1514, 1552, 9
