1545, 1544, 1543, 1542, 1541, 19, 20, 21, 0
1545, 1544, 1543, 1542, 1541, 19, 20, 21, 0, 1
1545, 1544, 1543, 1542, 1541, 19, 20, 21, 0, 1, 2
1545, 1544, 1543, 1542, 1541, 19, 20, 21, 0, 1, 2, 3
1545, 1546, 1547, 1548, 1549, 1550, 1551, 1552, 8, 7, 6, 5, 4
1545, 1546, 1547, 1548, 1549, 1550, 1551, 1552, 8, 7, 6, 5
1545, 1546, 1547, 1548, 1549, 1550, 1551, 1552, 8, 7, 6
1545, 1546, 1547, 1548, 1549, 1550, 1551, 1552, 8, 7
1545, 1546, 1547, 1548, 1549, 1550, 1551, 1552, 8
1545, 1546, 13, 12, 11, 10, 9
