364, 363, 362, 361, 360, 345, 309, 285, 286, 287, 277, 247, 227, 211, 182, 173, 142, 114, 90, 87, 50, 51, 52, 26, 0
364, 363, 362, 361, 360, 345, 309, 285, 286, 287, 277, 247, 227, 211, 182, 173, 142, 114, 90, 87, 50, 51, 25, 3, 2, 1
364, 363, 362, 361, 360, 345, 309, 285, 286, 287, 277, 247, 227, 211, 182, 173, 142, 114, 90, 87, 50, 51, 25, 3, 2
364, 363, 362, 361, 360, 345, 309, 285, 286, 287, 277, 247, 227, 211, 182, 173, 142, 114, 90, 87, 50, 51, 25, 3
364, 363, 362, 361, 360, 345, 309, 285, 286, 287, 277, 247, 227, 211, 182, 173, 142, 114, 90, 87, 50, 24, 4
364, 363, 362, 361, 360, 345, 309, 285, 278, 246, 226, 212, 180, 172, 140, 115, 91, 88, 49, 23, 5
364, 341, 312, 303, 304, 280, 244, 224, 225, 215, 179, 171, 138, 116, 92, 69, 48, 45, 6
364, 341, 312, 303, 282, 264, 222, 223, 216, 178, 170, 137, 117, 93, 70, 47, 44, 7
364, 341, 312, 303, 282, 264, 222, 217, 198, 169, 135, 119, 94, 72, 67, 43, 9, 8
364, 341, 312, 303, 282, 264, 222, 217, 198, 169, 135, 119, 94, 72, 67, 43, 9
