1415, 1438, 1460, 1486, 1465, 1493, 1511, 1540, 1539, 0
1415, 1414, 1439, 1461, 1462, 1463, 1469, 1495, 1516, 1538, 1
1415, 1414, 1413, 1412, 1411, 1442, 1464, 1470, 1496, 1517, 1537, 2
1415, 1414, 1413, 1412, 1411, 1442, 1464, 1470, 1496, 1517, 1537, 1536, 1535, 3
1415, 1414, 1413, 1412, 1411, 1442, 1464, 1470, 1496, 1517, 1537, 1536, 1535, 3, 4
1415, 1414, 1413, 1412, 1411, 1442, 1464, 1470, 1496, 1517, 1537, 1536, 1535, 3, 4, 5
1415, 1414, 1413, 1412, 1411, 1442, 1464, 1470, 1496, 1517, 1537, 1536, 1535, 3, 4, 5, 6
1415, 1438, 1459, 1458, 1485, 1489, 1488, 1487, 1510, 1509, 1508, 1507, 1526, 1550, 8, 7
1415, 1438, 1459, 1458, 1485, 1489, 1488, 1487, 1510, 1509, 1508, 1507, 1526, 1550, 8
1415, 1438, 1459, 1458, 1485, 1489, 1531, 1530, 1529, 1528, 1527, 1549, 10, 9
1415, 1438, 1459, 1458, 1485, 1489, 1531, 1530, 1529, 1528, 1527, 1549, 10
1415, 1438, 1459, 1458, 1485, 1489, 1531, 1544, 15, 14, 13, 12, 11
1415, 1438, 1459, 1458, 1485, 1489, 1531, 1544, 15, 14, 13, 12
1415, 1438, 1459, 1458, 1485, 1489, 1531, 1544, 15, 14, 13
1415, 1438, 1459, 1458, 1485, 1489, 1531, 1544, 15, 14
1415, 1438, 1459, 1458, 1485, 1489, 1531, 1544, 15
1415, 1438, 1460, 1486, 1490, 1532, 1543, 16
1415, 1438, 1460, 1486, 1492, 1513, 1542, 17
1415, 1438, 1460, 1486, 1492, 1513, 1541, 18
1415, 1438, 1460, 1486, 1465, 1493, 1511, 1540, 19
1415, 1438, 1460, 1486, 1465, 1493, 1511, 1540, 20
1415, 1438, 1460, 1486, 1492, 1513, 1541, 18, 21
1415, 1438, 1460, 1486, 1465, 1493, 1511, 1540, 20, 22
1415, 1438, 1460, 1486, 1465, 1493, 1511, 1540, 1539, 0, 23
1415, 1438, 1460, 1486, 1465, 1493, 1511, 1540, 1539, 0, 24
1415, 1414, 1439, 1461, 1462, 1463, 1469, 1495, 1516, 1538, 1, 25
1415, 1414, 1413, 1412, 1411, 1442, 1464, 1470, 1496, 1517, 1537, 2, 26
1415, 1414, 1413, 1412, 1411, 1442, 1464, 1470, 1496, 1517, 1537, 2, 26, 27
1415, 1414, 1413, 1412, 1411, 1442, 1464, 1470, 1496, 1517, 1537, 1536, 1535, 3, 4, 28
1415, 1414, 1413, 1412, 1411, 1442, 1464, 1470, 1496, 1517, 1537, 1536, 1535, 3, 4, 28, 29
1415, 1414, 1413, 1412, 1411, 1442, 1464, 1470, 1496, 1517, 1537, 1536, 1535, 3, 4, 28, 29, 30
1415, 1414, 1413, 1412, 1411, 1442, 1464, 1470, 1496, 1517, 1537, 1536, 1535, 3, 4, 5, 6, 31
1415, 1438, 1459, 1458, 1485, 1489, 1488, 1487, 1510, 1509, 1508, 1507, 1526, 1550, 8, 7, 32
1415, 1438, 1459, 1458, 1485, 1489, 1531, 1530, 1529, 1528, 1527, 1549, 10, 9, 33
1415, 1438, 1459, 1458, 1485, 1489, 1531, 1530, 1529, 1528, 1527, 1549, 10, 34
1415, 1438, 1459, 1458, 1485, 1489, 1531, 1544, 15, 14, 13, 12, 11, 35
1415, 1438, 1459, 1458, 1485, 1489, 1531, 1544, 15, 14, 13, 12, 36
1415, 1438, 1459, 1458, 1485, 1489, 1531, 1544, 15, 14, 37
1415, 1438, 1460, 1486, 1490, 1532, 1543, 16, 38
1415, 1438, 1460, 1486, 1490, 1532, 1543, 16, 39
