1364, 1394, 1407, 1425, 1447, 1473, 1499, 1519, 1518, 1517, 1538, 1, 0
1364, 1394, 1407, 1425, 1447, 1473, 1499, 1519, 1518, 1517, 1538, 1
1364, 1394, 1407, 1425, 1447, 1473, 1499, 1519, 1535, 1536, 2
1364, 1394, 1407, 1425, 1447, 1473, 1499, 1519, 1535, 3
1364, 1394, 1407, 1425, 1447, 1474, 1500, 1521, 1553, 4
1364, 1394, 1407, 1425, 1447, 1474, 1500, 1521, 1553, 5
1364, 1394, 1407, 1425, 1448, 1475, 1502, 1522, 1552, 6
1364, 1363, 1393, 1406, 1426, 1449, 1476, 1503, 1524, 1551, 7
1364, 1363, 1393, 1392, 1405, 1427, 1450, 1477, 1506, 1525, 1550, 8
1364, 1363, 1393, 1392, 1405, 1427, 1450, 1477, 1506, 1525, 1550, 9
1364, 1363, 1393, 1392, 1405, 1427, 1450, 1477, 1506, 1525, 1550, 9, 10
1364, 1363, 1393, 1392, 1391, 1423, 1428, 1452, 1453, 1479, 1508, 1527, 1548, 11
1364, 1363, 1393, 1392, 1391, 1423, 1428, 1452, 1453, 1479, 1508, 1527, 1548, 11, 12
1364, 1363, 1393, 1392, 1391, 1423, 1428, 1452, 1453, 1479, 1508, 1527, 1548, 11, 12, 13
1364, 1363, 1393, 1392, 1391, 1423, 1428, 1452, 1453, 1479, 1508, 1527, 1548, 11, 12, 13, 14
1364, 1363, 1393, 1392, 1391, 1423, 1428, 1452, 1453, 1479, 1508, 1527, 1548, 11, 12, 13, 14, 15
1364, 1365, 1366, 1367, 1396, 1397, 1410, 1411, 1441, 1463, 1462, 1466, 1493, 1513, 1542, 17, 16
1364, 1365, 1366, 1367, 1396, 1397, 1410, 1411, 1441, 1463, 1462, 1466, 1493, 1513, 1542, 17
1364, 1365, 1366, 1367, 1396, 1397, 1410, 1411, 1441, 1463, 1462, 1466, 1493, 1512, 1541, 18
1364, 1365, 1366, 1367, 1396, 1397, 1410, 1411, 1441, 1463, 1462, 1466, 1493, 1511, 1540, 19
1364, 1394, 1407, 1425, 1447, 1473, 1499, 1519, 1518, 1517, 1538, 1, 0, 20
1364, 1365, 1366, 1367, 1396, 1397, 1410, 1411, 1441, 1463, 1462, 1466, 1493, 1511, 1540, 19, 21
1364, 1394, 1407, 1425, 1447, 1473, 1499, 1519, 1518, 1517, 1538, 1, 0, 23, 22
1364, 1394, 1407, 1425, 1447, 1473, 1499, 1519, 1518, 1517, 1538, 1, 0, 23
1364, 1394, 1407, 1425, 1447, 1473, 1499, 1519, 1535, 1536, 2, 26, 25, 24
1364, 1394, 1407, 1425, 1447, 1473, 1499, 1519, 1535, 1536, 2, 26, 25
1364, 1394, 1407, 1425, 1447, 1473, 1499, 1519, 1535, 1536, 2, 26
1364, 1394, 1407, 1425, 1447, 1473, 1499, 1519, 1535, 3, 27
1364, 1394, 1407, 1425, 1447, 1474, 1500, 1521, 1553, 5, 28
1364, 1394, 1407, 1425, 1447, 1474, 1500, 1521, 1553, 5, 29
1364, 1394, 1407, 1425, 1448, 1475, 1502, 1522, 1552, 6, 30
1364, 1394, 1407, 1425, 1448, 1475, 1502, 1522, 1552, 6, 31
1364, 1363, 1393, 1406, 1426, 1449, 1476, 1503, 1524, 1551, 7, 32
1364, 1363, 1393, 1392, 1405, 1427, 1450, 1477, 1506, 1525, 1550, 9, 33
1364, 1363, 1393, 1392, 1405, 1427, 1450, 1477, 1506, 1525, 1550, 9, 33, 34
1364, 1363, 1393, 1392, 1391, 1423, 1428, 1452, 1453, 1479, 1508, 1527, 1548, 11, 35
1364, 1363, 1393, 1392, 1391, 1423, 1428, 1452, 1453, 1479, 1508, 1527, 1548, 11, 35, 36
1364, 1363, 1393, 1392, 1391, 1423, 1428, 1452, 1453, 1479, 1508, 1527, 1548, 11, 35, 36, 37
1364, 1363, 1393, 1392, 1391, 1423, 1428, 1452, 1453, 1479, 1508, 1527, 1548, 11, 35, 36, 37, 38
1364, 1365, 1366, 1367, 1396, 1397, 1410, 1411, 1441, 1463, 1462, 1466, 1493, 1513, 1542, 17, 16, 39
