211, 210, 209, 208, 179, 166, 146, 114, 103, 70, 44, 45, 46, 47, 21, 19, 20, 0
211, 212, 195, 172, 152, 130, 108, 77, 60, 59, 31, 30, 29, 28, 27, 26, 25, 1
211, 212, 195, 172, 152, 130, 108, 77, 60, 59, 31, 6, 5, 4, 3, 2
211, 212, 195, 172, 152, 130, 108, 77, 60, 59, 31, 6, 5, 4, 3
211, 212, 195, 172, 152, 130, 108, 77, 60, 59, 31, 6, 5, 4
211, 212, 195, 172, 152, 130, 108, 77, 60, 59, 31, 6, 5
211, 212, 195, 172, 152, 130, 108, 77, 60, 59, 31, 6
211, 212, 195, 172, 152, 130, 108, 77, 60, 32, 7
211, 212, 195, 172, 152, 130, 108, 77, 60, 32, 7, 8
211, 176, 171, 150, 132, 107, 76, 61, 33, 9
211, 176, 171, 150, 132, 107, 76, 62, 34, 10
211, 176, 171, 150, 132, 106, 75, 74, 63, 35, 11
211, 176, 171, 170, 149, 112, 105, 73, 64, 36, 12
211, 176, 171, 170, 149, 112, 105, 73, 64, 36, 12, 13
211, 176, 171, 170, 149, 112, 105, 73, 64, 36, 12, 13, 14
211, 176, 171, 170, 149, 112, 105, 73, 64, 36, 12, 13, 14, 15
211, 176, 171, 170, 149, 112, 105, 73, 64, 36, 37, 38, 16
211, 176, 171, 170, 149, 112, 105, 73, 64, 36, 37, 38, 16, 17
211, 176, 171, 170, 149, 112, 105, 73, 64, 36, 37, 38, 16, 17, 18
211, 210, 209, 208, 179, 166, 146, 114, 103, 70, 44, 45, 46, 47, 21, 19
211, 210, 209, 208, 179, 166, 146, 114, 103, 70, 44, 45, 46, 47, 21, 19, 20
211, 210, 209, 208, 179, 166, 146, 114, 103, 70, 44, 45, 46, 47, 21
211, 210, 209, 208, 179, 180, 165, 164, 143, 117, 118, 97, 88, 48, 22
211, 210, 209, 208, 179, 180, 165, 164, 143, 117, 118, 97, 88, 48, 22, 23
211, 210, 209, 208, 179, 180, 165, 164, 143, 117, 118, 97, 88, 48, 22, 23, 24
211, 212, 195, 172, 152, 130, 108, 77, 60, 59, 31, 30, 29, 28, 27, 26, 25
211, 212, 195, 172, 152, 130, 108, 77, 60, 59, 31, 30, 29, 28, 27, 26
211, 212, 195, 172, 152, 130, 108, 77, 60, 59, 31, 30, 29, 28, 27
211, 212, 195, 172, 152, 130, 108, 77, 60, 59, 31, 30, 29, 28
211, 212, 195, 172, 152, 130, 108, 77, 60, 59, 31, 30, 29
211, 212, 195, 172, 152, 130, 108, 77, 60, 59, 31, 30
211, 212, 195, 172, 152, 130, 108, 77, 60, 59, 31
211, 212, 195, 172, 152, 130, 108, 77, 60, 32
211, 176, 171, 150, 132, 107, 76, 61, 33
211, 176, 171, 150, 132, 107, 76, 62, 34
211, 176, 171, 150, 132, 106, 75, 74, 63, 35
211, 176, 171, 170, 149, 112, 105, 73, 64, 36
211, 176, 171, 170, 149, 112, 105, 73, 64, 36, 37
211, 176, 171, 170, 149, 112, 105, 73, 64, 36, 37, 38
211, 210, 209, 208, 179, 166, 146, 114, 103, 70, 44, 39
