781, 742, 727, 700, 670, 649, 631, 614, 592, 583, 562, 530, 512, 498, 467, 454, 424, 403, 375, 370, 336, 310, 283, 263, 251, 235, 204, 184, 162, 141, 119, 96, 86, 49, 23, 0
781, 742, 727, 700, 670, 649, 631, 614, 592, 583, 562, 530, 512, 498, 467, 454, 424, 403, 375, 370, 336, 310, 283, 263, 251, 235, 204, 184, 162, 141, 119, 96, 86, 49, 25, 1
781, 742, 727, 700, 670, 649, 631, 614, 592, 583, 562, 530, 512, 498, 467, 454, 424, 403, 375, 370, 336, 310, 283, 263, 251, 235, 204, 184, 162, 141, 119, 96, 86, 85, 50, 26, 2
781, 742, 727, 700, 670, 649, 631, 614, 592, 583, 562, 530, 512, 498, 467, 454, 424, 403, 375, 370, 336, 310, 283, 263, 251, 235, 204, 184, 162, 141, 119, 96, 86, 85, 50, 26, 27, 3
781, 780, 763, 729, 703, 672, 667, 647, 616, 589, 580, 558, 534, 509, 481, 463, 458, 459, 418, 417, 411, 382, 383, 356, 349, 318, 297, 275, 241, 223, 215, 192, 174, 133, 128, 110, 80, 58, 30, 29, 28, 4
781, 780, 763, 729, 703, 672, 667, 647, 616, 589, 580, 558, 534, 509, 481, 463, 458, 419, 407, 379, 353, 331, 314, 301, 300, 277, 243, 227, 212, 195, 172, 152, 130, 108, 77, 60, 59, 31, 6, 5
781, 780, 763, 729, 703, 672, 667, 647, 616, 589, 580, 558, 534, 509, 481, 463, 458, 419, 407, 379, 353, 331, 314, 301, 300, 277, 243, 227, 212, 195, 172, 152, 130, 108, 77, 60, 59, 31, 6
781, 780, 763, 729, 703, 672, 667, 647, 616, 589, 580, 558, 534, 509, 481, 463, 458, 419, 407, 379, 353, 331, 314, 301, 300, 277, 243, 227, 212, 195, 172, 152, 130, 108, 77, 60, 32, 7
781, 806, 834, 852, 873, 893, 918, 929, 943, 974, 992, 1016, 1039, 1058, 1077, 1106, 1128, 1143, 1172, 1191, 1208, 1229, 1253, 1269, 1285, 1300, 1327, 1344, 1379, 1388, 1389, 1422, 1429, 1453, 1479, 1478, 1507, 1526, 1550, 8
781, 806, 834, 852, 873, 893, 918, 929, 943, 974, 992, 1016, 1039, 1058, 1077, 1106, 1128, 1143, 1172, 1191, 1208, 1229, 1253, 1269, 1285, 1300, 1327, 1344, 1379, 1388, 1389, 1422, 1429, 1453, 1479, 1478, 1507, 1526, 1550, 9
781, 806, 834, 852, 873, 893, 918, 929, 943, 974, 992, 1016, 1039, 1058, 1077, 1106, 1128, 1143, 1172, 1191, 1208, 1229, 1253, 1269, 1285, 1300, 1327, 1344, 1379, 1388, 1389, 1422, 1429, 1453, 1479, 1508, 1527, 1549, 10
781, 806, 834, 852, 873, 893, 918, 929, 943, 974, 992, 1016, 1039, 1058, 1077, 1106, 1128, 1143, 1172, 1191, 1208, 1229, 1253, 1269, 1285, 1300, 1327, 1344, 1379, 1388, 1389, 1422, 1429, 1453, 1479, 1508, 1527, 1548, 11
781, 806, 834, 852, 873, 893, 918, 929, 943, 974, 992, 1016, 1039, 1058, 1077, 1106, 1128, 1143, 1172, 1191, 1208, 1229, 1253, 1269, 1285, 1300, 1327, 1344, 1379, 1387, 1420, 1431, 1454, 1480, 1509, 1528, 1547, 12
781, 806, 834, 852, 873, 893, 918, 929, 943, 974, 992, 1016, 1039, 1058, 1077, 1106, 1128, 1143, 1172, 1191, 1207, 1228, 1254, 1268, 1284, 1302, 1329, 1343, 1378, 1386, 1419, 1434, 1456, 1482, 1488, 1529, 1545, 13
781, 806, 834, 852, 873, 893, 918, 929, 943, 974, 992, 1016, 1039, 1058, 1077, 1106, 1128, 1143, 1172, 1191, 1207, 1228, 1254, 1268, 1284, 1302, 1329, 1343, 1378, 1386, 1419, 1434, 1456, 1482, 1488, 1529, 1545, 14
781, 806, 834, 852, 873, 893, 918, 929, 943, 974, 992, 1016, 1039, 1058, 1077, 1106, 1128, 1143, 1172, 1191, 1207, 1228, 1254, 1268, 1284, 1302, 1329, 1343, 1378, 1386, 1419, 1434, 1456, 1482, 1488, 1530, 1544, 15
781, 742, 727, 700, 670, 649, 631, 614, 592, 583, 562, 530, 512, 498, 467, 454, 424, 403, 375, 370, 336, 310, 283, 263, 251, 235, 204, 183, 163, 143, 117, 99, 67, 46, 41, 17, 16
781, 742, 727, 700, 670, 649, 631, 614, 592, 583, 562, 530, 512, 498, 467, 454, 424, 403, 375, 370, 336, 310, 283, 263, 251, 235, 204, 183, 163, 143, 117, 99, 67, 46, 41, 17
781, 742, 727, 700, 670, 649, 631, 614, 592, 583, 562, 530, 512, 498, 467, 454, 424, 403, 375, 370, 336, 310, 283, 263, 251, 235, 204, 183, 163, 143, 117, 99, 67, 46, 41, 17, 18
781, 742, 727, 700, 670, 649, 631, 614, 592, 583, 562, 530, 512, 498, 467, 454, 424, 403, 375, 370, 336, 310, 283, 263, 251, 235, 204, 183, 163, 143, 117, 99, 67, 46, 47, 21, 19
781, 742, 727, 700, 670, 649, 631, 614, 592, 583, 562, 530, 512, 498, 467, 454, 424, 403, 375, 370, 336, 310, 283, 263, 251, 235, 204, 184, 162, 141, 118, 97, 88, 48, 22, 20
781, 742, 727, 700, 670, 649, 631, 614, 592, 583, 562, 530, 512, 498, 467, 454, 424, 403, 375, 370, 336, 310, 283, 263, 251, 235, 204, 183, 163, 143, 117, 99, 67, 46, 47, 21
781, 742, 727, 700, 670, 649, 631, 614, 592, 583, 562, 530, 512, 498, 467, 454, 424, 403, 375, 370, 336, 310, 283, 263, 251, 235, 204, 184, 162, 141, 118, 97, 88, 48, 22
781, 742, 727, 700, 670, 649, 631, 614, 592, 583, 562, 530, 512, 498, 467, 454, 424, 403, 375, 370, 336, 310, 283, 263, 251, 235, 204, 184, 162, 141, 119, 96, 86, 49, 23
781, 742, 727, 700, 670, 649, 631, 614, 592, 583, 562, 530, 512, 498, 467, 454, 424, 403, 375, 370, 336, 310, 283, 263, 251, 235, 204, 184, 162, 141, 119, 96, 86, 49, 24
781, 742, 727, 700, 670, 649, 631, 614, 592, 583, 562, 530, 512, 498, 467, 454, 424, 403, 375, 370, 336, 310, 283, 263, 251, 235, 204, 184, 162, 141, 119, 96, 86, 49, 25
781, 742, 727, 700, 670, 649, 631, 614, 592, 583, 562, 530, 512, 498, 467, 454, 424, 403, 375, 370, 336, 310, 283, 263, 251, 235, 204, 184, 162, 141, 119, 96, 86, 85, 50, 26
781, 742, 727, 700, 670, 649, 631, 614, 592, 583, 562, 530, 512, 498, 467, 454, 424, 403, 375, 370, 336, 310, 283, 263, 251, 235, 204, 184, 162, 141, 119, 96, 86, 85, 50, 26, 27
781, 780, 763, 729, 703, 672, 667, 647, 616, 589, 580, 558, 534, 509, 481, 463, 458, 459, 418, 417, 411, 382, 383, 356, 349, 318, 297, 275, 241, 223, 215, 192, 174, 133, 128, 110, 80, 58, 30, 29, 28
781, 780, 763, 729, 703, 672, 667, 647, 616, 589, 580, 558, 534, 509, 481, 463, 458, 459, 418, 417, 411, 382, 383, 356, 349, 318, 297, 275, 241, 223, 215, 192, 174, 133, 128, 110, 80, 58, 30, 29
781, 780, 763, 729, 703, 672, 667, 647, 616, 589, 580, 558, 534, 509, 481, 463, 458, 459, 418, 417, 411, 382, 383, 356, 349, 318, 297, 275, 241, 223, 215, 192, 174, 133, 128, 110, 80, 58, 30
781, 780, 763, 729, 703, 672, 667, 647, 616, 589, 580, 558, 534, 509, 481, 463, 458, 419, 407, 379, 353, 331, 314, 301, 300, 277, 243, 227, 212, 195, 172, 152, 130, 108, 77, 60, 59, 31
781, 780, 763, 729, 703, 672, 667, 647, 616, 589, 580, 558, 534, 509, 481, 463, 458, 419, 407, 379, 353, 331, 314, 301, 300, 277, 243, 227, 212, 195, 172, 152, 130, 108, 77, 60, 32
781, 780, 763, 729, 703, 672, 667, 647, 616, 589, 580, 558, 534, 509, 481, 463, 458, 419, 407, 379, 353, 331, 314, 301, 278, 244, 228, 211, 176, 171, 150, 132, 107, 76, 61, 33
781, 806, 834, 852, 873, 893, 918, 929, 943, 974, 992, 1016, 1039, 1058, 1077, 1106, 1128, 1143, 1172, 1191, 1208, 1229, 1253, 1269, 1285, 1300, 1327, 1344, 1379, 1388, 1389, 1422, 1429, 1453, 1479, 1508, 1527, 1549, 10, 34
781, 806, 834, 852, 873, 893, 918, 929, 943, 974, 992, 1016, 1039, 1058, 1077, 1106, 1128, 1143, 1172, 1191, 1208, 1229, 1253, 1269, 1285, 1300, 1327, 1344, 1379, 1388, 1389, 1422, 1429, 1453, 1479, 1508, 1527, 1548, 11, 35
781, 806, 834, 852, 873, 893, 918, 929, 943, 974, 992, 1016, 1039, 1058, 1077, 1106, 1128, 1143, 1172, 1191, 1208, 1229, 1253, 1269, 1285, 1300, 1327, 1344, 1379, 1387, 1420, 1431, 1454, 1480, 1509, 1528, 1547, 12, 36
781, 806, 834, 852, 873, 893, 918, 929, 943, 974, 992, 1016, 1039, 1058, 1077, 1106, 1128, 1143, 1172, 1191, 1207, 1228, 1254, 1268, 1284, 1302, 1329, 1343, 1378, 1386, 1419, 1434, 1456, 1482, 1488, 1529, 1545, 14, 37
781, 742, 727, 700, 670, 649, 631, 614, 592, 583, 562, 530, 512, 498, 467, 454, 424, 403, 375, 370, 336, 310, 283, 263, 251, 235, 204, 183, 163, 143, 117, 99, 67, 46, 41, 40, 39, 38
781, 742, 727, 700, 670, 649, 631, 614, 592, 583, 562, 530, 512, 498, 467, 454, 424, 403, 375, 370, 336, 310, 283, 263, 251, 235, 204, 183, 163, 143, 117, 99, 67, 46, 41, 40, 39
