767, 750, 717, 715, 683, 656, 639, 627, 600, 571, 550, 542, 522, 490, 474, 445, 429, 398, 389, 363, 343, 326, 290, 268, 255, 217, 200, 187, 158, 139, 121, 95, 86, 49, 23, 0
767, 750, 717, 715, 683, 656, 639, 627, 600, 571, 550, 542, 522, 490, 474, 445, 429, 398, 389, 363, 343, 326, 290, 268, 255, 217, 200, 187, 158, 139, 121, 95, 86, 49, 25, 1
767, 750, 717, 715, 683, 656, 639, 627, 600, 571, 550, 542, 522, 490, 474, 445, 429, 398, 389, 363, 343, 326, 290, 268, 255, 217, 200, 187, 158, 139, 122, 94, 84, 51, 26, 2
767, 750, 717, 715, 683, 656, 639, 627, 600, 571, 550, 542, 522, 490, 474, 445, 429, 398, 389, 363, 343, 326, 290, 268, 255, 217, 200, 187, 158, 139, 122, 93, 83, 52, 27, 3
767, 750, 717, 715, 683, 656, 639, 627, 600, 571, 550, 542, 522, 490, 474, 444, 433, 395, 387, 360, 345, 322, 294, 272, 259, 221, 216, 190, 154, 136, 127, 89, 81, 56, 28, 4
767, 750, 717, 715, 683, 656, 639, 627, 600, 571, 550, 542, 522, 490, 474, 444, 433, 395, 387, 360, 345, 322, 294, 272, 259, 221, 216, 190, 154, 136, 127, 89, 81, 56, 29, 5
767, 751, 739, 713, 682, 657, 640, 626, 601, 572, 551, 540, 502, 487, 478, 441, 436, 414, 385, 358, 348, 319, 296, 274, 241, 223, 215, 192, 174, 133, 128, 110, 80, 58, 31, 6
767, 751, 739, 713, 682, 657, 640, 626, 601, 572, 551, 540, 502, 487, 478, 441, 436, 414, 385, 358, 348, 319, 296, 274, 241, 223, 214, 194, 173, 152, 130, 108, 77, 60, 32, 7
767, 751, 739, 713, 682, 657, 640, 626, 601, 572, 551, 540, 502, 487, 478, 441, 436, 414, 385, 358, 348, 319, 296, 274, 241, 223, 214, 194, 173, 152, 130, 108, 77, 60, 32, 7, 8
767, 751, 739, 713, 682, 657, 640, 626, 601, 572, 551, 540, 502, 487, 478, 441, 436, 414, 385, 358, 348, 319, 296, 274, 241, 223, 214, 194, 173, 152, 130, 108, 77, 60, 32, 7, 8, 9
767, 751, 739, 713, 682, 657, 640, 626, 601, 572, 551, 540, 502, 487, 478, 441, 436, 414, 385, 358, 348, 319, 296, 274, 241, 223, 214, 194, 173, 152, 130, 131, 107, 76, 62, 34, 10
767, 751, 739, 713, 682, 657, 640, 626, 601, 572, 551, 540, 502, 487, 478, 441, 436, 414, 385, 358, 348, 319, 296, 274, 241, 223, 214, 194, 173, 152, 151, 132, 106, 75, 74, 63, 35, 11
767, 751, 739, 713, 682, 657, 640, 626, 601, 572, 551, 540, 502, 487, 478, 441, 436, 414, 385, 358, 348, 319, 296, 274, 241, 223, 214, 194, 173, 152, 151, 132, 106, 75, 74, 73, 64, 36, 12
767, 751, 739, 713, 682, 657, 640, 626, 601, 572, 551, 540, 502, 487, 478, 441, 436, 414, 385, 358, 348, 319, 296, 274, 241, 223, 214, 194, 173, 152, 151, 132, 106, 75, 74, 73, 64, 36, 12, 13
767, 751, 739, 713, 682, 657, 640, 626, 601, 572, 551, 540, 502, 487, 478, 441, 436, 414, 385, 358, 348, 319, 296, 274, 241, 223, 214, 194, 173, 152, 151, 132, 106, 75, 74, 73, 64, 36, 12, 13, 14
767, 751, 739, 713, 682, 657, 640, 626, 601, 572, 551, 540, 502, 487, 478, 441, 436, 414, 385, 358, 348, 319, 296, 274, 241, 223, 214, 194, 173, 152, 151, 132, 106, 75, 74, 73, 64, 36, 12, 13, 14, 15
767, 750, 717, 715, 683, 656, 639, 627, 600, 571, 550, 542, 522, 490, 474, 445, 429, 398, 390, 366, 367, 368, 338, 307, 287, 264, 252, 236, 204, 183, 163, 143, 117, 99, 67, 46, 41, 17, 16
767, 750, 717, 715, 683, 656, 639, 627, 600, 571, 550, 542, 522, 490, 474, 445, 429, 398, 390, 366, 367, 368, 338, 307, 287, 264, 252, 236, 204, 183, 163, 143, 117, 99, 67, 46, 41, 17
767, 795, 822, 844, 864, 901, 910, 942, 956, 964, 1004, 1006, 1046, 1064, 1082, 1114, 1134, 1136, 1164, 1185, 1219, 1222, 1259, 1262, 1298, 1310, 1336, 1357, 1371, 1401, 1413, 1440, 1462, 1466, 1493, 1512, 1541, 18
767, 795, 822, 844, 864, 901, 910, 942, 956, 964, 1004, 1006, 1046, 1064, 1082, 1114, 1134, 1136, 1164, 1185, 1219, 1222, 1259, 1262, 1298, 1310, 1336, 1357, 1371, 1401, 1413, 1440, 1462, 1466, 1493, 1511, 1540, 19
767, 750, 717, 715, 683, 656, 639, 627, 600, 571, 550, 542, 522, 490, 474, 445, 429, 398, 389, 363, 343, 326, 290, 268, 255, 217, 200, 201, 186, 160, 140, 120, 96, 87, 48, 22, 20
767, 795, 822, 844, 864, 901, 910, 942, 956, 964, 1004, 1006, 1046, 1064, 1082, 1114, 1134, 1136, 1164, 1185, 1219, 1222, 1259, 1262, 1298, 1310, 1336, 1357, 1371, 1401, 1413, 1440, 1462, 1466, 1493, 1511, 1540, 19, 21
767, 750, 717, 715, 683, 656, 639, 627, 600, 571, 550, 542, 522, 490, 474, 445, 429, 398, 389, 363, 343, 326, 290, 268, 255, 217, 200, 201, 186, 160, 140, 120, 96, 87, 48, 22
767, 750, 717, 715, 683, 656, 639, 627, 600, 571, 550, 542, 522, 490, 474, 445, 429, 398, 389, 363, 343, 326, 290, 268, 255, 217, 200, 187, 158, 139, 121, 95, 86, 49, 23
767, 750, 717, 715, 683, 656, 639, 627, 600, 571, 550, 542, 522, 490, 474, 445, 429, 398, 389, 363, 343, 326, 290, 268, 255, 217, 200, 187, 158, 139, 121, 95, 86, 49, 24
767, 750, 717, 715, 683, 656, 639, 627, 600, 571, 550, 542, 522, 490, 474, 445, 429, 398, 389, 363, 343, 326, 290, 268, 255, 217, 200, 187, 158, 139, 121, 95, 86, 49, 25
767, 750, 717, 715, 683, 656, 639, 627, 600, 571, 550, 542, 522, 490, 474, 445, 429, 398, 389, 363, 343, 326, 290, 268, 255, 217, 200, 187, 158, 139, 122, 94, 84, 51, 26
767, 750, 717, 715, 683, 656, 639, 627, 600, 571, 550, 542, 522, 490, 474, 445, 429, 398, 389, 363, 343, 326, 290, 268, 255, 217, 200, 187, 158, 139, 122, 93, 83, 52, 27
767, 750, 717, 715, 683, 656, 639, 627, 600, 571, 550, 542, 522, 490, 474, 444, 433, 395, 387, 360, 345, 322, 294, 272, 259, 221, 216, 190, 154, 136, 127, 89, 81, 56, 28
767, 750, 717, 715, 683, 656, 639, 627, 600, 571, 550, 542, 522, 490, 474, 444, 433, 395, 387, 360, 345, 322, 294, 272, 259, 221, 216, 190, 154, 136, 127, 89, 81, 56, 29
767, 751, 739, 713, 682, 657, 640, 626, 601, 572, 551, 540, 502, 487, 478, 441, 436, 414, 385, 358, 348, 319, 296, 274, 241, 223, 215, 192, 174, 133, 128, 110, 80, 58, 30
767, 751, 739, 713, 682, 657, 640, 626, 601, 572, 551, 540, 502, 487, 478, 441, 436, 414, 385, 358, 348, 319, 296, 274, 241, 223, 215, 192, 174, 133, 128, 110, 80, 58, 31
767, 751, 739, 713, 682, 657, 640, 626, 601, 572, 551, 540, 502, 487, 478, 441, 436, 414, 385, 358, 348, 319, 296, 274, 241, 223, 214, 194, 173, 152, 130, 108, 77, 60, 32
767, 751, 739, 713, 682, 657, 640, 626, 601, 572, 551, 540, 502, 487, 478, 441, 436, 414, 385, 358, 348, 319, 296, 274, 241, 223, 214, 194, 173, 152, 130, 108, 77, 60, 32, 33
767, 751, 739, 713, 682, 657, 640, 626, 601, 572, 551, 540, 502, 487, 478, 441, 436, 414, 385, 358, 348, 319, 296, 274, 241, 223, 214, 194, 173, 152, 130, 131, 107, 76, 62, 34
767, 751, 739, 713, 682, 657, 640, 626, 601, 572, 551, 540, 502, 487, 478, 441, 436, 414, 385, 358, 348, 319, 296, 274, 241, 223, 214, 194, 173, 152, 151, 132, 106, 75, 74, 63, 35
767, 751, 739, 713, 682, 657, 640, 626, 601, 572, 551, 540, 502, 487, 478, 441, 436, 414, 385, 358, 348, 319, 296, 274, 241, 223, 214, 194, 173, 152, 151, 132, 106, 75, 74, 73, 64, 36
767, 751, 739, 713, 682, 657, 640, 626, 601, 572, 551, 540, 502, 487, 478, 441, 436, 414, 385, 358, 348, 319, 296, 274, 241, 223, 214, 194, 173, 152, 151, 132, 106, 75, 74, 73, 64, 36, 37
767, 750, 717, 715, 683, 656, 639, 627, 600, 571, 550, 542, 522, 490, 474, 445, 429, 398, 390, 366, 367, 368, 338, 307, 287, 264, 252, 236, 204, 183, 163, 143, 117, 99, 67, 46, 41, 40, 39, 38
767, 750, 717, 715, 683, 656, 639, 627, 600, 571, 550, 542, 522, 490, 474, 445, 429, 398, 390, 366, 367, 368, 338, 307, 287, 264, 252, 236, 204, 183, 163, 143, 117, 99, 67, 46, 41, 40, 39
