1269, 1295, 1302, 1328, 1329, 1348, 1373, 1386, 1404, 1427, 1453, 1478, 1477, 1502, 1518, 1534, 1533, 1553, 0
1269, 1295, 1302, 1328, 1329, 1348, 1373, 1386, 1404, 1427, 1453, 1478, 1501, 1516, 1535, 5, 4, 3, 2, 1
1269, 1295, 1302, 1328, 1329, 1348, 1373, 1386, 1404, 1427, 1453, 1478, 1501, 1516, 1535, 5, 4, 3, 2
1269, 1295, 1302, 1328, 1329, 1348, 1373, 1386, 1404, 1427, 1453, 1478, 1501, 1516, 1535, 5, 4, 3
1269, 1295, 1302, 1328, 1329, 1348, 1373, 1386, 1404, 1427, 1453, 1478, 1501, 1516, 1535, 5, 4
1269, 1295, 1302, 1328, 1329, 1348, 1373, 1386, 1404, 1427, 1453, 1478, 1501, 1516, 1535, 5
1269, 1295, 1302, 1328, 1329, 1348, 1373, 1386, 1404, 1427, 1453, 1478, 1501, 1515, 1536, 6
1269, 1295, 1302, 1328, 1347, 1371, 1383, 1405, 1429, 1454, 1479, 1498, 1513, 1537, 7
1269, 1295, 1302, 1328, 1347, 1371, 1383, 1405, 1429, 1454, 1479, 1498, 1513, 1538, 8
1269, 1295, 1302, 1328, 1347, 1371, 1383, 1405, 1429, 1454, 1481, 1497, 1532, 1539, 9
1269, 1295, 1302, 1328, 1347, 1371, 1383, 1405, 1429, 1454, 1481, 1497, 1532, 1539, 10
1269, 1295, 1302, 1328, 1347, 1371, 1384, 1406, 1430, 1456, 1483, 1495, 1531, 1540, 11
1269, 1295, 1302, 1328, 1347, 1371, 1384, 1406, 1430, 1456, 1484, 1494, 1530, 1542, 12
1269, 1295, 1302, 1328, 1347, 1371, 1384, 1406, 1430, 1456, 1484, 1494, 1530, 1542, 1543, 13
1269, 1268, 1298, 1304, 1325, 1345, 1369, 1368, 1401, 1408, 1433, 1458, 1487, 1492, 1528, 1544, 14
1269, 1268, 1298, 1304, 1325, 1345, 1369, 1368, 1401, 1408, 1433, 1458, 1487, 1488, 1491, 1527, 1545, 15
1269, 1268, 1298, 1304, 1325, 1345, 1369, 1368, 1401, 1408, 1409, 1434, 1459, 1489, 1490, 1526, 1525, 1547, 16
1269, 1268, 1298, 1304, 1325, 1324, 1344, 1343, 1342, 1365, 1398, 1413, 1436, 1461, 1467, 1510, 1524, 1523, 1549, 17
1269, 1268, 1298, 1304, 1325, 1324, 1344, 1343, 1342, 1365, 1398, 1413, 1436, 1461, 1467, 1510, 1524, 1523, 1549, 18
1269, 1268, 1298, 1304, 1325, 1324, 1344, 1343, 1342, 1365, 1398, 1413, 1436, 1461, 1467, 1510, 1524, 1523, 1549, 19
1269, 1268, 1298, 1304, 1325, 1324, 1344, 1343, 1342, 1365, 1398, 1413, 1436, 1461, 1467, 1510, 1524, 1523, 1549, 19, 20
1269, 1295, 1302, 1328, 1347, 1371, 1383, 1405, 1429, 1454, 1479, 1498, 1513, 1537, 7, 21
1269, 1295, 1302, 1328, 1347, 1371, 1383, 1405, 1429, 1454, 1479, 1498, 1513, 1537, 7, 22
1269, 1295, 1302, 1328, 1347, 1371, 1383, 1405, 1429, 1454, 1479, 1498, 1513, 1537, 7, 23
1269, 1295, 1302, 1328, 1347, 1371, 1383, 1405, 1429, 1454, 1479, 1498, 1513, 1538, 8, 24
1269, 1295, 1302, 1328, 1347, 1371, 1383, 1405, 1429, 1454, 1481, 1497, 1532, 1539, 10, 25
1269, 1295, 1302, 1328, 1347, 1371, 1384, 1406, 1430, 1456, 1483, 1495, 1531, 1540, 11, 26
1269, 1295, 1302, 1328, 1347, 1371, 1384, 1406, 1430, 1456, 1483, 1495, 1531, 1540, 11, 27
1269, 1295, 1302, 1328, 1347, 1371, 1384, 1406, 1430, 1456, 1484, 1494, 1530, 1542, 12, 28
1269, 1295, 1302, 1328, 1347, 1371, 1384, 1406, 1430, 1456, 1484, 1494, 1530, 1542, 1543, 13, 29
1269, 1268, 1298, 1304, 1325, 1345, 1369, 1368, 1401, 1408, 1433, 1458, 1487, 1492, 1528, 1544, 14, 30
1269, 1268, 1298, 1304, 1325, 1345, 1369, 1368, 1401, 1408, 1433, 1458, 1487, 1492, 1528, 1544, 14, 30, 31
1269, 1268, 1298, 1304, 1325, 1345, 1369, 1368, 1401, 1408, 1433, 1458, 1487, 1488, 1491, 1527, 1545, 15, 32
1269, 1268, 1298, 1304, 1325, 1345, 1369, 1368, 1401, 1408, 1433, 1458, 1487, 1488, 1491, 1527, 1545, 15, 32, 33
1269, 1268, 1298, 1304, 1325, 1345, 1369, 1368, 1401, 1408, 1409, 1434, 1459, 1489, 1490, 1526, 1525, 1547, 16, 34
1269, 1268, 1298, 1304, 1325, 1345, 1369, 1368, 1401, 1408, 1409, 1434, 1459, 1489, 1490, 1526, 1525, 1547, 16, 34, 35
1269, 1268, 1298, 1304, 1325, 1324, 1344, 1343, 1342, 1365, 1398, 1413, 1436, 1461, 1467, 1510, 1524, 1523, 1549, 18, 36
1269, 1268, 1298, 1304, 1325, 1324, 1344, 1343, 1342, 1365, 1398, 1413, 1436, 1461, 1467, 1510, 1524, 1523, 1549, 19, 37
1269, 1268, 1298, 1304, 1325, 1324, 1344, 1343, 1342, 1365, 1398, 1413, 1436, 1461, 1467, 1510, 1524, 1523, 1549, 19, 37, 38
1269, 1295, 1302, 1328, 1329, 1348, 1373, 1386, 1404, 1427, 1453, 1478, 1477, 1502, 1518, 1534, 1533, 1553, 0, 39
1269, 1295, 1302, 1328, 1329, 1348, 1373, 1386, 1404, 1427, 1453, 1478, 1501, 1516, 1535, 5, 42, 41, 40
1269, 1295, 1302, 1328, 1329, 1348, 1373, 1386, 1404, 1427, 1453, 1478, 1501, 1516, 1535, 5, 42, 41
1269, 1295, 1302, 1328, 1329, 1348, 1373, 1386, 1404, 1427, 1453, 1478, 1501, 1516, 1535, 5, 42
1269, 1295, 1302, 1328, 1329, 1348, 1373, 1386, 1404, 1427, 1453, 1478, 1501, 1516, 1535, 5, 43
1269, 1295, 1302, 1328, 1329, 1348, 1373, 1386, 1404, 1427, 1453, 1478, 1501, 1515, 1536, 6, 44
1269, 1295, 1302, 1328, 1329, 1348, 1373, 1386, 1404, 1427, 1453, 1478, 1501, 1515, 1536, 6, 45
1269, 1268, 1298, 1304, 1325, 1324, 1344, 1343, 1342, 1365, 1398, 1413, 1436, 1461, 1467, 1510, 1524, 1523, 1549, 19, 37, 47, 46
1269, 1268, 1298, 1304, 1325, 1324, 1344, 1343, 1342, 1365, 1398, 1413, 1436, 1461, 1467, 1510, 1524, 1523, 1549, 19, 37, 47
1269, 1268, 1298, 1304, 1325, 1324, 1344, 1343, 1342, 1365, 1398, 1413, 1436, 1461, 1467, 1510, 1524, 1523, 1549, 18, 36, 48
1269, 1268, 1298, 1304, 1325, 1324, 1344, 1343, 1342, 1365, 1398, 1413, 1436, 1461, 1467, 1510, 1524, 1523, 1549, 18, 36, 49
1269, 1268, 1298, 1304, 1325, 1345, 1369, 1368, 1401, 1408, 1409, 1434, 1459, 1489, 1490, 1526, 1525, 1547, 16, 34, 50
1269, 1268, 1298, 1304, 1325, 1345, 1369, 1368, 1401, 1408, 1433, 1458, 1487, 1488, 1491, 1527, 1545, 15, 32, 51
1269, 1268, 1298, 1304, 1325, 1345, 1369, 1368, 1401, 1408, 1433, 1458, 1487, 1492, 1528, 1544, 14, 30, 52
1269, 1268, 1298, 1304, 1325, 1345, 1369, 1368, 1401, 1408, 1433, 1458, 1487, 1492, 1528, 1544, 14, 30, 53
1269, 1295, 1302, 1328, 1347, 1371, 1384, 1406, 1430, 1456, 1484, 1494, 1530, 1542, 12, 28, 55, 54
1269, 1295, 1302, 1328, 1347, 1371, 1384, 1406, 1430, 1456, 1484, 1494, 1530, 1542, 12, 28, 55
1269, 1295, 1302, 1328, 1347, 1371, 1384, 1406, 1430, 1456, 1483, 1495, 1531, 1540, 11, 27, 56
1269, 1295, 1302, 1328, 1347, 1371, 1384, 1406, 1430, 1456, 1483, 1495, 1531, 1540, 11, 26, 57
1269, 1295, 1302, 1328, 1347, 1371, 1384, 1406, 1430, 1456, 1483, 1495, 1531, 1540, 11, 26, 58
1269, 1295, 1302, 1328, 1347, 1371, 1383, 1405, 1429, 1454, 1481, 1497, 1532, 1539, 10, 25, 59
1269, 1295, 1302, 1328, 1347, 1371, 1383, 1405, 1429, 1454, 1479, 1498, 1513, 1537, 7, 21, 60
1269, 1295, 1302, 1328, 1347, 1371, 1383, 1405, 1429, 1454, 1479, 1498, 1513, 1537, 7, 21, 61
1269, 1295, 1302, 1328, 1329, 1348, 1373, 1386, 1404, 1427, 1453, 1478, 1501, 1515, 1536, 6, 45, 62
1269, 1295, 1302, 1328, 1329, 1348, 1373, 1386, 1404, 1427, 1453, 1478, 1501, 1516, 1535, 5, 42, 63
1269, 1295, 1302, 1328, 1329, 1348, 1373, 1386, 1404, 1427, 1453, 1478, 1501, 1516, 1535, 5, 42, 64
1269, 1295, 1302, 1328, 1329, 1348, 1373, 1386, 1404, 1427, 1453, 1478, 1501, 1516, 1535, 5, 42, 64, 65
1269, 1295, 1302, 1328, 1329, 1348, 1373, 1386, 1404, 1427, 1453, 1478, 1501, 1516, 1535, 5, 42, 64, 65, 66
1269, 1295, 1302, 1328, 1329, 1348, 1373, 1386, 1404, 1427, 1453, 1478, 1501, 1516, 1535, 5, 42, 64, 65, 66, 67
1269, 1295, 1302, 1328, 1347, 1371, 1383, 1405, 1429, 1454, 1479, 1498, 1513, 1537, 7, 21, 60, 68
1269, 1295, 1302, 1328, 1347, 1371, 1383, 1405, 1429, 1454, 1479, 1498, 1513, 1537, 7, 21, 61, 69
1269, 1295, 1302, 1328, 1329, 1348, 1373, 1386, 1404, 1427, 1453, 1478, 1501, 1515, 1536, 6, 45, 62, 70
1269, 1295, 1302, 1328, 1329, 1348, 1373, 1386, 1404, 1427, 1453, 1478, 1501, 1515, 1536, 6, 45, 62, 71
1269, 1295, 1302, 1328, 1329, 1348, 1373, 1386, 1404, 1427, 1453, 1478, 1501, 1516, 1535, 5, 42, 63, 72
1269, 1295, 1302, 1328, 1329, 1348, 1373, 1386, 1404, 1427, 1453, 1478, 1501, 1516, 1535, 5, 42, 64, 65, 73
1269, 1295, 1302, 1328, 1329, 1348, 1373, 1386, 1404, 1427, 1453, 1478, 1501, 1516, 1535, 5, 42, 64, 65, 74
1269, 1295, 1302, 1328, 1329, 1348, 1373, 1386, 1404, 1427, 1453, 1478, 1501, 1516, 1535, 5, 42, 64, 65, 74, 75
1269, 1295, 1302, 1328, 1329, 1348, 1373, 1386, 1404, 1427, 1453, 1478, 1501, 1516, 1535, 5, 42, 64, 65, 74, 75, 76
1269, 1295, 1302, 1328, 1329, 1348, 1373, 1386, 1404, 1427, 1453, 1478, 1501, 1516, 1535, 5, 42, 64, 65, 74, 75, 76, 77
1269, 1295, 1302, 1328, 1329, 1348, 1373, 1386, 1404, 1427, 1453, 1478, 1501, 1516, 1535, 5, 42, 64, 65, 74, 75, 76, 77, 78
1269, 1268, 1298, 1304, 1325, 1324, 1344, 1343, 1342, 1365, 1398, 1413, 1436, 1461, 1467, 1510, 1524, 1523, 1549, 19, 37, 47, 80, 79
1269, 1268, 1298, 1304, 1325, 1324, 1344, 1343, 1342, 1365, 1398, 1413, 1436, 1461, 1467, 1510, 1524, 1523, 1549, 19, 37, 47, 80
1269, 1268, 1298, 1304, 1325, 1324, 1344, 1343, 1342, 1365, 1398, 1413, 1436, 1461, 1467, 1510, 1524, 1523, 1549, 18, 36, 48, 81
1269, 1268, 1298, 1304, 1325, 1345, 1369, 1368, 1401, 1408, 1433, 1458, 1487, 1488, 1491, 1527, 1545, 15, 32, 51, 83, 82
1269, 1268, 1298, 1304, 1325, 1345, 1369, 1368, 1401, 1408, 1433, 1458, 1487, 1488, 1491, 1527, 1545, 15, 32, 51, 83
1269, 1268, 1298, 1304, 1325, 1345, 1369, 1368, 1401, 1408, 1433, 1458, 1487, 1492, 1528, 1544, 14, 30, 52, 84
1269, 1295, 1302, 1328, 1347, 1371, 1384, 1406, 1430, 1456, 1484, 1494, 1530, 1542, 12, 28, 55, 85
1269, 1295, 1302, 1328, 1347, 1371, 1384, 1406, 1430, 1456, 1483, 1495, 1531, 1540, 11, 27, 56, 87, 86
1269, 1295, 1302, 1328, 1347, 1371, 1384, 1406, 1430, 1456, 1483, 1495, 1531, 1540, 11, 27, 56, 87
1269, 1295, 1302, 1328, 1347, 1371, 1384, 1406, 1430, 1456, 1483, 1495, 1531, 1540, 11, 27, 56, 88
1269, 1295, 1302, 1328, 1347, 1371, 1384, 1406, 1430, 1456, 1483, 1495, 1531, 1540, 11, 26, 57, 89
1269, 1268, 1298, 1304, 1325, 1345, 1369, 1368, 1401, 1408, 1433, 1458, 1487, 1492, 1528, 1544, 14, 30, 52, 84, 90
1269, 1268, 1298, 1304, 1325, 1345, 1369, 1368, 1401, 1408, 1433, 1458, 1487, 1492, 1528, 1544, 14, 30, 52, 84, 91
1269, 1268, 1298, 1304, 1325, 1345, 1369, 1368, 1401, 1408, 1433, 1458, 1487, 1488, 1491, 1527, 1545, 15, 32, 51, 83, 92
1269, 1268, 1298, 1304, 1325, 1345, 1369, 1368, 1401, 1408, 1433, 1458, 1487, 1488, 1491, 1527, 1545, 15, 32, 51, 83, 92, 93
1269, 1268, 1298, 1304, 1325, 1345, 1369, 1368, 1401, 1408, 1433, 1458, 1487, 1488, 1491, 1527, 1545, 15, 32, 51, 83, 82, 94
1269, 1268, 1298, 1304, 1325, 1324, 1344, 1343, 1342, 1365, 1398, 1413, 1436, 1461, 1467, 1510, 1524, 1523, 1549, 18, 36, 48, 81, 95
1269, 1295, 1302, 1328, 1329, 1348, 1373, 1386, 1404, 1427, 1453, 1478, 1501, 1516, 1535, 5, 42, 64, 65, 74, 98, 97, 96
1269, 1295, 1302, 1328, 1329, 1348, 1373, 1386, 1404, 1427, 1453, 1478, 1501, 1516, 1535, 5, 42, 64, 65, 74, 98, 97
1269, 1295, 1302, 1328, 1329, 1348, 1373, 1386, 1404, 1427, 1453, 1478, 1501, 1516, 1535, 5, 42, 64, 65, 74, 98
1269, 1295, 1302, 1328, 1329, 1348, 1373, 1386, 1404, 1427, 1453, 1478, 1501, 1516, 1535, 5, 42, 64, 65, 74, 99
