139, 138, 119, 99, 74, 66, 40, 1, 0
139, 138, 119, 99, 74, 66, 40, 1
139, 118, 101, 72, 64, 65, 41, 2
139, 118, 101, 72, 64, 65, 41, 3
139, 118, 101, 72, 64, 65, 41, 4
139, 118, 101, 71, 62, 43, 5
139, 118, 101, 71, 62, 45, 6
139, 118, 101, 71, 62, 45, 6, 7
139, 118, 117, 116, 102, 69, 61, 60, 23, 8
139, 118, 117, 116, 102, 69, 61, 60, 23, 8, 9
139, 118, 117, 116, 102, 69, 61, 60, 23, 8, 9, 10
139, 118, 117, 116, 102, 69, 61, 60, 24, 25, 26, 11
139, 118, 117, 116, 102, 69, 61, 60, 24, 25, 26, 11, 12
139, 118, 117, 116, 102, 69, 61, 60, 24, 25, 26, 11, 12, 13
139, 138, 119, 120, 121, 122, 123, 124, 125, 126, 92, 83, 84, 52, 30, 14
139, 138, 119, 98, 97, 96, 95, 81, 48, 49, 50, 34, 16, 15
139, 138, 119, 98, 97, 96, 95, 81, 48, 49, 50, 34, 16
139, 138, 119, 98, 97, 76, 77, 46, 47, 37, 36, 18, 17
139, 138, 119, 98, 97, 76, 77, 46, 47, 37, 36, 18
139, 138, 119, 98, 97, 76, 77, 46, 47, 37, 19
139, 138, 119, 98, 97, 76, 77, 46, 38, 20
139, 118, 101, 71, 62, 45, 21
139, 118, 117, 116, 102, 69, 61, 22
139, 118, 117, 116, 102, 69, 61, 60, 23
139, 118, 117, 116, 102, 69, 61, 60, 24
139, 118, 117, 116, 102, 69, 61, 60, 24, 25
139, 118, 117, 116, 102, 69, 61, 60, 24, 25, 26
139, 118, 117, 116, 102, 69, 61, 60, 24, 25, 26, 27
139, 118, 117, 116, 102, 69, 61, 60, 24, 25, 26, 27, 28
139, 118, 117, 116, 102, 69, 61, 60, 24, 25, 26, 27, 28, 29
139, 138, 119, 120, 121, 122, 123, 124, 125, 126, 92, 83, 84, 52, 30
139, 138, 119, 98, 97, 96, 95, 81, 48, 49, 50, 34, 33, 32, 31
139, 138, 119, 98, 97, 96, 95, 81, 48, 49, 50, 34, 33, 32
139, 138, 119, 98, 97, 96, 95, 81, 48, 49, 50, 34, 33
139, 138, 119, 98, 97, 96, 95, 81, 48, 49, 50, 34
139, 138, 119, 98, 97, 96, 95, 81, 48, 49, 35
139, 138, 119, 98, 97, 76, 77, 46, 47, 37, 36
139, 138, 119, 98, 97, 76, 77, 46, 47, 37
139, 138, 119, 98, 97, 76, 77, 46, 38
139, 138, 119, 98, 97, 75, 67, 39
139, 138, 119, 99, 74, 66, 40
139, 118, 101, 72, 64, 65, 41
139, 118, 101, 72, 63, 42
139, 118, 101, 71, 62, 43
139, 118, 101, 71, 62, 44
139, 118, 101, 71, 62, 45
139, 138, 119, 98, 97, 76, 77, 46
139, 138, 119, 98, 97, 76, 77, 46, 47
139, 138, 119, 98, 97, 96, 95, 81, 48
139, 138, 119, 98, 97, 96, 95, 81, 48, 49
139, 138, 119, 98, 97, 96, 95, 81, 48, 49, 50
139, 138, 119, 98, 97, 96, 95, 81, 48, 49, 50, 51
139, 138, 119, 120, 121, 122, 123, 124, 125, 126, 92, 83, 84, 52
139, 138, 119, 120, 121, 122, 123, 124, 125, 126, 92, 83, 84, 53
139, 118, 117, 116, 102, 69, 61, 60, 59, 58, 57, 56, 55, 54
139, 118, 117, 116, 102, 69, 61, 60, 59, 58, 57, 56, 55
139, 118, 117, 116, 102, 69, 61, 60, 59, 58, 57, 56
139, 118, 117, 116, 102, 69, 61, 60, 59, 58, 57
139, 118, 117, 116, 102, 69, 61, 60, 59, 58
139, 118, 117, 116, 102, 69, 61, 60, 59
139, 118, 117, 116, 102, 69, 61, 60
139, 118, 117, 116, 102, 69, 61
139, 118, 101, 71, 62
139, 118, 101, 72, 63
139, 118, 101, 72, 64
139, 118, 101, 72, 64, 65
139, 138, 119, 99, 74, 66
139, 138, 119, 98, 97, 75, 67
139, 118, 117, 116, 102, 69, 68
139, 118, 117, 116, 102, 69
139, 118, 101, 70
139, 118, 101, 71
139, 118, 101, 72
139, 138, 119, 99, 73
139, 138, 119, 99, 74
139, 138, 119, 98, 97, 75
139, 138, 119, 98, 97, 76
139, 138, 119, 98, 97, 76, 77
139, 138, 119, 98, 97, 76, 77, 78
139, 138, 119, 98, 97, 96, 79
139, 138, 119, 98, 97, 96, 79, 80
139, 138, 119, 98, 97, 96, 95, 81
139, 138, 119, 120, 121, 122, 123, 94, 82
139, 138, 119, 120, 121, 122, 123, 124, 125, 126, 92, 83
139, 138, 119, 120, 121, 122, 123, 124, 125, 126, 92, 83, 84
139, 118, 117, 116, 102, 69, 68, 89, 88, 87, 86, 85
139, 118, 117, 116, 102, 69, 68, 89, 88, 87, 86
139, 118, 117, 116, 102, 69, 68, 89, 88, 87
139, 118, 117, 116, 102, 69, 68, 89, 88
139, 118, 117, 116, 102, 69, 68, 89
139, 138, 119, 120, 121, 122, 123, 124, 125, 126, 92, 91, 90
139, 138, 119, 120, 121, 122, 123, 124, 125, 126, 92, 91
139, 138, 119, 120, 121, 122, 123, 124, 125, 126, 92
139, 138, 119, 120, 121, 122, 123, 124, 125, 93
139, 138, 119, 120, 121, 122, 123, 94
139, 138, 119, 98, 97, 96, 95
139, 138, 119, 98, 97, 96
139, 138, 119, 98, 97
139, 138, 119, 98
139, 138, 119, 99
