1108, 1120, 1119, 1146, 1165, 1181, 1204, 1236, 1243, 1259, 1286, 1314, 1338, 1357, 1382, 1393, 1417, 1440, 1465, 1471, 1507, 1521, 1520, 1552, 0
1108, 1120, 1119, 1146, 1165, 1181, 1204, 1236, 1243, 1259, 1286, 1314, 1338, 1357, 1382, 1393, 1417, 1440, 1465, 1471, 1507, 1521, 1520, 1553, 1
1108, 1120, 1119, 1146, 1165, 1181, 1204, 1236, 1243, 1259, 1286, 1314, 1338, 1356, 1381, 1392, 1391, 1419, 1442, 1448, 1474, 1504, 1519, 1533, 2
1108, 1120, 1119, 1146, 1165, 1181, 1204, 1236, 1243, 1259, 1286, 1314, 1338, 1356, 1381, 1392, 1391, 1419, 1442, 1448, 1474, 1504, 1519, 1533, 3
1108, 1120, 1119, 1146, 1165, 1181, 1204, 1236, 1243, 1259, 1286, 1314, 1338, 1356, 1381, 1392, 1391, 1419, 1442, 1448, 1474, 1503, 1518, 1534, 4
1108, 1120, 1119, 1146, 1165, 1181, 1204, 1236, 1243, 1259, 1286, 1314, 1338, 1356, 1381, 1392, 1391, 1419, 1420, 1443, 1449, 1475, 1502, 1517, 1535, 5
1108, 1120, 1119, 1146, 1165, 1181, 1204, 1236, 1243, 1259, 1286, 1314, 1338, 1356, 1381, 1392, 1391, 1419, 1420, 1443, 1449, 1475, 1502, 1517, 1535, 5, 6
1108, 1121, 1122, 1151, 1152, 1158, 1188, 1211, 1212, 1228, 1253, 1269, 1295, 1302, 1328, 1347, 1371, 1383, 1405, 1429, 1454, 1479, 1498, 1513, 1537, 7
1108, 1121, 1122, 1151, 1152, 1158, 1188, 1211, 1212, 1228, 1253, 1269, 1295, 1302, 1328, 1347, 1371, 1383, 1405, 1429, 1454, 1479, 1498, 1513, 1538, 8
1108, 1121, 1122, 1151, 1152, 1158, 1188, 1211, 1212, 1228, 1253, 1269, 1295, 1302, 1328, 1347, 1371, 1383, 1405, 1429, 1454, 1481, 1497, 1532, 1539, 9
1108, 1121, 1122, 1151, 1152, 1158, 1188, 1211, 1212, 1228, 1253, 1269, 1295, 1302, 1328, 1347, 1371, 1383, 1405, 1429, 1454, 1481, 1497, 1532, 1539, 10
1108, 1121, 1122, 1151, 1163, 1186, 1208, 1232, 1248, 1264, 1279, 1306, 1323, 1344, 1368, 1401, 1408, 1433, 1458, 1457, 1486, 1493, 1530, 1540, 11
1108, 1121, 1122, 1151, 1163, 1186, 1208, 1232, 1248, 1264, 1279, 1306, 1323, 1344, 1368, 1401, 1408, 1433, 1458, 1457, 1486, 1493, 1530, 1542, 12
1108, 1121, 1122, 1151, 1163, 1186, 1208, 1232, 1248, 1264, 1279, 1306, 1323, 1344, 1368, 1401, 1408, 1433, 1458, 1487, 1492, 1529, 1543, 13
1108, 1121, 1122, 1151, 1163, 1186, 1208, 1232, 1248, 1264, 1279, 1306, 1323, 1344, 1368, 1401, 1408, 1433, 1458, 1487, 1492, 1528, 1544, 14
1108, 1120, 1149, 1164, 1184, 1206, 1234, 1246, 1247, 1263, 1281, 1308, 1322, 1342, 1365, 1398, 1413, 1436, 1461, 1467, 1511, 1525, 1546, 1545, 15
1108, 1120, 1149, 1164, 1184, 1206, 1234, 1246, 1247, 1263, 1281, 1308, 1322, 1342, 1365, 1398, 1413, 1436, 1461, 1467, 1511, 1525, 1547, 16
1108, 1120, 1149, 1164, 1184, 1206, 1234, 1245, 1261, 1282, 1310, 1341, 1359, 1363, 1396, 1415, 1438, 1464, 1468, 1509, 1523, 1549, 17
1108, 1120, 1149, 1164, 1184, 1206, 1234, 1245, 1261, 1282, 1310, 1341, 1359, 1363, 1396, 1415, 1438, 1464, 1468, 1509, 1523, 1549, 18
1108, 1120, 1149, 1164, 1184, 1206, 1234, 1245, 1261, 1282, 1310, 1341, 1359, 1363, 1396, 1415, 1438, 1464, 1468, 1509, 1523, 1549, 19
1108, 1120, 1119, 1146, 1165, 1181, 1204, 1236, 1243, 1259, 1286, 1314, 1338, 1357, 1382, 1393, 1417, 1440, 1465, 1471, 1507, 1522, 1550, 20
1108, 1121, 1122, 1151, 1152, 1158, 1188, 1211, 1212, 1228, 1253, 1269, 1295, 1302, 1328, 1347, 1371, 1383, 1405, 1429, 1454, 1479, 1498, 1513, 1537, 7, 21
1108, 1121, 1122, 1151, 1152, 1158, 1188, 1211, 1212, 1228, 1253, 1269, 1295, 1302, 1328, 1347, 1371, 1383, 1405, 1429, 1454, 1479, 1498, 1513, 1537, 7, 22
1108, 1121, 1122, 1151, 1152, 1158, 1188, 1211, 1212, 1228, 1253, 1269, 1295, 1302, 1328, 1347, 1371, 1383, 1405, 1429, 1454, 1479, 1498, 1513, 1537, 7, 23
1108, 1121, 1122, 1151, 1152, 1158, 1188, 1211, 1212, 1228, 1253, 1269, 1295, 1302, 1328, 1347, 1371, 1383, 1405, 1429, 1454, 1479, 1498, 1513, 1538, 8, 24
1108, 1121, 1122, 1151, 1152, 1158, 1188, 1211, 1212, 1228, 1253, 1269, 1295, 1302, 1328, 1347, 1371, 1383, 1405, 1429, 1454, 1481, 1497, 1532, 1539, 10, 25
1108, 1121, 1122, 1151, 1163, 1186, 1208, 1232, 1248, 1264, 1279, 1306, 1323, 1344, 1368, 1401, 1408, 1433, 1458, 1457, 1486, 1493, 1530, 1540, 11, 26
1108, 1121, 1122, 1151, 1163, 1186, 1208, 1232, 1248, 1264, 1279, 1306, 1323, 1344, 1368, 1401, 1408, 1433, 1458, 1457, 1486, 1493, 1530, 1540, 11, 27
1108, 1121, 1122, 1151, 1163, 1186, 1208, 1232, 1248, 1264, 1279, 1306, 1323, 1344, 1368, 1401, 1408, 1433, 1458, 1487, 1492, 1529, 1543, 13, 28
1108, 1120, 1149, 1164, 1184, 1206, 1234, 1246, 1247, 1263, 1281, 1308, 1322, 1342, 1365, 1398, 1413, 1436, 1461, 1467, 1511, 1525, 1546, 1545, 15, 31, 30, 29
1108, 1120, 1149, 1164, 1184, 1206, 1234, 1246, 1247, 1263, 1281, 1308, 1322, 1342, 1365, 1398, 1413, 1436, 1461, 1467, 1511, 1525, 1546, 1545, 15, 31, 30
1108, 1120, 1149, 1164, 1184, 1206, 1234, 1246, 1247, 1263, 1281, 1308, 1322, 1342, 1365, 1398, 1413, 1436, 1461, 1467, 1511, 1525, 1546, 1545, 15, 31
1108, 1120, 1149, 1164, 1184, 1206, 1234, 1246, 1247, 1263, 1281, 1308, 1322, 1342, 1365, 1398, 1413, 1436, 1461, 1467, 1511, 1525, 1546, 1545, 15, 32
1108, 1120, 1149, 1164, 1184, 1206, 1234, 1246, 1247, 1263, 1281, 1308, 1322, 1342, 1365, 1398, 1413, 1436, 1461, 1467, 1511, 1525, 1547, 16, 33
1108, 1120, 1149, 1164, 1184, 1206, 1234, 1246, 1247, 1263, 1281, 1308, 1322, 1342, 1365, 1398, 1413, 1436, 1461, 1467, 1511, 1525, 1547, 16, 34
1108, 1120, 1149, 1164, 1184, 1206, 1234, 1245, 1261, 1282, 1310, 1341, 1359, 1363, 1396, 1415, 1438, 1464, 1468, 1509, 1523, 1549, 17, 35
1108, 1120, 1149, 1164, 1184, 1206, 1234, 1245, 1261, 1282, 1310, 1341, 1359, 1363, 1396, 1415, 1438, 1464, 1468, 1509, 1523, 1549, 18, 36
1108, 1120, 1149, 1164, 1184, 1206, 1234, 1245, 1261, 1282, 1310, 1341, 1359, 1363, 1396, 1415, 1438, 1464, 1468, 1509, 1523, 1549, 19, 37
1108, 1120, 1119, 1146, 1165, 1181, 1204, 1236, 1243, 1259, 1286, 1314, 1338, 1357, 1382, 1393, 1417, 1440, 1465, 1471, 1507, 1522, 1550, 20, 38
1108, 1120, 1119, 1146, 1165, 1181, 1204, 1236, 1243, 1259, 1286, 1314, 1338, 1357, 1382, 1393, 1417, 1440, 1465, 1471, 1507, 1521, 1520, 1552, 0, 39
1108, 1120, 1119, 1146, 1165, 1181, 1204, 1236, 1243, 1259, 1286, 1314, 1338, 1357, 1382, 1393, 1417, 1440, 1465, 1471, 1507, 1521, 1520, 1553, 1, 40
1108, 1120, 1119, 1146, 1165, 1181, 1204, 1236, 1243, 1259, 1286, 1314, 1338, 1356, 1381, 1392, 1391, 1419, 1442, 1448, 1474, 1503, 1518, 1534, 4, 41
1108, 1120, 1119, 1146, 1165, 1181, 1204, 1236, 1243, 1259, 1286, 1314, 1338, 1356, 1381, 1392, 1391, 1419, 1420, 1443, 1449, 1475, 1502, 1517, 1535, 5, 42
1108, 1120, 1119, 1146, 1165, 1181, 1204, 1236, 1243, 1259, 1286, 1314, 1338, 1356, 1381, 1392, 1391, 1419, 1420, 1443, 1449, 1475, 1502, 1517, 1535, 5, 43
1108, 1120, 1119, 1146, 1165, 1181, 1204, 1236, 1243, 1259, 1286, 1314, 1338, 1356, 1381, 1392, 1391, 1419, 1420, 1443, 1449, 1475, 1502, 1517, 1535, 5, 43, 44
1108, 1120, 1119, 1146, 1165, 1181, 1204, 1236, 1243, 1259, 1286, 1314, 1338, 1356, 1381, 1392, 1391, 1419, 1420, 1443, 1449, 1475, 1502, 1517, 1535, 5, 6, 45
1108, 1120, 1119, 1146, 1165, 1181, 1204, 1236, 1243, 1259, 1286, 1314, 1338, 1357, 1382, 1393, 1417, 1440, 1465, 1471, 1507, 1522, 1550, 20, 38, 46
1108, 1120, 1149, 1164, 1184, 1206, 1234, 1245, 1261, 1282, 1310, 1341, 1359, 1363, 1396, 1415, 1438, 1464, 1468, 1509, 1523, 1549, 19, 37, 47
1108, 1120, 1149, 1164, 1184, 1206, 1234, 1245, 1261, 1282, 1310, 1341, 1359, 1363, 1396, 1415, 1438, 1464, 1468, 1509, 1523, 1549, 18, 36, 48
1108, 1120, 1149, 1164, 1184, 1206, 1234, 1245, 1261, 1282, 1310, 1341, 1359, 1363, 1396, 1415, 1438, 1464, 1468, 1509, 1523, 1549, 18, 36, 49
1108, 1120, 1149, 1164, 1184, 1206, 1234, 1246, 1247, 1263, 1281, 1308, 1322, 1342, 1365, 1398, 1413, 1436, 1461, 1467, 1511, 1525, 1547, 16, 34, 50
1108, 1120, 1149, 1164, 1184, 1206, 1234, 1246, 1247, 1263, 1281, 1308, 1322, 1342, 1365, 1398, 1413, 1436, 1461, 1467, 1511, 1525, 1547, 16, 33, 51
1108, 1120, 1149, 1164, 1184, 1206, 1234, 1246, 1247, 1263, 1281, 1308, 1322, 1342, 1365, 1398, 1413, 1436, 1461, 1467, 1511, 1525, 1546, 1545, 15, 31, 52
1108, 1120, 1149, 1164, 1184, 1206, 1234, 1246, 1247, 1263, 1281, 1308, 1322, 1342, 1365, 1398, 1413, 1436, 1461, 1467, 1511, 1525, 1546, 1545, 15, 31, 52, 53
1108, 1120, 1149, 1164, 1184, 1206, 1234, 1246, 1247, 1263, 1281, 1308, 1322, 1342, 1365, 1398, 1413, 1436, 1461, 1467, 1511, 1525, 1546, 1545, 15, 31, 52, 53, 54
1108, 1120, 1149, 1164, 1184, 1206, 1234, 1246, 1247, 1263, 1281, 1308, 1322, 1342, 1365, 1398, 1413, 1436, 1461, 1467, 1511, 1525, 1546, 1545, 15, 31, 52, 53, 54, 55
1108, 1121, 1122, 1151, 1163, 1186, 1208, 1232, 1248, 1264, 1279, 1306, 1323, 1344, 1368, 1401, 1408, 1433, 1458, 1457, 1486, 1493, 1530, 1540, 11, 27, 56
1108, 1121, 1122, 1151, 1163, 1186, 1208, 1232, 1248, 1264, 1279, 1306, 1323, 1344, 1368, 1401, 1408, 1433, 1458, 1457, 1486, 1493, 1530, 1540, 11, 26, 57
1108, 1121, 1122, 1151, 1163, 1186, 1208, 1232, 1248, 1264, 1279, 1306, 1323, 1344, 1368, 1401, 1408, 1433, 1458, 1457, 1486, 1493, 1530, 1540, 11, 26, 58
1108, 1121, 1122, 1151, 1152, 1158, 1188, 1211, 1212, 1228, 1253, 1269, 1295, 1302, 1328, 1347, 1371, 1383, 1405, 1429, 1454, 1481, 1497, 1532, 1539, 10, 25, 59
1108, 1121, 1122, 1151, 1152, 1158, 1188, 1211, 1212, 1228, 1253, 1269, 1295, 1302, 1328, 1347, 1371, 1383, 1405, 1429, 1454, 1479, 1498, 1513, 1537, 7, 21, 60
1108, 1121, 1122, 1151, 1152, 1158, 1188, 1211, 1212, 1228, 1253, 1269, 1295, 1302, 1328, 1347, 1371, 1383, 1405, 1429, 1454, 1479, 1498, 1513, 1537, 7, 21, 61
1108, 1120, 1119, 1146, 1165, 1181, 1204, 1236, 1243, 1259, 1286, 1314, 1338, 1356, 1381, 1392, 1391, 1419, 1420, 1443, 1449, 1475, 1502, 1517, 1535, 5, 43, 62
1108, 1120, 1119, 1146, 1165, 1181, 1204, 1236, 1243, 1259, 1286, 1314, 1338, 1356, 1381, 1392, 1391, 1419, 1442, 1448, 1474, 1503, 1518, 1534, 4, 41, 65, 64, 63
1108, 1120, 1119, 1146, 1165, 1181, 1204, 1236, 1243, 1259, 1286, 1314, 1338, 1356, 1381, 1392, 1391, 1419, 1442, 1448, 1474, 1503, 1518, 1534, 4, 41, 65, 64
1108, 1120, 1119, 1146, 1165, 1181, 1204, 1236, 1243, 1259, 1286, 1314, 1338, 1356, 1381, 1392, 1391, 1419, 1442, 1448, 1474, 1503, 1518, 1534, 4, 41, 65
1108, 1120, 1119, 1146, 1165, 1181, 1204, 1236, 1243, 1259, 1286, 1314, 1338, 1357, 1382, 1393, 1417, 1440, 1465, 1471, 1507, 1521, 1520, 1553, 1, 40, 66
1108, 1120, 1119, 1146, 1165, 1181, 1204, 1236, 1243, 1259, 1286, 1314, 1338, 1357, 1382, 1393, 1417, 1440, 1465, 1471, 1507, 1521, 1520, 1553, 1, 40, 67
1108, 1121, 1122, 1151, 1152, 1158, 1188, 1211, 1212, 1228, 1253, 1269, 1295, 1302, 1328, 1347, 1371, 1383, 1405, 1429, 1454, 1479, 1498, 1513, 1537, 7, 21, 60, 68
1108, 1121, 1122, 1151, 1152, 1158, 1188, 1211, 1212, 1228, 1253, 1269, 1295, 1302, 1328, 1347, 1371, 1383, 1405, 1429, 1454, 1479, 1498, 1513, 1537, 7, 21, 61, 69
1108, 1120, 1119, 1146, 1165, 1181, 1204, 1236, 1243, 1259, 1286, 1314, 1338, 1356, 1381, 1392, 1391, 1419, 1420, 1443, 1449, 1475, 1502, 1517, 1535, 5, 43, 62, 70
1108, 1120, 1119, 1146, 1165, 1181, 1204, 1236, 1243, 1259, 1286, 1314, 1338, 1356, 1381, 1392, 1391, 1419, 1420, 1443, 1449, 1475, 1502, 1517, 1535, 5, 43, 62, 71
1108, 1120, 1119, 1146, 1165, 1181, 1204, 1236, 1243, 1259, 1286, 1314, 1338, 1356, 1381, 1392, 1391, 1419, 1442, 1448, 1474, 1503, 1518, 1534, 4, 41, 65, 64, 72
1108, 1120, 1119, 1146, 1165, 1181, 1204, 1236, 1243, 1259, 1286, 1314, 1338, 1356, 1381, 1392, 1391, 1419, 1442, 1448, 1474, 1503, 1518, 1534, 4, 41, 65, 73
1108, 1120, 1119, 1146, 1165, 1181, 1204, 1236, 1243, 1259, 1286, 1314, 1338, 1357, 1382, 1393, 1417, 1440, 1465, 1471, 1507, 1521, 1520, 1553, 1, 40, 66, 74
1108, 1120, 1119, 1146, 1165, 1181, 1204, 1236, 1243, 1259, 1286, 1314, 1338, 1357, 1382, 1393, 1417, 1440, 1465, 1471, 1507, 1521, 1520, 1553, 1, 40, 67, 75
1108, 1120, 1119, 1146, 1165, 1181, 1204, 1236, 1243, 1259, 1286, 1314, 1338, 1357, 1382, 1393, 1417, 1440, 1465, 1471, 1507, 1521, 1520, 1553, 1, 40, 67, 76
1108, 1120, 1119, 1146, 1165, 1181, 1204, 1236, 1243, 1259, 1286, 1314, 1338, 1357, 1382, 1393, 1417, 1440, 1465, 1471, 1507, 1522, 1550, 20, 38, 46, 77
1108, 1120, 1119, 1146, 1165, 1181, 1204, 1236, 1243, 1259, 1286, 1314, 1338, 1357, 1382, 1393, 1417, 1440, 1465, 1471, 1507, 1522, 1550, 20, 38, 46, 78
1108, 1120, 1119, 1146, 1165, 1181, 1204, 1236, 1243, 1259, 1286, 1314, 1338, 1357, 1382, 1393, 1417, 1440, 1465, 1471, 1507, 1522, 1550, 20, 38, 46, 79
1108, 1120, 1149, 1164, 1184, 1206, 1234, 1245, 1261, 1282, 1310, 1341, 1359, 1363, 1396, 1415, 1438, 1464, 1468, 1509, 1523, 1549, 19, 37, 47, 80
1108, 1120, 1149, 1164, 1184, 1206, 1234, 1245, 1261, 1282, 1310, 1341, 1359, 1363, 1396, 1415, 1438, 1464, 1468, 1509, 1523, 1549, 18, 36, 48, 81
1108, 1120, 1149, 1164, 1184, 1206, 1234, 1245, 1261, 1282, 1310, 1341, 1359, 1363, 1396, 1415, 1438, 1464, 1468, 1509, 1523, 1549, 18, 36, 49, 82
1108, 1120, 1149, 1164, 1184, 1206, 1234, 1246, 1247, 1263, 1281, 1308, 1322, 1342, 1365, 1398, 1413, 1436, 1461, 1467, 1511, 1525, 1547, 16, 33, 51, 83
1108, 1120, 1149, 1164, 1184, 1206, 1234, 1246, 1247, 1263, 1281, 1308, 1322, 1342, 1365, 1398, 1413, 1436, 1461, 1467, 1511, 1525, 1546, 1545, 15, 31, 52, 84
1108, 1120, 1149, 1164, 1184, 1206, 1234, 1246, 1247, 1263, 1281, 1308, 1322, 1342, 1365, 1398, 1413, 1436, 1461, 1467, 1511, 1525, 1546, 1545, 15, 31, 52, 84, 85
1108, 1120, 1149, 1164, 1184, 1206, 1234, 1246, 1247, 1263, 1281, 1308, 1322, 1342, 1365, 1398, 1413, 1436, 1461, 1467, 1511, 1525, 1546, 1545, 15, 31, 52, 53, 54, 55, 86
1108, 1121, 1122, 1151, 1163, 1186, 1208, 1232, 1248, 1264, 1279, 1306, 1323, 1344, 1368, 1401, 1408, 1433, 1458, 1457, 1486, 1493, 1530, 1540, 11, 27, 56, 87
1108, 1121, 1122, 1151, 1163, 1186, 1208, 1232, 1248, 1264, 1279, 1306, 1323, 1344, 1368, 1401, 1408, 1433, 1458, 1457, 1486, 1493, 1530, 1540, 11, 27, 56, 88
1108, 1121, 1122, 1151, 1163, 1186, 1208, 1232, 1248, 1264, 1279, 1306, 1323, 1344, 1368, 1401, 1408, 1433, 1458, 1457, 1486, 1493, 1530, 1540, 11, 26, 57, 89
1108, 1120, 1149, 1164, 1184, 1206, 1234, 1246, 1247, 1263, 1281, 1308, 1322, 1342, 1365, 1398, 1413, 1436, 1461, 1467, 1511, 1525, 1546, 1545, 15, 31, 52, 84, 90
1108, 1120, 1149, 1164, 1184, 1206, 1234, 1246, 1247, 1263, 1281, 1308, 1322, 1342, 1365, 1398, 1413, 1436, 1461, 1467, 1511, 1525, 1546, 1545, 15, 31, 52, 84, 91
1108, 1120, 1149, 1164, 1184, 1206, 1234, 1246, 1247, 1263, 1281, 1308, 1322, 1342, 1365, 1398, 1413, 1436, 1461, 1467, 1511, 1525, 1547, 16, 33, 51, 83, 92
1108, 1120, 1149, 1164, 1184, 1206, 1234, 1245, 1261, 1282, 1310, 1341, 1359, 1363, 1396, 1415, 1438, 1464, 1468, 1509, 1523, 1549, 18, 36, 49, 82, 93
1108, 1120, 1149, 1164, 1184, 1206, 1234, 1245, 1261, 1282, 1310, 1341, 1359, 1363, 1396, 1415, 1438, 1464, 1468, 1509, 1523, 1549, 18, 36, 49, 82, 94
1108, 1120, 1149, 1164, 1184, 1206, 1234, 1245, 1261, 1282, 1310, 1341, 1359, 1363, 1396, 1415, 1438, 1464, 1468, 1509, 1523, 1549, 18, 36, 48, 81, 95
1108, 1120, 1119, 1146, 1165, 1181, 1204, 1236, 1243, 1259, 1286, 1314, 1338, 1357, 1382, 1393, 1417, 1440, 1465, 1471, 1507, 1522, 1550, 20, 38, 46, 78, 96
1108, 1120, 1119, 1146, 1165, 1181, 1204, 1236, 1243, 1259, 1286, 1314, 1338, 1357, 1382, 1393, 1417, 1440, 1465, 1471, 1507, 1521, 1520, 1553, 1, 40, 67, 75, 97
1108, 1120, 1119, 1146, 1165, 1181, 1204, 1236, 1243, 1259, 1286, 1314, 1338, 1357, 1382, 1393, 1417, 1440, 1465, 1471, 1507, 1521, 1520, 1553, 1, 40, 67, 75, 97, 98
1108, 1120, 1119, 1146, 1165, 1181, 1204, 1236, 1243, 1259, 1286, 1314, 1338, 1357, 1382, 1393, 1417, 1440, 1465, 1471, 1507, 1521, 1520, 1553, 1, 40, 66, 74, 99
