194, 195, 175, 176, 177, 163, 141, 117, 101, 72, 64, 65, 66, 40, 1, 0
194, 195, 175, 176, 177, 163, 141, 117, 101, 72, 64, 65, 66, 40, 1
194, 195, 175, 176, 177, 163, 141, 117, 101, 72, 64, 65, 41, 2
194, 195, 175, 176, 177, 163, 141, 117, 101, 72, 64, 65, 41, 3
194, 159, 160, 144, 114, 106, 68, 60, 21, 45, 6, 5, 4
194, 159, 160, 144, 114, 106, 68, 60, 21, 45, 6, 5
194, 159, 160, 144, 114, 106, 68, 60, 21, 45, 6
194, 159, 160, 144, 114, 106, 68, 60, 21, 7
194, 159, 160, 144, 114, 106, 68, 60, 23, 8
194, 159, 145, 112, 107, 89, 59, 25, 9
194, 159, 145, 112, 107, 89, 59, 25, 10
194, 159, 145, 112, 107, 89, 57, 26, 11
194, 159, 145, 112, 107, 89, 57, 26, 11, 12
194, 193, 157, 146, 131, 130, 111, 85, 54, 29, 13
194, 193, 157, 146, 131, 130, 111, 85, 54, 53, 30, 14
194, 193, 157, 146, 131, 130, 111, 85, 84, 52, 31, 15
194, 193, 157, 146, 131, 130, 111, 85, 84, 83, 51, 33, 16
194, 193, 157, 146, 131, 130, 111, 85, 84, 83, 51, 33, 16, 17
194, 193, 157, 146, 131, 130, 111, 85, 84, 83, 51, 33, 16, 17, 18
194, 193, 157, 146, 147, 148, 149, 128, 90, 91, 92, 93, 82, 49, 36, 19
194, 193, 157, 146, 147, 148, 149, 128, 90, 91, 92, 93, 82, 49, 36, 19, 20
194, 159, 160, 144, 114, 106, 68, 60, 21
194, 159, 160, 144, 114, 106, 68, 60, 61, 22
194, 159, 160, 144, 114, 106, 68, 60, 23
194, 159, 160, 144, 114, 106, 68, 60, 24
194, 159, 145, 112, 107, 89, 59, 25
194, 159, 145, 112, 107, 89, 57, 26
194, 159, 145, 112, 107, 89, 57, 26, 27
194, 159, 145, 112, 107, 89, 57, 26, 27, 28
194, 193, 157, 146, 131, 130, 111, 85, 54, 29
194, 193, 157, 146, 131, 130, 111, 85, 54, 53, 30
194, 193, 157, 146, 131, 130, 111, 85, 84, 52, 31
194, 193, 157, 146, 131, 130, 111, 85, 84, 52, 31, 32
194, 193, 157, 146, 131, 130, 111, 85, 84, 83, 51, 33
194, 193, 157, 146, 131, 130, 111, 85, 84, 83, 51, 33, 34
194, 193, 157, 146, 131, 130, 111, 85, 84, 83, 51, 33, 34, 35
194, 193, 157, 146, 147, 148, 149, 128, 90, 91, 92, 93, 82, 49, 36
194, 193, 157, 146, 147, 148, 149, 128, 90, 91, 92, 93, 82, 49, 36, 37
194, 193, 157, 146, 147, 148, 149, 128, 90, 91, 92, 93, 82, 49, 36, 37, 38
194, 195, 175, 176, 177, 163, 141, 117, 101, 72, 64, 65, 66, 67, 39
194, 195, 175, 176, 177, 163, 141, 117, 101, 72, 64, 65, 66, 40
194, 195, 175, 176, 177, 163, 141, 117, 101, 72, 64, 65, 41
194, 159, 160, 144, 114, 106, 68, 69, 70, 62, 43, 42
194, 159, 160, 144, 114, 106, 68, 69, 70, 62, 43
194, 159, 160, 144, 114, 106, 68, 60, 21, 45, 44
194, 159, 160, 144, 114, 106, 68, 60, 21, 45
194, 193, 157, 146, 147, 148, 149, 128, 90, 91, 92, 93, 82, 49, 48, 47, 46
194, 193, 157, 146, 147, 148, 149, 128, 90, 91, 92, 93, 82, 49, 48, 47
194, 193, 157, 146, 147, 148, 149, 128, 90, 91, 92, 93, 82, 49, 48
194, 193, 157, 146, 147, 148, 149, 128, 90, 91, 92, 93, 82, 49
194, 193, 157, 146, 131, 130, 111, 85, 84, 83, 50
194, 193, 157, 146, 131, 130, 111, 85, 84, 83, 51
194, 193, 157, 146, 131, 130, 111, 85, 84, 52
194, 193, 157, 146, 131, 130, 111, 85, 54, 53
194, 193, 157, 146, 131, 130, 111, 85, 54
194, 193, 157, 146, 131, 130, 111, 85, 55
194, 159, 145, 132, 108, 88, 56
194, 159, 145, 112, 107, 89, 57
194, 159, 145, 112, 107, 89, 58
194, 159, 145, 112, 107, 89, 59
194, 159, 160, 144, 114, 106, 68, 60
194, 159, 160, 144, 114, 106, 68, 60, 61
194, 159, 160, 144, 114, 106, 68, 69, 70, 62
194, 195, 175, 176, 177, 163, 141, 117, 101, 72, 63
194, 195, 175, 176, 177, 163, 141, 117, 101, 72, 64
194, 195, 175, 176, 177, 163, 141, 117, 101, 72, 64, 65
194, 195, 175, 176, 177, 163, 141, 117, 101, 72, 64, 65, 66
194, 195, 175, 176, 177, 163, 141, 117, 101, 72, 64, 65, 66, 67
194, 159, 160, 144, 114, 106, 68
194, 159, 160, 144, 114, 106, 68, 69
194, 159, 160, 144, 114, 106, 68, 69, 70
194, 159, 160, 144, 114, 106, 68, 69, 70, 71
194, 195, 175, 176, 177, 163, 141, 117, 101, 72
194, 195, 175, 176, 177, 163, 141, 117, 101, 72, 73
194, 195, 175, 176, 177, 163, 141, 117, 101, 72, 73, 74
194, 195, 175, 176, 177, 163, 141, 117, 101, 72, 73, 74, 75
194, 195, 175, 176, 177, 163, 141, 117, 101, 72, 73, 74, 75, 76
194, 195, 175, 176, 177, 163, 141, 117, 101, 72, 73, 74, 75, 76, 77
194, 195, 175, 176, 177, 163, 141, 117, 101, 72, 73, 74, 75, 76, 77, 78
194, 195, 175, 176, 177, 163, 141, 117, 101, 72, 73, 74, 75, 76, 77, 78, 79
194, 193, 157, 146, 147, 148, 149, 128, 90, 91, 92, 93, 82, 81, 80
194, 193, 157, 146, 147, 148, 149, 128, 90, 91, 92, 93, 82, 81
194, 193, 157, 146, 147, 148, 149, 128, 90, 91, 92, 93, 82
194, 193, 157, 146, 131, 130, 111, 85, 84, 83
194, 193, 157, 146, 131, 130, 111, 85, 84
194, 193, 157, 146, 131, 130, 111, 85
194, 193, 157, 146, 131, 130, 110, 86
194, 159, 145, 132, 108, 88, 87
194, 159, 145, 132, 108, 88
194, 159, 145, 112, 107, 89
194, 193, 157, 146, 147, 148, 149, 128, 90
194, 193, 157, 146, 147, 148, 149, 128, 90, 91
194, 193, 157, 146, 147, 148, 149, 128, 90, 91, 92
194, 193, 157, 146, 147, 148, 149, 128, 90, 91, 92, 93
194, 193, 192, 191, 190, 189, 188, 173, 152, 153, 125, 124, 94
194, 193, 192, 191, 190, 189, 188, 173, 152, 153, 125, 124, 123, 95
194, 195, 175, 176, 177, 163, 141, 118, 100, 99, 98, 97, 96
194, 195, 175, 176, 177, 163, 141, 118, 100, 99, 98, 97
194, 195, 175, 176, 177, 163, 141, 118, 100, 99, 98
194, 195, 175, 176, 177, 163, 141, 118, 100, 99
