1024, 1032, 1051, 1086, 1103, 1126, 1125, 1124, 1153, 1159, 1188, 1187, 1210, 1209, 1208, 1207, 1233, 1247, 1262, 1282, 1310, 1341, 1359, 1363, 1396, 1415, 1438, 1439, 1465, 1471, 1507, 1521, 1520, 1552, 0
1024, 1032, 1051, 1086, 1103, 1126, 1125, 1124, 1153, 1159, 1188, 1187, 1210, 1209, 1208, 1207, 1233, 1247, 1262, 1282, 1310, 1341, 1359, 1363, 1396, 1415, 1438, 1439, 1465, 1471, 1507, 1521, 1520, 1553, 1
1024, 1032, 1051, 1085, 1084, 1101, 1130, 1157, 1177, 1191, 1214, 1227, 1254, 1270, 1294, 1301, 1329, 1348, 1373, 1386, 1404, 1427, 1453, 1478, 1501, 1516, 1535, 5, 4, 3, 2
1024, 1032, 1051, 1085, 1084, 1101, 1130, 1157, 1177, 1191, 1214, 1227, 1254, 1270, 1294, 1301, 1329, 1348, 1373, 1386, 1404, 1427, 1453, 1478, 1501, 1516, 1535, 5, 4, 3
1024, 1032, 1051, 1085, 1084, 1101, 1130, 1157, 1177, 1191, 1214, 1227, 1254, 1270, 1294, 1301, 1329, 1348, 1373, 1386, 1404, 1427, 1453, 1478, 1501, 1516, 1535, 5, 4
1024, 1032, 1051, 1085, 1084, 1101, 1130, 1157, 1177, 1191, 1214, 1227, 1254, 1270, 1294, 1301, 1329, 1348, 1373, 1386, 1404, 1427, 1453, 1478, 1501, 1516, 1535, 5
1024, 1032, 1051, 1085, 1084, 1101, 1130, 1157, 1177, 1191, 1214, 1227, 1254, 1270, 1294, 1301, 1329, 1348, 1373, 1386, 1404, 1427, 1453, 1478, 1501, 1515, 1536, 6
1024, 1032, 1051, 1086, 1103, 1126, 1155, 1179, 1189, 1212, 1228, 1253, 1269, 1295, 1302, 1328, 1347, 1371, 1383, 1405, 1429, 1454, 1479, 1498, 1513, 1537, 7
1024, 1032, 1051, 1086, 1103, 1126, 1155, 1179, 1189, 1212, 1228, 1253, 1269, 1295, 1302, 1328, 1347, 1371, 1383, 1405, 1429, 1454, 1479, 1498, 1513, 1538, 8
1024, 1032, 1051, 1086, 1103, 1126, 1155, 1179, 1189, 1212, 1228, 1253, 1269, 1295, 1302, 1328, 1347, 1371, 1383, 1405, 1429, 1454, 1481, 1497, 1532, 1539, 9
1024, 1032, 1051, 1086, 1103, 1126, 1155, 1179, 1189, 1212, 1228, 1253, 1269, 1295, 1302, 1328, 1347, 1371, 1383, 1405, 1429, 1454, 1481, 1497, 1532, 1539, 10
1024, 1032, 1051, 1086, 1103, 1126, 1155, 1179, 1189, 1212, 1228, 1253, 1269, 1295, 1302, 1328, 1347, 1371, 1384, 1406, 1430, 1456, 1483, 1495, 1531, 1540, 11
1024, 1032, 1051, 1086, 1103, 1126, 1155, 1179, 1189, 1212, 1228, 1253, 1269, 1295, 1302, 1328, 1347, 1371, 1384, 1406, 1430, 1456, 1484, 1494, 1530, 1542, 12
1024, 1032, 1051, 1086, 1103, 1126, 1155, 1179, 1189, 1212, 1229, 1251, 1267, 1299, 1304, 1325, 1345, 1369, 1368, 1401, 1408, 1433, 1458, 1487, 1492, 1529, 1543, 13
1024, 1032, 1051, 1086, 1103, 1126, 1155, 1179, 1189, 1212, 1229, 1251, 1267, 1299, 1304, 1325, 1345, 1369, 1368, 1401, 1408, 1433, 1458, 1487, 1492, 1528, 1544, 14
1024, 1032, 1051, 1086, 1103, 1126, 1125, 1124, 1153, 1159, 1188, 1187, 1210, 1231, 1249, 1264, 1279, 1306, 1323, 1343, 1366, 1399, 1409, 1434, 1459, 1488, 1491, 1527, 1545, 15
1024, 1032, 1051, 1086, 1103, 1126, 1125, 1124, 1153, 1159, 1188, 1187, 1210, 1231, 1249, 1264, 1279, 1306, 1323, 1343, 1366, 1399, 1409, 1434, 1459, 1489, 1490, 1526, 1525, 1547, 16
1024, 1032, 1051, 1086, 1103, 1126, 1125, 1124, 1153, 1159, 1188, 1187, 1210, 1231, 1249, 1264, 1280, 1281, 1309, 1321, 1361, 1364, 1397, 1414, 1437, 1462, 1468, 1509, 1523, 1549, 17
1024, 1032, 1051, 1086, 1103, 1126, 1125, 1124, 1153, 1159, 1188, 1187, 1210, 1231, 1249, 1264, 1280, 1281, 1309, 1321, 1361, 1364, 1397, 1414, 1437, 1462, 1468, 1509, 1523, 1549, 18
1024, 1032, 1051, 1086, 1103, 1126, 1125, 1124, 1153, 1159, 1188, 1187, 1210, 1231, 1249, 1264, 1280, 1281, 1309, 1321, 1361, 1364, 1397, 1414, 1437, 1462, 1468, 1509, 1523, 1549, 19
1024, 1032, 1051, 1086, 1103, 1126, 1125, 1124, 1153, 1159, 1188, 1187, 1210, 1231, 1249, 1264, 1280, 1281, 1309, 1321, 1361, 1364, 1397, 1414, 1437, 1462, 1468, 1509, 1523, 1549, 19, 20
1024, 1032, 1051, 1086, 1103, 1126, 1155, 1179, 1189, 1212, 1228, 1253, 1269, 1295, 1302, 1328, 1347, 1371, 1383, 1405, 1429, 1454, 1479, 1498, 1513, 1537, 7, 21
1024, 1032, 1051, 1086, 1103, 1126, 1155, 1179, 1189, 1212, 1228, 1253, 1269, 1295, 1302, 1328, 1347, 1371, 1383, 1405, 1429, 1454, 1479, 1498, 1513, 1537, 7, 22
1024, 1032, 1051, 1086, 1103, 1126, 1155, 1179, 1189, 1212, 1228, 1253, 1269, 1295, 1302, 1328, 1347, 1371, 1383, 1405, 1429, 1454, 1479, 1498, 1513, 1537, 7, 23
1024, 1032, 1051, 1086, 1103, 1126, 1155, 1179, 1189, 1212, 1228, 1253, 1269, 1295, 1302, 1328, 1347, 1371, 1383, 1405, 1429, 1454, 1479, 1498, 1513, 1538, 8, 24
1024, 1032, 1051, 1086, 1103, 1126, 1155, 1179, 1189, 1212, 1228, 1253, 1269, 1295, 1302, 1328, 1347, 1371, 1383, 1405, 1429, 1454, 1481, 1497, 1532, 1539, 10, 25
1024, 1032, 1051, 1086, 1103, 1126, 1155, 1179, 1189, 1212, 1228, 1253, 1269, 1295, 1302, 1328, 1347, 1371, 1384, 1406, 1430, 1456, 1483, 1495, 1531, 1540, 11, 26
1024, 1032, 1051, 1086, 1103, 1126, 1155, 1179, 1189, 1212, 1228, 1253, 1269, 1295, 1302, 1328, 1347, 1371, 1384, 1406, 1430, 1456, 1483, 1495, 1531, 1540, 11, 27
1024, 1032, 1051, 1086, 1103, 1126, 1155, 1179, 1189, 1212, 1229, 1251, 1267, 1299, 1304, 1325, 1345, 1369, 1368, 1401, 1408, 1433, 1458, 1487, 1492, 1529, 1543, 13, 28
1024, 1032, 1051, 1086, 1103, 1126, 1155, 1179, 1189, 1212, 1229, 1251, 1267, 1299, 1304, 1325, 1345, 1369, 1368, 1401, 1408, 1433, 1458, 1487, 1492, 1529, 1543, 13, 29
1024, 1032, 1051, 1086, 1103, 1126, 1155, 1179, 1189, 1212, 1229, 1251, 1267, 1299, 1304, 1325, 1345, 1369, 1368, 1401, 1408, 1433, 1458, 1487, 1492, 1528, 1544, 14, 30
1024, 1032, 1051, 1086, 1103, 1126, 1125, 1124, 1153, 1159, 1188, 1187, 1210, 1231, 1249, 1264, 1279, 1306, 1323, 1343, 1366, 1399, 1409, 1434, 1459, 1488, 1491, 1527, 1545, 15, 31
1024, 1032, 1051, 1086, 1103, 1126, 1125, 1124, 1153, 1159, 1188, 1187, 1210, 1231, 1249, 1264, 1279, 1306, 1323, 1343, 1366, 1399, 1409, 1434, 1459, 1488, 1491, 1527, 1545, 15, 32
1024, 1032, 1051, 1086, 1103, 1126, 1125, 1124, 1153, 1159, 1188, 1187, 1210, 1231, 1249, 1264, 1279, 1306, 1323, 1343, 1366, 1399, 1409, 1434, 1459, 1488, 1491, 1527, 1545, 15, 32, 33
1024, 1032, 1051, 1086, 1103, 1126, 1125, 1124, 1153, 1159, 1188, 1187, 1210, 1231, 1249, 1264, 1279, 1306, 1323, 1343, 1366, 1399, 1409, 1434, 1459, 1489, 1490, 1526, 1525, 1547, 16, 34
1024, 1032, 1051, 1086, 1103, 1126, 1125, 1124, 1153, 1159, 1188, 1187, 1210, 1231, 1249, 1264, 1280, 1281, 1309, 1321, 1361, 1364, 1397, 1414, 1437, 1462, 1468, 1509, 1523, 1549, 17, 35
1024, 1032, 1051, 1086, 1103, 1126, 1125, 1124, 1153, 1159, 1188, 1187, 1210, 1231, 1249, 1264, 1280, 1281, 1309, 1321, 1361, 1364, 1397, 1414, 1437, 1462, 1468, 1509, 1523, 1549, 18, 36
1024, 1032, 1051, 1086, 1103, 1126, 1125, 1124, 1153, 1159, 1188, 1187, 1210, 1231, 1249, 1264, 1280, 1281, 1309, 1321, 1361, 1364, 1397, 1414, 1437, 1462, 1468, 1509, 1523, 1549, 19, 37
1024, 1032, 1051, 1086, 1103, 1126, 1125, 1124, 1153, 1159, 1188, 1187, 1210, 1231, 1249, 1264, 1280, 1281, 1309, 1321, 1361, 1364, 1397, 1414, 1437, 1462, 1468, 1509, 1523, 1549, 19, 37, 38
1024, 1032, 1051, 1086, 1103, 1126, 1125, 1124, 1153, 1159, 1188, 1187, 1210, 1209, 1208, 1207, 1233, 1247, 1262, 1282, 1310, 1341, 1359, 1363, 1396, 1415, 1438, 1439, 1465, 1471, 1507, 1521, 1520, 1552, 0, 39
1024, 1032, 1051, 1085, 1084, 1101, 1130, 1157, 1177, 1191, 1214, 1227, 1254, 1270, 1294, 1301, 1329, 1348, 1373, 1386, 1404, 1427, 1453, 1478, 1501, 1516, 1535, 5, 42, 41, 40
1024, 1032, 1051, 1085, 1084, 1101, 1130, 1157, 1177, 1191, 1214, 1227, 1254, 1270, 1294, 1301, 1329, 1348, 1373, 1386, 1404, 1427, 1453, 1478, 1501, 1516, 1535, 5, 42, 41
1024, 1032, 1051, 1085, 1084, 1101, 1130, 1157, 1177, 1191, 1214, 1227, 1254, 1270, 1294, 1301, 1329, 1348, 1373, 1386, 1404, 1427, 1453, 1478, 1501, 1516, 1535, 5, 42
1024, 1032, 1051, 1085, 1084, 1101, 1130, 1157, 1177, 1191, 1214, 1227, 1254, 1270, 1294, 1301, 1329, 1348, 1373, 1386, 1404, 1427, 1453, 1478, 1501, 1516, 1535, 5, 43
1024, 1032, 1051, 1085, 1084, 1101, 1130, 1157, 1177, 1191, 1214, 1227, 1254, 1270, 1294, 1301, 1329, 1348, 1373, 1386, 1404, 1427, 1453, 1478, 1501, 1515, 1536, 6, 44
1024, 1032, 1051, 1085, 1084, 1101, 1130, 1157, 1177, 1191, 1214, 1227, 1254, 1270, 1294, 1301, 1329, 1348, 1373, 1386, 1404, 1427, 1453, 1478, 1501, 1515, 1536, 6, 45
1024, 1032, 1051, 1086, 1103, 1126, 1125, 1124, 1153, 1159, 1188, 1187, 1210, 1231, 1249, 1264, 1280, 1281, 1309, 1321, 1361, 1364, 1397, 1414, 1437, 1462, 1468, 1509, 1523, 1549, 19, 37, 47, 46
1024, 1032, 1051, 1086, 1103, 1126, 1125, 1124, 1153, 1159, 1188, 1187, 1210, 1231, 1249, 1264, 1280, 1281, 1309, 1321, 1361, 1364, 1397, 1414, 1437, 1462, 1468, 1509, 1523, 1549, 19, 37, 47
1024, 1032, 1051, 1086, 1103, 1126, 1125, 1124, 1153, 1159, 1188, 1187, 1210, 1231, 1249, 1264, 1280, 1281, 1309, 1321, 1361, 1364, 1397, 1414, 1437, 1462, 1468, 1509, 1523, 1549, 18, 36, 48
1024, 1032, 1051, 1086, 1103, 1126, 1125, 1124, 1153, 1159, 1188, 1187, 1210, 1231, 1249, 1264, 1280, 1281, 1309, 1321, 1361, 1364, 1397, 1414, 1437, 1462, 1468, 1509, 1523, 1549, 18, 36, 49
1024, 1032, 1051, 1086, 1103, 1126, 1125, 1124, 1153, 1159, 1188, 1187, 1210, 1231, 1249, 1264, 1279, 1306, 1323, 1343, 1366, 1399, 1409, 1434, 1459, 1489, 1490, 1526, 1525, 1547, 16, 34, 50
1024, 1032, 1051, 1086, 1103, 1126, 1125, 1124, 1153, 1159, 1188, 1187, 1210, 1231, 1249, 1264, 1279, 1306, 1323, 1343, 1366, 1399, 1409, 1434, 1459, 1488, 1491, 1527, 1545, 15, 32, 51
1024, 1032, 1051, 1086, 1103, 1126, 1155, 1179, 1189, 1212, 1229, 1251, 1267, 1299, 1304, 1325, 1345, 1369, 1368, 1401, 1408, 1433, 1458, 1487, 1492, 1528, 1544, 14, 30, 52
1024, 1032, 1051, 1086, 1103, 1126, 1155, 1179, 1189, 1212, 1229, 1251, 1267, 1299, 1304, 1325, 1345, 1369, 1368, 1401, 1408, 1433, 1458, 1487, 1492, 1528, 1544, 14, 30, 53
1024, 1032, 1051, 1086, 1103, 1126, 1155, 1179, 1189, 1212, 1229, 1251, 1267, 1299, 1304, 1325, 1345, 1369, 1368, 1401, 1408, 1433, 1458, 1487, 1492, 1529, 1543, 13, 29, 54
1024, 1032, 1051, 1086, 1103, 1126, 1155, 1179, 1189, 1212, 1229, 1251, 1267, 1299, 1304, 1325, 1345, 1369, 1368, 1401, 1408, 1433, 1458, 1487, 1492, 1529, 1543, 13, 29, 55
1024, 1032, 1051, 1086, 1103, 1126, 1155, 1179, 1189, 1212, 1228, 1253, 1269, 1295, 1302, 1328, 1347, 1371, 1384, 1406, 1430, 1456, 1483, 1495, 1531, 1540, 11, 27, 56
1024, 1032, 1051, 1086, 1103, 1126, 1155, 1179, 1189, 1212, 1228, 1253, 1269, 1295, 1302, 1328, 1347, 1371, 1384, 1406, 1430, 1456, 1483, 1495, 1531, 1540, 11, 26, 57
1024, 1032, 1051, 1086, 1103, 1126, 1155, 1179, 1189, 1212, 1228, 1253, 1269, 1295, 1302, 1328, 1347, 1371, 1384, 1406, 1430, 1456, 1483, 1495, 1531, 1540, 11, 26, 58
1024, 1032, 1051, 1086, 1103, 1126, 1155, 1179, 1189, 1212, 1228, 1253, 1269, 1295, 1302, 1328, 1347, 1371, 1383, 1405, 1429, 1454, 1481, 1497, 1532, 1539, 10, 25, 59
1024, 1032, 1051, 1086, 1103, 1126, 1155, 1179, 1189, 1212, 1228, 1253, 1269, 1295, 1302, 1328, 1347, 1371, 1383, 1405, 1429, 1454, 1479, 1498, 1513, 1537, 7, 21, 60
1024, 1032, 1051, 1086, 1103, 1126, 1155, 1179, 1189, 1212, 1228, 1253, 1269, 1295, 1302, 1328, 1347, 1371, 1383, 1405, 1429, 1454, 1479, 1498, 1513, 1537, 7, 21, 61
1024, 1032, 1051, 1085, 1084, 1101, 1130, 1157, 1177, 1191, 1214, 1227, 1254, 1270, 1294, 1301, 1329, 1348, 1373, 1386, 1404, 1427, 1453, 1478, 1501, 1515, 1536, 6, 45, 62
1024, 1032, 1051, 1085, 1084, 1101, 1130, 1157, 1177, 1191, 1214, 1227, 1254, 1270, 1294, 1301, 1329, 1348, 1373, 1386, 1404, 1427, 1453, 1478, 1501, 1516, 1535, 5, 42, 63
1024, 1032, 1051, 1085, 1084, 1101, 1130, 1157, 1177, 1191, 1214, 1227, 1254, 1270, 1294, 1301, 1329, 1348, 1373, 1386, 1404, 1427, 1453, 1478, 1501, 1516, 1535, 5, 42, 64
1024, 1032, 1051, 1085, 1084, 1101, 1130, 1157, 1177, 1191, 1214, 1227, 1254, 1270, 1294, 1301, 1329, 1348, 1373, 1386, 1404, 1427, 1453, 1478, 1501, 1516, 1535, 5, 42, 64, 65
1024, 1032, 1051, 1085, 1084, 1101, 1130, 1157, 1177, 1191, 1214, 1227, 1254, 1270, 1294, 1301, 1329, 1348, 1373, 1386, 1404, 1427, 1453, 1478, 1501, 1516, 1535, 5, 42, 64, 65, 66
1024, 1032, 1051, 1085, 1084, 1101, 1130, 1157, 1177, 1191, 1214, 1227, 1254, 1270, 1294, 1301, 1329, 1348, 1373, 1386, 1404, 1427, 1453, 1478, 1501, 1516, 1535, 5, 42, 64, 65, 66, 67
1024, 1032, 1051, 1086, 1103, 1126, 1155, 1179, 1189, 1212, 1228, 1253, 1269, 1295, 1302, 1328, 1347, 1371, 1383, 1405, 1429, 1454, 1479, 1498, 1513, 1537, 7, 21, 60, 68
1024, 1032, 1051, 1086, 1103, 1126, 1155, 1179, 1189, 1212, 1228, 1253, 1269, 1295, 1302, 1328, 1347, 1371, 1383, 1405, 1429, 1454, 1479, 1498, 1513, 1537, 7, 21, 61, 69
1024, 1032, 1051, 1085, 1084, 1101, 1130, 1157, 1177, 1191, 1214, 1227, 1254, 1270, 1294, 1301, 1329, 1348, 1373, 1386, 1404, 1427, 1453, 1478, 1501, 1515, 1536, 6, 45, 62, 70
1024, 1032, 1051, 1085, 1084, 1101, 1130, 1157, 1177, 1191, 1214, 1227, 1254, 1270, 1294, 1301, 1329, 1348, 1373, 1386, 1404, 1427, 1453, 1478, 1501, 1515, 1536, 6, 45, 62, 71
1024, 1032, 1051, 1085, 1084, 1101, 1130, 1157, 1177, 1191, 1214, 1227, 1254, 1270, 1294, 1301, 1329, 1348, 1373, 1386, 1404, 1427, 1453, 1478, 1501, 1516, 1535, 5, 42, 63, 72
1024, 1032, 1051, 1085, 1084, 1101, 1130, 1157, 1177, 1191, 1214, 1227, 1254, 1270, 1294, 1301, 1329, 1348, 1373, 1386, 1404, 1427, 1453, 1478, 1501, 1516, 1535, 5, 42, 64, 65, 73
1024, 1032, 1051, 1085, 1084, 1101, 1130, 1157, 1177, 1191, 1214, 1227, 1254, 1270, 1294, 1301, 1329, 1348, 1373, 1386, 1404, 1427, 1453, 1478, 1501, 1516, 1535, 5, 42, 64, 65, 74
1024, 1032, 1051, 1086, 1103, 1126, 1125, 1124, 1153, 1159, 1188, 1187, 1210, 1231, 1249, 1264, 1280, 1281, 1309, 1321, 1361, 1364, 1397, 1414, 1437, 1462, 1468, 1509, 1523, 1549, 19, 37, 47, 46, 77, 76, 75
1024, 1032, 1051, 1086, 1103, 1126, 1125, 1124, 1153, 1159, 1188, 1187, 1210, 1231, 1249, 1264, 1280, 1281, 1309, 1321, 1361, 1364, 1397, 1414, 1437, 1462, 1468, 1509, 1523, 1549, 19, 37, 47, 46, 77, 76
1024, 1032, 1051, 1086, 1103, 1126, 1125, 1124, 1153, 1159, 1188, 1187, 1210, 1231, 1249, 1264, 1280, 1281, 1309, 1321, 1361, 1364, 1397, 1414, 1437, 1462, 1468, 1509, 1523, 1549, 19, 37, 47, 46, 77
1024, 1032, 1051, 1086, 1103, 1126, 1125, 1124, 1153, 1159, 1188, 1187, 1210, 1231, 1249, 1264, 1280, 1281, 1309, 1321, 1361, 1364, 1397, 1414, 1437, 1462, 1468, 1509, 1523, 1549, 19, 37, 47, 80, 79, 78
1024, 1032, 1051, 1086, 1103, 1126, 1125, 1124, 1153, 1159, 1188, 1187, 1210, 1231, 1249, 1264, 1280, 1281, 1309, 1321, 1361, 1364, 1397, 1414, 1437, 1462, 1468, 1509, 1523, 1549, 19, 37, 47, 80, 79
1024, 1032, 1051, 1086, 1103, 1126, 1125, 1124, 1153, 1159, 1188, 1187, 1210, 1231, 1249, 1264, 1280, 1281, 1309, 1321, 1361, 1364, 1397, 1414, 1437, 1462, 1468, 1509, 1523, 1549, 19, 37, 47, 80
1024, 1032, 1051, 1086, 1103, 1126, 1125, 1124, 1153, 1159, 1188, 1187, 1210, 1231, 1249, 1264, 1280, 1281, 1309, 1321, 1361, 1364, 1397, 1414, 1437, 1462, 1468, 1509, 1523, 1549, 18, 36, 48, 81
1024, 1032, 1051, 1086, 1103, 1126, 1125, 1124, 1153, 1159, 1188, 1187, 1210, 1231, 1249, 1264, 1280, 1281, 1309, 1321, 1361, 1364, 1397, 1414, 1437, 1462, 1468, 1509, 1523, 1549, 18, 36, 49, 82
1024, 1032, 1051, 1086, 1103, 1126, 1125, 1124, 1153, 1159, 1188, 1187, 1210, 1231, 1249, 1264, 1279, 1306, 1323, 1343, 1366, 1399, 1409, 1434, 1459, 1488, 1491, 1527, 1545, 15, 32, 51, 83
1024, 1032, 1051, 1086, 1103, 1126, 1155, 1179, 1189, 1212, 1229, 1251, 1267, 1299, 1304, 1325, 1345, 1369, 1368, 1401, 1408, 1433, 1458, 1487, 1492, 1528, 1544, 14, 30, 52, 84
1024, 1032, 1051, 1086, 1103, 1126, 1155, 1179, 1189, 1212, 1229, 1251, 1267, 1299, 1304, 1325, 1345, 1369, 1368, 1401, 1408, 1433, 1458, 1487, 1492, 1529, 1543, 13, 29, 54, 85
1024, 1032, 1051, 1086, 1103, 1126, 1155, 1179, 1189, 1212, 1229, 1251, 1267, 1299, 1304, 1325, 1345, 1369, 1368, 1401, 1408, 1433, 1458, 1487, 1492, 1529, 1543, 13, 29, 55, 86
1024, 1032, 1051, 1086, 1103, 1126, 1155, 1179, 1189, 1212, 1228, 1253, 1269, 1295, 1302, 1328, 1347, 1371, 1384, 1406, 1430, 1456, 1483, 1495, 1531, 1540, 11, 27, 56, 87
1024, 1032, 1051, 1086, 1103, 1126, 1155, 1179, 1189, 1212, 1228, 1253, 1269, 1295, 1302, 1328, 1347, 1371, 1384, 1406, 1430, 1456, 1483, 1495, 1531, 1540, 11, 27, 56, 88
1024, 1032, 1051, 1086, 1103, 1126, 1155, 1179, 1189, 1212, 1228, 1253, 1269, 1295, 1302, 1328, 1347, 1371, 1384, 1406, 1430, 1456, 1483, 1495, 1531, 1540, 11, 26, 57, 89
1024, 1032, 1051, 1086, 1103, 1126, 1155, 1179, 1189, 1212, 1229, 1251, 1267, 1299, 1304, 1325, 1345, 1369, 1368, 1401, 1408, 1433, 1458, 1487, 1492, 1528, 1544, 14, 30, 52, 84, 90
1024, 1032, 1051, 1086, 1103, 1126, 1155, 1179, 1189, 1212, 1229, 1251, 1267, 1299, 1304, 1325, 1345, 1369, 1368, 1401, 1408, 1433, 1458, 1487, 1492, 1528, 1544, 14, 30, 52, 84, 91
1024, 1032, 1051, 1086, 1103, 1126, 1125, 1124, 1153, 1159, 1188, 1187, 1210, 1231, 1249, 1264, 1279, 1306, 1323, 1343, 1366, 1399, 1409, 1434, 1459, 1488, 1491, 1527, 1545, 15, 32, 51, 83, 92
1024, 1032, 1051, 1086, 1103, 1126, 1125, 1124, 1153, 1159, 1188, 1187, 1210, 1231, 1249, 1264, 1279, 1306, 1323, 1343, 1366, 1399, 1409, 1434, 1459, 1488, 1491, 1527, 1545, 15, 32, 51, 83, 92, 93
1024, 1032, 1051, 1086, 1103, 1126, 1125, 1124, 1153, 1159, 1188, 1187, 1210, 1231, 1249, 1264, 1280, 1281, 1309, 1321, 1361, 1364, 1397, 1414, 1437, 1462, 1468, 1509, 1523, 1549, 18, 36, 49, 82, 94
1024, 1032, 1051, 1086, 1103, 1126, 1125, 1124, 1153, 1159, 1188, 1187, 1210, 1231, 1249, 1264, 1280, 1281, 1309, 1321, 1361, 1364, 1397, 1414, 1437, 1462, 1468, 1509, 1523, 1549, 18, 36, 48, 81, 95
1024, 1032, 1051, 1086, 1103, 1126, 1125, 1124, 1153, 1159, 1188, 1187, 1210, 1231, 1249, 1264, 1280, 1281, 1309, 1321, 1361, 1364, 1397, 1414, 1437, 1462, 1468, 1509, 1523, 1549, 18, 36, 48, 81, 95, 96
1024, 1032, 1051, 1085, 1084, 1101, 1130, 1157, 1177, 1191, 1214, 1227, 1254, 1270, 1294, 1301, 1329, 1348, 1373, 1386, 1404, 1427, 1453, 1478, 1501, 1516, 1535, 5, 42, 64, 65, 74, 98, 97
1024, 1032, 1051, 1085, 1084, 1101, 1130, 1157, 1177, 1191, 1214, 1227, 1254, 1270, 1294, 1301, 1329, 1348, 1373, 1386, 1404, 1427, 1453, 1478, 1501, 1516, 1535, 5, 42, 64, 65, 74, 98
1024, 1032, 1051, 1085, 1084, 1101, 1130, 1157, 1177, 1191, 1214, 1227, 1254, 1270, 1294, 1301, 1329, 1348, 1373, 1386, 1404, 1427, 1453, 1478, 1501, 1516, 1535, 5, 42, 64, 65, 74, 99
