253, 252, 251, 250, 237, 236, 198, 197, 177, 163, 141, 117, 101, 72, 64, 65, 66, 40, 1, 0
253, 252, 251, 250, 237, 236, 198, 197, 177, 163, 141, 117, 101, 72, 64, 65, 66, 40, 1
253, 252, 251, 250, 237, 236, 198, 197, 177, 163, 141, 117, 101, 72, 64, 65, 41, 2
253, 252, 251, 250, 237, 236, 198, 197, 177, 163, 141, 117, 101, 72, 64, 65, 41, 3
253, 252, 251, 250, 237, 236, 198, 197, 177, 163, 141, 117, 101, 72, 64, 65, 41, 4
253, 220, 202, 194, 159, 160, 144, 114, 106, 68, 60, 21, 45, 6, 5
253, 220, 202, 194, 159, 160, 144, 114, 106, 68, 60, 21, 45, 6
253, 220, 202, 194, 159, 160, 144, 114, 106, 68, 60, 21, 7
253, 220, 202, 194, 159, 160, 144, 114, 106, 68, 60, 23, 8
253, 220, 202, 194, 159, 145, 112, 107, 89, 59, 25, 9
253, 220, 202, 194, 159, 145, 112, 107, 89, 59, 25, 10
253, 220, 202, 194, 159, 145, 112, 107, 89, 57, 26, 11
253, 220, 202, 194, 159, 145, 112, 107, 89, 57, 26, 11, 12
253, 220, 203, 193, 157, 146, 131, 130, 111, 85, 54, 29, 13
253, 220, 203, 193, 157, 146, 131, 130, 111, 85, 54, 53, 30, 14
253, 220, 203, 193, 157, 146, 131, 130, 111, 85, 84, 52, 31, 15
253, 220, 203, 193, 157, 146, 131, 130, 111, 85, 84, 83, 51, 33, 16
253, 220, 203, 193, 157, 146, 131, 130, 111, 85, 84, 83, 51, 33, 16, 17
253, 220, 203, 193, 157, 146, 131, 130, 111, 85, 84, 83, 51, 33, 16, 17, 18
253, 220, 203, 193, 157, 146, 147, 148, 149, 128, 90, 91, 92, 93, 82, 49, 36, 19
253, 220, 203, 193, 157, 146, 147, 148, 149, 128, 90, 91, 92, 93, 82, 49, 36, 19, 20
253, 220, 202, 194, 159, 160, 144, 114, 106, 68, 60, 21
253, 220, 202, 194, 159, 160, 144, 114, 106, 68, 60, 61, 22
253, 220, 202, 194, 159, 160, 144, 114, 106, 68, 60, 23
253, 220, 202, 194, 159, 160, 144, 114, 106, 68, 60, 24
253, 220, 202, 194, 159, 145, 112, 107, 89, 59, 25
253, 220, 202, 194, 159, 145, 112, 107, 89, 57, 26
253, 220, 202, 194, 159, 145, 112, 107, 89, 57, 26, 27
253, 220, 203, 193, 157, 146, 131, 130, 111, 85, 55, 28
253, 220, 203, 193, 157, 146, 131, 130, 111, 85, 54, 29
253, 220, 203, 193, 157, 146, 131, 130, 111, 85, 54, 53, 30
253, 220, 203, 193, 157, 146, 131, 130, 111, 85, 84, 52, 31
253, 220, 203, 193, 157, 146, 131, 130, 111, 85, 84, 52, 31, 32
253, 220, 203, 193, 157, 146, 131, 130, 111, 85, 84, 83, 51, 33
253, 220, 203, 193, 157, 146, 131, 130, 111, 85, 84, 83, 51, 33, 34
253, 220, 203, 193, 157, 146, 131, 130, 111, 85, 84, 83, 51, 33, 34, 35
253, 220, 203, 193, 157, 146, 147, 148, 149, 128, 90, 91, 92, 93, 82, 49, 36
253, 220, 203, 193, 157, 146, 147, 148, 149, 128, 90, 91, 92, 93, 82, 49, 36, 37
253, 220, 203, 193, 157, 146, 147, 148, 149, 128, 90, 91, 92, 93, 82, 49, 36, 37, 38
253, 252, 251, 250, 237, 236, 198, 197, 177, 163, 141, 117, 101, 72, 64, 65, 66, 67, 39
253, 252, 251, 250, 237, 236, 198, 197, 177, 163, 141, 117, 101, 72, 64, 65, 66, 40
253, 252, 251, 250, 237, 236, 198, 197, 177, 163, 141, 117, 101, 72, 64, 65, 41
253, 252, 251, 250, 237, 236, 198, 197, 177, 163, 141, 117, 101, 72, 63, 42
253, 220, 202, 194, 159, 160, 144, 114, 106, 68, 69, 70, 62, 43
253, 220, 202, 194, 159, 160, 144, 114, 106, 68, 60, 21, 45, 44
253, 220, 202, 194, 159, 160, 144, 114, 106, 68, 60, 21, 45
253, 220, 203, 193, 157, 146, 147, 148, 149, 128, 90, 91, 92, 93, 82, 49, 48, 47, 46
253, 220, 203, 193, 157, 146, 147, 148, 149, 128, 90, 91, 92, 93, 82, 49, 48, 47
253, 220, 203, 193, 157, 146, 147, 148, 149, 128, 90, 91, 92, 93, 82, 49, 48
253, 220, 203, 193, 157, 146, 147, 148, 149, 128, 90, 91, 92, 93, 82, 49
253, 220, 203, 193, 157, 146, 131, 130, 111, 85, 84, 83, 50
253, 220, 203, 193, 157, 146, 131, 130, 111, 85, 84, 83, 51
253, 220, 203, 193, 157, 146, 131, 130, 111, 85, 84, 52
253, 220, 203, 193, 157, 146, 131, 130, 111, 85, 54, 53
253, 220, 203, 193, 157, 146, 131, 130, 111, 85, 54
253, 220, 203, 193, 157, 146, 131, 130, 111, 85, 55
253, 220, 203, 193, 157, 146, 131, 109, 87, 56
253, 220, 202, 194, 159, 145, 112, 107, 89, 57
253, 220, 202, 194, 159, 145, 112, 107, 89, 58
253, 220, 202, 194, 159, 145, 112, 107, 89, 59
253, 220, 202, 194, 159, 160, 144, 114, 106, 68, 60
253, 220, 202, 194, 159, 160, 144, 114, 106, 68, 60, 61
253, 220, 202, 194, 159, 160, 144, 114, 106, 68, 69, 70, 62
253, 252, 251, 250, 237, 236, 198, 197, 177, 163, 141, 117, 101, 72, 63
253, 252, 251, 250, 237, 236, 198, 197, 177, 163, 141, 117, 101, 72, 64
253, 252, 251, 250, 237, 236, 198, 197, 177, 163, 141, 117, 101, 72, 64, 65
253, 252, 251, 250, 237, 236, 198, 197, 177, 163, 141, 117, 101, 72, 64, 65, 66
253, 252, 251, 250, 237, 236, 198, 197, 177, 163, 141, 117, 101, 72, 64, 65, 66, 67
253, 220, 202, 194, 159, 160, 144, 114, 106, 68
253, 220, 202, 194, 159, 160, 144, 114, 106, 68, 69
253, 220, 202, 194, 159, 160, 144, 114, 106, 68, 69, 70
253, 220, 202, 194, 159, 160, 144, 114, 106, 68, 69, 70, 71
253, 252, 251, 250, 237, 236, 198, 197, 177, 163, 141, 117, 101, 72
253, 252, 251, 250, 237, 236, 198, 197, 177, 163, 141, 117, 101, 72, 73
253, 252, 251, 250, 237, 236, 198, 197, 177, 163, 141, 117, 101, 72, 73, 74
253, 252, 251, 250, 237, 236, 198, 197, 177, 163, 141, 117, 101, 72, 73, 74, 75
253, 252, 251, 250, 237, 236, 198, 197, 177, 163, 141, 117, 101, 72, 73, 74, 75, 76
253, 252, 251, 250, 237, 236, 198, 197, 177, 163, 141, 117, 101, 72, 73, 74, 75, 76, 77
253, 252, 251, 250, 237, 236, 198, 197, 177, 163, 141, 117, 101, 72, 73, 74, 75, 76, 77, 78
253, 252, 251, 250, 237, 236, 198, 197, 177, 163, 141, 117, 101, 72, 73, 74, 75, 76, 77, 78, 79
253, 220, 204, 205, 191, 190, 189, 188, 173, 152, 153, 125, 124, 123, 95, 80
253, 220, 203, 193, 157, 146, 147, 148, 149, 128, 90, 91, 92, 93, 82, 81
253, 220, 203, 193, 157, 146, 147, 148, 149, 128, 90, 91, 92, 93, 82
253, 220, 203, 193, 157, 146, 131, 130, 111, 85, 84, 83
253, 220, 203, 193, 157, 146, 131, 130, 111, 85, 84
253, 220, 203, 193, 157, 146, 131, 130, 111, 85
253, 220, 203, 193, 157, 146, 131, 130, 110, 86
253, 220, 203, 193, 157, 146, 131, 109, 87
253, 220, 202, 194, 159, 145, 132, 108, 88
253, 220, 202, 194, 159, 145, 112, 107, 89
253, 220, 203, 193, 157, 146, 147, 148, 149, 128, 90
253, 220, 203, 193, 157, 146, 147, 148, 149, 128, 90, 91
253, 220, 203, 193, 157, 146, 147, 148, 149, 128, 90, 91, 92
253, 220, 203, 193, 157, 146, 147, 148, 149, 128, 90, 91, 92, 93
253, 220, 204, 205, 191, 190, 189, 188, 173, 152, 153, 125, 124, 94
253, 220, 204, 205, 191, 190, 189, 188, 173, 152, 153, 125, 124, 123, 95
253, 252, 251, 250, 237, 236, 198, 197, 177, 163, 141, 118, 100, 99, 98, 97, 96
253, 252, 251, 250, 237, 236, 198, 197, 177, 163, 141, 118, 100, 99, 98, 97
253, 252, 251, 250, 237, 236, 198, 197, 177, 163, 141, 118, 100, 99, 98
253, 252, 251, 250, 237, 236, 198, 197, 177, 163, 141, 118, 100, 99
