240, 229, 213, 185, 171, 154, 123, 94, 82, 49, 36, 37, 38, 39, 0
240, 229, 230, 214, 183, 167, 135, 120, 97, 75, 67, 40, 1
240, 229, 230, 214, 183, 167, 135, 120, 97, 75, 67, 40, 1, 2
240, 229, 230, 214, 215, 216, 182, 166, 137, 119, 99, 74, 65, 41, 3
240, 229, 230, 214, 215, 216, 182, 166, 137, 119, 99, 74, 65, 41, 4
240, 229, 230, 214, 215, 216, 182, 166, 137, 119, 99, 74, 65, 64, 42, 5
240, 229, 230, 214, 215, 216, 182, 166, 137, 138, 139, 118, 101, 71, 62, 45, 6
240, 229, 230, 214, 215, 216, 182, 166, 137, 138, 139, 118, 101, 71, 62, 45, 6, 7
240, 229, 230, 214, 215, 216, 182, 166, 137, 138, 139, 118, 117, 116, 102, 69, 61, 60, 23, 8
240, 228, 227, 211, 187, 173, 151, 127, 90, 84, 53, 54, 55, 28, 12, 11, 10, 9
240, 228, 227, 211, 187, 173, 151, 127, 90, 84, 53, 54, 55, 28, 12, 11, 10
240, 228, 227, 211, 187, 173, 151, 127, 90, 84, 53, 54, 55, 28, 12, 11
240, 228, 227, 211, 187, 173, 151, 127, 90, 84, 53, 54, 55, 28, 12
240, 228, 227, 211, 187, 173, 151, 127, 90, 84, 52, 30, 14, 13
240, 228, 227, 211, 187, 173, 151, 127, 90, 84, 52, 30, 14
240, 229, 213, 185, 172, 153, 152, 126, 92, 83, 51, 32, 15
240, 229, 213, 185, 172, 153, 152, 126, 92, 83, 51, 33, 16
240, 229, 213, 185, 171, 154, 123, 94, 82, 49, 36, 18, 17
240, 229, 213, 185, 171, 154, 123, 94, 82, 49, 36, 18
240, 229, 213, 185, 171, 154, 123, 94, 82, 49, 36, 19
240, 229, 213, 185, 171, 154, 123, 94, 82, 49, 36, 19, 20
240, 229, 230, 214, 215, 216, 182, 166, 137, 138, 139, 118, 101, 71, 62, 45, 21
240, 229, 230, 214, 215, 216, 182, 166, 137, 138, 139, 118, 117, 116, 102, 69, 61, 22
240, 229, 230, 214, 215, 216, 182, 166, 137, 138, 139, 118, 117, 116, 102, 69, 61, 60, 23
240, 229, 230, 214, 215, 216, 182, 166, 137, 138, 139, 118, 117, 116, 102, 69, 61, 60, 24
240, 228, 227, 211, 187, 173, 151, 127, 90, 84, 53, 54, 55, 28, 27, 26, 25
240, 228, 227, 211, 187, 173, 151, 127, 90, 84, 53, 54, 55, 28, 27, 26
240, 228, 227, 211, 187, 173, 151, 127, 90, 84, 53, 54, 55, 28, 27
240, 228, 227, 211, 187, 173, 151, 127, 90, 84, 53, 54, 55, 28
240, 228, 227, 211, 187, 173, 151, 127, 90, 84, 52, 30, 29
240, 228, 227, 211, 187, 173, 151, 127, 90, 84, 52, 30
240, 229, 213, 185, 172, 153, 152, 126, 92, 83, 51, 32, 31
240, 229, 213, 185, 172, 153, 152, 126, 92, 83, 51, 32
240, 229, 213, 185, 172, 153, 152, 126, 92, 83, 51, 33
240, 229, 213, 185, 172, 153, 152, 126, 92, 83, 51, 33, 34
240, 229, 213, 185, 171, 154, 123, 94, 82, 49, 35
240, 229, 213, 185, 171, 154, 123, 94, 82, 49, 36
240, 229, 213, 185, 171, 154, 123, 94, 82, 49, 36, 37
240, 229, 213, 185, 171, 154, 123, 94, 82, 49, 36, 37, 38
240, 229, 213, 185, 171, 154, 123, 94, 82, 49, 36, 37, 38, 39
240, 229, 230, 214, 183, 167, 135, 120, 97, 75, 67, 40
240, 229, 230, 214, 215, 216, 182, 166, 137, 119, 99, 74, 65, 41
240, 229, 230, 214, 215, 216, 182, 166, 137, 119, 99, 74, 65, 64, 42
240, 229, 230, 214, 215, 216, 182, 166, 137, 119, 99, 74, 65, 64, 42, 43
240, 229, 230, 214, 215, 216, 182, 166, 137, 138, 139, 118, 101, 71, 62, 44
240, 229, 230, 214, 215, 216, 182, 166, 137, 138, 139, 118, 101, 71, 62, 45
240, 229, 213, 185, 171, 154, 123, 95, 80, 79, 46
240, 229, 213, 185, 171, 154, 123, 95, 81, 47
240, 229, 213, 185, 171, 154, 123, 94, 82, 49, 48
240, 229, 213, 185, 171, 154, 123, 94, 82, 49
240, 229, 213, 185, 172, 153, 152, 126, 92, 83, 50
240, 229, 213, 185, 172, 153, 152, 126, 92, 83, 51
240, 228, 227, 211, 187, 173, 151, 127, 90, 84, 52
240, 228, 227, 211, 187, 173, 151, 127, 90, 84, 53
240, 228, 227, 211, 187, 173, 151, 127, 90, 84, 53, 54
240, 228, 227, 211, 187, 173, 151, 127, 90, 84, 53, 54, 55
240, 228, 227, 211, 187, 173, 151, 127, 90, 84, 53, 54, 55, 56
240, 228, 227, 211, 187, 173, 151, 127, 90, 84, 53, 54, 55, 56, 57
240, 228, 227, 211, 187, 173, 151, 127, 90, 84, 53, 54, 55, 56, 57, 58
240, 228, 227, 211, 187, 173, 151, 127, 90, 84, 53, 54, 55, 56, 57, 58, 59
240, 229, 230, 214, 215, 216, 182, 166, 137, 138, 139, 118, 117, 116, 102, 69, 61, 60
240, 229, 230, 214, 215, 216, 182, 166, 137, 138, 139, 118, 117, 116, 102, 69, 61
240, 229, 230, 214, 215, 216, 182, 166, 137, 138, 139, 118, 101, 71, 62
240, 229, 230, 214, 215, 216, 182, 166, 137, 119, 99, 74, 65, 64, 63
240, 229, 230, 214, 215, 216, 182, 166, 137, 119, 99, 74, 65, 64
240, 229, 230, 214, 215, 216, 182, 166, 137, 119, 99, 74, 65
240, 229, 230, 214, 183, 167, 135, 120, 97, 75, 67, 66
240, 229, 230, 214, 183, 167, 135, 120, 97, 75, 67
240, 229, 230, 214, 215, 216, 182, 166, 137, 138, 139, 118, 117, 116, 102, 69, 68
240, 229, 230, 214, 215, 216, 182, 166, 137, 138, 139, 118, 117, 116, 102, 69
240, 229, 230, 214, 215, 216, 182, 166, 137, 138, 139, 118, 101, 70
240, 229, 230, 214, 215, 216, 182, 166, 137, 138, 139, 118, 101, 71
240, 229, 230, 214, 215, 216, 182, 166, 137, 119, 99, 73, 72
240, 229, 230, 214, 215, 216, 182, 166, 137, 119, 99, 73
240, 229, 230, 214, 215, 216, 182, 166, 137, 119, 99, 74
240, 229, 230, 214, 183, 167, 135, 120, 97, 75
240, 229, 213, 185, 171, 154, 123, 95, 96, 77, 76
240, 229, 213, 185, 171, 154, 123, 95, 96, 77
240, 229, 213, 185, 171, 154, 123, 95, 80, 79, 78
240, 229, 213, 185, 171, 154, 123, 95, 80, 79
240, 229, 213, 185, 171, 154, 123, 95, 80
240, 229, 213, 185, 171, 154, 123, 95, 81
240, 229, 213, 185, 171, 154, 123, 94, 82
240, 229, 213, 185, 172, 153, 152, 126, 92, 83
240, 228, 227, 211, 187, 173, 151, 127, 90, 84
240, 228, 227, 211, 187, 173, 151, 127, 90, 84, 85
240, 228, 227, 211, 187, 173, 151, 127, 90, 84, 85, 86
240, 228, 227, 211, 187, 173, 151, 127, 90, 84, 85, 86, 87
240, 228, 227, 211, 187, 173, 151, 127, 90, 84, 85, 86, 87, 88
240, 228, 227, 211, 187, 173, 151, 127, 90, 84, 85, 86, 87, 88, 89
240, 228, 227, 211, 187, 173, 151, 127, 90
240, 228, 227, 211, 187, 173, 151, 127, 91
240, 229, 213, 185, 172, 153, 152, 126, 92
240, 229, 213, 185, 172, 153, 125, 93
240, 229, 213, 185, 171, 154, 123, 94
240, 229, 213, 185, 171, 154, 123, 95
240, 229, 213, 185, 171, 154, 123, 95, 96
240, 229, 230, 214, 183, 167, 135, 120, 97
240, 229, 230, 214, 183, 167, 135, 120, 97, 98
240, 229, 230, 214, 215, 216, 182, 166, 137, 119, 99
