453, 433, 403, 386, 354, 340, 315, 301, 262, 242, 230, 214, 183, 167, 135, 120, 97, 75, 67, 39, 0
453, 433, 403, 386, 354, 340, 315, 301, 262, 242, 230, 214, 183, 167, 135, 120, 97, 75, 67, 40, 1
453, 433, 403, 386, 387, 353, 341, 342, 318, 297, 267, 244, 232, 216, 182, 166, 137, 119, 99, 74, 65, 41, 2
453, 433, 403, 386, 387, 353, 341, 342, 318, 297, 267, 244, 232, 216, 182, 166, 137, 119, 99, 74, 65, 41, 3
453, 433, 403, 386, 387, 353, 341, 342, 318, 297, 267, 244, 232, 216, 182, 166, 137, 119, 99, 74, 65, 41, 4
453, 433, 403, 386, 387, 353, 341, 342, 318, 297, 296, 268, 246, 234, 196, 179, 164, 140, 118, 101, 71, 62, 43, 5
453, 433, 403, 386, 387, 353, 341, 342, 318, 297, 296, 268, 246, 234, 196, 179, 164, 140, 118, 101, 71, 62, 45, 6
453, 433, 403, 386, 387, 353, 341, 342, 318, 297, 296, 268, 246, 234, 196, 179, 164, 140, 118, 101, 71, 62, 45, 6, 7
453, 433, 403, 386, 387, 353, 341, 342, 318, 297, 296, 268, 246, 234, 196, 179, 164, 140, 118, 117, 116, 102, 69, 61, 60, 23, 8
453, 454, 455, 456, 436, 398, 381, 359, 333, 310, 306, 280, 257, 223, 207, 190, 155, 148, 130, 110, 109, 108, 89, 59, 25, 9
453, 454, 455, 456, 436, 398, 381, 359, 333, 310, 306, 280, 257, 223, 207, 190, 155, 148, 130, 110, 109, 108, 89, 59, 25, 10
453, 454, 455, 456, 436, 398, 381, 359, 333, 310, 306, 280, 257, 223, 207, 190, 155, 148, 129, 111, 86, 87, 56, 27, 11
453, 433, 403, 386, 354, 355, 339, 314, 302, 283, 261, 226, 210, 188, 173, 151, 127, 90, 84, 53, 54, 55, 28, 12
453, 433, 403, 386, 354, 355, 339, 314, 302, 283, 261, 226, 210, 188, 173, 151, 127, 90, 84, 52, 30, 14, 13
453, 433, 403, 386, 354, 355, 339, 314, 302, 283, 261, 226, 210, 188, 173, 151, 127, 90, 84, 52, 30, 14
453, 433, 403, 386, 354, 355, 339, 314, 302, 283, 261, 226, 210, 188, 173, 151, 127, 90, 84, 52, 31, 15
453, 433, 403, 386, 354, 355, 339, 314, 302, 283, 261, 226, 210, 188, 173, 152, 126, 92, 83, 51, 33, 16
453, 433, 403, 386, 354, 340, 315, 301, 264, 241, 229, 213, 185, 171, 154, 123, 94, 82, 49, 36, 18, 17
453, 433, 403, 386, 354, 340, 315, 301, 264, 241, 229, 213, 185, 171, 154, 123, 94, 82, 49, 36, 18
453, 433, 403, 386, 354, 340, 315, 301, 264, 241, 229, 213, 185, 171, 154, 123, 94, 82, 49, 36, 19
453, 433, 403, 386, 354, 340, 315, 301, 262, 242, 230, 214, 183, 168, 134, 122, 96, 78, 46, 38, 20
453, 433, 403, 386, 387, 353, 341, 342, 318, 297, 296, 268, 246, 234, 196, 179, 164, 140, 118, 101, 71, 62, 45, 21
453, 433, 403, 386, 387, 353, 341, 342, 318, 297, 296, 268, 246, 234, 196, 179, 164, 140, 118, 117, 116, 102, 69, 61, 22
453, 433, 403, 386, 387, 353, 341, 342, 318, 297, 296, 268, 246, 234, 196, 179, 164, 140, 118, 117, 116, 102, 69, 61, 60, 23
453, 433, 403, 386, 387, 353, 341, 342, 318, 297, 296, 268, 246, 234, 196, 179, 164, 140, 118, 117, 116, 102, 69, 61, 60, 24
453, 454, 455, 456, 436, 398, 381, 359, 333, 310, 306, 280, 257, 223, 207, 190, 155, 148, 130, 110, 109, 108, 89, 59, 25
453, 454, 455, 456, 436, 398, 381, 359, 333, 310, 306, 280, 257, 223, 207, 190, 155, 148, 129, 111, 86, 87, 56, 27, 26
453, 454, 455, 456, 436, 398, 381, 359, 333, 310, 306, 280, 257, 223, 207, 190, 155, 148, 129, 111, 86, 87, 56, 27
453, 433, 403, 386, 354, 355, 339, 314, 302, 283, 261, 226, 210, 188, 173, 151, 127, 90, 84, 53, 54, 55, 28
453, 433, 403, 386, 354, 355, 339, 314, 302, 283, 261, 226, 210, 188, 173, 151, 127, 90, 84, 52, 30, 29
453, 433, 403, 386, 354, 355, 339, 314, 302, 283, 261, 226, 210, 188, 173, 151, 127, 90, 84, 52, 30
453, 433, 403, 386, 354, 355, 339, 314, 302, 283, 261, 226, 210, 188, 173, 151, 127, 90, 84, 52, 31
453, 433, 403, 386, 354, 355, 339, 314, 302, 283, 261, 226, 210, 188, 173, 152, 126, 92, 83, 51, 32
453, 433, 403, 386, 354, 355, 339, 314, 302, 283, 261, 226, 210, 188, 173, 152, 126, 92, 83, 51, 33
453, 433, 403, 386, 354, 355, 339, 314, 302, 283, 261, 226, 210, 188, 173, 152, 126, 92, 83, 51, 33, 34
453, 433, 403, 386, 354, 340, 315, 301, 264, 241, 229, 213, 185, 171, 154, 123, 94, 82, 49, 35
453, 433, 403, 386, 354, 340, 315, 301, 264, 241, 229, 213, 185, 171, 154, 123, 94, 82, 49, 36
453, 433, 403, 386, 354, 340, 315, 301, 264, 241, 229, 213, 185, 171, 154, 123, 94, 82, 49, 36, 37
453, 433, 403, 386, 354, 340, 315, 301, 262, 242, 230, 214, 183, 168, 134, 122, 96, 78, 46, 38
453, 433, 403, 386, 354, 340, 315, 301, 262, 242, 230, 214, 183, 167, 135, 120, 97, 75, 67, 39
453, 433, 403, 386, 354, 340, 315, 301, 262, 242, 230, 214, 183, 167, 135, 120, 97, 75, 67, 40
453, 433, 403, 386, 387, 353, 341, 342, 318, 297, 267, 244, 232, 216, 182, 166, 137, 119, 99, 74, 65, 41
453, 433, 403, 386, 387, 353, 341, 342, 318, 297, 296, 268, 246, 234, 196, 179, 164, 140, 118, 101, 72, 63, 42
453, 433, 403, 386, 387, 353, 341, 342, 318, 297, 296, 268, 246, 234, 196, 179, 164, 140, 118, 101, 71, 62, 43
453, 433, 403, 386, 387, 353, 341, 342, 318, 297, 296, 268, 246, 234, 196, 179, 164, 140, 118, 101, 71, 62, 44
453, 433, 403, 386, 387, 353, 341, 342, 318, 297, 296, 268, 246, 234, 196, 179, 164, 140, 118, 101, 71, 62, 45
453, 433, 403, 386, 354, 340, 315, 301, 262, 242, 230, 214, 183, 168, 134, 122, 96, 78, 46
453, 433, 403, 386, 354, 340, 315, 301, 262, 242, 230, 214, 183, 168, 134, 122, 96, 79, 80, 47
453, 433, 403, 386, 354, 340, 315, 301, 264, 241, 229, 213, 185, 171, 154, 123, 94, 82, 49, 48
453, 433, 403, 386, 354, 340, 315, 301, 264, 241, 229, 213, 185, 171, 154, 123, 94, 82, 49
453, 433, 403, 386, 354, 355, 339, 314, 302, 283, 261, 226, 210, 188, 173, 152, 126, 92, 83, 50
453, 433, 403, 386, 354, 355, 339, 314, 302, 283, 261, 226, 210, 188, 173, 152, 126, 92, 83, 51
453, 433, 403, 386, 354, 355, 339, 314, 302, 283, 261, 226, 210, 188, 173, 151, 127, 90, 84, 52
453, 433, 403, 386, 354, 355, 339, 314, 302, 283, 261, 226, 210, 188, 173, 151, 127, 90, 84, 53
453, 433, 403, 386, 354, 355, 339, 314, 302, 283, 261, 226, 210, 188, 173, 151, 127, 90, 84, 53, 54
453, 433, 403, 386, 354, 355, 339, 314, 302, 283, 261, 226, 210, 188, 173, 151, 127, 90, 84, 53, 54, 55
453, 454, 455, 456, 436, 398, 381, 359, 333, 310, 306, 280, 257, 223, 207, 190, 155, 148, 129, 111, 86, 87, 56
453, 454, 455, 456, 436, 398, 381, 359, 333, 310, 306, 280, 257, 223, 207, 190, 155, 148, 129, 111, 86, 87, 56, 57
453, 454, 455, 456, 436, 398, 381, 359, 333, 310, 306, 280, 257, 223, 207, 190, 155, 148, 129, 111, 86, 87, 56, 57, 58
453, 454, 455, 456, 436, 398, 381, 359, 333, 310, 306, 280, 257, 223, 207, 190, 155, 148, 130, 110, 109, 108, 89, 59
453, 433, 403, 386, 387, 353, 341, 342, 318, 297, 296, 268, 246, 234, 196, 179, 164, 140, 118, 117, 116, 102, 69, 61, 60
453, 433, 403, 386, 387, 353, 341, 342, 318, 297, 296, 268, 246, 234, 196, 179, 164, 140, 118, 117, 116, 102, 69, 61
453, 433, 403, 386, 387, 353, 341, 342, 318, 297, 296, 268, 246, 234, 196, 179, 164, 140, 118, 101, 71, 62
453, 433, 403, 386, 387, 353, 341, 342, 318, 297, 296, 268, 246, 234, 196, 179, 164, 140, 118, 101, 72, 63
453, 433, 403, 386, 387, 353, 341, 342, 318, 297, 267, 244, 232, 216, 182, 166, 137, 119, 99, 74, 65, 64
453, 433, 403, 386, 387, 353, 341, 342, 318, 297, 267, 244, 232, 216, 182, 166, 137, 119, 99, 74, 65
453, 433, 403, 386, 354, 340, 315, 301, 262, 242, 230, 214, 183, 167, 135, 120, 97, 75, 67, 66
453, 433, 403, 386, 354, 340, 315, 301, 262, 242, 230, 214, 183, 167, 135, 120, 97, 75, 67
453, 433, 403, 386, 387, 353, 341, 342, 318, 297, 296, 268, 246, 234, 196, 197, 198, 175, 162, 143, 115, 105, 68
453, 433, 403, 386, 387, 353, 341, 342, 318, 297, 296, 268, 246, 234, 196, 179, 164, 140, 118, 117, 116, 102, 69
453, 433, 403, 386, 387, 353, 341, 342, 318, 297, 296, 268, 246, 234, 196, 179, 164, 140, 118, 101, 70
453, 433, 403, 386, 387, 353, 341, 342, 318, 297, 296, 268, 246, 234, 196, 179, 164, 140, 118, 101, 71
453, 433, 403, 386, 387, 353, 341, 342, 318, 297, 296, 268, 246, 234, 196, 179, 164, 140, 118, 101, 72
453, 433, 403, 386, 387, 353, 341, 342, 318, 297, 267, 244, 232, 216, 182, 166, 137, 119, 99, 73
453, 433, 403, 386, 387, 353, 341, 342, 318, 297, 267, 244, 232, 216, 182, 166, 137, 119, 99, 74
453, 433, 403, 386, 354, 340, 315, 301, 262, 242, 230, 214, 183, 167, 135, 120, 97, 75
453, 433, 403, 386, 354, 340, 315, 301, 262, 242, 230, 214, 183, 168, 134, 122, 96, 77, 76
453, 433, 403, 386, 354, 340, 315, 301, 262, 242, 230, 214, 183, 168, 134, 122, 96, 77
453, 433, 403, 386, 354, 340, 315, 301, 262, 242, 230, 214, 183, 168, 134, 122, 96, 78
453, 433, 403, 386, 354, 340, 315, 301, 262, 242, 230, 214, 183, 168, 134, 122, 96, 79
453, 433, 403, 386, 354, 340, 315, 301, 262, 242, 230, 214, 183, 168, 134, 122, 96, 79, 80
453, 433, 403, 386, 354, 340, 315, 301, 262, 242, 230, 214, 183, 168, 134, 122, 96, 95, 81
453, 433, 403, 386, 354, 340, 315, 301, 264, 241, 229, 213, 185, 171, 154, 123, 94, 82
453, 433, 403, 386, 354, 355, 339, 314, 302, 283, 261, 226, 210, 188, 173, 152, 126, 92, 83
453, 433, 403, 386, 354, 355, 339, 314, 302, 283, 261, 226, 210, 188, 173, 151, 127, 90, 84
453, 433, 403, 386, 354, 355, 339, 314, 302, 283, 261, 226, 210, 188, 173, 151, 127, 90, 84, 85
453, 454, 455, 456, 436, 398, 381, 359, 333, 310, 306, 280, 257, 223, 207, 190, 155, 148, 129, 111, 86
453, 454, 455, 456, 436, 398, 381, 359, 333, 310, 306, 280, 257, 223, 207, 190, 155, 148, 129, 111, 86, 87
453, 454, 455, 456, 436, 398, 381, 359, 333, 310, 306, 280, 257, 223, 207, 190, 155, 148, 129, 111, 86, 87, 88
453, 454, 455, 456, 436, 398, 381, 359, 333, 310, 306, 280, 257, 223, 207, 190, 155, 148, 130, 110, 109, 108, 89
453, 433, 403, 386, 354, 355, 339, 314, 302, 283, 261, 226, 210, 188, 173, 151, 127, 90
453, 433, 403, 386, 354, 355, 339, 314, 302, 283, 261, 226, 210, 188, 173, 151, 127, 91
453, 433, 403, 386, 354, 355, 339, 314, 302, 283, 261, 226, 210, 188, 173, 152, 126, 92
453, 433, 403, 386, 354, 340, 315, 301, 264, 241, 229, 213, 185, 172, 153, 125, 93
453, 433, 403, 386, 354, 340, 315, 301, 264, 241, 229, 213, 185, 171, 154, 123, 94
453, 433, 403, 386, 354, 340, 315, 301, 262, 242, 230, 214, 183, 168, 134, 122, 96, 95
453, 433, 403, 386, 354, 340, 315, 301, 262, 242, 230, 214, 183, 168, 134, 122, 96
453, 433, 403, 386, 354, 340, 315, 301, 262, 242, 230, 214, 183, 167, 135, 120, 97
453, 433, 403, 386, 354, 340, 315, 301, 262, 242, 230, 214, 183, 167, 135, 120, 97, 98
453, 433, 403, 386, 387, 353, 341, 342, 318, 297, 267, 244, 232, 216, 182, 166, 137, 119, 99
