490, 491, 461, 462, 446, 425, 408, 392, 368, 345, 322, 295, 269, 247, 234, 196, 179, 164, 139, 138, 119, 99, 74, 66, 40, 1, 0
490, 491, 461, 462, 446, 425, 408, 392, 368, 345, 322, 295, 269, 247, 234, 196, 179, 164, 139, 138, 119, 99, 74, 66, 40, 1
490, 491, 461, 462, 446, 425, 408, 392, 368, 345, 322, 295, 269, 247, 234, 196, 179, 164, 140, 118, 101, 72, 64, 65, 41, 2
490, 491, 461, 462, 446, 425, 408, 392, 368, 345, 322, 295, 269, 247, 234, 196, 179, 164, 140, 118, 101, 72, 64, 65, 41, 3
490, 491, 461, 462, 446, 425, 408, 392, 368, 345, 322, 295, 269, 247, 234, 196, 179, 164, 140, 118, 101, 72, 64, 65, 41, 4
490, 491, 461, 462, 446, 425, 408, 392, 368, 345, 322, 295, 269, 247, 234, 196, 179, 164, 140, 118, 101, 71, 62, 43, 5
490, 491, 461, 462, 446, 425, 408, 392, 368, 345, 322, 295, 269, 247, 234, 196, 179, 164, 140, 118, 101, 71, 62, 45, 6
490, 460, 444, 422, 414, 374, 365, 350, 325, 291, 273, 249, 237, 199, 175, 162, 143, 115, 105, 68, 60, 21, 7
490, 460, 444, 422, 414, 374, 365, 350, 325, 291, 273, 249, 237, 199, 175, 162, 143, 115, 105, 68, 60, 23, 8
490, 460, 444, 422, 414, 415, 375, 364, 351, 327, 288, 275, 253, 220, 202, 194, 159, 145, 112, 107, 89, 59, 25, 9
490, 460, 444, 422, 414, 415, 375, 364, 351, 327, 288, 275, 253, 220, 202, 194, 159, 145, 112, 107, 89, 59, 25, 10
490, 460, 444, 422, 414, 415, 375, 364, 351, 327, 288, 275, 253, 220, 202, 194, 159, 145, 112, 107, 89, 57, 26, 11
490, 460, 444, 422, 414, 415, 375, 364, 351, 327, 288, 275, 253, 220, 202, 194, 159, 145, 112, 107, 89, 57, 26, 11, 12
490, 460, 444, 422, 414, 415, 375, 364, 351, 327, 288, 275, 253, 220, 203, 193, 157, 146, 131, 130, 111, 85, 54, 29, 13
490, 460, 444, 422, 414, 415, 375, 363, 329, 328, 307, 308, 309, 306, 305, 281, 260, 225, 209, 188, 173, 151, 127, 90, 84, 52, 30, 14
490, 460, 444, 422, 414, 415, 375, 363, 329, 328, 307, 308, 309, 306, 305, 281, 260, 225, 209, 188, 173, 151, 127, 90, 84, 52, 31, 15
490, 460, 444, 422, 414, 415, 375, 363, 329, 328, 307, 308, 309, 306, 305, 281, 260, 225, 209, 188, 173, 152, 126, 92, 83, 51, 33, 16
490, 460, 444, 422, 414, 415, 375, 363, 329, 328, 307, 308, 309, 306, 305, 281, 260, 225, 209, 188, 173, 152, 126, 92, 83, 51, 33, 16, 17
490, 460, 444, 422, 414, 415, 375, 363, 329, 328, 307, 308, 309, 306, 305, 281, 260, 225, 210, 211, 186, 172, 153, 125, 93, 82, 49, 36, 18
490, 460, 444, 422, 414, 415, 375, 363, 329, 328, 307, 308, 309, 306, 305, 281, 260, 225, 210, 211, 186, 172, 153, 125, 93, 82, 49, 36, 19
490, 491, 461, 462, 446, 425, 408, 392, 369, 370, 343, 320, 296, 268, 245, 233, 217, 216, 215, 183, 168, 134, 122, 96, 78, 46, 38, 20
490, 460, 444, 422, 414, 374, 365, 350, 325, 291, 273, 249, 237, 199, 175, 162, 143, 115, 105, 68, 60, 21
490, 460, 444, 422, 414, 374, 365, 350, 325, 291, 273, 249, 237, 199, 175, 162, 143, 115, 105, 68, 60, 61, 22
490, 460, 444, 422, 414, 374, 365, 350, 325, 291, 273, 249, 237, 199, 175, 162, 143, 115, 105, 68, 60, 23
490, 460, 444, 422, 414, 374, 365, 350, 325, 291, 273, 249, 237, 199, 175, 162, 143, 115, 105, 68, 60, 24
490, 460, 444, 422, 414, 415, 375, 364, 351, 327, 288, 275, 253, 220, 202, 194, 159, 145, 112, 107, 89, 59, 25
490, 460, 444, 422, 414, 415, 375, 364, 351, 327, 288, 275, 253, 220, 202, 194, 159, 145, 112, 107, 89, 57, 26
490, 460, 444, 422, 414, 415, 375, 364, 351, 327, 288, 275, 253, 220, 202, 194, 159, 145, 112, 107, 89, 57, 26, 27
490, 460, 444, 422, 414, 415, 375, 364, 351, 327, 288, 275, 253, 220, 203, 193, 157, 146, 131, 130, 111, 85, 55, 28
490, 460, 444, 422, 414, 415, 375, 364, 351, 327, 288, 275, 253, 220, 203, 193, 157, 146, 131, 130, 111, 85, 54, 29
490, 460, 444, 422, 414, 415, 375, 363, 329, 328, 307, 308, 309, 306, 305, 281, 260, 225, 209, 188, 173, 151, 127, 90, 84, 52, 30
490, 460, 444, 422, 414, 415, 375, 363, 329, 328, 307, 308, 309, 306, 305, 281, 260, 225, 209, 188, 173, 151, 127, 90, 84, 52, 31
490, 460, 444, 422, 414, 415, 375, 363, 329, 328, 307, 308, 309, 306, 305, 281, 260, 225, 209, 188, 173, 152, 126, 92, 83, 51, 32
490, 460, 444, 422, 414, 415, 375, 363, 329, 328, 307, 308, 309, 306, 305, 281, 260, 225, 209, 188, 173, 152, 126, 92, 83, 51, 33
490, 460, 444, 422, 414, 415, 375, 363, 329, 328, 307, 308, 309, 306, 305, 281, 260, 225, 209, 188, 173, 152, 126, 92, 83, 51, 33, 34
490, 460, 444, 422, 414, 415, 375, 363, 329, 328, 307, 308, 309, 306, 305, 281, 260, 225, 209, 188, 173, 152, 126, 92, 83, 51, 33, 34, 35
490, 460, 444, 422, 414, 415, 375, 363, 329, 328, 307, 308, 309, 306, 305, 281, 260, 225, 210, 211, 186, 172, 153, 125, 93, 82, 49, 36
490, 460, 444, 422, 414, 415, 375, 363, 329, 328, 307, 308, 309, 306, 305, 281, 260, 225, 210, 211, 186, 172, 153, 125, 93, 82, 49, 36, 37
490, 491, 461, 462, 446, 425, 408, 392, 369, 370, 343, 320, 296, 268, 245, 233, 217, 216, 215, 183, 168, 134, 122, 96, 78, 46, 38
490, 491, 461, 462, 446, 425, 408, 392, 368, 345, 322, 295, 269, 247, 234, 196, 179, 164, 139, 138, 119, 98, 97, 75, 67, 39
490, 491, 461, 462, 446, 425, 408, 392, 368, 345, 322, 295, 269, 247, 234, 196, 179, 164, 139, 138, 119, 99, 74, 66, 40
490, 491, 461, 462, 446, 425, 408, 392, 368, 345, 322, 295, 269, 247, 234, 196, 179, 164, 140, 118, 101, 72, 64, 65, 41
490, 491, 461, 462, 446, 425, 408, 392, 368, 345, 322, 295, 269, 247, 234, 196, 179, 164, 140, 118, 101, 72, 63, 42
490, 491, 461, 462, 446, 425, 408, 392, 368, 345, 322, 295, 269, 247, 234, 196, 179, 164, 140, 118, 101, 71, 62, 43
490, 491, 461, 462, 446, 425, 408, 392, 368, 345, 322, 295, 269, 247, 234, 196, 179, 164, 140, 118, 101, 71, 62, 44
490, 491, 461, 462, 446, 425, 408, 392, 368, 345, 322, 295, 269, 247, 234, 196, 179, 164, 140, 118, 101, 71, 62, 45
490, 491, 461, 462, 446, 425, 408, 392, 369, 370, 343, 320, 296, 268, 245, 233, 217, 216, 215, 183, 168, 134, 122, 96, 78, 46
490, 491, 461, 462, 446, 425, 408, 392, 369, 370, 343, 320, 296, 268, 245, 233, 217, 216, 215, 183, 168, 134, 122, 96, 79, 80, 47
490, 460, 444, 422, 414, 415, 375, 363, 329, 328, 307, 308, 309, 306, 305, 281, 260, 225, 210, 211, 186, 172, 153, 125, 93, 82, 49, 48
490, 460, 444, 422, 414, 415, 375, 363, 329, 328, 307, 308, 309, 306, 305, 281, 260, 225, 210, 211, 186, 172, 153, 125, 93, 82, 49
490, 460, 444, 422, 414, 415, 375, 363, 329, 328, 307, 308, 309, 306, 305, 281, 260, 225, 209, 188, 173, 152, 126, 92, 83, 50
490, 460, 444, 422, 414, 415, 375, 363, 329, 328, 307, 308, 309, 306, 305, 281, 260, 225, 209, 188, 173, 152, 126, 92, 83, 51
490, 460, 444, 422, 414, 415, 375, 363, 329, 328, 307, 308, 309, 306, 305, 281, 260, 225, 209, 188, 173, 151, 127, 90, 84, 52
490, 460, 444, 422, 414, 415, 375, 363, 329, 328, 307, 308, 309, 306, 305, 281, 260, 225, 209, 188, 173, 151, 127, 90, 84, 53
490, 460, 444, 422, 414, 415, 375, 364, 351, 327, 288, 275, 253, 220, 203, 193, 157, 146, 131, 130, 111, 85, 54
490, 460, 444, 422, 414, 415, 375, 364, 351, 327, 288, 275, 253, 220, 203, 193, 157, 146, 131, 130, 111, 85, 55
490, 460, 444, 422, 414, 415, 375, 364, 351, 327, 288, 275, 253, 220, 203, 193, 157, 146, 131, 109, 87, 56
490, 460, 444, 422, 414, 415, 375, 364, 351, 327, 288, 275, 253, 220, 202, 194, 159, 145, 112, 107, 89, 57
490, 460, 444, 422, 414, 415, 375, 364, 351, 327, 288, 275, 253, 220, 202, 194, 159, 145, 112, 107, 89, 58
490, 460, 444, 422, 414, 415, 375, 364, 351, 327, 288, 275, 253, 220, 202, 194, 159, 145, 112, 107, 89, 59
490, 460, 444, 422, 414, 374, 365, 350, 325, 291, 273, 249, 237, 199, 175, 162, 143, 115, 105, 68, 60
490, 460, 444, 422, 414, 374, 365, 350, 325, 291, 273, 249, 237, 199, 175, 162, 143, 115, 105, 68, 60, 61
490, 491, 461, 462, 446, 425, 408, 392, 368, 345, 322, 295, 269, 247, 234, 196, 179, 164, 140, 118, 101, 71, 62
490, 491, 461, 462, 446, 425, 408, 392, 368, 345, 322, 295, 269, 247, 234, 196, 179, 164, 140, 118, 101, 72, 63
490, 491, 461, 462, 446, 425, 408, 392, 368, 345, 322, 295, 269, 247, 234, 196, 179, 164, 140, 118, 101, 72, 64
490, 491, 461, 462, 446, 425, 408, 392, 368, 345, 322, 295, 269, 247, 234, 196, 179, 164, 140, 118, 101, 72, 64, 65
490, 491, 461, 462, 446, 425, 408, 392, 368, 345, 322, 295, 269, 247, 234, 196, 179, 164, 139, 138, 119, 99, 74, 66
490, 491, 461, 462, 446, 425, 408, 392, 368, 345, 322, 295, 269, 247, 234, 196, 179, 164, 139, 138, 119, 98, 97, 75, 67
490, 460, 444, 422, 414, 374, 365, 350, 325, 291, 273, 249, 237, 199, 175, 162, 143, 115, 105, 68
490, 460, 444, 422, 414, 374, 365, 350, 325, 291, 273, 249, 237, 199, 175, 162, 143, 115, 105, 68, 69
490, 491, 461, 462, 446, 425, 408, 392, 368, 345, 322, 295, 269, 247, 234, 196, 179, 164, 140, 118, 101, 70
490, 491, 461, 462, 446, 425, 408, 392, 368, 345, 322, 295, 269, 247, 234, 196, 179, 164, 140, 118, 101, 71
490, 491, 461, 462, 446, 425, 408, 392, 368, 345, 322, 295, 269, 247, 234, 196, 179, 164, 140, 118, 101, 72
490, 491, 461, 462, 446, 425, 408, 392, 368, 345, 322, 295, 269, 247, 234, 196, 179, 164, 140, 118, 101, 72, 73
490, 491, 461, 462, 446, 425, 408, 392, 368, 345, 322, 295, 269, 247, 234, 196, 179, 164, 139, 138, 119, 99, 74
490, 491, 461, 462, 446, 425, 408, 392, 368, 345, 322, 295, 269, 247, 234, 196, 179, 164, 139, 138, 119, 98, 97, 75
490, 491, 461, 462, 446, 425, 408, 392, 368, 345, 322, 295, 269, 247, 234, 196, 179, 164, 139, 138, 119, 98, 97, 76
490, 491, 461, 462, 446, 425, 408, 392, 369, 370, 343, 320, 296, 268, 245, 233, 217, 216, 215, 183, 168, 134, 122, 96, 77
490, 491, 461, 462, 446, 425, 408, 392, 369, 370, 343, 320, 296, 268, 245, 233, 217, 216, 215, 183, 168, 134, 122, 96, 78
490, 491, 461, 462, 446, 425, 408, 392, 369, 370, 343, 320, 296, 268, 245, 233, 217, 216, 215, 183, 168, 134, 122, 96, 79
490, 491, 461, 462, 446, 425, 408, 392, 369, 370, 343, 320, 296, 268, 245, 233, 217, 216, 215, 183, 168, 134, 122, 96, 79, 80
490, 491, 461, 462, 446, 425, 408, 392, 369, 370, 343, 320, 296, 268, 245, 233, 217, 216, 215, 183, 168, 134, 122, 96, 95, 81
490, 460, 444, 422, 414, 415, 375, 363, 329, 328, 307, 308, 309, 306, 305, 281, 260, 225, 210, 211, 186, 172, 153, 125, 93, 82
490, 460, 444, 422, 414, 415, 375, 363, 329, 328, 307, 308, 309, 306, 305, 281, 260, 225, 209, 188, 173, 152, 126, 92, 83
490, 460, 444, 422, 414, 415, 375, 363, 329, 328, 307, 308, 309, 306, 305, 281, 260, 225, 209, 188, 173, 151, 127, 90, 84
490, 460, 444, 422, 414, 415, 375, 364, 351, 327, 288, 275, 253, 220, 203, 193, 157, 146, 131, 130, 111, 85
490, 460, 444, 422, 414, 415, 375, 364, 351, 327, 288, 275, 253, 220, 203, 193, 157, 146, 131, 130, 110, 86
490, 460, 444, 422, 414, 415, 375, 364, 351, 327, 288, 275, 253, 220, 203, 193, 157, 146, 131, 109, 87
490, 460, 444, 422, 414, 415, 375, 364, 351, 327, 288, 275, 253, 220, 202, 194, 159, 145, 132, 108, 88
490, 460, 444, 422, 414, 415, 375, 364, 351, 327, 288, 275, 253, 220, 202, 194, 159, 145, 112, 107, 89
490, 460, 444, 422, 414, 415, 375, 363, 329, 328, 307, 308, 309, 306, 305, 281, 260, 225, 209, 188, 173, 151, 127, 90
490, 460, 444, 422, 414, 415, 375, 363, 329, 328, 307, 308, 309, 306, 305, 281, 260, 225, 209, 188, 173, 151, 127, 91
490, 460, 444, 422, 414, 415, 375, 363, 329, 328, 307, 308, 309, 306, 305, 281, 260, 225, 209, 188, 173, 152, 126, 92
490, 460, 444, 422, 414, 415, 375, 363, 329, 328, 307, 308, 309, 306, 305, 281, 260, 225, 210, 211, 186, 172, 153, 125, 93
490, 460, 444, 422, 414, 415, 375, 363, 329, 328, 307, 308, 309, 306, 305, 281, 260, 225, 210, 211, 186, 172, 153, 125, 124, 94
490, 491, 461, 462, 446, 425, 408, 392, 369, 370, 343, 320, 296, 268, 245, 233, 217, 216, 215, 183, 168, 134, 122, 96, 95
490, 491, 461, 462, 446, 425, 408, 392, 369, 370, 343, 320, 296, 268, 245, 233, 217, 216, 215, 183, 168, 134, 122, 96
490, 491, 461, 462, 446, 425, 408, 392, 368, 345, 322, 295, 269, 247, 234, 196, 179, 164, 139, 138, 119, 98, 97
490, 491, 461, 462, 446, 425, 408, 392, 368, 345, 322, 295, 269, 247, 234, 196, 179, 164, 139, 138, 119, 98
490, 491, 461, 462, 446, 425, 408, 392, 368, 345, 322, 295, 269, 247, 234, 196, 179, 164, 139, 138, 119, 99
