755, 754, 741, 742, 707, 681, 650, 647, 610, 594, 571, 546, 539, 518, 500, 470, 453, 433, 403, 386, 354, 340, 315, 301, 262, 242, 230, 214, 183, 167, 135, 120, 97, 75, 67, 39, 0
755, 754, 741, 742, 707, 681, 650, 647, 610, 594, 571, 546, 539, 518, 500, 470, 453, 433, 403, 386, 354, 340, 315, 301, 262, 242, 230, 214, 183, 167, 135, 120, 97, 75, 67, 40, 1
755, 754, 741, 742, 707, 681, 650, 647, 610, 594, 571, 546, 539, 518, 500, 470, 453, 433, 403, 386, 387, 353, 341, 342, 318, 297, 267, 244, 232, 216, 182, 166, 137, 119, 99, 74, 65, 41, 2
755, 754, 741, 742, 707, 681, 650, 647, 610, 594, 571, 546, 539, 518, 500, 470, 453, 433, 403, 386, 387, 353, 341, 342, 318, 297, 267, 244, 232, 216, 182, 166, 137, 119, 99, 74, 65, 41, 3
755, 754, 741, 742, 707, 681, 650, 647, 610, 594, 571, 546, 539, 518, 500, 470, 453, 433, 403, 386, 387, 353, 341, 342, 318, 297, 267, 244, 232, 216, 182, 166, 137, 119, 99, 74, 65, 41, 4
755, 756, 757, 758, 759, 736, 735, 713, 689, 657, 640, 622, 604, 582, 556, 531, 509, 488, 479, 442, 421, 414, 374, 365, 350, 325, 291, 273, 249, 236, 198, 197, 177, 163, 141, 117, 101, 71, 62, 43, 5
755, 772, 802, 836, 857, 867, 868, 881, 913, 939, 957, 976, 1001, 1026, 1031, 1050, 1084, 1101, 1130, 1157, 1177, 1191, 1214, 1227, 1254, 1270, 1294, 1301, 1329, 1348, 1373, 1386, 1404, 1427, 1453, 1478, 1501, 1515, 1536, 6
755, 739, 710, 686, 687, 655, 643, 624, 600, 585, 554, 533, 510, 483, 476, 440, 417, 395, 378, 361, 331, 308, 285, 278, 255, 254, 220, 202, 194, 159, 160, 144, 114, 106, 68, 60, 21, 7
755, 739, 710, 686, 687, 655, 643, 624, 600, 585, 554, 533, 510, 483, 476, 440, 417, 395, 378, 361, 331, 308, 285, 278, 255, 254, 220, 202, 194, 159, 160, 144, 114, 106, 68, 60, 23, 8
755, 739, 710, 686, 687, 655, 643, 624, 600, 585, 554, 533, 510, 483, 476, 440, 417, 395, 378, 361, 331, 308, 285, 278, 255, 254, 220, 202, 194, 159, 145, 112, 107, 89, 59, 25, 9
755, 739, 710, 686, 687, 655, 643, 624, 600, 585, 554, 533, 510, 483, 476, 440, 417, 395, 378, 361, 331, 308, 285, 278, 255, 254, 220, 202, 194, 159, 145, 112, 107, 89, 59, 25, 10
755, 739, 710, 686, 687, 655, 643, 624, 600, 585, 554, 533, 510, 483, 476, 440, 417, 395, 378, 361, 331, 308, 285, 279, 256, 222, 206, 191, 156, 147, 131, 109, 87, 56, 27, 11
755, 739, 710, 686, 687, 655, 643, 624, 600, 585, 554, 533, 510, 483, 476, 440, 417, 395, 378, 361, 331, 308, 285, 279, 256, 222, 206, 191, 156, 147, 131, 109, 87, 56, 27, 11, 12
755, 739, 710, 685, 653, 644, 625, 598, 567, 551, 535, 513, 482, 475, 457, 437, 398, 381, 359, 333, 310, 306, 280, 257, 223, 207, 190, 155, 148, 129, 111, 85, 54, 29, 13
755, 739, 710, 685, 653, 644, 625, 598, 567, 551, 535, 513, 482, 475, 457, 437, 398, 381, 359, 333, 310, 305, 281, 260, 225, 209, 188, 173, 151, 127, 90, 84, 52, 30, 14
755, 739, 710, 685, 653, 644, 625, 598, 567, 551, 535, 513, 482, 475, 457, 437, 398, 381, 359, 333, 310, 305, 281, 260, 225, 209, 188, 173, 151, 127, 90, 84, 52, 31, 15
755, 739, 710, 685, 653, 644, 625, 598, 567, 551, 535, 513, 482, 475, 457, 437, 398, 381, 359, 333, 310, 305, 281, 260, 225, 209, 188, 173, 152, 126, 92, 83, 51, 33, 16
755, 739, 710, 685, 653, 644, 625, 598, 567, 551, 535, 513, 482, 475, 457, 437, 398, 381, 359, 333, 310, 305, 281, 260, 225, 209, 188, 173, 152, 126, 92, 83, 51, 33, 16, 17
755, 739, 710, 685, 653, 644, 625, 598, 567, 551, 535, 513, 482, 475, 457, 437, 398, 381, 359, 333, 310, 305, 281, 260, 225, 210, 211, 186, 172, 153, 125, 93, 82, 49, 36, 18
755, 739, 710, 685, 653, 644, 625, 598, 567, 551, 535, 513, 482, 475, 457, 437, 398, 381, 359, 333, 310, 305, 281, 260, 225, 210, 211, 186, 172, 153, 125, 93, 82, 49, 36, 19
755, 754, 741, 742, 707, 681, 650, 647, 610, 594, 571, 546, 539, 518, 500, 470, 453, 433, 403, 386, 354, 340, 315, 301, 262, 242, 230, 214, 183, 168, 134, 122, 96, 78, 46, 38, 20
755, 739, 710, 686, 687, 655, 643, 624, 600, 585, 554, 533, 510, 483, 476, 440, 417, 395, 378, 361, 331, 308, 285, 278, 255, 254, 220, 202, 194, 159, 160, 144, 114, 106, 68, 60, 21
755, 739, 710, 686, 687, 655, 643, 624, 600, 585, 554, 533, 510, 483, 476, 440, 417, 395, 378, 361, 331, 308, 285, 278, 255, 254, 220, 202, 194, 159, 160, 144, 114, 106, 68, 60, 61, 22
755, 739, 710, 686, 687, 655, 643, 624, 600, 585, 554, 533, 510, 483, 476, 440, 417, 395, 378, 361, 331, 308, 285, 278, 255, 254, 220, 202, 194, 159, 160, 144, 114, 106, 68, 60, 23
755, 739, 710, 686, 687, 655, 643, 624, 600, 585, 554, 533, 510, 483, 476, 440, 417, 395, 378, 361, 331, 308, 285, 278, 255, 254, 220, 202, 194, 159, 160, 144, 114, 106, 68, 60, 24
755, 739, 710, 686, 687, 655, 643, 624, 600, 585, 554, 533, 510, 483, 476, 440, 417, 395, 378, 361, 331, 308, 285, 278, 255, 254, 220, 202, 194, 159, 145, 112, 107, 89, 59, 25
755, 739, 710, 686, 687, 655, 643, 624, 600, 585, 554, 533, 510, 483, 476, 440, 417, 395, 378, 361, 331, 308, 285, 279, 256, 222, 206, 191, 156, 147, 131, 109, 87, 56, 27, 26
755, 739, 710, 686, 687, 655, 643, 624, 600, 585, 554, 533, 510, 483, 476, 440, 417, 395, 378, 361, 331, 308, 285, 279, 256, 222, 206, 191, 156, 147, 131, 109, 87, 56, 27
755, 739, 710, 685, 653, 644, 625, 598, 567, 551, 535, 513, 482, 475, 457, 437, 398, 381, 359, 333, 310, 306, 280, 257, 223, 207, 190, 155, 148, 129, 111, 85, 55, 28
755, 739, 710, 685, 653, 644, 625, 598, 567, 551, 535, 513, 482, 475, 457, 437, 398, 381, 359, 333, 310, 306, 280, 257, 223, 207, 190, 155, 148, 129, 111, 85, 54, 29
755, 739, 710, 685, 653, 644, 625, 598, 567, 551, 535, 513, 482, 475, 457, 437, 398, 381, 359, 333, 310, 305, 281, 260, 225, 209, 188, 173, 151, 127, 90, 84, 52, 30
755, 739, 710, 685, 653, 644, 625, 598, 567, 551, 535, 513, 482, 475, 457, 437, 398, 381, 359, 333, 310, 305, 281, 260, 225, 209, 188, 173, 151, 127, 90, 84, 52, 31
755, 739, 710, 685, 653, 644, 625, 598, 567, 551, 535, 513, 482, 475, 457, 437, 398, 381, 359, 333, 310, 305, 281, 260, 225, 209, 188, 173, 152, 126, 92, 83, 51, 32
755, 739, 710, 685, 653, 644, 625, 598, 567, 551, 535, 513, 482, 475, 457, 437, 398, 381, 359, 333, 310, 305, 281, 260, 225, 209, 188, 173, 152, 126, 92, 83, 51, 33
755, 739, 710, 685, 653, 644, 625, 598, 567, 551, 535, 513, 482, 475, 457, 437, 398, 381, 359, 333, 310, 305, 281, 260, 225, 209, 188, 173, 152, 126, 92, 83, 51, 33, 34
755, 739, 710, 685, 653, 644, 625, 598, 567, 551, 535, 513, 482, 475, 457, 437, 398, 381, 359, 333, 310, 305, 281, 260, 225, 209, 188, 173, 152, 126, 92, 83, 51, 33, 34, 35
755, 739, 710, 685, 653, 644, 625, 598, 567, 551, 535, 513, 482, 475, 457, 437, 398, 381, 359, 333, 310, 305, 281, 260, 225, 210, 211, 186, 172, 153, 125, 93, 82, 49, 36
755, 739, 710, 685, 653, 644, 625, 598, 567, 551, 535, 513, 482, 475, 457, 437, 398, 381, 359, 333, 310, 305, 281, 260, 225, 210, 211, 186, 172, 153, 125, 93, 82, 49, 36, 37
755, 754, 741, 742, 707, 681, 650, 647, 610, 594, 571, 546, 539, 518, 500, 470, 453, 433, 403, 386, 354, 340, 315, 301, 262, 242, 230, 214, 183, 168, 134, 122, 96, 78, 46, 38
755, 754, 741, 742, 707, 681, 650, 647, 610, 594, 571, 546, 539, 518, 500, 470, 453, 433, 403, 386, 354, 340, 315, 301, 262, 242, 230, 214, 183, 167, 135, 120, 97, 75, 67, 39
755, 754, 741, 742, 707, 681, 650, 647, 610, 594, 571, 546, 539, 518, 500, 470, 453, 433, 403, 386, 354, 340, 315, 301, 262, 242, 230, 214, 183, 167, 135, 120, 97, 75, 67, 40
755, 754, 741, 742, 707, 681, 650, 647, 610, 594, 571, 546, 539, 518, 500, 470, 453, 433, 403, 386, 387, 353, 341, 342, 318, 297, 267, 244, 232, 216, 182, 166, 137, 119, 99, 74, 65, 41
755, 756, 757, 758, 759, 736, 735, 713, 689, 657, 640, 622, 604, 582, 556, 531, 509, 488, 479, 442, 421, 414, 374, 365, 350, 325, 291, 273, 249, 236, 198, 197, 177, 163, 141, 117, 101, 72, 63, 42
755, 756, 757, 758, 759, 736, 735, 713, 689, 657, 640, 622, 604, 582, 556, 531, 509, 488, 479, 442, 421, 414, 374, 365, 350, 325, 291, 273, 249, 236, 198, 197, 177, 163, 141, 117, 101, 71, 62, 43
755, 756, 757, 758, 759, 736, 735, 713, 689, 657, 640, 622, 604, 582, 556, 531, 509, 488, 479, 442, 421, 414, 374, 365, 350, 325, 291, 273, 249, 236, 198, 197, 177, 163, 141, 117, 101, 71, 62, 44
755, 756, 757, 758, 759, 736, 735, 713, 689, 657, 640, 622, 604, 582, 556, 531, 509, 488, 479, 442, 421, 414, 374, 365, 350, 325, 291, 273, 249, 236, 198, 197, 177, 163, 141, 117, 101, 71, 62, 45
755, 754, 741, 742, 707, 681, 650, 647, 610, 594, 571, 546, 539, 518, 500, 470, 453, 433, 403, 386, 354, 340, 315, 301, 262, 242, 230, 214, 183, 168, 134, 122, 96, 78, 46
755, 739, 710, 685, 653, 644, 625, 598, 567, 551, 535, 513, 482, 475, 457, 437, 398, 382, 358, 334, 312, 303, 283, 239, 227, 228, 213, 185, 171, 154, 123, 95, 81, 47
755, 739, 710, 685, 653, 644, 625, 598, 567, 551, 535, 513, 482, 475, 457, 437, 398, 381, 359, 333, 310, 305, 281, 260, 225, 210, 211, 186, 172, 153, 125, 93, 82, 49, 48
755, 739, 710, 685, 653, 644, 625, 598, 567, 551, 535, 513, 482, 475, 457, 437, 398, 381, 359, 333, 310, 305, 281, 260, 225, 210, 211, 186, 172, 153, 125, 93, 82, 49
755, 739, 710, 685, 653, 644, 625, 598, 567, 551, 535, 513, 482, 475, 457, 437, 398, 381, 359, 333, 310, 305, 281, 260, 225, 209, 188, 173, 152, 126, 92, 83, 50
755, 739, 710, 685, 653, 644, 625, 598, 567, 551, 535, 513, 482, 475, 457, 437, 398, 381, 359, 333, 310, 305, 281, 260, 225, 209, 188, 173, 152, 126, 92, 83, 51
755, 739, 710, 685, 653, 644, 625, 598, 567, 551, 535, 513, 482, 475, 457, 437, 398, 381, 359, 333, 310, 305, 281, 260, 225, 209, 188, 173, 151, 127, 90, 84, 52
755, 739, 710, 685, 653, 644, 625, 598, 567, 551, 535, 513, 482, 475, 457, 437, 398, 381, 359, 333, 310, 305, 281, 260, 225, 209, 188, 173, 151, 127, 90, 84, 53
755, 739, 710, 685, 653, 644, 625, 598, 567, 551, 535, 513, 482, 475, 457, 437, 398, 381, 359, 333, 310, 306, 280, 257, 223, 207, 190, 155, 148, 129, 111, 85, 54
755, 739, 710, 685, 653, 644, 625, 598, 567, 551, 535, 513, 482, 475, 457, 437, 398, 381, 359, 333, 310, 306, 280, 257, 223, 207, 190, 155, 148, 129, 111, 85, 55
755, 739, 710, 686, 687, 655, 643, 624, 600, 585, 554, 533, 510, 483, 476, 440, 417, 395, 378, 361, 331, 308, 285, 279, 256, 222, 206, 191, 156, 147, 131, 109, 87, 56
755, 739, 710, 686, 687, 655, 643, 624, 600, 585, 554, 533, 510, 483, 476, 440, 417, 395, 378, 361, 331, 308, 285, 278, 255, 254, 220, 202, 194, 159, 145, 112, 107, 89, 57
755, 739, 710, 686, 687, 655, 643, 624, 600, 585, 554, 533, 510, 483, 476, 440, 417, 395, 378, 361, 331, 308, 285, 278, 255, 254, 220, 202, 194, 159, 145, 112, 107, 89, 58
755, 739, 710, 686, 687, 655, 643, 624, 600, 585, 554, 533, 510, 483, 476, 440, 417, 395, 378, 361, 331, 308, 285, 278, 255, 254, 220, 202, 194, 159, 145, 112, 107, 89, 59
755, 739, 710, 686, 687, 655, 643, 624, 600, 585, 554, 533, 510, 483, 476, 440, 417, 395, 378, 361, 331, 308, 285, 278, 255, 254, 220, 202, 194, 159, 160, 144, 114, 106, 68, 60
755, 739, 710, 686, 687, 655, 643, 624, 600, 585, 554, 533, 510, 483, 476, 440, 417, 395, 378, 361, 331, 308, 285, 278, 255, 254, 220, 202, 194, 159, 160, 144, 114, 106, 68, 60, 61
755, 756, 757, 758, 759, 736, 735, 713, 689, 657, 640, 622, 604, 582, 556, 531, 509, 488, 479, 442, 421, 414, 374, 365, 350, 325, 291, 273, 249, 236, 198, 197, 177, 163, 141, 117, 101, 71, 62
755, 756, 757, 758, 759, 736, 735, 713, 689, 657, 640, 622, 604, 582, 556, 531, 509, 488, 479, 442, 421, 414, 374, 365, 350, 325, 291, 273, 249, 236, 198, 197, 177, 163, 141, 117, 101, 72, 63
755, 756, 757, 758, 759, 736, 735, 713, 689, 657, 640, 622, 604, 582, 556, 531, 509, 488, 479, 442, 421, 414, 374, 365, 350, 325, 291, 273, 249, 236, 198, 197, 177, 163, 141, 117, 101, 72, 64
755, 754, 741, 742, 707, 681, 650, 647, 610, 594, 571, 546, 539, 518, 500, 470, 453, 433, 403, 386, 387, 353, 341, 342, 318, 297, 267, 244, 232, 216, 182, 166, 137, 119, 99, 74, 65
755, 754, 741, 742, 707, 681, 650, 647, 610, 594, 571, 546, 539, 518, 500, 470, 453, 433, 403, 386, 354, 340, 315, 301, 262, 242, 230, 214, 183, 167, 135, 120, 97, 75, 67, 66
755, 754, 741, 742, 707, 681, 650, 647, 610, 594, 571, 546, 539, 518, 500, 470, 453, 433, 403, 386, 354, 340, 315, 301, 262, 242, 230, 214, 183, 167, 135, 120, 97, 75, 67
755, 739, 710, 686, 687, 655, 643, 624, 600, 585, 554, 533, 510, 483, 476, 440, 417, 395, 378, 361, 331, 308, 285, 278, 255, 254, 220, 202, 194, 159, 160, 144, 114, 106, 68
755, 739, 710, 686, 687, 655, 643, 624, 600, 585, 554, 533, 510, 483, 476, 440, 417, 395, 378, 361, 331, 308, 285, 278, 255, 254, 220, 202, 194, 159, 160, 144, 114, 106, 68, 69
755, 756, 757, 758, 759, 736, 735, 713, 689, 657, 640, 622, 604, 582, 556, 531, 509, 488, 479, 442, 421, 414, 374, 365, 350, 325, 291, 273, 249, 236, 198, 197, 177, 163, 141, 117, 101, 70
755, 756, 757, 758, 759, 736, 735, 713, 689, 657, 640, 622, 604, 582, 556, 531, 509, 488, 479, 442, 421, 414, 374, 365, 350, 325, 291, 273, 249, 236, 198, 197, 177, 163, 141, 117, 101, 71
755, 756, 757, 758, 759, 736, 735, 713, 689, 657, 640, 622, 604, 582, 556, 531, 509, 488, 479, 442, 421, 414, 374, 365, 350, 325, 291, 273, 249, 236, 198, 197, 177, 163, 141, 117, 101, 72
755, 754, 741, 742, 707, 681, 650, 647, 610, 594, 571, 546, 539, 518, 500, 470, 453, 433, 403, 386, 387, 353, 341, 342, 318, 297, 267, 244, 232, 216, 182, 166, 137, 119, 99, 73
755, 754, 741, 742, 707, 681, 650, 647, 610, 594, 571, 546, 539, 518, 500, 470, 453, 433, 403, 386, 387, 353, 341, 342, 318, 297, 267, 244, 232, 216, 182, 166, 137, 119, 99, 74
755, 754, 741, 742, 707, 681, 650, 647, 610, 594, 571, 546, 539, 518, 500, 470, 453, 433, 403, 386, 354, 340, 315, 301, 262, 242, 230, 214, 183, 167, 135, 120, 97, 75
755, 754, 741, 742, 707, 681, 650, 647, 610, 594, 571, 546, 539, 518, 500, 470, 453, 433, 403, 386, 354, 340, 315, 301, 262, 242, 230, 214, 183, 168, 134, 122, 96, 77, 76
755, 754, 741, 742, 707, 681, 650, 647, 610, 594, 571, 546, 539, 518, 500, 470, 453, 433, 403, 386, 354, 340, 315, 301, 262, 242, 230, 214, 183, 168, 134, 122, 96, 77
755, 754, 741, 742, 707, 681, 650, 647, 610, 594, 571, 546, 539, 518, 500, 470, 453, 433, 403, 386, 354, 340, 315, 301, 262, 242, 230, 214, 183, 168, 134, 122, 96, 78
755, 754, 741, 742, 707, 681, 650, 647, 610, 594, 571, 546, 539, 518, 500, 470, 453, 433, 403, 386, 354, 340, 315, 301, 262, 242, 230, 214, 183, 168, 134, 122, 96, 79
755, 739, 710, 685, 653, 644, 625, 598, 567, 551, 535, 513, 482, 475, 457, 437, 398, 382, 358, 334, 312, 303, 283, 239, 227, 228, 213, 185, 171, 154, 123, 95, 80
755, 739, 710, 685, 653, 644, 625, 598, 567, 551, 535, 513, 482, 475, 457, 437, 398, 382, 358, 334, 312, 303, 283, 239, 227, 228, 213, 185, 171, 154, 123, 95, 81
755, 739, 710, 685, 653, 644, 625, 598, 567, 551, 535, 513, 482, 475, 457, 437, 398, 381, 359, 333, 310, 305, 281, 260, 225, 210, 211, 186, 172, 153, 125, 93, 82
755, 739, 710, 685, 653, 644, 625, 598, 567, 551, 535, 513, 482, 475, 457, 437, 398, 381, 359, 333, 310, 305, 281, 260, 225, 209, 188, 173, 152, 126, 92, 83
755, 739, 710, 685, 653, 644, 625, 598, 567, 551, 535, 513, 482, 475, 457, 437, 398, 381, 359, 333, 310, 305, 281, 260, 225, 209, 188, 173, 151, 127, 90, 84
755, 739, 710, 685, 653, 644, 625, 598, 567, 551, 535, 513, 482, 475, 457, 437, 398, 381, 359, 333, 310, 306, 280, 257, 223, 207, 190, 155, 148, 129, 111, 85
755, 739, 710, 685, 653, 644, 625, 598, 567, 551, 535, 513, 482, 475, 457, 437, 398, 381, 359, 333, 310, 306, 280, 257, 223, 207, 190, 155, 148, 129, 111, 86
755, 739, 710, 686, 687, 655, 643, 624, 600, 585, 554, 533, 510, 483, 476, 440, 417, 395, 378, 361, 331, 308, 285, 279, 256, 222, 206, 191, 156, 147, 131, 109, 87
755, 739, 710, 686, 687, 655, 643, 624, 600, 585, 554, 533, 510, 483, 476, 440, 417, 395, 378, 361, 331, 308, 285, 279, 256, 222, 206, 191, 156, 147, 131, 109, 87, 88
755, 739, 710, 686, 687, 655, 643, 624, 600, 585, 554, 533, 510, 483, 476, 440, 417, 395, 378, 361, 331, 308, 285, 278, 255, 254, 220, 202, 194, 159, 145, 112, 107, 89
755, 739, 710, 685, 653, 644, 625, 598, 567, 551, 535, 513, 482, 475, 457, 437, 398, 381, 359, 333, 310, 305, 281, 260, 225, 209, 188, 173, 151, 127, 90
755, 739, 710, 685, 653, 644, 625, 598, 567, 551, 535, 513, 482, 475, 457, 437, 398, 381, 359, 333, 310, 305, 281, 260, 225, 209, 188, 173, 151, 127, 91
755, 739, 710, 685, 653, 644, 625, 598, 567, 551, 535, 513, 482, 475, 457, 437, 398, 381, 359, 333, 310, 305, 281, 260, 225, 209, 188, 173, 152, 126, 92
755, 739, 710, 685, 653, 644, 625, 598, 567, 551, 535, 513, 482, 475, 457, 437, 398, 381, 359, 333, 310, 305, 281, 260, 225, 210, 211, 186, 172, 153, 125, 93
755, 739, 710, 685, 653, 644, 625, 598, 567, 551, 535, 513, 482, 475, 457, 437, 398, 382, 358, 334, 312, 303, 283, 239, 227, 228, 213, 185, 171, 154, 123, 94
755, 739, 710, 685, 653, 644, 625, 598, 567, 551, 535, 513, 482, 475, 457, 437, 398, 382, 358, 334, 312, 303, 283, 239, 227, 228, 213, 185, 171, 154, 123, 95
755, 754, 741, 742, 707, 681, 650, 647, 610, 594, 571, 546, 539, 518, 500, 470, 453, 433, 403, 386, 354, 340, 315, 301, 262, 242, 230, 214, 183, 168, 134, 122, 96
755, 754, 741, 742, 707, 681, 650, 647, 610, 594, 571, 546, 539, 518, 500, 470, 453, 433, 403, 386, 354, 340, 315, 301, 262, 242, 230, 214, 183, 167, 135, 120, 97
755, 754, 741, 742, 707, 681, 650, 647, 610, 594, 571, 546, 539, 518, 500, 470, 453, 433, 403, 386, 354, 340, 315, 301, 262, 242, 230, 214, 183, 167, 135, 120, 97, 98
755, 754, 741, 742, 707, 681, 650, 647, 610, 594, 571, 546, 539, 518, 500, 470, 453, 433, 403, 386, 387, 353, 341, 342, 318, 297, 267, 244, 232, 216, 182, 166, 137, 119, 99
