777, 750, 720, 704, 676, 669, 629, 611, 592, 572, 544, 540, 520, 499, 470, 453, 433, 403, 386, 354, 340, 315, 301, 262, 242, 230, 214, 183, 167, 135, 120, 97, 75, 67, 39, 0
777, 750, 720, 704, 676, 669, 629, 611, 592, 572, 544, 540, 520, 499, 470, 453, 433, 403, 386, 354, 340, 315, 301, 262, 242, 230, 214, 183, 167, 135, 120, 97, 75, 67, 40, 1
777, 750, 720, 704, 676, 669, 629, 611, 592, 572, 544, 540, 520, 499, 470, 453, 433, 403, 386, 387, 353, 341, 342, 318, 297, 267, 244, 232, 216, 182, 166, 137, 119, 99, 74, 65, 41, 2
777, 750, 720, 704, 676, 669, 629, 611, 592, 572, 544, 540, 520, 499, 470, 453, 433, 403, 386, 387, 353, 341, 342, 318, 297, 267, 244, 232, 216, 182, 166, 137, 119, 99, 74, 65, 41, 3
777, 750, 720, 704, 676, 669, 629, 611, 592, 572, 544, 540, 520, 499, 470, 453, 433, 403, 386, 387, 353, 341, 342, 318, 297, 267, 244, 232, 216, 182, 166, 137, 119, 99, 74, 65, 41, 4
777, 750, 720, 704, 676, 669, 629, 611, 592, 572, 544, 540, 520, 499, 498, 469, 451, 450, 428, 406, 391, 371, 343, 321, 295, 269, 247, 234, 196, 179, 164, 140, 118, 101, 71, 62, 43, 5
777, 750, 720, 704, 676, 669, 629, 611, 592, 572, 544, 540, 520, 499, 498, 469, 451, 450, 428, 406, 391, 371, 343, 321, 295, 269, 247, 234, 196, 179, 164, 140, 118, 101, 71, 62, 45, 6
777, 796, 831, 852, 873, 897, 907, 923, 952, 971, 997, 1021, 1036, 1054, 1089, 1105, 1123, 1152, 1158, 1188, 1211, 1212, 1228, 1253, 1269, 1295, 1302, 1328, 1347, 1371, 1383, 1405, 1429, 1454, 1479, 1498, 1513, 1537, 7
777, 796, 831, 852, 873, 897, 907, 923, 952, 971, 997, 1021, 1036, 1054, 1089, 1105, 1123, 1152, 1158, 1188, 1211, 1212, 1228, 1253, 1269, 1295, 1302, 1328, 1347, 1371, 1383, 1405, 1429, 1454, 1479, 1498, 1513, 1538, 8
777, 796, 831, 852, 873, 897, 907, 923, 952, 971, 997, 1021, 1036, 1054, 1089, 1105, 1123, 1152, 1158, 1188, 1211, 1212, 1228, 1253, 1269, 1295, 1302, 1328, 1347, 1371, 1383, 1405, 1429, 1454, 1481, 1497, 1532, 1539, 9
777, 796, 831, 852, 873, 897, 907, 923, 952, 971, 997, 1021, 1036, 1054, 1089, 1105, 1123, 1152, 1158, 1188, 1211, 1212, 1228, 1253, 1269, 1295, 1302, 1328, 1347, 1371, 1383, 1405, 1429, 1454, 1481, 1497, 1532, 1539, 10
777, 750, 721, 706, 678, 649, 628, 610, 594, 571, 547, 538, 516, 515, 502, 472, 456, 436, 398, 381, 359, 333, 310, 306, 280, 257, 223, 207, 190, 155, 148, 129, 111, 86, 87, 56, 27, 11
777, 750, 721, 706, 678, 649, 628, 610, 594, 571, 547, 538, 516, 515, 502, 472, 456, 436, 398, 381, 359, 333, 310, 306, 280, 257, 223, 207, 190, 155, 148, 129, 111, 85, 55, 28, 12
777, 750, 721, 706, 678, 649, 628, 610, 594, 571, 547, 538, 516, 515, 502, 472, 456, 436, 398, 381, 359, 333, 310, 306, 280, 257, 223, 207, 190, 155, 148, 129, 111, 85, 54, 29, 13
777, 750, 721, 706, 678, 649, 628, 610, 594, 571, 547, 538, 516, 515, 502, 472, 456, 436, 398, 381, 359, 333, 310, 305, 281, 260, 225, 209, 188, 173, 151, 127, 90, 84, 52, 30, 14
777, 750, 721, 706, 678, 649, 628, 610, 594, 571, 547, 538, 516, 515, 502, 472, 456, 436, 398, 381, 359, 333, 310, 305, 281, 260, 225, 209, 188, 173, 151, 127, 90, 84, 52, 31, 15
777, 750, 721, 706, 678, 649, 628, 610, 594, 571, 547, 538, 516, 515, 502, 472, 456, 436, 398, 381, 359, 333, 310, 305, 281, 260, 225, 209, 188, 173, 152, 126, 92, 83, 51, 33, 16
777, 750, 720, 704, 676, 669, 629, 611, 592, 572, 544, 540, 520, 499, 470, 453, 433, 403, 386, 354, 340, 315, 301, 264, 241, 229, 213, 185, 171, 154, 123, 94, 82, 49, 36, 18, 17
777, 750, 720, 704, 676, 669, 629, 611, 592, 572, 544, 540, 520, 499, 470, 453, 433, 403, 386, 354, 340, 315, 301, 264, 241, 229, 213, 185, 171, 154, 123, 94, 82, 49, 36, 18
777, 750, 720, 704, 676, 669, 629, 611, 592, 572, 544, 540, 520, 499, 470, 453, 433, 403, 386, 354, 340, 315, 301, 264, 241, 229, 213, 185, 171, 154, 123, 94, 82, 49, 36, 19
777, 750, 720, 704, 676, 669, 629, 611, 592, 572, 544, 540, 520, 499, 470, 453, 433, 403, 386, 354, 340, 315, 301, 262, 242, 230, 214, 183, 168, 134, 122, 96, 78, 46, 38, 20
777, 796, 831, 852, 873, 897, 907, 923, 952, 971, 997, 1021, 1036, 1054, 1089, 1105, 1123, 1152, 1158, 1188, 1211, 1212, 1228, 1253, 1269, 1295, 1302, 1328, 1347, 1371, 1383, 1405, 1429, 1454, 1479, 1498, 1513, 1537, 7, 21
777, 796, 831, 852, 873, 897, 907, 923, 952, 971, 997, 1021, 1036, 1054, 1089, 1105, 1123, 1152, 1158, 1188, 1211, 1212, 1228, 1253, 1269, 1295, 1302, 1328, 1347, 1371, 1383, 1405, 1429, 1454, 1479, 1498, 1513, 1537, 7, 22
777, 796, 831, 852, 873, 897, 907, 923, 952, 971, 997, 1021, 1036, 1054, 1089, 1105, 1123, 1152, 1158, 1188, 1211, 1212, 1228, 1253, 1269, 1295, 1302, 1328, 1347, 1371, 1383, 1405, 1429, 1454, 1479, 1498, 1513, 1537, 7, 23
777, 796, 831, 852, 873, 897, 907, 923, 952, 971, 997, 1021, 1036, 1054, 1089, 1105, 1123, 1152, 1158, 1188, 1211, 1212, 1228, 1253, 1269, 1295, 1302, 1328, 1347, 1371, 1383, 1405, 1429, 1454, 1479, 1498, 1513, 1538, 8, 24
777, 750, 721, 706, 678, 649, 628, 610, 594, 571, 547, 538, 516, 515, 502, 472, 456, 436, 398, 381, 359, 333, 310, 306, 280, 257, 223, 207, 190, 155, 148, 130, 110, 109, 108, 89, 59, 25
777, 750, 721, 706, 678, 649, 628, 610, 594, 571, 547, 538, 516, 515, 502, 472, 456, 436, 398, 381, 359, 333, 310, 306, 280, 257, 223, 207, 190, 155, 148, 129, 111, 86, 87, 56, 27, 26
777, 750, 721, 706, 678, 649, 628, 610, 594, 571, 547, 538, 516, 515, 502, 472, 456, 436, 398, 381, 359, 333, 310, 306, 280, 257, 223, 207, 190, 155, 148, 129, 111, 86, 87, 56, 27
777, 750, 721, 706, 678, 649, 628, 610, 594, 571, 547, 538, 516, 515, 502, 472, 456, 436, 398, 381, 359, 333, 310, 306, 280, 257, 223, 207, 190, 155, 148, 129, 111, 85, 55, 28
777, 750, 721, 706, 678, 649, 628, 610, 594, 571, 547, 538, 516, 515, 502, 472, 456, 436, 398, 381, 359, 333, 310, 306, 280, 257, 223, 207, 190, 155, 148, 129, 111, 85, 54, 29
777, 750, 721, 706, 678, 649, 628, 610, 594, 571, 547, 538, 516, 515, 502, 472, 456, 436, 398, 381, 359, 333, 310, 305, 281, 260, 225, 209, 188, 173, 151, 127, 90, 84, 52, 30
777, 750, 721, 706, 678, 649, 628, 610, 594, 571, 547, 538, 516, 515, 502, 472, 456, 436, 398, 381, 359, 333, 310, 305, 281, 260, 225, 209, 188, 173, 151, 127, 90, 84, 52, 31
777, 750, 721, 706, 678, 649, 628, 610, 594, 571, 547, 538, 516, 515, 502, 472, 456, 436, 398, 381, 359, 333, 310, 305, 281, 260, 225, 209, 188, 173, 152, 126, 92, 83, 51, 32
777, 750, 721, 706, 678, 649, 628, 610, 594, 571, 547, 538, 516, 515, 502, 472, 456, 436, 398, 381, 359, 333, 310, 305, 281, 260, 225, 209, 188, 173, 152, 126, 92, 83, 51, 33
777, 750, 721, 706, 678, 649, 628, 610, 594, 571, 547, 538, 516, 515, 502, 472, 456, 436, 398, 381, 359, 333, 310, 305, 281, 260, 225, 209, 188, 173, 152, 126, 92, 83, 51, 33, 34
777, 750, 720, 704, 676, 669, 629, 611, 592, 572, 544, 540, 520, 499, 470, 453, 433, 403, 386, 354, 340, 315, 301, 264, 241, 229, 213, 185, 171, 154, 123, 94, 82, 49, 35
777, 750, 720, 704, 676, 669, 629, 611, 592, 572, 544, 540, 520, 499, 470, 453, 433, 403, 386, 354, 340, 315, 301, 264, 241, 229, 213, 185, 171, 154, 123, 94, 82, 49, 36
777, 750, 720, 704, 676, 669, 629, 611, 592, 572, 544, 540, 520, 499, 470, 453, 433, 403, 386, 354, 340, 315, 301, 264, 241, 229, 213, 185, 171, 154, 123, 94, 82, 49, 36, 37
777, 750, 720, 704, 676, 669, 629, 611, 592, 572, 544, 540, 520, 499, 470, 453, 433, 403, 386, 354, 340, 315, 301, 262, 242, 230, 214, 183, 168, 134, 122, 96, 78, 46, 38
777, 750, 720, 704, 676, 669, 629, 611, 592, 572, 544, 540, 520, 499, 470, 453, 433, 403, 386, 354, 340, 315, 301, 262, 242, 230, 214, 183, 167, 135, 120, 97, 75, 67, 39
777, 750, 720, 704, 676, 669, 629, 611, 592, 572, 544, 540, 520, 499, 470, 453, 433, 403, 386, 354, 340, 315, 301, 262, 242, 230, 214, 183, 167, 135, 120, 97, 75, 67, 40
777, 750, 720, 704, 676, 669, 629, 611, 592, 572, 544, 540, 520, 499, 470, 453, 433, 403, 386, 387, 353, 341, 342, 318, 297, 267, 244, 232, 216, 182, 166, 137, 119, 99, 74, 65, 41
777, 750, 720, 704, 676, 669, 629, 611, 592, 572, 544, 540, 520, 499, 498, 469, 451, 450, 428, 406, 391, 371, 343, 321, 295, 269, 247, 234, 196, 179, 164, 140, 118, 101, 72, 63, 42
777, 750, 720, 704, 676, 669, 629, 611, 592, 572, 544, 540, 520, 499, 498, 469, 451, 450, 428, 406, 391, 371, 343, 321, 295, 269, 247, 234, 196, 179, 164, 140, 118, 101, 71, 62, 43
777, 750, 720, 704, 676, 669, 629, 611, 592, 572, 544, 540, 520, 499, 498, 469, 451, 450, 428, 406, 391, 371, 343, 321, 295, 269, 247, 234, 196, 179, 164, 140, 118, 101, 71, 62, 44
777, 750, 720, 704, 676, 669, 629, 611, 592, 572, 544, 540, 520, 499, 498, 469, 451, 450, 428, 406, 391, 371, 343, 321, 295, 269, 247, 234, 196, 179, 164, 140, 118, 101, 71, 62, 45
777, 750, 720, 704, 676, 669, 629, 611, 592, 572, 544, 540, 520, 499, 470, 453, 433, 403, 386, 354, 340, 315, 301, 262, 242, 230, 214, 183, 168, 134, 122, 96, 78, 46
777, 750, 720, 704, 676, 669, 629, 611, 592, 572, 544, 540, 520, 499, 470, 453, 433, 403, 386, 354, 340, 315, 301, 262, 242, 230, 214, 183, 168, 134, 122, 96, 79, 80, 47
777, 750, 720, 704, 676, 669, 629, 611, 592, 572, 544, 540, 520, 499, 470, 453, 433, 403, 386, 354, 340, 315, 301, 264, 241, 229, 213, 185, 171, 154, 123, 94, 82, 49, 48
777, 750, 720, 704, 676, 669, 629, 611, 592, 572, 544, 540, 520, 499, 470, 453, 433, 403, 386, 354, 340, 315, 301, 264, 241, 229, 213, 185, 171, 154, 123, 94, 82, 49
777, 750, 721, 706, 678, 649, 628, 610, 594, 571, 547, 538, 516, 515, 502, 472, 456, 436, 398, 381, 359, 333, 310, 305, 281, 260, 225, 209, 188, 173, 152, 126, 92, 83, 50
777, 750, 721, 706, 678, 649, 628, 610, 594, 571, 547, 538, 516, 515, 502, 472, 456, 436, 398, 381, 359, 333, 310, 305, 281, 260, 225, 209, 188, 173, 152, 126, 92, 83, 51
777, 750, 721, 706, 678, 649, 628, 610, 594, 571, 547, 538, 516, 515, 502, 472, 456, 436, 398, 381, 359, 333, 310, 305, 281, 260, 225, 209, 188, 173, 151, 127, 90, 84, 52
777, 750, 721, 706, 678, 649, 628, 610, 594, 571, 547, 538, 516, 515, 502, 472, 456, 436, 398, 381, 359, 333, 310, 305, 281, 260, 225, 209, 188, 173, 151, 127, 90, 84, 53
777, 750, 721, 706, 678, 649, 628, 610, 594, 571, 547, 538, 516, 515, 502, 472, 456, 436, 398, 381, 359, 333, 310, 306, 280, 257, 223, 207, 190, 155, 148, 129, 111, 85, 54
777, 750, 721, 706, 678, 649, 628, 610, 594, 571, 547, 538, 516, 515, 502, 472, 456, 436, 398, 381, 359, 333, 310, 306, 280, 257, 223, 207, 190, 155, 148, 129, 111, 85, 55
777, 750, 721, 706, 678, 649, 628, 610, 594, 571, 547, 538, 516, 515, 502, 472, 456, 436, 398, 381, 359, 333, 310, 306, 280, 257, 223, 207, 190, 155, 148, 129, 111, 86, 87, 56
777, 750, 721, 706, 678, 649, 628, 610, 594, 571, 547, 538, 516, 515, 502, 472, 456, 436, 398, 381, 359, 333, 310, 306, 280, 257, 223, 207, 190, 155, 148, 129, 111, 86, 87, 56, 57
777, 750, 721, 706, 678, 649, 628, 610, 594, 571, 547, 538, 516, 515, 502, 472, 456, 436, 398, 381, 359, 333, 310, 306, 280, 257, 223, 207, 190, 155, 148, 129, 111, 86, 87, 56, 57, 58
777, 750, 721, 706, 678, 649, 628, 610, 594, 571, 547, 538, 516, 515, 502, 472, 456, 436, 398, 381, 359, 333, 310, 306, 280, 257, 223, 207, 190, 155, 148, 130, 110, 109, 108, 89, 59
777, 796, 831, 852, 873, 897, 907, 923, 952, 971, 997, 1021, 1036, 1054, 1089, 1105, 1123, 1152, 1158, 1188, 1211, 1212, 1228, 1253, 1269, 1295, 1302, 1328, 1347, 1371, 1383, 1405, 1429, 1454, 1479, 1498, 1513, 1537, 7, 21, 60
777, 796, 831, 852, 873, 897, 907, 923, 952, 971, 997, 1021, 1036, 1054, 1089, 1105, 1123, 1152, 1158, 1188, 1211, 1212, 1228, 1253, 1269, 1295, 1302, 1328, 1347, 1371, 1383, 1405, 1429, 1454, 1479, 1498, 1513, 1537, 7, 21, 61
777, 750, 720, 704, 676, 669, 629, 611, 592, 572, 544, 540, 520, 499, 498, 469, 451, 450, 428, 406, 391, 371, 343, 321, 295, 269, 247, 234, 196, 179, 164, 140, 118, 101, 71, 62
777, 750, 720, 704, 676, 669, 629, 611, 592, 572, 544, 540, 520, 499, 498, 469, 451, 450, 428, 406, 391, 371, 343, 321, 295, 269, 247, 234, 196, 179, 164, 140, 118, 101, 72, 63
777, 750, 720, 704, 676, 669, 629, 611, 592, 572, 544, 540, 520, 499, 498, 469, 451, 450, 428, 406, 391, 371, 343, 321, 295, 269, 247, 234, 196, 179, 164, 140, 118, 101, 72, 64
777, 750, 720, 704, 676, 669, 629, 611, 592, 572, 544, 540, 520, 499, 470, 453, 433, 403, 386, 387, 353, 341, 342, 318, 297, 267, 244, 232, 216, 182, 166, 137, 119, 99, 74, 65
777, 750, 720, 704, 676, 669, 629, 611, 592, 572, 544, 540, 520, 499, 470, 453, 433, 403, 386, 354, 340, 315, 301, 262, 242, 230, 214, 183, 167, 135, 120, 97, 75, 67, 66
777, 750, 720, 704, 676, 669, 629, 611, 592, 572, 544, 540, 520, 499, 470, 453, 433, 403, 386, 354, 340, 315, 301, 262, 242, 230, 214, 183, 167, 135, 120, 97, 75, 67
777, 796, 831, 852, 873, 897, 907, 923, 952, 971, 997, 1021, 1036, 1054, 1089, 1105, 1123, 1152, 1158, 1188, 1211, 1212, 1228, 1253, 1269, 1295, 1302, 1328, 1347, 1371, 1383, 1405, 1429, 1454, 1479, 1498, 1513, 1537, 7, 21, 60, 68
777, 796, 831, 852, 873, 897, 907, 923, 952, 971, 997, 1021, 1036, 1054, 1089, 1105, 1123, 1152, 1158, 1188, 1211, 1212, 1228, 1253, 1269, 1295, 1302, 1328, 1347, 1371, 1383, 1405, 1429, 1454, 1479, 1498, 1513, 1537, 7, 21, 61, 69
777, 750, 720, 704, 676, 669, 629, 611, 592, 572, 544, 540, 520, 499, 498, 469, 451, 450, 428, 406, 391, 371, 343, 321, 295, 269, 247, 234, 196, 179, 164, 140, 118, 101, 70
777, 750, 720, 704, 676, 669, 629, 611, 592, 572, 544, 540, 520, 499, 498, 469, 451, 450, 428, 406, 391, 371, 343, 321, 295, 269, 247, 234, 196, 179, 164, 140, 118, 101, 71
777, 750, 720, 704, 676, 669, 629, 611, 592, 572, 544, 540, 520, 499, 498, 469, 451, 450, 428, 406, 391, 371, 343, 321, 295, 269, 247, 234, 196, 179, 164, 140, 118, 101, 72
777, 750, 720, 704, 676, 669, 629, 611, 592, 572, 544, 540, 520, 499, 470, 453, 433, 403, 386, 387, 353, 341, 342, 318, 297, 267, 244, 232, 216, 182, 166, 137, 119, 99, 73
777, 750, 720, 704, 676, 669, 629, 611, 592, 572, 544, 540, 520, 499, 470, 453, 433, 403, 386, 387, 353, 341, 342, 318, 297, 267, 244, 232, 216, 182, 166, 137, 119, 99, 74
777, 750, 720, 704, 676, 669, 629, 611, 592, 572, 544, 540, 520, 499, 470, 453, 433, 403, 386, 354, 340, 315, 301, 262, 242, 230, 214, 183, 167, 135, 120, 97, 75
777, 750, 720, 704, 676, 669, 629, 611, 592, 572, 544, 540, 520, 499, 470, 453, 433, 403, 386, 354, 340, 315, 301, 262, 242, 230, 214, 183, 168, 134, 122, 96, 77, 76
777, 750, 720, 704, 676, 669, 629, 611, 592, 572, 544, 540, 520, 499, 470, 453, 433, 403, 386, 354, 340, 315, 301, 262, 242, 230, 214, 183, 168, 134, 122, 96, 77
777, 750, 720, 704, 676, 669, 629, 611, 592, 572, 544, 540, 520, 499, 470, 453, 433, 403, 386, 354, 340, 315, 301, 262, 242, 230, 214, 183, 168, 134, 122, 96, 78
777, 750, 720, 704, 676, 669, 629, 611, 592, 572, 544, 540, 520, 499, 470, 453, 433, 403, 386, 354, 340, 315, 301, 262, 242, 230, 214, 183, 168, 134, 122, 96, 79
777, 750, 720, 704, 676, 669, 629, 611, 592, 572, 544, 540, 520, 499, 470, 453, 433, 403, 386, 354, 340, 315, 301, 262, 242, 230, 214, 183, 168, 134, 122, 96, 79, 80
777, 750, 720, 704, 676, 669, 629, 611, 592, 572, 544, 540, 520, 499, 470, 453, 433, 403, 386, 354, 340, 315, 301, 262, 242, 230, 214, 183, 168, 134, 122, 96, 95, 81
777, 750, 720, 704, 676, 669, 629, 611, 592, 572, 544, 540, 520, 499, 470, 453, 433, 403, 386, 354, 340, 315, 301, 264, 241, 229, 213, 185, 171, 154, 123, 94, 82
777, 750, 721, 706, 678, 649, 628, 610, 594, 571, 547, 538, 516, 515, 502, 472, 456, 436, 398, 381, 359, 333, 310, 305, 281, 260, 225, 209, 188, 173, 152, 126, 92, 83
777, 750, 721, 706, 678, 649, 628, 610, 594, 571, 547, 538, 516, 515, 502, 472, 456, 436, 398, 381, 359, 333, 310, 305, 281, 260, 225, 209, 188, 173, 151, 127, 90, 84
777, 750, 721, 706, 678, 649, 628, 610, 594, 571, 547, 538, 516, 515, 502, 472, 456, 436, 398, 381, 359, 333, 310, 306, 280, 257, 223, 207, 190, 155, 148, 129, 111, 85
777, 750, 721, 706, 678, 649, 628, 610, 594, 571, 547, 538, 516, 515, 502, 472, 456, 436, 398, 381, 359, 333, 310, 306, 280, 257, 223, 207, 190, 155, 148, 129, 111, 86
777, 750, 721, 706, 678, 649, 628, 610, 594, 571, 547, 538, 516, 515, 502, 472, 456, 436, 398, 381, 359, 333, 310, 306, 280, 257, 223, 207, 190, 155, 148, 129, 111, 86, 87
777, 750, 721, 706, 678, 649, 628, 610, 594, 571, 547, 538, 516, 515, 502, 472, 456, 436, 398, 381, 359, 333, 310, 306, 280, 257, 223, 207, 190, 155, 148, 129, 111, 86, 87, 88
777, 750, 721, 706, 678, 649, 628, 610, 594, 571, 547, 538, 516, 515, 502, 472, 456, 436, 398, 381, 359, 333, 310, 306, 280, 257, 223, 207, 190, 155, 148, 130, 110, 109, 108, 89
777, 750, 721, 706, 678, 649, 628, 610, 594, 571, 547, 538, 516, 515, 502, 472, 456, 436, 398, 381, 359, 333, 310, 305, 281, 260, 225, 209, 188, 173, 151, 127, 90
777, 750, 721, 706, 678, 649, 628, 610, 594, 571, 547, 538, 516, 515, 502, 472, 456, 436, 398, 381, 359, 333, 310, 305, 281, 260, 225, 209, 188, 173, 151, 127, 91
777, 750, 721, 706, 678, 649, 628, 610, 594, 571, 547, 538, 516, 515, 502, 472, 456, 436, 398, 381, 359, 333, 310, 305, 281, 260, 225, 209, 188, 173, 152, 126, 92
777, 750, 720, 704, 676, 669, 629, 611, 592, 572, 544, 540, 520, 499, 470, 453, 433, 403, 386, 354, 340, 315, 301, 264, 241, 229, 213, 185, 172, 153, 125, 93
777, 750, 720, 704, 676, 669, 629, 611, 592, 572, 544, 540, 520, 499, 470, 453, 433, 403, 386, 354, 340, 315, 301, 264, 241, 229, 213, 185, 171, 154, 123, 94
777, 750, 720, 704, 676, 669, 629, 611, 592, 572, 544, 540, 520, 499, 470, 453, 433, 403, 386, 354, 340, 315, 301, 262, 242, 230, 214, 183, 168, 134, 122, 96, 95
777, 750, 720, 704, 676, 669, 629, 611, 592, 572, 544, 540, 520, 499, 470, 453, 433, 403, 386, 354, 340, 315, 301, 262, 242, 230, 214, 183, 168, 134, 122, 96
777, 750, 720, 704, 676, 669, 629, 611, 592, 572, 544, 540, 520, 499, 470, 453, 433, 403, 386, 354, 340, 315, 301, 262, 242, 230, 214, 183, 167, 135, 120, 97
777, 750, 720, 704, 676, 669, 629, 611, 592, 572, 544, 540, 520, 499, 470, 453, 433, 403, 386, 354, 340, 315, 301, 262, 242, 230, 214, 183, 167, 135, 120, 97, 98
777, 750, 720, 704, 676, 669, 629, 611, 592, 572, 544, 540, 520, 499, 470, 453, 433, 403, 386, 387, 353, 341, 342, 318, 297, 267, 244, 232, 216, 182, 166, 137, 119, 99
