884, 917, 934, 962, 980, 1005, 1010, 1047, 1066, 1079, 1096, 1135, 1142, 1171, 1197, 1220, 1221, 1239, 1275, 1289, 1317, 1335, 1354, 1378, 1391, 1392, 1418, 1441, 1447, 1473, 1505, 1520, 1552, 0
884, 917, 934, 962, 980, 1005, 1010, 1047, 1066, 1079, 1096, 1135, 1142, 1171, 1197, 1220, 1221, 1239, 1275, 1289, 1317, 1335, 1354, 1378, 1391, 1392, 1418, 1441, 1447, 1473, 1505, 1520, 1553, 1
884, 917, 934, 962, 980, 1005, 1010, 1047, 1066, 1079, 1097, 1134, 1140, 1174, 1195, 1218, 1223, 1258, 1273, 1292, 1320, 1331, 1351, 1375, 1388, 1423, 1424, 1450, 1477, 1502, 1518, 1534, 1533, 2
884, 917, 934, 962, 980, 1005, 1010, 1047, 1066, 1079, 1097, 1134, 1140, 1174, 1195, 1218, 1223, 1258, 1273, 1292, 1320, 1331, 1351, 1375, 1388, 1423, 1424, 1450, 1477, 1502, 1518, 1534, 4, 3
884, 917, 934, 962, 980, 1005, 1010, 1047, 1066, 1079, 1097, 1134, 1140, 1174, 1195, 1218, 1223, 1258, 1273, 1292, 1320, 1331, 1351, 1375, 1388, 1423, 1424, 1450, 1477, 1502, 1518, 1534, 4
884, 917, 934, 962, 980, 1005, 1010, 1047, 1066, 1079, 1097, 1134, 1140, 1174, 1195, 1218, 1223, 1258, 1273, 1292, 1320, 1331, 1351, 1375, 1388, 1423, 1425, 1451, 1478, 1501, 1516, 1535, 5
884, 917, 934, 962, 980, 1005, 1010, 1047, 1066, 1079, 1097, 1134, 1140, 1174, 1195, 1218, 1223, 1258, 1273, 1292, 1320, 1331, 1351, 1375, 1388, 1423, 1425, 1451, 1478, 1501, 1515, 1536, 6
884, 917, 934, 962, 980, 1005, 1010, 1047, 1066, 1079, 1097, 1134, 1140, 1174, 1195, 1218, 1223, 1258, 1273, 1292, 1320, 1331, 1351, 1375, 1388, 1423, 1425, 1451, 1478, 1500, 1514, 1513, 1537, 7
884, 917, 934, 962, 980, 1005, 1010, 1047, 1066, 1079, 1097, 1134, 1140, 1174, 1195, 1218, 1223, 1258, 1273, 1292, 1320, 1331, 1351, 1375, 1388, 1423, 1425, 1451, 1478, 1500, 1514, 1513, 1538, 8
884, 917, 934, 962, 980, 1005, 1010, 1047, 1067, 1080, 1098, 1133, 1139, 1175, 1193, 1217, 1224, 1255, 1271, 1294, 1301, 1329, 1348, 1372, 1385, 1405, 1429, 1454, 1481, 1497, 1532, 1539, 9
884, 917, 934, 962, 980, 1005, 1010, 1047, 1067, 1080, 1098, 1133, 1139, 1175, 1193, 1217, 1224, 1255, 1271, 1294, 1301, 1329, 1348, 1372, 1385, 1405, 1429, 1454, 1481, 1497, 1532, 1539, 10
884, 917, 934, 962, 980, 1005, 1010, 1047, 1067, 1080, 1098, 1133, 1139, 1175, 1193, 1217, 1224, 1255, 1271, 1294, 1301, 1329, 1348, 1372, 1385, 1405, 1429, 1455, 1456, 1483, 1495, 1531, 1540, 11
884, 917, 934, 962, 980, 1005, 1010, 1047, 1067, 1080, 1098, 1133, 1139, 1175, 1193, 1217, 1224, 1255, 1271, 1294, 1301, 1329, 1348, 1372, 1385, 1405, 1429, 1455, 1456, 1484, 1494, 1530, 1542, 12
884, 863, 837, 819, 805, 770, 760, 735, 712, 688, 656, 642, 623, 602, 601, 585, 554, 533, 510, 483, 476, 458, 438, 397, 380, 360, 333, 310, 306, 280, 257, 223, 207, 190, 155, 148, 129, 111, 85, 54, 29, 13
884, 863, 837, 819, 805, 770, 760, 735, 712, 688, 656, 642, 623, 602, 601, 585, 554, 533, 510, 483, 476, 458, 438, 397, 380, 360, 333, 310, 305, 281, 260, 225, 209, 188, 173, 151, 127, 90, 84, 52, 30, 14
884, 863, 837, 819, 805, 770, 760, 735, 712, 688, 656, 642, 623, 602, 601, 585, 554, 533, 510, 483, 476, 458, 438, 397, 380, 360, 333, 310, 305, 281, 260, 225, 209, 188, 173, 151, 127, 90, 84, 52, 31, 15
884, 863, 837, 819, 805, 770, 760, 735, 712, 688, 656, 642, 623, 602, 601, 585, 554, 533, 510, 483, 476, 458, 438, 397, 380, 360, 333, 310, 305, 281, 260, 225, 209, 188, 173, 152, 126, 92, 83, 51, 33, 16
884, 917, 934, 962, 980, 1005, 1010, 1047, 1066, 1079, 1096, 1135, 1142, 1171, 1197, 1220, 1222, 1240, 1241, 1278, 1287, 1286, 1314, 1338, 1357, 1382, 1393, 1417, 1440, 1465, 1469, 1508, 1523, 1549, 17
884, 917, 934, 962, 980, 1005, 1010, 1047, 1066, 1079, 1096, 1135, 1142, 1171, 1197, 1220, 1222, 1240, 1241, 1278, 1287, 1286, 1314, 1338, 1357, 1382, 1393, 1417, 1440, 1465, 1469, 1508, 1523, 1549, 18
884, 917, 934, 962, 980, 1005, 1010, 1047, 1066, 1079, 1096, 1135, 1142, 1171, 1197, 1220, 1222, 1240, 1241, 1278, 1287, 1286, 1314, 1338, 1357, 1382, 1393, 1417, 1440, 1465, 1469, 1508, 1523, 1549, 19
884, 917, 934, 962, 980, 1005, 1010, 1047, 1066, 1079, 1096, 1135, 1142, 1171, 1197, 1220, 1221, 1239, 1275, 1289, 1317, 1335, 1354, 1378, 1391, 1392, 1418, 1441, 1445, 1472, 1507, 1522, 1550, 20
884, 917, 934, 962, 980, 1005, 1010, 1047, 1066, 1079, 1097, 1134, 1140, 1174, 1195, 1218, 1223, 1258, 1273, 1292, 1320, 1331, 1351, 1375, 1388, 1423, 1425, 1451, 1478, 1500, 1514, 1513, 1537, 7, 21
884, 917, 934, 962, 980, 1005, 1010, 1047, 1066, 1079, 1097, 1134, 1140, 1174, 1195, 1218, 1223, 1258, 1273, 1292, 1320, 1331, 1351, 1375, 1388, 1423, 1425, 1451, 1478, 1500, 1514, 1513, 1537, 7, 22
884, 917, 934, 962, 980, 1005, 1010, 1047, 1066, 1079, 1097, 1134, 1140, 1174, 1195, 1218, 1223, 1258, 1273, 1292, 1320, 1331, 1351, 1375, 1388, 1423, 1425, 1451, 1478, 1500, 1514, 1513, 1537, 7, 23
884, 917, 934, 962, 980, 1005, 1010, 1047, 1066, 1079, 1097, 1134, 1140, 1174, 1195, 1218, 1223, 1258, 1273, 1292, 1320, 1331, 1351, 1375, 1388, 1423, 1425, 1451, 1478, 1500, 1514, 1513, 1538, 8, 24
884, 917, 934, 962, 980, 1005, 1010, 1047, 1067, 1080, 1098, 1133, 1139, 1175, 1193, 1217, 1224, 1255, 1271, 1294, 1301, 1329, 1348, 1372, 1385, 1405, 1429, 1454, 1481, 1497, 1532, 1539, 10, 25
884, 863, 837, 819, 805, 770, 760, 735, 713, 689, 657, 640, 622, 604, 582, 556, 531, 509, 488, 479, 442, 420, 415, 375, 364, 351, 327, 288, 275, 253, 220, 202, 194, 159, 145, 112, 107, 89, 57, 26
884, 917, 934, 962, 980, 1005, 1010, 1047, 1067, 1080, 1098, 1133, 1139, 1175, 1193, 1217, 1224, 1255, 1271, 1294, 1301, 1329, 1348, 1372, 1385, 1405, 1429, 1455, 1456, 1483, 1495, 1531, 1540, 11, 27
884, 917, 934, 962, 980, 1005, 1010, 1047, 1067, 1080, 1098, 1133, 1139, 1175, 1193, 1217, 1224, 1255, 1271, 1294, 1301, 1329, 1348, 1372, 1385, 1405, 1429, 1455, 1456, 1484, 1494, 1530, 1542, 12, 28
884, 863, 837, 819, 805, 770, 760, 735, 712, 688, 656, 642, 623, 602, 601, 585, 554, 533, 510, 483, 476, 458, 438, 397, 380, 360, 333, 310, 306, 280, 257, 223, 207, 190, 155, 148, 129, 111, 85, 54, 29
884, 863, 837, 819, 805, 770, 760, 735, 712, 688, 656, 642, 623, 602, 601, 585, 554, 533, 510, 483, 476, 458, 438, 397, 380, 360, 333, 310, 305, 281, 260, 225, 209, 188, 173, 151, 127, 90, 84, 52, 30
884, 863, 837, 819, 805, 770, 760, 735, 712, 688, 656, 642, 623, 602, 601, 585, 554, 533, 510, 483, 476, 458, 438, 397, 380, 360, 333, 310, 305, 281, 260, 225, 209, 188, 173, 151, 127, 90, 84, 52, 31
884, 863, 837, 819, 805, 770, 760, 735, 712, 688, 656, 642, 623, 602, 601, 585, 554, 533, 510, 483, 476, 458, 438, 397, 380, 360, 333, 310, 305, 281, 260, 225, 209, 188, 173, 152, 126, 92, 83, 51, 32
884, 863, 837, 819, 805, 770, 760, 735, 712, 688, 656, 642, 623, 602, 601, 585, 554, 533, 510, 483, 476, 458, 438, 397, 380, 360, 333, 310, 305, 281, 260, 225, 209, 188, 173, 152, 126, 92, 83, 51, 33
884, 863, 837, 819, 805, 770, 760, 735, 712, 688, 656, 642, 623, 602, 601, 585, 554, 533, 510, 483, 476, 458, 438, 397, 380, 360, 333, 310, 305, 281, 260, 225, 209, 188, 173, 152, 126, 92, 83, 51, 33, 34
884, 863, 837, 819, 805, 770, 760, 735, 712, 688, 656, 642, 623, 602, 601, 585, 554, 533, 510, 483, 476, 458, 438, 397, 380, 360, 333, 310, 305, 281, 260, 225, 209, 188, 173, 152, 126, 92, 83, 51, 33, 34, 35
884, 917, 934, 962, 980, 1005, 1010, 1047, 1066, 1079, 1096, 1135, 1142, 1171, 1197, 1220, 1222, 1240, 1241, 1278, 1287, 1286, 1314, 1338, 1357, 1382, 1393, 1417, 1440, 1465, 1469, 1508, 1523, 1549, 18, 36
884, 917, 934, 962, 980, 1005, 1010, 1047, 1066, 1079, 1096, 1135, 1142, 1171, 1197, 1220, 1222, 1240, 1241, 1278, 1287, 1286, 1314, 1338, 1357, 1382, 1393, 1417, 1440, 1465, 1469, 1508, 1523, 1549, 19, 37
884, 917, 934, 962, 980, 1005, 1010, 1047, 1066, 1079, 1096, 1135, 1142, 1171, 1197, 1220, 1221, 1239, 1275, 1289, 1317, 1335, 1354, 1378, 1391, 1392, 1418, 1441, 1445, 1472, 1507, 1522, 1550, 20, 38
884, 917, 934, 962, 980, 1005, 1010, 1047, 1066, 1079, 1096, 1135, 1142, 1171, 1197, 1220, 1221, 1239, 1275, 1289, 1317, 1335, 1354, 1378, 1391, 1392, 1418, 1441, 1447, 1473, 1505, 1520, 1552, 0, 39
884, 917, 934, 962, 980, 1005, 1010, 1047, 1066, 1079, 1096, 1135, 1142, 1171, 1197, 1220, 1221, 1239, 1275, 1289, 1317, 1335, 1354, 1378, 1391, 1392, 1418, 1441, 1447, 1473, 1505, 1520, 1553, 1, 40
884, 917, 934, 962, 980, 1005, 1010, 1047, 1066, 1079, 1097, 1134, 1140, 1174, 1195, 1218, 1223, 1258, 1273, 1292, 1320, 1331, 1351, 1375, 1388, 1423, 1424, 1450, 1477, 1502, 1518, 1534, 4, 41
884, 917, 934, 962, 980, 1005, 1010, 1047, 1066, 1079, 1097, 1134, 1140, 1174, 1195, 1218, 1223, 1258, 1273, 1292, 1320, 1331, 1351, 1375, 1388, 1423, 1425, 1451, 1478, 1501, 1516, 1535, 5, 42
884, 917, 934, 962, 980, 1005, 1010, 1047, 1066, 1079, 1097, 1134, 1140, 1174, 1195, 1218, 1223, 1258, 1273, 1292, 1320, 1331, 1351, 1375, 1388, 1423, 1425, 1451, 1478, 1501, 1516, 1535, 5, 43
884, 917, 934, 962, 980, 1005, 1010, 1047, 1066, 1079, 1097, 1134, 1140, 1174, 1195, 1218, 1223, 1258, 1273, 1292, 1320, 1331, 1351, 1375, 1388, 1423, 1425, 1451, 1478, 1501, 1515, 1536, 6, 44
884, 917, 934, 962, 980, 1005, 1010, 1047, 1066, 1079, 1097, 1134, 1140, 1174, 1195, 1218, 1223, 1258, 1273, 1292, 1320, 1331, 1351, 1375, 1388, 1423, 1425, 1451, 1478, 1501, 1515, 1536, 6, 45
884, 917, 934, 962, 980, 1005, 1010, 1047, 1066, 1079, 1096, 1135, 1142, 1171, 1197, 1220, 1221, 1239, 1275, 1289, 1317, 1335, 1354, 1378, 1391, 1392, 1418, 1441, 1445, 1472, 1507, 1522, 1550, 20, 38, 46
884, 917, 934, 962, 980, 1005, 1010, 1047, 1066, 1079, 1096, 1135, 1142, 1171, 1197, 1220, 1222, 1240, 1241, 1278, 1287, 1286, 1314, 1338, 1357, 1382, 1393, 1417, 1440, 1465, 1469, 1508, 1523, 1549, 19, 37, 47
884, 917, 934, 962, 980, 1005, 1010, 1047, 1066, 1079, 1096, 1135, 1142, 1171, 1197, 1220, 1222, 1240, 1241, 1278, 1287, 1286, 1314, 1338, 1357, 1382, 1393, 1417, 1440, 1465, 1469, 1508, 1523, 1549, 18, 36, 48
884, 917, 934, 962, 980, 1005, 1010, 1047, 1066, 1079, 1096, 1135, 1142, 1171, 1197, 1220, 1222, 1240, 1241, 1278, 1287, 1286, 1314, 1338, 1357, 1382, 1393, 1417, 1440, 1465, 1469, 1508, 1523, 1549, 18, 36, 49
884, 863, 837, 819, 805, 770, 760, 735, 712, 688, 656, 642, 623, 602, 601, 585, 554, 533, 510, 483, 476, 458, 438, 397, 380, 360, 333, 310, 305, 281, 260, 225, 209, 188, 173, 152, 126, 92, 83, 50
884, 863, 837, 819, 805, 770, 760, 735, 712, 688, 656, 642, 623, 602, 601, 585, 554, 533, 510, 483, 476, 458, 438, 397, 380, 360, 333, 310, 305, 281, 260, 225, 209, 188, 173, 152, 126, 92, 83, 51
884, 863, 837, 819, 805, 770, 760, 735, 712, 688, 656, 642, 623, 602, 601, 585, 554, 533, 510, 483, 476, 458, 438, 397, 380, 360, 333, 310, 305, 281, 260, 225, 209, 188, 173, 151, 127, 90, 84, 52
884, 863, 837, 819, 805, 770, 760, 735, 712, 688, 656, 642, 623, 602, 601, 585, 554, 533, 510, 483, 476, 458, 438, 397, 380, 360, 333, 310, 305, 281, 260, 225, 209, 188, 173, 151, 127, 90, 84, 53
884, 863, 837, 819, 805, 770, 760, 735, 712, 688, 656, 642, 623, 602, 601, 585, 554, 533, 510, 483, 476, 458, 438, 397, 380, 360, 333, 310, 306, 280, 257, 223, 207, 190, 155, 148, 129, 111, 85, 54
884, 863, 837, 819, 805, 770, 760, 735, 712, 688, 656, 642, 623, 602, 601, 585, 554, 533, 510, 483, 476, 458, 438, 397, 380, 360, 333, 310, 306, 280, 257, 223, 207, 190, 155, 148, 129, 111, 85, 55
884, 863, 837, 819, 805, 770, 760, 735, 712, 688, 656, 642, 623, 602, 601, 585, 554, 533, 510, 483, 476, 440, 417, 395, 378, 361, 331, 308, 285, 279, 256, 222, 206, 191, 156, 147, 131, 109, 87, 56
884, 863, 837, 819, 805, 770, 760, 735, 713, 689, 657, 640, 622, 604, 582, 556, 531, 509, 488, 479, 442, 420, 415, 375, 364, 351, 327, 288, 275, 253, 220, 202, 194, 159, 145, 112, 107, 89, 57
884, 863, 837, 819, 805, 770, 760, 735, 713, 689, 657, 640, 622, 604, 582, 556, 531, 509, 488, 479, 442, 420, 415, 375, 364, 351, 327, 288, 275, 253, 220, 202, 194, 159, 145, 112, 107, 89, 58
884, 917, 934, 962, 980, 1005, 1010, 1047, 1067, 1080, 1098, 1133, 1139, 1175, 1193, 1217, 1224, 1255, 1271, 1294, 1301, 1329, 1348, 1372, 1385, 1405, 1429, 1454, 1481, 1497, 1532, 1539, 10, 25, 59
884, 917, 934, 962, 980, 1005, 1010, 1047, 1066, 1079, 1097, 1134, 1140, 1174, 1195, 1218, 1223, 1258, 1273, 1292, 1320, 1331, 1351, 1375, 1388, 1423, 1425, 1451, 1478, 1500, 1514, 1513, 1537, 7, 21, 60
884, 917, 934, 962, 980, 1005, 1010, 1047, 1066, 1079, 1097, 1134, 1140, 1174, 1195, 1218, 1223, 1258, 1273, 1292, 1320, 1331, 1351, 1375, 1388, 1423, 1425, 1451, 1478, 1500, 1514, 1513, 1537, 7, 21, 61
884, 917, 934, 962, 980, 1005, 1010, 1047, 1066, 1079, 1097, 1134, 1140, 1174, 1195, 1218, 1223, 1258, 1273, 1292, 1320, 1331, 1351, 1375, 1388, 1423, 1425, 1451, 1478, 1501, 1515, 1536, 6, 45, 62
884, 917, 934, 962, 980, 1005, 1010, 1047, 1066, 1079, 1097, 1134, 1140, 1174, 1195, 1218, 1223, 1258, 1273, 1292, 1320, 1331, 1351, 1375, 1388, 1423, 1425, 1451, 1478, 1501, 1516, 1535, 5, 42, 63
884, 917, 934, 962, 980, 1005, 1010, 1047, 1066, 1079, 1097, 1134, 1140, 1174, 1195, 1218, 1223, 1258, 1273, 1292, 1320, 1331, 1351, 1375, 1388, 1423, 1425, 1451, 1478, 1501, 1516, 1535, 5, 42, 64
884, 917, 934, 962, 980, 1005, 1010, 1047, 1066, 1079, 1097, 1134, 1140, 1174, 1195, 1218, 1223, 1258, 1273, 1292, 1320, 1331, 1351, 1375, 1388, 1423, 1424, 1450, 1477, 1502, 1518, 1534, 4, 41, 65
884, 917, 934, 962, 980, 1005, 1010, 1047, 1066, 1079, 1097, 1134, 1140, 1174, 1195, 1218, 1223, 1258, 1273, 1292, 1320, 1331, 1351, 1375, 1388, 1423, 1424, 1450, 1477, 1502, 1518, 1534, 4, 41, 65, 66
884, 917, 934, 962, 980, 1005, 1010, 1047, 1066, 1079, 1096, 1135, 1142, 1171, 1197, 1220, 1221, 1239, 1275, 1289, 1317, 1335, 1354, 1378, 1391, 1392, 1418, 1441, 1447, 1473, 1505, 1520, 1553, 1, 40, 67
884, 917, 934, 962, 980, 1005, 1010, 1047, 1066, 1079, 1097, 1134, 1140, 1174, 1195, 1218, 1223, 1258, 1273, 1292, 1320, 1331, 1351, 1375, 1388, 1423, 1425, 1451, 1478, 1500, 1514, 1513, 1537, 7, 21, 60, 68
884, 917, 934, 962, 980, 1005, 1010, 1047, 1066, 1079, 1097, 1134, 1140, 1174, 1195, 1218, 1223, 1258, 1273, 1292, 1320, 1331, 1351, 1375, 1388, 1423, 1425, 1451, 1478, 1500, 1514, 1513, 1537, 7, 21, 61, 69
884, 917, 934, 962, 980, 1005, 1010, 1047, 1066, 1079, 1097, 1134, 1140, 1174, 1195, 1218, 1223, 1258, 1273, 1292, 1320, 1331, 1351, 1375, 1388, 1423, 1425, 1451, 1478, 1501, 1515, 1536, 6, 45, 62, 70
884, 917, 934, 962, 980, 1005, 1010, 1047, 1066, 1079, 1097, 1134, 1140, 1174, 1195, 1218, 1223, 1258, 1273, 1292, 1320, 1331, 1351, 1375, 1388, 1423, 1425, 1451, 1478, 1501, 1515, 1536, 6, 45, 62, 71
884, 917, 934, 962, 980, 1005, 1010, 1047, 1066, 1079, 1097, 1134, 1140, 1174, 1195, 1218, 1223, 1258, 1273, 1292, 1320, 1331, 1351, 1375, 1388, 1423, 1425, 1451, 1478, 1501, 1516, 1535, 5, 42, 63, 72
884, 917, 934, 962, 980, 1005, 1010, 1047, 1066, 1079, 1097, 1134, 1140, 1174, 1195, 1218, 1223, 1258, 1273, 1292, 1320, 1331, 1351, 1375, 1388, 1423, 1424, 1450, 1477, 1502, 1518, 1534, 4, 41, 65, 73
884, 917, 934, 962, 980, 1005, 1010, 1047, 1066, 1079, 1097, 1134, 1140, 1174, 1195, 1218, 1223, 1258, 1273, 1292, 1320, 1331, 1351, 1375, 1388, 1423, 1424, 1450, 1477, 1502, 1518, 1534, 4, 41, 65, 74
884, 917, 934, 962, 980, 1005, 1010, 1047, 1066, 1079, 1096, 1135, 1142, 1171, 1197, 1220, 1221, 1239, 1275, 1289, 1317, 1335, 1354, 1378, 1391, 1392, 1418, 1441, 1447, 1473, 1505, 1520, 1553, 1, 40, 67, 75
884, 917, 934, 962, 980, 1005, 1010, 1047, 1066, 1079, 1096, 1135, 1142, 1171, 1197, 1220, 1221, 1239, 1275, 1289, 1317, 1335, 1354, 1378, 1391, 1392, 1418, 1441, 1447, 1473, 1505, 1520, 1553, 1, 40, 67, 76
884, 917, 934, 962, 980, 1005, 1010, 1047, 1066, 1079, 1096, 1135, 1142, 1171, 1197, 1220, 1221, 1239, 1275, 1289, 1317, 1335, 1354, 1378, 1391, 1392, 1418, 1441, 1445, 1472, 1507, 1522, 1550, 20, 38, 46, 77
884, 917, 934, 962, 980, 1005, 1010, 1047, 1066, 1079, 1096, 1135, 1142, 1171, 1197, 1220, 1221, 1239, 1275, 1289, 1317, 1335, 1354, 1378, 1391, 1392, 1418, 1441, 1445, 1472, 1507, 1522, 1550, 20, 38, 46, 78
884, 917, 934, 962, 980, 1005, 1010, 1047, 1066, 1079, 1096, 1135, 1142, 1171, 1197, 1220, 1221, 1239, 1275, 1289, 1317, 1335, 1354, 1378, 1391, 1392, 1418, 1441, 1445, 1472, 1507, 1522, 1550, 20, 38, 46, 79
884, 917, 934, 962, 980, 1005, 1010, 1047, 1066, 1079, 1096, 1135, 1142, 1171, 1197, 1220, 1222, 1240, 1241, 1278, 1287, 1286, 1314, 1338, 1357, 1382, 1393, 1417, 1440, 1465, 1469, 1508, 1523, 1549, 19, 37, 47, 80
884, 917, 934, 962, 980, 1005, 1010, 1047, 1066, 1079, 1096, 1135, 1142, 1171, 1197, 1220, 1222, 1240, 1241, 1278, 1287, 1286, 1314, 1338, 1357, 1382, 1393, 1417, 1440, 1465, 1469, 1508, 1523, 1549, 18, 36, 48, 81
884, 863, 837, 819, 805, 770, 760, 735, 712, 688, 656, 642, 623, 602, 601, 585, 554, 533, 510, 483, 476, 458, 438, 397, 380, 360, 333, 310, 305, 281, 260, 225, 210, 211, 186, 172, 153, 125, 93, 82
884, 863, 837, 819, 805, 770, 760, 735, 712, 688, 656, 642, 623, 602, 601, 585, 554, 533, 510, 483, 476, 458, 438, 397, 380, 360, 333, 310, 305, 281, 260, 225, 209, 188, 173, 152, 126, 92, 83
884, 863, 837, 819, 805, 770, 760, 735, 712, 688, 656, 642, 623, 602, 601, 585, 554, 533, 510, 483, 476, 458, 438, 397, 380, 360, 333, 310, 305, 281, 260, 225, 209, 188, 173, 151, 127, 90, 84
884, 863, 837, 819, 805, 770, 760, 735, 712, 688, 656, 642, 623, 602, 601, 585, 554, 533, 510, 483, 476, 458, 438, 397, 380, 360, 333, 310, 306, 280, 257, 223, 207, 190, 155, 148, 129, 111, 85
884, 863, 837, 819, 805, 770, 760, 735, 712, 688, 656, 642, 623, 602, 601, 585, 554, 533, 510, 483, 476, 458, 438, 397, 380, 360, 333, 310, 306, 280, 257, 223, 207, 190, 155, 148, 129, 111, 86
884, 863, 837, 819, 805, 770, 760, 735, 712, 688, 656, 642, 623, 602, 601, 585, 554, 533, 510, 483, 476, 440, 417, 395, 378, 361, 331, 308, 285, 279, 256, 222, 206, 191, 156, 147, 131, 109, 87
884, 863, 837, 819, 805, 770, 760, 735, 713, 689, 657, 640, 622, 604, 582, 556, 531, 509, 488, 479, 442, 420, 415, 375, 364, 351, 327, 288, 275, 253, 220, 202, 194, 159, 145, 132, 108, 88
884, 863, 837, 819, 805, 770, 760, 735, 713, 689, 657, 640, 622, 604, 582, 556, 531, 509, 488, 479, 442, 420, 415, 375, 364, 351, 327, 288, 275, 253, 220, 202, 194, 159, 145, 112, 107, 89
884, 863, 837, 819, 805, 770, 760, 735, 712, 688, 656, 642, 623, 602, 601, 585, 554, 533, 510, 483, 476, 458, 438, 397, 380, 360, 333, 310, 305, 281, 260, 225, 209, 188, 173, 151, 127, 90
884, 863, 837, 819, 805, 770, 760, 735, 712, 688, 656, 642, 623, 602, 601, 585, 554, 533, 510, 483, 476, 458, 438, 397, 380, 360, 333, 310, 305, 281, 260, 225, 209, 188, 173, 151, 127, 91
884, 863, 837, 819, 805, 770, 760, 735, 712, 688, 656, 642, 623, 602, 601, 585, 554, 533, 510, 483, 476, 458, 438, 397, 380, 360, 333, 310, 305, 281, 260, 225, 209, 188, 173, 152, 126, 92
884, 863, 837, 819, 805, 770, 760, 735, 712, 688, 656, 642, 623, 602, 601, 585, 554, 533, 510, 483, 476, 458, 438, 397, 380, 360, 333, 310, 305, 281, 260, 225, 210, 211, 186, 172, 153, 125, 93
884, 863, 837, 819, 805, 770, 760, 735, 712, 688, 656, 642, 623, 602, 601, 585, 554, 533, 510, 483, 476, 458, 438, 397, 380, 360, 333, 310, 305, 281, 260, 225, 210, 211, 186, 172, 153, 125, 124, 94
884, 863, 837, 819, 805, 770, 760, 735, 712, 688, 656, 642, 623, 602, 601, 585, 554, 533, 510, 483, 476, 458, 438, 397, 380, 360, 333, 310, 305, 281, 260, 225, 210, 211, 186, 172, 153, 125, 124, 123, 95
884, 917, 934, 962, 980, 1005, 1010, 1047, 1066, 1079, 1096, 1135, 1142, 1171, 1197, 1220, 1221, 1239, 1275, 1289, 1317, 1335, 1354, 1378, 1391, 1392, 1418, 1441, 1445, 1472, 1507, 1522, 1550, 20, 38, 46, 78, 96
884, 917, 934, 962, 980, 1005, 1010, 1047, 1066, 1079, 1097, 1134, 1140, 1174, 1195, 1218, 1223, 1258, 1273, 1292, 1320, 1331, 1351, 1375, 1388, 1423, 1424, 1450, 1477, 1502, 1518, 1534, 4, 41, 65, 74, 98, 97
884, 917, 934, 962, 980, 1005, 1010, 1047, 1066, 1079, 1097, 1134, 1140, 1174, 1195, 1218, 1223, 1258, 1273, 1292, 1320, 1331, 1351, 1375, 1388, 1423, 1424, 1450, 1477, 1502, 1518, 1534, 4, 41, 65, 74, 98
884, 917, 934, 962, 980, 1005, 1010, 1047, 1066, 1079, 1097, 1134, 1140, 1174, 1195, 1218, 1223, 1258, 1273, 1292, 1320, 1331, 1351, 1375, 1388, 1423, 1424, 1450, 1477, 1502, 1518, 1534, 4, 41, 65, 74, 99
