1013, 1043, 1061, 1075, 1113, 1115, 1143, 1169, 1198, 1201, 1238, 1241, 1277, 1288, 1315, 1337, 1355, 1380, 1392, 1418, 1441, 1446, 1472, 1506, 1521, 1520, 1552, 0
1013, 1043, 1061, 1075, 1113, 1115, 1143, 1169, 1198, 1201, 1238, 1241, 1277, 1288, 1315, 1337, 1355, 1380, 1392, 1418, 1441, 1446, 1472, 1506, 1521, 1520, 1553, 1
1013, 1043, 1061, 1075, 1113, 1115, 1143, 1169, 1198, 1201, 1238, 1241, 1277, 1288, 1315, 1337, 1355, 1379, 1391, 1419, 1442, 1448, 1474, 1504, 1519, 1533, 2
1013, 1043, 1061, 1075, 1113, 1115, 1143, 1169, 1198, 1201, 1238, 1241, 1277, 1288, 1315, 1337, 1355, 1379, 1391, 1419, 1442, 1448, 1474, 1504, 1519, 1533, 3
1013, 1044, 1062, 1076, 1114, 1136, 1142, 1172, 1197, 1220, 1221, 1239, 1275, 1289, 1317, 1335, 1354, 1377, 1390, 1421, 1443, 1449, 1475, 1502, 1518, 1534, 4
1013, 1044, 1062, 1076, 1114, 1136, 1142, 1172, 1197, 1220, 1221, 1239, 1275, 1289, 1317, 1335, 1354, 1377, 1390, 1421, 1443, 1449, 1475, 1502, 1517, 1535, 5
1013, 1044, 1062, 1076, 1114, 1136, 1142, 1172, 1197, 1220, 1221, 1239, 1275, 1289, 1317, 1335, 1354, 1377, 1390, 1421, 1443, 1449, 1475, 1502, 1517, 1535, 5, 6
1013, 1044, 1062, 1076, 1114, 1136, 1142, 1172, 1197, 1220, 1221, 1239, 1274, 1290, 1318, 1332, 1352, 1376, 1388, 1423, 1425, 1451, 1478, 1500, 1499, 1512, 1537, 7
1013, 1044, 1062, 1076, 1114, 1136, 1142, 1172, 1197, 1220, 1221, 1239, 1274, 1290, 1318, 1332, 1352, 1376, 1388, 1423, 1425, 1451, 1478, 1500, 1514, 1513, 1538, 8
1013, 1044, 1062, 1076, 1114, 1136, 1142, 1172, 1197, 1220, 1221, 1239, 1274, 1290, 1318, 1332, 1352, 1376, 1388, 1423, 1425, 1451, 1478, 1500, 1514, 1513, 1538, 8, 9
1013, 1044, 1062, 1076, 1114, 1136, 1142, 1172, 1197, 1220, 1221, 1239, 1274, 1290, 1318, 1332, 1352, 1376, 1388, 1423, 1425, 1451, 1478, 1500, 1514, 1513, 1538, 1539, 10
1013, 1044, 1045, 1064, 1078, 1095, 1135, 1141, 1173, 1196, 1219, 1218, 1223, 1258, 1273, 1292, 1320, 1331, 1351, 1350, 1349, 1348, 1372, 1385, 1405, 1429, 1455, 1482, 1495, 1531, 1540, 11
1013, 1044, 1045, 1064, 1078, 1095, 1135, 1141, 1173, 1196, 1219, 1218, 1217, 1224, 1255, 1271, 1294, 1301, 1329, 1328, 1347, 1371, 1384, 1406, 1430, 1456, 1484, 1494, 1530, 1542, 12
1013, 1044, 1045, 1064, 1078, 1095, 1135, 1141, 1173, 1196, 1219, 1218, 1217, 1224, 1255, 1271, 1294, 1301, 1329, 1328, 1347, 1371, 1384, 1406, 1430, 1456, 1484, 1494, 1530, 1542, 12, 13
1013, 1043, 1061, 1060, 1059, 1070, 1094, 1108, 1121, 1122, 1151, 1163, 1186, 1208, 1232, 1248, 1264, 1279, 1306, 1323, 1344, 1368, 1401, 1408, 1433, 1458, 1487, 1492, 1528, 1544, 14
1013, 1043, 1061, 1060, 1059, 1070, 1094, 1108, 1121, 1122, 1151, 1163, 1186, 1208, 1232, 1248, 1264, 1279, 1306, 1323, 1343, 1366, 1399, 1409, 1434, 1459, 1488, 1491, 1527, 1545, 15
1013, 1043, 1061, 1075, 1113, 1115, 1143, 1169, 1198, 1201, 1238, 1241, 1277, 1288, 1315, 1337, 1355, 1380, 1392, 1418, 1441, 1446, 1472, 1506, 1521, 1551, 1550, 1549, 17, 16
1013, 1043, 1061, 1075, 1113, 1115, 1143, 1169, 1198, 1201, 1238, 1241, 1277, 1288, 1315, 1337, 1355, 1380, 1392, 1418, 1441, 1446, 1472, 1506, 1521, 1551, 1550, 1549, 17
1013, 1043, 1061, 1075, 1113, 1115, 1143, 1169, 1198, 1201, 1238, 1241, 1277, 1288, 1315, 1337, 1355, 1380, 1392, 1418, 1441, 1446, 1472, 1506, 1521, 1551, 1550, 1549, 18
1013, 1043, 1061, 1075, 1113, 1115, 1143, 1169, 1198, 1201, 1238, 1241, 1277, 1288, 1315, 1337, 1355, 1380, 1392, 1418, 1441, 1446, 1472, 1506, 1521, 1551, 1550, 1549, 19
1013, 1043, 1061, 1075, 1113, 1115, 1143, 1169, 1198, 1201, 1238, 1241, 1277, 1288, 1315, 1337, 1355, 1380, 1392, 1418, 1441, 1446, 1472, 1506, 1521, 1551, 1550, 20
1013, 1044, 1062, 1076, 1114, 1136, 1142, 1172, 1197, 1220, 1221, 1239, 1274, 1290, 1318, 1332, 1352, 1376, 1388, 1423, 1425, 1451, 1478, 1500, 1499, 1512, 1537, 7, 21
1013, 1044, 1062, 1076, 1114, 1136, 1142, 1172, 1197, 1220, 1221, 1239, 1274, 1290, 1318, 1332, 1352, 1376, 1388, 1423, 1425, 1451, 1478, 1500, 1499, 1512, 1537, 7, 22
1013, 1044, 1062, 1076, 1114, 1136, 1142, 1172, 1197, 1220, 1221, 1239, 1274, 1290, 1318, 1332, 1352, 1376, 1388, 1423, 1425, 1451, 1478, 1500, 1499, 1512, 1537, 7, 23
1013, 1044, 1062, 1076, 1114, 1136, 1142, 1172, 1197, 1220, 1221, 1239, 1274, 1290, 1318, 1332, 1352, 1376, 1388, 1423, 1425, 1451, 1478, 1500, 1514, 1513, 1538, 8, 24
1013, 1044, 1062, 1076, 1114, 1136, 1142, 1172, 1197, 1220, 1221, 1239, 1274, 1290, 1318, 1332, 1352, 1376, 1388, 1423, 1425, 1451, 1478, 1500, 1514, 1513, 1538, 1539, 10, 25
1013, 1044, 1062, 1076, 1114, 1136, 1142, 1172, 1197, 1220, 1221, 1239, 1274, 1290, 1318, 1332, 1352, 1376, 1388, 1423, 1425, 1451, 1478, 1500, 1514, 1513, 1538, 1539, 10, 25, 26
1013, 1044, 1045, 1064, 1078, 1095, 1135, 1141, 1173, 1196, 1219, 1218, 1223, 1258, 1273, 1292, 1320, 1331, 1351, 1350, 1349, 1348, 1372, 1385, 1405, 1429, 1455, 1482, 1495, 1531, 1540, 11, 27
1013, 1044, 1045, 1064, 1078, 1095, 1135, 1141, 1173, 1196, 1219, 1218, 1217, 1224, 1255, 1271, 1294, 1301, 1329, 1328, 1347, 1371, 1384, 1406, 1430, 1456, 1484, 1494, 1530, 1542, 12, 28
1013, 1044, 1045, 1064, 1078, 1095, 1135, 1141, 1173, 1196, 1219, 1218, 1217, 1224, 1255, 1271, 1294, 1301, 1329, 1328, 1347, 1371, 1384, 1406, 1430, 1456, 1484, 1494, 1530, 1542, 12, 28, 29
1013, 1043, 1061, 1060, 1059, 1070, 1094, 1108, 1121, 1122, 1151, 1163, 1186, 1208, 1232, 1248, 1264, 1279, 1306, 1323, 1344, 1368, 1401, 1408, 1433, 1458, 1487, 1492, 1528, 1544, 14, 30
1013, 1043, 1061, 1060, 1059, 1070, 1094, 1108, 1121, 1122, 1151, 1163, 1186, 1208, 1232, 1248, 1264, 1279, 1306, 1323, 1343, 1366, 1399, 1409, 1434, 1459, 1488, 1491, 1527, 1545, 15, 31
1013, 1043, 1061, 1075, 1113, 1115, 1143, 1169, 1198, 1201, 1238, 1241, 1277, 1288, 1315, 1337, 1355, 1380, 1392, 1418, 1441, 1446, 1472, 1506, 1521, 1551, 1550, 1549, 17, 35, 34, 33, 32
1013, 1043, 1061, 1075, 1113, 1115, 1143, 1169, 1198, 1201, 1238, 1241, 1277, 1288, 1315, 1337, 1355, 1380, 1392, 1418, 1441, 1446, 1472, 1506, 1521, 1551, 1550, 1549, 17, 35, 34, 33
1013, 1043, 1061, 1075, 1113, 1115, 1143, 1169, 1198, 1201, 1238, 1241, 1277, 1288, 1315, 1337, 1355, 1380, 1392, 1418, 1441, 1446, 1472, 1506, 1521, 1551, 1550, 1549, 17, 35, 34
1013, 1043, 1061, 1075, 1113, 1115, 1143, 1169, 1198, 1201, 1238, 1241, 1277, 1288, 1315, 1337, 1355, 1380, 1392, 1418, 1441, 1446, 1472, 1506, 1521, 1551, 1550, 1549, 17, 35
1013, 1043, 1061, 1075, 1113, 1115, 1143, 1169, 1198, 1201, 1238, 1241, 1277, 1288, 1315, 1337, 1355, 1380, 1392, 1418, 1441, 1446, 1472, 1506, 1521, 1551, 1550, 1549, 18, 36
1013, 1043, 1061, 1075, 1113, 1115, 1143, 1169, 1198, 1201, 1238, 1241, 1277, 1288, 1315, 1337, 1355, 1380, 1392, 1418, 1441, 1446, 1472, 1506, 1521, 1551, 1550, 1549, 19, 37
1013, 1043, 1061, 1075, 1113, 1115, 1143, 1169, 1198, 1201, 1238, 1241, 1277, 1288, 1315, 1337, 1355, 1380, 1392, 1418, 1441, 1446, 1472, 1506, 1521, 1551, 1550, 20, 38
1013, 1043, 1061, 1075, 1113, 1115, 1143, 1169, 1198, 1201, 1238, 1241, 1277, 1288, 1315, 1337, 1355, 1380, 1392, 1418, 1441, 1446, 1472, 1506, 1521, 1520, 1552, 0, 39
1013, 1043, 1061, 1075, 1113, 1115, 1143, 1169, 1198, 1201, 1238, 1241, 1277, 1288, 1315, 1337, 1355, 1380, 1392, 1418, 1441, 1446, 1472, 1506, 1521, 1520, 1553, 1, 40
1013, 1044, 1062, 1076, 1114, 1136, 1142, 1172, 1197, 1220, 1221, 1239, 1275, 1289, 1317, 1335, 1354, 1377, 1390, 1421, 1443, 1449, 1475, 1502, 1518, 1534, 4, 41
1013, 1044, 1062, 1076, 1114, 1136, 1142, 1172, 1197, 1220, 1221, 1239, 1275, 1289, 1317, 1335, 1354, 1377, 1390, 1421, 1443, 1449, 1475, 1502, 1517, 1535, 5, 42
1013, 1044, 1062, 1076, 1114, 1136, 1142, 1172, 1197, 1220, 1221, 1239, 1275, 1289, 1317, 1335, 1354, 1377, 1390, 1421, 1443, 1449, 1475, 1502, 1517, 1535, 5, 43
1013, 1044, 1062, 1076, 1114, 1136, 1142, 1172, 1197, 1220, 1221, 1239, 1275, 1289, 1317, 1335, 1354, 1377, 1390, 1421, 1443, 1449, 1475, 1502, 1517, 1535, 5, 43, 44
1013, 1044, 1062, 1076, 1114, 1136, 1142, 1172, 1197, 1220, 1221, 1239, 1275, 1289, 1317, 1335, 1354, 1377, 1390, 1421, 1443, 1449, 1475, 1502, 1517, 1535, 5, 6, 45
1013, 1043, 1061, 1075, 1113, 1115, 1143, 1169, 1198, 1201, 1238, 1241, 1277, 1288, 1315, 1337, 1355, 1380, 1392, 1418, 1441, 1446, 1472, 1506, 1521, 1551, 1550, 20, 38, 46
1013, 1043, 1061, 1075, 1113, 1115, 1143, 1169, 1198, 1201, 1238, 1241, 1277, 1288, 1315, 1337, 1355, 1380, 1392, 1418, 1441, 1446, 1472, 1506, 1521, 1551, 1550, 1549, 19, 37, 47
1013, 1043, 1061, 1075, 1113, 1115, 1143, 1169, 1198, 1201, 1238, 1241, 1277, 1288, 1315, 1337, 1355, 1380, 1392, 1418, 1441, 1446, 1472, 1506, 1521, 1551, 1550, 1549, 18, 36, 48
1013, 1043, 1061, 1075, 1113, 1115, 1143, 1169, 1198, 1201, 1238, 1241, 1277, 1288, 1315, 1337, 1355, 1380, 1392, 1418, 1441, 1446, 1472, 1506, 1521, 1551, 1550, 1549, 18, 36, 49
1013, 1043, 1061, 1075, 1113, 1115, 1143, 1169, 1198, 1201, 1238, 1241, 1277, 1288, 1315, 1337, 1355, 1380, 1392, 1418, 1441, 1446, 1472, 1506, 1521, 1551, 1550, 1549, 18, 36, 49, 50
1013, 1043, 1061, 1075, 1113, 1115, 1143, 1169, 1198, 1201, 1238, 1241, 1277, 1288, 1315, 1337, 1355, 1380, 1392, 1418, 1441, 1446, 1472, 1506, 1521, 1551, 1550, 1549, 17, 35, 34, 33, 51
1013, 1043, 1061, 1060, 1059, 1070, 1094, 1108, 1121, 1122, 1151, 1163, 1186, 1208, 1232, 1248, 1264, 1279, 1306, 1323, 1343, 1366, 1399, 1409, 1434, 1459, 1488, 1491, 1527, 1545, 15, 31, 52
1013, 1043, 1061, 1060, 1059, 1070, 1094, 1108, 1121, 1122, 1151, 1163, 1186, 1208, 1232, 1248, 1264, 1279, 1306, 1323, 1344, 1368, 1401, 1408, 1433, 1458, 1487, 1492, 1528, 1544, 14, 30, 53
1013, 1044, 1045, 1064, 1078, 1095, 1135, 1141, 1173, 1196, 1219, 1218, 1217, 1224, 1255, 1271, 1294, 1301, 1329, 1328, 1347, 1371, 1384, 1406, 1430, 1456, 1484, 1494, 1530, 1542, 12, 28, 55, 54
1013, 1044, 1045, 1064, 1078, 1095, 1135, 1141, 1173, 1196, 1219, 1218, 1217, 1224, 1255, 1271, 1294, 1301, 1329, 1328, 1347, 1371, 1384, 1406, 1430, 1456, 1484, 1494, 1530, 1542, 12, 28, 55
1013, 1044, 1045, 1064, 1078, 1095, 1135, 1141, 1173, 1196, 1219, 1218, 1223, 1258, 1273, 1292, 1320, 1331, 1351, 1350, 1349, 1348, 1372, 1385, 1405, 1429, 1455, 1482, 1495, 1531, 1540, 11, 27, 56
1013, 1044, 1062, 1076, 1114, 1136, 1142, 1172, 1197, 1220, 1221, 1239, 1274, 1290, 1318, 1332, 1352, 1376, 1388, 1423, 1425, 1451, 1478, 1500, 1514, 1513, 1538, 1539, 10, 25, 59, 58, 57
1013, 1044, 1062, 1076, 1114, 1136, 1142, 1172, 1197, 1220, 1221, 1239, 1274, 1290, 1318, 1332, 1352, 1376, 1388, 1423, 1425, 1451, 1478, 1500, 1514, 1513, 1538, 1539, 10, 25, 59, 58
1013, 1044, 1062, 1076, 1114, 1136, 1142, 1172, 1197, 1220, 1221, 1239, 1274, 1290, 1318, 1332, 1352, 1376, 1388, 1423, 1425, 1451, 1478, 1500, 1514, 1513, 1538, 1539, 10, 25, 59
1013, 1044, 1062, 1076, 1114, 1136, 1142, 1172, 1197, 1220, 1221, 1239, 1274, 1290, 1318, 1332, 1352, 1376, 1388, 1423, 1425, 1451, 1478, 1500, 1499, 1512, 1537, 7, 23, 60
1013, 1044, 1062, 1076, 1114, 1136, 1142, 1172, 1197, 1220, 1221, 1239, 1274, 1290, 1318, 1332, 1352, 1376, 1388, 1423, 1425, 1451, 1478, 1500, 1499, 1512, 1537, 7, 23, 60, 61
1013, 1044, 1062, 1076, 1114, 1136, 1142, 1172, 1197, 1220, 1221, 1239, 1275, 1289, 1317, 1335, 1354, 1377, 1390, 1421, 1443, 1449, 1475, 1502, 1517, 1535, 5, 43, 62
1013, 1044, 1062, 1076, 1114, 1136, 1142, 1172, 1197, 1220, 1221, 1239, 1275, 1289, 1317, 1335, 1354, 1377, 1390, 1421, 1443, 1449, 1475, 1502, 1517, 1535, 5, 42, 63
1013, 1044, 1062, 1076, 1114, 1136, 1142, 1172, 1197, 1220, 1221, 1239, 1275, 1289, 1317, 1335, 1354, 1377, 1390, 1421, 1443, 1449, 1475, 1502, 1518, 1534, 4, 41, 65, 64
1013, 1044, 1062, 1076, 1114, 1136, 1142, 1172, 1197, 1220, 1221, 1239, 1275, 1289, 1317, 1335, 1354, 1377, 1390, 1421, 1443, 1449, 1475, 1502, 1518, 1534, 4, 41, 65
1013, 1043, 1061, 1075, 1113, 1115, 1143, 1169, 1198, 1201, 1238, 1241, 1277, 1288, 1315, 1337, 1355, 1380, 1392, 1418, 1441, 1446, 1472, 1506, 1521, 1520, 1553, 1, 40, 66
1013, 1043, 1061, 1075, 1113, 1115, 1143, 1169, 1198, 1201, 1238, 1241, 1277, 1288, 1315, 1337, 1355, 1380, 1392, 1418, 1441, 1446, 1472, 1506, 1521, 1520, 1553, 1, 40, 67
1013, 1044, 1062, 1076, 1114, 1136, 1142, 1172, 1197, 1220, 1221, 1239, 1274, 1290, 1318, 1332, 1352, 1376, 1388, 1423, 1425, 1451, 1478, 1500, 1499, 1512, 1537, 7, 23, 60, 68
1013, 1044, 1062, 1076, 1114, 1136, 1142, 1172, 1197, 1220, 1221, 1239, 1274, 1290, 1318, 1332, 1352, 1376, 1388, 1423, 1425, 1451, 1478, 1500, 1499, 1512, 1537, 7, 23, 60, 61, 69
1013, 1044, 1062, 1076, 1114, 1136, 1142, 1172, 1197, 1220, 1221, 1239, 1275, 1289, 1317, 1335, 1354, 1377, 1390, 1421, 1443, 1449, 1475, 1502, 1517, 1535, 5, 43, 62, 70
1013, 1044, 1062, 1076, 1114, 1136, 1142, 1172, 1197, 1220, 1221, 1239, 1275, 1289, 1317, 1335, 1354, 1377, 1390, 1421, 1443, 1449, 1475, 1502, 1517, 1535, 5, 43, 62, 71
1013, 1044, 1062, 1076, 1114, 1136, 1142, 1172, 1197, 1220, 1221, 1239, 1275, 1289, 1317, 1335, 1354, 1377, 1390, 1421, 1443, 1449, 1475, 1502, 1517, 1535, 5, 42, 63, 72
1013, 1044, 1062, 1076, 1114, 1136, 1142, 1172, 1197, 1220, 1221, 1239, 1275, 1289, 1317, 1335, 1354, 1377, 1390, 1421, 1443, 1449, 1475, 1502, 1518, 1534, 4, 41, 65, 73
1013, 1044, 1062, 1076, 1114, 1136, 1142, 1172, 1197, 1220, 1221, 1239, 1275, 1289, 1317, 1335, 1354, 1377, 1390, 1421, 1443, 1449, 1475, 1502, 1518, 1534, 4, 41, 65, 74
1013, 1043, 1061, 1075, 1113, 1115, 1143, 1169, 1198, 1201, 1238, 1241, 1277, 1288, 1315, 1337, 1355, 1380, 1392, 1418, 1441, 1446, 1472, 1506, 1521, 1520, 1553, 1, 40, 67, 75
1013, 1043, 1061, 1075, 1113, 1115, 1143, 1169, 1198, 1201, 1238, 1241, 1277, 1288, 1315, 1337, 1355, 1380, 1392, 1418, 1441, 1446, 1472, 1506, 1521, 1520, 1553, 1, 40, 67, 76
1013, 1043, 1061, 1075, 1113, 1115, 1143, 1169, 1198, 1201, 1238, 1241, 1277, 1288, 1315, 1337, 1355, 1380, 1392, 1418, 1441, 1446, 1472, 1506, 1521, 1551, 1550, 20, 38, 46, 77
1013, 1043, 1061, 1075, 1113, 1115, 1143, 1169, 1198, 1201, 1238, 1241, 1277, 1288, 1315, 1337, 1355, 1380, 1392, 1418, 1441, 1446, 1472, 1506, 1521, 1551, 1550, 20, 38, 46, 78
1013, 1043, 1061, 1075, 1113, 1115, 1143, 1169, 1198, 1201, 1238, 1241, 1277, 1288, 1315, 1337, 1355, 1380, 1392, 1418, 1441, 1446, 1472, 1506, 1521, 1551, 1550, 20, 38, 46, 79
1013, 1043, 1061, 1075, 1113, 1115, 1143, 1169, 1198, 1201, 1238, 1241, 1277, 1288, 1315, 1337, 1355, 1380, 1392, 1418, 1441, 1446, 1472, 1506, 1521, 1551, 1550, 20, 38, 46, 79, 80
1013, 1043, 1061, 1075, 1113, 1115, 1143, 1169, 1198, 1201, 1238, 1241, 1277, 1288, 1315, 1337, 1355, 1380, 1392, 1418, 1441, 1446, 1472, 1506, 1521, 1551, 1550, 1549, 19, 37, 47, 81
1013, 1043, 1061, 1075, 1113, 1115, 1143, 1169, 1198, 1201, 1238, 1241, 1277, 1288, 1315, 1337, 1355, 1380, 1392, 1418, 1441, 1446, 1472, 1506, 1521, 1551, 1550, 1549, 18, 36, 49, 82
1013, 1043, 1061, 1075, 1113, 1115, 1143, 1169, 1198, 1201, 1238, 1241, 1277, 1288, 1315, 1337, 1355, 1380, 1392, 1418, 1441, 1446, 1472, 1506, 1521, 1551, 1550, 1549, 17, 35, 34, 33, 51, 83
1013, 1043, 1061, 1075, 1113, 1115, 1143, 1169, 1198, 1201, 1238, 1241, 1277, 1288, 1315, 1337, 1355, 1380, 1392, 1418, 1441, 1446, 1472, 1506, 1521, 1551, 1550, 1549, 17, 35, 34, 33, 51, 83, 84
1013, 1044, 1045, 1064, 1078, 1095, 1135, 1141, 1173, 1196, 1219, 1218, 1217, 1224, 1255, 1271, 1294, 1301, 1329, 1328, 1347, 1371, 1384, 1406, 1430, 1456, 1484, 1494, 1530, 1542, 12, 28, 55, 85
1013, 1044, 1045, 1064, 1078, 1095, 1135, 1141, 1173, 1196, 1219, 1218, 1223, 1258, 1273, 1292, 1320, 1331, 1351, 1350, 1349, 1348, 1372, 1385, 1405, 1429, 1455, 1482, 1495, 1531, 1540, 11, 27, 56, 87, 86
1013, 1044, 1045, 1064, 1078, 1095, 1135, 1141, 1173, 1196, 1219, 1218, 1223, 1258, 1273, 1292, 1320, 1331, 1351, 1350, 1349, 1348, 1372, 1385, 1405, 1429, 1455, 1482, 1495, 1531, 1540, 11, 27, 56, 87
1013, 1044, 1045, 1064, 1078, 1095, 1135, 1141, 1173, 1196, 1219, 1218, 1223, 1258, 1273, 1292, 1320, 1331, 1351, 1350, 1349, 1348, 1372, 1385, 1405, 1429, 1455, 1482, 1495, 1531, 1540, 11, 27, 56, 88
1013, 1044, 1062, 1076, 1114, 1136, 1142, 1172, 1197, 1220, 1221, 1239, 1274, 1290, 1318, 1332, 1352, 1376, 1388, 1423, 1425, 1451, 1478, 1500, 1514, 1513, 1538, 1539, 10, 25, 59, 89
1013, 1043, 1061, 1075, 1113, 1115, 1143, 1169, 1198, 1201, 1238, 1241, 1277, 1288, 1315, 1337, 1355, 1380, 1392, 1418, 1441, 1446, 1472, 1506, 1521, 1551, 1550, 1549, 18, 36, 49, 82, 93, 92, 91, 90
1013, 1043, 1061, 1075, 1113, 1115, 1143, 1169, 1198, 1201, 1238, 1241, 1277, 1288, 1315, 1337, 1355, 1380, 1392, 1418, 1441, 1446, 1472, 1506, 1521, 1551, 1550, 1549, 18, 36, 49, 82, 93, 92, 91
1013, 1043, 1061, 1075, 1113, 1115, 1143, 1169, 1198, 1201, 1238, 1241, 1277, 1288, 1315, 1337, 1355, 1380, 1392, 1418, 1441, 1446, 1472, 1506, 1521, 1551, 1550, 1549, 18, 36, 49, 82, 93, 92
1013, 1043, 1061, 1075, 1113, 1115, 1143, 1169, 1198, 1201, 1238, 1241, 1277, 1288, 1315, 1337, 1355, 1380, 1392, 1418, 1441, 1446, 1472, 1506, 1521, 1551, 1550, 1549, 18, 36, 49, 82, 93
1013, 1043, 1061, 1075, 1113, 1115, 1143, 1169, 1198, 1201, 1238, 1241, 1277, 1288, 1315, 1337, 1355, 1380, 1392, 1418, 1441, 1446, 1472, 1506, 1521, 1551, 1550, 1549, 18, 36, 49, 82, 94
1013, 1043, 1061, 1075, 1113, 1115, 1143, 1169, 1198, 1201, 1238, 1241, 1277, 1288, 1315, 1337, 1355, 1380, 1392, 1418, 1441, 1446, 1472, 1506, 1521, 1551, 1550, 20, 38, 46, 79, 80, 95
1013, 1043, 1061, 1075, 1113, 1115, 1143, 1169, 1198, 1201, 1238, 1241, 1277, 1288, 1315, 1337, 1355, 1380, 1392, 1418, 1441, 1446, 1472, 1506, 1521, 1551, 1550, 20, 38, 46, 78, 96
1013, 1043, 1061, 1075, 1113, 1115, 1143, 1169, 1198, 1201, 1238, 1241, 1277, 1288, 1315, 1337, 1355, 1380, 1392, 1418, 1441, 1446, 1472, 1506, 1521, 1520, 1553, 1, 40, 67, 75, 97
1013, 1044, 1062, 1076, 1114, 1136, 1142, 1172, 1197, 1220, 1221, 1239, 1275, 1289, 1317, 1335, 1354, 1377, 1390, 1421, 1443, 1449, 1475, 1502, 1518, 1534, 4, 41, 65, 74, 98
1013, 1044, 1062, 1076, 1114, 1136, 1142, 1172, 1197, 1220, 1221, 1239, 1275, 1289, 1317, 1335, 1354, 1377, 1390, 1421, 1443, 1449, 1475, 1502, 1518, 1534, 4, 41, 65, 74, 99
