1370, 1371, 1372, 1386, 1404, 1427, 1453, 1478, 1477, 1476, 1475, 1474, 1473, 1505, 1520, 1552, 0
1370, 1371, 1372, 1386, 1404, 1427, 1453, 1478, 1477, 1502, 1518, 1534, 1533, 2, 1
1370, 1371, 1372, 1386, 1404, 1427, 1453, 1478, 1477, 1502, 1518, 1534, 1533, 2
1370, 1371, 1372, 1386, 1404, 1427, 1453, 1478, 1477, 1502, 1518, 1534, 4, 3
1370, 1371, 1372, 1386, 1404, 1427, 1453, 1478, 1477, 1502, 1518, 1534, 4
1370, 1371, 1372, 1386, 1404, 1427, 1453, 1478, 1501, 1516, 1535, 5
1370, 1371, 1372, 1386, 1404, 1427, 1453, 1478, 1501, 1515, 1536, 6
1370, 1371, 1383, 1405, 1429, 1454, 1480, 1498, 1513, 1537, 7
1370, 1371, 1383, 1405, 1429, 1454, 1480, 1498, 1513, 1538, 8
1370, 1371, 1384, 1406, 1430, 1456, 1483, 1495, 1531, 1532, 1539, 9
1370, 1371, 1384, 1406, 1430, 1456, 1483, 1495, 1531, 1532, 1539, 10
1370, 1402, 1407, 1432, 1457, 1486, 1493, 1530, 1540, 11
1370, 1402, 1407, 1432, 1457, 1486, 1493, 1530, 1542, 12
1370, 1402, 1407, 1432, 1457, 1486, 1487, 1492, 1529, 1543, 13
1370, 1402, 1407, 1432, 1457, 1486, 1487, 1492, 1528, 1544, 14
1370, 1402, 1407, 1432, 1457, 1486, 1487, 1492, 1528, 1544, 14, 15
1370, 1402, 1407, 1432, 1457, 1486, 1487, 1488, 1489, 1490, 1526, 1546, 16
1370, 1402, 1407, 1432, 1457, 1486, 1487, 1488, 1489, 1490, 1526, 1546, 1547, 1548, 17
1370, 1402, 1407, 1432, 1457, 1486, 1487, 1488, 1489, 1490, 1526, 1546, 1547, 1548, 17, 18
1370, 1402, 1407, 1432, 1457, 1486, 1487, 1488, 1489, 1490, 1526, 1546, 1547, 1548, 17, 18, 19
1370, 1402, 1407, 1432, 1457, 1486, 1487, 1488, 1489, 1490, 1526, 1546, 1547, 1548, 1549, 1550, 20
1370, 1371, 1383, 1405, 1429, 1454, 1480, 1498, 1513, 1537, 7, 21
1370, 1371, 1383, 1405, 1429, 1454, 1480, 1498, 1513, 1537, 7, 22
1370, 1371, 1383, 1405, 1429, 1454, 1480, 1498, 1513, 1537, 7, 23
1370, 1371, 1383, 1405, 1429, 1454, 1480, 1498, 1513, 1538, 8, 24
1370, 1371, 1384, 1406, 1430, 1456, 1483, 1495, 1531, 1532, 1539, 10, 25
1370, 1402, 1407, 1432, 1457, 1486, 1493, 1530, 1540, 11, 26
1370, 1402, 1407, 1432, 1457, 1486, 1493, 1530, 1540, 11, 27
1370, 1402, 1407, 1432, 1457, 1486, 1493, 1530, 1542, 12, 28
1370, 1402, 1407, 1432, 1457, 1486, 1487, 1492, 1529, 1543, 13, 29
1370, 1402, 1407, 1432, 1457, 1486, 1487, 1492, 1528, 1544, 14, 30
1370, 1402, 1407, 1432, 1457, 1486, 1487, 1492, 1528, 1544, 14, 30, 31
1370, 1402, 1407, 1432, 1457, 1486, 1487, 1492, 1528, 1544, 14, 30, 31, 32
1370, 1402, 1407, 1432, 1457, 1486, 1487, 1492, 1528, 1544, 14, 30, 31, 32, 33
1370, 1402, 1407, 1432, 1457, 1486, 1487, 1492, 1528, 1544, 14, 30, 31, 32, 33, 34
1370, 1402, 1407, 1432, 1457, 1486, 1487, 1492, 1528, 1544, 14, 30, 31, 32, 33, 34, 35
1370, 1402, 1407, 1432, 1457, 1486, 1487, 1488, 1489, 1490, 1526, 1546, 1547, 1548, 17, 18, 36
1370, 1402, 1407, 1432, 1457, 1486, 1487, 1488, 1489, 1490, 1526, 1546, 1547, 1548, 17, 18, 36, 37
1370, 1402, 1407, 1432, 1457, 1486, 1487, 1488, 1489, 1490, 1526, 1546, 1547, 1548, 1549, 1550, 20, 38
1370, 1402, 1407, 1432, 1457, 1486, 1487, 1488, 1489, 1490, 1526, 1546, 1547, 1548, 1549, 1550, 20, 38, 39
1370, 1371, 1372, 1386, 1404, 1427, 1453, 1478, 1477, 1502, 1518, 1534, 4, 41, 40
1370, 1371, 1372, 1386, 1404, 1427, 1453, 1478, 1477, 1502, 1518, 1534, 4, 41
1370, 1371, 1372, 1386, 1404, 1427, 1453, 1478, 1501, 1516, 1535, 5, 42
1370, 1371, 1372, 1386, 1404, 1427, 1453, 1478, 1501, 1516, 1535, 5, 43
1370, 1371, 1372, 1386, 1404, 1427, 1453, 1478, 1501, 1515, 1536, 6, 44
1370, 1371, 1372, 1386, 1404, 1427, 1453, 1478, 1501, 1515, 1536, 6, 45
1370, 1402, 1407, 1432, 1457, 1486, 1487, 1488, 1489, 1490, 1526, 1546, 1547, 1548, 1549, 1550, 20, 38, 46
1370, 1402, 1407, 1432, 1457, 1486, 1487, 1488, 1489, 1490, 1526, 1546, 1547, 1548, 17, 18, 36, 37, 47
1370, 1402, 1407, 1432, 1457, 1486, 1487, 1488, 1489, 1490, 1526, 1546, 1547, 1548, 17, 18, 36, 48
1370, 1402, 1407, 1432, 1457, 1486, 1487, 1492, 1528, 1544, 14, 30, 31, 32, 33, 34, 35, 49
1370, 1402, 1407, 1432, 1457, 1486, 1487, 1492, 1528, 1544, 14, 30, 31, 32, 51, 50
1370, 1402, 1407, 1432, 1457, 1486, 1487, 1492, 1528, 1544, 14, 30, 31, 32, 51
1370, 1402, 1407, 1432, 1457, 1486, 1487, 1492, 1528, 1544, 14, 30, 52
1370, 1402, 1407, 1432, 1457, 1486, 1487, 1492, 1528, 1544, 14, 30, 53
1370, 1402, 1407, 1432, 1457, 1486, 1487, 1492, 1529, 1543, 13, 29, 54
1370, 1402, 1407, 1432, 1457, 1486, 1487, 1492, 1529, 1543, 13, 29, 55
1370, 1402, 1407, 1432, 1457, 1486, 1493, 1530, 1540, 11, 27, 56
1370, 1402, 1407, 1432, 1457, 1486, 1493, 1530, 1540, 11, 26, 57
1370, 1402, 1407, 1432, 1457, 1486, 1493, 1530, 1540, 11, 26, 58
1370, 1371, 1384, 1406, 1430, 1456, 1483, 1495, 1531, 1532, 1539, 10, 25, 59
1370, 1371, 1383, 1405, 1429, 1454, 1480, 1498, 1513, 1537, 7, 23, 60
1370, 1371, 1383, 1405, 1429, 1454, 1480, 1498, 1513, 1537, 7, 23, 60, 61
1370, 1371, 1372, 1386, 1404, 1427, 1453, 1478, 1501, 1515, 1536, 6, 44, 62
1370, 1371, 1372, 1386, 1404, 1427, 1453, 1478, 1501, 1516, 1535, 5, 42, 63
1370, 1371, 1372, 1386, 1404, 1427, 1453, 1478, 1501, 1516, 1535, 5, 42, 64
1370, 1371, 1372, 1386, 1404, 1427, 1453, 1478, 1501, 1516, 1535, 5, 42, 64, 65
1370, 1371, 1372, 1386, 1404, 1427, 1453, 1478, 1501, 1516, 1535, 5, 42, 64, 65, 66
1370, 1371, 1372, 1386, 1404, 1427, 1453, 1478, 1477, 1502, 1518, 1534, 4, 41, 40, 67
1370, 1371, 1383, 1405, 1429, 1454, 1480, 1498, 1513, 1537, 7, 23, 60, 68
1370, 1371, 1383, 1405, 1429, 1454, 1480, 1498, 1513, 1537, 7, 23, 60, 61, 69
1370, 1371, 1372, 1386, 1404, 1427, 1453, 1478, 1501, 1515, 1536, 6, 44, 62, 70
1370, 1371, 1372, 1386, 1404, 1427, 1453, 1478, 1501, 1515, 1536, 6, 44, 62, 71
1370, 1371, 1372, 1386, 1404, 1427, 1453, 1478, 1501, 1516, 1535, 5, 42, 63, 72
1370, 1371, 1372, 1386, 1404, 1427, 1453, 1478, 1501, 1516, 1535, 5, 42, 64, 65, 73
1370, 1371, 1372, 1386, 1404, 1427, 1453, 1478, 1501, 1516, 1535, 5, 42, 64, 65, 74
1370, 1402, 1407, 1432, 1457, 1486, 1487, 1488, 1489, 1490, 1526, 1546, 1547, 1548, 1549, 1550, 20, 38, 46, 77, 76, 75
1370, 1402, 1407, 1432, 1457, 1486, 1487, 1488, 1489, 1490, 1526, 1546, 1547, 1548, 1549, 1550, 20, 38, 46, 77, 76
1370, 1402, 1407, 1432, 1457, 1486, 1487, 1488, 1489, 1490, 1526, 1546, 1547, 1548, 1549, 1550, 20, 38, 46, 77
1370, 1402, 1407, 1432, 1457, 1486, 1487, 1488, 1489, 1490, 1526, 1546, 1547, 1548, 1549, 1550, 20, 38, 46, 78
1370, 1402, 1407, 1432, 1457, 1486, 1487, 1488, 1489, 1490, 1526, 1546, 1547, 1548, 1549, 1550, 20, 38, 46, 79
1370, 1402, 1407, 1432, 1457, 1486, 1487, 1488, 1489, 1490, 1526, 1546, 1547, 1548, 17, 18, 36, 37, 47, 80
1370, 1402, 1407, 1432, 1457, 1486, 1487, 1488, 1489, 1490, 1526, 1546, 1547, 1548, 17, 18, 36, 37, 47, 81
1370, 1402, 1407, 1432, 1457, 1486, 1487, 1492, 1528, 1544, 14, 30, 52, 84, 83, 82
1370, 1402, 1407, 1432, 1457, 1486, 1487, 1492, 1528, 1544, 14, 30, 52, 84, 83
1370, 1402, 1407, 1432, 1457, 1486, 1487, 1492, 1528, 1544, 14, 30, 52, 84
1370, 1402, 1407, 1432, 1457, 1486, 1487, 1492, 1529, 1543, 13, 29, 54, 85
1370, 1402, 1407, 1432, 1457, 1486, 1493, 1530, 1540, 11, 27, 56, 87, 86
1370, 1402, 1407, 1432, 1457, 1486, 1493, 1530, 1540, 11, 27, 56, 87
1370, 1402, 1407, 1432, 1457, 1486, 1493, 1530, 1540, 11, 27, 56, 88
1370, 1402, 1407, 1432, 1457, 1486, 1493, 1530, 1540, 11, 26, 57, 89
1370, 1402, 1407, 1432, 1457, 1486, 1487, 1492, 1528, 1544, 14, 30, 52, 84, 90
1370, 1402, 1407, 1432, 1457, 1486, 1487, 1492, 1528, 1544, 14, 30, 52, 84, 91
1370, 1402, 1407, 1432, 1457, 1486, 1487, 1492, 1528, 1544, 14, 30, 52, 84, 83, 92
1370, 1402, 1407, 1432, 1457, 1486, 1487, 1492, 1528, 1544, 14, 30, 52, 84, 83, 92, 93
1370, 1402, 1407, 1432, 1457, 1486, 1487, 1492, 1528, 1544, 14, 30, 52, 84, 83, 82, 94
1370, 1402, 1407, 1432, 1457, 1486, 1487, 1488, 1489, 1490, 1526, 1546, 1547, 1548, 17, 18, 36, 37, 47, 80, 95
1370, 1402, 1407, 1432, 1457, 1486, 1487, 1488, 1489, 1490, 1526, 1546, 1547, 1548, 1549, 1550, 20, 38, 46, 78, 96
1370, 1371, 1372, 1386, 1404, 1427, 1453, 1478, 1501, 1516, 1535, 5, 42, 64, 65, 74, 98, 97
1370, 1371, 1372, 1386, 1404, 1427, 1453, 1478, 1501, 1516, 1535, 5, 42, 64, 65, 74, 98
1370, 1371, 1372, 1386, 1404, 1427, 1453, 1478, 1501, 1516, 1535, 5, 42, 64, 65, 74, 99
