1497, 1498, 1499, 1500, 1501, 1502, 1503, 1504, 1505, 1520, 1552, 0
1497, 1498, 1499, 1500, 1501, 1516, 1535, 5, 4, 3, 2, 1
1497, 1498, 1499, 1500, 1501, 1516, 1535, 5, 4, 3, 2
1497, 1498, 1499, 1500, 1501, 1516, 1535, 5, 4, 3
1497, 1498, 1499, 1500, 1501, 1516, 1535, 5, 4
1497, 1498, 1499, 1500, 1501, 1516, 1535, 5
1497, 1498, 1513, 1514, 1536, 6
1497, 1532, 1539, 9, 8, 7
1497, 1532, 1539, 9, 8
1497, 1532, 1539, 9
1497, 1532, 1539, 10
1497, 1496, 1531, 1540, 11
1497, 1496, 1531, 1540, 1541, 12
1497, 1496, 1531, 1540, 1541, 12, 13
1497, 1496, 1531, 1540, 1541, 12, 13, 14
1497, 1496, 1531, 1540, 1541, 12, 13, 14, 15
1497, 1496, 1531, 1540, 1541, 12, 13, 14, 15, 16
1497, 1496, 1531, 1540, 1541, 12, 13, 14, 15, 16, 17
1497, 1496, 1531, 1540, 1541, 12, 13, 14, 15, 16, 17, 18
1497, 1496, 1531, 1540, 1541, 12, 13, 14, 15, 16, 17, 18, 19
1497, 1498, 1499, 1500, 1501, 1502, 1503, 1504, 1505, 1520, 1552, 0, 20
1497, 1532, 1539, 9, 8, 7, 21
1497, 1532, 1539, 9, 8, 7, 22
1497, 1532, 1539, 9, 8, 23
1497, 1532, 1539, 9, 8, 24
1497, 1532, 1539, 10, 25
1497, 1532, 1539, 10, 25, 26
1497, 1496, 1531, 1540, 11, 27
1497, 1496, 1531, 1540, 1541, 12, 28
1497, 1496, 1531, 1540, 1541, 12, 28, 29
1497, 1496, 1531, 1540, 1541, 12, 28, 29, 30
1497, 1496, 1531, 1540, 1541, 12, 28, 29, 30, 31
1497, 1496, 1531, 1540, 1541, 12, 28, 29, 30, 31, 32
1497, 1496, 1531, 1540, 1541, 12, 28, 29, 30, 31, 32, 33
1497, 1496, 1531, 1540, 1541, 12, 28, 29, 30, 31, 32, 33, 34
1497, 1496, 1531, 1540, 1541, 12, 28, 29, 30, 31, 32, 33, 34, 35
1497, 1496, 1531, 1540, 1541, 12, 28, 29, 30, 31, 32, 33, 34, 35, 36
1497, 1496, 1531, 1540, 1541, 12, 28, 29, 30, 31, 32, 33, 34, 35, 36, 37
1497, 1498, 1499, 1500, 1501, 1502, 1503, 1504, 1505, 1520, 1552, 0, 39, 38
1497, 1498, 1499, 1500, 1501, 1502, 1503, 1504, 1505, 1520, 1552, 0, 39
1497, 1498, 1499, 1500, 1501, 1516, 1535, 5, 42, 41, 40
1497, 1498, 1499, 1500, 1501, 1516, 1535, 5, 42, 41
1497, 1498, 1499, 1500, 1501, 1516, 1535, 5, 42
1497, 1498, 1499, 1500, 1501, 1516, 1535, 5, 43
1497, 1498, 1513, 1514, 1536, 6, 44
1497, 1498, 1513, 1514, 1536, 6, 45
1497, 1498, 1499, 1500, 1501, 1516, 1535, 5, 42, 41, 40, 67, 46
1497, 1496, 1531, 1540, 1541, 12, 28, 55, 54, 53, 52, 51, 50, 49, 48, 47
1497, 1496, 1531, 1540, 1541, 12, 28, 55, 54, 53, 52, 51, 50, 49, 48
1497, 1496, 1531, 1540, 1541, 12, 28, 55, 54, 53, 52, 51, 50, 49
1497, 1496, 1531, 1540, 1541, 12, 28, 55, 54, 53, 52, 51, 50
1497, 1496, 1531, 1540, 1541, 12, 28, 55, 54, 53, 52, 51
1497, 1496, 1531, 1540, 1541, 12, 28, 55, 54, 53, 52
1497, 1496, 1531, 1540, 1541, 12, 28, 55, 54, 53
1497, 1496, 1531, 1540, 1541, 12, 28, 55, 54
1497, 1496, 1531, 1540, 1541, 12, 28, 55
1497, 1496, 1531, 1540, 11, 27, 56
1497, 1532, 1539, 10, 25, 59, 58, 57
1497, 1532, 1539, 10, 25, 59, 58
1497, 1532, 1539, 10, 25, 59
1497, 1532, 1539, 9, 8, 23, 60
1497, 1532, 1539, 9, 8, 23, 60, 61
1497, 1498, 1513, 1514, 1536, 6, 44, 62
1497, 1498, 1499, 1500, 1501, 1516, 1535, 5, 42, 63
1497, 1498, 1499, 1500, 1501, 1516, 1535, 5, 42, 64
1497, 1498, 1499, 1500, 1501, 1516, 1535, 5, 42, 64, 65
1497, 1498, 1499, 1500, 1501, 1516, 1535, 5, 42, 64, 65, 66
1497, 1498, 1499, 1500, 1501, 1516, 1535, 5, 42, 41, 40, 67
1497, 1532, 1539, 9, 8, 23, 60, 68
1497, 1532, 1539, 9, 8, 23, 60, 61, 69
1497, 1532, 1539, 9, 8, 23, 60, 61, 69, 70
1497, 1498, 1513, 1514, 1536, 6, 44, 62, 71
1497, 1498, 1513, 1514, 1536, 6, 44, 62, 71, 72
1497, 1498, 1499, 1500, 1501, 1516, 1535, 5, 42, 64, 65, 73
1497, 1498, 1499, 1500, 1501, 1516, 1535, 5, 42, 64, 65, 74
1497, 1498, 1499, 1500, 1501, 1516, 1535, 5, 42, 41, 40, 67, 75
1497, 1498, 1499, 1500, 1501, 1516, 1535, 5, 42, 41, 40, 67, 76
1497, 1498, 1499, 1500, 1501, 1516, 1535, 5, 42, 41, 40, 67, 76, 77
1497, 1498, 1499, 1500, 1501, 1516, 1535, 5, 42, 41, 40, 67, 76, 77, 78
1497, 1498, 1499, 1500, 1501, 1516, 1535, 5, 42, 64, 65, 74, 98, 97, 96, 79
1497, 1496, 1531, 1540, 1541, 12, 28, 55, 54, 53, 52, 51, 50, 49, 48, 81, 80
1497, 1496, 1531, 1540, 1541, 12, 28, 55, 54, 53, 52, 51, 50, 49, 48, 81
1497, 1496, 1531, 1540, 1541, 12, 28, 55, 54, 53, 84, 83, 82
1497, 1496, 1531, 1540, 1541, 12, 28, 55, 54, 53, 84, 83
1497, 1496, 1531, 1540, 1541, 12, 28, 55, 54, 53, 84
1497, 1496, 1531, 1540, 1541, 12, 28, 55, 85
1497, 1496, 1531, 1540, 11, 27, 56, 87, 86
1497, 1496, 1531, 1540, 11, 27, 56, 87
1497, 1532, 1539, 10, 25, 59, 89, 88
1497, 1532, 1539, 10, 25, 59, 89
1497, 1496, 1531, 1540, 1541, 12, 28, 55, 54, 53, 84, 90
1497, 1496, 1531, 1540, 1541, 12, 28, 55, 54, 53, 84, 91
1497, 1496, 1531, 1540, 1541, 12, 28, 55, 54, 53, 84, 83, 92
1497, 1496, 1531, 1540, 1541, 12, 28, 55, 54, 53, 84, 83, 92, 93
1497, 1496, 1531, 1540, 1541, 12, 28, 55, 54, 53, 84, 83, 82, 94
1497, 1496, 1531, 1540, 1541, 12, 28, 55, 54, 53, 52, 51, 50, 49, 48, 81, 95
1497, 1498, 1499, 1500, 1501, 1516, 1535, 5, 42, 64, 65, 74, 98, 97, 96
1497, 1498, 1499, 1500, 1501, 1516, 1535, 5, 42, 64, 65, 74, 98, 97
1497, 1498, 1499, 1500, 1501, 1516, 1535, 5, 42, 64, 65, 74, 98
1497, 1498, 1499, 1500, 1501, 1516, 1535, 5, 42, 64, 65, 74, 99
