1060, 1074, 1112, 1116, 1144, 1168, 1199, 1202, 1238, 1241, 1277, 1288, 1315, 1337, 1355, 1380, 1392, 1418, 1441, 1446, 1472, 1506, 1521, 1520, 1552, 0
1060, 1074, 1112, 1116, 1144, 1168, 1199, 1202, 1238, 1241, 1277, 1288, 1315, 1337, 1355, 1380, 1392, 1418, 1441, 1446, 1472, 1506, 1521, 1520, 1553, 1
1060, 1074, 1112, 1116, 1144, 1168, 1199, 1202, 1238, 1241, 1277, 1288, 1315, 1337, 1355, 1379, 1391, 1419, 1442, 1448, 1474, 1504, 1519, 1533, 2
1060, 1074, 1112, 1116, 1144, 1168, 1199, 1202, 1238, 1241, 1277, 1288, 1315, 1337, 1355, 1379, 1391, 1419, 1442, 1448, 1474, 1504, 1519, 1533, 3
1060, 1074, 1112, 1116, 1144, 1168, 1199, 1202, 1238, 1241, 1277, 1288, 1315, 1337, 1355, 1379, 1391, 1419, 1442, 1448, 1474, 1503, 1518, 1534, 4
1060, 1074, 1112, 1116, 1144, 1168, 1199, 1202, 1238, 1241, 1240, 1276, 1289, 1317, 1335, 1354, 1377, 1390, 1421, 1443, 1449, 1475, 1502, 1517, 1535, 5
1060, 1074, 1112, 1116, 1144, 1168, 1199, 1202, 1238, 1241, 1240, 1276, 1289, 1317, 1335, 1354, 1377, 1390, 1421, 1443, 1449, 1475, 1502, 1517, 1535, 5, 6
1060, 1074, 1075, 1113, 1115, 1143, 1169, 1170, 1197, 1220, 1221, 1239, 1274, 1290, 1318, 1332, 1352, 1376, 1388, 1423, 1425, 1451, 1478, 1500, 1499, 1512, 1537, 7
1060, 1074, 1075, 1113, 1115, 1143, 1169, 1170, 1197, 1220, 1221, 1239, 1274, 1290, 1318, 1332, 1352, 1376, 1388, 1423, 1425, 1451, 1478, 1500, 1514, 1513, 1538, 8
1060, 1074, 1075, 1113, 1115, 1143, 1169, 1170, 1197, 1220, 1221, 1239, 1274, 1290, 1318, 1332, 1352, 1376, 1388, 1423, 1425, 1451, 1478, 1500, 1514, 1513, 1538, 8, 9
1060, 1074, 1075, 1113, 1115, 1143, 1169, 1170, 1197, 1220, 1221, 1239, 1274, 1290, 1318, 1332, 1352, 1376, 1388, 1423, 1425, 1451, 1478, 1500, 1514, 1513, 1538, 1539, 10
1060, 1059, 1070, 1094, 1108, 1121, 1122, 1151, 1163, 1186, 1208, 1232, 1248, 1264, 1279, 1306, 1323, 1344, 1368, 1401, 1408, 1433, 1458, 1457, 1486, 1493, 1530, 1540, 11
1060, 1059, 1070, 1094, 1108, 1121, 1122, 1151, 1163, 1186, 1208, 1232, 1248, 1264, 1279, 1306, 1323, 1344, 1368, 1401, 1408, 1433, 1458, 1457, 1486, 1493, 1530, 1542, 12
1060, 1059, 1070, 1094, 1108, 1121, 1122, 1151, 1163, 1186, 1208, 1232, 1248, 1264, 1279, 1306, 1323, 1344, 1368, 1401, 1408, 1433, 1458, 1487, 1492, 1529, 1543, 13
1060, 1059, 1070, 1094, 1108, 1121, 1122, 1151, 1163, 1186, 1208, 1232, 1248, 1264, 1279, 1306, 1323, 1344, 1368, 1401, 1408, 1433, 1458, 1487, 1492, 1528, 1544, 14
1060, 1059, 1070, 1094, 1108, 1121, 1122, 1151, 1163, 1186, 1208, 1232, 1248, 1264, 1279, 1306, 1323, 1343, 1366, 1399, 1409, 1434, 1459, 1488, 1491, 1527, 1545, 15
1060, 1074, 1112, 1116, 1144, 1168, 1199, 1202, 1237, 1242, 1259, 1286, 1314, 1338, 1357, 1382, 1393, 1416, 1439, 1438, 1464, 1468, 1509, 1524, 1548, 1547, 16
1060, 1074, 1112, 1116, 1144, 1168, 1199, 1202, 1237, 1242, 1259, 1286, 1314, 1338, 1357, 1382, 1393, 1417, 1440, 1465, 1469, 1508, 1523, 1549, 17
1060, 1074, 1112, 1116, 1144, 1168, 1199, 1202, 1237, 1242, 1259, 1286, 1314, 1338, 1357, 1382, 1393, 1417, 1440, 1465, 1469, 1508, 1523, 1549, 18
1060, 1074, 1112, 1116, 1144, 1168, 1199, 1202, 1237, 1242, 1259, 1286, 1314, 1338, 1357, 1382, 1393, 1417, 1440, 1465, 1469, 1508, 1523, 1549, 19
1060, 1074, 1112, 1116, 1144, 1168, 1199, 1202, 1238, 1241, 1277, 1288, 1315, 1337, 1355, 1380, 1392, 1418, 1441, 1446, 1472, 1506, 1521, 1551, 1550, 20
1060, 1074, 1112, 1116, 1144, 1168, 1199, 1202, 1238, 1241, 1240, 1276, 1289, 1317, 1335, 1354, 1377, 1390, 1421, 1443, 1449, 1475, 1502, 1517, 1535, 5, 6, 45, 21
1060, 1074, 1112, 1116, 1144, 1168, 1199, 1202, 1238, 1241, 1240, 1276, 1289, 1317, 1335, 1354, 1377, 1390, 1421, 1443, 1449, 1475, 1502, 1517, 1535, 5, 6, 45, 21, 22
1060, 1074, 1075, 1113, 1115, 1143, 1169, 1170, 1197, 1220, 1221, 1239, 1274, 1290, 1318, 1332, 1352, 1376, 1388, 1423, 1425, 1451, 1478, 1500, 1499, 1512, 1537, 7, 23
1060, 1074, 1075, 1113, 1115, 1143, 1169, 1170, 1197, 1220, 1221, 1239, 1274, 1290, 1318, 1332, 1352, 1376, 1388, 1423, 1425, 1451, 1478, 1500, 1514, 1513, 1538, 8, 24
1060, 1074, 1075, 1113, 1115, 1143, 1169, 1170, 1197, 1220, 1221, 1239, 1274, 1290, 1318, 1332, 1352, 1376, 1388, 1423, 1425, 1451, 1478, 1500, 1514, 1513, 1538, 1539, 10, 25
1060, 1074, 1075, 1113, 1115, 1143, 1169, 1170, 1197, 1220, 1221, 1239, 1274, 1290, 1318, 1332, 1352, 1376, 1388, 1423, 1425, 1451, 1478, 1500, 1514, 1513, 1538, 1539, 10, 25, 26
1060, 1059, 1070, 1094, 1108, 1121, 1122, 1151, 1163, 1186, 1208, 1232, 1248, 1264, 1279, 1306, 1323, 1344, 1368, 1401, 1408, 1433, 1458, 1457, 1486, 1493, 1530, 1540, 11, 27
1060, 1059, 1070, 1094, 1108, 1121, 1122, 1151, 1163, 1186, 1208, 1232, 1248, 1264, 1279, 1306, 1323, 1344, 1368, 1401, 1408, 1433, 1458, 1487, 1492, 1529, 1543, 13, 28
1060, 1059, 1070, 1094, 1108, 1121, 1122, 1151, 1163, 1186, 1208, 1232, 1248, 1264, 1279, 1306, 1323, 1344, 1368, 1401, 1408, 1433, 1458, 1487, 1492, 1529, 1543, 13, 29
1060, 1059, 1070, 1094, 1108, 1121, 1122, 1151, 1163, 1186, 1208, 1232, 1248, 1264, 1279, 1306, 1323, 1344, 1368, 1401, 1408, 1433, 1458, 1487, 1492, 1528, 1544, 14, 30
1060, 1059, 1070, 1094, 1108, 1121, 1122, 1151, 1163, 1186, 1208, 1232, 1248, 1264, 1279, 1306, 1323, 1343, 1366, 1399, 1409, 1434, 1459, 1488, 1491, 1527, 1545, 15, 31
1060, 1059, 1070, 1094, 1108, 1121, 1122, 1151, 1163, 1186, 1208, 1232, 1248, 1264, 1279, 1306, 1323, 1343, 1366, 1399, 1409, 1434, 1459, 1488, 1491, 1527, 1545, 15, 32
1060, 1074, 1112, 1116, 1144, 1168, 1199, 1202, 1237, 1242, 1259, 1286, 1314, 1338, 1357, 1382, 1393, 1416, 1439, 1438, 1464, 1468, 1509, 1524, 1548, 1547, 16, 33
1060, 1074, 1112, 1116, 1144, 1168, 1199, 1202, 1237, 1242, 1259, 1286, 1314, 1338, 1357, 1382, 1393, 1417, 1440, 1465, 1469, 1508, 1523, 1549, 17, 35, 34
1060, 1074, 1112, 1116, 1144, 1168, 1199, 1202, 1237, 1242, 1259, 1286, 1314, 1338, 1357, 1382, 1393, 1417, 1440, 1465, 1469, 1508, 1523, 1549, 17, 35
1060, 1074, 1112, 1116, 1144, 1168, 1199, 1202, 1237, 1242, 1259, 1286, 1314, 1338, 1357, 1382, 1393, 1417, 1440, 1465, 1469, 1508, 1523, 1549, 18, 36
1060, 1074, 1112, 1116, 1144, 1168, 1199, 1202, 1237, 1242, 1259, 1286, 1314, 1338, 1357, 1382, 1393, 1417, 1440, 1465, 1469, 1508, 1523, 1549, 19, 37
1060, 1074, 1112, 1116, 1144, 1168, 1199, 1202, 1238, 1241, 1277, 1288, 1315, 1337, 1355, 1380, 1392, 1418, 1441, 1446, 1472, 1506, 1521, 1551, 1550, 20, 38
1060, 1074, 1112, 1116, 1144, 1168, 1199, 1202, 1238, 1241, 1277, 1288, 1315, 1337, 1355, 1380, 1392, 1418, 1441, 1446, 1472, 1506, 1521, 1520, 1552, 0, 39
1060, 1074, 1112, 1116, 1144, 1168, 1199, 1202, 1238, 1241, 1277, 1288, 1315, 1337, 1355, 1380, 1392, 1418, 1441, 1446, 1472, 1506, 1521, 1520, 1553, 1, 40
1060, 1074, 1112, 1116, 1144, 1168, 1199, 1202, 1238, 1241, 1277, 1288, 1315, 1337, 1355, 1379, 1391, 1419, 1442, 1448, 1474, 1503, 1518, 1534, 4, 41
1060, 1074, 1112, 1116, 1144, 1168, 1199, 1202, 1238, 1241, 1240, 1276, 1289, 1317, 1335, 1354, 1377, 1390, 1421, 1443, 1449, 1475, 1502, 1517, 1535, 5, 42
1060, 1074, 1112, 1116, 1144, 1168, 1199, 1202, 1238, 1241, 1240, 1276, 1289, 1317, 1335, 1354, 1377, 1390, 1421, 1443, 1449, 1475, 1502, 1517, 1535, 5, 43
1060, 1074, 1112, 1116, 1144, 1168, 1199, 1202, 1238, 1241, 1240, 1276, 1289, 1317, 1335, 1354, 1377, 1390, 1421, 1443, 1449, 1475, 1502, 1517, 1535, 5, 43, 44
1060, 1074, 1112, 1116, 1144, 1168, 1199, 1202, 1238, 1241, 1240, 1276, 1289, 1317, 1335, 1354, 1377, 1390, 1421, 1443, 1449, 1475, 1502, 1517, 1535, 5, 6, 45
1060, 1074, 1112, 1116, 1144, 1168, 1199, 1202, 1238, 1241, 1277, 1288, 1315, 1337, 1355, 1380, 1392, 1418, 1441, 1446, 1472, 1506, 1521, 1551, 1550, 20, 38, 46
1060, 1074, 1112, 1116, 1144, 1168, 1199, 1202, 1237, 1242, 1259, 1286, 1314, 1338, 1357, 1382, 1393, 1417, 1440, 1465, 1469, 1508, 1523, 1549, 19, 37, 47
1060, 1074, 1112, 1116, 1144, 1168, 1199, 1202, 1237, 1242, 1259, 1286, 1314, 1338, 1357, 1382, 1393, 1417, 1440, 1465, 1469, 1508, 1523, 1549, 18, 36, 48
1060, 1074, 1112, 1116, 1144, 1168, 1199, 1202, 1237, 1242, 1259, 1286, 1314, 1338, 1357, 1382, 1393, 1417, 1440, 1465, 1469, 1508, 1523, 1549, 18, 36, 49
1060, 1074, 1112, 1116, 1144, 1168, 1199, 1202, 1237, 1242, 1259, 1286, 1314, 1338, 1357, 1382, 1393, 1417, 1440, 1465, 1469, 1508, 1523, 1549, 18, 36, 49, 50
1060, 1074, 1112, 1116, 1144, 1168, 1199, 1202, 1237, 1242, 1259, 1286, 1314, 1338, 1357, 1382, 1393, 1416, 1439, 1438, 1464, 1468, 1509, 1524, 1548, 1547, 16, 33, 51
1060, 1059, 1070, 1094, 1108, 1121, 1122, 1151, 1163, 1186, 1208, 1232, 1248, 1264, 1279, 1306, 1323, 1343, 1366, 1399, 1409, 1434, 1459, 1488, 1491, 1527, 1545, 15, 31, 52
1060, 1059, 1070, 1094, 1108, 1121, 1122, 1151, 1163, 1186, 1208, 1232, 1248, 1264, 1279, 1306, 1323, 1344, 1368, 1401, 1408, 1433, 1458, 1487, 1492, 1528, 1544, 14, 30, 53
1060, 1059, 1070, 1094, 1108, 1121, 1122, 1151, 1163, 1186, 1208, 1232, 1248, 1264, 1279, 1306, 1323, 1344, 1368, 1401, 1408, 1433, 1458, 1487, 1492, 1529, 1543, 13, 29, 54
1060, 1059, 1070, 1094, 1108, 1121, 1122, 1151, 1163, 1186, 1208, 1232, 1248, 1264, 1279, 1306, 1323, 1344, 1368, 1401, 1408, 1433, 1458, 1487, 1492, 1529, 1543, 13, 29, 55
1060, 1059, 1070, 1094, 1108, 1121, 1122, 1151, 1163, 1186, 1208, 1232, 1248, 1264, 1279, 1306, 1323, 1344, 1368, 1401, 1408, 1433, 1458, 1457, 1486, 1493, 1530, 1540, 11, 27, 56
1060, 1074, 1075, 1113, 1115, 1143, 1169, 1170, 1197, 1220, 1221, 1239, 1274, 1290, 1318, 1332, 1352, 1376, 1388, 1423, 1425, 1451, 1478, 1500, 1514, 1513, 1538, 1539, 10, 25, 59, 58, 57
1060, 1074, 1075, 1113, 1115, 1143, 1169, 1170, 1197, 1220, 1221, 1239, 1274, 1290, 1318, 1332, 1352, 1376, 1388, 1423, 1425, 1451, 1478, 1500, 1514, 1513, 1538, 1539, 10, 25, 59, 58
1060, 1074, 1075, 1113, 1115, 1143, 1169, 1170, 1197, 1220, 1221, 1239, 1274, 1290, 1318, 1332, 1352, 1376, 1388, 1423, 1425, 1451, 1478, 1500, 1514, 1513, 1538, 1539, 10, 25, 59
1060, 1074, 1075, 1113, 1115, 1143, 1169, 1170, 1197, 1220, 1221, 1239, 1274, 1290, 1318, 1332, 1352, 1376, 1388, 1423, 1425, 1451, 1478, 1500, 1499, 1512, 1537, 7, 23, 60
1060, 1074, 1112, 1116, 1144, 1168, 1199, 1202, 1238, 1241, 1240, 1276, 1289, 1317, 1335, 1354, 1377, 1390, 1421, 1443, 1449, 1475, 1502, 1517, 1535, 5, 6, 45, 21, 61
1060, 1074, 1112, 1116, 1144, 1168, 1199, 1202, 1238, 1241, 1240, 1276, 1289, 1317, 1335, 1354, 1377, 1390, 1421, 1443, 1449, 1475, 1502, 1517, 1535, 5, 43, 62
1060, 1074, 1112, 1116, 1144, 1168, 1199, 1202, 1238, 1241, 1277, 1288, 1315, 1337, 1355, 1379, 1391, 1419, 1442, 1448, 1474, 1503, 1518, 1534, 4, 41, 65, 64, 63
1060, 1074, 1112, 1116, 1144, 1168, 1199, 1202, 1238, 1241, 1277, 1288, 1315, 1337, 1355, 1379, 1391, 1419, 1442, 1448, 1474, 1503, 1518, 1534, 4, 41, 65, 64
1060, 1074, 1112, 1116, 1144, 1168, 1199, 1202, 1238, 1241, 1277, 1288, 1315, 1337, 1355, 1379, 1391, 1419, 1442, 1448, 1474, 1503, 1518, 1534, 4, 41, 65
1060, 1074, 1112, 1116, 1144, 1168, 1199, 1202, 1238, 1241, 1277, 1288, 1315, 1337, 1355, 1380, 1392, 1418, 1441, 1446, 1472, 1506, 1521, 1520, 1553, 1, 40, 66
1060, 1074, 1112, 1116, 1144, 1168, 1199, 1202, 1238, 1241, 1277, 1288, 1315, 1337, 1355, 1380, 1392, 1418, 1441, 1446, 1472, 1506, 1521, 1520, 1553, 1, 40, 67
1060, 1074, 1075, 1113, 1115, 1143, 1169, 1170, 1197, 1220, 1221, 1239, 1274, 1290, 1318, 1332, 1352, 1376, 1388, 1423, 1425, 1451, 1478, 1500, 1499, 1512, 1537, 7, 23, 60, 68
1060, 1074, 1112, 1116, 1144, 1168, 1199, 1202, 1238, 1241, 1240, 1276, 1289, 1317, 1335, 1354, 1377, 1390, 1421, 1443, 1449, 1475, 1502, 1517, 1535, 5, 43, 62, 70, 69
1060, 1074, 1112, 1116, 1144, 1168, 1199, 1202, 1238, 1241, 1240, 1276, 1289, 1317, 1335, 1354, 1377, 1390, 1421, 1443, 1449, 1475, 1502, 1517, 1535, 5, 43, 62, 70
1060, 1074, 1112, 1116, 1144, 1168, 1199, 1202, 1238, 1241, 1240, 1276, 1289, 1317, 1335, 1354, 1377, 1390, 1421, 1443, 1449, 1475, 1502, 1517, 1535, 5, 43, 62, 71
1060, 1074, 1112, 1116, 1144, 1168, 1199, 1202, 1238, 1241, 1277, 1288, 1315, 1337, 1355, 1379, 1391, 1419, 1442, 1448, 1474, 1503, 1518, 1534, 4, 41, 65, 64, 72
1060, 1074, 1112, 1116, 1144, 1168, 1199, 1202, 1238, 1241, 1277, 1288, 1315, 1337, 1355, 1379, 1391, 1419, 1442, 1448, 1474, 1503, 1518, 1534, 4, 41, 65, 73
1060, 1074, 1112, 1116, 1144, 1168, 1199, 1202, 1238, 1241, 1277, 1288, 1315, 1337, 1355, 1379, 1391, 1419, 1442, 1448, 1474, 1503, 1518, 1534, 4, 41, 65, 74
1060, 1074, 1112, 1116, 1144, 1168, 1199, 1202, 1238, 1241, 1277, 1288, 1315, 1337, 1355, 1380, 1392, 1418, 1441, 1446, 1472, 1506, 1521, 1520, 1553, 1, 40, 67, 75
1060, 1074, 1112, 1116, 1144, 1168, 1199, 1202, 1238, 1241, 1277, 1288, 1315, 1337, 1355, 1380, 1392, 1418, 1441, 1446, 1472, 1506, 1521, 1520, 1553, 1, 40, 67, 76
1060, 1074, 1112, 1116, 1144, 1168, 1199, 1202, 1238, 1241, 1277, 1288, 1315, 1337, 1355, 1380, 1392, 1418, 1441, 1446, 1472, 1506, 1521, 1551, 1550, 20, 38, 46, 77
1060, 1074, 1112, 1116, 1144, 1168, 1199, 1202, 1238, 1241, 1277, 1288, 1315, 1337, 1355, 1380, 1392, 1418, 1441, 1446, 1472, 1506, 1521, 1551, 1550, 20, 38, 46, 78
1060, 1074, 1112, 1116, 1144, 1168, 1199, 1202, 1238, 1241, 1277, 1288, 1315, 1337, 1355, 1380, 1392, 1418, 1441, 1446, 1472, 1506, 1521, 1551, 1550, 20, 38, 46, 79
1060, 1074, 1112, 1116, 1144, 1168, 1199, 1202, 1237, 1242, 1259, 1286, 1314, 1338, 1357, 1382, 1393, 1417, 1440, 1465, 1469, 1508, 1523, 1549, 19, 37, 47, 80
1060, 1074, 1112, 1116, 1144, 1168, 1199, 1202, 1237, 1242, 1259, 1286, 1314, 1338, 1357, 1382, 1393, 1417, 1440, 1465, 1469, 1508, 1523, 1549, 19, 37, 47, 81
1060, 1074, 1112, 1116, 1144, 1168, 1199, 1202, 1237, 1242, 1259, 1286, 1314, 1338, 1357, 1382, 1393, 1417, 1440, 1465, 1469, 1508, 1523, 1549, 18, 36, 49, 82
1060, 1074, 1112, 1116, 1144, 1168, 1199, 1202, 1237, 1242, 1259, 1286, 1314, 1338, 1357, 1382, 1393, 1416, 1439, 1438, 1464, 1468, 1509, 1524, 1548, 1547, 16, 33, 51, 83
1060, 1059, 1070, 1094, 1108, 1121, 1122, 1151, 1163, 1186, 1208, 1232, 1248, 1264, 1279, 1306, 1323, 1343, 1366, 1399, 1409, 1434, 1459, 1488, 1491, 1527, 1545, 15, 31, 52, 84
1060, 1059, 1070, 1094, 1108, 1121, 1122, 1151, 1163, 1186, 1208, 1232, 1248, 1264, 1279, 1306, 1323, 1344, 1368, 1401, 1408, 1433, 1458, 1487, 1492, 1529, 1543, 13, 29, 54, 85
1060, 1059, 1070, 1094, 1108, 1121, 1122, 1151, 1163, 1186, 1208, 1232, 1248, 1264, 1279, 1306, 1323, 1344, 1368, 1401, 1408, 1433, 1458, 1487, 1492, 1529, 1543, 13, 29, 55, 86
1060, 1059, 1070, 1094, 1108, 1121, 1122, 1151, 1163, 1186, 1208, 1232, 1248, 1264, 1279, 1306, 1323, 1344, 1368, 1401, 1408, 1433, 1458, 1457, 1486, 1493, 1530, 1540, 11, 27, 56, 87
1060, 1059, 1070, 1094, 1108, 1121, 1122, 1151, 1163, 1186, 1208, 1232, 1248, 1264, 1279, 1306, 1323, 1344, 1368, 1401, 1408, 1433, 1458, 1457, 1486, 1493, 1530, 1540, 11, 27, 56, 88
1060, 1074, 1075, 1113, 1115, 1143, 1169, 1170, 1197, 1220, 1221, 1239, 1274, 1290, 1318, 1332, 1352, 1376, 1388, 1423, 1425, 1451, 1478, 1500, 1514, 1513, 1538, 1539, 10, 25, 59, 89
1060, 1059, 1070, 1094, 1108, 1121, 1122, 1151, 1163, 1186, 1208, 1232, 1248, 1264, 1279, 1306, 1323, 1343, 1366, 1399, 1409, 1434, 1459, 1488, 1491, 1527, 1545, 15, 31, 52, 84, 90
1060, 1059, 1070, 1094, 1108, 1121, 1122, 1151, 1163, 1186, 1208, 1232, 1248, 1264, 1279, 1306, 1323, 1343, 1366, 1399, 1409, 1434, 1459, 1488, 1491, 1527, 1545, 15, 31, 52, 84, 91
1060, 1074, 1112, 1116, 1144, 1168, 1199, 1202, 1237, 1242, 1259, 1286, 1314, 1338, 1357, 1382, 1393, 1417, 1440, 1465, 1469, 1508, 1523, 1549, 18, 36, 49, 82, 93, 92
1060, 1074, 1112, 1116, 1144, 1168, 1199, 1202, 1237, 1242, 1259, 1286, 1314, 1338, 1357, 1382, 1393, 1417, 1440, 1465, 1469, 1508, 1523, 1549, 18, 36, 49, 82, 93
1060, 1074, 1112, 1116, 1144, 1168, 1199, 1202, 1237, 1242, 1259, 1286, 1314, 1338, 1357, 1382, 1393, 1417, 1440, 1465, 1469, 1508, 1523, 1549, 18, 36, 49, 82, 94
1060, 1074, 1112, 1116, 1144, 1168, 1199, 1202, 1237, 1242, 1259, 1286, 1314, 1338, 1357, 1382, 1393, 1417, 1440, 1465, 1469, 1508, 1523, 1549, 19, 37, 47, 80, 95
1060, 1074, 1112, 1116, 1144, 1168, 1199, 1202, 1238, 1241, 1277, 1288, 1315, 1337, 1355, 1380, 1392, 1418, 1441, 1446, 1472, 1506, 1521, 1551, 1550, 20, 38, 46, 78, 96
1060, 1074, 1112, 1116, 1144, 1168, 1199, 1202, 1238, 1241, 1277, 1288, 1315, 1337, 1355, 1380, 1392, 1418, 1441, 1446, 1472, 1506, 1521, 1520, 1553, 1, 40, 67, 75, 97
1060, 1074, 1112, 1116, 1144, 1168, 1199, 1202, 1238, 1241, 1277, 1288, 1315, 1337, 1355, 1380, 1392, 1418, 1441, 1446, 1472, 1506, 1521, 1520, 1553, 1, 40, 67, 75, 97, 98
1060, 1074, 1112, 1116, 1144, 1168, 1199, 1202, 1238, 1241, 1277, 1288, 1315, 1337, 1355, 1379, 1391, 1419, 1442, 1448, 1474, 1503, 1518, 1534, 4, 41, 65, 74, 99
