725, 699, 673, 665, 633, 615, 586, 575, 563, 525, 523, 495, 465, 466, 450, 430, 405, 388, 353, 343, 316, 299, 266, 243, 231, 215, 183, 168, 134, 122, 96, 78, 46, 38, 39, 0
725, 699, 673, 665, 633, 615, 586, 575, 563, 525, 523, 495, 465, 466, 450, 430, 405, 388, 353, 343, 316, 299, 266, 243, 231, 215, 183, 167, 135, 120, 97, 75, 67, 40, 1
725, 699, 673, 665, 633, 615, 586, 575, 563, 525, 523, 495, 465, 449, 427, 407, 391, 371, 345, 320, 296, 268, 245, 233, 217, 181, 165, 138, 119, 99, 74, 65, 41, 2
725, 699, 673, 665, 633, 615, 586, 575, 563, 525, 523, 495, 465, 449, 427, 407, 391, 371, 345, 320, 296, 268, 245, 233, 217, 181, 165, 138, 119, 99, 74, 65, 41, 3
725, 699, 673, 665, 633, 615, 586, 575, 563, 525, 523, 495, 465, 449, 427, 407, 391, 371, 345, 320, 296, 268, 245, 233, 217, 181, 165, 138, 119, 99, 74, 65, 41, 4
725, 699, 673, 665, 633, 615, 586, 575, 563, 525, 523, 495, 465, 449, 427, 407, 391, 371, 345, 321, 295, 269, 247, 234, 196, 179, 164, 140, 118, 101, 71, 62, 43, 5
725, 699, 673, 665, 633, 615, 586, 575, 563, 525, 523, 495, 465, 449, 427, 407, 391, 371, 345, 321, 295, 269, 247, 234, 196, 179, 164, 140, 118, 101, 71, 62, 44, 6
725, 699, 673, 665, 633, 615, 616, 609, 577, 561, 527, 505, 492, 461, 446, 423, 411, 373, 366, 351, 324, 291, 273, 250, 237, 199, 175, 162, 143, 115, 105, 68, 60, 23, 7
725, 699, 673, 665, 633, 615, 616, 609, 577, 561, 527, 505, 492, 461, 446, 423, 411, 373, 366, 351, 324, 291, 273, 250, 237, 199, 175, 162, 143, 115, 105, 68, 60, 23, 8
725, 699, 673, 665, 633, 615, 616, 609, 577, 561, 527, 505, 492, 461, 446, 423, 411, 373, 366, 351, 324, 291, 273, 251, 238, 200, 195, 160, 159, 145, 112, 107, 89, 59, 25, 9
725, 699, 673, 665, 633, 615, 616, 609, 577, 561, 527, 505, 492, 461, 446, 423, 411, 373, 366, 351, 324, 291, 273, 251, 238, 200, 195, 160, 159, 145, 112, 107, 89, 59, 25, 10
725, 699, 673, 665, 633, 615, 616, 609, 577, 561, 527, 505, 492, 461, 446, 423, 411, 373, 366, 351, 324, 291, 273, 251, 238, 200, 195, 160, 159, 145, 112, 107, 89, 57, 26, 11
725, 699, 673, 665, 633, 615, 616, 609, 577, 561, 527, 505, 492, 461, 446, 423, 411, 373, 366, 351, 324, 291, 273, 251, 238, 200, 195, 160, 159, 145, 112, 107, 89, 57, 26, 11, 12
725, 724, 723, 747, 781, 793, 828, 850, 875, 896, 907, 923, 952, 971, 996, 1020, 1037, 1056, 1091, 1107, 1122, 1151, 1163, 1186, 1208, 1232, 1248, 1264, 1279, 1306, 1323, 1344, 1368, 1401, 1408, 1433, 1458, 1487, 1492, 1529, 1543, 13
725, 724, 723, 747, 781, 793, 828, 850, 875, 896, 907, 923, 952, 971, 996, 1020, 1037, 1056, 1091, 1107, 1122, 1151, 1163, 1186, 1208, 1232, 1248, 1264, 1279, 1306, 1323, 1344, 1368, 1401, 1408, 1433, 1458, 1487, 1492, 1528, 1544, 14
725, 699, 673, 665, 633, 615, 586, 575, 563, 525, 523, 495, 465, 466, 450, 430, 405, 388, 353, 343, 316, 301, 264, 241, 229, 213, 185, 172, 153, 125, 93, 92, 83, 51, 32, 15
725, 699, 673, 665, 633, 615, 586, 575, 563, 525, 523, 495, 465, 466, 450, 430, 405, 388, 353, 343, 316, 301, 264, 241, 229, 213, 185, 172, 153, 125, 93, 92, 83, 51, 33, 16
725, 699, 673, 665, 633, 615, 586, 575, 563, 525, 523, 495, 465, 466, 450, 430, 405, 388, 353, 343, 316, 299, 266, 243, 231, 215, 183, 168, 134, 122, 96, 78, 46, 38, 20, 19, 18, 17
725, 699, 673, 665, 633, 615, 586, 575, 563, 525, 523, 495, 465, 466, 450, 430, 405, 388, 353, 343, 316, 299, 266, 243, 231, 215, 183, 168, 134, 122, 96, 78, 46, 38, 20, 19, 18
725, 699, 673, 665, 633, 615, 586, 575, 563, 525, 523, 495, 465, 466, 450, 430, 405, 388, 353, 343, 316, 299, 266, 243, 231, 215, 183, 168, 134, 122, 96, 78, 46, 38, 20, 19
725, 699, 673, 665, 633, 615, 586, 575, 563, 525, 523, 495, 465, 466, 450, 430, 405, 388, 353, 343, 316, 299, 266, 243, 231, 215, 183, 168, 134, 122, 96, 78, 46, 38, 20
725, 699, 673, 665, 633, 615, 616, 609, 577, 561, 527, 505, 492, 461, 446, 423, 411, 373, 366, 351, 324, 291, 273, 250, 237, 199, 175, 162, 143, 115, 105, 68, 60, 21
725, 699, 673, 665, 633, 615, 616, 609, 577, 561, 527, 505, 492, 461, 446, 423, 411, 373, 366, 351, 324, 291, 273, 250, 237, 199, 175, 162, 143, 115, 105, 68, 60, 61, 22
725, 699, 673, 665, 633, 615, 616, 609, 577, 561, 527, 505, 492, 461, 446, 423, 411, 373, 366, 351, 324, 291, 273, 250, 237, 199, 175, 162, 143, 115, 105, 68, 60, 23
725, 699, 673, 665, 633, 615, 616, 609, 577, 561, 527, 505, 492, 461, 446, 423, 411, 373, 366, 351, 324, 291, 273, 250, 237, 199, 175, 162, 143, 115, 105, 68, 60, 24
725, 699, 673, 665, 633, 615, 616, 609, 577, 561, 527, 505, 492, 461, 446, 423, 411, 373, 366, 351, 324, 291, 273, 251, 238, 200, 195, 160, 159, 145, 112, 107, 89, 59, 25
725, 699, 673, 665, 633, 615, 616, 609, 577, 561, 527, 505, 492, 461, 446, 423, 411, 373, 366, 351, 324, 291, 273, 251, 238, 200, 195, 160, 159, 145, 112, 107, 89, 57, 26
725, 699, 673, 665, 633, 615, 616, 609, 577, 561, 527, 505, 492, 461, 446, 423, 411, 373, 366, 351, 324, 291, 273, 251, 238, 200, 195, 160, 159, 145, 112, 107, 89, 57, 26, 27
725, 699, 673, 665, 633, 615, 616, 609, 577, 561, 527, 505, 492, 461, 446, 423, 411, 373, 366, 351, 324, 291, 273, 251, 238, 200, 195, 160, 159, 145, 112, 107, 89, 57, 26, 27, 28
725, 699, 673, 665, 633, 615, 616, 609, 577, 561, 527, 505, 492, 461, 446, 423, 411, 373, 366, 351, 324, 291, 273, 251, 238, 200, 195, 160, 159, 145, 132, 108, 88, 56, 55, 29
725, 699, 700, 674, 667, 631, 613, 589, 573, 565, 541, 521, 497, 467, 451, 432, 404, 386, 385, 356, 338, 314, 302, 283, 261, 226, 210, 188, 173, 151, 127, 90, 84, 52, 30
725, 699, 673, 665, 633, 615, 586, 575, 563, 525, 523, 495, 465, 466, 450, 430, 405, 388, 353, 343, 316, 301, 264, 241, 229, 213, 185, 172, 153, 125, 93, 92, 83, 51, 32, 31
725, 699, 673, 665, 633, 615, 586, 575, 563, 525, 523, 495, 465, 466, 450, 430, 405, 388, 353, 343, 316, 301, 264, 241, 229, 213, 185, 172, 153, 125, 93, 92, 83, 51, 32
725, 699, 673, 665, 633, 615, 586, 575, 563, 525, 523, 495, 465, 466, 450, 430, 405, 388, 353, 343, 316, 301, 264, 241, 229, 213, 185, 172, 153, 125, 93, 92, 83, 51, 33
725, 699, 673, 665, 633, 615, 586, 575, 563, 525, 523, 495, 465, 466, 450, 430, 405, 388, 353, 343, 316, 301, 264, 241, 229, 213, 185, 172, 153, 125, 93, 92, 83, 51, 33, 34
725, 699, 673, 665, 633, 615, 586, 575, 563, 525, 523, 495, 465, 466, 450, 430, 405, 388, 353, 343, 316, 301, 264, 241, 229, 213, 185, 171, 154, 123, 94, 82, 49, 35
725, 699, 673, 665, 633, 615, 586, 575, 563, 525, 523, 495, 465, 466, 450, 430, 405, 388, 353, 343, 316, 299, 266, 243, 231, 215, 183, 168, 134, 122, 96, 78, 46, 38, 37, 36
725, 699, 673, 665, 633, 615, 586, 575, 563, 525, 523, 495, 465, 466, 450, 430, 405, 388, 353, 343, 316, 299, 266, 243, 231, 215, 183, 168, 134, 122, 96, 78, 46, 38, 37
725, 699, 673, 665, 633, 615, 586, 575, 563, 525, 523, 495, 465, 466, 450, 430, 405, 388, 353, 343, 316, 299, 266, 243, 231, 215, 183, 168, 134, 122, 96, 78, 46, 38
725, 699, 673, 665, 633, 615, 586, 575, 563, 525, 523, 495, 465, 466, 450, 430, 405, 388, 353, 343, 316, 299, 266, 243, 231, 215, 183, 168, 134, 122, 96, 78, 46, 38, 39
725, 699, 673, 665, 633, 615, 586, 575, 563, 525, 523, 495, 465, 466, 450, 430, 405, 388, 353, 343, 316, 299, 266, 243, 231, 215, 183, 167, 135, 120, 97, 75, 67, 40
725, 699, 673, 665, 633, 615, 586, 575, 563, 525, 523, 495, 465, 449, 427, 407, 391, 371, 345, 320, 296, 268, 245, 233, 217, 181, 165, 138, 119, 99, 74, 65, 41
725, 699, 673, 665, 633, 615, 586, 575, 563, 525, 523, 495, 465, 449, 427, 407, 391, 371, 345, 321, 295, 269, 247, 234, 196, 179, 164, 140, 118, 101, 72, 63, 42
725, 699, 673, 665, 633, 615, 586, 575, 563, 525, 523, 495, 465, 449, 427, 407, 391, 371, 345, 321, 295, 269, 247, 234, 196, 179, 164, 140, 118, 101, 71, 62, 43
725, 699, 673, 665, 633, 615, 586, 575, 563, 525, 523, 495, 465, 449, 427, 407, 391, 371, 345, 321, 295, 269, 247, 234, 196, 179, 164, 140, 118, 101, 71, 62, 44
725, 699, 673, 665, 633, 615, 586, 575, 563, 525, 523, 495, 465, 449, 427, 407, 391, 371, 345, 321, 295, 269, 247, 234, 196, 179, 164, 140, 118, 101, 71, 62, 45
725, 699, 673, 665, 633, 615, 586, 575, 563, 525, 523, 495, 465, 466, 450, 430, 405, 388, 353, 343, 316, 299, 266, 243, 231, 215, 183, 168, 134, 122, 96, 78, 46
725, 699, 673, 665, 633, 615, 586, 575, 563, 525, 523, 495, 465, 466, 450, 430, 405, 388, 353, 343, 316, 299, 266, 243, 231, 215, 183, 168, 134, 122, 96, 78, 46, 47
725, 699, 673, 665, 633, 615, 586, 575, 563, 525, 523, 495, 465, 466, 450, 430, 405, 388, 353, 343, 316, 299, 266, 243, 231, 215, 183, 168, 134, 122, 96, 78, 46, 47, 48
725, 699, 673, 665, 633, 615, 586, 575, 563, 525, 523, 495, 465, 466, 450, 430, 405, 388, 353, 343, 316, 301, 264, 241, 229, 213, 185, 171, 154, 123, 94, 82, 49
725, 699, 673, 665, 633, 615, 586, 575, 563, 525, 523, 495, 465, 466, 450, 430, 405, 388, 353, 343, 316, 301, 264, 241, 229, 213, 185, 171, 154, 123, 94, 82, 49, 50
725, 699, 673, 665, 633, 615, 586, 575, 563, 525, 523, 495, 465, 466, 450, 430, 405, 388, 353, 343, 316, 301, 264, 241, 229, 213, 185, 172, 153, 125, 93, 92, 83, 51
725, 699, 700, 674, 667, 631, 613, 589, 573, 565, 541, 521, 497, 467, 451, 432, 404, 386, 385, 356, 338, 314, 302, 283, 261, 226, 210, 188, 173, 151, 127, 90, 84, 52
725, 699, 700, 674, 667, 631, 613, 589, 573, 565, 541, 521, 497, 467, 451, 432, 404, 386, 385, 356, 338, 314, 302, 283, 261, 226, 210, 188, 173, 151, 127, 90, 84, 53
725, 699, 700, 674, 667, 631, 613, 589, 573, 565, 541, 521, 497, 467, 451, 432, 404, 386, 385, 356, 338, 314, 302, 283, 261, 226, 210, 188, 173, 151, 127, 90, 84, 53, 54
725, 699, 673, 665, 633, 615, 616, 609, 577, 561, 527, 505, 492, 461, 446, 423, 411, 373, 366, 351, 324, 291, 273, 251, 238, 200, 195, 160, 159, 145, 132, 108, 88, 56, 55
725, 699, 673, 665, 633, 615, 616, 609, 577, 561, 527, 505, 492, 461, 446, 423, 411, 373, 366, 351, 324, 291, 273, 251, 238, 200, 195, 160, 159, 145, 132, 108, 88, 56
725, 699, 673, 665, 633, 615, 616, 609, 577, 561, 527, 505, 492, 461, 446, 423, 411, 373, 366, 351, 324, 291, 273, 251, 238, 200, 195, 160, 159, 145, 112, 107, 89, 57
725, 699, 673, 665, 633, 615, 616, 609, 577, 561, 527, 505, 492, 461, 446, 423, 411, 373, 366, 351, 324, 291, 273, 251, 238, 200, 195, 160, 159, 145, 112, 107, 89, 58
725, 699, 673, 665, 633, 615, 616, 609, 577, 561, 527, 505, 492, 461, 446, 423, 411, 373, 366, 351, 324, 291, 273, 251, 238, 200, 195, 160, 159, 145, 112, 107, 89, 59
725, 699, 673, 665, 633, 615, 616, 609, 577, 561, 527, 505, 492, 461, 446, 423, 411, 373, 366, 351, 324, 291, 273, 250, 237, 199, 175, 162, 143, 115, 105, 68, 60
725, 699, 673, 665, 633, 615, 616, 609, 577, 561, 527, 505, 492, 461, 446, 423, 411, 373, 366, 351, 324, 291, 273, 250, 237, 199, 175, 162, 143, 115, 105, 68, 60, 61
725, 699, 673, 665, 633, 615, 586, 575, 563, 525, 523, 495, 465, 449, 427, 407, 391, 371, 345, 321, 295, 269, 247, 234, 196, 179, 164, 140, 118, 101, 71, 62
725, 699, 673, 665, 633, 615, 586, 575, 563, 525, 523, 495, 465, 449, 427, 407, 391, 371, 345, 321, 295, 269, 247, 234, 196, 179, 164, 140, 118, 101, 72, 63
725, 699, 673, 665, 633, 615, 586, 575, 563, 525, 523, 495, 465, 449, 427, 407, 391, 371, 345, 321, 295, 269, 247, 234, 196, 179, 164, 140, 118, 101, 72, 64
725, 699, 673, 665, 633, 615, 586, 575, 563, 525, 523, 495, 465, 449, 427, 407, 391, 371, 345, 320, 296, 268, 245, 233, 217, 181, 165, 138, 119, 99, 74, 65
725, 699, 673, 665, 633, 615, 586, 575, 563, 525, 523, 495, 465, 449, 427, 407, 391, 371, 345, 320, 296, 268, 245, 233, 217, 181, 165, 138, 119, 99, 74, 66
725, 699, 673, 665, 633, 615, 586, 575, 563, 525, 523, 495, 465, 466, 450, 430, 405, 388, 353, 343, 316, 299, 266, 243, 231, 215, 183, 167, 135, 120, 97, 75, 67
725, 699, 673, 665, 633, 615, 616, 609, 577, 561, 527, 505, 492, 461, 446, 423, 411, 373, 366, 351, 324, 291, 273, 250, 237, 199, 175, 162, 143, 115, 105, 68
725, 699, 673, 665, 633, 615, 616, 609, 577, 561, 527, 505, 492, 461, 446, 423, 411, 373, 366, 351, 324, 291, 273, 250, 237, 199, 175, 162, 143, 115, 105, 68, 69
725, 699, 673, 665, 633, 615, 586, 575, 563, 525, 523, 495, 465, 449, 427, 407, 391, 371, 345, 321, 295, 269, 247, 234, 196, 179, 164, 140, 118, 101, 70
725, 699, 673, 665, 633, 615, 586, 575, 563, 525, 523, 495, 465, 449, 427, 407, 391, 371, 345, 321, 295, 269, 247, 234, 196, 179, 164, 140, 118, 101, 71
725, 699, 673, 665, 633, 615, 586, 575, 563, 525, 523, 495, 465, 449, 427, 407, 391, 371, 345, 321, 295, 269, 247, 234, 196, 179, 164, 140, 118, 101, 72
725, 699, 673, 665, 633, 615, 586, 575, 563, 525, 523, 495, 465, 449, 427, 407, 391, 371, 345, 320, 296, 268, 245, 233, 217, 181, 165, 138, 119, 99, 73
725, 699, 673, 665, 633, 615, 586, 575, 563, 525, 523, 495, 465, 449, 427, 407, 391, 371, 345, 320, 296, 268, 245, 233, 217, 181, 165, 138, 119, 99, 74
725, 699, 673, 665, 633, 615, 586, 575, 563, 525, 523, 495, 465, 466, 450, 430, 405, 388, 353, 343, 316, 299, 266, 243, 231, 215, 183, 167, 135, 120, 97, 75
725, 699, 673, 665, 633, 615, 586, 575, 563, 525, 523, 495, 465, 466, 450, 430, 405, 388, 353, 343, 316, 299, 266, 243, 231, 215, 183, 168, 134, 122, 96, 77, 76
725, 699, 673, 665, 633, 615, 586, 575, 563, 525, 523, 495, 465, 466, 450, 430, 405, 388, 353, 343, 316, 299, 266, 243, 231, 215, 183, 168, 134, 122, 96, 77
725, 699, 673, 665, 633, 615, 586, 575, 563, 525, 523, 495, 465, 466, 450, 430, 405, 388, 353, 343, 316, 299, 266, 243, 231, 215, 183, 168, 134, 122, 96, 78
725, 699, 673, 665, 633, 615, 586, 575, 563, 525, 523, 495, 465, 466, 450, 430, 405, 388, 353, 343, 316, 299, 266, 243, 231, 215, 183, 168, 134, 122, 96, 79
725, 699, 673, 665, 633, 615, 586, 575, 563, 525, 523, 495, 465, 466, 450, 430, 405, 388, 353, 343, 316, 299, 266, 243, 231, 215, 183, 168, 134, 122, 96, 95, 80
725, 699, 673, 665, 633, 615, 586, 575, 563, 525, 523, 495, 465, 466, 450, 430, 405, 388, 353, 343, 316, 299, 266, 243, 231, 215, 183, 168, 134, 122, 96, 95, 81
725, 699, 673, 665, 633, 615, 586, 575, 563, 525, 523, 495, 465, 466, 450, 430, 405, 388, 353, 343, 316, 301, 264, 241, 229, 213, 185, 171, 154, 123, 94, 82
725, 699, 673, 665, 633, 615, 586, 575, 563, 525, 523, 495, 465, 466, 450, 430, 405, 388, 353, 343, 316, 301, 264, 241, 229, 213, 185, 172, 153, 125, 93, 92, 83
725, 699, 700, 674, 667, 631, 613, 589, 573, 565, 541, 521, 497, 467, 451, 432, 404, 386, 385, 356, 338, 314, 302, 283, 261, 226, 210, 188, 173, 151, 127, 90, 84
725, 699, 673, 665, 633, 615, 616, 609, 577, 561, 527, 505, 492, 461, 446, 423, 411, 373, 366, 351, 352, 326, 290, 274, 275, 253, 220, 203, 193, 157, 146, 131, 130, 111, 85
725, 699, 673, 665, 633, 615, 616, 609, 577, 561, 527, 505, 492, 461, 446, 423, 411, 373, 366, 351, 324, 291, 273, 251, 238, 200, 195, 160, 159, 145, 132, 108, 88, 87, 86
725, 699, 673, 665, 633, 615, 616, 609, 577, 561, 527, 505, 492, 461, 446, 423, 411, 373, 366, 351, 324, 291, 273, 251, 238, 200, 195, 160, 159, 145, 132, 108, 88, 87
725, 699, 673, 665, 633, 615, 616, 609, 577, 561, 527, 505, 492, 461, 446, 423, 411, 373, 366, 351, 324, 291, 273, 251, 238, 200, 195, 160, 159, 145, 132, 108, 88
725, 699, 673, 665, 633, 615, 616, 609, 577, 561, 527, 505, 492, 461, 446, 423, 411, 373, 366, 351, 324, 291, 273, 251, 238, 200, 195, 160, 159, 145, 112, 107, 89
725, 699, 700, 674, 667, 631, 613, 589, 573, 565, 541, 521, 497, 467, 451, 432, 404, 386, 385, 356, 338, 314, 302, 283, 261, 226, 210, 188, 173, 151, 127, 90
725, 699, 700, 674, 667, 631, 613, 589, 573, 565, 541, 521, 497, 467, 451, 432, 404, 386, 385, 356, 338, 314, 302, 283, 261, 226, 210, 188, 173, 151, 127, 91
725, 699, 673, 665, 633, 615, 586, 575, 563, 525, 523, 495, 465, 466, 450, 430, 405, 388, 353, 343, 316, 301, 264, 241, 229, 213, 185, 172, 153, 125, 93, 92
725, 699, 673, 665, 633, 615, 586, 575, 563, 525, 523, 495, 465, 466, 450, 430, 405, 388, 353, 343, 316, 301, 264, 241, 229, 213, 185, 172, 153, 125, 93
725, 699, 673, 665, 633, 615, 586, 575, 563, 525, 523, 495, 465, 466, 450, 430, 405, 388, 353, 343, 316, 301, 264, 241, 229, 213, 185, 171, 154, 123, 94
725, 699, 673, 665, 633, 615, 586, 575, 563, 525, 523, 495, 465, 466, 450, 430, 405, 388, 353, 343, 316, 299, 266, 243, 231, 215, 183, 168, 134, 122, 96, 95
725, 699, 673, 665, 633, 615, 586, 575, 563, 525, 523, 495, 465, 466, 450, 430, 405, 388, 353, 343, 316, 299, 266, 243, 231, 215, 183, 168, 134, 122, 96
725, 699, 673, 665, 633, 615, 586, 575, 563, 525, 523, 495, 465, 466, 450, 430, 405, 388, 353, 343, 316, 299, 266, 243, 231, 215, 183, 167, 135, 120, 97
725, 699, 673, 665, 633, 615, 586, 575, 563, 525, 523, 495, 465, 449, 427, 407, 391, 371, 345, 320, 296, 268, 245, 233, 217, 181, 165, 138, 119, 99, 98
725, 699, 673, 665, 633, 615, 586, 575, 563, 525, 523, 495, 465, 449, 427, 407, 391, 371, 345, 320, 296, 268, 245, 233, 217, 181, 165, 138, 119, 99
