807, 821, 840, 861, 885, 918, 934, 962, 980, 1005, 1010, 1047, 1066, 1079, 1096, 1135, 1141, 1172, 1197, 1220, 1221, 1239, 1275, 1289, 1317, 1335, 1354, 1378, 1379, 1392, 1418, 1441, 1446, 1472, 1506, 1521, 1520, 1552, 0
807, 821, 840, 861, 885, 918, 934, 962, 980, 1005, 1010, 1047, 1066, 1079, 1096, 1135, 1141, 1172, 1197, 1220, 1221, 1239, 1275, 1289, 1317, 1335, 1354, 1378, 1379, 1392, 1418, 1441, 1446, 1472, 1506, 1521, 1520, 1553, 1
807, 821, 840, 861, 885, 918, 934, 962, 980, 1005, 1010, 1047, 1066, 1079, 1096, 1135, 1141, 1172, 1197, 1220, 1221, 1239, 1275, 1289, 1317, 1335, 1354, 1377, 1390, 1421, 1443, 1449, 1475, 1474, 1504, 1519, 1533, 2
807, 821, 840, 861, 885, 918, 934, 962, 980, 1005, 1010, 1047, 1066, 1079, 1096, 1135, 1141, 1172, 1197, 1220, 1221, 1239, 1275, 1289, 1317, 1335, 1354, 1377, 1390, 1421, 1443, 1449, 1475, 1474, 1504, 1519, 1533, 3
807, 821, 840, 861, 885, 918, 934, 962, 980, 1005, 1010, 1047, 1066, 1079, 1096, 1135, 1141, 1172, 1197, 1220, 1221, 1239, 1275, 1289, 1317, 1335, 1354, 1377, 1390, 1421, 1443, 1449, 1475, 1502, 1518, 1534, 4
807, 821, 840, 861, 885, 918, 934, 962, 980, 1005, 1010, 1047, 1066, 1079, 1096, 1135, 1141, 1172, 1197, 1220, 1221, 1239, 1275, 1289, 1317, 1335, 1354, 1377, 1390, 1421, 1443, 1449, 1475, 1502, 1517, 1535, 5
807, 821, 840, 861, 885, 918, 934, 962, 980, 1005, 1010, 1047, 1066, 1079, 1097, 1134, 1140, 1174, 1195, 1218, 1223, 1258, 1273, 1292, 1320, 1331, 1351, 1375, 1388, 1423, 1425, 1451, 1478, 1501, 1515, 1536, 6
807, 821, 840, 861, 885, 918, 934, 962, 980, 1005, 1010, 1047, 1066, 1079, 1097, 1134, 1140, 1174, 1195, 1218, 1223, 1258, 1273, 1292, 1320, 1331, 1351, 1375, 1388, 1423, 1425, 1451, 1478, 1500, 1499, 1512, 1537, 7
807, 821, 840, 861, 885, 918, 934, 962, 980, 1005, 1010, 1047, 1066, 1079, 1097, 1134, 1140, 1174, 1195, 1218, 1223, 1258, 1273, 1292, 1320, 1331, 1351, 1375, 1388, 1423, 1425, 1451, 1478, 1500, 1514, 1513, 1538, 8
807, 790, 760, 735, 713, 689, 657, 640, 622, 604, 582, 556, 531, 508, 488, 478, 442, 420, 415, 375, 364, 331, 327, 288, 275, 253, 220, 202, 194, 159, 145, 112, 107, 89, 59, 25, 9
807, 790, 760, 735, 713, 689, 657, 640, 622, 604, 582, 556, 531, 508, 488, 478, 442, 420, 415, 375, 364, 331, 327, 288, 275, 253, 220, 202, 194, 159, 145, 112, 107, 89, 59, 25, 10
807, 790, 760, 735, 713, 689, 657, 640, 622, 604, 582, 556, 531, 508, 488, 478, 442, 420, 415, 375, 364, 331, 327, 288, 275, 253, 220, 202, 194, 159, 145, 112, 107, 89, 57, 26, 11
807, 821, 840, 861, 885, 918, 934, 962, 980, 1005, 1010, 1047, 1067, 1080, 1098, 1133, 1139, 1175, 1193, 1217, 1224, 1255, 1271, 1294, 1301, 1329, 1328, 1347, 1371, 1384, 1406, 1430, 1456, 1484, 1494, 1530, 1542, 12
807, 790, 760, 735, 712, 688, 656, 642, 623, 602, 601, 585, 554, 533, 510, 483, 475, 458, 438, 397, 380, 360, 335, 310, 305, 280, 257, 223, 207, 190, 155, 148, 129, 111, 85, 54, 29, 13
807, 790, 760, 735, 712, 688, 656, 642, 623, 602, 601, 585, 554, 533, 510, 483, 475, 458, 438, 397, 380, 360, 335, 310, 305, 281, 260, 225, 209, 188, 173, 151, 127, 90, 84, 52, 30, 14
807, 790, 760, 735, 712, 688, 656, 642, 623, 602, 601, 585, 554, 533, 510, 483, 475, 458, 438, 397, 380, 360, 335, 310, 305, 281, 260, 225, 209, 188, 173, 151, 127, 90, 84, 52, 31, 15
807, 790, 760, 735, 712, 688, 656, 642, 623, 602, 601, 585, 554, 533, 510, 483, 475, 458, 438, 397, 380, 360, 335, 310, 305, 281, 260, 225, 209, 188, 173, 152, 126, 92, 83, 51, 33, 16
807, 821, 840, 861, 885, 918, 934, 962, 980, 1005, 1010, 1047, 1066, 1079, 1096, 1135, 1141, 1172, 1197, 1220, 1221, 1239, 1275, 1289, 1317, 1335, 1354, 1378, 1379, 1392, 1418, 1441, 1446, 1472, 1506, 1521, 1551, 1550, 1549, 17
807, 821, 840, 861, 885, 918, 934, 962, 980, 1005, 1010, 1047, 1066, 1079, 1096, 1135, 1141, 1172, 1197, 1220, 1221, 1239, 1275, 1289, 1317, 1335, 1354, 1378, 1379, 1392, 1418, 1441, 1446, 1472, 1506, 1521, 1551, 1550, 1549, 18
807, 821, 840, 861, 885, 918, 934, 962, 980, 1005, 1010, 1047, 1066, 1079, 1096, 1135, 1141, 1172, 1197, 1220, 1221, 1239, 1275, 1289, 1317, 1335, 1354, 1378, 1379, 1392, 1418, 1441, 1446, 1472, 1506, 1521, 1551, 1550, 1549, 19
807, 821, 840, 861, 885, 918, 934, 962, 980, 1005, 1010, 1047, 1066, 1079, 1096, 1135, 1141, 1172, 1197, 1220, 1221, 1239, 1275, 1289, 1317, 1335, 1354, 1378, 1379, 1392, 1418, 1441, 1446, 1472, 1506, 1521, 1551, 1550, 20
807, 808, 789, 764, 731, 718, 693, 661, 637, 619, 607, 578, 560, 528, 504, 492, 461, 446, 423, 411, 373, 366, 351, 324, 291, 273, 250, 237, 199, 175, 162, 143, 115, 105, 68, 60, 21
807, 808, 789, 764, 731, 718, 693, 661, 637, 619, 607, 578, 560, 528, 504, 492, 461, 446, 423, 411, 373, 366, 351, 324, 291, 273, 250, 237, 199, 175, 162, 143, 115, 105, 68, 60, 61, 22
807, 821, 840, 861, 885, 918, 934, 962, 980, 1005, 1010, 1047, 1066, 1079, 1097, 1134, 1140, 1174, 1195, 1218, 1223, 1258, 1273, 1292, 1320, 1331, 1351, 1375, 1388, 1423, 1425, 1451, 1478, 1500, 1499, 1512, 1537, 7, 23
807, 821, 840, 861, 885, 918, 934, 962, 980, 1005, 1010, 1047, 1066, 1079, 1097, 1134, 1140, 1174, 1195, 1218, 1223, 1258, 1273, 1292, 1320, 1331, 1351, 1375, 1388, 1423, 1425, 1451, 1478, 1500, 1514, 1513, 1538, 8, 24
807, 790, 760, 735, 713, 689, 657, 640, 622, 604, 582, 556, 531, 508, 488, 478, 442, 420, 415, 375, 364, 331, 327, 288, 275, 253, 220, 202, 194, 159, 145, 112, 107, 89, 59, 25
807, 790, 760, 735, 713, 689, 657, 640, 622, 604, 582, 556, 531, 508, 488, 478, 442, 420, 415, 375, 364, 331, 327, 288, 275, 253, 220, 202, 194, 159, 145, 112, 107, 89, 57, 26
807, 790, 760, 735, 713, 689, 657, 640, 622, 604, 582, 556, 531, 508, 488, 478, 442, 420, 415, 375, 364, 331, 327, 288, 275, 253, 220, 202, 194, 159, 145, 112, 107, 89, 57, 26, 27
807, 790, 760, 735, 712, 688, 656, 642, 623, 602, 601, 585, 554, 533, 510, 483, 475, 458, 438, 397, 380, 360, 335, 310, 305, 280, 257, 223, 207, 190, 155, 148, 129, 111, 85, 55, 28
807, 790, 760, 735, 712, 688, 656, 642, 623, 602, 601, 585, 554, 533, 510, 483, 475, 458, 438, 397, 380, 360, 335, 310, 305, 280, 257, 223, 207, 190, 155, 148, 129, 111, 85, 54, 29
807, 790, 760, 735, 712, 688, 656, 642, 623, 602, 601, 585, 554, 533, 510, 483, 475, 458, 438, 397, 380, 360, 335, 310, 305, 281, 260, 225, 209, 188, 173, 151, 127, 90, 84, 52, 30
807, 790, 760, 735, 712, 688, 656, 642, 623, 602, 601, 585, 554, 533, 510, 483, 475, 458, 438, 397, 380, 360, 335, 310, 305, 281, 260, 225, 209, 188, 173, 151, 127, 90, 84, 52, 31
807, 790, 760, 735, 712, 688, 656, 642, 623, 602, 601, 585, 554, 533, 510, 483, 475, 458, 438, 397, 380, 360, 335, 310, 305, 281, 260, 225, 209, 188, 173, 152, 126, 92, 83, 51, 32
807, 790, 760, 735, 712, 688, 656, 642, 623, 602, 601, 585, 554, 533, 510, 483, 475, 458, 438, 397, 380, 360, 335, 310, 305, 281, 260, 225, 209, 188, 173, 152, 126, 92, 83, 51, 33
807, 790, 760, 735, 712, 688, 656, 642, 623, 602, 601, 585, 554, 533, 510, 483, 475, 458, 438, 397, 380, 360, 335, 310, 305, 281, 260, 225, 209, 188, 173, 152, 126, 92, 83, 51, 33, 34
807, 821, 840, 861, 885, 918, 934, 962, 980, 1005, 1010, 1047, 1066, 1079, 1096, 1135, 1141, 1172, 1197, 1220, 1221, 1239, 1275, 1289, 1317, 1335, 1354, 1378, 1379, 1392, 1418, 1441, 1446, 1472, 1506, 1521, 1551, 1550, 1549, 17, 35
807, 821, 840, 861, 885, 918, 934, 962, 980, 1005, 1010, 1047, 1066, 1079, 1096, 1135, 1141, 1172, 1197, 1220, 1221, 1239, 1275, 1289, 1317, 1335, 1354, 1378, 1379, 1392, 1418, 1441, 1446, 1472, 1506, 1521, 1551, 1550, 1549, 18, 36
807, 821, 840, 861, 885, 918, 934, 962, 980, 1005, 1010, 1047, 1066, 1079, 1096, 1135, 1141, 1172, 1197, 1220, 1221, 1239, 1275, 1289, 1317, 1335, 1354, 1378, 1379, 1392, 1418, 1441, 1446, 1472, 1506, 1521, 1551, 1550, 1549, 19, 37
807, 821, 840, 861, 885, 918, 934, 962, 980, 1005, 1010, 1047, 1066, 1079, 1096, 1135, 1141, 1172, 1197, 1220, 1221, 1239, 1275, 1289, 1317, 1335, 1354, 1378, 1379, 1392, 1418, 1441, 1446, 1472, 1506, 1521, 1551, 1550, 20, 38
807, 821, 840, 861, 885, 918, 934, 962, 980, 1005, 1010, 1047, 1066, 1079, 1096, 1135, 1141, 1172, 1197, 1220, 1221, 1239, 1275, 1289, 1317, 1335, 1354, 1378, 1379, 1392, 1418, 1441, 1446, 1472, 1506, 1521, 1520, 1552, 0, 39
807, 821, 840, 861, 885, 918, 934, 962, 980, 1005, 1010, 1047, 1066, 1079, 1096, 1135, 1141, 1172, 1197, 1220, 1221, 1239, 1275, 1289, 1317, 1335, 1354, 1378, 1379, 1392, 1418, 1441, 1446, 1472, 1506, 1521, 1520, 1553, 1, 40
807, 821, 840, 861, 885, 918, 934, 962, 980, 1005, 1010, 1047, 1066, 1079, 1096, 1135, 1141, 1172, 1197, 1220, 1221, 1239, 1275, 1289, 1317, 1335, 1354, 1377, 1390, 1421, 1443, 1449, 1475, 1502, 1518, 1534, 4, 41
807, 821, 840, 861, 885, 918, 934, 962, 980, 1005, 1010, 1047, 1066, 1079, 1096, 1135, 1141, 1172, 1197, 1220, 1221, 1239, 1275, 1289, 1317, 1335, 1354, 1377, 1390, 1421, 1443, 1449, 1475, 1502, 1517, 1535, 5, 42
807, 821, 840, 861, 885, 918, 934, 962, 980, 1005, 1010, 1047, 1066, 1079, 1096, 1135, 1141, 1172, 1197, 1220, 1221, 1239, 1275, 1289, 1317, 1335, 1354, 1377, 1390, 1421, 1443, 1449, 1475, 1502, 1517, 1535, 5, 43
807, 821, 840, 861, 885, 918, 934, 962, 980, 1005, 1010, 1047, 1066, 1079, 1097, 1134, 1140, 1174, 1195, 1218, 1223, 1258, 1273, 1292, 1320, 1331, 1351, 1375, 1388, 1423, 1425, 1451, 1478, 1501, 1515, 1536, 6, 44
807, 821, 840, 861, 885, 918, 934, 962, 980, 1005, 1010, 1047, 1066, 1079, 1097, 1134, 1140, 1174, 1195, 1218, 1223, 1258, 1273, 1292, 1320, 1331, 1351, 1375, 1388, 1423, 1425, 1451, 1478, 1501, 1515, 1536, 6, 45
807, 821, 840, 861, 885, 918, 934, 962, 980, 1005, 1010, 1047, 1066, 1079, 1096, 1135, 1141, 1172, 1197, 1220, 1221, 1239, 1275, 1289, 1317, 1335, 1354, 1378, 1379, 1392, 1418, 1441, 1446, 1472, 1506, 1521, 1551, 1550, 20, 38, 46
807, 821, 840, 861, 885, 918, 934, 962, 980, 1005, 1010, 1047, 1066, 1079, 1096, 1135, 1141, 1172, 1197, 1220, 1221, 1239, 1275, 1289, 1317, 1335, 1354, 1378, 1379, 1392, 1418, 1441, 1446, 1472, 1506, 1521, 1551, 1550, 1549, 19, 37, 47
807, 821, 840, 861, 885, 918, 934, 962, 980, 1005, 1010, 1047, 1066, 1079, 1096, 1135, 1141, 1172, 1197, 1220, 1221, 1239, 1275, 1289, 1317, 1335, 1354, 1378, 1379, 1392, 1418, 1441, 1446, 1472, 1506, 1521, 1551, 1550, 1549, 18, 36, 48
807, 821, 840, 861, 885, 918, 934, 962, 980, 1005, 1010, 1047, 1066, 1079, 1096, 1135, 1141, 1172, 1197, 1220, 1221, 1239, 1275, 1289, 1317, 1335, 1354, 1378, 1379, 1392, 1418, 1441, 1446, 1472, 1506, 1521, 1551, 1550, 1549, 18, 36, 49
807, 790, 760, 735, 712, 688, 656, 642, 623, 602, 601, 585, 554, 533, 510, 483, 475, 458, 438, 397, 380, 360, 335, 310, 305, 281, 260, 225, 209, 188, 173, 152, 126, 92, 83, 50
807, 790, 760, 735, 712, 688, 656, 642, 623, 602, 601, 585, 554, 533, 510, 483, 475, 458, 438, 397, 380, 360, 335, 310, 305, 281, 260, 225, 209, 188, 173, 152, 126, 92, 83, 51
807, 790, 760, 735, 712, 688, 656, 642, 623, 602, 601, 585, 554, 533, 510, 483, 475, 458, 438, 397, 380, 360, 335, 310, 305, 281, 260, 225, 209, 188, 173, 151, 127, 90, 84, 52
807, 790, 760, 735, 712, 688, 656, 642, 623, 602, 601, 585, 554, 533, 510, 483, 475, 458, 438, 397, 380, 360, 335, 310, 305, 281, 260, 225, 209, 188, 173, 151, 127, 90, 84, 53
807, 790, 760, 735, 712, 688, 656, 642, 623, 602, 601, 585, 554, 533, 510, 483, 475, 458, 438, 397, 380, 360, 335, 310, 305, 280, 257, 223, 207, 190, 155, 148, 129, 111, 85, 54
807, 790, 760, 735, 712, 688, 656, 642, 623, 602, 601, 585, 554, 533, 510, 483, 475, 458, 438, 397, 380, 360, 335, 310, 305, 280, 257, 223, 207, 190, 155, 148, 129, 111, 85, 55
807, 790, 760, 735, 713, 689, 657, 640, 622, 604, 582, 556, 531, 508, 488, 478, 442, 420, 415, 375, 364, 331, 327, 288, 275, 253, 220, 202, 194, 159, 145, 132, 108, 88, 56
807, 790, 760, 735, 713, 689, 657, 640, 622, 604, 582, 556, 531, 508, 488, 478, 442, 420, 415, 375, 364, 331, 327, 288, 275, 253, 220, 202, 194, 159, 145, 112, 107, 89, 57
807, 790, 760, 735, 713, 689, 657, 640, 622, 604, 582, 556, 531, 508, 488, 478, 442, 420, 415, 375, 364, 331, 327, 288, 275, 253, 220, 202, 194, 159, 145, 112, 107, 89, 58
807, 790, 760, 735, 713, 689, 657, 640, 622, 604, 582, 556, 531, 508, 488, 478, 442, 420, 415, 375, 364, 331, 327, 288, 275, 253, 220, 202, 194, 159, 145, 112, 107, 89, 59
807, 808, 789, 764, 731, 718, 693, 661, 637, 619, 607, 578, 560, 528, 504, 492, 461, 446, 423, 411, 373, 366, 351, 324, 291, 273, 250, 237, 199, 175, 162, 143, 115, 105, 68, 60
807, 808, 789, 764, 731, 718, 693, 661, 637, 619, 607, 578, 560, 528, 504, 492, 461, 446, 423, 411, 373, 366, 351, 324, 291, 273, 250, 237, 199, 175, 162, 143, 115, 105, 68, 60, 61
807, 821, 840, 861, 885, 918, 934, 962, 980, 1005, 1010, 1047, 1066, 1079, 1096, 1135, 1141, 1172, 1197, 1220, 1221, 1239, 1275, 1289, 1317, 1335, 1354, 1377, 1390, 1421, 1443, 1449, 1475, 1502, 1517, 1535, 5, 43, 62
807, 821, 840, 861, 885, 918, 934, 962, 980, 1005, 1010, 1047, 1066, 1079, 1096, 1135, 1141, 1172, 1197, 1220, 1221, 1239, 1275, 1289, 1317, 1335, 1354, 1377, 1390, 1421, 1443, 1449, 1475, 1502, 1517, 1535, 5, 42, 63
807, 821, 840, 861, 885, 918, 934, 962, 980, 1005, 1010, 1047, 1066, 1079, 1096, 1135, 1141, 1172, 1197, 1220, 1221, 1239, 1275, 1289, 1317, 1335, 1354, 1377, 1390, 1421, 1443, 1449, 1475, 1502, 1518, 1534, 4, 41, 65, 64
807, 821, 840, 861, 885, 918, 934, 962, 980, 1005, 1010, 1047, 1066, 1079, 1096, 1135, 1141, 1172, 1197, 1220, 1221, 1239, 1275, 1289, 1317, 1335, 1354, 1377, 1390, 1421, 1443, 1449, 1475, 1502, 1518, 1534, 4, 41, 65
807, 821, 840, 861, 885, 918, 934, 962, 980, 1005, 1010, 1047, 1066, 1079, 1096, 1135, 1141, 1172, 1197, 1220, 1221, 1239, 1275, 1289, 1317, 1335, 1354, 1378, 1379, 1392, 1418, 1441, 1446, 1472, 1506, 1521, 1520, 1553, 1, 40, 66
807, 821, 840, 861, 885, 918, 934, 962, 980, 1005, 1010, 1047, 1066, 1079, 1096, 1135, 1141, 1172, 1197, 1220, 1221, 1239, 1275, 1289, 1317, 1335, 1354, 1378, 1379, 1392, 1418, 1441, 1446, 1472, 1506, 1521, 1520, 1553, 1, 40, 67
807, 808, 789, 764, 731, 718, 693, 661, 637, 619, 607, 578, 560, 528, 504, 492, 461, 446, 423, 411, 373, 366, 351, 324, 291, 273, 250, 237, 199, 175, 162, 143, 115, 105, 68
807, 808, 789, 764, 731, 718, 693, 661, 637, 619, 607, 578, 560, 528, 504, 492, 461, 446, 423, 411, 373, 366, 351, 324, 291, 273, 250, 237, 199, 175, 162, 143, 115, 105, 68, 69
807, 808, 789, 764, 731, 718, 693, 661, 637, 619, 607, 578, 560, 528, 504, 492, 461, 446, 425, 408, 392, 368, 347, 322, 295, 269, 247, 234, 196, 179, 164, 140, 118, 101, 70
807, 808, 789, 764, 731, 718, 693, 661, 637, 619, 607, 578, 560, 528, 504, 492, 461, 446, 425, 408, 392, 368, 347, 322, 295, 269, 247, 234, 196, 179, 164, 140, 118, 101, 71
807, 808, 789, 764, 731, 718, 693, 661, 637, 619, 607, 578, 560, 528, 504, 492, 461, 446, 425, 408, 392, 368, 347, 322, 295, 269, 247, 234, 196, 179, 164, 140, 118, 101, 72
807, 821, 840, 861, 885, 918, 934, 962, 980, 1005, 1010, 1047, 1066, 1079, 1096, 1135, 1141, 1172, 1197, 1220, 1221, 1239, 1275, 1289, 1317, 1335, 1354, 1377, 1390, 1421, 1443, 1449, 1475, 1502, 1518, 1534, 4, 41, 65, 73
807, 821, 840, 861, 885, 918, 934, 962, 980, 1005, 1010, 1047, 1066, 1079, 1096, 1135, 1141, 1172, 1197, 1220, 1221, 1239, 1275, 1289, 1317, 1335, 1354, 1377, 1390, 1421, 1443, 1449, 1475, 1502, 1518, 1534, 4, 41, 65, 74
807, 821, 840, 861, 885, 918, 934, 962, 980, 1005, 1010, 1047, 1066, 1079, 1096, 1135, 1141, 1172, 1197, 1220, 1221, 1239, 1275, 1289, 1317, 1335, 1354, 1378, 1379, 1392, 1418, 1441, 1446, 1472, 1506, 1521, 1520, 1553, 1, 40, 67, 75
807, 821, 840, 861, 885, 918, 934, 962, 980, 1005, 1010, 1047, 1066, 1079, 1096, 1135, 1141, 1172, 1197, 1220, 1221, 1239, 1275, 1289, 1317, 1335, 1354, 1378, 1379, 1392, 1418, 1441, 1446, 1472, 1506, 1521, 1520, 1553, 1, 40, 67, 76
807, 808, 789, 764, 731, 718, 693, 661, 637, 619, 607, 578, 560, 528, 504, 492, 461, 446, 425, 408, 392, 368, 347, 322, 321, 320, 319, 297, 267, 244, 232, 216, 215, 183, 168, 134, 122, 96, 77
807, 821, 840, 861, 885, 918, 934, 962, 980, 1005, 1010, 1047, 1066, 1079, 1096, 1135, 1141, 1172, 1197, 1220, 1221, 1239, 1275, 1289, 1317, 1335, 1354, 1378, 1379, 1392, 1418, 1441, 1446, 1472, 1506, 1521, 1551, 1550, 20, 38, 46, 78
807, 808, 789, 764, 731, 718, 693, 661, 637, 619, 607, 578, 560, 528, 504, 492, 461, 446, 425, 408, 392, 368, 347, 322, 321, 320, 319, 297, 267, 244, 232, 216, 215, 183, 168, 134, 122, 96, 79
807, 790, 760, 735, 712, 688, 656, 655, 643, 624, 599, 566, 551, 535, 513, 480, 474, 457, 437, 398, 382, 358, 336, 311, 312, 303, 283, 239, 227, 228, 213, 185, 171, 154, 123, 95, 80
807, 821, 840, 861, 885, 918, 934, 962, 980, 1005, 1010, 1047, 1066, 1079, 1096, 1135, 1141, 1172, 1197, 1220, 1221, 1239, 1275, 1289, 1317, 1335, 1354, 1378, 1379, 1392, 1418, 1441, 1446, 1472, 1506, 1521, 1551, 1550, 1549, 19, 37, 47, 81
807, 790, 760, 735, 712, 688, 656, 642, 623, 602, 601, 585, 554, 533, 510, 483, 475, 458, 438, 397, 380, 360, 335, 310, 305, 281, 260, 225, 210, 211, 186, 172, 153, 125, 93, 82
807, 790, 760, 735, 712, 688, 656, 642, 623, 602, 601, 585, 554, 533, 510, 483, 475, 458, 438, 397, 380, 360, 335, 310, 305, 281, 260, 225, 209, 188, 173, 152, 126, 92, 83
807, 790, 760, 735, 712, 688, 656, 642, 623, 602, 601, 585, 554, 533, 510, 483, 475, 458, 438, 397, 380, 360, 335, 310, 305, 281, 260, 225, 209, 188, 173, 151, 127, 90, 84
807, 790, 760, 735, 712, 688, 656, 642, 623, 602, 601, 585, 554, 533, 510, 483, 475, 458, 438, 397, 380, 360, 335, 310, 305, 280, 257, 223, 207, 190, 155, 148, 129, 111, 85
807, 790, 760, 735, 712, 688, 656, 642, 623, 602, 601, 585, 554, 533, 510, 483, 475, 458, 438, 397, 380, 360, 335, 310, 305, 280, 257, 223, 207, 190, 155, 148, 129, 111, 86
807, 790, 760, 735, 713, 689, 657, 640, 622, 604, 582, 556, 531, 508, 488, 478, 442, 420, 415, 375, 364, 331, 327, 288, 275, 253, 220, 203, 193, 157, 146, 131, 109, 87
807, 790, 760, 735, 713, 689, 657, 640, 622, 604, 582, 556, 531, 508, 488, 478, 442, 420, 415, 375, 364, 331, 327, 288, 275, 253, 220, 202, 194, 159, 145, 132, 108, 88
807, 790, 760, 735, 713, 689, 657, 640, 622, 604, 582, 556, 531, 508, 488, 478, 442, 420, 415, 375, 364, 331, 327, 288, 275, 253, 220, 202, 194, 159, 145, 112, 107, 89
807, 790, 760, 735, 712, 688, 656, 642, 623, 602, 601, 585, 554, 533, 510, 483, 475, 458, 438, 397, 380, 360, 335, 310, 305, 281, 260, 225, 209, 188, 173, 151, 127, 90
807, 790, 760, 735, 712, 688, 656, 642, 623, 602, 601, 585, 554, 533, 510, 483, 475, 458, 438, 397, 380, 360, 335, 310, 305, 281, 260, 225, 209, 188, 173, 151, 127, 91
807, 790, 760, 735, 712, 688, 656, 642, 623, 602, 601, 585, 554, 533, 510, 483, 475, 458, 438, 397, 380, 360, 335, 310, 305, 281, 260, 225, 209, 188, 173, 152, 126, 92
807, 790, 760, 735, 712, 688, 656, 642, 623, 602, 601, 585, 554, 533, 510, 483, 475, 458, 438, 397, 380, 360, 335, 310, 305, 281, 260, 225, 210, 211, 186, 172, 153, 125, 93
807, 790, 760, 735, 712, 688, 656, 642, 623, 602, 601, 585, 554, 533, 510, 483, 475, 458, 438, 397, 380, 360, 335, 310, 305, 281, 260, 225, 210, 211, 186, 172, 153, 125, 124, 94
807, 790, 760, 735, 712, 688, 656, 655, 643, 624, 599, 566, 551, 535, 513, 480, 474, 457, 437, 398, 382, 358, 336, 311, 312, 303, 283, 239, 227, 228, 213, 185, 171, 154, 123, 95
807, 808, 789, 764, 731, 718, 693, 661, 637, 619, 607, 578, 560, 528, 504, 492, 461, 446, 425, 408, 392, 368, 347, 322, 321, 320, 319, 297, 267, 244, 232, 216, 215, 183, 168, 134, 122, 96
807, 808, 789, 764, 731, 718, 693, 661, 637, 619, 607, 578, 560, 528, 504, 492, 461, 446, 425, 408, 392, 368, 347, 322, 295, 269, 247, 234, 196, 179, 180, 165, 166, 136, 120, 97
807, 808, 789, 764, 731, 718, 693, 661, 637, 619, 607, 578, 560, 528, 504, 492, 461, 446, 425, 408, 392, 368, 347, 322, 295, 269, 247, 234, 196, 179, 164, 139, 138, 119, 99, 98
807, 808, 789, 764, 731, 718, 693, 661, 637, 619, 607, 578, 560, 528, 504, 492, 461, 446, 425, 408, 392, 368, 347, 322, 295, 269, 247, 234, 196, 179, 164, 139, 138, 119, 99
