960, 979, 1004, 1007, 1048, 1047, 1066, 1079, 1096, 1135, 1141, 1172, 1197, 1220, 1221, 1239, 1275, 1289, 1317, 1335, 1354, 1378, 1379, 1392, 1418, 1441, 1446, 1472, 1506, 1521, 1520, 1552, 0
960, 979, 1004, 1007, 1048, 1047, 1066, 1079, 1096, 1135, 1141, 1172, 1197, 1220, 1221, 1239, 1275, 1289, 1317, 1335, 1354, 1378, 1379, 1392, 1418, 1441, 1446, 1472, 1506, 1521, 1520, 1553, 1
960, 979, 1004, 1007, 1048, 1047, 1066, 1079, 1096, 1135, 1141, 1172, 1197, 1220, 1221, 1239, 1275, 1289, 1317, 1335, 1354, 1377, 1390, 1421, 1443, 1449, 1475, 1474, 1504, 1519, 1533, 2
960, 979, 1004, 1007, 1048, 1047, 1066, 1079, 1096, 1135, 1141, 1172, 1197, 1220, 1221, 1239, 1275, 1289, 1317, 1335, 1354, 1377, 1390, 1421, 1443, 1449, 1475, 1474, 1504, 1519, 1533, 3
960, 979, 1004, 1007, 1048, 1047, 1066, 1079, 1096, 1135, 1141, 1172, 1197, 1220, 1221, 1239, 1275, 1289, 1317, 1335, 1354, 1377, 1390, 1421, 1443, 1449, 1475, 1502, 1518, 1534, 4
960, 979, 1004, 1007, 1048, 1047, 1066, 1079, 1096, 1135, 1141, 1172, 1197, 1220, 1221, 1239, 1275, 1289, 1317, 1335, 1354, 1377, 1390, 1421, 1443, 1449, 1475, 1502, 1517, 1535, 5
960, 979, 1004, 1007, 1048, 1047, 1066, 1079, 1097, 1134, 1140, 1174, 1195, 1218, 1223, 1258, 1273, 1292, 1320, 1331, 1351, 1375, 1388, 1423, 1425, 1451, 1478, 1501, 1515, 1536, 6
960, 979, 1004, 1007, 1048, 1047, 1066, 1079, 1097, 1134, 1140, 1174, 1195, 1218, 1223, 1258, 1273, 1292, 1320, 1331, 1351, 1375, 1388, 1423, 1425, 1451, 1478, 1500, 1499, 1512, 1537, 7
960, 979, 1004, 1007, 1048, 1047, 1066, 1079, 1097, 1134, 1140, 1174, 1195, 1218, 1223, 1258, 1273, 1292, 1320, 1331, 1351, 1375, 1388, 1423, 1425, 1451, 1478, 1500, 1514, 1513, 1538, 8
960, 979, 1004, 1007, 1048, 1068, 1081, 1098, 1133, 1139, 1175, 1193, 1217, 1224, 1255, 1271, 1294, 1301, 1329, 1348, 1372, 1385, 1405, 1429, 1454, 1481, 1497, 1532, 1539, 9
960, 979, 1004, 1007, 1048, 1068, 1081, 1098, 1133, 1139, 1175, 1193, 1217, 1224, 1255, 1271, 1294, 1301, 1329, 1348, 1372, 1385, 1405, 1429, 1454, 1481, 1497, 1532, 1539, 10
960, 979, 1004, 1007, 1048, 1068, 1081, 1098, 1133, 1139, 1175, 1193, 1217, 1224, 1255, 1271, 1294, 1301, 1329, 1348, 1372, 1385, 1405, 1429, 1455, 1482, 1495, 1531, 1540, 11
960, 979, 1004, 1007, 1048, 1068, 1081, 1098, 1133, 1139, 1175, 1193, 1217, 1224, 1255, 1271, 1294, 1301, 1329, 1328, 1347, 1371, 1384, 1406, 1430, 1456, 1484, 1494, 1530, 1542, 12
960, 979, 1004, 1007, 1048, 1068, 1081, 1098, 1133, 1139, 1175, 1193, 1217, 1224, 1255, 1271, 1294, 1301, 1329, 1328, 1347, 1371, 1384, 1406, 1430, 1456, 1484, 1494, 1530, 1542, 12, 13
960, 979, 1004, 1008, 1028, 1069, 1049, 1050, 1084, 1101, 1129, 1156, 1178, 1190, 1213, 1228, 1252, 1268, 1298, 1304, 1325, 1345, 1369, 1368, 1401, 1408, 1433, 1458, 1487, 1492, 1528, 1544, 14
960, 979, 1004, 1008, 1028, 1069, 1049, 1050, 1084, 1101, 1129, 1156, 1178, 1190, 1213, 1228, 1252, 1268, 1298, 1304, 1325, 1345, 1369, 1368, 1401, 1408, 1433, 1458, 1487, 1492, 1528, 1544, 14, 15
960, 979, 1004, 1007, 1048, 1047, 1066, 1079, 1096, 1135, 1141, 1172, 1197, 1220, 1221, 1239, 1275, 1289, 1317, 1335, 1354, 1378, 1379, 1392, 1418, 1441, 1446, 1472, 1506, 1521, 1551, 1550, 1549, 17, 16
960, 979, 1004, 1007, 1048, 1047, 1066, 1079, 1096, 1135, 1141, 1172, 1197, 1220, 1221, 1239, 1275, 1289, 1317, 1335, 1354, 1378, 1379, 1392, 1418, 1441, 1446, 1472, 1506, 1521, 1551, 1550, 1549, 17
960, 979, 1004, 1007, 1048, 1047, 1066, 1079, 1096, 1135, 1141, 1172, 1197, 1220, 1221, 1239, 1275, 1289, 1317, 1335, 1354, 1378, 1379, 1392, 1418, 1441, 1446, 1472, 1506, 1521, 1551, 1550, 1549, 18
960, 979, 1004, 1007, 1048, 1047, 1066, 1079, 1096, 1135, 1141, 1172, 1197, 1220, 1221, 1239, 1275, 1289, 1317, 1335, 1354, 1378, 1379, 1392, 1418, 1441, 1446, 1472, 1506, 1521, 1551, 1550, 1549, 19
960, 979, 1004, 1007, 1048, 1047, 1066, 1079, 1096, 1135, 1141, 1172, 1197, 1220, 1221, 1239, 1275, 1289, 1317, 1335, 1354, 1378, 1379, 1392, 1418, 1441, 1446, 1472, 1506, 1521, 1551, 1550, 20
960, 979, 1004, 1007, 1048, 1047, 1066, 1079, 1097, 1134, 1140, 1174, 1195, 1218, 1223, 1258, 1273, 1292, 1320, 1331, 1351, 1375, 1388, 1423, 1425, 1451, 1478, 1500, 1499, 1512, 1537, 7, 21
960, 979, 1004, 1007, 1048, 1047, 1066, 1079, 1097, 1134, 1140, 1174, 1195, 1218, 1223, 1258, 1273, 1292, 1320, 1331, 1351, 1375, 1388, 1423, 1425, 1451, 1478, 1500, 1499, 1512, 1537, 7, 22
960, 979, 1004, 1007, 1048, 1047, 1066, 1079, 1097, 1134, 1140, 1174, 1195, 1218, 1223, 1258, 1273, 1292, 1320, 1331, 1351, 1375, 1388, 1423, 1425, 1451, 1478, 1500, 1499, 1512, 1537, 7, 23
960, 979, 1004, 1007, 1048, 1047, 1066, 1079, 1097, 1134, 1140, 1174, 1195, 1218, 1223, 1258, 1273, 1292, 1320, 1331, 1351, 1375, 1388, 1423, 1425, 1451, 1478, 1500, 1514, 1513, 1538, 8, 24
960, 979, 1004, 1007, 1048, 1068, 1081, 1098, 1133, 1139, 1175, 1193, 1217, 1224, 1255, 1271, 1294, 1301, 1329, 1348, 1372, 1385, 1405, 1429, 1454, 1481, 1497, 1532, 1539, 10, 25
960, 979, 1004, 1007, 1048, 1068, 1081, 1098, 1133, 1139, 1175, 1193, 1217, 1224, 1255, 1271, 1294, 1301, 1329, 1348, 1372, 1385, 1405, 1429, 1455, 1482, 1495, 1531, 1540, 11, 26
960, 979, 1004, 1007, 1048, 1068, 1081, 1098, 1133, 1139, 1175, 1193, 1217, 1224, 1255, 1271, 1294, 1301, 1329, 1348, 1372, 1385, 1405, 1429, 1455, 1482, 1495, 1531, 1540, 11, 27
960, 979, 1004, 1007, 1048, 1068, 1081, 1098, 1133, 1139, 1175, 1193, 1217, 1224, 1255, 1271, 1294, 1301, 1329, 1328, 1347, 1371, 1384, 1406, 1430, 1456, 1484, 1494, 1530, 1542, 12, 28
960, 979, 1004, 1007, 1048, 1068, 1081, 1098, 1133, 1139, 1175, 1193, 1217, 1224, 1255, 1271, 1294, 1301, 1329, 1328, 1347, 1371, 1384, 1406, 1430, 1456, 1484, 1494, 1530, 1542, 12, 28, 29
960, 979, 1004, 1008, 1028, 1069, 1049, 1050, 1084, 1101, 1129, 1156, 1178, 1190, 1213, 1228, 1252, 1268, 1298, 1304, 1325, 1345, 1369, 1368, 1401, 1408, 1433, 1458, 1487, 1492, 1528, 1544, 14, 30
960, 979, 1004, 1008, 1028, 1069, 1049, 1050, 1084, 1101, 1129, 1156, 1178, 1190, 1213, 1228, 1252, 1268, 1298, 1304, 1325, 1345, 1369, 1368, 1401, 1408, 1433, 1458, 1487, 1492, 1528, 1544, 14, 30, 31
960, 979, 1004, 1008, 1028, 1069, 1049, 1050, 1084, 1101, 1129, 1156, 1178, 1190, 1213, 1228, 1252, 1268, 1298, 1304, 1325, 1345, 1369, 1368, 1401, 1408, 1433, 1458, 1487, 1492, 1528, 1544, 14, 30, 31, 32
960, 979, 1004, 1007, 1048, 1047, 1066, 1079, 1096, 1135, 1141, 1172, 1197, 1220, 1221, 1239, 1275, 1289, 1317, 1335, 1354, 1378, 1379, 1392, 1418, 1441, 1446, 1472, 1506, 1521, 1551, 1550, 1549, 17, 35, 34, 33
960, 979, 1004, 1007, 1048, 1047, 1066, 1079, 1096, 1135, 1141, 1172, 1197, 1220, 1221, 1239, 1275, 1289, 1317, 1335, 1354, 1378, 1379, 1392, 1418, 1441, 1446, 1472, 1506, 1521, 1551, 1550, 1549, 17, 35, 34
960, 979, 1004, 1007, 1048, 1047, 1066, 1079, 1096, 1135, 1141, 1172, 1197, 1220, 1221, 1239, 1275, 1289, 1317, 1335, 1354, 1378, 1379, 1392, 1418, 1441, 1446, 1472, 1506, 1521, 1551, 1550, 1549, 17, 35
960, 979, 1004, 1007, 1048, 1047, 1066, 1079, 1096, 1135, 1141, 1172, 1197, 1220, 1221, 1239, 1275, 1289, 1317, 1335, 1354, 1378, 1379, 1392, 1418, 1441, 1446, 1472, 1506, 1521, 1551, 1550, 1549, 18, 36
960, 979, 1004, 1007, 1048, 1047, 1066, 1079, 1096, 1135, 1141, 1172, 1197, 1220, 1221, 1239, 1275, 1289, 1317, 1335, 1354, 1378, 1379, 1392, 1418, 1441, 1446, 1472, 1506, 1521, 1551, 1550, 1549, 19, 37
960, 979, 1004, 1007, 1048, 1047, 1066, 1079, 1096, 1135, 1141, 1172, 1197, 1220, 1221, 1239, 1275, 1289, 1317, 1335, 1354, 1378, 1379, 1392, 1418, 1441, 1446, 1472, 1506, 1521, 1551, 1550, 20, 38
960, 979, 1004, 1007, 1048, 1047, 1066, 1079, 1096, 1135, 1141, 1172, 1197, 1220, 1221, 1239, 1275, 1289, 1317, 1335, 1354, 1378, 1379, 1392, 1418, 1441, 1446, 1472, 1506, 1521, 1520, 1552, 0, 39
960, 979, 1004, 1007, 1048, 1047, 1066, 1079, 1096, 1135, 1141, 1172, 1197, 1220, 1221, 1239, 1275, 1289, 1317, 1335, 1354, 1378, 1379, 1392, 1418, 1441, 1446, 1472, 1506, 1521, 1520, 1553, 1, 40
960, 979, 1004, 1007, 1048, 1047, 1066, 1079, 1096, 1135, 1141, 1172, 1197, 1220, 1221, 1239, 1275, 1289, 1317, 1335, 1354, 1377, 1390, 1421, 1443, 1449, 1475, 1502, 1518, 1534, 4, 41
960, 979, 1004, 1007, 1048, 1047, 1066, 1079, 1096, 1135, 1141, 1172, 1197, 1220, 1221, 1239, 1275, 1289, 1317, 1335, 1354, 1377, 1390, 1421, 1443, 1449, 1475, 1502, 1517, 1535, 5, 42
960, 979, 1004, 1007, 1048, 1047, 1066, 1079, 1096, 1135, 1141, 1172, 1197, 1220, 1221, 1239, 1275, 1289, 1317, 1335, 1354, 1377, 1390, 1421, 1443, 1449, 1475, 1502, 1517, 1535, 5, 43
960, 979, 1004, 1007, 1048, 1047, 1066, 1079, 1097, 1134, 1140, 1174, 1195, 1218, 1223, 1258, 1273, 1292, 1320, 1331, 1351, 1375, 1388, 1423, 1425, 1451, 1478, 1501, 1515, 1536, 6, 44
960, 979, 1004, 1007, 1048, 1047, 1066, 1079, 1097, 1134, 1140, 1174, 1195, 1218, 1223, 1258, 1273, 1292, 1320, 1331, 1351, 1375, 1388, 1423, 1425, 1451, 1478, 1501, 1515, 1536, 6, 45
960, 979, 1004, 1007, 1048, 1047, 1066, 1079, 1096, 1135, 1141, 1172, 1197, 1220, 1221, 1239, 1275, 1289, 1317, 1335, 1354, 1378, 1379, 1392, 1418, 1441, 1446, 1472, 1506, 1521, 1551, 1550, 20, 38, 46
960, 979, 1004, 1007, 1048, 1047, 1066, 1079, 1096, 1135, 1141, 1172, 1197, 1220, 1221, 1239, 1275, 1289, 1317, 1335, 1354, 1378, 1379, 1392, 1418, 1441, 1446, 1472, 1506, 1521, 1551, 1550, 1549, 19, 37, 47
960, 979, 1004, 1007, 1048, 1047, 1066, 1079, 1096, 1135, 1141, 1172, 1197, 1220, 1221, 1239, 1275, 1289, 1317, 1335, 1354, 1378, 1379, 1392, 1418, 1441, 1446, 1472, 1506, 1521, 1551, 1550, 1549, 18, 36, 48
960, 979, 1004, 1007, 1048, 1047, 1066, 1079, 1096, 1135, 1141, 1172, 1197, 1220, 1221, 1239, 1275, 1289, 1317, 1335, 1354, 1378, 1379, 1392, 1418, 1441, 1446, 1472, 1506, 1521, 1551, 1550, 1549, 18, 36, 49
960, 979, 1004, 1007, 1048, 1047, 1066, 1079, 1096, 1135, 1141, 1172, 1197, 1220, 1221, 1239, 1275, 1289, 1317, 1335, 1354, 1378, 1379, 1392, 1418, 1441, 1446, 1472, 1506, 1521, 1551, 1550, 1549, 18, 36, 49, 50
960, 979, 1004, 1008, 1028, 1069, 1049, 1050, 1084, 1101, 1129, 1156, 1178, 1190, 1213, 1228, 1252, 1268, 1298, 1304, 1325, 1345, 1369, 1368, 1401, 1408, 1433, 1458, 1487, 1492, 1528, 1544, 14, 30, 31, 32, 51
960, 979, 1004, 1008, 1028, 1069, 1049, 1050, 1084, 1101, 1129, 1156, 1178, 1190, 1213, 1228, 1252, 1268, 1298, 1304, 1325, 1345, 1369, 1368, 1401, 1408, 1433, 1458, 1487, 1492, 1528, 1544, 14, 30, 52
960, 979, 1004, 1008, 1028, 1069, 1049, 1050, 1084, 1101, 1129, 1156, 1178, 1190, 1213, 1228, 1252, 1268, 1298, 1304, 1325, 1345, 1369, 1368, 1401, 1408, 1433, 1458, 1487, 1492, 1528, 1544, 14, 30, 53
960, 979, 1004, 1007, 1048, 1068, 1081, 1098, 1133, 1139, 1175, 1193, 1217, 1224, 1255, 1271, 1294, 1301, 1329, 1328, 1347, 1371, 1384, 1406, 1430, 1456, 1484, 1494, 1530, 1542, 12, 28, 55, 54
960, 979, 1004, 1007, 1048, 1068, 1081, 1098, 1133, 1139, 1175, 1193, 1217, 1224, 1255, 1271, 1294, 1301, 1329, 1328, 1347, 1371, 1384, 1406, 1430, 1456, 1484, 1494, 1530, 1542, 12, 28, 55
960, 979, 1004, 1007, 1048, 1068, 1081, 1098, 1133, 1139, 1175, 1193, 1217, 1224, 1255, 1271, 1294, 1301, 1329, 1348, 1372, 1385, 1405, 1429, 1455, 1482, 1495, 1531, 1540, 11, 27, 56
960, 979, 1004, 1007, 1048, 1068, 1081, 1098, 1133, 1139, 1175, 1193, 1217, 1224, 1255, 1271, 1294, 1301, 1329, 1348, 1372, 1385, 1405, 1429, 1454, 1481, 1497, 1532, 1539, 10, 25, 59, 58, 57
960, 979, 1004, 1007, 1048, 1068, 1081, 1098, 1133, 1139, 1175, 1193, 1217, 1224, 1255, 1271, 1294, 1301, 1329, 1348, 1372, 1385, 1405, 1429, 1454, 1481, 1497, 1532, 1539, 10, 25, 59, 58
960, 979, 1004, 1007, 1048, 1068, 1081, 1098, 1133, 1139, 1175, 1193, 1217, 1224, 1255, 1271, 1294, 1301, 1329, 1348, 1372, 1385, 1405, 1429, 1454, 1481, 1497, 1532, 1539, 10, 25, 59
960, 979, 1004, 1007, 1048, 1047, 1066, 1079, 1097, 1134, 1140, 1174, 1195, 1218, 1223, 1258, 1273, 1292, 1320, 1331, 1351, 1375, 1388, 1423, 1425, 1451, 1478, 1500, 1499, 1512, 1537, 7, 23, 60
960, 979, 1004, 1007, 1048, 1047, 1066, 1079, 1097, 1134, 1140, 1174, 1195, 1218, 1223, 1258, 1273, 1292, 1320, 1331, 1351, 1375, 1388, 1423, 1425, 1451, 1478, 1500, 1499, 1512, 1537, 7, 23, 60, 61
960, 979, 1004, 1007, 1048, 1047, 1066, 1079, 1096, 1135, 1141, 1172, 1197, 1220, 1221, 1239, 1275, 1289, 1317, 1335, 1354, 1377, 1390, 1421, 1443, 1449, 1475, 1502, 1517, 1535, 5, 43, 62
960, 979, 1004, 1007, 1048, 1047, 1066, 1079, 1096, 1135, 1141, 1172, 1197, 1220, 1221, 1239, 1275, 1289, 1317, 1335, 1354, 1377, 1390, 1421, 1443, 1449, 1475, 1502, 1517, 1535, 5, 42, 63
960, 979, 1004, 1007, 1048, 1047, 1066, 1079, 1096, 1135, 1141, 1172, 1197, 1220, 1221, 1239, 1275, 1289, 1317, 1335, 1354, 1377, 1390, 1421, 1443, 1449, 1475, 1502, 1518, 1534, 4, 41, 65, 64
960, 979, 1004, 1007, 1048, 1047, 1066, 1079, 1096, 1135, 1141, 1172, 1197, 1220, 1221, 1239, 1275, 1289, 1317, 1335, 1354, 1377, 1390, 1421, 1443, 1449, 1475, 1502, 1518, 1534, 4, 41, 65
960, 979, 1004, 1007, 1048, 1047, 1066, 1079, 1096, 1135, 1141, 1172, 1197, 1220, 1221, 1239, 1275, 1289, 1317, 1335, 1354, 1378, 1379, 1392, 1418, 1441, 1446, 1472, 1506, 1521, 1520, 1553, 1, 40, 66
960, 979, 1004, 1007, 1048, 1047, 1066, 1079, 1096, 1135, 1141, 1172, 1197, 1220, 1221, 1239, 1275, 1289, 1317, 1335, 1354, 1378, 1379, 1392, 1418, 1441, 1446, 1472, 1506, 1521, 1520, 1553, 1, 40, 67
960, 979, 1004, 1007, 1048, 1047, 1066, 1079, 1097, 1134, 1140, 1174, 1195, 1218, 1223, 1258, 1273, 1292, 1320, 1331, 1351, 1375, 1388, 1423, 1425, 1451, 1478, 1500, 1499, 1512, 1537, 7, 23, 60, 68
960, 979, 1004, 1007, 1048, 1047, 1066, 1079, 1097, 1134, 1140, 1174, 1195, 1218, 1223, 1258, 1273, 1292, 1320, 1331, 1351, 1375, 1388, 1423, 1425, 1451, 1478, 1500, 1499, 1512, 1537, 7, 23, 60, 61, 69
960, 979, 1004, 1007, 1048, 1047, 1066, 1079, 1096, 1135, 1141, 1172, 1197, 1220, 1221, 1239, 1275, 1289, 1317, 1335, 1354, 1377, 1390, 1421, 1443, 1449, 1475, 1502, 1517, 1535, 5, 43, 62, 70
960, 979, 1004, 1007, 1048, 1047, 1066, 1079, 1096, 1135, 1141, 1172, 1197, 1220, 1221, 1239, 1275, 1289, 1317, 1335, 1354, 1377, 1390, 1421, 1443, 1449, 1475, 1502, 1517, 1535, 5, 43, 62, 71
960, 979, 1004, 1007, 1048, 1047, 1066, 1079, 1096, 1135, 1141, 1172, 1197, 1220, 1221, 1239, 1275, 1289, 1317, 1335, 1354, 1377, 1390, 1421, 1443, 1449, 1475, 1502, 1517, 1535, 5, 42, 63, 72
960, 979, 1004, 1007, 1048, 1047, 1066, 1079, 1096, 1135, 1141, 1172, 1197, 1220, 1221, 1239, 1275, 1289, 1317, 1335, 1354, 1377, 1390, 1421, 1443, 1449, 1475, 1502, 1518, 1534, 4, 41, 65, 73
960, 979, 1004, 1007, 1048, 1047, 1066, 1079, 1096, 1135, 1141, 1172, 1197, 1220, 1221, 1239, 1275, 1289, 1317, 1335, 1354, 1377, 1390, 1421, 1443, 1449, 1475, 1502, 1518, 1534, 4, 41, 65, 74
960, 979, 1004, 1007, 1048, 1047, 1066, 1079, 1096, 1135, 1141, 1172, 1197, 1220, 1221, 1239, 1275, 1289, 1317, 1335, 1354, 1378, 1379, 1392, 1418, 1441, 1446, 1472, 1506, 1521, 1520, 1553, 1, 40, 67, 75
960, 979, 1004, 1007, 1048, 1047, 1066, 1079, 1096, 1135, 1141, 1172, 1197, 1220, 1221, 1239, 1275, 1289, 1317, 1335, 1354, 1378, 1379, 1392, 1418, 1441, 1446, 1472, 1506, 1521, 1520, 1553, 1, 40, 67, 76
960, 979, 1004, 1007, 1048, 1047, 1066, 1079, 1096, 1135, 1141, 1172, 1197, 1220, 1221, 1239, 1275, 1289, 1317, 1335, 1354, 1378, 1379, 1392, 1418, 1441, 1446, 1472, 1506, 1521, 1551, 1550, 20, 38, 46, 77
960, 979, 1004, 1007, 1048, 1047, 1066, 1079, 1096, 1135, 1141, 1172, 1197, 1220, 1221, 1239, 1275, 1289, 1317, 1335, 1354, 1378, 1379, 1392, 1418, 1441, 1446, 1472, 1506, 1521, 1551, 1550, 20, 38, 46, 78
960, 979, 1004, 1007, 1048, 1047, 1066, 1079, 1096, 1135, 1141, 1172, 1197, 1220, 1221, 1239, 1275, 1289, 1317, 1335, 1354, 1378, 1379, 1392, 1418, 1441, 1446, 1472, 1506, 1521, 1551, 1550, 20, 38, 46, 79
960, 979, 1004, 1007, 1048, 1047, 1066, 1079, 1096, 1135, 1141, 1172, 1197, 1220, 1221, 1239, 1275, 1289, 1317, 1335, 1354, 1378, 1379, 1392, 1418, 1441, 1446, 1472, 1506, 1521, 1551, 1550, 20, 38, 46, 79, 80
960, 979, 1004, 1007, 1048, 1047, 1066, 1079, 1096, 1135, 1141, 1172, 1197, 1220, 1221, 1239, 1275, 1289, 1317, 1335, 1354, 1378, 1379, 1392, 1418, 1441, 1446, 1472, 1506, 1521, 1551, 1550, 1549, 19, 37, 47, 81
960, 979, 1004, 1007, 1048, 1047, 1066, 1079, 1096, 1135, 1141, 1172, 1197, 1220, 1221, 1239, 1275, 1289, 1317, 1335, 1354, 1378, 1379, 1392, 1418, 1441, 1446, 1472, 1506, 1521, 1551, 1550, 1549, 18, 36, 49, 82
960, 979, 1004, 1008, 1028, 1069, 1049, 1050, 1084, 1101, 1129, 1156, 1178, 1190, 1213, 1228, 1252, 1268, 1298, 1304, 1325, 1345, 1369, 1368, 1401, 1408, 1433, 1458, 1487, 1492, 1528, 1544, 14, 30, 52, 84, 83
960, 979, 1004, 1008, 1028, 1069, 1049, 1050, 1084, 1101, 1129, 1156, 1178, 1190, 1213, 1228, 1252, 1268, 1298, 1304, 1325, 1345, 1369, 1368, 1401, 1408, 1433, 1458, 1487, 1492, 1528, 1544, 14, 30, 52, 84
960, 979, 1004, 1007, 1048, 1068, 1081, 1098, 1133, 1139, 1175, 1193, 1217, 1224, 1255, 1271, 1294, 1301, 1329, 1328, 1347, 1371, 1384, 1406, 1430, 1456, 1484, 1494, 1530, 1542, 12, 28, 55, 85
960, 979, 1004, 1007, 1048, 1068, 1081, 1098, 1133, 1139, 1175, 1193, 1217, 1224, 1255, 1271, 1294, 1301, 1329, 1348, 1372, 1385, 1405, 1429, 1455, 1482, 1495, 1531, 1540, 11, 27, 56, 87, 86
960, 979, 1004, 1007, 1048, 1068, 1081, 1098, 1133, 1139, 1175, 1193, 1217, 1224, 1255, 1271, 1294, 1301, 1329, 1348, 1372, 1385, 1405, 1429, 1455, 1482, 1495, 1531, 1540, 11, 27, 56, 87
960, 979, 1004, 1007, 1048, 1068, 1081, 1098, 1133, 1139, 1175, 1193, 1217, 1224, 1255, 1271, 1294, 1301, 1329, 1348, 1372, 1385, 1405, 1429, 1455, 1482, 1495, 1531, 1540, 11, 27, 56, 88
960, 979, 1004, 1007, 1048, 1068, 1081, 1098, 1133, 1139, 1175, 1193, 1217, 1224, 1255, 1271, 1294, 1301, 1329, 1348, 1372, 1385, 1405, 1429, 1454, 1481, 1497, 1532, 1539, 10, 25, 59, 89
960, 979, 1004, 1008, 1028, 1069, 1049, 1050, 1084, 1101, 1129, 1156, 1178, 1190, 1213, 1228, 1252, 1268, 1298, 1304, 1325, 1345, 1369, 1368, 1401, 1408, 1433, 1458, 1487, 1492, 1528, 1544, 14, 30, 52, 84, 90
960, 979, 1004, 1008, 1028, 1069, 1049, 1050, 1084, 1101, 1129, 1156, 1178, 1190, 1213, 1228, 1252, 1268, 1298, 1304, 1325, 1345, 1369, 1368, 1401, 1408, 1433, 1458, 1487, 1492, 1528, 1544, 14, 30, 52, 84, 91
960, 936, 916, 883, 865, 866, 857, 836, 802, 772, 755, 739, 710, 685, 684, 652, 644, 625, 598, 567, 551, 535, 513, 480, 474, 457, 437, 398, 382, 358, 336, 311, 304, 282, 260, 225, 209, 188, 173, 152, 126, 92
960, 979, 1004, 1007, 1048, 1047, 1066, 1079, 1096, 1135, 1141, 1172, 1197, 1220, 1221, 1239, 1275, 1289, 1317, 1335, 1354, 1378, 1379, 1392, 1418, 1441, 1446, 1472, 1506, 1521, 1551, 1550, 1549, 18, 36, 49, 82, 93
960, 979, 1004, 1007, 1048, 1047, 1066, 1079, 1096, 1135, 1141, 1172, 1197, 1220, 1221, 1239, 1275, 1289, 1317, 1335, 1354, 1378, 1379, 1392, 1418, 1441, 1446, 1472, 1506, 1521, 1551, 1550, 1549, 18, 36, 49, 82, 94
960, 979, 1004, 1007, 1048, 1047, 1066, 1079, 1096, 1135, 1141, 1172, 1197, 1220, 1221, 1239, 1275, 1289, 1317, 1335, 1354, 1378, 1379, 1392, 1418, 1441, 1446, 1472, 1506, 1521, 1551, 1550, 20, 38, 46, 79, 80, 95
960, 979, 1004, 1007, 1048, 1047, 1066, 1079, 1096, 1135, 1141, 1172, 1197, 1220, 1221, 1239, 1275, 1289, 1317, 1335, 1354, 1378, 1379, 1392, 1418, 1441, 1446, 1472, 1506, 1521, 1551, 1550, 20, 38, 46, 78, 96
960, 979, 1004, 1007, 1048, 1047, 1066, 1079, 1096, 1135, 1141, 1172, 1197, 1220, 1221, 1239, 1275, 1289, 1317, 1335, 1354, 1378, 1379, 1392, 1418, 1441, 1446, 1472, 1506, 1521, 1520, 1553, 1, 40, 67, 75, 97
960, 979, 1004, 1007, 1048, 1047, 1066, 1079, 1096, 1135, 1141, 1172, 1197, 1220, 1221, 1239, 1275, 1289, 1317, 1335, 1354, 1377, 1390, 1421, 1443, 1449, 1475, 1502, 1518, 1534, 4, 41, 65, 74, 98
960, 979, 1004, 1007, 1048, 1047, 1066, 1079, 1096, 1135, 1141, 1172, 1197, 1220, 1221, 1239, 1275, 1289, 1317, 1335, 1354, 1377, 1390, 1421, 1443, 1449, 1475, 1502, 1518, 1534, 4, 41, 65, 74, 99
