240, 211, 210, 178, 159, 148, 125, 126, 97, 86, 52, 51, 22, 2, 1, 0
240, 211, 210, 178, 159, 148, 125, 126, 97, 86, 52, 51, 22, 2, 1
240, 211, 210, 178, 159, 148, 125, 126, 97, 86, 52, 51, 22, 2
240, 211, 210, 178, 159, 148, 125, 126, 97, 86, 53, 41, 20, 3
240, 211, 210, 178, 159, 148, 125, 126, 97, 86, 53, 41, 4
240, 211, 210, 178, 159, 148, 125, 98, 84, 55, 39, 40, 5
240, 211, 210, 178, 159, 148, 125, 98, 84, 55, 39, 40, 6
240, 211, 210, 178, 159, 148, 125, 98, 84, 55, 39, 7
240, 211, 180, 161, 146, 123, 100, 82, 83, 56, 37, 8
240, 211, 180, 161, 146, 123, 100, 82, 57, 36, 9
