430, 405, 380, 350, 330, 305, 298, 270, 246, 231, 200, 192, 175, 135, 111, 92, 71, 47, 25, 0
430, 405, 380, 350, 330, 305, 298, 270, 246, 231, 200, 192, 175, 135, 111, 92, 71, 48, 49, 24, 1
430, 405, 380, 350, 330, 305, 298, 270, 246, 231, 200, 192, 175, 135, 111, 92, 71, 48, 49, 50, 23, 2
430, 405, 380, 350, 330, 305, 298, 270, 246, 231, 200, 192, 175, 135, 111, 92, 71, 70, 69, 68, 51, 20, 3
430, 405, 380, 350, 330, 305, 298, 270, 246, 247, 232, 202, 194, 195, 154, 132, 131, 130, 127, 96, 87, 52, 41, 4
430, 405, 380, 350, 330, 305, 298, 270, 246, 247, 232, 202, 194, 195, 154, 132, 131, 130, 127, 96, 87, 52, 41, 4, 5
430, 405, 380, 350, 330, 305, 298, 270, 246, 247, 232, 202, 194, 195, 196, 197, 176, 157, 150, 126, 97, 85, 54, 40, 6
430, 405, 380, 350, 330, 305, 298, 270, 246, 247, 232, 202, 194, 195, 196, 197, 176, 177, 158, 149, 125, 98, 84, 55, 39, 7
430, 405, 380, 350, 330, 305, 298, 270, 246, 247, 232, 202, 194, 195, 196, 197, 176, 177, 158, 149, 125, 98, 84, 55, 39, 7, 8
430, 405, 381, 349, 331, 332, 324, 301, 273, 242, 225, 218, 188, 169, 140, 115, 107, 106, 77, 63, 32, 14, 13, 12, 11, 10, 9
