410, 375, 376, 353, 352, 328, 308, 297, 269, 247, 232, 201, 192, 175, 135, 111, 92, 71, 47, 25, 0
410, 375, 376, 353, 352, 328, 308, 297, 269, 247, 232, 202, 193, 152, 134, 110, 93, 70, 49, 24, 1
410, 375, 354, 347, 311, 294, 265, 250, 236, 205, 197, 156, 130, 128, 95, 68, 51, 22, 2
410, 375, 354, 347, 311, 294, 265, 250, 236, 205, 197, 156, 130, 128, 95, 68, 51, 20, 3
410, 375, 354, 347, 311, 294, 265, 250, 236, 205, 197, 156, 130, 127, 96, 87, 52, 41, 4
410, 375, 354, 347, 311, 294, 265, 250, 236, 205, 197, 156, 130, 127, 96, 87, 52, 41, 4, 5
410, 375, 354, 347, 311, 294, 265, 264, 251, 237, 207, 176, 157, 150, 126, 97, 85, 54, 40, 6
410, 375, 354, 347, 311, 294, 265, 264, 251, 252, 238, 209, 177, 158, 149, 125, 98, 84, 55, 39, 7
410, 375, 354, 347, 346, 345, 344, 314, 290, 282, 253, 239, 210, 179, 160, 147, 124, 99, 83, 56, 37, 8
410, 375, 354, 347, 346, 345, 344, 314, 290, 282, 253, 239, 210, 179, 160, 147, 124, 99, 83, 56, 37, 36, 9
