689, 690, 669, 643, 632, 607, 576, 577, 578, 579, 558, 536, 537, 521, 501, 500, 477, 438, 435, 409, 408, 378, 352, 347, 308, 297, 269, 247, 232, 201, 192, 175, 135, 111, 92, 72, 47, 25, 0
689, 701, 723, 740, 775, 778, 807, 832, 849, 891, 912, 926, 960, 980, 995, 1018, 1036, 1069, 1078, 1099, 1123, 1147, 1169, 1188, 1216, 1239, 1249, 1276, 1307, 1311, 1335, 1356, 1374, 1390, 1417, 1444, 1468, 1481, 1511, 1523, 1550, 2, 1
689, 701, 723, 740, 775, 778, 807, 832, 849, 891, 912, 926, 960, 980, 995, 1018, 1036, 1069, 1078, 1099, 1123, 1147, 1169, 1188, 1216, 1239, 1249, 1276, 1307, 1311, 1335, 1356, 1374, 1390, 1417, 1444, 1468, 1481, 1511, 1523, 1550, 2
689, 690, 669, 643, 632, 607, 576, 562, 533, 534, 516, 483, 459, 443, 417, 412, 373, 356, 330, 313, 292, 263, 251, 237, 207, 176, 157, 150, 126, 97, 87, 53, 41, 20, 3
689, 690, 669, 643, 632, 607, 576, 562, 533, 534, 516, 483, 459, 443, 417, 412, 373, 356, 330, 313, 292, 263, 251, 237, 207, 176, 157, 150, 126, 97, 87, 53, 41, 4
689, 690, 669, 643, 632, 607, 575, 563, 532, 514, 485, 462, 445, 420, 394, 370, 359, 332, 315, 289, 281, 255, 254, 239, 210, 178, 159, 148, 125, 98, 85, 55, 39, 40, 5
689, 690, 669, 643, 632, 607, 575, 563, 532, 514, 485, 462, 445, 420, 394, 370, 359, 332, 315, 289, 281, 255, 254, 239, 210, 178, 159, 148, 125, 98, 85, 55, 39, 40, 6
689, 690, 669, 643, 632, 607, 575, 563, 532, 514, 485, 462, 445, 420, 394, 370, 359, 332, 315, 289, 281, 255, 254, 239, 210, 178, 159, 148, 125, 98, 85, 55, 38, 7
689, 690, 669, 643, 632, 607, 575, 563, 532, 514, 485, 462, 445, 420, 394, 370, 359, 332, 315, 289, 281, 255, 240, 211, 180, 161, 146, 123, 100, 83, 84, 56, 37, 8
689, 690, 669, 643, 632, 607, 575, 563, 532, 514, 485, 462, 445, 420, 394, 370, 359, 332, 315, 289, 281, 255, 240, 211, 180, 161, 146, 123, 100, 83, 57, 36, 9
