1196, 1202, 1221, 1249, 1266, 1300, 1327, 1340, 1363, 1385, 1405, 1424, 1440, 1471, 1476, 1498, 1499, 1533, 1542, 19, 0
1196, 1202, 1221, 1249, 1266, 1300, 1327, 1340, 1363, 1385, 1405, 1424, 1440, 1471, 1476, 1498, 1499, 1533, 1542, 1543, 1
1196, 1202, 1221, 1249, 1266, 1300, 1327, 1340, 1363, 1385, 1405, 1424, 1440, 1471, 1476, 1498, 1499, 1533, 1542, 1543, 1, 2
1196, 1202, 1221, 1249, 1266, 1300, 1327, 1340, 1363, 1385, 1405, 1424, 1440, 1471, 1476, 1498, 1499, 1533, 1542, 1543, 1, 2, 3
1196, 1202, 1221, 1249, 1266, 1300, 1327, 1340, 1363, 1385, 1405, 1424, 1440, 1471, 1476, 1498, 1499, 1500, 1501, 1502, 1516, 1546, 4
1196, 1202, 1221, 1249, 1266, 1300, 1327, 1340, 1363, 1385, 1405, 1424, 1440, 1471, 1476, 1498, 1499, 1500, 1501, 1502, 1516, 1546, 1547, 5
1196, 1202, 1221, 1249, 1266, 1300, 1327, 1340, 1363, 1385, 1405, 1424, 1440, 1471, 1476, 1498, 1499, 1500, 1501, 1502, 1516, 1546, 1547, 1548, 6
1196, 1202, 1221, 1249, 1266, 1300, 1327, 1340, 1363, 1385, 1405, 1424, 1440, 1471, 1476, 1498, 1499, 1500, 1501, 1502, 1516, 1546, 1547, 1548, 6, 7
1196, 1197, 1200, 1199, 1219, 1218, 1237, 1243, 1242, 1281, 1307, 1313, 1345, 1368, 1391, 1392, 1393, 1394, 1412, 1448, 1449, 1450, 1460, 1486, 1507, 1522, 1551, 8
1196, 1195, 1203, 1222, 1250, 1267, 1298, 1325, 1338, 1360, 1383, 1403, 1402, 1401, 1400, 1399, 1398, 1397, 1415, 1431, 1459, 1485, 1509, 1523, 1552, 9
