1394, 1393, 1392, 1427, 1441, 1468, 1484, 1508, 1528, 1541, 19, 20, 0
1394, 1393, 1392, 1427, 1441, 1468, 1484, 1508, 1528, 1541, 19, 20, 0, 1
1394, 1393, 1392, 1427, 1441, 1468, 1484, 1508, 1528, 1541, 19, 20, 0, 1, 2
1394, 1393, 1392, 1427, 1441, 1468, 1484, 1508, 1528, 1541, 19, 20, 0, 1, 2, 3
1394, 1395, 1396, 1412, 1413, 1414, 1415, 1433, 1460, 1473, 1499, 1498, 1497, 1520, 1553, 5, 4
1394, 1395, 1396, 1412, 1413, 1414, 1415, 1433, 1460, 1473, 1499, 1498, 1497, 1520, 1553, 5
1394, 1395, 1396, 1412, 1413, 1414, 1415, 1433, 1460, 1473, 1499, 1498, 1518, 1519, 1552, 6
1394, 1395, 1396, 1412, 1413, 1414, 1415, 1433, 1460, 1473, 1499, 1498, 1518, 1519, 1552, 7
1394, 1395, 1396, 1412, 1413, 1414, 1415, 1433, 1460, 1473, 1499, 1517, 1550, 9, 8
1394, 1395, 1396, 1412, 1413, 1414, 1415, 1433, 1460, 1473, 1499, 1517, 1550, 9
