208, 207, 175, 176, 152, 131, 127, 126, 86, 69, 59, 60, 21, 3, 2, 1, 0
208, 207, 175, 176, 152, 131, 127, 126, 86, 69, 59, 60, 21, 3, 2, 1
208, 207, 175, 176, 152, 131, 127, 126, 86, 69, 59, 60, 21, 3, 2
208, 207, 175, 176, 152, 131, 127, 126, 86, 69, 59, 60, 21, 3
208, 207, 175, 176, 152, 131, 127, 126, 86, 69, 59, 20, 4
208, 207, 175, 176, 152, 131, 127, 126, 86, 68, 58, 39, 5
208, 207, 175, 176, 152, 131, 127, 87, 67, 57, 38, 6
208, 207, 175, 151, 133, 108, 90, 89, 66, 56, 37, 7
208, 174, 150, 134, 109, 91, 64, 54, 35, 9, 8
208, 174, 150, 134, 109, 91, 64, 54, 35, 9
