1165, 1184, 1211, 1233, 1254, 1269, 1300, 1317, 1339, 1360, 1379, 1394, 1393, 1392, 1391, 1390, 1409, 1408, 1419, 1446, 1465, 1479, 1508, 1521, 1552, 0
1165, 1184, 1211, 1233, 1254, 1269, 1300, 1317, 1339, 1360, 1379, 1394, 1393, 1392, 1414, 1415, 1416, 1417, 1418, 1445, 1466, 1480, 1510, 1522, 1551, 1
1165, 1184, 1211, 1233, 1254, 1269, 1300, 1317, 1339, 1360, 1379, 1394, 1393, 1392, 1414, 1415, 1443, 1444, 1468, 1481, 1511, 1523, 1550, 2
1165, 1184, 1211, 1233, 1254, 1269, 1300, 1317, 1339, 1360, 1379, 1394, 1412, 1440, 1451, 1487, 1486, 1494, 1493, 1526, 1548, 1549, 3
1165, 1184, 1211, 1233, 1254, 1269, 1300, 1317, 1339, 1360, 1379, 1394, 1412, 1440, 1451, 1487, 1486, 1494, 1527, 1547, 5, 4
1165, 1184, 1211, 1233, 1254, 1269, 1300, 1317, 1339, 1360, 1379, 1394, 1412, 1440, 1451, 1487, 1486, 1494, 1527, 1547, 5
1165, 1184, 1211, 1233, 1254, 1269, 1300, 1317, 1339, 1360, 1379, 1394, 1412, 1440, 1451, 1487, 1486, 1494, 1527, 1547, 6
1165, 1184, 1211, 1233, 1254, 1269, 1300, 1317, 1339, 1360, 1379, 1394, 1412, 1440, 1451, 1487, 1495, 1528, 1545, 7
1165, 1184, 1211, 1233, 1254, 1269, 1300, 1317, 1339, 1360, 1379, 1394, 1412, 1439, 1452, 1488, 1496, 1529, 1544, 8
1165, 1183, 1182, 1210, 1232, 1255, 1270, 1298, 1319, 1342, 1362, 1381, 1396, 1410, 1437, 1453, 1489, 1497, 1530, 1542, 9
