1429, 1434, 1433, 1459, 1460, 1461, 1475, 1505, 1506, 1507, 1520, 1553, 1552, 0
1429, 1434, 1433, 1459, 1460, 1461, 1475, 1505, 1506, 1507, 1520, 1553, 1552, 1551, 1
1429, 1434, 1433, 1459, 1460, 1461, 1475, 1505, 1506, 1507, 1520, 1553, 1552, 1551, 1, 2
1429, 1430, 1410, 1437, 1453, 1489, 1497, 1530, 1542, 1543, 1544, 1545, 1546, 1547, 5, 4, 3
1429, 1430, 1410, 1437, 1453, 1489, 1497, 1530, 1542, 1543, 1544, 1545, 1546, 1547, 5, 4
1429, 1430, 1410, 1437, 1453, 1489, 1497, 1530, 1542, 1543, 1544, 1545, 1546, 1547, 5
1429, 1430, 1435, 1456, 1491, 1500, 1532, 1539, 11, 10, 9, 8, 7, 6
1429, 1430, 1435, 1456, 1491, 1500, 1532, 1539, 11, 10, 9, 8, 7
1429, 1430, 1435, 1456, 1491, 1500, 1532, 1539, 11, 10, 9, 8
1429, 1430, 1435, 1456, 1491, 1500, 1532, 1539, 11, 10, 9
