295, 266, 249, 234, 204, 196, 155, 131, 129, 95, 69, 51, 22, 2, 1, 0
295, 266, 249, 234, 204, 196, 155, 131, 129, 95, 69, 51, 22, 2, 1
295, 266, 249, 234, 204, 196, 155, 131, 129, 95, 69, 51, 22, 2
295, 266, 249, 234, 204, 196, 155, 131, 129, 95, 69, 51, 21, 3
295, 294, 265, 250, 236, 205, 197, 156, 130, 127, 96, 67, 52, 41, 4
295, 294, 265, 250, 236, 205, 197, 156, 130, 127, 96, 67, 52, 41, 4, 5
295, 294, 265, 250, 236, 205, 197, 156, 130, 127, 96, 67, 52, 41, 4, 5, 6
295, 294, 265, 250, 236, 205, 197, 156, 130, 127, 96, 67, 52, 53, 54, 40, 39, 7
295, 294, 265, 250, 236, 205, 197, 156, 130, 127, 96, 67, 52, 53, 54, 40, 39, 7, 8
295, 294, 265, 250, 236, 205, 197, 156, 130, 127, 96, 67, 52, 53, 54, 40, 39, 38, 37, 36, 9
