762, 747, 738, 708, 677, 657, 635, 615, 600, 582, 554, 538, 522, 498, 465, 436, 434, 407, 378, 352, 328, 308, 297, 269, 247, 232, 201, 192, 175, 135, 111, 92, 72, 47, 25, 0
762, 747, 738, 708, 677, 657, 635, 615, 600, 582, 554, 538, 522, 498, 465, 436, 434, 407, 378, 352, 328, 308, 297, 269, 247, 232, 202, 193, 152, 134, 110, 93, 71, 49, 24, 1
762, 747, 738, 708, 677, 657, 635, 615, 600, 582, 554, 538, 522, 498, 465, 458, 435, 409, 377, 353, 326, 310, 295, 266, 249, 234, 204, 196, 155, 131, 129, 95, 69, 51, 22, 2
762, 747, 738, 708, 677, 657, 635, 615, 600, 582, 554, 538, 522, 498, 465, 458, 435, 409, 377, 353, 326, 310, 295, 266, 249, 234, 204, 196, 155, 131, 129, 95, 69, 51, 21, 3
762, 747, 738, 708, 677, 657, 635, 615, 600, 582, 554, 538, 522, 498, 465, 458, 435, 409, 376, 375, 354, 347, 311, 294, 265, 250, 236, 205, 197, 156, 130, 127, 96, 67, 52, 41, 4
762, 747, 738, 708, 677, 657, 635, 615, 600, 582, 554, 538, 522, 500, 501, 462, 455, 415, 411, 374, 355, 346, 312, 293, 263, 251, 237, 207, 176, 157, 150, 126, 97, 86, 54, 40, 5
762, 747, 738, 708, 677, 657, 635, 615, 600, 582, 554, 538, 522, 500, 501, 462, 455, 415, 411, 374, 355, 346, 312, 293, 263, 251, 237, 207, 176, 157, 150, 126, 97, 86, 54, 40, 6
762, 747, 738, 708, 677, 657, 635, 615, 600, 582, 555, 556, 537, 536, 520, 502, 461, 453, 416, 412, 373, 356, 345, 313, 291, 284, 252, 238, 209, 177, 158, 149, 125, 98, 85, 55, 39, 7
762, 747, 738, 708, 677, 657, 635, 615, 600, 582, 555, 556, 537, 536, 520, 502, 461, 453, 416, 412, 373, 356, 345, 313, 291, 284, 252, 238, 209, 177, 158, 149, 125, 98, 99, 84, 56, 37, 8
762, 747, 738, 708, 677, 657, 635, 615, 600, 582, 555, 556, 537, 536, 520, 502, 461, 453, 416, 412, 373, 356, 345, 313, 291, 284, 252, 238, 209, 177, 158, 149, 125, 98, 99, 84, 83, 57, 36, 9
