147, 113, 114, 103, 70, 44, 45, 46, 47, 21, 19, 20, 0
147, 146, 145, 144, 116, 117, 118, 119, 96, 86, 49, 25, 1
147, 146, 145, 144, 116, 117, 118, 119, 96, 86, 85, 84, 51, 26, 2
147, 148, 112, 105, 74, 75, 76, 61, 33, 8, 7, 6, 5, 4, 3
147, 148, 112, 105, 74, 75, 76, 61, 33, 8, 7, 6, 5, 4
147, 148, 112, 105, 74, 75, 76, 61, 33, 8, 7, 6, 5
147, 148, 112, 105, 74, 75, 76, 61, 33, 8, 7, 6
147, 148, 112, 105, 74, 75, 76, 61, 33, 8, 7
147, 148, 112, 105, 74, 75, 76, 61, 33, 8
147, 113, 104, 72, 65, 36, 12, 11, 10, 9
147, 113, 104, 72, 65, 36, 12, 11, 10
147, 113, 104, 72, 65, 36, 12, 11
147, 113, 104, 72, 65, 36, 12
147, 113, 104, 72, 65, 36, 12, 13
147, 113, 104, 71, 66, 37, 14
147, 113, 104, 71, 66, 37, 14, 15
147, 113, 114, 103, 70, 44, 39, 16
147, 113, 114, 103, 70, 44, 39, 16, 17
147, 113, 114, 103, 70, 44, 39, 16, 17, 18
147, 113, 114, 103, 70, 44, 45, 46, 47, 21, 19
147, 113, 114, 103, 70, 44, 45, 46, 47, 21, 19, 20
147, 113, 114, 103, 70, 44, 45, 46, 47, 21
147, 113, 114, 103, 70, 44, 45, 46, 47, 21, 22
147, 113, 114, 103, 70, 44, 45, 46, 47, 21, 22, 23
147, 113, 114, 103, 70, 44, 45, 46, 47, 21, 22, 23, 24
147, 146, 145, 144, 116, 117, 118, 119, 96, 86, 49, 25
147, 146, 145, 144, 116, 117, 118, 119, 96, 86, 85, 84, 51, 26
147, 146, 145, 144, 143, 142, 141, 140, 139, 122, 93, 83, 52, 27
147, 148, 112, 105, 74, 75, 76, 61, 33, 32, 31, 30, 29, 28
147, 148, 112, 105, 74, 75, 76, 61, 33, 32, 31, 30, 29
147, 148, 112, 105, 74, 75, 76, 61, 33, 32, 31, 30
147, 148, 112, 105, 74, 75, 76, 61, 33, 32, 31
147, 148, 112, 105, 74, 75, 76, 61, 33, 32
147, 148, 112, 105, 74, 75, 76, 61, 33
147, 148, 112, 105, 74, 75, 62, 34
147, 113, 104, 72, 65, 36, 35
147, 113, 104, 72, 65, 36
147, 113, 104, 71, 66, 37
147, 113, 114, 103, 70, 42, 38
147, 113, 114, 103, 70, 44, 39
