297, 296, 295, 294, 270, 257, 219, 197, 198, 188, 157, 138, 122, 94, 85, 86, 49, 24, 0
297, 275, 241, 223, 215, 192, 174, 133, 134, 127, 89, 81, 82, 55, 54, 53, 52, 26, 2, 1
297, 275, 241, 223, 215, 192, 174, 133, 134, 127, 89, 81, 82, 55, 54, 53, 52, 26, 2
297, 275, 241, 223, 215, 192, 174, 133, 134, 127, 89, 81, 82, 55, 54, 27, 3
297, 275, 241, 223, 215, 192, 174, 133, 134, 127, 89, 81, 56, 28, 4
297, 275, 241, 223, 215, 192, 174, 133, 134, 127, 89, 81, 56, 29, 5
297, 275, 241, 223, 215, 192, 174, 133, 128, 110, 80, 58, 31, 6
297, 275, 241, 223, 214, 194, 173, 152, 130, 108, 77, 60, 32, 7
297, 275, 241, 223, 214, 194, 173, 152, 130, 108, 77, 60, 32, 7, 8
297, 275, 241, 223, 214, 194, 173, 152, 130, 108, 77, 60, 32, 7, 8, 9
297, 275, 241, 223, 214, 194, 173, 152, 151, 132, 106, 75, 62, 34, 10
297, 275, 241, 223, 214, 194, 173, 152, 151, 132, 106, 75, 74, 63, 35, 11
297, 275, 241, 223, 214, 194, 173, 172, 171, 170, 149, 112, 105, 73, 64, 36, 12
297, 275, 241, 223, 214, 194, 173, 172, 171, 170, 149, 112, 105, 73, 64, 36, 12, 13
297, 275, 241, 223, 214, 194, 173, 172, 171, 170, 149, 112, 105, 73, 64, 36, 12, 13, 14
297, 275, 241, 223, 214, 194, 173, 172, 171, 170, 149, 112, 105, 73, 64, 36, 12, 13, 14, 15
297, 275, 241, 223, 214, 194, 173, 172, 171, 170, 149, 112, 105, 73, 64, 36, 37, 38, 16
297, 275, 241, 223, 214, 194, 173, 172, 171, 170, 149, 112, 105, 73, 64, 36, 37, 38, 16, 17
297, 275, 241, 223, 214, 194, 173, 172, 171, 170, 149, 112, 105, 73, 64, 36, 37, 38, 16, 17, 18
297, 296, 295, 294, 270, 257, 219, 197, 198, 188, 157, 138, 122, 94, 85, 86, 49, 24, 0, 20, 19
297, 296, 295, 294, 270, 257, 219, 197, 198, 188, 157, 138, 122, 94, 85, 86, 49, 24, 0, 20
297, 296, 295, 294, 270, 257, 219, 197, 198, 188, 157, 138, 122, 94, 85, 86, 49, 23, 22, 21
297, 296, 295, 294, 270, 257, 219, 197, 198, 188, 157, 138, 122, 94, 85, 86, 49, 23, 22
297, 296, 295, 294, 270, 257, 219, 197, 198, 188, 157, 138, 122, 94, 85, 86, 49, 23
297, 296, 295, 294, 270, 257, 219, 197, 198, 188, 157, 138, 122, 94, 85, 86, 49, 24
297, 275, 241, 223, 215, 192, 174, 133, 134, 127, 89, 81, 82, 55, 54, 53, 52, 26, 25
297, 275, 241, 223, 215, 192, 174, 133, 134, 127, 89, 81, 82, 55, 54, 53, 52, 26
297, 275, 241, 223, 215, 192, 174, 133, 134, 127, 89, 81, 82, 55, 54, 27
297, 275, 241, 223, 215, 192, 174, 133, 134, 127, 89, 81, 56, 28
297, 275, 241, 223, 215, 192, 174, 133, 134, 127, 89, 81, 56, 29
297, 275, 241, 223, 215, 192, 174, 133, 128, 110, 80, 58, 30
297, 275, 241, 223, 215, 192, 174, 133, 128, 110, 80, 58, 31
297, 275, 241, 223, 214, 194, 173, 152, 130, 108, 77, 60, 32
297, 275, 241, 223, 214, 194, 173, 152, 130, 108, 77, 60, 32, 33
297, 275, 241, 223, 214, 194, 173, 152, 151, 132, 106, 75, 62, 34
297, 275, 241, 223, 214, 194, 173, 152, 151, 132, 106, 75, 74, 63, 35
297, 275, 241, 223, 214, 194, 173, 172, 171, 170, 149, 112, 105, 73, 64, 36
297, 275, 241, 223, 214, 194, 173, 172, 171, 170, 149, 112, 105, 73, 64, 36, 37
297, 275, 241, 223, 214, 194, 173, 172, 171, 170, 149, 112, 105, 73, 64, 36, 37, 38
297, 275, 241, 223, 214, 194, 173, 172, 171, 170, 149, 112, 105, 73, 64, 36, 37, 38, 39
