469, 451, 426, 409, 373, 357, 337, 318, 287, 264, 252, 236, 204, 188, 172, 141, 118, 96, 88, 64, 22, 23, 0
469, 451, 426, 409, 373, 357, 337, 318, 287, 264, 252, 236, 204, 188, 172, 141, 140, 120, 95, 86, 66, 25, 1
469, 470, 449, 428, 412, 392, 355, 341, 321, 289, 267, 255, 217, 200, 185, 168, 139, 122, 93, 84, 44, 26, 2
469, 470, 449, 428, 412, 392, 355, 341, 321, 289, 267, 255, 217, 200, 185, 168, 139, 122, 92, 83, 46, 27, 3
469, 470, 449, 428, 412, 392, 355, 341, 321, 289, 267, 255, 217, 200, 185, 168, 139, 122, 92, 83, 46, 27, 3, 4
469, 470, 449, 428, 412, 392, 355, 341, 321, 289, 267, 255, 217, 200, 185, 168, 139, 122, 92, 83, 46, 27, 3, 4, 5
469, 470, 449, 428, 412, 392, 355, 341, 321, 289, 267, 255, 217, 200, 185, 168, 139, 122, 92, 83, 46, 27, 3, 4, 5, 6
469, 451, 426, 408, 374, 358, 359, 335, 315, 304, 282, 246, 231, 209, 194, 157, 148, 111, 105, 74, 75, 76, 53, 33, 8, 7
469, 451, 426, 408, 374, 358, 359, 335, 315, 304, 282, 246, 231, 209, 194, 157, 148, 111, 105, 74, 75, 76, 53, 33, 8
469, 451, 426, 408, 374, 358, 359, 335, 315, 304, 282, 246, 231, 209, 194, 157, 148, 111, 105, 74, 75, 76, 53, 33, 9
469, 451, 426, 408, 374, 358, 359, 335, 315, 304, 282, 246, 231, 209, 194, 157, 148, 111, 105, 74, 75, 54, 34, 10
469, 451, 426, 408, 374, 358, 359, 335, 315, 304, 282, 246, 231, 209, 194, 157, 148, 111, 105, 74, 55, 35, 11
469, 451, 426, 408, 374, 358, 359, 335, 315, 304, 282, 246, 231, 209, 194, 157, 148, 111, 105, 73, 56, 36, 12
469, 451, 426, 408, 374, 358, 359, 335, 315, 304, 282, 246, 231, 209, 194, 156, 147, 113, 103, 71, 58, 37, 13
469, 451, 426, 408, 374, 358, 359, 335, 315, 304, 282, 246, 231, 209, 194, 156, 147, 113, 103, 71, 58, 37, 14
469, 451, 426, 409, 373, 357, 337, 318, 287, 264, 252, 236, 204, 189, 173, 143, 117, 116, 101, 69, 60, 39, 38, 15
469, 451, 426, 409, 373, 357, 337, 318, 287, 264, 252, 236, 204, 189, 173, 143, 117, 99, 100, 68, 61, 40, 16
469, 451, 426, 409, 373, 357, 337, 318, 287, 264, 252, 236, 204, 189, 173, 143, 117, 98, 67, 62, 41, 17
469, 451, 426, 409, 373, 357, 337, 318, 287, 264, 252, 236, 204, 189, 173, 143, 117, 98, 67, 62, 41, 17, 18
469, 451, 426, 409, 373, 357, 337, 318, 287, 264, 252, 236, 204, 188, 172, 141, 118, 96, 88, 63, 21, 19
469, 451, 426, 409, 373, 357, 337, 318, 287, 264, 252, 236, 204, 188, 172, 141, 118, 96, 88, 64, 22, 20
469, 451, 426, 409, 373, 357, 337, 318, 287, 264, 252, 236, 204, 188, 172, 141, 118, 96, 88, 63, 21
469, 451, 426, 409, 373, 357, 337, 318, 287, 264, 252, 236, 204, 188, 172, 141, 118, 96, 88, 64, 22
469, 451, 426, 409, 373, 357, 337, 318, 287, 264, 252, 236, 204, 188, 172, 141, 118, 96, 88, 64, 22, 23
469, 451, 426, 409, 373, 357, 337, 318, 287, 264, 252, 236, 204, 188, 172, 141, 140, 120, 95, 86, 66, 24
469, 451, 426, 409, 373, 357, 337, 318, 287, 264, 252, 236, 204, 188, 172, 141, 140, 120, 95, 86, 66, 25
469, 470, 449, 428, 412, 392, 355, 341, 321, 289, 267, 255, 217, 200, 185, 168, 139, 122, 93, 84, 44, 26
469, 470, 449, 428, 412, 392, 355, 341, 321, 289, 267, 255, 217, 200, 185, 168, 139, 122, 92, 83, 46, 27
469, 470, 449, 428, 412, 392, 355, 341, 321, 289, 267, 255, 217, 200, 185, 168, 139, 122, 92, 83, 46, 27, 28
469, 470, 449, 428, 412, 392, 355, 341, 321, 289, 267, 255, 217, 200, 185, 168, 139, 122, 92, 83, 46, 27, 28, 29
469, 470, 449, 428, 412, 392, 355, 341, 321, 289, 267, 255, 217, 200, 185, 168, 139, 122, 92, 83, 46, 27, 28, 29, 30
469, 470, 449, 428, 412, 392, 355, 341, 321, 289, 267, 255, 217, 200, 185, 168, 139, 122, 92, 83, 46, 27, 28, 29, 30, 31
469, 451, 426, 408, 374, 358, 359, 335, 315, 304, 282, 246, 231, 209, 194, 157, 148, 111, 105, 74, 75, 76, 53, 33, 32
469, 451, 426, 408, 374, 358, 359, 335, 315, 304, 282, 246, 231, 209, 194, 157, 148, 111, 105, 74, 75, 76, 53, 33
469, 451, 426, 408, 374, 358, 359, 335, 315, 304, 282, 246, 231, 209, 194, 157, 148, 111, 105, 74, 75, 54, 34
469, 451, 426, 408, 374, 358, 359, 335, 315, 304, 282, 246, 231, 209, 194, 157, 148, 111, 105, 74, 55, 35
469, 451, 426, 408, 374, 358, 359, 335, 315, 304, 282, 246, 231, 209, 194, 157, 148, 111, 105, 73, 56, 36
469, 451, 426, 408, 374, 358, 359, 335, 315, 304, 282, 246, 231, 209, 194, 156, 147, 113, 103, 71, 58, 37
469, 451, 426, 409, 373, 357, 337, 318, 287, 264, 252, 236, 204, 189, 173, 143, 117, 116, 101, 69, 60, 39, 38
469, 451, 426, 409, 373, 357, 337, 318, 287, 264, 252, 236, 204, 189, 173, 143, 117, 116, 101, 69, 60, 39
469, 451, 426, 409, 373, 357, 337, 318, 287, 264, 252, 236, 204, 189, 173, 143, 117, 99, 100, 68, 61, 40
469, 451, 426, 409, 373, 357, 337, 318, 287, 264, 252, 236, 204, 189, 173, 143, 117, 98, 67, 62, 41
469, 470, 449, 428, 412, 392, 355, 341, 321, 289, 267, 255, 217, 200, 185, 168, 139, 122, 93, 84, 42
469, 470, 449, 428, 412, 392, 355, 341, 321, 289, 267, 255, 217, 200, 185, 168, 139, 122, 93, 84, 43
469, 470, 449, 428, 412, 392, 355, 341, 321, 289, 267, 255, 217, 200, 185, 168, 139, 122, 93, 84, 44
469, 470, 449, 428, 412, 392, 355, 341, 321, 289, 267, 255, 217, 200, 185, 168, 139, 122, 92, 83, 45
469, 470, 449, 428, 412, 392, 355, 341, 321, 289, 267, 255, 217, 200, 185, 168, 139, 122, 92, 83, 46
469, 470, 449, 428, 412, 392, 355, 341, 321, 289, 267, 255, 217, 200, 185, 168, 139, 122, 92, 83, 46, 47
469, 470, 449, 428, 412, 392, 355, 341, 321, 289, 267, 255, 217, 200, 185, 168, 139, 122, 92, 83, 82, 81, 48
469, 470, 449, 428, 412, 392, 355, 341, 321, 289, 267, 255, 217, 200, 185, 168, 139, 122, 92, 83, 82, 81, 49
469, 470, 449, 428, 412, 392, 355, 341, 321, 289, 267, 255, 217, 200, 185, 168, 139, 122, 92, 83, 82, 81, 49, 50
469, 470, 449, 428, 412, 391, 390, 389, 350, 344, 324, 294, 272, 259, 221, 216, 181, 164, 134, 128, 110, 78, 51
469, 451, 426, 408, 407, 376, 377, 378, 363, 331, 312, 301, 278, 244, 229, 211, 176, 160, 150, 132, 107, 108, 77, 52
469, 451, 426, 408, 374, 358, 359, 335, 315, 304, 282, 246, 231, 209, 194, 157, 148, 111, 105, 74, 75, 76, 53
469, 451, 426, 408, 374, 358, 359, 335, 315, 304, 282, 246, 231, 209, 194, 157, 148, 111, 105, 74, 75, 54
469, 451, 426, 408, 374, 358, 359, 335, 315, 304, 282, 246, 231, 209, 194, 157, 148, 111, 105, 74, 55
469, 451, 426, 408, 374, 358, 359, 335, 315, 304, 282, 246, 231, 209, 194, 157, 148, 111, 105, 73, 56
469, 451, 426, 408, 374, 358, 359, 335, 315, 304, 282, 246, 231, 209, 194, 156, 147, 113, 104, 72, 57
469, 451, 426, 408, 374, 358, 359, 335, 315, 304, 282, 246, 231, 209, 194, 156, 147, 113, 103, 71, 58
469, 451, 426, 408, 374, 358, 336, 316, 285, 262, 250, 234, 206, 192, 175, 144, 115, 102, 70, 59
469, 451, 426, 409, 373, 357, 337, 318, 287, 264, 252, 236, 204, 189, 173, 143, 117, 116, 101, 69, 60
469, 451, 426, 409, 373, 357, 337, 318, 287, 264, 252, 236, 204, 189, 173, 143, 117, 99, 100, 68, 61
469, 451, 426, 409, 373, 357, 337, 318, 287, 264, 252, 236, 204, 189, 173, 143, 117, 98, 67, 62
469, 451, 426, 409, 373, 357, 337, 318, 287, 264, 252, 236, 204, 188, 172, 141, 118, 96, 88, 63
469, 451, 426, 409, 373, 357, 337, 318, 287, 264, 252, 236, 204, 188, 172, 141, 118, 96, 88, 64
469, 451, 426, 409, 373, 357, 337, 318, 287, 264, 252, 236, 204, 188, 172, 141, 118, 96, 88, 64, 65
469, 451, 426, 409, 373, 357, 337, 318, 287, 264, 252, 236, 204, 188, 172, 141, 140, 120, 95, 86, 66
469, 451, 426, 409, 373, 357, 337, 318, 287, 264, 252, 236, 204, 189, 173, 143, 117, 98, 67
469, 451, 426, 409, 373, 357, 337, 318, 287, 264, 252, 236, 204, 189, 173, 143, 117, 99, 100, 68
469, 451, 426, 409, 373, 357, 337, 318, 287, 264, 252, 236, 204, 189, 173, 143, 117, 116, 101, 69
469, 451, 426, 408, 374, 358, 336, 316, 285, 262, 250, 234, 206, 192, 175, 144, 115, 102, 70
469, 451, 426, 408, 374, 358, 359, 335, 315, 304, 282, 246, 231, 209, 194, 156, 147, 113, 103, 71
469, 451, 426, 408, 374, 358, 359, 335, 315, 304, 282, 246, 231, 209, 194, 156, 147, 113, 104, 72
469, 451, 426, 408, 374, 358, 359, 335, 315, 304, 282, 246, 231, 209, 194, 157, 148, 111, 105, 73
469, 451, 426, 408, 374, 358, 359, 335, 315, 304, 282, 246, 231, 209, 194, 157, 148, 111, 105, 74
469, 451, 426, 408, 374, 358, 359, 335, 315, 304, 282, 246, 231, 209, 194, 157, 148, 111, 105, 74, 75
469, 451, 426, 408, 374, 358, 359, 335, 315, 304, 282, 246, 231, 209, 194, 157, 148, 111, 105, 74, 75, 76
469, 451, 426, 408, 407, 376, 377, 378, 363, 331, 312, 301, 278, 244, 229, 211, 176, 160, 150, 132, 107, 108, 77
469, 470, 449, 428, 412, 391, 390, 389, 350, 344, 324, 294, 272, 259, 221, 216, 181, 164, 134, 128, 110, 78
469, 470, 449, 428, 412, 391, 390, 389, 350, 344, 324, 294, 272, 259, 221, 216, 181, 164, 134, 128, 110, 79
469, 470, 449, 428, 412, 392, 355, 341, 321, 289, 267, 255, 217, 200, 185, 168, 139, 122, 92, 83, 82, 81, 80
469, 470, 449, 428, 412, 392, 355, 341, 321, 289, 267, 255, 217, 200, 185, 168, 139, 122, 92, 83, 82, 81
469, 470, 449, 428, 412, 392, 355, 341, 321, 289, 267, 255, 217, 200, 185, 168, 139, 122, 92, 83, 82
469, 470, 449, 428, 412, 392, 355, 341, 321, 289, 267, 255, 217, 200, 185, 168, 139, 122, 92, 83
469, 470, 449, 428, 412, 392, 355, 341, 321, 289, 267, 255, 217, 200, 185, 168, 139, 122, 93, 84
469, 470, 449, 428, 412, 392, 355, 341, 321, 289, 267, 255, 217, 200, 185, 168, 139, 122, 93, 85
469, 451, 426, 409, 373, 357, 337, 318, 287, 264, 252, 236, 204, 188, 172, 141, 140, 120, 95, 86
469, 451, 426, 409, 373, 357, 337, 318, 287, 264, 252, 236, 204, 188, 172, 141, 118, 96, 88, 87
469, 451, 426, 409, 373, 357, 337, 318, 287, 264, 252, 236, 204, 188, 172, 141, 118, 96, 88
469, 470, 449, 428, 412, 392, 355, 341, 321, 289, 267, 255, 217, 200, 185, 168, 139, 122, 91, 90, 89
469, 470, 449, 428, 412, 392, 355, 341, 321, 289, 267, 255, 217, 200, 185, 168, 139, 122, 91, 90
469, 470, 449, 428, 412, 392, 355, 341, 321, 289, 267, 255, 217, 200, 185, 168, 139, 122, 91
469, 470, 449, 428, 412, 392, 355, 341, 321, 289, 267, 255, 217, 200, 185, 168, 139, 122, 92
469, 470, 449, 428, 412, 392, 355, 341, 321, 289, 267, 255, 217, 200, 185, 168, 139, 122, 93
469, 451, 426, 409, 373, 357, 337, 318, 287, 264, 252, 236, 204, 188, 172, 141, 140, 120, 94
469, 451, 426, 409, 373, 357, 337, 318, 287, 264, 252, 236, 204, 188, 172, 141, 140, 120, 95
469, 451, 426, 409, 373, 357, 337, 318, 287, 264, 252, 236, 204, 188, 172, 141, 118, 96
469, 451, 426, 409, 373, 357, 337, 318, 287, 264, 252, 236, 204, 188, 172, 141, 118, 97
469, 451, 426, 409, 373, 357, 337, 318, 287, 264, 252, 236, 204, 189, 173, 143, 117, 98
469, 451, 426, 409, 373, 357, 337, 318, 287, 264, 252, 236, 204, 189, 173, 143, 117, 99
