874, 854, 818, 807, 806, 805, 784, 741, 725, 699, 690, 650, 632, 614, 592, 585, 562, 529, 514, 480, 481, 469, 451, 426, 409, 373, 357, 337, 318, 287, 264, 252, 236, 204, 188, 172, 141, 118, 96, 88, 64, 22, 23, 0
874, 892, 920, 931, 961, 977, 996, 1020, 1045, 1053, 1072, 1095, 1096, 1122, 1151, 1177, 1193, 1213, 1235, 1248, 1247, 1275, 1291, 1316, 1322, 1350, 1363, 1394, 1407, 1425, 1447, 1474, 1499, 1529, 1537, 2, 1
874, 892, 920, 931, 961, 977, 996, 1020, 1045, 1053, 1072, 1095, 1096, 1122, 1151, 1177, 1193, 1213, 1235, 1248, 1247, 1275, 1291, 1316, 1322, 1350, 1363, 1394, 1407, 1425, 1447, 1474, 1499, 1529, 1537, 2
874, 892, 920, 931, 961, 977, 996, 1020, 1045, 1053, 1072, 1095, 1096, 1122, 1151, 1177, 1193, 1213, 1235, 1248, 1247, 1275, 1291, 1316, 1322, 1350, 1363, 1394, 1407, 1425, 1447, 1474, 1499, 1529, 1536, 3
874, 892, 920, 931, 961, 977, 996, 1020, 1045, 1053, 1072, 1095, 1124, 1147, 1175, 1191, 1211, 1233, 1249, 1273, 1289, 1318, 1324, 1323, 1349, 1362, 1392, 1404, 1426, 1449, 1475, 1500, 1531, 1534, 4
874, 892, 920, 931, 961, 977, 996, 1020, 1045, 1053, 1072, 1095, 1124, 1147, 1175, 1191, 1211, 1233, 1249, 1273, 1289, 1318, 1324, 1323, 1349, 1362, 1392, 1404, 1426, 1449, 1475, 1500, 1531, 1534, 5
874, 892, 920, 931, 961, 977, 996, 1020, 1045, 1053, 1072, 1095, 1124, 1147, 1175, 1191, 1211, 1233, 1249, 1273, 1289, 1318, 1324, 1323, 1349, 1362, 1392, 1404, 1426, 1449, 1475, 1502, 1532, 1553, 6
874, 892, 920, 931, 961, 977, 996, 1020, 1045, 1053, 1072, 1095, 1124, 1147, 1175, 1191, 1211, 1233, 1249, 1273, 1289, 1318, 1325, 1348, 1382, 1391, 1423, 1429, 1452, 1478, 1507, 1515, 1551, 8, 7
874, 892, 920, 931, 961, 977, 996, 1020, 1045, 1053, 1072, 1095, 1124, 1147, 1175, 1191, 1211, 1233, 1249, 1273, 1289, 1318, 1325, 1348, 1382, 1391, 1423, 1429, 1452, 1478, 1507, 1515, 1551, 8
874, 892, 920, 931, 961, 977, 996, 1020, 1045, 1053, 1072, 1095, 1124, 1147, 1175, 1191, 1211, 1233, 1249, 1273, 1289, 1318, 1325, 1348, 1382, 1391, 1423, 1429, 1452, 1478, 1507, 1515, 1551, 9
874, 892, 920, 931, 961, 977, 996, 1020, 1045, 1053, 1072, 1095, 1124, 1147, 1175, 1191, 1211, 1233, 1249, 1273, 1289, 1318, 1325, 1348, 1382, 1391, 1423, 1429, 1452, 1478, 1479, 1508, 1516, 1550, 10
874, 892, 920, 931, 961, 977, 996, 1020, 1045, 1053, 1072, 1095, 1124, 1147, 1175, 1191, 1211, 1233, 1249, 1273, 1289, 1318, 1325, 1348, 1382, 1391, 1423, 1429, 1452, 1478, 1479, 1508, 1516, 1549, 11
874, 891, 919, 930, 963, 975, 994, 1018, 1043, 1056, 1073, 1090, 1125, 1146, 1173, 1189, 1208, 1231, 1252, 1270, 1285, 1300, 1328, 1344, 1379, 1387, 1420, 1431, 1454, 1480, 1510, 1517, 1548, 12
874, 891, 919, 918, 929, 943, 974, 993, 1016, 1041, 1058, 1077, 1112, 1128, 1143, 1171, 1186, 1206, 1228, 1254, 1268, 1284, 1302, 1330, 1343, 1378, 1386, 1419, 1435, 1457, 1482, 1488, 1518, 1546, 13
874, 891, 919, 918, 929, 943, 974, 993, 1016, 1041, 1058, 1077, 1112, 1128, 1143, 1171, 1186, 1206, 1228, 1254, 1268, 1284, 1302, 1330, 1343, 1378, 1386, 1419, 1435, 1457, 1482, 1488, 1518, 1546, 14
874, 891, 919, 918, 929, 943, 974, 993, 1016, 1041, 1058, 1077, 1112, 1128, 1143, 1171, 1186, 1206, 1228, 1254, 1268, 1284, 1302, 1330, 1343, 1378, 1386, 1419, 1435, 1457, 1482, 1488, 1519, 1545, 15
874, 891, 919, 918, 929, 943, 974, 993, 1016, 1041, 1058, 1077, 1112, 1128, 1143, 1171, 1186, 1206, 1228, 1254, 1268, 1284, 1302, 1331, 1342, 1377, 1385, 1418, 1436, 1458, 1483, 1489, 1521, 1544, 16
874, 891, 919, 918, 929, 943, 974, 993, 1016, 1041, 1058, 1077, 1112, 1128, 1143, 1171, 1186, 1206, 1228, 1254, 1268, 1284, 1302, 1331, 1342, 1377, 1385, 1418, 1436, 1458, 1483, 1489, 1521, 1544, 16, 17
874, 891, 919, 918, 929, 943, 974, 993, 1016, 1041, 1058, 1077, 1112, 1128, 1143, 1171, 1186, 1206, 1228, 1254, 1268, 1283, 1303, 1332, 1361, 1375, 1384, 1417, 1437, 1459, 1460, 1486, 1492, 1523, 1542, 18
874, 854, 818, 807, 806, 805, 784, 741, 725, 699, 690, 650, 632, 614, 592, 585, 562, 529, 514, 480, 481, 469, 451, 426, 409, 373, 357, 337, 318, 287, 264, 252, 236, 204, 188, 172, 141, 118, 96, 88, 63, 21, 19
874, 854, 818, 807, 806, 805, 784, 741, 725, 699, 690, 650, 632, 614, 592, 585, 562, 529, 514, 480, 481, 469, 451, 426, 409, 373, 357, 337, 318, 287, 264, 252, 236, 204, 188, 172, 141, 118, 96, 88, 64, 22, 20
874, 854, 818, 807, 806, 805, 784, 741, 725, 699, 690, 650, 632, 614, 592, 585, 562, 529, 514, 480, 481, 469, 451, 426, 409, 373, 357, 337, 318, 287, 264, 252, 236, 204, 188, 172, 141, 118, 96, 88, 63, 21
874, 854, 818, 807, 806, 805, 784, 741, 725, 699, 690, 650, 632, 614, 592, 585, 562, 529, 514, 480, 481, 469, 451, 426, 409, 373, 357, 337, 318, 287, 264, 252, 236, 204, 188, 172, 141, 118, 96, 88, 64, 22
874, 854, 818, 807, 806, 805, 784, 741, 725, 699, 690, 650, 632, 614, 592, 585, 562, 529, 514, 480, 481, 469, 451, 426, 409, 373, 357, 337, 318, 287, 264, 252, 236, 204, 188, 172, 141, 118, 96, 88, 64, 22, 23
874, 854, 818, 807, 806, 805, 784, 741, 725, 699, 690, 650, 632, 614, 592, 585, 562, 529, 514, 480, 481, 469, 451, 426, 409, 373, 357, 337, 318, 287, 264, 252, 236, 204, 188, 172, 141, 140, 120, 95, 86, 66, 24
874, 854, 818, 807, 806, 805, 784, 741, 725, 699, 690, 650, 632, 614, 592, 585, 562, 529, 514, 480, 481, 469, 451, 426, 409, 373, 357, 337, 318, 287, 264, 252, 236, 204, 188, 172, 141, 140, 120, 95, 86, 66, 25
874, 892, 920, 931, 961, 977, 996, 1020, 1045, 1053, 1072, 1095, 1096, 1122, 1151, 1177, 1193, 1213, 1235, 1248, 1247, 1275, 1291, 1316, 1322, 1350, 1363, 1394, 1407, 1425, 1447, 1474, 1499, 1529, 1537, 2, 26
874, 892, 920, 931, 961, 977, 996, 1020, 1045, 1053, 1072, 1095, 1096, 1122, 1151, 1177, 1193, 1213, 1235, 1248, 1247, 1275, 1291, 1316, 1322, 1350, 1363, 1394, 1407, 1425, 1447, 1474, 1499, 1529, 1536, 3, 27
874, 892, 920, 931, 961, 977, 996, 1020, 1045, 1053, 1072, 1095, 1124, 1147, 1175, 1191, 1211, 1233, 1249, 1273, 1289, 1318, 1324, 1323, 1349, 1362, 1392, 1404, 1426, 1449, 1475, 1500, 1531, 1534, 5, 28
874, 892, 920, 931, 961, 977, 996, 1020, 1045, 1053, 1072, 1095, 1124, 1147, 1175, 1191, 1211, 1233, 1249, 1273, 1289, 1318, 1324, 1323, 1349, 1362, 1392, 1404, 1426, 1449, 1475, 1500, 1531, 1534, 5, 29
874, 892, 920, 931, 961, 977, 996, 1020, 1045, 1053, 1072, 1095, 1124, 1147, 1175, 1191, 1211, 1233, 1249, 1273, 1289, 1318, 1324, 1323, 1349, 1362, 1392, 1404, 1426, 1449, 1475, 1502, 1532, 1553, 6, 30
874, 892, 920, 931, 961, 977, 996, 1020, 1045, 1053, 1072, 1095, 1124, 1147, 1175, 1191, 1211, 1233, 1249, 1273, 1289, 1318, 1324, 1323, 1349, 1362, 1392, 1404, 1426, 1449, 1475, 1502, 1532, 1553, 6, 31
874, 892, 920, 931, 961, 977, 996, 1020, 1045, 1053, 1072, 1095, 1124, 1147, 1175, 1191, 1211, 1233, 1249, 1273, 1289, 1318, 1325, 1348, 1382, 1391, 1423, 1429, 1452, 1478, 1507, 1515, 1551, 8, 7, 32
874, 892, 920, 931, 961, 977, 996, 1020, 1045, 1053, 1072, 1095, 1124, 1147, 1175, 1191, 1211, 1233, 1249, 1273, 1289, 1318, 1325, 1348, 1382, 1391, 1423, 1429, 1452, 1478, 1507, 1515, 1551, 9, 33
874, 892, 920, 931, 961, 977, 996, 1020, 1045, 1053, 1072, 1095, 1124, 1147, 1175, 1191, 1211, 1233, 1249, 1273, 1289, 1318, 1325, 1348, 1382, 1391, 1423, 1429, 1452, 1478, 1479, 1508, 1516, 1550, 10, 34
874, 892, 920, 931, 961, 977, 996, 1020, 1045, 1053, 1072, 1095, 1124, 1147, 1175, 1191, 1211, 1233, 1249, 1273, 1289, 1318, 1325, 1348, 1382, 1391, 1423, 1429, 1452, 1478, 1479, 1508, 1516, 1549, 11, 35
874, 891, 919, 930, 963, 975, 994, 1018, 1043, 1056, 1073, 1090, 1125, 1146, 1173, 1189, 1208, 1231, 1252, 1270, 1285, 1300, 1328, 1344, 1379, 1387, 1420, 1431, 1454, 1480, 1510, 1517, 1548, 12, 36
874, 891, 919, 918, 929, 943, 974, 993, 1016, 1041, 1058, 1077, 1112, 1128, 1143, 1171, 1186, 1206, 1228, 1254, 1268, 1284, 1302, 1330, 1343, 1378, 1386, 1419, 1435, 1457, 1482, 1488, 1518, 1546, 14, 37
874, 891, 919, 918, 929, 943, 974, 993, 1016, 1041, 1058, 1077, 1112, 1128, 1143, 1171, 1186, 1206, 1228, 1254, 1268, 1284, 1302, 1331, 1342, 1377, 1385, 1418, 1436, 1458, 1483, 1489, 1521, 1544, 16, 38
874, 891, 919, 918, 929, 943, 974, 993, 1016, 1041, 1058, 1077, 1112, 1128, 1143, 1171, 1186, 1206, 1228, 1254, 1268, 1284, 1302, 1331, 1342, 1377, 1385, 1418, 1436, 1458, 1483, 1489, 1521, 1544, 16, 39
874, 891, 919, 918, 929, 943, 974, 993, 1016, 1041, 1058, 1077, 1112, 1128, 1143, 1171, 1186, 1206, 1228, 1254, 1268, 1284, 1302, 1331, 1342, 1377, 1385, 1418, 1436, 1458, 1483, 1489, 1521, 1544, 16, 40
874, 854, 818, 807, 806, 805, 784, 741, 725, 699, 690, 650, 632, 614, 592, 585, 562, 529, 514, 480, 481, 469, 451, 426, 409, 373, 357, 337, 318, 287, 264, 252, 236, 204, 189, 173, 143, 117, 98, 67, 62, 41
874, 892, 920, 931, 961, 977, 996, 1020, 1045, 1053, 1072, 1095, 1096, 1122, 1151, 1177, 1193, 1213, 1235, 1248, 1247, 1275, 1291, 1316, 1322, 1350, 1363, 1394, 1407, 1425, 1447, 1474, 1499, 1529, 1537, 2, 26, 42
874, 892, 920, 931, 961, 977, 996, 1020, 1045, 1053, 1072, 1095, 1096, 1122, 1151, 1177, 1193, 1213, 1235, 1248, 1247, 1275, 1291, 1316, 1322, 1350, 1363, 1394, 1407, 1425, 1447, 1474, 1499, 1529, 1537, 2, 26, 43
874, 892, 920, 931, 961, 977, 996, 1020, 1045, 1053, 1072, 1095, 1096, 1122, 1151, 1177, 1193, 1213, 1235, 1248, 1247, 1275, 1291, 1316, 1322, 1350, 1363, 1394, 1407, 1425, 1447, 1474, 1499, 1529, 1537, 2, 26, 44
874, 892, 920, 931, 961, 977, 996, 1020, 1045, 1053, 1072, 1095, 1096, 1122, 1151, 1177, 1193, 1213, 1235, 1248, 1247, 1275, 1291, 1316, 1322, 1350, 1363, 1394, 1407, 1425, 1447, 1474, 1499, 1529, 1536, 3, 27, 45
874, 892, 920, 931, 961, 977, 996, 1020, 1045, 1053, 1072, 1095, 1096, 1122, 1151, 1177, 1193, 1213, 1235, 1248, 1247, 1275, 1291, 1316, 1322, 1350, 1363, 1394, 1407, 1425, 1447, 1474, 1499, 1529, 1536, 3, 27, 46
874, 892, 920, 931, 961, 977, 996, 1020, 1045, 1053, 1072, 1095, 1124, 1147, 1175, 1191, 1211, 1233, 1249, 1273, 1289, 1318, 1324, 1323, 1349, 1362, 1392, 1404, 1426, 1449, 1475, 1500, 1531, 1534, 5, 28, 47
874, 892, 920, 931, 961, 977, 996, 1020, 1045, 1053, 1072, 1095, 1124, 1147, 1175, 1191, 1211, 1233, 1249, 1273, 1289, 1318, 1324, 1323, 1349, 1362, 1392, 1404, 1426, 1449, 1475, 1500, 1531, 1534, 5, 29, 48
874, 892, 920, 931, 961, 977, 996, 1020, 1045, 1053, 1072, 1095, 1124, 1147, 1175, 1191, 1211, 1233, 1249, 1273, 1289, 1318, 1324, 1323, 1349, 1362, 1392, 1404, 1426, 1449, 1475, 1500, 1531, 1534, 5, 29, 49
874, 892, 920, 931, 961, 977, 996, 1020, 1045, 1053, 1072, 1095, 1124, 1147, 1175, 1191, 1211, 1233, 1249, 1273, 1289, 1318, 1324, 1323, 1349, 1362, 1392, 1404, 1426, 1449, 1475, 1502, 1532, 1553, 6, 31, 50
874, 892, 920, 931, 961, 977, 996, 1020, 1045, 1053, 1072, 1095, 1124, 1147, 1175, 1191, 1211, 1233, 1249, 1273, 1289, 1318, 1325, 1348, 1382, 1391, 1423, 1429, 1452, 1478, 1507, 1515, 1551, 8, 7, 32, 52, 51
874, 892, 920, 931, 961, 977, 996, 1020, 1045, 1053, 1072, 1095, 1124, 1147, 1175, 1191, 1211, 1233, 1249, 1273, 1289, 1318, 1325, 1348, 1382, 1391, 1423, 1429, 1452, 1478, 1507, 1515, 1551, 8, 7, 32, 52
874, 892, 920, 931, 961, 977, 996, 1020, 1045, 1053, 1072, 1095, 1124, 1147, 1175, 1191, 1211, 1233, 1249, 1273, 1289, 1318, 1325, 1348, 1382, 1391, 1423, 1429, 1452, 1478, 1507, 1515, 1551, 9, 33, 53
874, 875, 855, 821, 810, 780, 763, 729, 704, 672, 667, 647, 617, 589, 580, 558, 545, 518, 497, 463, 456, 419, 402, 379, 363, 331, 312, 301, 278, 244, 229, 211, 176, 160, 150, 132, 106, 75, 54
874, 891, 919, 930, 963, 975, 994, 1018, 1043, 1056, 1073, 1090, 1125, 1146, 1173, 1189, 1208, 1231, 1252, 1270, 1285, 1300, 1328, 1344, 1379, 1387, 1420, 1431, 1454, 1480, 1510, 1517, 1548, 12, 36, 56, 55
874, 891, 919, 930, 963, 975, 994, 1018, 1043, 1056, 1073, 1090, 1125, 1146, 1173, 1189, 1208, 1231, 1252, 1270, 1285, 1300, 1328, 1344, 1379, 1387, 1420, 1431, 1454, 1480, 1510, 1517, 1548, 12, 36, 56
874, 891, 919, 930, 963, 975, 994, 1018, 1043, 1056, 1073, 1090, 1125, 1146, 1173, 1189, 1208, 1231, 1252, 1270, 1285, 1300, 1328, 1344, 1379, 1387, 1420, 1431, 1454, 1480, 1510, 1517, 1548, 12, 36, 57
874, 891, 919, 918, 929, 943, 974, 993, 1016, 1041, 1058, 1077, 1112, 1128, 1143, 1171, 1186, 1206, 1228, 1254, 1268, 1284, 1302, 1330, 1343, 1378, 1386, 1419, 1435, 1457, 1482, 1488, 1518, 1546, 14, 37, 58
874, 891, 919, 918, 929, 943, 974, 993, 1016, 1041, 1058, 1077, 1112, 1128, 1143, 1171, 1186, 1206, 1228, 1254, 1268, 1284, 1302, 1331, 1342, 1377, 1385, 1418, 1436, 1458, 1483, 1489, 1521, 1544, 16, 38, 59
874, 891, 919, 918, 929, 943, 974, 993, 1016, 1041, 1058, 1077, 1112, 1128, 1143, 1171, 1186, 1206, 1228, 1254, 1268, 1284, 1302, 1331, 1342, 1377, 1385, 1418, 1436, 1458, 1483, 1489, 1521, 1544, 16, 39, 60
874, 891, 919, 918, 929, 943, 974, 993, 1016, 1041, 1058, 1077, 1112, 1128, 1143, 1171, 1186, 1206, 1228, 1254, 1268, 1284, 1302, 1331, 1342, 1377, 1385, 1418, 1436, 1458, 1483, 1489, 1521, 1544, 16, 40, 61
874, 854, 818, 807, 806, 805, 784, 741, 725, 699, 690, 650, 632, 614, 592, 585, 562, 529, 514, 480, 481, 469, 451, 426, 409, 373, 357, 337, 318, 287, 264, 252, 236, 204, 189, 173, 143, 117, 98, 67, 62
874, 854, 818, 807, 806, 805, 784, 741, 725, 699, 690, 650, 632, 614, 592, 585, 562, 529, 514, 480, 481, 469, 451, 426, 409, 373, 357, 337, 318, 287, 264, 252, 236, 204, 188, 172, 141, 118, 96, 88, 63
874, 854, 818, 807, 806, 805, 784, 741, 725, 699, 690, 650, 632, 614, 592, 585, 562, 529, 514, 480, 481, 469, 451, 426, 409, 373, 357, 337, 318, 287, 264, 252, 236, 204, 188, 172, 141, 118, 96, 88, 64
874, 854, 818, 807, 806, 805, 784, 741, 725, 699, 690, 650, 632, 614, 592, 585, 562, 529, 514, 480, 481, 469, 451, 426, 409, 373, 357, 337, 318, 287, 264, 252, 236, 204, 188, 172, 141, 118, 96, 88, 64, 65
874, 854, 818, 807, 806, 805, 784, 741, 725, 699, 690, 650, 632, 614, 592, 585, 562, 529, 514, 480, 481, 469, 451, 426, 409, 373, 357, 337, 318, 287, 264, 252, 236, 204, 188, 172, 141, 140, 120, 95, 86, 66
874, 854, 818, 807, 806, 805, 784, 741, 725, 699, 690, 650, 632, 614, 592, 585, 562, 529, 514, 480, 481, 469, 451, 426, 409, 373, 357, 337, 318, 287, 264, 252, 236, 204, 189, 173, 143, 117, 98, 67
874, 891, 919, 918, 929, 943, 974, 993, 1016, 1041, 1058, 1077, 1112, 1128, 1143, 1171, 1186, 1206, 1228, 1254, 1268, 1284, 1302, 1331, 1342, 1377, 1385, 1418, 1436, 1458, 1483, 1489, 1521, 1544, 16, 40, 61, 68
874, 891, 919, 918, 929, 943, 974, 993, 1016, 1041, 1058, 1077, 1112, 1128, 1143, 1171, 1186, 1206, 1228, 1254, 1268, 1284, 1302, 1331, 1342, 1377, 1385, 1418, 1436, 1458, 1483, 1489, 1521, 1544, 16, 39, 60, 69
874, 891, 919, 918, 929, 943, 974, 993, 1016, 1041, 1058, 1077, 1112, 1128, 1143, 1171, 1186, 1206, 1228, 1254, 1268, 1284, 1302, 1331, 1342, 1377, 1385, 1418, 1436, 1458, 1483, 1489, 1521, 1544, 16, 39, 60, 70
874, 891, 919, 918, 929, 943, 974, 993, 1016, 1041, 1058, 1077, 1112, 1128, 1143, 1171, 1186, 1206, 1228, 1254, 1268, 1284, 1302, 1330, 1343, 1378, 1386, 1419, 1435, 1457, 1482, 1488, 1518, 1546, 14, 37, 58, 71
874, 891, 919, 930, 963, 975, 994, 1018, 1043, 1056, 1073, 1090, 1125, 1146, 1173, 1189, 1208, 1231, 1252, 1270, 1285, 1300, 1328, 1344, 1379, 1387, 1420, 1431, 1454, 1480, 1510, 1517, 1548, 12, 36, 57, 72
874, 891, 919, 930, 963, 975, 994, 1018, 1043, 1056, 1073, 1090, 1125, 1146, 1173, 1189, 1208, 1231, 1252, 1270, 1285, 1300, 1328, 1344, 1379, 1387, 1420, 1431, 1454, 1480, 1510, 1517, 1548, 12, 36, 56, 73
874, 891, 919, 930, 963, 975, 994, 1018, 1043, 1056, 1073, 1090, 1125, 1146, 1173, 1189, 1208, 1231, 1252, 1270, 1285, 1300, 1328, 1344, 1379, 1387, 1420, 1431, 1454, 1480, 1510, 1517, 1548, 12, 36, 56, 73, 74
874, 875, 855, 821, 810, 780, 763, 729, 704, 672, 667, 647, 617, 589, 580, 558, 545, 518, 497, 463, 456, 419, 402, 379, 363, 331, 312, 301, 278, 244, 229, 211, 176, 160, 150, 132, 106, 75
874, 875, 855, 821, 810, 780, 763, 729, 704, 672, 667, 647, 617, 589, 580, 558, 545, 518, 497, 463, 456, 419, 402, 379, 363, 331, 312, 301, 278, 244, 229, 211, 176, 160, 150, 132, 107, 76
874, 892, 920, 931, 961, 977, 996, 1020, 1045, 1053, 1072, 1095, 1124, 1147, 1175, 1191, 1211, 1233, 1249, 1273, 1289, 1318, 1325, 1348, 1382, 1391, 1423, 1429, 1452, 1478, 1507, 1515, 1551, 8, 7, 32, 52, 77
874, 892, 920, 931, 961, 977, 996, 1020, 1045, 1053, 1072, 1095, 1124, 1147, 1175, 1191, 1211, 1233, 1249, 1273, 1289, 1318, 1324, 1323, 1349, 1362, 1392, 1404, 1426, 1449, 1475, 1502, 1532, 1553, 6, 31, 50, 80, 79, 78
874, 892, 920, 931, 961, 977, 996, 1020, 1045, 1053, 1072, 1095, 1124, 1147, 1175, 1191, 1211, 1233, 1249, 1273, 1289, 1318, 1324, 1323, 1349, 1362, 1392, 1404, 1426, 1449, 1475, 1502, 1532, 1553, 6, 31, 50, 80, 79
874, 892, 920, 931, 961, 977, 996, 1020, 1045, 1053, 1072, 1095, 1124, 1147, 1175, 1191, 1211, 1233, 1249, 1273, 1289, 1318, 1324, 1323, 1349, 1362, 1392, 1404, 1426, 1449, 1475, 1502, 1532, 1553, 6, 31, 50, 80
874, 892, 920, 931, 961, 977, 996, 1020, 1045, 1053, 1072, 1095, 1124, 1147, 1175, 1191, 1211, 1233, 1249, 1273, 1289, 1318, 1324, 1323, 1349, 1362, 1392, 1404, 1426, 1449, 1475, 1500, 1531, 1534, 5, 29, 48, 81
874, 892, 920, 931, 961, 977, 996, 1020, 1045, 1053, 1072, 1095, 1124, 1147, 1175, 1191, 1211, 1233, 1249, 1273, 1289, 1318, 1324, 1323, 1349, 1362, 1392, 1404, 1426, 1449, 1475, 1500, 1531, 1534, 5, 29, 48, 81, 82
874, 892, 920, 931, 961, 977, 996, 1020, 1045, 1053, 1072, 1095, 1096, 1122, 1151, 1177, 1193, 1213, 1235, 1248, 1247, 1275, 1291, 1316, 1322, 1350, 1363, 1394, 1407, 1425, 1447, 1474, 1499, 1529, 1536, 3, 27, 46, 83
874, 854, 818, 807, 806, 805, 784, 741, 725, 699, 690, 650, 632, 614, 592, 585, 562, 529, 514, 480, 481, 469, 470, 449, 428, 412, 392, 355, 341, 321, 289, 267, 255, 217, 200, 185, 168, 139, 122, 93, 84
874, 854, 818, 807, 806, 805, 784, 741, 725, 699, 690, 650, 632, 614, 592, 585, 562, 529, 514, 480, 481, 469, 470, 449, 428, 412, 392, 355, 341, 321, 289, 267, 255, 217, 200, 185, 168, 139, 122, 93, 85
874, 854, 818, 807, 806, 805, 784, 741, 725, 699, 690, 650, 632, 614, 592, 585, 562, 529, 514, 480, 481, 469, 451, 426, 409, 373, 357, 337, 318, 287, 264, 252, 236, 204, 188, 172, 141, 140, 120, 95, 86
874, 854, 818, 807, 806, 805, 784, 741, 725, 699, 690, 650, 632, 614, 592, 585, 562, 529, 514, 480, 481, 469, 451, 426, 409, 373, 357, 337, 318, 287, 264, 252, 236, 204, 188, 172, 141, 118, 96, 88, 87
874, 854, 818, 807, 806, 805, 784, 741, 725, 699, 690, 650, 632, 614, 592, 585, 562, 529, 514, 480, 481, 469, 451, 426, 409, 373, 357, 337, 318, 287, 264, 252, 236, 204, 188, 172, 141, 118, 96, 88
874, 892, 920, 931, 961, 977, 996, 1020, 1045, 1053, 1072, 1095, 1124, 1147, 1175, 1191, 1211, 1233, 1249, 1273, 1289, 1318, 1324, 1323, 1349, 1362, 1392, 1404, 1426, 1449, 1475, 1500, 1531, 1534, 5, 29, 48, 81, 89
874, 892, 920, 931, 961, 977, 996, 1020, 1045, 1053, 1072, 1095, 1124, 1147, 1175, 1191, 1211, 1233, 1249, 1273, 1289, 1318, 1324, 1323, 1349, 1362, 1392, 1404, 1426, 1449, 1475, 1500, 1531, 1534, 5, 29, 48, 81, 82, 90
874, 892, 920, 931, 961, 977, 996, 1020, 1045, 1053, 1072, 1095, 1096, 1122, 1151, 1177, 1193, 1213, 1235, 1248, 1247, 1275, 1291, 1316, 1322, 1350, 1363, 1394, 1407, 1425, 1447, 1474, 1499, 1529, 1536, 3, 27, 46, 83, 91
874, 892, 920, 931, 961, 977, 996, 1020, 1045, 1053, 1072, 1095, 1096, 1122, 1151, 1177, 1193, 1213, 1235, 1248, 1247, 1275, 1291, 1316, 1322, 1350, 1363, 1394, 1407, 1425, 1447, 1474, 1499, 1529, 1536, 3, 27, 46, 83, 92
874, 854, 818, 807, 806, 805, 784, 741, 725, 699, 690, 650, 632, 614, 592, 585, 562, 529, 514, 480, 481, 469, 470, 449, 428, 412, 392, 355, 341, 321, 289, 267, 255, 217, 200, 185, 168, 139, 122, 93
874, 854, 818, 807, 806, 805, 784, 741, 725, 699, 690, 650, 632, 614, 592, 585, 562, 529, 514, 480, 481, 469, 451, 426, 409, 373, 357, 337, 318, 287, 264, 252, 236, 204, 188, 172, 141, 140, 120, 94
874, 854, 818, 807, 806, 805, 784, 741, 725, 699, 690, 650, 632, 614, 592, 585, 562, 529, 514, 480, 481, 469, 451, 426, 409, 373, 357, 337, 318, 287, 264, 252, 236, 204, 188, 172, 141, 140, 120, 95
874, 854, 818, 807, 806, 805, 784, 741, 725, 699, 690, 650, 632, 614, 592, 585, 562, 529, 514, 480, 481, 469, 451, 426, 409, 373, 357, 337, 318, 287, 264, 252, 236, 204, 188, 172, 141, 118, 96
874, 854, 818, 807, 806, 805, 784, 741, 725, 699, 690, 650, 632, 614, 592, 585, 562, 529, 514, 480, 481, 469, 451, 426, 409, 373, 357, 337, 318, 287, 264, 252, 236, 204, 188, 172, 141, 118, 97
874, 854, 818, 807, 806, 805, 784, 741, 725, 699, 690, 650, 632, 614, 592, 585, 562, 529, 514, 480, 481, 469, 451, 426, 409, 373, 357, 337, 318, 287, 264, 252, 236, 204, 189, 173, 143, 117, 98
874, 854, 818, 807, 806, 805, 784, 741, 725, 699, 690, 650, 632, 614, 592, 585, 562, 529, 514, 480, 481, 469, 451, 426, 409, 373, 357, 337, 318, 287, 264, 252, 236, 204, 189, 173, 143, 117, 99
