171, 153, 127, 128, 98, 99, 100, 101, 75, 74, 50, 49, 25, 24, 1, 0
171, 153, 127, 128, 98, 99, 100, 101, 75, 74, 50, 49, 25, 24, 1
171, 153, 127, 128, 98, 99, 100, 101, 75, 74, 50, 49, 25, 3, 2
171, 153, 127, 128, 98, 99, 100, 101, 75, 74, 50, 49, 25, 3
171, 153, 127, 128, 98, 77, 76, 52, 27, 26, 4
171, 153, 127, 128, 98, 77, 76, 52, 27, 5
171, 153, 127, 128, 98, 77, 53, 28, 6
171, 153, 127, 97, 78, 54, 30, 7
171, 153, 126, 96, 79, 55, 31, 8
171, 153, 126, 96, 95, 80, 56, 32, 9
171, 170, 133, 125, 94, 81, 57, 33, 10
171, 170, 133, 125, 94, 81, 57, 33, 10, 11
171, 170, 133, 125, 94, 81, 57, 33, 34, 12
171, 170, 133, 125, 94, 81, 57, 33, 34, 35, 36, 13
171, 170, 133, 125, 94, 81, 57, 58, 59, 37, 14
171, 170, 133, 125, 94, 81, 57, 58, 59, 37, 38, 15
171, 170, 133, 125, 94, 81, 57, 58, 59, 37, 38, 15, 16
171, 170, 133, 125, 94, 81, 57, 58, 59, 37, 38, 15, 16, 17
171, 170, 133, 125, 94, 81, 57, 58, 59, 37, 38, 15, 16, 17, 18
171, 153, 127, 128, 98, 99, 100, 101, 102, 103, 71, 70, 69, 47, 23, 20, 19
171, 153, 127, 128, 98, 99, 100, 101, 102, 103, 71, 70, 69, 47, 23, 20
171, 170, 133, 134, 135, 123, 91, 85, 61, 62, 42, 40, 41, 21
171, 153, 127, 128, 98, 99, 100, 101, 102, 103, 71, 70, 69, 47, 23, 22
171, 153, 127, 128, 98, 99, 100, 101, 102, 103, 71, 70, 69, 47, 23
171, 153, 127, 128, 98, 99, 100, 101, 75, 74, 50, 49, 25, 24
171, 153, 127, 128, 98, 99, 100, 101, 75, 74, 50, 49, 25
171, 153, 127, 128, 98, 77, 76, 52, 27, 26
171, 153, 127, 128, 98, 77, 76, 52, 27
171, 153, 127, 128, 98, 77, 53, 28
171, 153, 127, 97, 78, 54, 29
171, 153, 127, 97, 78, 54, 30
171, 153, 126, 96, 79, 55, 31
171, 153, 126, 96, 95, 80, 56, 32
171, 170, 133, 125, 94, 81, 57, 33
171, 170, 133, 125, 94, 81, 57, 33, 34
171, 170, 133, 125, 94, 81, 57, 33, 34, 35
171, 170, 133, 125, 94, 81, 57, 33, 34, 35, 36
171, 170, 133, 125, 94, 81, 57, 58, 59, 37
171, 170, 133, 125, 94, 81, 57, 58, 59, 37, 38
171, 170, 133, 125, 94, 81, 57, 58, 59, 37, 38, 39
171, 170, 133, 134, 135, 123, 91, 85, 61, 62, 42, 40
171, 170, 133, 134, 135, 123, 91, 85, 61, 62, 42, 40, 41
171, 170, 133, 134, 135, 123, 91, 85, 61, 62, 42
171, 170, 133, 134, 135, 123, 91, 85, 61, 62, 42, 43
171, 172, 173, 174, 154, 155, 156, 157, 158, 159, 143, 114, 106, 107, 66, 44
171, 172, 173, 174, 154, 155, 156, 157, 158, 159, 143, 114, 106, 107, 66, 45
171, 153, 127, 128, 98, 99, 100, 101, 102, 103, 71, 70, 69, 47, 46
171, 153, 127, 128, 98, 99, 100, 101, 102, 103, 71, 70, 69, 47
171, 153, 127, 128, 98, 99, 100, 101, 75, 74, 50, 49, 48
171, 153, 127, 128, 98, 99, 100, 101, 75, 74, 50, 49
171, 153, 127, 128, 98, 99, 100, 101, 75, 74, 50
171, 153, 127, 128, 98, 77, 76, 52, 51
171, 153, 127, 128, 98, 77, 76, 52
171, 153, 127, 128, 98, 77, 53
171, 153, 127, 97, 78, 54
171, 153, 126, 96, 79, 55
171, 153, 126, 96, 95, 80, 56
171, 170, 133, 125, 94, 81, 57
171, 170, 133, 125, 94, 81, 57, 58
171, 170, 133, 125, 94, 81, 57, 58, 59
171, 170, 133, 125, 94, 81, 57, 58, 59, 60
171, 170, 133, 134, 135, 123, 91, 85, 61
171, 170, 133, 134, 135, 123, 91, 85, 61, 62
171, 170, 133, 134, 135, 123, 91, 85, 86, 87, 63
171, 170, 133, 134, 135, 123, 91, 85, 86, 87, 63, 64
171, 170, 133, 134, 135, 123, 91, 85, 61, 62, 42, 43, 65
171, 172, 173, 174, 154, 155, 156, 157, 158, 159, 143, 114, 106, 107, 66
171, 153, 127, 128, 98, 99, 100, 101, 102, 103, 71, 70, 69, 68, 67
171, 153, 127, 128, 98, 99, 100, 101, 102, 103, 71, 70, 69, 68
171, 153, 127, 128, 98, 99, 100, 101, 102, 103, 71, 70, 69
171, 153, 127, 128, 98, 99, 100, 101, 102, 103, 71, 70
171, 153, 127, 128, 98, 99, 100, 101, 102, 103, 71
171, 153, 127, 128, 98, 99, 100, 101, 75, 74, 73, 72
171, 153, 127, 128, 98, 99, 100, 101, 75, 74, 73
171, 153, 127, 128, 98, 99, 100, 101, 75, 74
171, 153, 127, 128, 98, 99, 100, 101, 75
171, 153, 127, 128, 98, 77, 76
171, 153, 127, 128, 98, 77
171, 153, 127, 97, 78
171, 153, 126, 96, 79
171, 153, 126, 96, 95, 80
171, 170, 133, 125, 94, 81
171, 170, 133, 125, 94, 81, 82
171, 170, 133, 125, 94, 81, 82, 83
171, 170, 133, 125, 94, 81, 82, 83, 84
171, 170, 133, 134, 135, 123, 91, 85
171, 170, 133, 134, 135, 123, 91, 85, 86
171, 170, 133, 134, 135, 123, 91, 85, 86, 87
171, 170, 133, 134, 135, 123, 91, 90, 89, 88
171, 170, 133, 134, 135, 123, 91, 90, 89
171, 170, 133, 134, 135, 123, 91, 90
171, 170, 133, 134, 135, 123, 91
171, 170, 133, 125, 124, 92
171, 170, 133, 125, 124, 93
171, 170, 133, 125, 94
171, 153, 126, 96, 95
171, 153, 126, 96
171, 153, 127, 97
171, 153, 127, 128, 98
171, 153, 127, 128, 98, 99
