117, 116, 107, 106, 67, 47, 23, 0
117, 116, 107, 106, 67, 47, 23, 0, 1
117, 116, 107, 106, 67, 47, 48, 24, 2
117, 116, 107, 106, 67, 47, 48, 24, 2, 3
117, 116, 107, 106, 67, 47, 48, 24, 2, 3, 4
117, 116, 107, 106, 67, 47, 48, 24, 2, 3, 4, 5
117, 116, 107, 106, 67, 47, 48, 24, 2, 3, 4, 5, 6
117, 118, 119, 120, 121, 122, 123, 124, 93, 82, 57, 33, 10, 9, 8, 7
117, 118, 119, 120, 121, 122, 123, 124, 93, 82, 57, 33, 10, 9, 8
117, 118, 119, 120, 121, 122, 123, 124, 93, 82, 57, 33, 10, 9
117, 118, 119, 120, 121, 122, 123, 124, 93, 82, 57, 33, 10
117, 118, 119, 120, 121, 89, 90, 91, 92, 83, 58, 34, 11
117, 118, 119, 120, 121, 89, 90, 91, 92, 83, 58, 35, 12
117, 118, 119, 120, 121, 89, 86, 61, 37, 14, 13
117, 118, 119, 120, 121, 89, 86, 61, 37, 14
117, 109, 63, 42, 39, 16, 15
117, 109, 63, 42, 39, 16
117, 109, 63, 42, 40, 17
117, 109, 63, 42, 40, 17, 18
117, 116, 107, 66, 46, 22, 19
117, 116, 107, 106, 67, 47, 23, 20
117, 109, 63, 42, 40, 41, 21
117, 116, 107, 66, 46, 22
117, 116, 107, 106, 67, 47, 23
117, 116, 107, 106, 67, 47, 48, 24
117, 116, 107, 106, 67, 47, 48, 24, 25
117, 116, 107, 106, 67, 47, 48, 24, 25, 26
117, 116, 107, 106, 67, 47, 48, 24, 25, 26, 27
117, 116, 107, 106, 67, 47, 48, 24, 25, 26, 27, 28
117, 116, 107, 106, 67, 47, 48, 24, 25, 26, 27, 28, 29
117, 118, 119, 120, 121, 122, 123, 124, 93, 82, 57, 33, 32, 31, 30
117, 118, 119, 120, 121, 122, 123, 124, 93, 82, 57, 33, 32, 31
117, 118, 119, 120, 121, 122, 123, 124, 93, 82, 57, 33, 32
117, 118, 119, 120, 121, 122, 123, 124, 93, 82, 57, 33
117, 118, 119, 120, 121, 89, 90, 91, 92, 83, 58, 34
117, 118, 119, 120, 121, 89, 90, 91, 92, 83, 58, 35
117, 118, 119, 120, 121, 89, 86, 85, 60, 59, 36
117, 118, 119, 120, 121, 89, 86, 61, 37
117, 118, 119, 88, 87, 62, 38
117, 109, 63, 42, 39
117, 109, 63, 42, 40
117, 109, 63, 42, 40, 41
117, 109, 63, 42
117, 109, 108, 65, 43
117, 109, 108, 65, 43, 44
117, 109, 108, 65, 43, 44, 45
117, 116, 107, 66, 46
117, 116, 107, 106, 67, 47
117, 116, 107, 106, 67, 47, 48
117, 116, 107, 106, 67, 47, 48, 49
117, 116, 107, 106, 67, 47, 48, 49, 50
117, 116, 107, 106, 67, 47, 48, 49, 50, 51
117, 116, 107, 106, 67, 47, 48, 49, 50, 51, 52
117, 116, 107, 106, 67, 47, 48, 49, 50, 51, 52, 53
117, 118, 119, 120, 121, 122, 123, 124, 93, 82, 57, 56, 55, 54
117, 118, 119, 120, 121, 122, 123, 124, 93, 82, 57, 56, 55
117, 118, 119, 120, 121, 122, 123, 124, 93, 82, 57, 56
117, 118, 119, 120, 121, 122, 123, 124, 93, 82, 57
117, 118, 119, 120, 121, 89, 90, 91, 92, 83, 58
117, 118, 119, 120, 121, 89, 86, 85, 60, 59
117, 118, 119, 120, 121, 89, 86, 85, 60
117, 118, 119, 120, 121, 89, 86, 61
117, 118, 119, 88, 87, 62
117, 109, 63
117, 109, 64
117, 109, 108, 65
117, 116, 107, 66
117, 116, 107, 106, 67
117, 116, 107, 106, 105, 68
117, 116, 107, 106, 105, 104, 69
117, 116, 107, 106, 105, 104, 70
117, 116, 107, 106, 105, 104, 70, 71
117, 116, 107, 106, 105, 104, 70, 71, 72
117, 116, 107, 106, 105, 104, 70, 71, 72, 73
117, 116, 107, 106, 105, 104, 103, 102, 74
117, 116, 107, 106, 105, 104, 103, 102, 74, 75
117, 116, 107, 106, 105, 104, 103, 102, 74, 75, 76
117, 116, 107, 106, 105, 104, 103, 102, 74, 75, 76, 77
117, 118, 119, 120, 121, 122, 123, 124, 125, 95, 96, 97, 78
117, 118, 119, 120, 121, 122, 123, 124, 93, 82, 81, 80, 79
117, 118, 119, 120, 121, 122, 123, 124, 93, 82, 81, 80
117, 118, 119, 120, 121, 122, 123, 124, 93, 82, 81
117, 118, 119, 120, 121, 122, 123, 124, 93, 82
117, 118, 119, 120, 121, 89, 90, 91, 92, 83
117, 118, 119, 120, 121, 89, 90, 91, 84
117, 118, 119, 120, 121, 89, 86, 85
117, 118, 119, 120, 121, 89, 86
117, 118, 119, 88, 87
117, 118, 119, 88
117, 118, 119, 120, 121, 89
117, 118, 119, 120, 121, 89, 90
117, 118, 119, 120, 121, 89, 90, 91
117, 118, 119, 120, 121, 89, 90, 91, 92
117, 118, 119, 120, 121, 122, 123, 124, 93
117, 118, 119, 120, 121, 122, 123, 124, 125, 94
117, 118, 119, 120, 121, 122, 123, 124, 125, 95
117, 118, 119, 120, 121, 122, 123, 124, 125, 95, 96
117, 118, 119, 120, 121, 122, 123, 124, 125, 95, 96, 97
117, 116, 107, 106, 105, 104, 103, 102, 101, 100, 99, 98
117, 116, 107, 106, 105, 104, 103, 102, 101, 100, 99
