281, 282, 264, 263, 255, 225, 205, 187, 162, 161, 141, 116, 107, 106, 67, 47, 23, 0
281, 282, 264, 263, 255, 225, 205, 187, 188, 189, 190, 160, 143, 113, 104, 70, 48, 24, 1
281, 282, 264, 263, 255, 225, 205, 187, 188, 189, 190, 160, 143, 113, 104, 70, 48, 24, 2
281, 282, 264, 263, 255, 225, 205, 187, 188, 189, 190, 160, 143, 113, 104, 70, 48, 24, 2, 3
281, 303, 268, 251, 230, 199, 181, 169, 132, 125, 95, 96, 97, 78, 54, 29, 28, 6, 5, 4
281, 303, 268, 251, 230, 199, 181, 169, 132, 125, 95, 96, 97, 78, 54, 29, 28, 6, 5
281, 303, 268, 251, 230, 199, 181, 169, 132, 125, 95, 96, 97, 78, 54, 29, 28, 6
281, 303, 268, 251, 230, 199, 181, 169, 132, 125, 95, 96, 97, 78, 54, 30, 7
281, 303, 268, 251, 230, 199, 181, 169, 132, 125, 95, 80, 56, 32, 9, 8
281, 303, 268, 251, 230, 199, 181, 169, 132, 125, 95, 80, 56, 32, 9
281, 303, 268, 251, 230, 199, 181, 169, 132, 125, 94, 81, 57, 33, 10
281, 303, 268, 251, 230, 199, 181, 169, 132, 125, 94, 81, 57, 33, 10, 11
281, 303, 268, 251, 230, 199, 181, 169, 132, 125, 94, 81, 57, 33, 34, 12
281, 266, 253, 228, 200, 183, 167, 135, 123, 91, 84, 59, 36, 13
281, 266, 253, 228, 200, 183, 167, 135, 123, 91, 85, 60, 37, 14
281, 266, 253, 228, 200, 183, 167, 135, 123, 91, 85, 60, 37, 38, 15
281, 266, 253, 228, 200, 183, 167, 135, 123, 91, 85, 60, 37, 38, 15, 16
281, 282, 264, 263, 255, 225, 205, 187, 162, 139, 117, 109, 63, 42, 40, 17
281, 282, 264, 263, 255, 225, 205, 187, 162, 139, 117, 109, 63, 42, 40, 17, 18
281, 282, 264, 263, 255, 225, 205, 187, 162, 161, 141, 116, 107, 66, 46, 22, 19
281, 282, 264, 263, 255, 225, 205, 187, 162, 161, 141, 116, 107, 106, 67, 47, 23, 20
281, 282, 264, 263, 255, 225, 205, 187, 162, 161, 141, 116, 107, 66, 45, 21
281, 282, 264, 263, 255, 225, 205, 187, 162, 161, 141, 116, 107, 66, 46, 22
281, 282, 264, 263, 255, 225, 205, 187, 162, 161, 141, 116, 107, 106, 67, 47, 23
281, 282, 264, 263, 255, 225, 205, 187, 188, 189, 190, 160, 143, 113, 104, 70, 48, 24
281, 303, 268, 251, 230, 199, 181, 169, 132, 125, 95, 96, 97, 78, 54, 53, 52, 51, 50, 49, 25
281, 303, 268, 251, 230, 199, 181, 169, 132, 125, 95, 96, 97, 78, 54, 29, 28, 27, 26
281, 303, 268, 251, 230, 199, 181, 169, 132, 125, 95, 96, 97, 78, 54, 29, 28, 27
281, 303, 268, 251, 230, 199, 181, 169, 132, 125, 95, 96, 97, 78, 54, 29, 28
281, 303, 268, 251, 230, 199, 181, 169, 132, 125, 95, 96, 97, 78, 54, 29
281, 303, 268, 251, 230, 199, 181, 169, 132, 125, 95, 96, 97, 78, 54, 30
281, 303, 268, 251, 230, 199, 181, 169, 132, 125, 95, 96, 79, 55, 31
281, 303, 268, 251, 230, 199, 181, 169, 132, 125, 95, 80, 56, 32
281, 303, 268, 251, 230, 199, 181, 169, 132, 125, 94, 81, 57, 33
281, 303, 268, 251, 230, 199, 181, 169, 132, 125, 94, 81, 57, 33, 34
281, 303, 268, 251, 230, 199, 182, 168, 134, 124, 92, 83, 58, 35
281, 266, 253, 228, 200, 183, 167, 135, 123, 91, 84, 59, 36
281, 266, 253, 228, 200, 183, 167, 135, 123, 91, 85, 60, 37
281, 266, 253, 228, 200, 183, 167, 135, 123, 91, 85, 60, 37, 38
281, 266, 253, 228, 200, 183, 167, 135, 123, 91, 85, 60, 37, 38, 39
281, 282, 264, 263, 255, 225, 205, 187, 162, 139, 117, 109, 63, 42, 40
281, 282, 264, 263, 255, 225, 205, 187, 162, 139, 117, 109, 63, 42, 40, 41
281, 282, 264, 263, 255, 225, 205, 187, 162, 139, 117, 109, 63, 42
281, 282, 264, 263, 255, 225, 205, 187, 162, 139, 117, 109, 108, 65, 43
281, 282, 264, 263, 255, 225, 205, 187, 162, 161, 141, 116, 107, 66, 44
281, 282, 264, 263, 255, 225, 205, 187, 162, 161, 141, 116, 107, 66, 45
281, 282, 264, 263, 255, 225, 205, 187, 162, 161, 141, 116, 107, 66, 46
281, 282, 264, 263, 255, 225, 205, 187, 162, 161, 141, 116, 107, 106, 67, 47
281, 282, 264, 263, 255, 225, 205, 187, 188, 189, 190, 160, 143, 113, 104, 70, 48
281, 303, 268, 251, 230, 199, 181, 169, 132, 125, 95, 96, 97, 78, 54, 53, 52, 51, 50, 49
281, 303, 268, 251, 230, 199, 181, 169, 132, 125, 95, 96, 97, 78, 54, 53, 52, 51, 50
281, 303, 268, 251, 230, 199, 181, 169, 132, 125, 95, 96, 97, 78, 54, 53, 52, 51
281, 303, 268, 251, 230, 199, 181, 169, 132, 125, 95, 96, 97, 78, 54, 53, 52
281, 303, 268, 251, 230, 199, 181, 169, 132, 125, 95, 96, 97, 78, 54, 53
281, 303, 268, 251, 230, 199, 181, 169, 132, 125, 95, 96, 97, 78, 54
281, 303, 268, 251, 230, 199, 181, 169, 132, 125, 95, 96, 79, 55
281, 303, 268, 251, 230, 199, 181, 169, 132, 125, 95, 80, 56
281, 303, 268, 251, 230, 199, 181, 169, 132, 125, 94, 81, 57
281, 303, 268, 251, 230, 199, 182, 168, 134, 124, 92, 83, 58
281, 266, 253, 228, 200, 183, 167, 135, 123, 91, 84, 59
281, 266, 253, 228, 200, 183, 167, 135, 123, 91, 85, 60
281, 266, 253, 228, 200, 183, 167, 135, 123, 91, 85, 61
281, 266, 253, 228, 200, 183, 167, 135, 123, 91, 85, 61, 62
281, 282, 264, 263, 255, 225, 205, 187, 162, 139, 117, 109, 63
281, 282, 264, 263, 255, 225, 205, 187, 162, 139, 117, 109, 64
281, 282, 264, 263, 255, 225, 205, 187, 162, 139, 117, 109, 108, 65
281, 282, 264, 263, 255, 225, 205, 187, 162, 161, 141, 116, 107, 66
281, 282, 264, 263, 255, 225, 205, 187, 162, 161, 141, 116, 107, 106, 67
281, 282, 264, 263, 255, 225, 205, 187, 162, 161, 141, 116, 107, 106, 105, 68
281, 282, 264, 263, 255, 225, 205, 187, 188, 189, 190, 160, 143, 113, 104, 69
281, 282, 264, 263, 255, 225, 205, 187, 188, 189, 190, 160, 143, 113, 104, 70
281, 282, 264, 263, 255, 225, 205, 187, 188, 189, 190, 160, 143, 113, 104, 70, 71
281, 303, 268, 251, 230, 199, 181, 169, 132, 125, 95, 96, 97, 78, 77, 76, 75, 74, 73, 72
281, 303, 268, 251, 230, 199, 181, 169, 132, 125, 95, 96, 97, 78, 77, 76, 75, 74, 73
281, 303, 268, 251, 230, 199, 181, 169, 132, 125, 95, 96, 97, 78, 77, 76, 75, 74
281, 303, 268, 251, 230, 199, 181, 169, 132, 125, 95, 96, 97, 78, 77, 76, 75
281, 303, 268, 251, 230, 199, 181, 169, 132, 125, 95, 96, 97, 78, 77, 76
281, 303, 268, 251, 230, 199, 181, 169, 132, 125, 95, 96, 97, 78, 77
281, 303, 268, 251, 230, 199, 181, 169, 132, 125, 95, 96, 97, 78
281, 303, 268, 251, 230, 199, 181, 169, 132, 125, 95, 96, 79
281, 303, 268, 251, 230, 199, 181, 169, 132, 125, 95, 80
281, 303, 268, 251, 230, 199, 181, 169, 132, 125, 94, 81
281, 303, 268, 251, 230, 199, 182, 168, 134, 124, 93, 82
281, 303, 268, 251, 230, 199, 182, 168, 134, 124, 92, 83
281, 266, 253, 228, 200, 183, 167, 135, 123, 91, 84
281, 266, 253, 228, 200, 183, 167, 135, 123, 91, 85
281, 266, 253, 228, 200, 183, 167, 135, 123, 91, 85, 86
281, 266, 253, 228, 200, 183, 167, 135, 123, 91, 85, 86, 87
281, 266, 253, 228, 200, 183, 167, 166, 136, 122, 89, 88
281, 266, 253, 228, 200, 183, 167, 166, 136, 122, 89
281, 266, 253, 228, 200, 183, 167, 135, 123, 91, 90
281, 266, 253, 228, 200, 183, 167, 135, 123, 91
281, 303, 268, 251, 230, 199, 182, 168, 134, 124, 92
281, 303, 268, 251, 230, 199, 182, 168, 134, 124, 93
281, 303, 268, 251, 230, 199, 181, 169, 132, 125, 94
281, 303, 268, 251, 230, 199, 181, 169, 132, 125, 95
281, 303, 268, 251, 230, 199, 181, 169, 132, 125, 95, 96
281, 303, 268, 251, 230, 199, 181, 169, 132, 125, 95, 96, 97
281, 303, 302, 269, 250, 231, 198, 180, 170, 171, 153, 127, 128, 98
281, 303, 302, 269, 250, 231, 198, 180, 170, 171, 153, 127, 128, 98, 99
