363, 328, 311, 289, 280, 238, 221, 208, 191, 160, 143, 113, 104, 69, 47, 23, 0
363, 328, 311, 289, 280, 238, 221, 208, 191, 160, 143, 113, 104, 70, 48, 24, 1
363, 328, 311, 289, 280, 238, 221, 208, 191, 160, 143, 113, 104, 70, 48, 24, 2
363, 328, 311, 289, 280, 238, 221, 208, 191, 160, 143, 113, 104, 70, 48, 24, 2, 3
363, 328, 311, 289, 280, 238, 221, 208, 191, 160, 143, 113, 104, 70, 48, 24, 2, 3, 4
363, 328, 311, 289, 280, 238, 221, 208, 191, 160, 143, 113, 104, 70, 48, 24, 2, 3, 4, 5
363, 328, 311, 289, 280, 238, 221, 208, 191, 160, 143, 113, 104, 70, 48, 24, 2, 3, 4, 5, 6
363, 328, 311, 289, 280, 238, 221, 208, 191, 160, 143, 113, 104, 70, 48, 24, 2, 3, 4, 5, 6, 7
363, 328, 311, 289, 280, 238, 221, 208, 191, 160, 143, 113, 104, 70, 48, 24, 2, 3, 4, 5, 6, 7, 8
363, 328, 311, 289, 280, 238, 221, 208, 191, 160, 143, 113, 104, 70, 48, 24, 2, 3, 4, 5, 6, 7, 8, 9
363, 362, 329, 310, 287, 260, 261, 257, 256, 225, 203, 185, 184, 183, 182, 168, 134, 124, 93, 82, 57, 33, 10
363, 362, 329, 310, 287, 260, 261, 257, 256, 225, 204, 186, 164, 138, 120, 121, 89, 90, 91, 92, 83, 58, 34, 11
363, 362, 329, 310, 287, 260, 261, 257, 256, 225, 204, 186, 164, 138, 120, 121, 89, 90, 91, 92, 83, 58, 35, 12
363, 362, 329, 310, 287, 260, 261, 257, 256, 225, 204, 186, 164, 138, 120, 121, 89, 86, 61, 37, 14, 13
363, 362, 329, 310, 287, 260, 261, 257, 256, 225, 204, 186, 164, 138, 120, 121, 89, 86, 61, 37, 14
363, 362, 329, 310, 287, 260, 261, 257, 256, 225, 204, 186, 164, 138, 119, 88, 87, 62, 38, 15
363, 328, 311, 289, 280, 238, 221, 208, 190, 189, 161, 141, 116, 108, 65, 43, 41, 17, 16
363, 328, 311, 289, 280, 238, 221, 208, 190, 189, 161, 141, 116, 108, 65, 43, 41, 17
363, 328, 311, 289, 280, 238, 221, 208, 191, 160, 142, 115, 107, 66, 45, 21, 18
363, 328, 311, 289, 280, 238, 221, 208, 191, 160, 142, 115, 107, 66, 46, 22, 19
363, 328, 311, 289, 280, 238, 221, 208, 191, 160, 143, 113, 104, 69, 47, 23, 20
363, 328, 311, 289, 280, 238, 221, 208, 191, 160, 142, 115, 107, 66, 45, 21
363, 328, 311, 289, 280, 238, 221, 208, 191, 160, 142, 115, 107, 66, 46, 22
363, 328, 311, 289, 280, 238, 221, 208, 191, 160, 143, 113, 104, 69, 47, 23
363, 328, 311, 289, 280, 238, 221, 208, 191, 160, 143, 113, 104, 70, 48, 24
363, 328, 311, 289, 280, 238, 221, 208, 191, 160, 143, 113, 104, 70, 48, 24, 25
363, 328, 311, 289, 280, 238, 221, 208, 191, 160, 143, 113, 104, 70, 48, 24, 25, 26
363, 328, 311, 289, 280, 238, 221, 208, 191, 160, 143, 113, 104, 70, 48, 24, 25, 26, 27
363, 328, 311, 289, 280, 238, 221, 208, 191, 160, 143, 113, 104, 70, 48, 24, 25, 26, 27, 28
363, 328, 311, 289, 280, 238, 221, 208, 191, 160, 143, 113, 104, 70, 48, 24, 25, 26, 27, 28, 29
363, 328, 311, 289, 280, 238, 221, 208, 191, 160, 143, 113, 104, 70, 48, 24, 25, 26, 27, 28, 29, 30
363, 328, 311, 289, 280, 238, 221, 208, 191, 160, 143, 113, 104, 70, 48, 24, 25, 26, 27, 28, 29, 30, 31
363, 364, 327, 326, 348, 315, 293, 294, 275, 243, 236, 235, 215, 175, 176, 173, 172, 153, 126, 96, 95, 80, 56, 32
363, 362, 329, 310, 287, 260, 261, 257, 256, 225, 203, 185, 184, 183, 182, 168, 134, 124, 93, 82, 57, 33
363, 362, 329, 310, 287, 260, 261, 257, 256, 225, 204, 186, 164, 138, 120, 121, 89, 90, 91, 92, 83, 58, 34
363, 362, 329, 310, 287, 260, 261, 257, 256, 225, 204, 186, 164, 138, 120, 121, 89, 90, 91, 92, 83, 58, 35
363, 362, 329, 310, 287, 260, 261, 257, 256, 225, 204, 186, 164, 138, 120, 121, 89, 86, 85, 60, 59, 36
363, 362, 329, 310, 287, 260, 261, 257, 256, 225, 204, 186, 164, 138, 120, 121, 89, 86, 61, 37
363, 362, 329, 310, 287, 260, 261, 257, 256, 225, 204, 186, 164, 138, 119, 88, 87, 62, 38
363, 328, 311, 289, 280, 238, 221, 208, 190, 189, 161, 140, 139, 117, 109, 63, 42, 39
363, 328, 311, 289, 280, 238, 221, 208, 190, 189, 161, 141, 116, 108, 65, 43, 41, 40
363, 328, 311, 289, 280, 238, 221, 208, 190, 189, 161, 141, 116, 108, 65, 43, 41
363, 328, 311, 289, 280, 238, 221, 208, 190, 189, 161, 140, 139, 117, 109, 63, 42
363, 328, 311, 289, 280, 238, 221, 208, 190, 189, 161, 141, 116, 108, 65, 43
363, 328, 311, 289, 280, 238, 221, 208, 191, 160, 142, 115, 107, 66, 44
363, 328, 311, 289, 280, 238, 221, 208, 191, 160, 142, 115, 107, 66, 45
363, 328, 311, 289, 280, 238, 221, 208, 191, 160, 142, 115, 107, 66, 46
363, 328, 311, 289, 280, 238, 221, 208, 191, 160, 143, 113, 104, 69, 47
363, 328, 311, 289, 280, 238, 221, 208, 191, 160, 143, 113, 104, 70, 48
363, 328, 311, 289, 280, 238, 221, 208, 191, 160, 143, 113, 104, 70, 48, 49
363, 328, 311, 289, 280, 238, 221, 208, 191, 160, 143, 113, 104, 70, 48, 49, 50
363, 328, 311, 289, 280, 238, 221, 208, 191, 160, 143, 113, 104, 70, 48, 49, 50, 51
363, 328, 311, 289, 280, 238, 221, 208, 191, 160, 143, 113, 104, 70, 48, 49, 50, 51, 52
363, 328, 311, 289, 280, 238, 221, 208, 191, 160, 143, 113, 104, 70, 48, 49, 50, 51, 52, 53
363, 328, 311, 289, 280, 238, 221, 208, 191, 160, 143, 113, 104, 70, 48, 49, 50, 51, 52, 53, 54
363, 364, 327, 326, 314, 291, 277, 276, 242, 237, 212, 195, 155, 154, 149, 131, 99, 76, 77, 78, 55
363, 364, 327, 326, 348, 315, 293, 294, 275, 243, 236, 235, 215, 175, 176, 173, 172, 153, 126, 96, 95, 80, 56
363, 362, 329, 310, 287, 260, 261, 257, 256, 225, 203, 185, 184, 183, 182, 168, 134, 124, 93, 82, 57
363, 362, 329, 310, 287, 260, 261, 257, 256, 225, 204, 186, 164, 138, 120, 121, 89, 90, 91, 92, 83, 58
363, 362, 329, 310, 287, 260, 261, 257, 256, 225, 204, 186, 164, 138, 120, 121, 89, 86, 85, 60, 59
363, 362, 329, 310, 287, 260, 261, 257, 256, 225, 204, 186, 164, 138, 120, 121, 89, 86, 85, 60
363, 362, 329, 310, 287, 260, 261, 257, 256, 225, 204, 186, 164, 138, 120, 121, 89, 86, 61
363, 362, 329, 310, 287, 260, 261, 257, 256, 225, 204, 186, 164, 138, 119, 88, 87, 62
363, 328, 311, 289, 280, 238, 221, 208, 190, 189, 161, 140, 139, 117, 109, 63
363, 328, 311, 289, 280, 238, 221, 208, 190, 189, 161, 140, 139, 117, 109, 64
363, 328, 311, 289, 280, 238, 221, 208, 190, 189, 161, 141, 116, 108, 65
363, 328, 311, 289, 280, 238, 221, 208, 191, 160, 142, 115, 107, 66
363, 328, 311, 289, 280, 238, 221, 208, 191, 160, 143, 114, 105, 67
363, 328, 311, 289, 280, 238, 221, 208, 191, 160, 143, 114, 105, 68
363, 328, 311, 289, 280, 238, 221, 208, 191, 160, 143, 113, 104, 69
363, 328, 311, 289, 280, 238, 221, 208, 191, 160, 143, 113, 104, 70
363, 328, 311, 289, 280, 238, 221, 208, 191, 160, 143, 113, 104, 70, 71
363, 328, 311, 289, 280, 238, 221, 208, 191, 160, 143, 113, 104, 70, 71, 72
363, 328, 311, 289, 280, 238, 221, 208, 191, 160, 143, 113, 104, 70, 71, 72, 73
363, 328, 311, 289, 280, 238, 221, 208, 191, 160, 143, 113, 104, 103, 102, 74
363, 328, 311, 289, 280, 238, 221, 208, 191, 160, 143, 113, 104, 103, 102, 74, 75
363, 364, 327, 326, 314, 291, 277, 276, 242, 237, 212, 195, 155, 154, 149, 131, 99, 76
363, 364, 327, 326, 314, 291, 277, 276, 242, 237, 212, 195, 155, 154, 149, 131, 99, 76, 77
363, 364, 327, 326, 314, 291, 277, 276, 242, 237, 212, 195, 155, 154, 149, 131, 99, 76, 77, 78
363, 364, 327, 326, 348, 315, 293, 294, 275, 243, 236, 235, 215, 175, 176, 173, 172, 152, 127, 97, 79
363, 364, 327, 326, 348, 315, 293, 294, 275, 243, 236, 235, 215, 175, 176, 173, 172, 153, 126, 96, 95, 80
363, 362, 329, 310, 287, 260, 261, 257, 256, 225, 203, 185, 184, 183, 182, 168, 134, 124, 93, 82, 81
363, 362, 329, 310, 287, 260, 261, 257, 256, 225, 203, 185, 184, 183, 182, 168, 134, 124, 93, 82
363, 362, 329, 310, 287, 260, 261, 257, 256, 225, 204, 186, 164, 138, 120, 121, 89, 90, 91, 92, 83
363, 362, 329, 310, 287, 260, 261, 257, 256, 225, 204, 186, 164, 138, 120, 121, 89, 90, 91, 84
363, 362, 329, 310, 287, 260, 261, 257, 256, 225, 204, 186, 164, 138, 120, 121, 89, 86, 85
363, 362, 329, 310, 287, 260, 261, 257, 256, 225, 204, 186, 164, 138, 120, 121, 89, 86
363, 362, 329, 310, 287, 260, 261, 257, 256, 225, 204, 186, 164, 138, 119, 88, 87
363, 362, 329, 310, 287, 260, 261, 257, 256, 225, 204, 186, 164, 138, 119, 88
363, 362, 329, 310, 287, 260, 261, 257, 256, 225, 204, 186, 164, 138, 120, 121, 89
363, 362, 329, 310, 287, 260, 261, 257, 256, 225, 204, 186, 164, 138, 120, 121, 89, 90
363, 362, 329, 310, 287, 260, 261, 257, 256, 225, 204, 186, 164, 138, 120, 121, 89, 90, 91
363, 362, 329, 310, 287, 260, 261, 257, 256, 225, 204, 186, 164, 138, 120, 121, 89, 90, 91, 92
363, 362, 329, 310, 287, 260, 261, 257, 256, 225, 203, 185, 184, 183, 182, 168, 134, 124, 93
363, 362, 329, 310, 287, 260, 261, 257, 256, 255, 254, 253, 252, 251, 230, 199, 181, 169, 132, 125, 94
363, 364, 327, 326, 348, 315, 293, 294, 275, 243, 236, 235, 215, 175, 176, 173, 172, 153, 126, 96, 95
363, 364, 327, 326, 348, 315, 293, 294, 275, 243, 236, 235, 215, 175, 176, 173, 172, 153, 126, 96
363, 364, 327, 326, 348, 315, 293, 294, 275, 243, 236, 235, 215, 175, 176, 173, 172, 152, 127, 97
363, 364, 327, 326, 314, 291, 277, 276, 242, 237, 212, 195, 155, 154, 149, 150, 130, 98
363, 364, 327, 326, 314, 291, 277, 276, 242, 237, 212, 195, 155, 154, 149, 131, 99
