347, 315, 292, 291, 278, 240, 218, 219, 209, 192, 159, 143, 113, 104, 69, 47, 23, 0
347, 315, 292, 291, 278, 240, 218, 219, 209, 192, 159, 143, 113, 104, 70, 48, 24, 1
347, 315, 293, 276, 242, 237, 211, 194, 157, 148, 110, 102, 73, 49, 25, 3, 2
347, 315, 293, 276, 242, 237, 211, 194, 157, 148, 110, 102, 73, 49, 25, 3
347, 315, 293, 276, 242, 237, 211, 194, 157, 148, 110, 102, 73, 50, 26, 4
347, 315, 293, 294, 275, 243, 236, 213, 196, 154, 149, 131, 101, 75, 52, 27, 5
347, 315, 293, 294, 275, 243, 236, 213, 196, 154, 149, 131, 101, 75, 52, 27, 5, 6
347, 315, 293, 294, 275, 243, 236, 213, 196, 154, 149, 131, 99, 76, 77, 53, 28, 29, 7
347, 315, 293, 294, 275, 243, 236, 213, 196, 154, 149, 131, 99, 76, 77, 53, 28, 29, 30, 31, 8
347, 315, 293, 294, 275, 243, 236, 213, 196, 154, 149, 131, 99, 76, 77, 53, 28, 29, 30, 31, 8, 9
347, 315, 293, 294, 275, 243, 236, 235, 215, 216, 177, 178, 179, 170, 133, 125, 94, 81, 57, 33, 10
347, 315, 293, 294, 275, 243, 236, 235, 215, 216, 177, 178, 179, 170, 133, 125, 94, 81, 57, 33, 10, 11
347, 315, 293, 294, 275, 243, 236, 235, 215, 216, 177, 178, 179, 170, 133, 125, 94, 81, 57, 33, 34, 12
347, 315, 293, 294, 275, 243, 236, 235, 215, 216, 177, 178, 179, 170, 133, 125, 94, 81, 57, 33, 34, 35, 36, 13
347, 315, 292, 291, 278, 240, 218, 219, 209, 192, 159, 143, 114, 106, 107, 66, 45, 21, 18, 17, 16, 15, 14
347, 315, 292, 291, 278, 240, 218, 219, 209, 192, 159, 143, 114, 106, 107, 66, 45, 21, 18, 17, 16, 15
347, 315, 292, 291, 278, 240, 218, 219, 209, 192, 159, 143, 114, 106, 107, 66, 45, 21, 18, 17, 16
347, 315, 292, 291, 278, 240, 218, 219, 209, 192, 159, 143, 114, 106, 107, 66, 45, 21, 18, 17
347, 315, 292, 291, 278, 240, 218, 219, 209, 192, 159, 143, 114, 106, 107, 66, 45, 21, 18
347, 315, 292, 291, 278, 240, 218, 219, 209, 192, 159, 143, 114, 106, 107, 66, 46, 22, 19
347, 315, 292, 291, 278, 240, 218, 219, 209, 192, 159, 143, 113, 104, 69, 47, 23, 20
347, 315, 292, 291, 278, 240, 218, 219, 209, 192, 159, 143, 114, 106, 107, 66, 45, 21
347, 315, 292, 291, 278, 240, 218, 219, 209, 192, 159, 143, 114, 106, 107, 66, 46, 22
347, 315, 292, 291, 278, 240, 218, 219, 209, 192, 159, 143, 113, 104, 69, 47, 23
347, 315, 292, 291, 278, 240, 218, 219, 209, 192, 159, 143, 113, 104, 70, 48, 24
347, 315, 293, 276, 242, 237, 211, 194, 157, 148, 110, 102, 73, 49, 25
347, 315, 293, 276, 242, 237, 211, 194, 157, 148, 110, 102, 73, 50, 26
347, 315, 293, 294, 275, 243, 236, 213, 196, 154, 149, 131, 101, 75, 52, 27
347, 315, 293, 294, 275, 243, 236, 213, 196, 154, 149, 131, 99, 76, 77, 53, 28
347, 315, 293, 294, 275, 243, 236, 213, 196, 154, 149, 131, 99, 76, 77, 53, 28, 29
347, 315, 293, 294, 275, 243, 236, 213, 196, 154, 149, 131, 99, 76, 77, 53, 28, 29, 30
347, 315, 293, 294, 275, 243, 236, 213, 196, 154, 149, 131, 99, 76, 77, 53, 28, 29, 30, 31
347, 315, 293, 294, 275, 243, 236, 235, 215, 175, 176, 173, 172, 153, 126, 96, 95, 80, 56, 32
347, 315, 293, 294, 275, 243, 236, 235, 215, 216, 177, 178, 179, 170, 133, 125, 94, 81, 57, 33
347, 315, 293, 294, 275, 243, 236, 235, 215, 216, 177, 178, 179, 170, 133, 125, 94, 81, 57, 33, 34
347, 315, 293, 294, 275, 243, 236, 235, 215, 216, 177, 178, 179, 170, 133, 125, 94, 81, 57, 33, 34, 35
347, 315, 293, 294, 275, 243, 236, 235, 215, 216, 177, 178, 179, 170, 133, 125, 94, 81, 57, 33, 34, 35, 36
347, 315, 292, 291, 278, 240, 218, 219, 209, 192, 159, 143, 114, 106, 107, 66, 44, 43, 42, 62, 61, 37
347, 315, 292, 291, 278, 240, 218, 219, 209, 192, 159, 143, 114, 106, 107, 66, 44, 43, 42, 39, 38
347, 315, 292, 291, 278, 240, 218, 219, 209, 192, 159, 143, 114, 106, 107, 66, 44, 43, 42, 39
347, 315, 292, 291, 278, 240, 218, 219, 209, 192, 159, 143, 114, 106, 107, 66, 45, 21, 41, 40
347, 315, 292, 291, 278, 240, 218, 219, 209, 192, 159, 143, 114, 106, 107, 66, 45, 21, 41
347, 315, 292, 291, 278, 240, 218, 219, 209, 192, 159, 143, 114, 106, 107, 66, 44, 43, 42
347, 315, 292, 291, 278, 240, 218, 219, 209, 192, 159, 143, 114, 106, 107, 66, 44, 43
347, 315, 292, 291, 278, 240, 218, 219, 209, 192, 159, 143, 114, 106, 107, 66, 44
347, 315, 292, 291, 278, 240, 218, 219, 209, 192, 159, 143, 114, 106, 107, 66, 45
347, 315, 292, 291, 278, 240, 218, 219, 209, 192, 159, 143, 114, 106, 107, 66, 46
347, 315, 292, 291, 278, 240, 218, 219, 209, 192, 159, 143, 113, 104, 69, 47
347, 315, 292, 291, 278, 240, 218, 219, 209, 192, 159, 143, 113, 104, 70, 48
347, 315, 293, 276, 242, 237, 211, 194, 157, 148, 110, 102, 73, 49
347, 315, 293, 276, 242, 237, 211, 194, 157, 148, 110, 102, 73, 50
347, 315, 293, 294, 275, 243, 236, 213, 196, 154, 149, 131, 101, 75, 51
347, 315, 293, 294, 275, 243, 236, 213, 196, 154, 149, 131, 101, 75, 52
347, 315, 293, 294, 275, 243, 236, 213, 196, 154, 149, 131, 99, 76, 77, 53
347, 315, 293, 294, 275, 243, 236, 213, 196, 154, 149, 131, 99, 76, 77, 53, 54
347, 315, 293, 294, 275, 243, 236, 213, 196, 154, 149, 131, 99, 76, 77, 78, 55
347, 315, 293, 294, 275, 243, 236, 235, 215, 175, 176, 173, 172, 153, 126, 96, 95, 80, 56
347, 315, 293, 294, 275, 243, 236, 235, 215, 216, 177, 178, 179, 170, 133, 125, 94, 81, 57
347, 315, 293, 294, 275, 243, 236, 235, 215, 216, 177, 178, 179, 170, 133, 125, 94, 81, 57, 58
347, 315, 292, 291, 278, 240, 218, 219, 209, 192, 159, 143, 114, 106, 107, 66, 44, 43, 42, 62, 61, 60, 59
347, 315, 292, 291, 278, 240, 218, 219, 209, 192, 159, 143, 114, 106, 107, 66, 44, 43, 42, 62, 61, 60
347, 315, 292, 291, 278, 240, 218, 219, 209, 192, 159, 143, 114, 106, 107, 66, 44, 43, 42, 62, 61
347, 315, 292, 291, 278, 240, 218, 219, 209, 192, 159, 143, 114, 106, 107, 66, 44, 43, 42, 62
347, 315, 292, 291, 278, 240, 218, 219, 209, 192, 159, 143, 114, 106, 107, 108, 109, 63
347, 315, 292, 291, 278, 240, 218, 219, 209, 192, 159, 143, 114, 106, 107, 108, 109, 64
347, 315, 292, 291, 278, 240, 218, 219, 209, 192, 159, 143, 114, 106, 107, 108, 65
347, 315, 292, 291, 278, 240, 218, 219, 209, 192, 159, 143, 114, 106, 107, 66
347, 315, 292, 291, 278, 240, 218, 219, 209, 192, 159, 143, 114, 105, 67
347, 315, 292, 291, 278, 240, 218, 219, 209, 192, 159, 143, 114, 105, 68
347, 315, 292, 291, 278, 240, 218, 219, 209, 192, 159, 143, 113, 104, 69
347, 315, 292, 291, 278, 240, 218, 219, 209, 192, 159, 143, 113, 104, 70
347, 315, 292, 277, 241, 217, 210, 193, 158, 144, 111, 103, 71
347, 315, 293, 276, 242, 237, 211, 194, 157, 148, 110, 102, 72
347, 315, 293, 276, 242, 237, 211, 194, 157, 148, 110, 102, 73
347, 315, 293, 276, 242, 237, 211, 194, 157, 148, 110, 102, 74
347, 315, 293, 294, 275, 243, 236, 213, 196, 154, 149, 131, 101, 75
347, 315, 293, 294, 275, 243, 236, 213, 196, 154, 149, 131, 99, 76
347, 315, 293, 294, 275, 243, 236, 213, 196, 154, 149, 131, 99, 76, 77
347, 315, 293, 294, 275, 243, 236, 213, 196, 154, 149, 131, 99, 76, 77, 78
347, 315, 293, 294, 275, 243, 236, 235, 215, 175, 176, 173, 172, 152, 127, 97, 79
347, 315, 293, 294, 275, 243, 236, 235, 215, 175, 176, 173, 172, 153, 126, 96, 95, 80
347, 315, 293, 294, 275, 243, 236, 235, 215, 216, 177, 178, 179, 170, 133, 125, 94, 81
347, 315, 293, 294, 275, 243, 236, 235, 215, 216, 177, 178, 179, 170, 133, 125, 94, 81, 82
347, 315, 293, 294, 275, 243, 236, 235, 215, 216, 177, 178, 179, 170, 133, 125, 94, 81, 82, 83
347, 315, 293, 294, 275, 243, 236, 235, 215, 216, 177, 178, 179, 170, 133, 125, 94, 81, 82, 83, 84
347, 315, 292, 291, 278, 240, 218, 219, 209, 192, 159, 143, 114, 106, 107, 108, 109, 63, 87, 86, 85
347, 315, 292, 291, 278, 240, 218, 219, 209, 192, 159, 143, 114, 106, 107, 108, 109, 63, 87, 86
347, 315, 292, 291, 278, 240, 218, 219, 209, 192, 159, 143, 114, 106, 107, 108, 109, 63, 87
347, 315, 292, 291, 278, 240, 218, 219, 209, 192, 159, 143, 114, 106, 107, 108, 109, 88
347, 315, 292, 291, 278, 240, 218, 219, 209, 192, 159, 143, 114, 106, 107, 108, 109, 88, 89
347, 315, 292, 291, 278, 240, 218, 219, 209, 192, 159, 143, 114, 106, 107, 108, 109, 88, 89, 90
347, 315, 292, 291, 278, 240, 218, 219, 209, 192, 159, 143, 114, 106, 107, 108, 109, 88, 89, 90, 91
347, 315, 293, 294, 275, 243, 236, 235, 215, 216, 177, 178, 179, 170, 133, 125, 124, 92
347, 315, 293, 294, 275, 243, 236, 235, 215, 216, 177, 178, 179, 170, 133, 125, 124, 93
347, 315, 293, 294, 275, 243, 236, 235, 215, 216, 177, 178, 179, 170, 133, 125, 94
347, 315, 293, 294, 275, 243, 236, 235, 215, 175, 176, 173, 172, 153, 126, 96, 95
347, 315, 293, 294, 275, 243, 236, 235, 215, 175, 176, 173, 172, 153, 126, 96
347, 315, 293, 294, 275, 243, 236, 235, 215, 175, 176, 173, 172, 152, 127, 97
347, 315, 293, 294, 275, 243, 236, 213, 196, 154, 149, 150, 130, 98
347, 315, 293, 294, 275, 243, 236, 213, 196, 154, 149, 131, 99
