570, 547, 543, 506, 495, 467, 450, 434, 411, 390, 364, 328, 311, 289, 280, 238, 221, 208, 191, 160, 143, 113, 104, 69, 47, 23, 0
570, 547, 543, 506, 495, 467, 450, 434, 411, 390, 364, 328, 311, 289, 280, 238, 221, 208, 191, 160, 143, 113, 104, 70, 48, 24, 1
570, 547, 543, 506, 495, 467, 450, 434, 411, 390, 364, 328, 311, 289, 280, 238, 221, 208, 191, 160, 143, 113, 104, 70, 48, 24, 2
570, 547, 543, 506, 495, 467, 450, 434, 411, 390, 364, 328, 311, 289, 280, 238, 221, 208, 191, 160, 143, 113, 104, 70, 48, 24, 2, 3
570, 547, 543, 506, 495, 466, 453, 415, 407, 385, 366, 346, 315, 293, 276, 242, 237, 211, 194, 157, 148, 110, 102, 73, 50, 26, 4
570, 571, 549, 550, 540, 503, 499, 461, 456, 417, 405, 383, 369, 343, 317, 295, 273, 244, 236, 213, 196, 154, 149, 131, 101, 75, 52, 27, 5
570, 571, 549, 550, 540, 503, 499, 461, 456, 417, 405, 383, 369, 343, 317, 295, 273, 244, 235, 215, 175, 174, 150, 130, 98, 77, 53, 28, 6
570, 571, 549, 550, 540, 503, 499, 461, 456, 417, 405, 383, 369, 343, 317, 295, 273, 244, 235, 215, 175, 174, 150, 130, 98, 77, 53, 28, 29, 7
570, 571, 549, 550, 540, 503, 499, 461, 456, 417, 405, 383, 369, 343, 317, 295, 273, 244, 235, 215, 175, 176, 173, 172, 152, 127, 97, 79, 55, 31, 8
570, 571, 549, 550, 540, 503, 499, 461, 456, 417, 405, 383, 369, 343, 317, 295, 273, 244, 235, 215, 175, 176, 173, 172, 153, 126, 96, 95, 80, 56, 32, 9
570, 571, 549, 550, 540, 503, 502, 500, 459, 437, 421, 402, 379, 351, 339, 322, 301, 269, 250, 231, 198, 180, 170, 133, 125, 94, 81, 57, 33, 10
570, 571, 549, 550, 540, 503, 502, 500, 459, 437, 421, 402, 379, 351, 339, 322, 301, 269, 250, 231, 198, 180, 170, 133, 125, 94, 81, 57, 33, 10, 11
570, 571, 549, 550, 540, 503, 502, 500, 459, 437, 421, 402, 379, 351, 339, 322, 301, 269, 250, 231, 198, 180, 170, 133, 125, 94, 81, 57, 33, 34, 12
570, 547, 543, 506, 495, 467, 450, 434, 411, 412, 391, 362, 329, 310, 287, 260, 261, 257, 256, 225, 204, 186, 164, 138, 120, 121, 89, 86, 61, 37, 14, 13
570, 547, 543, 506, 495, 467, 450, 434, 411, 412, 391, 362, 329, 310, 287, 260, 261, 257, 256, 225, 204, 186, 164, 138, 120, 121, 89, 86, 61, 37, 14
570, 547, 543, 506, 495, 467, 450, 434, 411, 390, 364, 328, 311, 289, 280, 238, 221, 208, 190, 189, 161, 141, 116, 108, 65, 43, 41, 17, 16, 15
570, 547, 543, 506, 495, 467, 450, 434, 411, 390, 364, 328, 311, 289, 280, 238, 221, 208, 190, 189, 161, 141, 116, 108, 65, 43, 41, 17, 16
570, 547, 543, 506, 495, 467, 450, 434, 411, 390, 364, 328, 311, 289, 280, 238, 221, 208, 190, 189, 161, 141, 116, 108, 65, 43, 41, 17
570, 547, 543, 506, 495, 467, 450, 434, 411, 390, 364, 328, 311, 289, 280, 238, 221, 208, 191, 160, 142, 115, 107, 66, 45, 21, 18
570, 547, 543, 506, 495, 467, 450, 434, 411, 390, 364, 328, 311, 289, 280, 238, 221, 208, 191, 160, 142, 115, 107, 66, 46, 22, 19
570, 547, 543, 506, 495, 467, 450, 434, 411, 390, 364, 328, 311, 289, 280, 238, 221, 208, 191, 160, 143, 113, 104, 69, 47, 23, 20
570, 547, 543, 506, 495, 467, 450, 434, 411, 390, 364, 328, 311, 289, 280, 238, 221, 208, 191, 160, 142, 115, 107, 66, 45, 21
570, 547, 543, 506, 495, 467, 450, 434, 411, 390, 364, 328, 311, 289, 280, 238, 221, 208, 191, 160, 142, 115, 107, 66, 46, 22
570, 547, 543, 506, 495, 467, 450, 434, 411, 390, 364, 328, 311, 289, 280, 238, 221, 208, 191, 160, 143, 113, 104, 69, 47, 23
570, 547, 543, 506, 495, 467, 450, 434, 411, 390, 364, 328, 311, 289, 280, 238, 221, 208, 191, 160, 143, 113, 104, 70, 48, 24
570, 547, 543, 506, 495, 467, 450, 434, 411, 390, 364, 328, 311, 289, 280, 238, 221, 208, 191, 160, 143, 113, 104, 70, 48, 24, 25
570, 547, 543, 506, 495, 466, 453, 415, 407, 385, 366, 346, 315, 293, 276, 242, 237, 211, 194, 157, 148, 110, 102, 73, 50, 26
570, 571, 549, 550, 540, 503, 499, 461, 456, 417, 405, 383, 369, 343, 317, 295, 273, 244, 236, 213, 196, 154, 149, 131, 101, 75, 52, 27
570, 571, 549, 550, 540, 503, 499, 461, 456, 417, 405, 383, 369, 343, 317, 295, 273, 244, 235, 215, 175, 174, 150, 130, 98, 77, 53, 28
570, 571, 549, 550, 540, 503, 499, 461, 456, 417, 405, 383, 369, 343, 317, 295, 273, 244, 235, 215, 175, 174, 150, 130, 98, 77, 53, 28, 29
570, 571, 549, 550, 540, 503, 499, 461, 456, 417, 405, 383, 369, 343, 317, 295, 273, 244, 235, 215, 175, 174, 150, 130, 98, 77, 53, 28, 29, 30
570, 571, 549, 550, 540, 503, 499, 461, 456, 417, 405, 383, 369, 343, 317, 295, 273, 244, 235, 215, 175, 176, 173, 172, 152, 127, 97, 79, 55, 31
570, 571, 549, 550, 540, 503, 499, 461, 456, 417, 405, 383, 369, 343, 317, 295, 273, 244, 235, 215, 175, 176, 173, 172, 153, 126, 96, 95, 80, 56, 32
570, 571, 549, 550, 540, 503, 502, 500, 459, 437, 421, 402, 379, 351, 339, 322, 301, 269, 250, 231, 198, 180, 170, 133, 125, 94, 81, 57, 33
570, 571, 549, 550, 540, 503, 502, 500, 459, 437, 421, 402, 379, 351, 339, 322, 301, 269, 250, 231, 198, 180, 170, 133, 125, 94, 81, 57, 33, 34
570, 571, 549, 550, 540, 503, 502, 500, 459, 437, 421, 402, 379, 351, 339, 322, 301, 269, 250, 231, 198, 180, 170, 133, 125, 94, 81, 57, 33, 34, 35
570, 547, 543, 506, 495, 467, 450, 434, 411, 412, 391, 362, 329, 310, 287, 260, 261, 257, 256, 225, 204, 186, 164, 138, 120, 121, 89, 86, 85, 60, 59, 36
570, 547, 543, 506, 495, 467, 450, 434, 411, 412, 391, 362, 329, 310, 287, 260, 261, 257, 256, 225, 204, 186, 164, 138, 120, 121, 89, 86, 61, 37
570, 547, 543, 506, 495, 467, 450, 434, 411, 412, 391, 362, 329, 310, 287, 260, 261, 257, 256, 225, 204, 186, 164, 138, 119, 88, 87, 62, 38
570, 547, 543, 506, 495, 467, 450, 434, 411, 390, 364, 328, 311, 289, 280, 238, 221, 208, 190, 189, 161, 140, 139, 117, 109, 63, 42, 39
570, 547, 543, 506, 495, 467, 450, 434, 411, 390, 364, 328, 311, 289, 280, 238, 221, 208, 190, 189, 161, 141, 116, 108, 65, 43, 41, 40
570, 547, 543, 506, 495, 467, 450, 434, 411, 390, 364, 328, 311, 289, 280, 238, 221, 208, 190, 189, 161, 141, 116, 108, 65, 43, 41
570, 547, 543, 506, 495, 467, 450, 434, 411, 390, 364, 328, 311, 289, 280, 238, 221, 208, 190, 189, 161, 140, 139, 117, 109, 63, 42
570, 547, 543, 506, 495, 467, 450, 434, 411, 390, 364, 328, 311, 289, 280, 238, 221, 208, 190, 189, 161, 141, 116, 108, 65, 43
570, 547, 543, 506, 495, 467, 450, 434, 411, 390, 364, 328, 311, 289, 280, 238, 221, 208, 191, 160, 142, 115, 107, 66, 44
570, 547, 543, 506, 495, 467, 450, 434, 411, 390, 364, 328, 311, 289, 280, 238, 221, 208, 191, 160, 142, 115, 107, 66, 45
570, 547, 543, 506, 495, 467, 450, 434, 411, 390, 364, 328, 311, 289, 280, 238, 221, 208, 191, 160, 142, 115, 107, 66, 46
570, 547, 543, 506, 495, 467, 450, 434, 411, 390, 364, 328, 311, 289, 280, 238, 221, 208, 191, 160, 143, 113, 104, 69, 47
570, 547, 543, 506, 495, 467, 450, 434, 411, 390, 364, 328, 311, 289, 280, 238, 221, 208, 191, 160, 143, 113, 104, 70, 48
570, 547, 543, 506, 495, 466, 453, 415, 407, 385, 366, 346, 315, 293, 276, 242, 237, 211, 194, 157, 148, 110, 102, 73, 49
570, 547, 543, 506, 495, 466, 453, 415, 407, 385, 366, 346, 315, 293, 276, 242, 237, 211, 194, 157, 148, 110, 102, 73, 50
570, 571, 549, 550, 540, 503, 499, 461, 456, 417, 405, 383, 369, 343, 317, 295, 273, 244, 236, 213, 196, 154, 149, 131, 101, 75, 51
570, 571, 549, 550, 540, 503, 499, 461, 456, 417, 405, 383, 369, 343, 317, 295, 273, 244, 236, 213, 196, 154, 149, 131, 101, 75, 52
570, 571, 549, 550, 540, 503, 499, 461, 456, 417, 405, 383, 369, 343, 317, 295, 273, 244, 235, 215, 175, 174, 150, 130, 98, 77, 53
570, 571, 549, 550, 540, 503, 499, 461, 456, 417, 405, 383, 369, 343, 317, 295, 273, 244, 235, 215, 175, 174, 150, 130, 98, 77, 53, 54
570, 571, 549, 550, 540, 503, 499, 461, 456, 417, 405, 383, 369, 343, 317, 295, 273, 244, 235, 215, 175, 176, 173, 172, 152, 127, 97, 79, 55
570, 571, 549, 550, 540, 503, 499, 461, 456, 417, 405, 383, 369, 343, 317, 295, 273, 244, 235, 215, 175, 176, 173, 172, 153, 126, 96, 95, 80, 56
570, 571, 549, 550, 540, 503, 502, 500, 459, 437, 421, 402, 379, 351, 339, 322, 301, 269, 250, 231, 198, 180, 170, 133, 125, 94, 81, 57
570, 571, 549, 550, 540, 503, 502, 500, 459, 437, 421, 402, 379, 351, 339, 322, 301, 269, 250, 231, 198, 180, 170, 133, 125, 94, 81, 57, 58
570, 547, 543, 506, 495, 467, 450, 434, 411, 412, 391, 362, 329, 310, 287, 260, 261, 257, 256, 225, 204, 186, 164, 138, 120, 121, 89, 86, 85, 60, 59
570, 547, 543, 506, 495, 467, 450, 434, 411, 412, 391, 362, 329, 310, 287, 260, 261, 257, 256, 225, 204, 186, 164, 138, 120, 121, 89, 86, 85, 60
570, 547, 543, 506, 495, 467, 450, 434, 411, 412, 391, 362, 329, 310, 287, 260, 261, 257, 256, 225, 204, 186, 164, 138, 120, 121, 89, 86, 61
570, 547, 543, 506, 495, 467, 450, 434, 411, 412, 391, 362, 329, 310, 287, 260, 261, 257, 256, 225, 204, 186, 164, 138, 119, 88, 87, 62
570, 547, 543, 506, 495, 467, 450, 434, 411, 390, 364, 328, 311, 289, 280, 238, 221, 208, 190, 189, 161, 140, 139, 117, 109, 63
570, 547, 543, 506, 495, 467, 450, 434, 411, 390, 364, 328, 311, 289, 280, 238, 221, 208, 190, 189, 161, 140, 139, 117, 109, 64
570, 547, 543, 506, 495, 467, 450, 434, 411, 390, 364, 328, 311, 289, 280, 238, 221, 208, 190, 189, 161, 141, 116, 108, 65
570, 547, 543, 506, 495, 467, 450, 434, 411, 390, 364, 328, 311, 289, 280, 238, 221, 208, 191, 160, 142, 115, 107, 66
570, 547, 543, 506, 495, 467, 450, 434, 411, 390, 364, 328, 311, 289, 280, 238, 221, 208, 191, 160, 143, 114, 105, 67
570, 547, 543, 506, 495, 467, 450, 434, 411, 390, 364, 328, 311, 289, 280, 238, 221, 208, 191, 160, 143, 114, 105, 68
570, 547, 543, 506, 495, 467, 450, 434, 411, 390, 364, 328, 311, 289, 280, 238, 221, 208, 191, 160, 143, 113, 104, 69
570, 547, 543, 506, 495, 467, 450, 434, 411, 390, 364, 328, 311, 289, 280, 238, 221, 208, 191, 160, 143, 113, 104, 70
570, 547, 543, 506, 495, 467, 450, 434, 411, 390, 364, 328, 311, 289, 280, 238, 221, 208, 191, 160, 143, 113, 104, 70, 71
570, 547, 543, 506, 495, 466, 453, 415, 407, 385, 366, 346, 315, 293, 276, 242, 237, 211, 194, 157, 148, 110, 102, 72
570, 547, 543, 506, 495, 466, 453, 415, 407, 385, 366, 346, 315, 293, 276, 242, 237, 211, 194, 157, 148, 110, 102, 73
570, 547, 543, 506, 495, 466, 453, 415, 407, 385, 366, 346, 315, 293, 276, 242, 237, 211, 194, 157, 148, 110, 102, 74
570, 571, 549, 550, 540, 503, 499, 461, 456, 417, 405, 383, 369, 343, 317, 295, 273, 244, 236, 213, 196, 154, 149, 131, 101, 75
570, 571, 549, 550, 540, 503, 499, 461, 456, 417, 405, 383, 369, 343, 317, 295, 273, 244, 236, 213, 196, 154, 149, 131, 99, 76
570, 571, 549, 550, 540, 503, 499, 461, 456, 417, 405, 383, 369, 343, 317, 295, 273, 244, 235, 215, 175, 174, 150, 130, 98, 77
570, 571, 549, 550, 540, 503, 499, 461, 456, 417, 405, 383, 369, 343, 317, 295, 273, 244, 235, 215, 175, 176, 173, 172, 152, 127, 97, 78
570, 571, 549, 550, 540, 503, 499, 461, 456, 417, 405, 383, 369, 343, 317, 295, 273, 244, 235, 215, 175, 176, 173, 172, 152, 127, 97, 79
570, 571, 549, 550, 540, 503, 499, 461, 456, 417, 405, 383, 369, 343, 317, 295, 273, 244, 235, 215, 175, 176, 173, 172, 153, 126, 96, 95, 80
570, 571, 549, 550, 540, 503, 502, 500, 459, 437, 421, 402, 379, 351, 339, 322, 301, 269, 250, 231, 198, 180, 170, 133, 125, 94, 81
570, 571, 549, 550, 540, 503, 502, 500, 459, 437, 421, 402, 379, 351, 339, 322, 301, 269, 250, 231, 198, 180, 170, 133, 125, 94, 81, 82
570, 571, 549, 550, 540, 503, 502, 500, 459, 437, 421, 402, 379, 351, 339, 322, 301, 269, 250, 231, 198, 180, 170, 133, 125, 94, 81, 82, 83
570, 547, 543, 506, 495, 467, 450, 434, 411, 412, 391, 362, 329, 310, 287, 260, 261, 257, 256, 225, 204, 186, 164, 138, 120, 121, 89, 90, 91, 84
570, 547, 543, 506, 495, 467, 450, 434, 411, 412, 391, 362, 329, 310, 287, 260, 261, 257, 256, 225, 204, 186, 164, 138, 120, 121, 89, 86, 85
570, 547, 543, 506, 495, 467, 450, 434, 411, 412, 391, 362, 329, 310, 287, 260, 261, 257, 256, 225, 204, 186, 164, 138, 120, 121, 89, 86
570, 547, 543, 506, 495, 467, 450, 434, 411, 412, 391, 362, 329, 310, 287, 260, 261, 257, 256, 225, 204, 186, 164, 138, 119, 88, 87
570, 547, 543, 506, 495, 467, 450, 434, 411, 412, 391, 362, 329, 310, 287, 260, 261, 257, 256, 225, 204, 186, 164, 138, 119, 88
570, 547, 543, 506, 495, 467, 450, 434, 411, 412, 391, 362, 329, 310, 287, 260, 261, 257, 256, 225, 204, 186, 164, 138, 120, 121, 89
570, 547, 543, 506, 495, 467, 450, 434, 411, 412, 391, 362, 329, 310, 287, 260, 261, 257, 256, 225, 204, 186, 164, 138, 120, 121, 89, 90
570, 547, 543, 506, 495, 467, 450, 434, 411, 412, 391, 362, 329, 310, 287, 260, 261, 257, 256, 225, 204, 186, 164, 138, 120, 121, 89, 90, 91
570, 571, 549, 550, 540, 503, 502, 500, 459, 437, 421, 402, 379, 351, 339, 322, 301, 269, 250, 231, 198, 180, 170, 133, 125, 124, 92
570, 571, 549, 550, 540, 503, 502, 500, 459, 437, 421, 402, 379, 351, 339, 322, 301, 269, 250, 231, 198, 180, 170, 133, 125, 124, 93
570, 571, 549, 550, 540, 503, 502, 500, 459, 437, 421, 402, 379, 351, 339, 322, 301, 269, 250, 231, 198, 180, 170, 133, 125, 94
570, 571, 549, 550, 540, 503, 499, 461, 456, 417, 405, 383, 369, 343, 317, 295, 273, 244, 235, 215, 175, 176, 173, 172, 153, 126, 96, 95
570, 571, 549, 550, 540, 503, 499, 461, 456, 417, 405, 383, 369, 343, 317, 295, 273, 244, 235, 215, 175, 176, 173, 172, 153, 126, 96
570, 571, 549, 550, 540, 503, 499, 461, 456, 417, 405, 383, 369, 343, 317, 295, 273, 244, 235, 215, 175, 176, 173, 172, 152, 127, 97
570, 571, 549, 550, 540, 503, 499, 461, 456, 417, 405, 383, 369, 343, 317, 295, 273, 244, 235, 215, 175, 174, 150, 130, 98
570, 571, 549, 550, 540, 503, 499, 461, 456, 417, 405, 383, 369, 343, 317, 295, 273, 244, 236, 213, 196, 154, 149, 131, 99
