657, 628, 617, 588, 567, 565, 525, 510, 492, 469, 449, 433, 413, 391, 362, 329, 310, 288, 280, 238, 221, 208, 191, 160, 143, 113, 104, 69, 47, 23, 0
657, 628, 617, 588, 567, 565, 525, 510, 492, 469, 449, 433, 413, 391, 362, 329, 310, 288, 280, 238, 221, 208, 191, 160, 143, 113, 104, 70, 48, 24, 1
657, 628, 617, 588, 567, 565, 525, 510, 492, 469, 449, 433, 413, 391, 362, 329, 310, 288, 280, 238, 221, 208, 191, 160, 143, 113, 104, 70, 48, 24, 2
657, 628, 617, 588, 567, 565, 525, 510, 492, 469, 449, 433, 413, 391, 362, 329, 310, 288, 280, 238, 221, 208, 191, 160, 143, 113, 104, 70, 48, 24, 2, 3
657, 628, 617, 588, 567, 565, 525, 510, 492, 469, 449, 433, 413, 391, 362, 329, 310, 288, 280, 238, 221, 208, 191, 160, 143, 113, 104, 70, 48, 24, 2, 3, 4
657, 628, 617, 588, 567, 565, 525, 510, 492, 469, 449, 433, 413, 391, 362, 329, 310, 288, 280, 238, 221, 208, 191, 160, 143, 113, 104, 70, 48, 24, 2, 3, 4, 5
657, 628, 617, 588, 567, 565, 525, 510, 492, 469, 449, 433, 413, 391, 362, 329, 310, 288, 280, 238, 221, 208, 191, 160, 143, 113, 104, 70, 48, 24, 2, 3, 4, 5, 6
657, 658, 651, 619, 590, 569, 546, 543, 506, 495, 466, 453, 415, 407, 384, 368, 344, 317, 295, 273, 244, 235, 215, 175, 174, 150, 130, 98, 77, 53, 28, 29, 7
657, 629, 630, 631, 614, 607, 585, 563, 527, 512, 490, 474, 446, 429, 395, 372, 373, 356, 335, 325, 303, 268, 251, 230, 199, 181, 169, 132, 125, 95, 80, 56, 32, 9, 8
657, 629, 630, 631, 614, 607, 585, 563, 527, 512, 490, 474, 446, 429, 395, 372, 373, 356, 335, 325, 303, 268, 251, 230, 199, 181, 169, 132, 125, 95, 80, 56, 32, 9
657, 628, 617, 588, 587, 586, 564, 526, 511, 491, 473, 447, 431, 394, 393, 358, 333, 334, 306, 283, 264, 254, 227, 201, 200, 183, 182, 168, 134, 124, 93, 82, 57, 33, 10
657, 628, 617, 588, 587, 586, 564, 526, 511, 491, 473, 447, 431, 394, 393, 358, 332, 308, 285, 262, 256, 225, 204, 186, 164, 138, 120, 121, 89, 90, 91, 92, 83, 58, 34, 11
657, 628, 617, 588, 587, 586, 564, 526, 511, 491, 473, 447, 431, 394, 393, 358, 332, 308, 285, 262, 256, 225, 204, 186, 164, 138, 120, 121, 89, 90, 91, 92, 83, 58, 35, 12
657, 628, 617, 588, 587, 586, 564, 526, 511, 491, 473, 447, 431, 394, 393, 358, 332, 308, 285, 262, 256, 225, 204, 186, 164, 138, 120, 121, 89, 86, 61, 37, 14, 13
657, 628, 617, 588, 587, 586, 564, 526, 511, 491, 473, 447, 431, 394, 393, 358, 332, 308, 285, 262, 256, 225, 204, 186, 164, 138, 120, 121, 89, 86, 61, 37, 14
657, 628, 617, 588, 587, 586, 564, 526, 511, 491, 473, 447, 431, 394, 393, 358, 332, 308, 285, 262, 256, 225, 204, 186, 164, 138, 119, 88, 87, 62, 38, 15
657, 628, 617, 588, 567, 565, 525, 510, 492, 469, 449, 433, 413, 391, 362, 329, 310, 287, 260, 259, 223, 207, 189, 161, 141, 116, 108, 65, 43, 41, 17, 16
657, 628, 617, 588, 567, 565, 525, 510, 492, 469, 449, 433, 413, 391, 362, 329, 310, 287, 260, 259, 223, 207, 189, 161, 141, 116, 108, 65, 43, 41, 17
657, 628, 617, 588, 567, 565, 525, 510, 492, 469, 449, 433, 413, 391, 362, 329, 310, 287, 260, 259, 223, 207, 189, 161, 141, 116, 107, 66, 45, 21, 18
657, 628, 617, 588, 567, 565, 525, 510, 492, 469, 449, 433, 413, 391, 362, 329, 310, 287, 260, 259, 223, 207, 189, 161, 141, 116, 107, 66, 46, 22, 19
657, 628, 617, 588, 567, 565, 525, 510, 492, 469, 449, 433, 413, 391, 362, 329, 310, 288, 280, 238, 221, 208, 191, 160, 143, 113, 104, 69, 47, 23, 20
657, 628, 617, 588, 567, 565, 525, 510, 492, 469, 449, 433, 413, 391, 362, 329, 310, 287, 260, 259, 223, 207, 189, 161, 141, 116, 107, 66, 45, 21
657, 628, 617, 588, 567, 565, 525, 510, 492, 469, 449, 433, 413, 391, 362, 329, 310, 287, 260, 259, 223, 207, 189, 161, 141, 116, 107, 66, 46, 22
657, 628, 617, 588, 567, 565, 525, 510, 492, 469, 449, 433, 413, 391, 362, 329, 310, 288, 280, 238, 221, 208, 191, 160, 143, 113, 104, 69, 47, 23
657, 628, 617, 588, 567, 565, 525, 510, 492, 469, 449, 433, 413, 391, 362, 329, 310, 288, 280, 238, 221, 208, 191, 160, 143, 113, 104, 70, 48, 24
657, 628, 617, 588, 567, 565, 525, 510, 492, 469, 449, 433, 413, 391, 362, 329, 310, 288, 280, 238, 221, 208, 191, 160, 143, 113, 104, 70, 48, 24, 25
657, 628, 617, 588, 567, 565, 525, 510, 492, 469, 449, 433, 413, 391, 362, 329, 310, 288, 280, 238, 221, 208, 191, 160, 143, 113, 104, 70, 48, 24, 25, 26
657, 628, 617, 588, 567, 565, 525, 510, 492, 469, 449, 433, 413, 391, 362, 329, 310, 288, 280, 238, 221, 208, 191, 160, 143, 113, 104, 70, 48, 24, 25, 26, 27
657, 658, 651, 619, 590, 569, 546, 543, 506, 495, 466, 453, 415, 407, 384, 368, 344, 317, 295, 273, 244, 235, 215, 175, 174, 150, 130, 98, 77, 53, 28
657, 658, 651, 619, 590, 569, 546, 543, 506, 495, 466, 453, 415, 407, 384, 368, 344, 317, 295, 273, 244, 235, 215, 175, 174, 150, 130, 98, 77, 53, 28, 29
657, 658, 651, 619, 590, 569, 546, 543, 506, 495, 466, 453, 415, 407, 384, 368, 344, 317, 295, 273, 244, 235, 215, 175, 174, 150, 130, 98, 77, 53, 28, 29, 30
657, 658, 651, 619, 590, 569, 546, 543, 506, 495, 466, 453, 415, 407, 384, 368, 344, 317, 295, 273, 244, 235, 215, 175, 176, 173, 172, 152, 127, 97, 79, 55, 31
657, 629, 630, 631, 614, 607, 585, 563, 527, 512, 490, 474, 446, 429, 395, 372, 373, 356, 335, 325, 303, 268, 251, 230, 199, 181, 169, 132, 125, 95, 80, 56, 32
657, 628, 617, 588, 587, 586, 564, 526, 511, 491, 473, 447, 431, 394, 393, 358, 333, 334, 306, 283, 264, 254, 227, 201, 200, 183, 182, 168, 134, 124, 93, 82, 57, 33
657, 628, 617, 588, 587, 586, 564, 526, 511, 491, 473, 447, 431, 394, 393, 358, 332, 308, 285, 262, 256, 225, 204, 186, 164, 138, 120, 121, 89, 90, 91, 92, 83, 58, 34
657, 628, 617, 588, 587, 586, 564, 526, 511, 491, 473, 447, 431, 394, 393, 358, 332, 308, 285, 262, 256, 225, 204, 186, 164, 138, 120, 121, 89, 90, 91, 92, 83, 58, 35
657, 628, 617, 588, 587, 586, 564, 526, 511, 491, 473, 447, 431, 394, 393, 358, 332, 308, 285, 262, 256, 225, 204, 186, 164, 138, 120, 121, 89, 86, 85, 60, 59, 36
657, 628, 617, 588, 587, 586, 564, 526, 511, 491, 473, 447, 431, 394, 393, 358, 332, 308, 285, 262, 256, 225, 204, 186, 164, 138, 120, 121, 89, 86, 61, 37
657, 628, 617, 588, 587, 586, 564, 526, 511, 491, 473, 447, 431, 394, 393, 358, 332, 308, 285, 262, 256, 225, 204, 186, 164, 138, 119, 88, 87, 62, 38
657, 628, 617, 588, 567, 565, 525, 510, 492, 469, 449, 433, 413, 391, 362, 329, 310, 287, 260, 259, 223, 207, 189, 161, 140, 139, 117, 109, 63, 42, 39
657, 628, 617, 588, 567, 565, 525, 510, 492, 469, 449, 433, 413, 391, 362, 329, 310, 287, 260, 259, 223, 207, 189, 161, 141, 116, 108, 65, 43, 41, 40
657, 628, 617, 588, 567, 565, 525, 510, 492, 469, 449, 433, 413, 391, 362, 329, 310, 287, 260, 259, 223, 207, 189, 161, 141, 116, 108, 65, 43, 41
657, 628, 617, 588, 567, 565, 525, 510, 492, 469, 449, 433, 413, 391, 362, 329, 310, 287, 260, 259, 223, 207, 189, 161, 140, 139, 117, 109, 63, 42
657, 628, 617, 588, 567, 565, 525, 510, 492, 469, 449, 433, 413, 391, 362, 329, 310, 287, 260, 259, 223, 207, 189, 161, 141, 116, 108, 65, 43
657, 628, 617, 588, 567, 565, 525, 510, 492, 469, 449, 433, 413, 391, 362, 329, 310, 287, 260, 259, 223, 207, 189, 161, 141, 116, 107, 66, 44
657, 628, 617, 588, 567, 565, 525, 510, 492, 469, 449, 433, 413, 391, 362, 329, 310, 287, 260, 259, 223, 207, 189, 161, 141, 116, 107, 66, 45
657, 628, 617, 588, 567, 565, 525, 510, 492, 469, 449, 433, 413, 391, 362, 329, 310, 287, 260, 259, 223, 207, 189, 161, 141, 116, 107, 66, 46
657, 628, 617, 588, 567, 565, 525, 510, 492, 469, 449, 433, 413, 391, 362, 329, 310, 288, 280, 238, 221, 208, 191, 160, 143, 113, 104, 69, 47
657, 628, 617, 588, 567, 565, 525, 510, 492, 469, 449, 433, 413, 391, 362, 329, 310, 288, 280, 238, 221, 208, 191, 160, 143, 113, 104, 70, 48
657, 628, 617, 588, 567, 565, 525, 510, 492, 469, 449, 433, 413, 391, 362, 329, 310, 288, 280, 238, 221, 208, 191, 160, 143, 113, 104, 70, 48, 49
657, 628, 617, 588, 567, 565, 525, 510, 492, 469, 449, 433, 413, 391, 362, 329, 310, 288, 280, 238, 221, 208, 191, 160, 143, 113, 104, 70, 48, 49, 50
657, 628, 617, 588, 567, 565, 525, 510, 492, 469, 449, 433, 413, 391, 362, 329, 310, 288, 280, 238, 221, 208, 191, 160, 143, 113, 104, 70, 48, 49, 50, 51
657, 628, 617, 588, 567, 565, 525, 510, 492, 469, 449, 433, 413, 391, 362, 329, 310, 288, 280, 238, 221, 208, 191, 160, 143, 113, 104, 70, 48, 49, 50, 51, 52
657, 658, 651, 619, 590, 569, 546, 543, 506, 495, 466, 453, 415, 407, 384, 368, 344, 317, 295, 273, 244, 235, 215, 175, 174, 150, 130, 98, 77, 53
657, 658, 651, 619, 590, 569, 546, 543, 506, 495, 466, 453, 415, 407, 384, 368, 344, 317, 295, 273, 244, 235, 215, 175, 174, 150, 130, 98, 77, 53, 54
657, 658, 651, 619, 590, 569, 546, 543, 506, 495, 466, 453, 415, 407, 384, 368, 344, 317, 295, 273, 244, 235, 215, 175, 176, 173, 172, 152, 127, 97, 79, 55
657, 629, 630, 631, 614, 607, 585, 563, 527, 512, 490, 474, 446, 429, 395, 372, 373, 356, 335, 325, 303, 268, 251, 230, 199, 181, 169, 132, 125, 95, 80, 56
657, 628, 617, 588, 587, 586, 564, 526, 511, 491, 473, 447, 431, 394, 393, 358, 333, 334, 306, 283, 264, 254, 227, 201, 200, 183, 182, 168, 134, 124, 93, 82, 57
657, 628, 617, 588, 587, 586, 564, 526, 511, 491, 473, 447, 431, 394, 393, 358, 332, 308, 285, 262, 256, 225, 204, 186, 164, 138, 120, 121, 89, 90, 91, 92, 83, 58
657, 628, 617, 588, 587, 586, 564, 526, 511, 491, 473, 447, 431, 394, 393, 358, 332, 308, 285, 262, 256, 225, 204, 186, 164, 138, 120, 121, 89, 86, 85, 60, 59
657, 628, 617, 588, 587, 586, 564, 526, 511, 491, 473, 447, 431, 394, 393, 358, 332, 308, 285, 262, 256, 225, 204, 186, 164, 138, 120, 121, 89, 86, 85, 60
657, 628, 617, 588, 587, 586, 564, 526, 511, 491, 473, 447, 431, 394, 393, 358, 332, 308, 285, 262, 256, 225, 204, 186, 164, 138, 120, 121, 89, 86, 61
657, 628, 617, 588, 587, 586, 564, 526, 511, 491, 473, 447, 431, 394, 393, 358, 332, 308, 285, 262, 256, 225, 204, 186, 164, 138, 119, 88, 87, 62
657, 628, 617, 588, 567, 565, 525, 510, 492, 469, 449, 433, 413, 391, 362, 329, 310, 287, 260, 259, 223, 207, 189, 161, 140, 139, 117, 109, 63
657, 628, 617, 588, 567, 565, 525, 510, 492, 469, 449, 433, 413, 391, 362, 329, 310, 287, 260, 259, 223, 207, 189, 161, 140, 139, 117, 109, 64
657, 628, 617, 588, 567, 565, 525, 510, 492, 469, 449, 433, 413, 391, 362, 329, 310, 287, 260, 259, 223, 207, 189, 161, 141, 116, 108, 65
657, 628, 617, 588, 567, 565, 525, 510, 492, 469, 449, 433, 413, 391, 362, 329, 310, 287, 260, 259, 223, 207, 189, 161, 141, 116, 107, 66
657, 628, 617, 588, 567, 565, 525, 510, 492, 469, 449, 433, 413, 391, 362, 329, 310, 288, 280, 238, 221, 208, 191, 160, 143, 114, 105, 67
657, 628, 617, 588, 567, 565, 525, 510, 492, 469, 449, 433, 413, 391, 362, 329, 310, 288, 280, 238, 221, 208, 191, 160, 143, 114, 105, 68
657, 628, 617, 588, 567, 565, 525, 510, 492, 469, 449, 433, 413, 391, 362, 329, 310, 288, 280, 238, 221, 208, 191, 160, 143, 113, 104, 69
657, 628, 617, 588, 567, 565, 525, 510, 492, 469, 449, 433, 413, 391, 362, 329, 310, 288, 280, 238, 221, 208, 191, 160, 143, 113, 104, 70
657, 628, 617, 588, 567, 565, 525, 510, 492, 469, 449, 433, 413, 391, 362, 329, 310, 288, 280, 238, 221, 208, 191, 160, 143, 113, 104, 70, 71
657, 628, 617, 588, 567, 565, 525, 510, 492, 469, 449, 433, 413, 391, 362, 329, 310, 288, 280, 238, 221, 208, 191, 160, 143, 113, 104, 70, 71, 72
657, 628, 617, 588, 567, 565, 525, 510, 492, 469, 449, 433, 413, 391, 362, 329, 310, 288, 280, 238, 221, 208, 191, 160, 143, 113, 104, 70, 71, 72, 73
657, 628, 617, 588, 567, 565, 525, 510, 492, 469, 449, 433, 413, 391, 362, 329, 310, 288, 280, 238, 221, 208, 191, 160, 143, 113, 104, 103, 102, 74
657, 628, 617, 588, 567, 565, 525, 510, 492, 469, 449, 433, 413, 391, 362, 329, 310, 288, 280, 238, 221, 208, 191, 160, 143, 113, 104, 103, 102, 74, 75
657, 658, 651, 619, 590, 569, 546, 543, 506, 495, 466, 453, 415, 407, 385, 367, 345, 316, 294, 275, 243, 236, 213, 196, 154, 149, 131, 99, 76
657, 658, 651, 619, 590, 569, 546, 543, 506, 495, 466, 453, 415, 407, 384, 368, 344, 317, 295, 273, 244, 235, 215, 175, 174, 150, 130, 98, 77
657, 658, 651, 619, 590, 569, 546, 543, 506, 495, 466, 453, 415, 407, 384, 368, 344, 317, 295, 273, 244, 235, 215, 175, 176, 173, 172, 152, 127, 97, 78
657, 658, 651, 619, 590, 569, 546, 543, 506, 495, 466, 453, 415, 407, 384, 368, 344, 317, 295, 273, 244, 235, 215, 175, 176, 173, 172, 152, 127, 97, 79
657, 629, 630, 631, 614, 607, 585, 563, 527, 512, 490, 474, 446, 429, 395, 372, 373, 356, 335, 325, 303, 268, 251, 230, 199, 181, 169, 132, 125, 95, 80
657, 629, 630, 631, 614, 607, 585, 563, 527, 512, 490, 474, 446, 429, 395, 372, 373, 356, 335, 325, 303, 268, 251, 230, 199, 181, 169, 132, 125, 94, 81
657, 628, 617, 588, 587, 586, 564, 526, 511, 491, 473, 447, 431, 394, 393, 358, 333, 334, 306, 283, 264, 254, 227, 201, 200, 183, 182, 168, 134, 124, 93, 82
657, 628, 617, 588, 587, 586, 564, 526, 511, 491, 473, 447, 431, 394, 393, 358, 332, 308, 285, 262, 256, 225, 204, 186, 164, 138, 120, 121, 89, 90, 91, 92, 83
657, 628, 617, 588, 587, 586, 564, 526, 511, 491, 473, 447, 431, 394, 393, 358, 332, 308, 285, 262, 256, 225, 204, 186, 164, 138, 120, 121, 89, 90, 91, 84
657, 628, 617, 588, 587, 586, 564, 526, 511, 491, 473, 447, 431, 394, 393, 358, 332, 308, 285, 262, 256, 225, 204, 186, 164, 138, 120, 121, 89, 86, 85
657, 628, 617, 588, 587, 586, 564, 526, 511, 491, 473, 447, 431, 394, 393, 358, 332, 308, 285, 262, 256, 225, 204, 186, 164, 138, 120, 121, 89, 86
657, 628, 617, 588, 587, 586, 564, 526, 511, 491, 473, 447, 431, 394, 393, 358, 332, 308, 285, 262, 256, 225, 204, 186, 164, 138, 119, 88, 87
657, 628, 617, 588, 587, 586, 564, 526, 511, 491, 473, 447, 431, 394, 393, 358, 332, 308, 285, 262, 256, 225, 204, 186, 164, 138, 119, 88
657, 628, 617, 588, 587, 586, 564, 526, 511, 491, 473, 447, 431, 394, 393, 358, 332, 308, 285, 262, 256, 225, 204, 186, 164, 138, 120, 121, 89
657, 628, 617, 588, 587, 586, 564, 526, 511, 491, 473, 447, 431, 394, 393, 358, 332, 308, 285, 262, 256, 225, 204, 186, 164, 138, 120, 121, 89, 90
657, 628, 617, 588, 587, 586, 564, 526, 511, 491, 473, 447, 431, 394, 393, 358, 332, 308, 285, 262, 256, 225, 204, 186, 164, 138, 120, 121, 89, 90, 91
657, 628, 617, 588, 587, 586, 564, 526, 511, 491, 473, 447, 431, 394, 393, 358, 332, 308, 285, 262, 256, 225, 204, 186, 164, 138, 120, 121, 89, 90, 91, 92
657, 628, 617, 588, 587, 586, 564, 526, 511, 491, 473, 447, 431, 394, 393, 358, 333, 334, 306, 283, 264, 254, 227, 201, 200, 183, 182, 168, 134, 124, 93
657, 629, 630, 631, 614, 607, 585, 563, 527, 512, 490, 474, 446, 429, 395, 372, 373, 356, 335, 325, 303, 268, 251, 230, 199, 181, 169, 132, 125, 94
657, 629, 630, 631, 614, 607, 585, 563, 527, 512, 490, 474, 446, 429, 395, 372, 373, 356, 335, 325, 303, 268, 251, 230, 199, 181, 169, 132, 125, 95
657, 658, 651, 619, 590, 569, 546, 543, 506, 495, 466, 453, 415, 407, 384, 368, 344, 317, 295, 273, 244, 235, 215, 175, 176, 173, 172, 153, 126, 96
657, 658, 651, 619, 590, 569, 546, 543, 506, 495, 466, 453, 415, 407, 384, 368, 344, 317, 295, 273, 244, 235, 215, 175, 176, 173, 172, 152, 127, 97
657, 658, 651, 619, 590, 569, 546, 543, 506, 495, 466, 453, 415, 407, 384, 368, 344, 317, 295, 273, 244, 235, 215, 175, 174, 150, 130, 98
657, 658, 651, 619, 590, 569, 546, 543, 506, 495, 466, 453, 415, 407, 385, 367, 345, 316, 294, 275, 243, 236, 213, 196, 154, 149, 131, 99
