634, 613, 606, 583, 562, 529, 513, 490, 491, 472, 448, 433, 413, 391, 362, 329, 310, 288, 280, 238, 221, 208, 191, 160, 143, 113, 104, 69, 47, 23, 0
634, 613, 606, 583, 562, 529, 513, 490, 491, 472, 448, 433, 413, 391, 362, 329, 310, 288, 280, 238, 221, 208, 191, 160, 143, 113, 104, 70, 48, 24, 1
634, 613, 606, 583, 562, 529, 513, 490, 491, 472, 448, 433, 413, 391, 362, 329, 310, 288, 280, 238, 221, 208, 191, 160, 143, 113, 104, 70, 48, 24, 2
634, 613, 606, 583, 562, 529, 513, 490, 491, 472, 448, 433, 413, 391, 362, 329, 310, 288, 280, 238, 221, 208, 191, 160, 143, 113, 104, 70, 48, 24, 2, 3
634, 613, 606, 583, 562, 529, 513, 490, 491, 472, 448, 433, 413, 391, 362, 329, 310, 288, 280, 238, 221, 208, 191, 160, 143, 113, 104, 70, 48, 24, 2, 3, 4
634, 613, 606, 583, 562, 529, 513, 490, 491, 472, 448, 433, 413, 391, 362, 329, 310, 288, 280, 238, 221, 208, 191, 160, 143, 113, 104, 70, 48, 24, 2, 3, 4, 5
634, 635, 612, 603, 581, 580, 558, 557, 556, 533, 517, 484, 479, 440, 425, 399, 378, 352, 338, 322, 299, 270, 249, 232, 197, 178, 171, 153, 127, 128, 98, 77, 53, 28, 6
634, 613, 606, 583, 562, 529, 513, 490, 474, 446, 429, 395, 372, 373, 356, 335, 325, 303, 268, 251, 230, 199, 181, 169, 132, 125, 95, 96, 97, 78, 54, 30, 7
634, 613, 606, 583, 562, 529, 513, 490, 474, 446, 429, 395, 372, 373, 356, 335, 325, 303, 268, 251, 230, 199, 181, 169, 132, 125, 95, 80, 56, 32, 9, 8
634, 613, 606, 583, 562, 529, 513, 490, 474, 446, 429, 395, 372, 373, 356, 335, 325, 303, 268, 251, 230, 199, 181, 169, 132, 125, 95, 80, 56, 32, 9
634, 613, 606, 583, 562, 529, 513, 490, 474, 446, 429, 395, 372, 373, 356, 335, 325, 303, 268, 251, 230, 199, 181, 169, 132, 125, 94, 81, 57, 33, 10
634, 613, 606, 583, 562, 529, 513, 490, 474, 446, 429, 395, 372, 373, 356, 335, 325, 303, 268, 251, 230, 199, 181, 169, 132, 125, 94, 81, 57, 33, 10, 11
634, 613, 606, 583, 562, 529, 513, 490, 474, 446, 429, 395, 372, 373, 356, 335, 325, 303, 268, 251, 230, 199, 181, 169, 132, 125, 94, 81, 57, 33, 34, 12
634, 613, 606, 583, 562, 529, 513, 490, 474, 446, 430, 394, 393, 358, 332, 308, 285, 262, 256, 225, 204, 186, 164, 138, 120, 121, 89, 86, 61, 37, 14, 13
634, 613, 606, 583, 562, 529, 513, 490, 474, 446, 430, 394, 393, 358, 332, 308, 285, 262, 256, 225, 204, 186, 164, 138, 120, 121, 89, 86, 61, 37, 14
634, 613, 606, 583, 562, 529, 513, 490, 474, 446, 430, 394, 393, 358, 332, 308, 285, 262, 256, 225, 204, 186, 164, 138, 119, 88, 87, 62, 38, 15
634, 613, 606, 583, 562, 529, 513, 490, 474, 446, 430, 394, 393, 358, 332, 308, 285, 262, 256, 225, 205, 187, 162, 139, 117, 109, 63, 42, 39, 16
634, 613, 606, 583, 562, 529, 513, 490, 474, 446, 430, 394, 393, 358, 332, 308, 285, 262, 256, 225, 205, 187, 162, 139, 117, 109, 63, 42, 40, 17
634, 613, 606, 583, 562, 529, 513, 490, 474, 446, 430, 394, 393, 358, 332, 308, 285, 262, 256, 225, 205, 187, 162, 139, 117, 109, 63, 42, 40, 17, 18
634, 613, 606, 583, 562, 529, 513, 490, 474, 446, 430, 394, 393, 358, 332, 308, 285, 262, 256, 225, 205, 187, 162, 161, 141, 116, 107, 66, 46, 22, 19
634, 613, 606, 583, 562, 529, 513, 490, 491, 472, 448, 433, 413, 391, 362, 329, 310, 288, 280, 238, 221, 208, 191, 160, 143, 113, 104, 69, 47, 23, 20
634, 613, 606, 583, 562, 529, 513, 490, 474, 446, 430, 394, 393, 358, 332, 308, 285, 262, 256, 225, 205, 187, 162, 161, 141, 116, 107, 66, 45, 21
634, 613, 606, 583, 562, 529, 513, 490, 474, 446, 430, 394, 393, 358, 332, 308, 285, 262, 256, 225, 205, 187, 162, 161, 141, 116, 107, 66, 46, 22
634, 613, 606, 583, 562, 529, 513, 490, 491, 472, 448, 433, 413, 391, 362, 329, 310, 288, 280, 238, 221, 208, 191, 160, 143, 113, 104, 69, 47, 23
634, 613, 606, 583, 562, 529, 513, 490, 491, 472, 448, 433, 413, 391, 362, 329, 310, 288, 280, 238, 221, 208, 191, 160, 143, 113, 104, 70, 48, 24
634, 613, 606, 583, 562, 529, 513, 490, 491, 472, 448, 433, 413, 391, 362, 329, 310, 288, 280, 238, 221, 208, 191, 160, 143, 113, 104, 70, 48, 24, 25
634, 613, 606, 583, 562, 529, 513, 490, 491, 472, 448, 433, 413, 391, 362, 329, 310, 288, 280, 238, 221, 208, 191, 160, 143, 113, 104, 70, 48, 24, 25, 26
634, 613, 606, 583, 562, 529, 513, 490, 491, 472, 448, 433, 413, 391, 362, 329, 310, 288, 280, 238, 221, 208, 191, 160, 143, 113, 104, 70, 48, 24, 25, 26, 27
634, 635, 612, 603, 581, 580, 558, 557, 556, 533, 517, 484, 479, 440, 425, 399, 378, 352, 338, 322, 299, 270, 249, 232, 197, 178, 171, 153, 127, 128, 98, 77, 53, 28
634, 613, 606, 583, 562, 529, 513, 490, 474, 446, 429, 395, 372, 373, 356, 335, 325, 303, 268, 251, 230, 199, 181, 169, 132, 125, 95, 96, 97, 78, 54, 29
634, 613, 606, 583, 562, 529, 513, 490, 474, 446, 429, 395, 372, 373, 356, 335, 325, 303, 268, 251, 230, 199, 181, 169, 132, 125, 95, 96, 97, 78, 54, 30
634, 613, 606, 583, 562, 529, 513, 490, 474, 446, 429, 395, 372, 373, 356, 335, 325, 303, 268, 251, 230, 199, 181, 169, 132, 125, 95, 96, 79, 55, 31
634, 613, 606, 583, 562, 529, 513, 490, 474, 446, 429, 395, 372, 373, 356, 335, 325, 303, 268, 251, 230, 199, 181, 169, 132, 125, 95, 80, 56, 32
634, 613, 606, 583, 562, 529, 513, 490, 474, 446, 429, 395, 372, 373, 356, 335, 325, 303, 268, 251, 230, 199, 181, 169, 132, 125, 94, 81, 57, 33
634, 613, 606, 583, 562, 529, 513, 490, 474, 446, 429, 395, 372, 373, 356, 335, 325, 303, 268, 251, 230, 199, 181, 169, 132, 125, 94, 81, 57, 33, 34
634, 613, 606, 583, 562, 529, 513, 490, 474, 446, 429, 395, 372, 373, 356, 335, 325, 303, 268, 251, 230, 199, 182, 168, 134, 124, 92, 83, 58, 35
634, 613, 606, 583, 562, 529, 513, 490, 474, 446, 430, 394, 393, 358, 332, 308, 285, 262, 256, 225, 204, 186, 164, 138, 120, 121, 89, 86, 85, 60, 59, 36
634, 613, 606, 583, 562, 529, 513, 490, 474, 446, 430, 394, 393, 358, 332, 308, 285, 262, 256, 225, 204, 186, 164, 138, 120, 121, 89, 86, 61, 37
634, 613, 606, 583, 562, 529, 513, 490, 474, 446, 430, 394, 393, 358, 332, 308, 285, 262, 256, 225, 204, 186, 164, 138, 119, 88, 87, 62, 38
634, 613, 606, 583, 562, 529, 513, 490, 474, 446, 430, 394, 393, 358, 332, 308, 285, 262, 256, 225, 205, 187, 162, 139, 117, 109, 63, 42, 39
634, 613, 606, 583, 562, 529, 513, 490, 474, 446, 430, 394, 393, 358, 332, 308, 285, 262, 256, 225, 205, 187, 162, 139, 117, 109, 63, 42, 40
634, 613, 606, 583, 562, 529, 513, 490, 474, 446, 430, 394, 393, 358, 332, 308, 285, 262, 256, 225, 205, 187, 162, 139, 117, 109, 63, 42, 40, 41
634, 613, 606, 583, 562, 529, 513, 490, 474, 446, 430, 394, 393, 358, 332, 308, 285, 262, 256, 225, 205, 187, 162, 139, 117, 109, 63, 42
634, 613, 606, 583, 562, 529, 513, 490, 474, 446, 430, 394, 393, 358, 332, 308, 285, 262, 256, 225, 205, 187, 162, 139, 117, 109, 108, 65, 43
634, 613, 606, 583, 562, 529, 513, 490, 474, 446, 430, 394, 393, 358, 332, 308, 285, 262, 256, 225, 205, 187, 162, 161, 141, 116, 107, 66, 44
634, 613, 606, 583, 562, 529, 513, 490, 474, 446, 430, 394, 393, 358, 332, 308, 285, 262, 256, 225, 205, 187, 162, 161, 141, 116, 107, 66, 45
634, 613, 606, 583, 562, 529, 513, 490, 474, 446, 430, 394, 393, 358, 332, 308, 285, 262, 256, 225, 205, 187, 162, 161, 141, 116, 107, 66, 46
634, 613, 606, 583, 562, 529, 513, 490, 491, 472, 448, 433, 413, 391, 362, 329, 310, 288, 280, 238, 221, 208, 191, 160, 143, 113, 104, 69, 47
634, 613, 606, 583, 562, 529, 513, 490, 491, 472, 448, 433, 413, 391, 362, 329, 310, 288, 280, 238, 221, 208, 191, 160, 143, 113, 104, 70, 48
634, 613, 606, 583, 562, 529, 513, 490, 491, 472, 448, 433, 413, 391, 362, 329, 310, 288, 280, 238, 221, 208, 191, 160, 143, 113, 104, 70, 48, 49
634, 613, 606, 583, 562, 529, 513, 490, 491, 472, 448, 433, 413, 391, 362, 329, 310, 288, 280, 238, 221, 208, 191, 160, 143, 113, 104, 70, 48, 49, 50
634, 613, 606, 583, 562, 529, 513, 490, 491, 472, 448, 433, 413, 391, 362, 329, 310, 288, 280, 238, 221, 208, 191, 160, 143, 113, 104, 70, 48, 49, 50, 51
634, 613, 606, 583, 562, 529, 513, 490, 491, 472, 448, 433, 413, 391, 362, 329, 310, 288, 280, 238, 221, 208, 191, 160, 143, 113, 104, 70, 48, 49, 50, 51, 52
634, 635, 612, 603, 581, 580, 558, 557, 556, 533, 517, 484, 479, 440, 425, 399, 378, 352, 338, 322, 299, 270, 249, 232, 197, 178, 171, 153, 127, 128, 98, 77, 53
634, 613, 606, 583, 562, 529, 513, 490, 474, 446, 429, 395, 372, 373, 356, 335, 325, 303, 268, 251, 230, 199, 181, 169, 132, 125, 95, 96, 97, 78, 54
634, 613, 606, 583, 562, 529, 513, 490, 474, 446, 429, 395, 372, 373, 356, 335, 325, 303, 268, 251, 230, 199, 181, 169, 132, 125, 95, 96, 79, 55
634, 613, 606, 583, 562, 529, 513, 490, 474, 446, 429, 395, 372, 373, 356, 335, 325, 303, 268, 251, 230, 199, 181, 169, 132, 125, 95, 80, 56
634, 613, 606, 583, 562, 529, 513, 490, 474, 446, 429, 395, 372, 373, 356, 335, 325, 303, 268, 251, 230, 199, 181, 169, 132, 125, 94, 81, 57
634, 613, 606, 583, 562, 529, 513, 490, 474, 446, 429, 395, 372, 373, 356, 335, 325, 303, 268, 251, 230, 199, 182, 168, 134, 124, 92, 83, 58
634, 613, 606, 583, 562, 529, 513, 490, 474, 446, 430, 394, 393, 358, 332, 308, 285, 262, 256, 225, 204, 186, 164, 138, 120, 121, 89, 86, 85, 60, 59
634, 613, 606, 583, 562, 529, 513, 490, 474, 446, 430, 394, 393, 358, 332, 308, 285, 262, 256, 225, 204, 186, 164, 138, 120, 121, 89, 86, 85, 60
634, 613, 606, 583, 562, 529, 513, 490, 474, 446, 430, 394, 393, 358, 332, 308, 285, 262, 256, 225, 204, 186, 164, 138, 120, 121, 89, 86, 61
634, 613, 606, 583, 562, 529, 513, 490, 474, 446, 430, 394, 393, 358, 332, 308, 285, 262, 256, 225, 204, 186, 164, 138, 119, 88, 87, 62
634, 613, 606, 583, 562, 529, 513, 490, 474, 446, 430, 394, 393, 358, 332, 308, 285, 262, 256, 225, 205, 187, 162, 139, 117, 109, 63
634, 613, 606, 583, 562, 529, 513, 490, 474, 446, 430, 394, 393, 358, 332, 308, 285, 262, 256, 225, 205, 187, 162, 139, 117, 109, 64
634, 613, 606, 583, 562, 529, 513, 490, 474, 446, 430, 394, 393, 358, 332, 308, 285, 262, 256, 225, 205, 187, 162, 139, 117, 109, 108, 65
634, 613, 606, 583, 562, 529, 513, 490, 474, 446, 430, 394, 393, 358, 332, 308, 285, 262, 256, 225, 205, 187, 162, 161, 141, 116, 107, 66
634, 613, 606, 583, 562, 529, 513, 490, 491, 472, 448, 433, 413, 391, 362, 329, 310, 288, 280, 238, 221, 208, 191, 160, 143, 114, 105, 67
634, 613, 606, 583, 562, 529, 513, 490, 491, 472, 448, 433, 413, 391, 362, 329, 310, 288, 280, 238, 221, 208, 191, 160, 143, 114, 105, 68
634, 613, 606, 583, 562, 529, 513, 490, 491, 472, 448, 433, 413, 391, 362, 329, 310, 288, 280, 238, 221, 208, 191, 160, 143, 113, 104, 69
634, 613, 606, 583, 562, 529, 513, 490, 491, 472, 448, 433, 413, 391, 362, 329, 310, 288, 280, 238, 221, 208, 191, 160, 143, 113, 104, 70
634, 613, 606, 583, 562, 529, 513, 490, 491, 472, 448, 433, 413, 391, 362, 329, 310, 288, 280, 238, 221, 208, 191, 160, 143, 113, 104, 70, 71
634, 613, 606, 583, 562, 529, 513, 490, 491, 472, 448, 433, 413, 391, 362, 329, 310, 288, 280, 238, 221, 208, 191, 160, 143, 113, 104, 70, 71, 72
634, 613, 606, 583, 562, 529, 513, 490, 491, 472, 448, 433, 413, 391, 362, 329, 310, 288, 280, 238, 221, 208, 191, 160, 143, 113, 104, 70, 71, 72, 73
634, 613, 606, 583, 562, 529, 513, 490, 491, 472, 448, 433, 413, 391, 362, 329, 310, 288, 280, 238, 221, 208, 191, 160, 143, 113, 104, 103, 102, 74
634, 613, 606, 583, 562, 529, 513, 490, 491, 472, 448, 433, 413, 391, 362, 329, 310, 288, 280, 238, 221, 208, 191, 160, 143, 113, 104, 103, 102, 74, 75
634, 635, 612, 603, 581, 580, 558, 557, 556, 533, 517, 484, 479, 440, 425, 399, 378, 352, 338, 322, 299, 270, 249, 232, 197, 178, 171, 153, 127, 128, 98, 77, 76
634, 635, 612, 603, 581, 580, 558, 557, 556, 533, 517, 484, 479, 440, 425, 399, 378, 352, 338, 322, 299, 270, 249, 232, 197, 178, 171, 153, 127, 128, 98, 77
634, 613, 606, 583, 562, 529, 513, 490, 474, 446, 429, 395, 372, 373, 356, 335, 325, 303, 268, 251, 230, 199, 181, 169, 132, 125, 95, 96, 97, 78
634, 613, 606, 583, 562, 529, 513, 490, 474, 446, 429, 395, 372, 373, 356, 335, 325, 303, 268, 251, 230, 199, 181, 169, 132, 125, 95, 96, 79
634, 613, 606, 583, 562, 529, 513, 490, 474, 446, 429, 395, 372, 373, 356, 335, 325, 303, 268, 251, 230, 199, 181, 169, 132, 125, 95, 80
634, 613, 606, 583, 562, 529, 513, 490, 474, 446, 429, 395, 372, 373, 356, 335, 325, 303, 268, 251, 230, 199, 181, 169, 132, 125, 94, 81
634, 613, 606, 583, 562, 529, 513, 490, 474, 446, 429, 395, 372, 373, 356, 335, 325, 303, 268, 251, 230, 199, 182, 168, 134, 124, 93, 82
634, 613, 606, 583, 562, 529, 513, 490, 474, 446, 429, 395, 372, 373, 356, 335, 325, 303, 268, 251, 230, 199, 182, 168, 134, 124, 92, 83
634, 613, 606, 583, 562, 529, 513, 490, 474, 446, 430, 394, 393, 358, 332, 308, 285, 262, 256, 225, 204, 186, 164, 138, 120, 121, 89, 90, 91, 84
634, 613, 606, 583, 562, 529, 513, 490, 474, 446, 430, 394, 393, 358, 332, 308, 285, 262, 256, 225, 204, 186, 164, 138, 120, 121, 89, 86, 85
634, 613, 606, 583, 562, 529, 513, 490, 474, 446, 430, 394, 393, 358, 332, 308, 285, 262, 256, 225, 204, 186, 164, 138, 120, 121, 89, 86
634, 613, 606, 583, 562, 529, 513, 490, 474, 446, 430, 394, 393, 358, 332, 308, 285, 262, 256, 225, 204, 186, 164, 138, 119, 88, 87
634, 613, 606, 583, 562, 529, 513, 490, 474, 446, 430, 394, 393, 358, 332, 308, 285, 262, 256, 225, 204, 186, 164, 138, 119, 88
634, 613, 606, 583, 562, 529, 513, 490, 474, 446, 430, 394, 393, 358, 332, 308, 285, 262, 256, 225, 204, 186, 164, 138, 120, 121, 89
634, 613, 606, 583, 562, 529, 513, 490, 474, 446, 430, 394, 393, 358, 332, 308, 285, 262, 256, 225, 204, 186, 164, 138, 120, 121, 89, 90
634, 613, 606, 583, 562, 529, 513, 490, 474, 446, 430, 394, 393, 358, 332, 308, 285, 262, 256, 225, 204, 186, 164, 138, 120, 121, 89, 90, 91
634, 613, 606, 583, 562, 529, 513, 490, 474, 446, 429, 395, 372, 373, 356, 335, 325, 303, 268, 251, 230, 199, 182, 168, 134, 124, 92
634, 613, 606, 583, 562, 529, 513, 490, 474, 446, 429, 395, 372, 373, 356, 335, 325, 303, 268, 251, 230, 199, 182, 168, 134, 124, 93
634, 613, 606, 583, 562, 529, 513, 490, 474, 446, 429, 395, 372, 373, 356, 335, 325, 303, 268, 251, 230, 199, 181, 169, 132, 125, 94
634, 613, 606, 583, 562, 529, 513, 490, 474, 446, 429, 395, 372, 373, 356, 335, 325, 303, 268, 251, 230, 199, 181, 169, 132, 125, 95
634, 613, 606, 583, 562, 529, 513, 490, 474, 446, 429, 395, 372, 373, 356, 335, 325, 303, 268, 251, 230, 199, 181, 169, 132, 125, 95, 96
634, 613, 606, 583, 562, 529, 513, 490, 474, 446, 429, 395, 372, 373, 356, 335, 325, 303, 268, 251, 230, 199, 181, 169, 132, 125, 95, 96, 97
634, 635, 612, 603, 581, 580, 558, 557, 556, 533, 517, 484, 479, 440, 425, 399, 378, 352, 338, 322, 299, 270, 249, 232, 197, 178, 171, 153, 127, 128, 98
634, 635, 612, 603, 581, 580, 558, 557, 556, 533, 517, 484, 479, 440, 425, 399, 378, 352, 338, 322, 299, 270, 249, 232, 197, 178, 171, 153, 127, 128, 98, 99
