728, 729, 699, 681, 664, 644, 624, 596, 573, 551, 539, 503, 499, 462, 455, 416, 406, 384, 367, 346, 315, 292, 291, 278, 240, 218, 219, 209, 192, 159, 143, 113, 104, 69, 47, 23, 0
728, 729, 699, 681, 664, 644, 624, 596, 573, 551, 539, 503, 499, 462, 455, 416, 406, 384, 367, 346, 315, 292, 291, 278, 240, 218, 219, 209, 192, 159, 143, 113, 104, 70, 48, 24, 1
728, 729, 699, 681, 664, 644, 624, 596, 573, 551, 539, 503, 499, 462, 455, 416, 406, 384, 367, 346, 315, 293, 276, 242, 237, 211, 194, 157, 148, 110, 102, 73, 49, 25, 3, 2
728, 729, 699, 681, 664, 644, 624, 596, 573, 551, 539, 503, 499, 462, 455, 416, 406, 384, 367, 346, 315, 293, 276, 242, 237, 211, 194, 157, 148, 110, 102, 73, 49, 25, 3
728, 729, 699, 681, 664, 644, 624, 596, 573, 551, 539, 503, 499, 462, 455, 416, 406, 384, 367, 346, 315, 293, 276, 242, 237, 211, 194, 157, 148, 110, 102, 73, 50, 26, 4
728, 729, 699, 681, 664, 644, 624, 596, 573, 551, 539, 503, 499, 461, 456, 417, 405, 383, 369, 343, 317, 295, 273, 244, 236, 213, 196, 154, 149, 131, 101, 75, 52, 27, 5
728, 698, 683, 665, 642, 641, 626, 598, 576, 553, 535, 520, 482, 458, 438, 421, 402, 380, 350, 340, 320, 297, 272, 247, 233, 216, 177, 173, 151, 129, 98, 77, 53, 28, 6
728, 698, 683, 665, 642, 641, 626, 598, 576, 553, 535, 520, 482, 458, 438, 421, 402, 380, 350, 340, 320, 297, 272, 247, 233, 216, 177, 173, 151, 129, 98, 77, 53, 28, 29, 7
728, 698, 683, 665, 642, 641, 626, 598, 576, 553, 535, 520, 482, 458, 438, 421, 402, 379, 351, 339, 322, 301, 269, 250, 231, 198, 180, 170, 133, 125, 95, 80, 56, 32, 9, 8
728, 698, 683, 665, 642, 641, 626, 598, 576, 553, 535, 520, 482, 458, 438, 421, 402, 379, 351, 339, 322, 301, 269, 250, 231, 198, 180, 170, 133, 125, 95, 80, 56, 32, 9
728, 698, 683, 665, 642, 641, 626, 598, 576, 553, 535, 520, 482, 458, 438, 421, 402, 379, 351, 339, 322, 301, 269, 250, 231, 198, 180, 170, 133, 125, 94, 81, 57, 33, 10
728, 698, 683, 665, 642, 641, 626, 598, 576, 553, 535, 520, 482, 458, 438, 421, 402, 379, 351, 339, 322, 301, 269, 250, 231, 198, 180, 170, 133, 125, 94, 81, 57, 33, 10, 11
728, 698, 683, 665, 642, 641, 626, 598, 576, 553, 535, 520, 482, 458, 438, 421, 402, 379, 351, 339, 322, 301, 269, 250, 231, 198, 180, 170, 133, 125, 94, 81, 57, 33, 34, 12
728, 698, 683, 665, 642, 641, 626, 598, 576, 553, 535, 520, 482, 458, 438, 421, 402, 379, 351, 339, 322, 301, 269, 250, 231, 198, 180, 170, 133, 125, 94, 81, 57, 33, 34, 35, 36, 13
728, 698, 683, 665, 642, 641, 626, 598, 576, 553, 535, 520, 482, 458, 438, 421, 402, 379, 351, 339, 322, 301, 269, 268, 267, 252, 228, 200, 183, 167, 135, 123, 91, 85, 60, 37, 14
728, 698, 683, 665, 642, 641, 626, 598, 576, 553, 535, 520, 482, 458, 438, 421, 402, 379, 351, 339, 322, 301, 269, 268, 267, 252, 228, 200, 183, 167, 135, 123, 91, 85, 60, 37, 38, 15
728, 698, 683, 665, 642, 641, 626, 598, 576, 553, 535, 520, 482, 458, 438, 421, 402, 379, 351, 339, 322, 301, 269, 268, 267, 252, 228, 200, 183, 167, 135, 123, 91, 85, 60, 37, 38, 15, 16
728, 729, 699, 681, 664, 644, 624, 596, 573, 551, 539, 503, 499, 462, 455, 416, 406, 384, 367, 346, 315, 292, 291, 278, 240, 218, 219, 209, 192, 159, 143, 114, 106, 107, 66, 45, 21, 18, 17
728, 729, 699, 681, 664, 644, 624, 596, 573, 551, 539, 503, 499, 462, 455, 416, 406, 384, 367, 346, 315, 292, 291, 278, 240, 218, 219, 209, 192, 159, 143, 114, 106, 107, 66, 45, 21, 18
728, 729, 699, 681, 664, 644, 624, 596, 573, 551, 539, 503, 499, 462, 455, 416, 406, 384, 367, 346, 315, 292, 291, 278, 240, 218, 219, 209, 192, 159, 143, 114, 106, 107, 66, 46, 22, 19
728, 729, 699, 681, 664, 644, 624, 596, 573, 551, 539, 503, 499, 462, 455, 416, 406, 384, 367, 346, 315, 292, 291, 278, 240, 218, 219, 209, 192, 159, 143, 113, 104, 69, 47, 23, 20
728, 729, 699, 681, 664, 644, 624, 596, 573, 551, 539, 503, 499, 462, 455, 416, 406, 384, 367, 346, 315, 292, 291, 278, 240, 218, 219, 209, 192, 159, 143, 114, 106, 107, 66, 45, 21
728, 729, 699, 681, 664, 644, 624, 596, 573, 551, 539, 503, 499, 462, 455, 416, 406, 384, 367, 346, 315, 292, 291, 278, 240, 218, 219, 209, 192, 159, 143, 114, 106, 107, 66, 46, 22
728, 729, 699, 681, 664, 644, 624, 596, 573, 551, 539, 503, 499, 462, 455, 416, 406, 384, 367, 346, 315, 292, 291, 278, 240, 218, 219, 209, 192, 159, 143, 113, 104, 69, 47, 23
728, 729, 699, 681, 664, 644, 624, 596, 573, 551, 539, 503, 499, 462, 455, 416, 406, 384, 367, 346, 315, 292, 291, 278, 240, 218, 219, 209, 192, 159, 143, 113, 104, 70, 48, 24
728, 729, 699, 681, 664, 644, 624, 596, 573, 551, 539, 503, 499, 462, 455, 416, 406, 384, 367, 346, 315, 293, 276, 242, 237, 211, 194, 157, 148, 110, 102, 73, 49, 25
728, 729, 699, 681, 664, 644, 624, 596, 573, 551, 539, 503, 499, 462, 455, 416, 406, 384, 367, 346, 315, 293, 276, 242, 237, 211, 194, 157, 148, 110, 102, 73, 50, 26
728, 729, 699, 681, 664, 644, 624, 596, 573, 551, 539, 503, 499, 461, 456, 417, 405, 383, 369, 343, 317, 295, 273, 244, 236, 213, 196, 154, 149, 131, 101, 75, 52, 27
728, 698, 683, 665, 642, 641, 626, 598, 576, 553, 535, 520, 482, 458, 438, 421, 402, 380, 350, 340, 320, 297, 272, 247, 233, 216, 177, 173, 151, 129, 98, 77, 53, 28
728, 698, 683, 665, 642, 641, 626, 598, 576, 553, 535, 520, 482, 458, 438, 421, 402, 380, 350, 340, 320, 297, 272, 247, 233, 216, 177, 173, 151, 129, 98, 77, 53, 28, 29
728, 698, 683, 665, 642, 641, 626, 598, 576, 553, 535, 520, 482, 458, 438, 421, 402, 380, 350, 340, 320, 297, 272, 247, 233, 216, 177, 173, 151, 129, 98, 77, 53, 28, 29, 30
728, 698, 683, 665, 642, 641, 626, 598, 576, 553, 535, 520, 482, 458, 438, 421, 402, 379, 351, 339, 322, 299, 270, 249, 232, 197, 178, 171, 153, 126, 96, 79, 55, 31
728, 698, 683, 665, 642, 641, 626, 598, 576, 553, 535, 520, 482, 458, 438, 421, 402, 379, 351, 339, 322, 301, 269, 250, 231, 198, 180, 170, 133, 125, 95, 80, 56, 32
728, 698, 683, 665, 642, 641, 626, 598, 576, 553, 535, 520, 482, 458, 438, 421, 402, 379, 351, 339, 322, 301, 269, 250, 231, 198, 180, 170, 133, 125, 94, 81, 57, 33
728, 698, 683, 665, 642, 641, 626, 598, 576, 553, 535, 520, 482, 458, 438, 421, 402, 379, 351, 339, 322, 301, 269, 250, 231, 198, 180, 170, 133, 125, 94, 81, 57, 33, 34
728, 698, 683, 665, 642, 641, 626, 598, 576, 553, 535, 520, 482, 458, 438, 421, 402, 379, 351, 339, 322, 301, 269, 250, 231, 198, 180, 170, 133, 125, 94, 81, 57, 33, 34, 35
728, 698, 683, 665, 642, 641, 626, 598, 576, 553, 535, 520, 482, 458, 438, 421, 402, 379, 351, 339, 322, 301, 269, 250, 231, 198, 180, 170, 133, 125, 94, 81, 57, 33, 34, 35, 36
728, 698, 683, 665, 642, 641, 626, 598, 576, 553, 535, 520, 482, 458, 438, 421, 402, 379, 351, 339, 322, 301, 269, 268, 267, 252, 228, 200, 183, 167, 135, 123, 91, 85, 60, 37
728, 698, 683, 665, 642, 641, 626, 598, 576, 553, 535, 520, 482, 458, 438, 421, 402, 379, 351, 339, 322, 301, 269, 268, 267, 252, 228, 200, 183, 167, 135, 123, 91, 85, 60, 37, 38
728, 698, 683, 665, 642, 641, 626, 598, 576, 553, 535, 520, 482, 458, 438, 421, 402, 379, 351, 339, 322, 301, 269, 268, 267, 252, 228, 200, 183, 167, 135, 123, 91, 85, 60, 37, 38, 39
728, 729, 699, 681, 664, 644, 624, 596, 573, 551, 539, 503, 499, 462, 455, 416, 406, 384, 367, 346, 315, 292, 291, 278, 240, 218, 219, 209, 192, 159, 143, 114, 106, 107, 66, 45, 21, 41, 40
728, 729, 699, 681, 664, 644, 624, 596, 573, 551, 539, 503, 499, 462, 455, 416, 406, 384, 367, 346, 315, 292, 291, 278, 240, 218, 219, 209, 192, 159, 143, 114, 106, 107, 66, 45, 21, 41
728, 729, 699, 681, 664, 644, 624, 596, 573, 551, 539, 503, 499, 462, 455, 416, 406, 384, 367, 346, 315, 292, 291, 278, 240, 218, 219, 209, 192, 159, 143, 114, 106, 107, 66, 44, 43, 42
728, 729, 699, 681, 664, 644, 624, 596, 573, 551, 539, 503, 499, 462, 455, 416, 406, 384, 367, 346, 315, 292, 291, 278, 240, 218, 219, 209, 192, 159, 143, 114, 106, 107, 66, 44, 43
728, 729, 699, 681, 664, 644, 624, 596, 573, 551, 539, 503, 499, 462, 455, 416, 406, 384, 367, 346, 315, 292, 291, 278, 240, 218, 219, 209, 192, 159, 143, 114, 106, 107, 66, 44
728, 729, 699, 681, 664, 644, 624, 596, 573, 551, 539, 503, 499, 462, 455, 416, 406, 384, 367, 346, 315, 292, 291, 278, 240, 218, 219, 209, 192, 159, 143, 114, 106, 107, 66, 45
728, 729, 699, 681, 664, 644, 624, 596, 573, 551, 539, 503, 499, 462, 455, 416, 406, 384, 367, 346, 315, 292, 291, 278, 240, 218, 219, 209, 192, 159, 143, 114, 106, 107, 66, 46
728, 729, 699, 681, 664, 644, 624, 596, 573, 551, 539, 503, 499, 462, 455, 416, 406, 384, 367, 346, 315, 292, 291, 278, 240, 218, 219, 209, 192, 159, 143, 113, 104, 69, 47
728, 729, 699, 681, 664, 644, 624, 596, 573, 551, 539, 503, 499, 462, 455, 416, 406, 384, 367, 346, 315, 292, 291, 278, 240, 218, 219, 209, 192, 159, 143, 113, 104, 70, 48
728, 729, 699, 681, 664, 644, 624, 596, 573, 551, 539, 503, 499, 462, 455, 416, 406, 384, 367, 346, 315, 293, 276, 242, 237, 211, 194, 157, 148, 110, 102, 73, 49
728, 729, 699, 681, 664, 644, 624, 596, 573, 551, 539, 503, 499, 462, 455, 416, 406, 384, 367, 346, 315, 293, 276, 242, 237, 211, 194, 157, 148, 110, 102, 73, 50
728, 729, 699, 681, 664, 644, 624, 596, 573, 551, 539, 503, 499, 461, 456, 417, 405, 383, 369, 343, 317, 295, 273, 244, 236, 213, 196, 154, 149, 131, 101, 75, 51
728, 729, 699, 681, 664, 644, 624, 596, 573, 551, 539, 503, 499, 461, 456, 417, 405, 383, 369, 343, 317, 295, 273, 244, 236, 213, 196, 154, 149, 131, 101, 75, 52
728, 698, 683, 665, 642, 641, 626, 598, 576, 553, 535, 520, 482, 458, 438, 421, 402, 380, 350, 340, 320, 297, 272, 247, 233, 216, 177, 173, 151, 129, 98, 77, 53
728, 698, 683, 665, 642, 641, 626, 598, 576, 553, 535, 520, 482, 458, 438, 421, 402, 380, 350, 340, 320, 297, 272, 247, 233, 216, 177, 173, 151, 129, 98, 77, 53, 54
728, 698, 683, 665, 642, 641, 626, 598, 576, 553, 535, 520, 482, 458, 438, 421, 402, 379, 351, 339, 322, 299, 270, 249, 232, 197, 178, 171, 153, 126, 96, 79, 55
728, 698, 683, 665, 642, 641, 626, 598, 576, 553, 535, 520, 482, 458, 438, 421, 402, 379, 351, 339, 322, 301, 269, 250, 231, 198, 180, 170, 133, 125, 95, 80, 56
728, 698, 683, 665, 642, 641, 626, 598, 576, 553, 535, 520, 482, 458, 438, 421, 402, 379, 351, 339, 322, 301, 269, 250, 231, 198, 180, 170, 133, 125, 94, 81, 57
728, 698, 683, 665, 642, 641, 626, 598, 576, 553, 535, 520, 482, 458, 438, 421, 402, 379, 351, 339, 322, 301, 269, 250, 231, 198, 180, 170, 133, 125, 94, 81, 57, 58
728, 698, 683, 665, 642, 641, 626, 598, 576, 553, 535, 520, 482, 458, 438, 421, 402, 379, 351, 339, 322, 301, 269, 250, 231, 198, 180, 170, 133, 125, 94, 81, 57, 58, 59
728, 698, 683, 665, 642, 641, 626, 598, 576, 553, 535, 520, 482, 458, 438, 421, 402, 379, 351, 339, 322, 301, 269, 268, 267, 252, 228, 200, 183, 167, 135, 123, 91, 85, 60
728, 698, 683, 665, 642, 641, 626, 598, 576, 553, 535, 520, 482, 458, 438, 421, 402, 379, 351, 339, 322, 301, 269, 268, 267, 252, 228, 200, 183, 167, 135, 123, 91, 85, 61
728, 698, 683, 665, 642, 641, 626, 598, 576, 553, 535, 520, 482, 458, 438, 421, 402, 379, 351, 339, 322, 301, 269, 268, 267, 252, 228, 200, 183, 167, 135, 123, 91, 85, 61, 62
728, 729, 699, 681, 664, 644, 624, 596, 573, 551, 539, 503, 499, 462, 455, 416, 406, 384, 367, 346, 315, 292, 291, 278, 240, 218, 219, 209, 192, 159, 143, 114, 106, 107, 108, 109, 63
728, 729, 699, 681, 664, 644, 624, 596, 573, 551, 539, 503, 499, 462, 455, 416, 406, 384, 367, 346, 315, 292, 291, 278, 240, 218, 219, 209, 192, 159, 143, 114, 106, 107, 108, 109, 64
728, 729, 699, 681, 664, 644, 624, 596, 573, 551, 539, 503, 499, 462, 455, 416, 406, 384, 367, 346, 315, 292, 291, 278, 240, 218, 219, 209, 192, 159, 143, 114, 106, 107, 108, 65
728, 729, 699, 681, 664, 644, 624, 596, 573, 551, 539, 503, 499, 462, 455, 416, 406, 384, 367, 346, 315, 292, 291, 278, 240, 218, 219, 209, 192, 159, 143, 114, 106, 107, 66
728, 729, 699, 681, 664, 644, 624, 596, 573, 551, 539, 503, 499, 462, 455, 416, 406, 384, 367, 346, 315, 292, 291, 278, 240, 218, 219, 209, 192, 159, 143, 114, 105, 67
728, 729, 699, 681, 664, 644, 624, 596, 573, 551, 539, 503, 499, 462, 455, 416, 406, 384, 367, 346, 315, 292, 291, 278, 240, 218, 219, 209, 192, 159, 143, 114, 105, 68
728, 729, 699, 681, 664, 644, 624, 596, 573, 551, 539, 503, 499, 462, 455, 416, 406, 384, 367, 346, 315, 292, 291, 278, 240, 218, 219, 209, 192, 159, 143, 113, 104, 69
728, 729, 699, 681, 664, 644, 624, 596, 573, 551, 539, 503, 499, 462, 455, 416, 406, 384, 367, 346, 315, 292, 291, 278, 240, 218, 219, 209, 192, 159, 143, 113, 104, 70
728, 729, 699, 681, 664, 644, 624, 596, 573, 551, 539, 503, 499, 462, 455, 416, 406, 384, 367, 346, 315, 292, 277, 241, 217, 210, 193, 158, 144, 111, 103, 71
728, 729, 699, 681, 664, 644, 624, 596, 573, 551, 539, 503, 499, 462, 455, 416, 406, 384, 367, 346, 315, 293, 276, 242, 237, 211, 194, 157, 148, 110, 102, 72
728, 729, 699, 681, 664, 644, 624, 596, 573, 551, 539, 503, 499, 462, 455, 416, 406, 384, 367, 346, 315, 293, 276, 242, 237, 211, 194, 157, 148, 110, 102, 73
728, 729, 699, 681, 664, 644, 624, 596, 573, 551, 539, 503, 499, 461, 456, 417, 405, 383, 369, 343, 317, 295, 273, 244, 236, 213, 196, 154, 149, 131, 101, 75, 74
728, 729, 699, 681, 664, 644, 624, 596, 573, 551, 539, 503, 499, 461, 456, 417, 405, 383, 369, 343, 317, 295, 273, 244, 236, 213, 196, 154, 149, 131, 101, 75
728, 729, 699, 681, 664, 644, 624, 596, 573, 551, 539, 503, 499, 461, 456, 417, 405, 383, 369, 343, 317, 295, 273, 244, 236, 213, 196, 154, 149, 131, 99, 76
728, 698, 683, 665, 642, 641, 626, 598, 576, 553, 535, 520, 482, 458, 438, 421, 402, 380, 350, 340, 320, 297, 272, 247, 233, 216, 177, 173, 151, 129, 98, 77
728, 698, 683, 665, 642, 641, 626, 598, 576, 553, 535, 520, 482, 458, 438, 421, 402, 379, 351, 339, 322, 299, 270, 249, 232, 197, 178, 171, 153, 127, 97, 78
728, 698, 683, 665, 642, 641, 626, 598, 576, 553, 535, 520, 482, 458, 438, 421, 402, 379, 351, 339, 322, 299, 270, 249, 232, 197, 178, 171, 153, 126, 96, 79
728, 698, 683, 665, 642, 641, 626, 598, 576, 553, 535, 520, 482, 458, 438, 421, 402, 379, 351, 339, 322, 301, 269, 250, 231, 198, 180, 170, 133, 125, 95, 80
728, 698, 683, 665, 642, 641, 626, 598, 576, 553, 535, 520, 482, 458, 438, 421, 402, 379, 351, 339, 322, 301, 269, 250, 231, 198, 180, 170, 133, 125, 94, 81
728, 698, 683, 665, 642, 641, 626, 598, 576, 553, 535, 520, 482, 458, 438, 421, 402, 379, 351, 339, 322, 301, 269, 250, 231, 198, 180, 170, 133, 125, 94, 81, 82
728, 698, 683, 665, 642, 641, 626, 598, 576, 553, 535, 520, 482, 458, 438, 421, 402, 379, 351, 339, 322, 301, 269, 250, 231, 198, 180, 170, 133, 125, 94, 81, 82, 83
728, 698, 683, 665, 642, 641, 626, 598, 576, 553, 535, 520, 482, 458, 438, 421, 402, 379, 351, 339, 322, 301, 269, 250, 231, 198, 180, 170, 133, 125, 94, 81, 82, 83, 84
728, 698, 683, 665, 642, 641, 626, 598, 576, 553, 535, 520, 482, 458, 438, 421, 402, 379, 351, 339, 322, 301, 269, 268, 267, 252, 228, 200, 183, 167, 135, 123, 91, 85
728, 698, 683, 665, 642, 641, 626, 598, 576, 553, 535, 520, 482, 458, 438, 421, 402, 379, 351, 339, 322, 301, 269, 268, 267, 252, 228, 200, 183, 167, 135, 123, 91, 85, 86
728, 698, 683, 665, 642, 641, 626, 598, 576, 553, 535, 520, 482, 458, 438, 421, 402, 379, 351, 339, 322, 301, 269, 268, 267, 252, 228, 200, 183, 167, 135, 123, 91, 85, 86, 87
728, 698, 683, 665, 642, 641, 626, 598, 576, 553, 535, 520, 482, 458, 438, 421, 402, 379, 351, 339, 322, 301, 269, 268, 267, 252, 228, 200, 183, 167, 166, 136, 122, 89, 88
728, 698, 683, 665, 642, 641, 626, 598, 576, 553, 535, 520, 482, 458, 438, 421, 402, 379, 351, 339, 322, 301, 269, 268, 267, 252, 228, 200, 183, 167, 166, 136, 122, 89
728, 698, 683, 665, 642, 641, 626, 598, 576, 553, 535, 520, 482, 458, 438, 421, 402, 379, 351, 339, 322, 301, 269, 268, 267, 252, 228, 200, 183, 167, 135, 123, 91, 90
728, 698, 683, 665, 642, 641, 626, 598, 576, 553, 535, 520, 482, 458, 438, 421, 402, 379, 351, 339, 322, 301, 269, 268, 267, 252, 228, 200, 183, 167, 135, 123, 91
728, 698, 683, 665, 642, 641, 626, 598, 576, 553, 535, 520, 482, 458, 438, 421, 402, 379, 351, 339, 322, 301, 269, 250, 231, 198, 180, 170, 133, 125, 124, 92
728, 698, 683, 665, 642, 641, 626, 598, 576, 553, 535, 520, 482, 458, 438, 421, 402, 379, 351, 339, 322, 301, 269, 250, 231, 198, 180, 170, 133, 125, 124, 93
728, 698, 683, 665, 642, 641, 626, 598, 576, 553, 535, 520, 482, 458, 438, 421, 402, 379, 351, 339, 322, 301, 269, 250, 231, 198, 180, 170, 133, 125, 94
728, 698, 683, 665, 642, 641, 626, 598, 576, 553, 535, 520, 482, 458, 438, 421, 402, 379, 351, 339, 322, 301, 269, 250, 231, 198, 180, 170, 133, 125, 95
728, 698, 683, 665, 642, 641, 626, 598, 576, 553, 535, 520, 482, 458, 438, 421, 402, 379, 351, 339, 322, 299, 270, 249, 232, 197, 178, 171, 153, 126, 96
728, 698, 683, 665, 642, 641, 626, 598, 576, 553, 535, 520, 482, 458, 438, 421, 402, 379, 351, 339, 322, 299, 270, 249, 232, 197, 178, 171, 153, 127, 97
728, 698, 683, 665, 642, 641, 626, 598, 576, 553, 535, 520, 482, 458, 438, 421, 402, 380, 350, 340, 320, 297, 272, 247, 233, 216, 177, 173, 151, 129, 98
728, 729, 699, 681, 664, 644, 624, 596, 573, 551, 539, 503, 499, 461, 456, 417, 405, 383, 369, 343, 317, 295, 273, 244, 236, 213, 196, 154, 149, 131, 99
