793, 773, 741, 732, 701, 702, 703, 678, 661, 649, 621, 591, 570, 547, 543, 506, 495, 467, 450, 434, 411, 390, 364, 328, 311, 289, 280, 238, 221, 208, 191, 160, 143, 113, 104, 69, 47, 23, 0
793, 773, 741, 732, 701, 702, 703, 678, 661, 649, 621, 591, 570, 547, 543, 506, 495, 467, 450, 434, 411, 390, 364, 328, 311, 289, 280, 238, 221, 208, 191, 160, 143, 113, 104, 70, 48, 24, 1
793, 773, 741, 732, 701, 702, 703, 678, 661, 649, 621, 591, 570, 547, 543, 506, 495, 467, 450, 434, 411, 390, 364, 328, 311, 289, 280, 238, 221, 208, 191, 160, 143, 113, 104, 70, 48, 24, 2
793, 773, 741, 732, 701, 679, 663, 645, 623, 595, 572, 550, 540, 503, 499, 462, 455, 416, 406, 384, 367, 346, 315, 293, 276, 242, 237, 211, 194, 157, 148, 110, 102, 73, 49, 25, 3
793, 773, 741, 732, 701, 679, 663, 645, 623, 595, 572, 550, 540, 503, 499, 462, 455, 416, 406, 384, 367, 346, 315, 293, 276, 242, 237, 211, 194, 157, 148, 110, 102, 73, 50, 26, 4
793, 773, 741, 732, 701, 679, 663, 645, 623, 595, 572, 550, 540, 503, 499, 461, 456, 417, 405, 383, 369, 343, 317, 295, 273, 244, 236, 213, 196, 154, 149, 131, 101, 75, 52, 27, 5
793, 773, 741, 732, 701, 679, 663, 645, 623, 595, 572, 550, 540, 503, 499, 461, 456, 417, 405, 383, 369, 343, 317, 295, 273, 244, 235, 215, 175, 174, 150, 130, 98, 77, 53, 28, 6
793, 773, 741, 732, 701, 679, 663, 645, 623, 595, 572, 550, 540, 503, 499, 461, 456, 417, 405, 383, 369, 343, 317, 295, 273, 244, 235, 215, 175, 174, 150, 130, 98, 77, 53, 28, 29, 7
793, 775, 742, 730, 700, 681, 664, 644, 624, 596, 573, 552, 538, 501, 500, 459, 437, 421, 402, 379, 351, 339, 322, 301, 269, 250, 231, 198, 180, 170, 133, 125, 95, 80, 56, 32, 9, 8
793, 775, 742, 730, 700, 681, 664, 644, 624, 596, 573, 552, 538, 501, 500, 459, 437, 421, 402, 379, 351, 339, 322, 301, 269, 250, 231, 198, 180, 170, 133, 125, 95, 80, 56, 32, 9
793, 775, 742, 730, 700, 681, 664, 644, 624, 596, 573, 552, 538, 501, 500, 459, 437, 421, 402, 379, 351, 339, 322, 301, 269, 250, 231, 198, 180, 170, 133, 125, 94, 81, 57, 33, 10
793, 775, 742, 730, 700, 681, 664, 644, 624, 596, 573, 552, 538, 501, 500, 459, 437, 421, 402, 379, 351, 339, 322, 301, 269, 250, 231, 198, 180, 170, 133, 125, 94, 81, 57, 33, 10, 11
793, 775, 742, 730, 700, 681, 664, 644, 624, 596, 573, 552, 538, 501, 500, 459, 437, 421, 402, 379, 351, 339, 322, 301, 269, 250, 231, 198, 180, 170, 133, 125, 94, 81, 57, 33, 34, 12
793, 775, 742, 730, 700, 681, 664, 644, 624, 596, 573, 552, 538, 501, 500, 459, 437, 421, 402, 379, 351, 339, 322, 301, 269, 250, 231, 198, 180, 170, 133, 125, 94, 81, 57, 33, 34, 35, 36, 13
793, 775, 742, 730, 700, 681, 664, 644, 624, 596, 573, 552, 538, 501, 500, 459, 437, 421, 402, 379, 351, 339, 322, 301, 269, 268, 267, 252, 228, 200, 183, 167, 135, 123, 91, 85, 60, 37, 14
793, 792, 791, 790, 815, 851, 865, 884, 922, 931, 963, 973, 986, 1026, 1027, 1067, 1085, 1103, 1119, 1155, 1157, 1185, 1207, 1239, 1243, 1280, 1283, 1320, 1330, 1356, 1379, 1393, 1424, 1435, 1459, 1471, 1507, 1518, 1538, 15
793, 792, 791, 790, 815, 851, 865, 884, 922, 931, 963, 973, 986, 1026, 1027, 1067, 1085, 1103, 1119, 1155, 1157, 1185, 1207, 1239, 1243, 1280, 1283, 1320, 1330, 1357, 1378, 1391, 1422, 1434, 1461, 1469, 1487, 1517, 1537, 16
793, 792, 791, 790, 815, 851, 865, 884, 922, 931, 963, 973, 986, 1026, 1027, 1067, 1085, 1103, 1119, 1155, 1157, 1185, 1207, 1239, 1243, 1280, 1283, 1320, 1330, 1357, 1378, 1391, 1422, 1434, 1461, 1468, 1489, 1516, 1536, 17
793, 773, 741, 732, 701, 702, 703, 678, 661, 649, 621, 591, 570, 547, 543, 506, 495, 467, 450, 434, 411, 390, 364, 328, 311, 289, 280, 238, 221, 208, 191, 160, 142, 115, 107, 66, 45, 21, 18
793, 773, 741, 732, 701, 702, 703, 678, 661, 649, 621, 591, 570, 547, 543, 506, 495, 467, 450, 434, 411, 390, 364, 328, 311, 289, 280, 238, 221, 208, 191, 160, 142, 115, 107, 66, 46, 22, 19
793, 773, 741, 732, 701, 702, 703, 678, 661, 649, 621, 591, 570, 547, 543, 506, 495, 467, 450, 434, 411, 390, 364, 328, 311, 289, 280, 238, 221, 208, 191, 160, 143, 113, 104, 69, 47, 23, 20
793, 773, 741, 732, 701, 702, 703, 678, 661, 649, 621, 591, 570, 547, 543, 506, 495, 467, 450, 434, 411, 390, 364, 328, 311, 289, 280, 238, 221, 208, 191, 160, 142, 115, 107, 66, 45, 21
793, 773, 741, 732, 701, 702, 703, 678, 661, 649, 621, 591, 570, 547, 543, 506, 495, 467, 450, 434, 411, 390, 364, 328, 311, 289, 280, 238, 221, 208, 191, 160, 142, 115, 107, 66, 46, 22
793, 773, 741, 732, 701, 702, 703, 678, 661, 649, 621, 591, 570, 547, 543, 506, 495, 467, 450, 434, 411, 390, 364, 328, 311, 289, 280, 238, 221, 208, 191, 160, 143, 113, 104, 69, 47, 23
793, 773, 741, 732, 701, 702, 703, 678, 661, 649, 621, 591, 570, 547, 543, 506, 495, 467, 450, 434, 411, 390, 364, 328, 311, 289, 280, 238, 221, 208, 191, 160, 143, 113, 104, 70, 48, 24
793, 773, 741, 732, 701, 679, 663, 645, 623, 595, 572, 550, 540, 503, 499, 462, 455, 416, 406, 384, 367, 346, 315, 293, 276, 242, 237, 211, 194, 157, 148, 110, 102, 73, 49, 25
793, 773, 741, 732, 701, 679, 663, 645, 623, 595, 572, 550, 540, 503, 499, 462, 455, 416, 406, 384, 367, 346, 315, 293, 276, 242, 237, 211, 194, 157, 148, 110, 102, 73, 50, 26
793, 773, 741, 732, 701, 679, 663, 645, 623, 595, 572, 550, 540, 503, 499, 461, 456, 417, 405, 383, 369, 343, 317, 295, 273, 244, 236, 213, 196, 154, 149, 131, 101, 75, 52, 27
793, 773, 741, 732, 701, 679, 663, 645, 623, 595, 572, 550, 540, 503, 499, 461, 456, 417, 405, 383, 369, 343, 317, 295, 273, 244, 235, 215, 175, 174, 150, 130, 98, 77, 53, 28
793, 773, 741, 732, 701, 679, 663, 645, 623, 595, 572, 550, 540, 503, 499, 461, 456, 417, 405, 383, 369, 343, 317, 295, 273, 244, 235, 215, 175, 174, 150, 130, 98, 77, 53, 28, 29
793, 773, 741, 732, 701, 679, 663, 645, 623, 595, 572, 550, 540, 503, 499, 461, 456, 417, 405, 383, 369, 343, 317, 295, 273, 244, 235, 215, 175, 174, 150, 130, 98, 77, 53, 28, 29, 30
793, 775, 742, 730, 700, 681, 664, 644, 624, 596, 573, 552, 538, 501, 500, 459, 437, 421, 402, 379, 351, 339, 322, 299, 270, 249, 232, 197, 178, 171, 153, 126, 96, 79, 55, 31
793, 775, 742, 730, 700, 681, 664, 644, 624, 596, 573, 552, 538, 501, 500, 459, 437, 421, 402, 379, 351, 339, 322, 301, 269, 250, 231, 198, 180, 170, 133, 125, 95, 80, 56, 32
793, 775, 742, 730, 700, 681, 664, 644, 624, 596, 573, 552, 538, 501, 500, 459, 437, 421, 402, 379, 351, 339, 322, 301, 269, 250, 231, 198, 180, 170, 133, 125, 94, 81, 57, 33
793, 775, 742, 730, 700, 681, 664, 644, 624, 596, 573, 552, 538, 501, 500, 459, 437, 421, 402, 379, 351, 339, 322, 301, 269, 250, 231, 198, 180, 170, 133, 125, 94, 81, 57, 33, 34
793, 775, 742, 730, 700, 681, 664, 644, 624, 596, 573, 552, 538, 501, 500, 459, 437, 421, 402, 379, 351, 339, 322, 301, 269, 250, 231, 198, 180, 170, 133, 125, 94, 81, 57, 33, 34, 35
793, 775, 742, 730, 700, 681, 664, 644, 624, 596, 573, 552, 538, 501, 500, 459, 437, 421, 402, 379, 351, 339, 322, 301, 269, 250, 231, 198, 180, 170, 133, 125, 94, 81, 57, 33, 34, 35, 36
793, 775, 742, 730, 700, 681, 664, 644, 624, 596, 573, 552, 538, 501, 500, 459, 437, 421, 402, 379, 351, 339, 322, 301, 269, 268, 267, 252, 228, 200, 183, 167, 135, 123, 91, 85, 60, 37
793, 775, 742, 730, 700, 681, 664, 644, 624, 596, 573, 552, 538, 501, 500, 459, 437, 421, 402, 379, 351, 339, 322, 301, 269, 268, 267, 252, 228, 200, 183, 167, 135, 123, 91, 85, 60, 37, 38
793, 792, 791, 790, 815, 851, 865, 884, 922, 931, 963, 973, 986, 1026, 1027, 1067, 1085, 1103, 1119, 1155, 1157, 1185, 1207, 1239, 1243, 1280, 1283, 1320, 1330, 1357, 1378, 1391, 1422, 1434, 1461, 1469, 1487, 1517, 1537, 16, 39
793, 773, 741, 732, 701, 702, 703, 678, 661, 649, 621, 591, 570, 547, 543, 506, 495, 467, 450, 434, 411, 390, 364, 328, 311, 289, 280, 238, 221, 208, 190, 189, 161, 141, 116, 108, 65, 43, 41, 40
793, 773, 741, 732, 701, 702, 703, 678, 661, 649, 621, 591, 570, 547, 543, 506, 495, 467, 450, 434, 411, 390, 364, 328, 311, 289, 280, 238, 221, 208, 190, 189, 161, 141, 116, 108, 65, 43, 41
793, 773, 741, 732, 701, 702, 703, 678, 661, 649, 621, 591, 570, 547, 543, 506, 495, 467, 450, 434, 411, 390, 364, 328, 311, 289, 280, 238, 221, 208, 190, 189, 161, 140, 139, 117, 109, 63, 42
793, 773, 741, 732, 701, 702, 703, 678, 661, 649, 621, 591, 570, 547, 543, 506, 495, 467, 450, 434, 411, 390, 364, 328, 311, 289, 280, 238, 221, 208, 190, 189, 161, 141, 116, 108, 65, 43
793, 773, 741, 732, 701, 702, 703, 678, 661, 649, 621, 591, 570, 547, 543, 506, 495, 467, 450, 434, 411, 390, 364, 328, 311, 289, 280, 238, 221, 208, 191, 160, 142, 115, 107, 66, 44
793, 773, 741, 732, 701, 702, 703, 678, 661, 649, 621, 591, 570, 547, 543, 506, 495, 467, 450, 434, 411, 390, 364, 328, 311, 289, 280, 238, 221, 208, 191, 160, 142, 115, 107, 66, 45
793, 773, 741, 732, 701, 702, 703, 678, 661, 649, 621, 591, 570, 547, 543, 506, 495, 467, 450, 434, 411, 390, 364, 328, 311, 289, 280, 238, 221, 208, 191, 160, 142, 115, 107, 66, 46
793, 773, 741, 732, 701, 702, 703, 678, 661, 649, 621, 591, 570, 547, 543, 506, 495, 467, 450, 434, 411, 390, 364, 328, 311, 289, 280, 238, 221, 208, 191, 160, 143, 113, 104, 69, 47
793, 773, 741, 732, 701, 702, 703, 678, 661, 649, 621, 591, 570, 547, 543, 506, 495, 467, 450, 434, 411, 390, 364, 328, 311, 289, 280, 238, 221, 208, 191, 160, 143, 113, 104, 70, 48
793, 773, 741, 732, 701, 679, 663, 645, 623, 595, 572, 550, 540, 503, 499, 462, 455, 416, 406, 384, 367, 346, 315, 293, 276, 242, 237, 211, 194, 157, 148, 110, 102, 73, 49
793, 773, 741, 732, 701, 679, 663, 645, 623, 595, 572, 550, 540, 503, 499, 462, 455, 416, 406, 384, 367, 346, 315, 293, 276, 242, 237, 211, 194, 157, 148, 110, 102, 73, 50
793, 773, 741, 732, 701, 679, 663, 645, 623, 595, 572, 550, 540, 503, 499, 461, 456, 417, 405, 383, 369, 343, 317, 295, 273, 244, 236, 213, 196, 154, 149, 131, 101, 75, 51
793, 773, 741, 732, 701, 679, 663, 645, 623, 595, 572, 550, 540, 503, 499, 461, 456, 417, 405, 383, 369, 343, 317, 295, 273, 244, 236, 213, 196, 154, 149, 131, 101, 75, 52
793, 773, 741, 732, 701, 679, 663, 645, 623, 595, 572, 550, 540, 503, 499, 461, 456, 417, 405, 383, 369, 343, 317, 295, 273, 244, 235, 215, 175, 174, 150, 130, 98, 77, 53
793, 773, 741, 732, 701, 679, 663, 645, 623, 595, 572, 550, 540, 503, 499, 461, 456, 417, 405, 383, 369, 343, 317, 295, 273, 244, 235, 215, 175, 174, 150, 130, 98, 77, 53, 54
793, 775, 742, 730, 700, 681, 664, 644, 624, 596, 573, 552, 538, 501, 500, 459, 437, 421, 402, 379, 351, 339, 322, 299, 270, 249, 232, 197, 178, 171, 153, 126, 96, 79, 55
793, 775, 742, 730, 700, 681, 664, 644, 624, 596, 573, 552, 538, 501, 500, 459, 437, 421, 402, 379, 351, 339, 322, 301, 269, 250, 231, 198, 180, 170, 133, 125, 95, 80, 56
793, 775, 742, 730, 700, 681, 664, 644, 624, 596, 573, 552, 538, 501, 500, 459, 437, 421, 402, 379, 351, 339, 322, 301, 269, 250, 231, 198, 180, 170, 133, 125, 94, 81, 57
793, 775, 742, 730, 700, 681, 664, 644, 624, 596, 573, 552, 538, 501, 500, 459, 437, 421, 402, 379, 351, 339, 322, 301, 269, 250, 231, 198, 180, 170, 133, 125, 94, 81, 57, 58
793, 775, 742, 730, 700, 681, 664, 644, 624, 596, 573, 552, 538, 501, 500, 459, 437, 421, 402, 379, 351, 339, 322, 301, 269, 250, 231, 198, 180, 170, 133, 125, 94, 81, 57, 58, 59
793, 775, 742, 730, 700, 681, 664, 644, 624, 596, 573, 552, 538, 501, 500, 459, 437, 421, 402, 379, 351, 339, 322, 301, 269, 268, 267, 252, 228, 200, 183, 167, 135, 123, 91, 85, 60
793, 775, 742, 730, 700, 681, 664, 644, 624, 596, 573, 552, 538, 501, 500, 459, 437, 421, 402, 379, 351, 339, 322, 301, 269, 268, 267, 252, 228, 200, 183, 167, 135, 123, 91, 85, 61
793, 775, 742, 730, 700, 681, 664, 644, 624, 596, 573, 552, 538, 501, 500, 459, 437, 421, 402, 379, 351, 339, 322, 301, 269, 268, 267, 252, 228, 200, 183, 167, 135, 123, 91, 85, 61, 62
793, 773, 741, 732, 701, 702, 703, 678, 661, 649, 621, 591, 570, 547, 543, 506, 495, 467, 450, 434, 411, 390, 364, 328, 311, 289, 280, 238, 221, 208, 190, 189, 161, 140, 139, 117, 109, 63
793, 773, 741, 732, 701, 702, 703, 678, 661, 649, 621, 591, 570, 547, 543, 506, 495, 467, 450, 434, 411, 390, 364, 328, 311, 289, 280, 238, 221, 208, 190, 189, 161, 140, 139, 117, 109, 64
793, 773, 741, 732, 701, 702, 703, 678, 661, 649, 621, 591, 570, 547, 543, 506, 495, 467, 450, 434, 411, 390, 364, 328, 311, 289, 280, 238, 221, 208, 190, 189, 161, 141, 116, 108, 65
793, 773, 741, 732, 701, 702, 703, 678, 661, 649, 621, 591, 570, 547, 543, 506, 495, 467, 450, 434, 411, 390, 364, 328, 311, 289, 280, 238, 221, 208, 191, 160, 142, 115, 107, 66
793, 773, 741, 732, 701, 702, 703, 678, 661, 649, 621, 591, 570, 547, 543, 506, 495, 467, 450, 434, 411, 390, 364, 328, 311, 289, 280, 238, 221, 208, 191, 160, 143, 114, 105, 67
793, 773, 741, 732, 701, 702, 703, 678, 661, 649, 621, 591, 570, 547, 543, 506, 495, 467, 450, 434, 411, 390, 364, 328, 311, 289, 280, 238, 221, 208, 191, 160, 143, 114, 105, 68
793, 773, 741, 732, 701, 702, 703, 678, 661, 649, 621, 591, 570, 547, 543, 506, 495, 467, 450, 434, 411, 390, 364, 328, 311, 289, 280, 238, 221, 208, 191, 160, 143, 113, 104, 69
793, 773, 741, 732, 701, 702, 703, 678, 661, 649, 621, 591, 570, 547, 543, 506, 495, 467, 450, 434, 411, 390, 364, 328, 311, 289, 280, 238, 221, 208, 191, 160, 143, 113, 104, 70
793, 773, 741, 732, 701, 679, 663, 645, 623, 595, 572, 550, 540, 503, 499, 462, 455, 416, 406, 384, 367, 346, 315, 292, 277, 241, 217, 210, 193, 158, 144, 111, 103, 71
793, 773, 741, 732, 701, 679, 663, 645, 623, 595, 572, 550, 540, 503, 499, 462, 455, 416, 406, 384, 367, 346, 315, 293, 276, 242, 237, 211, 194, 157, 148, 110, 102, 72
793, 773, 741, 732, 701, 679, 663, 645, 623, 595, 572, 550, 540, 503, 499, 462, 455, 416, 406, 384, 367, 346, 315, 293, 276, 242, 237, 211, 194, 157, 148, 110, 102, 73
793, 773, 741, 732, 701, 679, 663, 645, 623, 595, 572, 550, 540, 503, 499, 461, 456, 417, 405, 383, 369, 343, 317, 295, 273, 244, 236, 213, 196, 154, 149, 131, 101, 75, 74
793, 773, 741, 732, 701, 679, 663, 645, 623, 595, 572, 550, 540, 503, 499, 461, 456, 417, 405, 383, 369, 343, 317, 295, 273, 244, 236, 213, 196, 154, 149, 131, 101, 75
793, 773, 741, 732, 701, 679, 663, 645, 623, 595, 572, 550, 540, 503, 499, 461, 456, 417, 405, 383, 369, 343, 317, 295, 273, 244, 236, 213, 196, 154, 149, 131, 99, 76
793, 773, 741, 732, 701, 679, 663, 645, 623, 595, 572, 550, 540, 503, 499, 461, 456, 417, 405, 383, 369, 343, 317, 295, 273, 244, 235, 215, 175, 174, 150, 130, 98, 77
793, 775, 742, 730, 700, 681, 664, 644, 624, 596, 573, 552, 538, 501, 500, 459, 437, 421, 402, 379, 351, 339, 322, 299, 270, 249, 232, 197, 178, 171, 153, 127, 97, 78
793, 775, 742, 730, 700, 681, 664, 644, 624, 596, 573, 552, 538, 501, 500, 459, 437, 421, 402, 379, 351, 339, 322, 299, 270, 249, 232, 197, 178, 171, 153, 126, 96, 79
793, 775, 742, 730, 700, 681, 664, 644, 624, 596, 573, 552, 538, 501, 500, 459, 437, 421, 402, 379, 351, 339, 322, 301, 269, 250, 231, 198, 180, 170, 133, 125, 95, 80
793, 775, 742, 730, 700, 681, 664, 644, 624, 596, 573, 552, 538, 501, 500, 459, 437, 421, 402, 379, 351, 339, 322, 301, 269, 250, 231, 198, 180, 170, 133, 125, 94, 81
793, 775, 742, 730, 700, 681, 664, 644, 624, 596, 573, 552, 538, 501, 500, 459, 437, 421, 402, 379, 351, 339, 322, 301, 269, 250, 231, 198, 180, 170, 133, 125, 94, 81, 82
793, 775, 742, 730, 700, 681, 664, 644, 624, 596, 573, 552, 538, 501, 500, 459, 437, 421, 402, 379, 351, 339, 322, 301, 269, 250, 231, 198, 180, 170, 133, 125, 94, 81, 82, 83
793, 775, 742, 730, 700, 681, 664, 644, 624, 596, 573, 552, 538, 501, 500, 459, 437, 421, 402, 379, 351, 339, 322, 301, 269, 250, 231, 198, 180, 170, 133, 125, 94, 81, 82, 83, 84
793, 775, 742, 730, 700, 681, 664, 644, 624, 596, 573, 552, 538, 501, 500, 459, 437, 421, 402, 379, 351, 339, 322, 301, 269, 268, 267, 252, 228, 200, 183, 167, 135, 123, 91, 85
793, 775, 742, 730, 700, 681, 664, 644, 624, 596, 573, 552, 538, 501, 500, 459, 437, 421, 402, 379, 351, 339, 322, 301, 269, 268, 267, 252, 228, 200, 183, 167, 135, 123, 91, 85, 86
793, 773, 741, 732, 701, 702, 703, 678, 661, 649, 621, 591, 570, 547, 543, 506, 495, 467, 450, 434, 411, 412, 391, 362, 329, 310, 287, 260, 261, 257, 256, 225, 204, 186, 164, 138, 119, 88, 87
793, 773, 741, 732, 701, 702, 703, 678, 661, 649, 621, 591, 570, 547, 543, 506, 495, 467, 450, 434, 411, 412, 391, 362, 329, 310, 287, 260, 261, 257, 256, 225, 204, 186, 164, 138, 119, 88
793, 775, 742, 730, 700, 681, 664, 644, 624, 596, 573, 552, 538, 501, 500, 459, 437, 421, 402, 379, 351, 339, 322, 301, 269, 268, 267, 252, 228, 200, 183, 167, 166, 136, 122, 89
793, 775, 742, 730, 700, 681, 664, 644, 624, 596, 573, 552, 538, 501, 500, 459, 437, 421, 402, 379, 351, 339, 322, 301, 269, 268, 267, 252, 228, 200, 183, 167, 135, 123, 91, 90
793, 775, 742, 730, 700, 681, 664, 644, 624, 596, 573, 552, 538, 501, 500, 459, 437, 421, 402, 379, 351, 339, 322, 301, 269, 268, 267, 252, 228, 200, 183, 167, 135, 123, 91
793, 775, 742, 730, 700, 681, 664, 644, 624, 596, 573, 552, 538, 501, 500, 459, 437, 421, 402, 379, 351, 339, 322, 301, 269, 250, 231, 198, 180, 170, 133, 125, 124, 92
793, 775, 742, 730, 700, 681, 664, 644, 624, 596, 573, 552, 538, 501, 500, 459, 437, 421, 402, 379, 351, 339, 322, 301, 269, 250, 231, 198, 180, 170, 133, 125, 124, 93
793, 775, 742, 730, 700, 681, 664, 644, 624, 596, 573, 552, 538, 501, 500, 459, 437, 421, 402, 379, 351, 339, 322, 301, 269, 250, 231, 198, 180, 170, 133, 125, 94
793, 775, 742, 730, 700, 681, 664, 644, 624, 596, 573, 552, 538, 501, 500, 459, 437, 421, 402, 379, 351, 339, 322, 301, 269, 250, 231, 198, 180, 170, 133, 125, 95
793, 775, 742, 730, 700, 681, 664, 644, 624, 596, 573, 552, 538, 501, 500, 459, 437, 421, 402, 379, 351, 339, 322, 299, 270, 249, 232, 197, 178, 171, 153, 126, 96
793, 775, 742, 730, 700, 681, 664, 644, 624, 596, 573, 552, 538, 501, 500, 459, 437, 421, 402, 379, 351, 339, 322, 299, 270, 249, 232, 197, 178, 171, 153, 127, 97
793, 773, 741, 732, 701, 679, 663, 645, 623, 595, 572, 550, 540, 503, 499, 461, 456, 417, 405, 383, 369, 343, 317, 295, 273, 244, 235, 215, 175, 174, 150, 130, 98
793, 773, 741, 732, 701, 679, 663, 645, 623, 595, 572, 550, 540, 503, 499, 461, 456, 417, 405, 383, 369, 343, 317, 295, 273, 244, 236, 213, 196, 154, 149, 131, 99
