738, 735, 704, 677, 660, 649, 621, 591, 570, 547, 543, 506, 495, 467, 450, 434, 411, 390, 364, 328, 311, 289, 280, 238, 221, 208, 191, 160, 143, 113, 104, 69, 47, 23, 0
738, 735, 704, 677, 660, 649, 621, 591, 570, 547, 543, 506, 495, 467, 450, 434, 411, 390, 364, 328, 311, 289, 280, 238, 221, 208, 191, 160, 143, 113, 104, 70, 48, 24, 1
738, 735, 704, 677, 660, 649, 621, 591, 570, 547, 543, 506, 495, 467, 450, 434, 411, 390, 364, 328, 311, 289, 280, 238, 221, 208, 191, 160, 143, 113, 104, 70, 48, 24, 2
738, 735, 704, 677, 660, 649, 621, 591, 570, 547, 543, 506, 495, 467, 450, 434, 411, 390, 364, 328, 311, 289, 280, 238, 221, 208, 191, 160, 143, 113, 104, 70, 48, 24, 2, 3
738, 735, 704, 677, 660, 649, 648, 622, 593, 571, 549, 541, 504, 497, 496, 465, 454, 415, 407, 385, 366, 346, 315, 293, 276, 242, 237, 211, 194, 157, 148, 110, 102, 73, 50, 26, 4
738, 735, 704, 677, 660, 649, 648, 622, 593, 571, 549, 550, 540, 503, 499, 461, 456, 417, 405, 383, 369, 343, 317, 295, 273, 244, 236, 213, 196, 154, 149, 131, 101, 75, 52, 27, 5
738, 735, 704, 677, 660, 649, 648, 622, 593, 571, 549, 550, 540, 503, 499, 461, 456, 417, 405, 383, 369, 343, 317, 295, 273, 244, 235, 215, 175, 174, 150, 130, 98, 77, 53, 28, 6
738, 735, 704, 677, 660, 649, 648, 622, 593, 571, 549, 550, 540, 503, 499, 461, 456, 417, 405, 383, 369, 343, 317, 295, 273, 244, 235, 215, 175, 174, 150, 130, 98, 77, 53, 28, 29, 7
738, 735, 704, 677, 660, 649, 648, 622, 593, 571, 549, 550, 540, 503, 499, 461, 456, 417, 405, 383, 369, 343, 317, 295, 273, 244, 235, 215, 175, 176, 173, 172, 152, 127, 97, 79, 55, 31, 8
738, 739, 740, 733, 702, 679, 663, 645, 644, 624, 596, 573, 552, 538, 501, 500, 459, 437, 421, 402, 379, 351, 339, 322, 301, 269, 250, 231, 198, 180, 170, 133, 125, 95, 80, 56, 32, 9
738, 739, 740, 733, 702, 679, 663, 645, 644, 624, 596, 573, 552, 538, 501, 500, 459, 437, 421, 402, 379, 351, 339, 322, 301, 269, 250, 231, 198, 180, 170, 133, 125, 94, 81, 57, 33, 10
738, 739, 740, 733, 702, 679, 663, 645, 644, 624, 596, 573, 552, 538, 501, 500, 459, 437, 421, 402, 379, 351, 339, 322, 301, 269, 250, 231, 198, 180, 170, 133, 125, 94, 81, 57, 33, 10, 11
738, 739, 740, 733, 702, 679, 663, 645, 644, 624, 596, 573, 552, 538, 501, 500, 459, 437, 421, 402, 379, 351, 339, 322, 301, 269, 250, 231, 198, 180, 170, 133, 125, 94, 81, 57, 33, 34, 12
738, 770, 788, 817, 852, 866, 884, 922, 931, 963, 973, 986, 1026, 1027, 1067, 1085, 1103, 1119, 1155, 1157, 1185, 1207, 1239, 1243, 1280, 1283, 1320, 1330, 1356, 1379, 1393, 1424, 1435, 1459, 1471, 1472, 1506, 1521, 1540, 13
738, 770, 788, 817, 852, 866, 884, 922, 931, 963, 973, 986, 1026, 1027, 1067, 1085, 1103, 1119, 1155, 1157, 1185, 1207, 1239, 1243, 1280, 1283, 1320, 1330, 1356, 1379, 1393, 1424, 1435, 1459, 1471, 1472, 1506, 1521, 1540, 14
738, 770, 788, 817, 852, 866, 884, 922, 931, 963, 973, 986, 1026, 1027, 1067, 1085, 1103, 1119, 1155, 1157, 1185, 1207, 1239, 1243, 1280, 1283, 1320, 1330, 1356, 1379, 1393, 1424, 1435, 1459, 1471, 1507, 1518, 1538, 15
738, 770, 788, 817, 852, 866, 884, 922, 931, 963, 973, 986, 1026, 1027, 1067, 1085, 1103, 1119, 1155, 1157, 1185, 1207, 1239, 1243, 1280, 1283, 1320, 1330, 1357, 1378, 1391, 1422, 1434, 1461, 1469, 1487, 1517, 1537, 16
738, 735, 704, 677, 660, 649, 621, 591, 570, 547, 543, 506, 495, 467, 450, 434, 411, 390, 364, 328, 311, 289, 280, 238, 221, 208, 190, 189, 161, 141, 116, 108, 65, 43, 41, 17
738, 735, 704, 677, 660, 649, 621, 591, 570, 547, 543, 506, 495, 467, 450, 434, 411, 390, 364, 328, 311, 289, 280, 238, 221, 208, 191, 160, 142, 115, 107, 66, 45, 21, 18
738, 735, 704, 677, 660, 649, 621, 591, 570, 547, 543, 506, 495, 467, 450, 434, 411, 390, 364, 328, 311, 289, 280, 238, 221, 208, 191, 160, 142, 115, 107, 66, 46, 22, 19
738, 735, 704, 677, 660, 649, 621, 591, 570, 547, 543, 506, 495, 467, 450, 434, 411, 390, 364, 328, 311, 289, 280, 238, 221, 208, 191, 160, 143, 113, 104, 69, 47, 23, 20
738, 735, 704, 677, 660, 649, 621, 591, 570, 547, 543, 506, 495, 467, 450, 434, 411, 390, 364, 328, 311, 289, 280, 238, 221, 208, 191, 160, 142, 115, 107, 66, 45, 21
738, 735, 704, 677, 660, 649, 621, 591, 570, 547, 543, 506, 495, 467, 450, 434, 411, 390, 364, 328, 311, 289, 280, 238, 221, 208, 191, 160, 142, 115, 107, 66, 46, 22
738, 735, 704, 677, 660, 649, 621, 591, 570, 547, 543, 506, 495, 467, 450, 434, 411, 390, 364, 328, 311, 289, 280, 238, 221, 208, 191, 160, 143, 113, 104, 69, 47, 23
738, 735, 704, 677, 660, 649, 621, 591, 570, 547, 543, 506, 495, 467, 450, 434, 411, 390, 364, 328, 311, 289, 280, 238, 221, 208, 191, 160, 143, 113, 104, 70, 48, 24
738, 735, 704, 677, 660, 649, 621, 591, 570, 547, 543, 506, 495, 467, 450, 434, 411, 390, 364, 328, 311, 289, 280, 238, 221, 208, 191, 160, 143, 113, 104, 70, 48, 24, 25
738, 735, 704, 677, 660, 649, 648, 622, 593, 571, 549, 541, 504, 497, 496, 465, 454, 415, 407, 385, 366, 346, 315, 293, 276, 242, 237, 211, 194, 157, 148, 110, 102, 73, 50, 26
738, 735, 704, 677, 660, 649, 648, 622, 593, 571, 549, 550, 540, 503, 499, 461, 456, 417, 405, 383, 369, 343, 317, 295, 273, 244, 236, 213, 196, 154, 149, 131, 101, 75, 52, 27
738, 735, 704, 677, 660, 649, 648, 622, 593, 571, 549, 550, 540, 503, 499, 461, 456, 417, 405, 383, 369, 343, 317, 295, 273, 244, 235, 215, 175, 174, 150, 130, 98, 77, 53, 28
738, 735, 704, 677, 660, 649, 648, 622, 593, 571, 549, 550, 540, 503, 499, 461, 456, 417, 405, 383, 369, 343, 317, 295, 273, 244, 235, 215, 175, 174, 150, 130, 98, 77, 53, 28, 29
738, 735, 704, 677, 660, 649, 648, 622, 593, 571, 549, 550, 540, 503, 499, 461, 456, 417, 405, 383, 369, 343, 317, 295, 273, 244, 235, 215, 175, 174, 150, 130, 98, 77, 53, 28, 29, 30
738, 735, 704, 677, 660, 649, 648, 622, 593, 571, 549, 550, 540, 503, 499, 461, 456, 417, 405, 383, 369, 343, 317, 295, 273, 244, 235, 215, 175, 176, 173, 172, 152, 127, 97, 79, 55, 31
738, 739, 740, 733, 702, 679, 663, 645, 644, 624, 596, 573, 552, 538, 501, 500, 459, 437, 421, 402, 379, 351, 339, 322, 301, 269, 250, 231, 198, 180, 170, 133, 125, 95, 80, 56, 32
738, 739, 740, 733, 702, 679, 663, 645, 644, 624, 596, 573, 552, 538, 501, 500, 459, 437, 421, 402, 379, 351, 339, 322, 301, 269, 250, 231, 198, 180, 170, 133, 125, 94, 81, 57, 33
738, 739, 740, 733, 702, 679, 663, 645, 644, 624, 596, 573, 552, 538, 501, 500, 459, 437, 421, 402, 379, 351, 339, 322, 301, 269, 250, 231, 198, 180, 170, 133, 125, 94, 81, 57, 33, 34
738, 739, 740, 733, 702, 679, 663, 645, 644, 624, 596, 573, 552, 538, 501, 500, 459, 437, 421, 402, 379, 351, 339, 322, 301, 269, 250, 231, 198, 180, 170, 133, 125, 94, 81, 57, 33, 34, 35
738, 770, 788, 817, 852, 866, 884, 922, 931, 963, 973, 986, 1026, 1027, 1067, 1085, 1103, 1119, 1155, 1157, 1185, 1207, 1239, 1243, 1280, 1283, 1320, 1330, 1356, 1379, 1393, 1424, 1435, 1459, 1471, 1472, 1506, 1521, 1540, 13, 36
738, 770, 788, 817, 852, 866, 884, 922, 931, 963, 973, 986, 1026, 1027, 1067, 1085, 1103, 1119, 1155, 1157, 1185, 1207, 1239, 1243, 1280, 1283, 1320, 1330, 1356, 1379, 1393, 1424, 1435, 1459, 1471, 1472, 1506, 1521, 1540, 14, 37
738, 735, 704, 677, 660, 649, 621, 591, 570, 547, 543, 506, 495, 467, 450, 434, 411, 412, 391, 362, 329, 310, 287, 260, 261, 257, 256, 225, 204, 186, 164, 138, 119, 88, 87, 62, 38
738, 735, 704, 677, 660, 649, 621, 591, 570, 547, 543, 506, 495, 467, 450, 434, 411, 390, 364, 328, 311, 289, 280, 238, 221, 208, 190, 189, 161, 140, 139, 117, 109, 63, 42, 39
738, 735, 704, 677, 660, 649, 621, 591, 570, 547, 543, 506, 495, 467, 450, 434, 411, 390, 364, 328, 311, 289, 280, 238, 221, 208, 190, 189, 161, 141, 116, 108, 65, 43, 41, 40
738, 735, 704, 677, 660, 649, 621, 591, 570, 547, 543, 506, 495, 467, 450, 434, 411, 390, 364, 328, 311, 289, 280, 238, 221, 208, 190, 189, 161, 141, 116, 108, 65, 43, 41
738, 735, 704, 677, 660, 649, 621, 591, 570, 547, 543, 506, 495, 467, 450, 434, 411, 390, 364, 328, 311, 289, 280, 238, 221, 208, 190, 189, 161, 140, 139, 117, 109, 63, 42
738, 735, 704, 677, 660, 649, 621, 591, 570, 547, 543, 506, 495, 467, 450, 434, 411, 390, 364, 328, 311, 289, 280, 238, 221, 208, 190, 189, 161, 141, 116, 108, 65, 43
738, 735, 704, 677, 660, 649, 621, 591, 570, 547, 543, 506, 495, 467, 450, 434, 411, 390, 364, 328, 311, 289, 280, 238, 221, 208, 191, 160, 142, 115, 107, 66, 44
738, 735, 704, 677, 660, 649, 621, 591, 570, 547, 543, 506, 495, 467, 450, 434, 411, 390, 364, 328, 311, 289, 280, 238, 221, 208, 191, 160, 142, 115, 107, 66, 45
738, 735, 704, 677, 660, 649, 621, 591, 570, 547, 543, 506, 495, 467, 450, 434, 411, 390, 364, 328, 311, 289, 280, 238, 221, 208, 191, 160, 142, 115, 107, 66, 46
738, 735, 704, 677, 660, 649, 621, 591, 570, 547, 543, 506, 495, 467, 450, 434, 411, 390, 364, 328, 311, 289, 280, 238, 221, 208, 191, 160, 143, 113, 104, 69, 47
738, 735, 704, 677, 660, 649, 621, 591, 570, 547, 543, 506, 495, 467, 450, 434, 411, 390, 364, 328, 311, 289, 280, 238, 221, 208, 191, 160, 143, 113, 104, 70, 48
738, 735, 704, 677, 660, 649, 648, 622, 593, 571, 549, 541, 504, 497, 496, 465, 454, 415, 407, 385, 366, 346, 315, 293, 276, 242, 237, 211, 194, 157, 148, 110, 102, 73, 49
738, 735, 704, 677, 660, 649, 648, 622, 593, 571, 549, 541, 504, 497, 496, 465, 454, 415, 407, 385, 366, 346, 315, 293, 276, 242, 237, 211, 194, 157, 148, 110, 102, 73, 50
738, 735, 704, 677, 660, 649, 648, 622, 593, 571, 549, 550, 540, 503, 499, 461, 456, 417, 405, 383, 369, 343, 317, 295, 273, 244, 236, 213, 196, 154, 149, 131, 101, 75, 51
738, 735, 704, 677, 660, 649, 648, 622, 593, 571, 549, 550, 540, 503, 499, 461, 456, 417, 405, 383, 369, 343, 317, 295, 273, 244, 236, 213, 196, 154, 149, 131, 101, 75, 52
738, 735, 704, 677, 660, 649, 648, 622, 593, 571, 549, 550, 540, 503, 499, 461, 456, 417, 405, 383, 369, 343, 317, 295, 273, 244, 235, 215, 175, 174, 150, 130, 98, 77, 53
738, 735, 704, 677, 660, 649, 648, 622, 593, 571, 549, 550, 540, 503, 499, 461, 456, 417, 405, 383, 369, 343, 317, 295, 273, 244, 235, 215, 175, 174, 150, 130, 98, 77, 53, 54
738, 735, 704, 677, 660, 649, 648, 622, 593, 571, 549, 550, 540, 503, 499, 461, 456, 417, 405, 383, 369, 343, 317, 295, 273, 244, 235, 215, 175, 176, 173, 172, 152, 127, 97, 79, 55
738, 739, 740, 733, 702, 679, 663, 645, 644, 624, 596, 573, 552, 538, 501, 500, 459, 437, 421, 402, 379, 351, 339, 322, 301, 269, 250, 231, 198, 180, 170, 133, 125, 95, 80, 56
738, 739, 740, 733, 702, 679, 663, 645, 644, 624, 596, 573, 552, 538, 501, 500, 459, 437, 421, 402, 379, 351, 339, 322, 301, 269, 250, 231, 198, 180, 170, 133, 125, 94, 81, 57
738, 739, 740, 733, 702, 679, 663, 645, 644, 624, 596, 573, 552, 538, 501, 500, 459, 437, 421, 402, 379, 351, 339, 322, 301, 269, 250, 231, 198, 180, 170, 133, 125, 94, 81, 57, 58
738, 770, 788, 817, 852, 866, 884, 922, 931, 963, 973, 986, 1026, 1027, 1067, 1085, 1103, 1119, 1155, 1157, 1185, 1207, 1239, 1243, 1280, 1283, 1320, 1330, 1356, 1379, 1393, 1424, 1435, 1459, 1471, 1472, 1506, 1521, 1540, 14, 37, 59
738, 770, 788, 817, 852, 866, 884, 922, 931, 963, 973, 986, 1026, 1027, 1067, 1085, 1103, 1119, 1155, 1157, 1185, 1207, 1239, 1243, 1280, 1283, 1320, 1330, 1356, 1379, 1393, 1424, 1435, 1459, 1471, 1472, 1506, 1521, 1540, 14, 37, 60
738, 770, 788, 817, 852, 866, 884, 922, 931, 963, 973, 986, 1026, 1027, 1067, 1085, 1103, 1119, 1155, 1157, 1185, 1207, 1239, 1243, 1280, 1283, 1320, 1330, 1356, 1379, 1393, 1424, 1435, 1459, 1471, 1472, 1506, 1521, 1540, 14, 37, 61
738, 735, 704, 677, 660, 649, 621, 591, 570, 547, 543, 506, 495, 467, 450, 434, 411, 412, 391, 362, 329, 310, 287, 260, 261, 257, 256, 225, 204, 186, 164, 138, 119, 88, 87, 62
738, 735, 704, 677, 660, 649, 621, 591, 570, 547, 543, 506, 495, 467, 450, 434, 411, 390, 364, 328, 311, 289, 280, 238, 221, 208, 190, 189, 161, 140, 139, 117, 109, 63
738, 735, 704, 677, 660, 649, 621, 591, 570, 547, 543, 506, 495, 467, 450, 434, 411, 390, 364, 328, 311, 289, 280, 238, 221, 208, 190, 189, 161, 140, 139, 117, 109, 64
738, 735, 704, 677, 660, 649, 621, 591, 570, 547, 543, 506, 495, 467, 450, 434, 411, 390, 364, 328, 311, 289, 280, 238, 221, 208, 190, 189, 161, 141, 116, 108, 65
738, 735, 704, 677, 660, 649, 621, 591, 570, 547, 543, 506, 495, 467, 450, 434, 411, 390, 364, 328, 311, 289, 280, 238, 221, 208, 191, 160, 142, 115, 107, 66
738, 735, 704, 677, 660, 649, 621, 591, 570, 547, 543, 506, 495, 467, 450, 434, 411, 390, 364, 328, 311, 289, 280, 238, 221, 208, 191, 160, 143, 114, 105, 67
738, 735, 704, 677, 660, 649, 621, 591, 570, 547, 543, 506, 495, 467, 450, 434, 411, 390, 364, 328, 311, 289, 280, 238, 221, 208, 191, 160, 143, 114, 105, 68
738, 735, 704, 677, 660, 649, 621, 591, 570, 547, 543, 506, 495, 467, 450, 434, 411, 390, 364, 328, 311, 289, 280, 238, 221, 208, 191, 160, 143, 113, 104, 69
738, 735, 704, 677, 660, 649, 621, 591, 570, 547, 543, 506, 495, 467, 450, 434, 411, 390, 364, 328, 311, 289, 280, 238, 221, 208, 191, 160, 143, 113, 104, 70
738, 735, 704, 677, 660, 649, 621, 591, 570, 547, 543, 506, 495, 467, 450, 434, 411, 390, 364, 328, 311, 289, 280, 238, 221, 208, 191, 160, 143, 113, 104, 70, 71
738, 735, 704, 677, 660, 649, 648, 622, 593, 571, 549, 541, 504, 497, 496, 465, 454, 415, 407, 385, 366, 346, 315, 293, 276, 242, 237, 211, 194, 157, 148, 110, 102, 72
738, 735, 704, 677, 660, 649, 648, 622, 593, 571, 549, 541, 504, 497, 496, 465, 454, 415, 407, 385, 366, 346, 315, 293, 276, 242, 237, 211, 194, 157, 148, 110, 102, 73
738, 735, 704, 677, 660, 649, 648, 622, 593, 571, 549, 550, 540, 503, 499, 461, 456, 417, 405, 383, 369, 343, 317, 295, 273, 244, 236, 213, 196, 154, 149, 131, 101, 75, 74
738, 735, 704, 677, 660, 649, 648, 622, 593, 571, 549, 550, 540, 503, 499, 461, 456, 417, 405, 383, 369, 343, 317, 295, 273, 244, 236, 213, 196, 154, 149, 131, 101, 75
738, 735, 704, 677, 660, 649, 648, 622, 593, 571, 549, 550, 540, 503, 499, 461, 456, 417, 405, 383, 369, 343, 317, 295, 273, 244, 236, 213, 196, 154, 149, 131, 99, 76
738, 735, 704, 677, 660, 649, 648, 622, 593, 571, 549, 550, 540, 503, 499, 461, 456, 417, 405, 383, 369, 343, 317, 295, 273, 244, 235, 215, 175, 174, 150, 130, 98, 77
738, 735, 704, 677, 660, 649, 648, 622, 593, 571, 549, 550, 540, 503, 499, 461, 456, 417, 405, 383, 369, 343, 317, 295, 273, 244, 235, 215, 175, 176, 173, 172, 152, 127, 97, 78
738, 735, 704, 677, 660, 649, 648, 622, 593, 571, 549, 550, 540, 503, 499, 461, 456, 417, 405, 383, 369, 343, 317, 295, 273, 244, 235, 215, 175, 176, 173, 172, 152, 127, 97, 79
738, 739, 740, 733, 702, 679, 663, 645, 644, 624, 596, 573, 552, 538, 501, 500, 459, 437, 421, 402, 379, 351, 339, 322, 301, 269, 250, 231, 198, 180, 170, 133, 125, 95, 80
738, 739, 740, 733, 702, 679, 663, 645, 644, 624, 596, 573, 552, 538, 501, 500, 459, 437, 421, 402, 379, 351, 339, 322, 301, 269, 250, 231, 198, 180, 170, 133, 125, 94, 81
738, 739, 740, 733, 702, 679, 663, 645, 644, 624, 596, 573, 552, 538, 501, 500, 459, 437, 421, 402, 379, 351, 339, 322, 301, 269, 250, 231, 198, 180, 170, 133, 125, 94, 81, 82
738, 739, 740, 733, 702, 679, 663, 645, 644, 624, 596, 573, 552, 538, 501, 500, 459, 437, 421, 402, 379, 351, 339, 322, 301, 269, 250, 231, 198, 180, 170, 133, 125, 94, 81, 82, 83
738, 770, 788, 817, 852, 866, 884, 922, 931, 963, 973, 986, 1026, 1027, 1067, 1085, 1103, 1119, 1155, 1157, 1185, 1207, 1239, 1243, 1280, 1283, 1320, 1330, 1356, 1379, 1393, 1424, 1435, 1459, 1471, 1472, 1506, 1521, 1540, 14, 37, 59, 84
738, 770, 788, 817, 852, 866, 884, 922, 931, 963, 973, 986, 1026, 1027, 1067, 1085, 1103, 1119, 1155, 1157, 1185, 1207, 1239, 1243, 1280, 1283, 1320, 1330, 1356, 1379, 1393, 1424, 1435, 1459, 1471, 1472, 1506, 1521, 1540, 14, 37, 60, 85
738, 735, 704, 677, 660, 649, 621, 591, 570, 547, 543, 506, 495, 467, 450, 434, 411, 412, 391, 362, 329, 310, 287, 260, 261, 257, 256, 225, 204, 186, 164, 138, 120, 121, 89, 86
738, 735, 704, 677, 660, 649, 621, 591, 570, 547, 543, 506, 495, 467, 450, 434, 411, 412, 391, 362, 329, 310, 287, 260, 261, 257, 256, 225, 204, 186, 164, 138, 119, 88, 87
738, 735, 704, 677, 660, 649, 621, 591, 570, 547, 543, 506, 495, 467, 450, 434, 411, 412, 391, 362, 329, 310, 287, 260, 261, 257, 256, 225, 204, 186, 164, 138, 119, 88
738, 735, 704, 677, 660, 649, 621, 591, 570, 547, 543, 506, 495, 467, 450, 434, 411, 412, 391, 362, 329, 310, 287, 260, 261, 257, 256, 225, 204, 186, 164, 138, 120, 121, 89
738, 735, 704, 677, 660, 649, 621, 591, 570, 547, 543, 506, 495, 467, 450, 434, 411, 412, 391, 362, 329, 310, 287, 260, 261, 257, 256, 225, 204, 186, 164, 138, 120, 121, 89, 90
738, 735, 704, 677, 660, 649, 621, 591, 570, 547, 543, 506, 495, 467, 450, 434, 411, 412, 391, 362, 329, 310, 287, 260, 261, 257, 256, 225, 204, 186, 164, 138, 120, 121, 89, 90, 91
738, 739, 740, 733, 702, 679, 663, 645, 644, 624, 596, 573, 552, 538, 501, 500, 459, 437, 421, 402, 379, 351, 339, 322, 301, 269, 250, 231, 198, 180, 170, 133, 125, 124, 92
738, 739, 740, 733, 702, 679, 663, 645, 644, 624, 596, 573, 552, 538, 501, 500, 459, 437, 421, 402, 379, 351, 339, 322, 301, 269, 250, 231, 198, 180, 170, 133, 125, 124, 93
738, 739, 740, 733, 702, 679, 663, 645, 644, 624, 596, 573, 552, 538, 501, 500, 459, 437, 421, 402, 379, 351, 339, 322, 301, 269, 250, 231, 198, 180, 170, 133, 125, 94
738, 739, 740, 733, 702, 679, 663, 645, 644, 624, 596, 573, 552, 538, 501, 500, 459, 437, 421, 402, 379, 351, 339, 322, 301, 269, 250, 231, 198, 180, 170, 133, 125, 95
738, 735, 704, 677, 660, 649, 648, 622, 593, 571, 549, 550, 540, 503, 499, 461, 456, 417, 405, 383, 369, 343, 317, 295, 273, 244, 235, 215, 175, 176, 173, 172, 153, 126, 96
738, 735, 704, 677, 660, 649, 648, 622, 593, 571, 549, 550, 540, 503, 499, 461, 456, 417, 405, 383, 369, 343, 317, 295, 273, 244, 235, 215, 175, 176, 173, 172, 152, 127, 97
738, 735, 704, 677, 660, 649, 648, 622, 593, 571, 549, 550, 540, 503, 499, 461, 456, 417, 405, 383, 369, 343, 317, 295, 273, 244, 235, 215, 175, 174, 150, 130, 98
738, 735, 704, 677, 660, 649, 648, 622, 593, 571, 549, 550, 540, 503, 499, 461, 456, 417, 405, 383, 369, 343, 317, 295, 273, 244, 236, 213, 196, 154, 149, 131, 99
