892, 873, 839, 826, 804, 763, 753, 719, 711, 671, 653, 634, 613, 606, 583, 562, 529, 513, 490, 491, 472, 448, 433, 413, 391, 362, 329, 310, 288, 280, 238, 221, 208, 191, 160, 143, 113, 104, 69, 47, 23, 0
892, 873, 839, 826, 804, 763, 753, 719, 711, 671, 653, 634, 613, 606, 583, 562, 529, 513, 490, 491, 472, 448, 433, 413, 391, 362, 329, 310, 288, 280, 238, 221, 208, 191, 160, 143, 113, 104, 70, 48, 24, 1
892, 873, 839, 826, 804, 763, 753, 719, 711, 671, 653, 634, 613, 606, 583, 562, 529, 513, 490, 491, 472, 448, 433, 413, 391, 362, 329, 310, 288, 280, 238, 221, 208, 191, 160, 143, 113, 104, 70, 48, 24, 2
892, 914, 939, 950, 964, 995, 1013, 1039, 1059, 1078, 1096, 1130, 1147, 1166, 1167, 1195, 1216, 1230, 1253, 1254, 1270, 1294, 1310, 1339, 1345, 1344, 1370, 1383, 1413, 1425, 1447, 1481, 1496, 1509, 1510, 1551, 3
892, 914, 939, 950, 964, 995, 1013, 1039, 1059, 1078, 1096, 1130, 1147, 1166, 1167, 1195, 1216, 1230, 1253, 1254, 1270, 1294, 1310, 1339, 1345, 1344, 1370, 1383, 1413, 1425, 1447, 1481, 1496, 1509, 1550, 4
892, 914, 939, 950, 964, 995, 1013, 1039, 1059, 1078, 1096, 1130, 1147, 1166, 1167, 1195, 1216, 1230, 1253, 1254, 1270, 1294, 1310, 1339, 1345, 1344, 1370, 1383, 1413, 1425, 1447, 1481, 1496, 1508, 1549, 5
892, 914, 939, 950, 964, 995, 1013, 1039, 1059, 1078, 1096, 1130, 1147, 1166, 1167, 1195, 1216, 1230, 1253, 1254, 1270, 1294, 1310, 1339, 1345, 1344, 1370, 1383, 1413, 1426, 1448, 1480, 1498, 1530, 1547, 6
892, 914, 939, 950, 964, 995, 1013, 1038, 1060, 1079, 1097, 1128, 1149, 1164, 1193, 1213, 1228, 1250, 1274, 1290, 1306, 1321, 1348, 1365, 1399, 1409, 1442, 1450, 1477, 1500, 1499, 1527, 1545, 7
892, 914, 939, 950, 964, 995, 1013, 1038, 1060, 1079, 1097, 1128, 1149, 1164, 1193, 1213, 1228, 1250, 1274, 1290, 1306, 1321, 1348, 1365, 1399, 1409, 1442, 1450, 1477, 1500, 1526, 1544, 8
892, 914, 939, 950, 964, 995, 1013, 1038, 1060, 1079, 1097, 1128, 1149, 1164, 1193, 1213, 1228, 1250, 1274, 1290, 1306, 1321, 1348, 1365, 1399, 1409, 1442, 1450, 1477, 1500, 1526, 1544, 9
892, 914, 939, 950, 964, 995, 1013, 1038, 1060, 1079, 1097, 1128, 1149, 1164, 1193, 1213, 1228, 1250, 1274, 1290, 1306, 1321, 1348, 1365, 1399, 1408, 1441, 1452, 1476, 1501, 1524, 1543, 10
892, 914, 939, 950, 964, 995, 1013, 1038, 1060, 1079, 1097, 1128, 1149, 1164, 1193, 1213, 1227, 1249, 1275, 1289, 1305, 1323, 1350, 1364, 1398, 1407, 1440, 1455, 1474, 1503, 1522, 1542, 11
892, 914, 939, 950, 964, 995, 1013, 1038, 1060, 1079, 1097, 1128, 1149, 1164, 1193, 1213, 1227, 1249, 1275, 1289, 1305, 1323, 1350, 1364, 1398, 1407, 1440, 1455, 1474, 1503, 1522, 1542, 12
892, 914, 939, 950, 964, 995, 1013, 1038, 1060, 1079, 1097, 1128, 1149, 1164, 1193, 1213, 1227, 1249, 1275, 1289, 1305, 1323, 1350, 1364, 1398, 1407, 1440, 1455, 1474, 1503, 1522, 1541, 13
892, 914, 939, 950, 964, 995, 1013, 1038, 1060, 1079, 1097, 1128, 1149, 1164, 1193, 1213, 1227, 1249, 1275, 1289, 1305, 1323, 1351, 1363, 1397, 1406, 1439, 1456, 1473, 1504, 1521, 1540, 14
892, 873, 839, 826, 804, 763, 753, 719, 711, 671, 653, 634, 613, 606, 583, 562, 529, 513, 490, 474, 446, 430, 394, 393, 358, 332, 308, 285, 262, 256, 225, 204, 186, 164, 138, 119, 88, 87, 62, 38, 15
892, 914, 939, 950, 964, 995, 1013, 1038, 1060, 1079, 1097, 1128, 1149, 1164, 1193, 1213, 1227, 1249, 1275, 1289, 1304, 1324, 1352, 1382, 1395, 1405, 1438, 1457, 1472, 1471, 1507, 1518, 1538, 16
892, 873, 839, 826, 804, 763, 753, 719, 711, 671, 653, 634, 613, 606, 583, 562, 529, 513, 490, 474, 446, 430, 394, 393, 358, 332, 308, 285, 262, 256, 225, 205, 187, 162, 139, 117, 109, 63, 42, 40, 17
892, 873, 839, 826, 804, 763, 753, 719, 711, 671, 653, 634, 613, 606, 583, 562, 529, 513, 490, 474, 446, 430, 394, 393, 358, 332, 308, 285, 262, 256, 225, 205, 187, 162, 139, 117, 109, 63, 42, 40, 17, 18
892, 873, 839, 826, 804, 763, 753, 719, 711, 671, 653, 634, 613, 606, 583, 562, 529, 513, 490, 474, 446, 430, 394, 393, 358, 332, 308, 285, 262, 256, 225, 205, 187, 162, 161, 141, 116, 107, 66, 46, 22, 19
892, 873, 839, 826, 804, 763, 753, 719, 711, 671, 653, 634, 613, 606, 583, 562, 529, 513, 490, 491, 472, 448, 433, 413, 391, 362, 329, 310, 288, 280, 238, 221, 208, 191, 160, 143, 113, 104, 69, 47, 23, 20
892, 873, 839, 826, 804, 763, 753, 719, 711, 671, 653, 634, 613, 606, 583, 562, 529, 513, 490, 474, 446, 430, 394, 393, 358, 332, 308, 285, 262, 256, 225, 205, 187, 162, 161, 141, 116, 107, 66, 45, 21
892, 873, 839, 826, 804, 763, 753, 719, 711, 671, 653, 634, 613, 606, 583, 562, 529, 513, 490, 474, 446, 430, 394, 393, 358, 332, 308, 285, 262, 256, 225, 205, 187, 162, 161, 141, 116, 107, 66, 46, 22
892, 873, 839, 826, 804, 763, 753, 719, 711, 671, 653, 634, 613, 606, 583, 562, 529, 513, 490, 491, 472, 448, 433, 413, 391, 362, 329, 310, 288, 280, 238, 221, 208, 191, 160, 143, 113, 104, 69, 47, 23
892, 873, 839, 826, 804, 763, 753, 719, 711, 671, 653, 634, 613, 606, 583, 562, 529, 513, 490, 491, 472, 448, 433, 413, 391, 362, 329, 310, 288, 280, 238, 221, 208, 191, 160, 143, 113, 104, 70, 48, 24
892, 914, 939, 950, 964, 995, 1013, 1039, 1059, 1078, 1096, 1130, 1147, 1166, 1167, 1195, 1216, 1230, 1253, 1254, 1270, 1294, 1310, 1339, 1345, 1344, 1370, 1383, 1413, 1425, 1447, 1481, 1496, 1509, 1550, 4, 25
892, 914, 939, 950, 964, 995, 1013, 1039, 1059, 1078, 1096, 1130, 1147, 1166, 1167, 1195, 1216, 1230, 1253, 1254, 1270, 1294, 1310, 1339, 1345, 1344, 1370, 1383, 1413, 1425, 1447, 1481, 1496, 1509, 1550, 4, 26
892, 914, 939, 950, 964, 995, 1013, 1039, 1059, 1078, 1096, 1130, 1147, 1166, 1167, 1195, 1216, 1230, 1253, 1254, 1270, 1294, 1310, 1339, 1345, 1344, 1370, 1383, 1413, 1425, 1447, 1481, 1496, 1508, 1549, 5, 27
892, 914, 939, 950, 964, 995, 1013, 1039, 1059, 1078, 1096, 1130, 1147, 1166, 1167, 1195, 1216, 1230, 1253, 1254, 1270, 1294, 1310, 1339, 1345, 1344, 1370, 1383, 1413, 1426, 1448, 1480, 1498, 1530, 1547, 6, 28
892, 914, 939, 950, 964, 995, 1013, 1038, 1060, 1079, 1097, 1128, 1149, 1164, 1193, 1213, 1228, 1250, 1274, 1290, 1306, 1321, 1348, 1365, 1399, 1409, 1442, 1450, 1477, 1500, 1499, 1527, 1545, 7, 29
892, 914, 939, 950, 964, 995, 1013, 1038, 1060, 1079, 1097, 1128, 1149, 1164, 1193, 1213, 1228, 1250, 1274, 1290, 1306, 1321, 1348, 1365, 1399, 1409, 1442, 1450, 1477, 1500, 1526, 1544, 8, 31, 30
892, 914, 939, 950, 964, 995, 1013, 1038, 1060, 1079, 1097, 1128, 1149, 1164, 1193, 1213, 1228, 1250, 1274, 1290, 1306, 1321, 1348, 1365, 1399, 1409, 1442, 1450, 1477, 1500, 1526, 1544, 8, 31
892, 914, 939, 950, 964, 995, 1013, 1038, 1060, 1079, 1097, 1128, 1149, 1164, 1193, 1213, 1228, 1250, 1274, 1290, 1306, 1321, 1348, 1365, 1399, 1409, 1442, 1450, 1477, 1500, 1526, 1544, 9, 32
892, 914, 939, 950, 964, 995, 1013, 1038, 1060, 1079, 1097, 1128, 1149, 1164, 1193, 1213, 1228, 1250, 1274, 1290, 1306, 1321, 1348, 1365, 1399, 1408, 1441, 1452, 1476, 1501, 1524, 1543, 10, 33
892, 914, 939, 950, 964, 995, 1013, 1038, 1060, 1079, 1097, 1128, 1149, 1164, 1193, 1213, 1227, 1249, 1275, 1289, 1305, 1323, 1350, 1364, 1398, 1407, 1440, 1455, 1474, 1503, 1522, 1542, 12, 34
892, 914, 939, 950, 964, 995, 1013, 1038, 1060, 1079, 1097, 1128, 1149, 1164, 1193, 1213, 1227, 1249, 1275, 1289, 1305, 1323, 1350, 1364, 1398, 1407, 1440, 1455, 1474, 1503, 1522, 1542, 12, 35
892, 914, 939, 950, 964, 995, 1013, 1038, 1060, 1079, 1097, 1128, 1149, 1164, 1193, 1213, 1227, 1249, 1275, 1289, 1305, 1323, 1350, 1364, 1398, 1407, 1440, 1455, 1474, 1503, 1522, 1541, 13, 36
892, 914, 939, 950, 964, 995, 1013, 1038, 1060, 1079, 1097, 1128, 1149, 1164, 1193, 1213, 1227, 1249, 1275, 1289, 1305, 1323, 1351, 1363, 1397, 1406, 1439, 1456, 1473, 1504, 1521, 1540, 14, 37
892, 873, 839, 826, 804, 763, 753, 719, 711, 671, 653, 634, 613, 606, 583, 562, 529, 513, 490, 474, 446, 430, 394, 393, 358, 332, 308, 285, 262, 256, 225, 204, 186, 164, 138, 119, 88, 87, 62, 38
892, 914, 939, 950, 964, 995, 1013, 1038, 1060, 1079, 1097, 1128, 1149, 1164, 1193, 1213, 1227, 1249, 1275, 1289, 1304, 1324, 1352, 1382, 1395, 1405, 1438, 1457, 1472, 1471, 1507, 1518, 1538, 16, 39
892, 873, 839, 826, 804, 763, 753, 719, 711, 671, 653, 634, 613, 606, 583, 562, 529, 513, 490, 474, 446, 430, 394, 393, 358, 332, 308, 285, 262, 256, 225, 205, 187, 162, 139, 117, 109, 63, 42, 40
892, 873, 839, 826, 804, 763, 753, 719, 711, 671, 653, 634, 613, 606, 583, 562, 529, 513, 490, 474, 446, 430, 394, 393, 358, 332, 308, 285, 262, 256, 225, 205, 187, 162, 139, 117, 109, 63, 42, 40, 41
892, 873, 839, 826, 804, 763, 753, 719, 711, 671, 653, 634, 613, 606, 583, 562, 529, 513, 490, 474, 446, 430, 394, 393, 358, 332, 308, 285, 262, 256, 225, 205, 187, 162, 139, 117, 109, 63, 42
892, 873, 839, 826, 804, 763, 753, 719, 711, 671, 653, 634, 613, 606, 583, 562, 529, 513, 490, 474, 446, 430, 394, 393, 358, 332, 308, 285, 262, 256, 225, 205, 187, 162, 139, 117, 109, 108, 65, 43
892, 873, 839, 826, 804, 763, 753, 719, 711, 671, 653, 634, 613, 606, 583, 562, 529, 513, 490, 474, 446, 430, 394, 393, 358, 332, 308, 285, 262, 256, 225, 205, 187, 162, 161, 141, 116, 107, 66, 44
892, 873, 839, 826, 804, 763, 753, 719, 711, 671, 653, 634, 613, 606, 583, 562, 529, 513, 490, 474, 446, 430, 394, 393, 358, 332, 308, 285, 262, 256, 225, 205, 187, 162, 161, 141, 116, 107, 66, 45
892, 873, 839, 826, 804, 763, 753, 719, 711, 671, 653, 634, 613, 606, 583, 562, 529, 513, 490, 474, 446, 430, 394, 393, 358, 332, 308, 285, 262, 256, 225, 205, 187, 162, 161, 141, 116, 107, 66, 46
892, 873, 839, 826, 804, 763, 753, 719, 711, 671, 653, 634, 613, 606, 583, 562, 529, 513, 490, 491, 472, 448, 433, 413, 391, 362, 329, 310, 288, 280, 238, 221, 208, 191, 160, 143, 113, 104, 69, 47
892, 873, 839, 826, 804, 763, 753, 719, 711, 671, 653, 634, 613, 606, 583, 562, 529, 513, 490, 491, 472, 448, 433, 413, 391, 362, 329, 310, 288, 280, 238, 221, 208, 191, 160, 143, 113, 104, 70, 48
892, 914, 939, 950, 964, 995, 1013, 1039, 1059, 1078, 1096, 1130, 1147, 1166, 1167, 1195, 1216, 1230, 1253, 1254, 1270, 1294, 1310, 1339, 1345, 1344, 1370, 1383, 1413, 1425, 1447, 1481, 1496, 1509, 1550, 4, 26, 49
892, 914, 939, 950, 964, 995, 1013, 1039, 1059, 1078, 1096, 1130, 1147, 1166, 1167, 1195, 1216, 1230, 1253, 1254, 1270, 1294, 1310, 1339, 1345, 1344, 1370, 1383, 1413, 1425, 1447, 1481, 1496, 1509, 1550, 4, 26, 50
892, 914, 939, 950, 964, 995, 1013, 1039, 1059, 1078, 1096, 1130, 1147, 1166, 1167, 1195, 1216, 1230, 1253, 1254, 1270, 1294, 1310, 1339, 1345, 1344, 1370, 1383, 1413, 1425, 1447, 1481, 1496, 1508, 1549, 5, 27, 51
892, 914, 939, 950, 964, 995, 1013, 1039, 1059, 1078, 1096, 1130, 1147, 1166, 1167, 1195, 1216, 1230, 1253, 1254, 1270, 1294, 1310, 1339, 1345, 1344, 1370, 1383, 1413, 1425, 1447, 1481, 1496, 1508, 1549, 5, 27, 52
892, 914, 939, 950, 964, 995, 1013, 1039, 1059, 1078, 1096, 1130, 1147, 1166, 1167, 1195, 1216, 1230, 1253, 1254, 1270, 1294, 1310, 1339, 1345, 1344, 1370, 1383, 1413, 1426, 1448, 1480, 1498, 1530, 1547, 6, 28, 53
892, 914, 939, 950, 964, 995, 1013, 1038, 1060, 1079, 1097, 1128, 1149, 1164, 1193, 1213, 1228, 1250, 1274, 1290, 1306, 1321, 1348, 1365, 1399, 1409, 1442, 1450, 1477, 1500, 1526, 1544, 8, 31, 30, 54
892, 914, 939, 950, 964, 995, 1013, 1038, 1060, 1079, 1097, 1128, 1149, 1164, 1193, 1213, 1228, 1250, 1274, 1290, 1306, 1321, 1348, 1365, 1399, 1409, 1442, 1450, 1477, 1500, 1526, 1544, 8, 31, 55
892, 914, 939, 950, 964, 995, 1013, 1038, 1060, 1079, 1097, 1128, 1149, 1164, 1193, 1213, 1228, 1250, 1274, 1290, 1306, 1321, 1348, 1365, 1399, 1409, 1442, 1450, 1477, 1500, 1526, 1544, 9, 32, 56
892, 914, 939, 950, 964, 995, 1013, 1038, 1060, 1079, 1097, 1128, 1149, 1164, 1193, 1213, 1228, 1250, 1274, 1290, 1306, 1321, 1348, 1365, 1399, 1408, 1441, 1452, 1476, 1501, 1524, 1543, 10, 33, 57
892, 914, 939, 950, 964, 995, 1013, 1038, 1060, 1079, 1097, 1128, 1149, 1164, 1193, 1213, 1227, 1249, 1275, 1289, 1305, 1323, 1350, 1364, 1398, 1407, 1440, 1455, 1474, 1503, 1522, 1542, 12, 35, 58
892, 914, 939, 950, 964, 995, 1013, 1038, 1060, 1079, 1097, 1128, 1149, 1164, 1193, 1213, 1227, 1249, 1275, 1289, 1305, 1323, 1350, 1364, 1398, 1407, 1440, 1455, 1474, 1503, 1522, 1541, 13, 36, 59
892, 914, 939, 950, 964, 995, 1013, 1038, 1060, 1079, 1097, 1128, 1149, 1164, 1193, 1213, 1227, 1249, 1275, 1289, 1305, 1323, 1351, 1363, 1397, 1406, 1439, 1456, 1473, 1504, 1521, 1540, 14, 37, 60
892, 914, 939, 950, 964, 995, 1013, 1038, 1060, 1079, 1097, 1128, 1149, 1164, 1193, 1213, 1227, 1249, 1275, 1289, 1305, 1323, 1351, 1363, 1397, 1406, 1439, 1456, 1473, 1504, 1521, 1540, 14, 37, 61
892, 873, 839, 826, 804, 763, 753, 719, 711, 671, 653, 634, 613, 606, 583, 562, 529, 513, 490, 474, 446, 430, 394, 393, 358, 332, 308, 285, 262, 256, 225, 204, 186, 164, 138, 119, 88, 87, 62
892, 873, 839, 826, 804, 763, 753, 719, 711, 671, 653, 634, 613, 606, 583, 562, 529, 513, 490, 474, 446, 430, 394, 393, 358, 332, 308, 285, 262, 256, 225, 205, 187, 162, 139, 117, 109, 63
892, 873, 839, 826, 804, 763, 753, 719, 711, 671, 653, 634, 613, 606, 583, 562, 529, 513, 490, 474, 446, 430, 394, 393, 358, 332, 308, 285, 262, 256, 225, 205, 187, 162, 139, 117, 109, 64
892, 873, 839, 826, 804, 763, 753, 719, 711, 671, 653, 634, 613, 606, 583, 562, 529, 513, 490, 474, 446, 430, 394, 393, 358, 332, 308, 285, 262, 256, 225, 205, 187, 162, 139, 117, 109, 108, 65
892, 873, 839, 826, 804, 763, 753, 719, 711, 671, 653, 634, 613, 606, 583, 562, 529, 513, 490, 474, 446, 430, 394, 393, 358, 332, 308, 285, 262, 256, 225, 205, 187, 162, 161, 141, 116, 107, 66
892, 873, 839, 826, 804, 763, 753, 719, 711, 671, 653, 634, 613, 606, 583, 562, 529, 513, 490, 491, 472, 448, 433, 413, 391, 362, 329, 310, 288, 280, 238, 221, 208, 191, 160, 143, 114, 105, 67
892, 873, 839, 826, 804, 763, 753, 719, 711, 671, 653, 634, 613, 606, 583, 562, 529, 513, 490, 491, 472, 448, 433, 413, 391, 362, 329, 310, 288, 280, 238, 221, 208, 191, 160, 143, 114, 105, 68
892, 873, 839, 826, 804, 763, 753, 719, 711, 671, 653, 634, 613, 606, 583, 562, 529, 513, 490, 491, 472, 448, 433, 413, 391, 362, 329, 310, 288, 280, 238, 221, 208, 191, 160, 143, 113, 104, 69
892, 873, 839, 826, 804, 763, 753, 719, 711, 671, 653, 634, 613, 606, 583, 562, 529, 513, 490, 491, 472, 448, 433, 413, 391, 362, 329, 310, 288, 280, 238, 221, 208, 191, 160, 143, 113, 104, 70
892, 873, 839, 826, 804, 763, 753, 719, 711, 671, 653, 634, 613, 606, 583, 562, 529, 513, 490, 491, 472, 448, 433, 413, 391, 362, 329, 310, 288, 280, 238, 221, 208, 191, 160, 143, 113, 104, 70, 71
892, 914, 939, 950, 964, 995, 1013, 1039, 1059, 1078, 1096, 1130, 1147, 1166, 1167, 1195, 1216, 1230, 1253, 1254, 1270, 1294, 1310, 1339, 1345, 1344, 1370, 1383, 1413, 1425, 1447, 1481, 1496, 1509, 1550, 4, 26, 49, 72
892, 914, 939, 950, 964, 995, 1013, 1039, 1059, 1078, 1096, 1130, 1147, 1166, 1167, 1195, 1216, 1230, 1253, 1254, 1270, 1294, 1310, 1339, 1345, 1344, 1370, 1383, 1413, 1425, 1447, 1481, 1496, 1509, 1550, 4, 26, 50, 73
892, 914, 939, 950, 964, 995, 1013, 1039, 1059, 1078, 1096, 1130, 1147, 1166, 1167, 1195, 1216, 1230, 1253, 1254, 1270, 1294, 1310, 1339, 1345, 1344, 1370, 1383, 1413, 1425, 1447, 1481, 1496, 1509, 1550, 4, 26, 50, 74
892, 914, 939, 950, 964, 995, 1013, 1039, 1059, 1078, 1096, 1130, 1147, 1166, 1167, 1195, 1216, 1230, 1253, 1254, 1270, 1294, 1310, 1339, 1345, 1344, 1370, 1383, 1413, 1425, 1447, 1481, 1496, 1508, 1549, 5, 27, 52, 75
892, 914, 939, 950, 964, 995, 1013, 1039, 1059, 1078, 1096, 1130, 1147, 1166, 1167, 1195, 1216, 1230, 1253, 1254, 1270, 1294, 1310, 1339, 1345, 1344, 1370, 1383, 1413, 1425, 1447, 1481, 1496, 1508, 1549, 5, 27, 52, 76
892, 873, 839, 827, 803, 802, 784, 750, 723, 693, 688, 668, 637, 610, 601, 579, 556, 533, 517, 484, 479, 440, 425, 399, 378, 352, 338, 322, 299, 270, 249, 232, 197, 178, 171, 153, 127, 128, 98, 77
892, 914, 939, 950, 964, 995, 1013, 1038, 1060, 1079, 1097, 1128, 1149, 1164, 1193, 1213, 1228, 1250, 1274, 1290, 1306, 1321, 1348, 1365, 1399, 1409, 1442, 1450, 1477, 1500, 1526, 1544, 8, 31, 55, 78
892, 914, 939, 950, 964, 995, 1013, 1038, 1060, 1079, 1097, 1128, 1149, 1164, 1193, 1213, 1228, 1250, 1274, 1290, 1306, 1321, 1348, 1365, 1399, 1409, 1442, 1450, 1477, 1500, 1526, 1544, 8, 31, 55, 79
892, 914, 939, 950, 964, 995, 1013, 1038, 1060, 1079, 1097, 1128, 1149, 1164, 1193, 1213, 1228, 1250, 1274, 1290, 1306, 1321, 1348, 1365, 1399, 1409, 1442, 1450, 1477, 1500, 1526, 1544, 9, 32, 56, 80
892, 914, 939, 950, 964, 995, 1013, 1038, 1060, 1079, 1097, 1128, 1149, 1164, 1193, 1213, 1228, 1250, 1274, 1290, 1306, 1321, 1348, 1365, 1399, 1408, 1441, 1452, 1476, 1501, 1524, 1543, 10, 33, 57, 81
892, 914, 939, 950, 964, 995, 1013, 1038, 1060, 1079, 1097, 1128, 1149, 1164, 1193, 1213, 1228, 1250, 1274, 1290, 1306, 1321, 1348, 1365, 1399, 1408, 1441, 1452, 1476, 1501, 1524, 1543, 10, 33, 57, 82
892, 914, 939, 950, 964, 995, 1013, 1038, 1060, 1079, 1097, 1128, 1149, 1164, 1193, 1213, 1227, 1249, 1275, 1289, 1305, 1323, 1350, 1364, 1398, 1407, 1440, 1455, 1474, 1503, 1522, 1542, 12, 35, 58, 83
892, 914, 939, 950, 964, 995, 1013, 1038, 1060, 1079, 1097, 1128, 1149, 1164, 1193, 1213, 1227, 1249, 1275, 1289, 1305, 1323, 1350, 1364, 1398, 1407, 1440, 1455, 1474, 1503, 1522, 1541, 13, 36, 59, 84
892, 914, 939, 950, 964, 995, 1013, 1038, 1060, 1079, 1097, 1128, 1149, 1164, 1193, 1213, 1227, 1249, 1275, 1289, 1305, 1323, 1351, 1363, 1397, 1406, 1439, 1456, 1473, 1504, 1521, 1540, 14, 37, 60, 85
892, 914, 939, 950, 964, 995, 1013, 1038, 1060, 1079, 1097, 1128, 1149, 1164, 1193, 1213, 1227, 1249, 1275, 1289, 1305, 1323, 1351, 1363, 1397, 1406, 1439, 1456, 1473, 1504, 1521, 1540, 14, 37, 61, 86
892, 873, 839, 826, 804, 763, 753, 719, 711, 671, 653, 634, 613, 606, 583, 562, 529, 513, 490, 474, 446, 430, 394, 393, 358, 332, 308, 285, 262, 256, 225, 204, 186, 164, 138, 119, 88, 87
892, 873, 839, 826, 804, 763, 753, 719, 711, 671, 653, 634, 613, 606, 583, 562, 529, 513, 490, 474, 446, 430, 394, 393, 358, 332, 308, 285, 262, 256, 225, 204, 186, 164, 138, 119, 88
892, 873, 839, 826, 804, 763, 753, 719, 711, 671, 653, 634, 613, 606, 583, 562, 529, 513, 490, 474, 446, 430, 394, 393, 358, 332, 308, 285, 262, 256, 225, 204, 186, 164, 138, 120, 121, 89
892, 914, 939, 950, 964, 995, 1013, 1038, 1060, 1079, 1097, 1128, 1149, 1164, 1193, 1213, 1227, 1249, 1275, 1289, 1305, 1323, 1351, 1363, 1397, 1406, 1439, 1456, 1473, 1504, 1521, 1540, 14, 37, 60, 85, 90
892, 914, 939, 950, 964, 995, 1013, 1038, 1060, 1079, 1097, 1128, 1149, 1164, 1193, 1213, 1227, 1249, 1275, 1289, 1305, 1323, 1351, 1363, 1397, 1406, 1439, 1456, 1473, 1504, 1521, 1540, 14, 37, 60, 85, 91
892, 914, 939, 950, 964, 995, 1013, 1038, 1060, 1079, 1097, 1128, 1149, 1164, 1193, 1213, 1227, 1249, 1275, 1289, 1305, 1323, 1350, 1364, 1398, 1407, 1440, 1455, 1474, 1503, 1522, 1542, 12, 35, 58, 83, 92
892, 914, 939, 950, 964, 995, 1013, 1038, 1060, 1079, 1097, 1128, 1149, 1164, 1193, 1213, 1228, 1250, 1274, 1290, 1306, 1321, 1348, 1365, 1399, 1408, 1441, 1452, 1476, 1501, 1524, 1543, 10, 33, 57, 82, 93
892, 914, 939, 950, 964, 995, 1013, 1038, 1060, 1079, 1097, 1128, 1149, 1164, 1193, 1213, 1228, 1250, 1274, 1290, 1306, 1321, 1348, 1365, 1399, 1408, 1441, 1452, 1476, 1501, 1524, 1543, 10, 33, 57, 81, 94
892, 914, 939, 950, 964, 995, 1013, 1038, 1060, 1079, 1097, 1128, 1149, 1164, 1193, 1213, 1228, 1250, 1274, 1290, 1306, 1321, 1348, 1365, 1399, 1409, 1442, 1450, 1477, 1500, 1526, 1544, 9, 32, 56, 80, 95
892, 873, 839, 827, 803, 802, 784, 750, 723, 693, 688, 668, 637, 610, 601, 579, 556, 533, 517, 484, 479, 440, 425, 399, 378, 352, 338, 322, 299, 270, 249, 232, 197, 178, 171, 153, 126, 96
892, 873, 839, 827, 803, 802, 784, 750, 723, 693, 688, 668, 637, 610, 601, 579, 556, 533, 517, 484, 479, 440, 425, 399, 378, 352, 338, 322, 299, 270, 249, 232, 197, 178, 171, 153, 127, 97
892, 873, 839, 827, 803, 802, 784, 750, 723, 693, 688, 668, 637, 610, 601, 579, 556, 533, 517, 484, 479, 440, 425, 399, 378, 352, 338, 322, 299, 270, 249, 232, 197, 178, 171, 153, 127, 128, 98
892, 873, 839, 827, 803, 802, 784, 750, 723, 693, 688, 668, 637, 610, 601, 579, 556, 533, 517, 484, 479, 440, 425, 399, 378, 352, 338, 322, 299, 270, 249, 232, 197, 178, 171, 153, 127, 128, 98, 99
