868, 857, 822, 809, 767, 758, 715, 707, 675, 657, 628, 617, 588, 567, 565, 525, 510, 492, 469, 449, 433, 413, 391, 362, 329, 310, 288, 280, 238, 221, 208, 191, 160, 143, 113, 104, 69, 47, 23, 0
868, 857, 822, 809, 767, 758, 715, 707, 675, 657, 628, 617, 588, 567, 565, 525, 510, 492, 469, 449, 433, 413, 391, 362, 329, 310, 288, 280, 238, 221, 208, 191, 160, 143, 113, 104, 70, 48, 24, 1
868, 857, 822, 809, 767, 758, 715, 707, 675, 657, 628, 617, 588, 567, 565, 525, 510, 492, 469, 449, 433, 413, 391, 362, 329, 310, 288, 280, 238, 221, 208, 191, 160, 143, 113, 104, 70, 48, 24, 2
868, 857, 822, 809, 767, 758, 715, 707, 675, 657, 628, 617, 588, 567, 565, 525, 510, 492, 469, 449, 433, 413, 391, 362, 329, 310, 288, 280, 238, 221, 208, 191, 160, 143, 113, 104, 70, 48, 24, 2, 3
868, 857, 822, 809, 767, 758, 715, 707, 675, 657, 628, 617, 588, 567, 565, 525, 510, 492, 469, 449, 433, 413, 391, 362, 329, 310, 288, 280, 238, 221, 208, 191, 160, 143, 113, 104, 70, 48, 24, 2, 3, 4
868, 857, 822, 809, 767, 758, 715, 707, 675, 657, 628, 617, 588, 567, 565, 525, 510, 492, 469, 449, 433, 413, 391, 362, 329, 310, 288, 280, 238, 221, 208, 191, 160, 143, 113, 104, 70, 48, 24, 2, 3, 4, 5
868, 887, 886, 921, 922, 931, 963, 973, 987, 1024, 1030, 1068, 1087, 1106, 1116, 1137, 1177, 1183, 1204, 1203, 1236, 1259, 1266, 1297, 1313, 1337, 1343, 1371, 1384, 1414, 1427, 1447, 1481, 1497, 1531, 1547, 6
868, 867, 855, 819, 818, 817, 788, 770, 738, 735, 704, 677, 660, 649, 648, 622, 593, 571, 549, 550, 540, 503, 499, 461, 456, 417, 405, 383, 369, 343, 317, 295, 273, 244, 235, 215, 175, 174, 150, 130, 98, 77, 53, 28, 29, 7
868, 869, 888, 919, 936, 946, 969, 991, 1010, 1033, 1063, 1082, 1101, 1123, 1152, 1161, 1189, 1211, 1224, 1225, 1248, 1276, 1288, 1289, 1305, 1323, 1350, 1364, 1398, 1399, 1409, 1442, 1450, 1477, 1500, 1526, 1544, 8
868, 869, 888, 919, 936, 946, 969, 991, 1010, 1033, 1063, 1082, 1101, 1123, 1152, 1161, 1189, 1211, 1224, 1225, 1248, 1276, 1288, 1289, 1305, 1323, 1350, 1364, 1398, 1399, 1409, 1442, 1450, 1477, 1500, 1526, 1544, 9
868, 869, 888, 919, 936, 946, 969, 991, 1010, 1033, 1063, 1082, 1101, 1123, 1152, 1161, 1189, 1211, 1224, 1225, 1248, 1276, 1288, 1289, 1305, 1323, 1350, 1364, 1398, 1407, 1440, 1455, 1474, 1503, 1522, 1542, 11, 10
868, 869, 888, 919, 936, 946, 969, 991, 1010, 1033, 1063, 1082, 1101, 1123, 1152, 1161, 1189, 1211, 1224, 1225, 1248, 1276, 1288, 1289, 1305, 1323, 1350, 1364, 1398, 1407, 1440, 1455, 1474, 1503, 1522, 1542, 11
868, 869, 888, 919, 936, 946, 969, 991, 1010, 1033, 1063, 1082, 1101, 1123, 1152, 1161, 1189, 1211, 1224, 1225, 1248, 1276, 1288, 1289, 1305, 1323, 1350, 1364, 1398, 1407, 1440, 1455, 1474, 1503, 1522, 1542, 12
868, 887, 920, 935, 945, 971, 989, 1007, 1032, 1064, 1083, 1102, 1120, 1154, 1160, 1187, 1188, 1210, 1223, 1246, 1278, 1286, 1302, 1326, 1354, 1380, 1394, 1404, 1437, 1458, 1472, 1506, 1521, 1540, 13
868, 887, 920, 935, 945, 971, 989, 1007, 1032, 1064, 1083, 1102, 1120, 1154, 1160, 1187, 1188, 1210, 1223, 1246, 1278, 1286, 1302, 1326, 1354, 1380, 1394, 1404, 1437, 1458, 1472, 1506, 1521, 1540, 14
868, 887, 920, 935, 945, 971, 989, 1007, 1032, 1064, 1083, 1102, 1120, 1154, 1160, 1187, 1188, 1210, 1223, 1246, 1278, 1285, 1301, 1328, 1355, 1379, 1393, 1424, 1435, 1459, 1471, 1507, 1518, 1538, 15
868, 887, 920, 935, 945, 971, 989, 1007, 1032, 1064, 1083, 1102, 1120, 1154, 1158, 1186, 1208, 1240, 1244, 1280, 1283, 1320, 1330, 1357, 1378, 1391, 1422, 1434, 1461, 1469, 1487, 1517, 1537, 16
868, 887, 920, 935, 945, 971, 989, 1007, 1032, 1064, 1083, 1102, 1120, 1154, 1158, 1186, 1208, 1240, 1244, 1280, 1283, 1320, 1330, 1357, 1378, 1391, 1422, 1434, 1461, 1468, 1489, 1516, 1536, 17
868, 857, 822, 809, 767, 758, 715, 707, 675, 657, 628, 617, 588, 567, 565, 525, 510, 492, 469, 449, 433, 413, 391, 362, 329, 310, 287, 260, 259, 223, 207, 189, 161, 141, 116, 107, 66, 45, 21, 18
868, 857, 822, 809, 767, 758, 715, 707, 675, 657, 628, 617, 588, 567, 565, 525, 510, 492, 469, 449, 433, 413, 391, 362, 329, 310, 287, 260, 259, 223, 207, 189, 161, 141, 116, 107, 66, 46, 22, 19
868, 857, 822, 809, 767, 758, 715, 707, 675, 657, 628, 617, 588, 567, 565, 525, 510, 492, 469, 449, 433, 413, 391, 362, 329, 310, 288, 280, 238, 221, 208, 191, 160, 143, 113, 104, 69, 47, 23, 20
868, 857, 822, 809, 767, 758, 715, 707, 675, 657, 628, 617, 588, 567, 565, 525, 510, 492, 469, 449, 433, 413, 391, 362, 329, 310, 287, 260, 259, 223, 207, 189, 161, 141, 116, 107, 66, 45, 21
868, 857, 822, 809, 767, 758, 715, 707, 675, 657, 628, 617, 588, 567, 565, 525, 510, 492, 469, 449, 433, 413, 391, 362, 329, 310, 287, 260, 259, 223, 207, 189, 161, 141, 116, 107, 66, 46, 22
868, 857, 822, 809, 767, 758, 715, 707, 675, 657, 628, 617, 588, 567, 565, 525, 510, 492, 469, 449, 433, 413, 391, 362, 329, 310, 288, 280, 238, 221, 208, 191, 160, 143, 113, 104, 69, 47, 23
868, 857, 822, 809, 767, 758, 715, 707, 675, 657, 628, 617, 588, 567, 565, 525, 510, 492, 469, 449, 433, 413, 391, 362, 329, 310, 288, 280, 238, 221, 208, 191, 160, 143, 113, 104, 70, 48, 24
868, 857, 822, 809, 767, 758, 715, 707, 675, 657, 628, 617, 588, 567, 565, 525, 510, 492, 469, 449, 433, 413, 391, 362, 329, 310, 288, 280, 238, 221, 208, 191, 160, 143, 113, 104, 70, 48, 24, 25
868, 857, 822, 809, 767, 758, 715, 707, 675, 657, 628, 617, 588, 567, 565, 525, 510, 492, 469, 449, 433, 413, 391, 362, 329, 310, 288, 280, 238, 221, 208, 191, 160, 143, 113, 104, 70, 48, 24, 25, 26
868, 857, 822, 809, 767, 758, 715, 707, 675, 657, 628, 617, 588, 567, 565, 525, 510, 492, 469, 449, 433, 413, 391, 362, 329, 310, 288, 280, 238, 221, 208, 191, 160, 143, 113, 104, 70, 48, 24, 25, 26, 27
868, 867, 855, 819, 818, 817, 788, 770, 738, 735, 704, 677, 660, 649, 648, 622, 593, 571, 549, 550, 540, 503, 499, 461, 456, 417, 405, 383, 369, 343, 317, 295, 273, 244, 235, 215, 175, 174, 150, 130, 98, 77, 53, 28
868, 867, 855, 819, 818, 817, 788, 770, 738, 735, 704, 677, 660, 649, 648, 622, 593, 571, 549, 550, 540, 503, 499, 461, 456, 417, 405, 383, 369, 343, 317, 295, 273, 244, 235, 215, 175, 174, 150, 130, 98, 77, 53, 28, 29
868, 867, 855, 819, 818, 817, 788, 770, 738, 735, 704, 677, 660, 649, 648, 622, 593, 571, 549, 550, 540, 503, 499, 461, 456, 417, 405, 383, 369, 343, 317, 295, 273, 244, 235, 215, 175, 174, 150, 130, 98, 77, 53, 28, 29, 30
868, 869, 888, 919, 936, 946, 969, 991, 1010, 1033, 1063, 1082, 1101, 1123, 1152, 1161, 1189, 1211, 1224, 1225, 1248, 1276, 1288, 1289, 1305, 1323, 1350, 1364, 1398, 1399, 1409, 1442, 1450, 1477, 1500, 1526, 1544, 8, 31
868, 869, 888, 919, 936, 946, 969, 991, 1010, 1033, 1063, 1082, 1101, 1123, 1152, 1161, 1189, 1211, 1224, 1225, 1248, 1276, 1288, 1289, 1305, 1323, 1350, 1364, 1398, 1399, 1409, 1442, 1450, 1477, 1500, 1526, 1544, 9, 32
868, 869, 888, 919, 936, 946, 969, 991, 1010, 1033, 1063, 1082, 1101, 1123, 1152, 1161, 1189, 1211, 1224, 1225, 1248, 1276, 1288, 1289, 1305, 1323, 1350, 1364, 1398, 1407, 1440, 1455, 1474, 1503, 1522, 1542, 12, 34, 33
868, 869, 888, 919, 936, 946, 969, 991, 1010, 1033, 1063, 1082, 1101, 1123, 1152, 1161, 1189, 1211, 1224, 1225, 1248, 1276, 1288, 1289, 1305, 1323, 1350, 1364, 1398, 1407, 1440, 1455, 1474, 1503, 1522, 1542, 12, 34
868, 869, 888, 919, 936, 946, 969, 991, 1010, 1033, 1063, 1082, 1101, 1123, 1152, 1161, 1189, 1211, 1224, 1225, 1248, 1276, 1288, 1289, 1305, 1323, 1350, 1364, 1398, 1407, 1440, 1455, 1474, 1503, 1522, 1542, 12, 35
868, 887, 920, 935, 945, 971, 989, 1007, 1032, 1064, 1083, 1102, 1120, 1154, 1160, 1187, 1188, 1210, 1223, 1246, 1278, 1286, 1302, 1326, 1354, 1380, 1394, 1404, 1437, 1458, 1472, 1506, 1521, 1540, 13, 36
868, 887, 920, 935, 945, 971, 989, 1007, 1032, 1064, 1083, 1102, 1120, 1154, 1160, 1187, 1188, 1210, 1223, 1246, 1278, 1286, 1302, 1326, 1354, 1380, 1394, 1404, 1437, 1458, 1472, 1506, 1521, 1540, 14, 37
868, 887, 920, 935, 945, 971, 989, 1007, 1032, 1064, 1083, 1102, 1120, 1154, 1160, 1187, 1188, 1210, 1223, 1246, 1278, 1285, 1301, 1328, 1355, 1379, 1393, 1424, 1435, 1459, 1471, 1507, 1518, 1538, 15, 38
868, 887, 920, 935, 945, 971, 989, 1007, 1032, 1064, 1083, 1102, 1120, 1154, 1158, 1186, 1208, 1240, 1244, 1280, 1283, 1320, 1330, 1357, 1378, 1391, 1422, 1434, 1461, 1469, 1487, 1517, 1537, 16, 39
868, 887, 920, 935, 945, 971, 989, 1007, 1032, 1064, 1083, 1102, 1120, 1154, 1158, 1186, 1208, 1240, 1244, 1280, 1283, 1320, 1330, 1357, 1378, 1391, 1422, 1434, 1461, 1468, 1489, 1516, 1536, 17, 40
868, 887, 920, 935, 945, 971, 989, 1007, 1032, 1064, 1083, 1102, 1120, 1154, 1158, 1186, 1208, 1240, 1244, 1280, 1283, 1320, 1330, 1357, 1378, 1391, 1422, 1434, 1461, 1468, 1489, 1516, 1536, 17, 41
868, 887, 920, 935, 945, 971, 989, 1007, 1032, 1064, 1083, 1102, 1120, 1154, 1158, 1186, 1208, 1240, 1244, 1280, 1283, 1320, 1330, 1357, 1378, 1391, 1422, 1434, 1461, 1468, 1489, 1516, 1536, 17, 40, 42
868, 857, 822, 809, 767, 758, 715, 707, 675, 657, 628, 617, 588, 567, 565, 525, 510, 492, 469, 449, 433, 413, 391, 362, 329, 310, 287, 260, 259, 223, 207, 189, 161, 141, 116, 108, 65, 43
868, 857, 822, 809, 767, 758, 715, 707, 675, 657, 628, 617, 588, 567, 565, 525, 510, 492, 469, 449, 433, 413, 391, 362, 329, 310, 287, 260, 259, 223, 207, 189, 161, 141, 116, 107, 66, 44
868, 857, 822, 809, 767, 758, 715, 707, 675, 657, 628, 617, 588, 567, 565, 525, 510, 492, 469, 449, 433, 413, 391, 362, 329, 310, 287, 260, 259, 223, 207, 189, 161, 141, 116, 107, 66, 45
868, 857, 822, 809, 767, 758, 715, 707, 675, 657, 628, 617, 588, 567, 565, 525, 510, 492, 469, 449, 433, 413, 391, 362, 329, 310, 287, 260, 259, 223, 207, 189, 161, 141, 116, 107, 66, 46
868, 857, 822, 809, 767, 758, 715, 707, 675, 657, 628, 617, 588, 567, 565, 525, 510, 492, 469, 449, 433, 413, 391, 362, 329, 310, 288, 280, 238, 221, 208, 191, 160, 143, 113, 104, 69, 47
868, 857, 822, 809, 767, 758, 715, 707, 675, 657, 628, 617, 588, 567, 565, 525, 510, 492, 469, 449, 433, 413, 391, 362, 329, 310, 288, 280, 238, 221, 208, 191, 160, 143, 113, 104, 70, 48
868, 857, 822, 809, 767, 758, 715, 707, 675, 657, 628, 617, 588, 567, 565, 525, 510, 492, 469, 449, 433, 413, 391, 362, 329, 310, 288, 280, 238, 221, 208, 191, 160, 143, 113, 104, 70, 48, 49
868, 857, 822, 809, 767, 758, 715, 707, 675, 657, 628, 617, 588, 567, 565, 525, 510, 492, 469, 449, 433, 413, 391, 362, 329, 310, 288, 280, 238, 221, 208, 191, 160, 143, 113, 104, 70, 48, 49, 50
868, 857, 822, 809, 767, 758, 715, 707, 675, 657, 628, 617, 588, 567, 565, 525, 510, 492, 469, 449, 433, 413, 391, 362, 329, 310, 288, 280, 238, 221, 208, 191, 160, 143, 113, 104, 70, 48, 49, 50, 51
868, 867, 855, 819, 818, 817, 788, 770, 738, 735, 704, 677, 660, 649, 648, 622, 593, 571, 549, 550, 540, 503, 499, 461, 456, 417, 405, 383, 369, 343, 317, 295, 273, 244, 236, 213, 196, 154, 149, 131, 101, 75, 52
868, 867, 855, 819, 818, 817, 788, 770, 738, 735, 704, 677, 660, 649, 648, 622, 593, 571, 549, 550, 540, 503, 499, 461, 456, 417, 405, 383, 369, 343, 317, 295, 273, 244, 235, 215, 175, 174, 150, 130, 98, 77, 53
868, 867, 855, 819, 818, 817, 788, 770, 738, 735, 704, 677, 660, 649, 648, 622, 593, 571, 549, 550, 540, 503, 499, 461, 456, 417, 405, 383, 369, 343, 317, 295, 273, 244, 235, 215, 175, 174, 150, 130, 98, 77, 53, 54
868, 869, 888, 919, 936, 946, 969, 991, 1010, 1033, 1063, 1082, 1101, 1123, 1152, 1161, 1189, 1211, 1224, 1225, 1248, 1276, 1288, 1289, 1305, 1323, 1350, 1364, 1398, 1399, 1409, 1442, 1450, 1477, 1500, 1526, 1544, 8, 31, 55
868, 857, 822, 808, 765, 757, 716, 709, 673, 655, 631, 614, 607, 585, 563, 527, 512, 490, 474, 446, 429, 395, 372, 373, 356, 335, 325, 303, 268, 251, 230, 199, 181, 169, 132, 125, 95, 80, 56
868, 869, 888, 919, 936, 946, 969, 991, 1010, 1033, 1063, 1082, 1101, 1123, 1152, 1161, 1189, 1211, 1224, 1225, 1248, 1276, 1288, 1289, 1305, 1323, 1350, 1364, 1398, 1407, 1440, 1455, 1474, 1503, 1522, 1542, 12, 34, 33, 57
868, 869, 888, 919, 936, 946, 969, 991, 1010, 1033, 1063, 1082, 1101, 1123, 1152, 1161, 1189, 1211, 1224, 1225, 1248, 1276, 1288, 1289, 1305, 1323, 1350, 1364, 1398, 1407, 1440, 1455, 1474, 1503, 1522, 1542, 12, 35, 58
868, 887, 920, 935, 945, 971, 989, 1007, 1032, 1064, 1083, 1102, 1120, 1154, 1160, 1187, 1188, 1210, 1223, 1246, 1278, 1286, 1302, 1326, 1354, 1380, 1394, 1404, 1437, 1458, 1472, 1506, 1521, 1540, 14, 37, 59
868, 887, 920, 935, 945, 971, 989, 1007, 1032, 1064, 1083, 1102, 1120, 1154, 1160, 1187, 1188, 1210, 1223, 1246, 1278, 1286, 1302, 1326, 1354, 1380, 1394, 1404, 1437, 1458, 1472, 1506, 1521, 1540, 14, 37, 60
868, 887, 920, 935, 945, 971, 989, 1007, 1032, 1064, 1083, 1102, 1120, 1154, 1160, 1187, 1188, 1210, 1223, 1246, 1278, 1286, 1302, 1326, 1354, 1380, 1394, 1404, 1437, 1458, 1472, 1506, 1521, 1540, 14, 37, 61
868, 857, 822, 808, 765, 757, 716, 709, 673, 655, 631, 614, 607, 585, 563, 527, 512, 490, 474, 446, 430, 394, 393, 358, 332, 308, 285, 262, 256, 225, 204, 186, 164, 138, 119, 88, 87, 62
868, 887, 920, 935, 945, 971, 989, 1007, 1032, 1064, 1083, 1102, 1120, 1154, 1158, 1186, 1208, 1240, 1244, 1280, 1283, 1320, 1330, 1357, 1378, 1391, 1422, 1434, 1461, 1468, 1489, 1516, 1536, 17, 40, 42, 63
868, 887, 920, 935, 945, 971, 989, 1007, 1032, 1064, 1083, 1102, 1120, 1154, 1158, 1186, 1208, 1240, 1244, 1280, 1283, 1320, 1330, 1357, 1378, 1391, 1422, 1434, 1461, 1468, 1489, 1516, 1536, 17, 40, 42, 64
868, 857, 822, 809, 767, 758, 715, 707, 675, 657, 628, 617, 588, 567, 565, 525, 510, 492, 469, 449, 433, 413, 391, 362, 329, 310, 287, 260, 259, 223, 207, 189, 161, 141, 116, 108, 65
868, 857, 822, 809, 767, 758, 715, 707, 675, 657, 628, 617, 588, 567, 565, 525, 510, 492, 469, 449, 433, 413, 391, 362, 329, 310, 287, 260, 259, 223, 207, 189, 161, 141, 116, 107, 66
868, 857, 822, 809, 767, 758, 715, 707, 675, 657, 628, 617, 588, 567, 565, 525, 510, 492, 469, 449, 433, 413, 391, 362, 329, 310, 288, 280, 238, 221, 208, 191, 160, 143, 114, 105, 67
868, 857, 822, 809, 767, 758, 715, 707, 675, 657, 628, 617, 588, 567, 565, 525, 510, 492, 469, 449, 433, 413, 391, 362, 329, 310, 288, 280, 238, 221, 208, 191, 160, 143, 114, 105, 68
868, 857, 822, 809, 767, 758, 715, 707, 675, 657, 628, 617, 588, 567, 565, 525, 510, 492, 469, 449, 433, 413, 391, 362, 329, 310, 288, 280, 238, 221, 208, 191, 160, 143, 113, 104, 69
868, 857, 822, 809, 767, 758, 715, 707, 675, 657, 628, 617, 588, 567, 565, 525, 510, 492, 469, 449, 433, 413, 391, 362, 329, 310, 288, 280, 238, 221, 208, 191, 160, 143, 113, 104, 70
868, 857, 822, 809, 767, 758, 715, 707, 675, 657, 628, 617, 588, 567, 565, 525, 510, 492, 469, 449, 433, 413, 391, 362, 329, 310, 288, 280, 238, 221, 208, 191, 160, 143, 113, 104, 70, 71
868, 857, 822, 809, 767, 758, 715, 707, 675, 657, 628, 617, 588, 567, 565, 525, 510, 492, 469, 449, 433, 413, 391, 362, 329, 310, 288, 280, 238, 221, 208, 191, 160, 143, 113, 104, 70, 71, 72
868, 857, 822, 809, 767, 758, 715, 707, 675, 657, 628, 617, 588, 567, 565, 525, 510, 492, 469, 449, 433, 413, 391, 362, 329, 310, 288, 280, 238, 221, 208, 191, 160, 143, 113, 104, 70, 71, 72, 73
868, 857, 822, 809, 767, 758, 715, 707, 675, 657, 628, 617, 588, 567, 565, 525, 510, 492, 469, 449, 433, 413, 391, 362, 329, 310, 288, 280, 238, 221, 208, 191, 160, 143, 113, 104, 103, 102, 74
868, 867, 855, 819, 818, 817, 788, 770, 738, 735, 704, 677, 660, 649, 648, 622, 593, 571, 549, 550, 540, 503, 499, 461, 456, 417, 405, 383, 369, 343, 317, 295, 273, 244, 236, 213, 196, 154, 149, 131, 101, 75
868, 867, 855, 819, 818, 817, 788, 770, 738, 735, 704, 677, 660, 649, 648, 622, 593, 571, 549, 550, 540, 503, 499, 461, 456, 417, 405, 383, 369, 343, 317, 295, 273, 244, 236, 213, 196, 154, 149, 131, 99, 76
868, 867, 855, 819, 818, 817, 788, 770, 738, 735, 704, 677, 660, 649, 648, 622, 593, 571, 549, 550, 540, 503, 499, 461, 456, 417, 405, 383, 369, 343, 317, 295, 273, 244, 235, 215, 175, 174, 150, 130, 98, 77
868, 869, 888, 919, 936, 946, 969, 991, 1010, 1033, 1063, 1082, 1101, 1123, 1152, 1161, 1189, 1211, 1224, 1225, 1248, 1276, 1288, 1289, 1305, 1323, 1350, 1364, 1398, 1399, 1409, 1442, 1450, 1477, 1500, 1526, 1544, 8, 31, 55, 78
868, 857, 822, 808, 765, 757, 716, 709, 673, 655, 631, 614, 607, 585, 563, 527, 512, 490, 474, 446, 429, 395, 372, 373, 356, 335, 325, 303, 268, 251, 230, 199, 181, 169, 132, 125, 95, 96, 79
868, 857, 822, 808, 765, 757, 716, 709, 673, 655, 631, 614, 607, 585, 563, 527, 512, 490, 474, 446, 429, 395, 372, 373, 356, 335, 325, 303, 268, 251, 230, 199, 181, 169, 132, 125, 95, 80
868, 857, 822, 808, 765, 757, 716, 709, 673, 655, 631, 614, 607, 585, 563, 527, 512, 490, 474, 446, 429, 395, 372, 373, 356, 335, 325, 303, 268, 251, 230, 199, 181, 169, 132, 125, 94, 81
868, 869, 888, 919, 936, 946, 969, 991, 1010, 1033, 1063, 1082, 1101, 1123, 1152, 1161, 1189, 1211, 1224, 1225, 1248, 1276, 1288, 1289, 1305, 1323, 1350, 1364, 1398, 1407, 1440, 1455, 1474, 1503, 1522, 1542, 12, 34, 33, 57, 82
868, 869, 888, 919, 936, 946, 969, 991, 1010, 1033, 1063, 1082, 1101, 1123, 1152, 1161, 1189, 1211, 1224, 1225, 1248, 1276, 1288, 1289, 1305, 1323, 1350, 1364, 1398, 1407, 1440, 1455, 1474, 1503, 1522, 1542, 12, 35, 58, 83
868, 887, 920, 935, 945, 971, 989, 1007, 1032, 1064, 1083, 1102, 1120, 1154, 1160, 1187, 1188, 1210, 1223, 1246, 1278, 1286, 1302, 1326, 1354, 1380, 1394, 1404, 1437, 1458, 1472, 1506, 1521, 1540, 14, 37, 59, 84
868, 887, 920, 935, 945, 971, 989, 1007, 1032, 1064, 1083, 1102, 1120, 1154, 1160, 1187, 1188, 1210, 1223, 1246, 1278, 1286, 1302, 1326, 1354, 1380, 1394, 1404, 1437, 1458, 1472, 1506, 1521, 1540, 14, 37, 60, 85
868, 887, 920, 935, 945, 971, 989, 1007, 1032, 1064, 1083, 1102, 1120, 1154, 1160, 1187, 1188, 1210, 1223, 1246, 1278, 1286, 1302, 1326, 1354, 1380, 1394, 1404, 1437, 1458, 1472, 1506, 1521, 1540, 14, 37, 61, 86
868, 857, 822, 808, 765, 757, 716, 709, 673, 655, 631, 614, 607, 585, 563, 527, 512, 490, 474, 446, 430, 394, 393, 358, 332, 308, 285, 262, 256, 225, 204, 186, 164, 138, 119, 88, 87
868, 857, 822, 808, 765, 757, 716, 709, 673, 655, 631, 614, 607, 585, 563, 527, 512, 490, 474, 446, 430, 394, 393, 358, 332, 308, 285, 262, 256, 225, 204, 186, 164, 138, 119, 88
868, 857, 822, 808, 765, 757, 716, 709, 673, 655, 631, 614, 607, 585, 563, 527, 512, 490, 474, 446, 430, 394, 393, 358, 332, 308, 285, 262, 256, 225, 204, 186, 164, 138, 120, 121, 89
868, 887, 920, 935, 945, 971, 989, 1007, 1032, 1064, 1083, 1102, 1120, 1154, 1160, 1187, 1188, 1210, 1223, 1246, 1278, 1286, 1302, 1326, 1354, 1380, 1394, 1404, 1437, 1458, 1472, 1506, 1521, 1540, 14, 37, 60, 85, 90
868, 887, 920, 935, 945, 971, 989, 1007, 1032, 1064, 1083, 1102, 1120, 1154, 1160, 1187, 1188, 1210, 1223, 1246, 1278, 1286, 1302, 1326, 1354, 1380, 1394, 1404, 1437, 1458, 1472, 1506, 1521, 1540, 14, 37, 60, 85, 91
868, 869, 888, 919, 936, 946, 969, 991, 1010, 1033, 1063, 1082, 1101, 1123, 1152, 1161, 1189, 1211, 1224, 1225, 1248, 1276, 1288, 1289, 1305, 1323, 1350, 1364, 1398, 1407, 1440, 1455, 1474, 1503, 1522, 1542, 12, 35, 58, 83, 92
868, 857, 822, 808, 765, 757, 716, 709, 673, 655, 631, 614, 607, 585, 563, 527, 512, 490, 474, 446, 429, 395, 372, 373, 356, 335, 325, 303, 268, 251, 230, 199, 182, 168, 134, 124, 93
868, 857, 822, 808, 765, 757, 716, 709, 673, 655, 631, 614, 607, 585, 563, 527, 512, 490, 474, 446, 429, 395, 372, 373, 356, 335, 325, 303, 268, 251, 230, 199, 181, 169, 132, 125, 94
868, 857, 822, 808, 765, 757, 716, 709, 673, 655, 631, 614, 607, 585, 563, 527, 512, 490, 474, 446, 429, 395, 372, 373, 356, 335, 325, 303, 268, 251, 230, 199, 181, 169, 132, 125, 95
868, 857, 822, 808, 765, 757, 716, 709, 673, 655, 631, 614, 607, 585, 563, 527, 512, 490, 474, 446, 429, 395, 372, 373, 356, 335, 325, 303, 268, 251, 230, 199, 181, 169, 132, 125, 95, 96
868, 867, 855, 819, 818, 817, 788, 770, 738, 735, 704, 677, 660, 649, 648, 622, 593, 571, 549, 550, 540, 503, 499, 461, 456, 417, 405, 383, 369, 343, 317, 295, 273, 244, 235, 215, 175, 176, 173, 172, 152, 127, 97
868, 867, 855, 819, 818, 817, 788, 770, 738, 735, 704, 677, 660, 649, 648, 622, 593, 571, 549, 550, 540, 503, 499, 461, 456, 417, 405, 383, 369, 343, 317, 295, 273, 244, 235, 215, 175, 174, 150, 130, 98
868, 867, 855, 819, 818, 817, 788, 770, 738, 735, 704, 677, 660, 649, 648, 622, 593, 571, 549, 550, 540, 503, 499, 461, 456, 417, 405, 383, 369, 343, 317, 295, 273, 244, 236, 213, 196, 154, 149, 131, 99
