904, 925, 957, 978, 1002, 1020, 1046, 1049, 1090, 1109, 1111, 1140, 1139, 1176, 1182, 1203, 1236, 1260, 1265, 1300, 1315, 1335, 1362, 1373, 1387, 1417, 1430, 1465, 1484, 1493, 1511, 1553, 0
904, 925, 957, 978, 1002, 1020, 1046, 1049, 1090, 1109, 1111, 1140, 1139, 1176, 1182, 1203, 1236, 1260, 1265, 1300, 1315, 1335, 1362, 1373, 1387, 1417, 1430, 1465, 1484, 1493, 1511, 1553, 1
904, 925, 957, 978, 1002, 1020, 1046, 1049, 1090, 1109, 1111, 1140, 1139, 1176, 1182, 1203, 1236, 1260, 1265, 1300, 1315, 1335, 1362, 1373, 1387, 1417, 1430, 1465, 1484, 1493, 1511, 1552, 2
904, 925, 957, 978, 1002, 1020, 1046, 1049, 1090, 1109, 1111, 1140, 1139, 1176, 1182, 1203, 1236, 1260, 1265, 1300, 1315, 1335, 1362, 1373, 1387, 1417, 1430, 1465, 1484, 1493, 1511, 1552, 2, 3
904, 925, 957, 978, 1002, 1020, 1046, 1052, 1070, 1110, 1113, 1141, 1174, 1179, 1201, 1234, 1257, 1268, 1296, 1312, 1338, 1344, 1370, 1383, 1413, 1425, 1447, 1481, 1496, 1509, 1550, 4
904, 925, 957, 978, 1002, 1020, 1046, 1052, 1070, 1110, 1113, 1141, 1174, 1179, 1201, 1234, 1257, 1268, 1296, 1312, 1338, 1344, 1370, 1383, 1413, 1425, 1447, 1481, 1496, 1508, 1549, 5
904, 925, 957, 978, 1002, 1020, 1046, 1052, 1070, 1110, 1113, 1141, 1174, 1179, 1201, 1234, 1257, 1268, 1296, 1312, 1338, 1344, 1370, 1383, 1413, 1426, 1448, 1480, 1498, 1530, 1547, 6
904, 925, 957, 978, 1002, 1020, 1046, 1052, 1070, 1110, 1113, 1141, 1174, 1179, 1201, 1234, 1257, 1268, 1296, 1312, 1338, 1344, 1370, 1383, 1413, 1426, 1448, 1480, 1498, 1529, 1546, 7
904, 925, 924, 956, 979, 980, 999, 1017, 1043, 1054, 1073, 1092, 1134, 1144, 1171, 1198, 1220, 1232, 1255, 1270, 1294, 1310, 1340, 1346, 1367, 1401, 1411, 1410, 1443, 1450, 1477, 1500, 1526, 1544, 8
904, 925, 924, 956, 979, 980, 999, 1017, 1043, 1054, 1073, 1092, 1134, 1144, 1171, 1198, 1220, 1232, 1255, 1270, 1294, 1310, 1340, 1346, 1367, 1401, 1411, 1410, 1443, 1450, 1477, 1500, 1526, 1544, 9
904, 879, 861, 847, 810, 795, 777, 744, 729, 699, 681, 664, 644, 624, 596, 573, 552, 538, 501, 500, 459, 437, 421, 402, 379, 351, 339, 322, 301, 269, 250, 231, 198, 180, 170, 133, 125, 94, 81, 57, 33, 10
904, 879, 861, 847, 810, 795, 777, 744, 729, 699, 681, 664, 644, 624, 596, 573, 552, 538, 501, 500, 459, 437, 421, 402, 379, 351, 339, 322, 301, 269, 250, 231, 198, 180, 170, 133, 125, 94, 81, 57, 33, 10, 11
904, 879, 861, 847, 810, 795, 777, 744, 729, 699, 681, 664, 644, 624, 596, 573, 552, 538, 501, 500, 459, 437, 421, 402, 379, 351, 339, 322, 301, 269, 250, 231, 198, 180, 170, 133, 125, 94, 81, 57, 33, 34, 12
904, 925, 924, 956, 979, 980, 999, 1017, 1043, 1055, 1074, 1093, 1133, 1145, 1168, 1196, 1218, 1230, 1229, 1252, 1273, 1291, 1306, 1322, 1323, 1350, 1364, 1398, 1407, 1440, 1455, 1474, 1503, 1522, 1541, 13
904, 925, 957, 978, 1002, 1020, 1046, 1049, 1090, 1109, 1111, 1140, 1139, 1138, 1177, 1184, 1205, 1238, 1262, 1264, 1282, 1283, 1320, 1330, 1356, 1379, 1393, 1424, 1435, 1459, 1471, 1472, 1506, 1521, 1540, 14
904, 925, 957, 978, 1002, 1020, 1046, 1049, 1090, 1109, 1111, 1140, 1139, 1138, 1177, 1184, 1205, 1238, 1262, 1264, 1282, 1283, 1320, 1330, 1356, 1379, 1393, 1424, 1435, 1459, 1471, 1507, 1518, 1538, 15
904, 925, 957, 978, 1002, 1020, 1046, 1049, 1090, 1109, 1111, 1140, 1139, 1138, 1177, 1184, 1205, 1238, 1262, 1264, 1282, 1283, 1320, 1330, 1357, 1378, 1391, 1422, 1434, 1461, 1469, 1487, 1517, 1537, 16
904, 925, 957, 978, 1002, 1020, 1046, 1049, 1090, 1109, 1111, 1140, 1139, 1138, 1177, 1184, 1205, 1238, 1262, 1264, 1282, 1283, 1320, 1330, 1357, 1378, 1391, 1422, 1434, 1461, 1468, 1489, 1516, 1536, 17
904, 925, 957, 978, 1002, 1020, 1046, 1049, 1090, 1109, 1111, 1140, 1139, 1138, 1177, 1184, 1205, 1238, 1262, 1264, 1282, 1317, 1332, 1358, 1376, 1390, 1419, 1432, 1462, 1467, 1490, 1515, 1535, 18
904, 925, 957, 978, 1002, 1020, 1046, 1049, 1090, 1109, 1111, 1140, 1139, 1176, 1182, 1203, 1236, 1260, 1265, 1300, 1315, 1335, 1362, 1373, 1387, 1417, 1430, 1465, 1485, 1492, 1512, 1532, 1533, 19
904, 925, 957, 978, 1002, 1020, 1046, 1049, 1090, 1109, 1111, 1140, 1139, 1176, 1182, 1203, 1236, 1260, 1265, 1300, 1315, 1335, 1362, 1373, 1387, 1417, 1430, 1465, 1485, 1492, 1512, 1532, 20
904, 925, 957, 978, 1002, 1020, 1046, 1049, 1090, 1109, 1111, 1140, 1139, 1176, 1182, 1203, 1236, 1260, 1265, 1300, 1315, 1335, 1362, 1373, 1387, 1417, 1430, 1465, 1485, 1492, 1512, 1532, 1533, 19, 22, 21
904, 925, 957, 978, 1002, 1020, 1046, 1049, 1090, 1109, 1111, 1140, 1139, 1176, 1182, 1203, 1236, 1260, 1265, 1300, 1315, 1335, 1362, 1373, 1387, 1417, 1430, 1465, 1485, 1492, 1512, 1532, 1533, 19, 22
904, 925, 957, 978, 1002, 1020, 1046, 1049, 1090, 1109, 1111, 1140, 1139, 1176, 1182, 1203, 1236, 1260, 1265, 1300, 1315, 1335, 1362, 1373, 1387, 1417, 1430, 1465, 1484, 1493, 1511, 1553, 0, 23
904, 925, 957, 978, 1002, 1020, 1046, 1049, 1090, 1109, 1111, 1140, 1139, 1176, 1182, 1203, 1236, 1260, 1265, 1300, 1315, 1335, 1362, 1373, 1387, 1417, 1430, 1465, 1484, 1493, 1511, 1553, 1, 24
904, 925, 957, 978, 1002, 1020, 1046, 1052, 1070, 1110, 1113, 1141, 1174, 1179, 1201, 1234, 1257, 1268, 1296, 1312, 1338, 1344, 1370, 1383, 1413, 1425, 1447, 1481, 1496, 1509, 1550, 4, 25
904, 925, 957, 978, 1002, 1020, 1046, 1052, 1070, 1110, 1113, 1141, 1174, 1179, 1201, 1234, 1257, 1268, 1296, 1312, 1338, 1344, 1370, 1383, 1413, 1425, 1447, 1481, 1496, 1509, 1550, 4, 26
904, 925, 957, 978, 1002, 1020, 1046, 1052, 1070, 1110, 1113, 1141, 1174, 1179, 1201, 1234, 1257, 1268, 1296, 1312, 1338, 1344, 1370, 1383, 1413, 1425, 1447, 1481, 1496, 1508, 1549, 5, 27
904, 925, 957, 978, 1002, 1020, 1046, 1052, 1070, 1110, 1113, 1141, 1174, 1179, 1201, 1234, 1257, 1268, 1296, 1312, 1338, 1344, 1370, 1383, 1413, 1426, 1448, 1480, 1498, 1530, 1547, 6, 28
904, 925, 957, 978, 1002, 1020, 1046, 1052, 1070, 1110, 1113, 1141, 1174, 1179, 1201, 1234, 1257, 1268, 1296, 1312, 1338, 1344, 1370, 1383, 1413, 1426, 1448, 1480, 1498, 1529, 1546, 7, 29
904, 925, 957, 978, 1002, 1020, 1046, 1052, 1070, 1110, 1113, 1141, 1174, 1179, 1201, 1234, 1257, 1268, 1296, 1312, 1338, 1344, 1370, 1383, 1413, 1426, 1448, 1480, 1498, 1529, 1546, 7, 30
904, 925, 957, 978, 1002, 1020, 1046, 1052, 1070, 1110, 1113, 1141, 1174, 1179, 1201, 1234, 1257, 1268, 1296, 1312, 1338, 1344, 1370, 1383, 1413, 1426, 1448, 1480, 1498, 1529, 1546, 7, 30, 31
904, 879, 861, 847, 810, 795, 777, 744, 729, 699, 681, 664, 644, 624, 596, 573, 552, 538, 501, 500, 459, 437, 421, 402, 379, 351, 339, 322, 301, 269, 250, 231, 198, 180, 170, 133, 125, 95, 80, 56, 32
904, 879, 861, 847, 810, 795, 777, 744, 729, 699, 681, 664, 644, 624, 596, 573, 552, 538, 501, 500, 459, 437, 421, 402, 379, 351, 339, 322, 301, 269, 250, 231, 198, 180, 170, 133, 125, 94, 81, 57, 33
904, 879, 861, 847, 810, 795, 777, 744, 729, 699, 681, 664, 644, 624, 596, 573, 552, 538, 501, 500, 459, 437, 421, 402, 379, 351, 339, 322, 301, 269, 250, 231, 198, 180, 170, 133, 125, 94, 81, 57, 33, 34
904, 879, 861, 847, 810, 795, 777, 744, 729, 699, 681, 664, 644, 624, 596, 573, 552, 538, 501, 500, 459, 437, 421, 402, 379, 351, 339, 322, 301, 269, 250, 231, 198, 180, 170, 133, 125, 94, 81, 57, 33, 34, 35
904, 925, 924, 956, 979, 980, 999, 1017, 1043, 1055, 1074, 1093, 1133, 1145, 1168, 1196, 1218, 1230, 1229, 1252, 1273, 1291, 1306, 1322, 1323, 1350, 1364, 1398, 1407, 1440, 1455, 1474, 1503, 1522, 1541, 13, 36
904, 925, 957, 978, 1002, 1020, 1046, 1049, 1090, 1109, 1111, 1140, 1139, 1138, 1177, 1184, 1205, 1238, 1262, 1264, 1282, 1283, 1320, 1330, 1356, 1379, 1393, 1424, 1435, 1459, 1471, 1472, 1506, 1521, 1540, 14, 37
904, 925, 957, 978, 1002, 1020, 1046, 1049, 1090, 1109, 1111, 1140, 1139, 1138, 1177, 1184, 1205, 1238, 1262, 1264, 1282, 1283, 1320, 1330, 1356, 1379, 1393, 1424, 1435, 1459, 1471, 1507, 1518, 1538, 15, 38
904, 925, 957, 978, 1002, 1020, 1046, 1049, 1090, 1109, 1111, 1140, 1139, 1138, 1177, 1184, 1205, 1238, 1262, 1264, 1282, 1283, 1320, 1330, 1357, 1378, 1391, 1422, 1434, 1461, 1469, 1487, 1517, 1537, 16, 39
904, 925, 957, 978, 1002, 1020, 1046, 1049, 1090, 1109, 1111, 1140, 1139, 1138, 1177, 1184, 1205, 1238, 1262, 1264, 1282, 1283, 1320, 1330, 1357, 1378, 1391, 1422, 1434, 1461, 1468, 1489, 1516, 1536, 17, 40
904, 925, 957, 978, 1002, 1020, 1046, 1049, 1090, 1109, 1111, 1140, 1139, 1138, 1177, 1184, 1205, 1238, 1262, 1264, 1282, 1283, 1320, 1330, 1357, 1378, 1391, 1422, 1434, 1461, 1468, 1489, 1516, 1536, 17, 41
904, 925, 957, 978, 1002, 1020, 1046, 1049, 1090, 1109, 1111, 1140, 1139, 1138, 1177, 1184, 1205, 1238, 1262, 1264, 1282, 1283, 1320, 1330, 1357, 1378, 1391, 1422, 1434, 1461, 1468, 1489, 1516, 1536, 17, 40, 42
904, 925, 957, 978, 1002, 1020, 1046, 1049, 1090, 1109, 1111, 1140, 1139, 1138, 1177, 1184, 1205, 1238, 1262, 1264, 1282, 1283, 1320, 1330, 1357, 1378, 1391, 1422, 1434, 1461, 1468, 1489, 1516, 1536, 17, 41, 43
904, 925, 957, 978, 1002, 1020, 1046, 1049, 1090, 1109, 1111, 1140, 1139, 1176, 1182, 1203, 1236, 1260, 1265, 1300, 1315, 1335, 1362, 1373, 1387, 1417, 1430, 1465, 1485, 1492, 1512, 1532, 1533, 19, 22, 21, 44
904, 925, 957, 978, 1002, 1020, 1046, 1049, 1090, 1109, 1111, 1140, 1139, 1176, 1182, 1203, 1236, 1260, 1265, 1300, 1315, 1335, 1362, 1373, 1387, 1417, 1430, 1465, 1485, 1492, 1512, 1532, 1533, 19, 22, 21, 45
904, 925, 957, 978, 1002, 1020, 1046, 1049, 1090, 1109, 1111, 1140, 1139, 1176, 1182, 1203, 1236, 1260, 1265, 1300, 1315, 1335, 1362, 1373, 1387, 1417, 1430, 1465, 1485, 1492, 1512, 1532, 1533, 19, 22, 46
904, 925, 957, 978, 1002, 1020, 1046, 1049, 1090, 1109, 1111, 1140, 1139, 1176, 1182, 1203, 1236, 1260, 1265, 1300, 1315, 1335, 1362, 1373, 1387, 1417, 1430, 1465, 1484, 1493, 1511, 1553, 0, 23, 47
904, 925, 957, 978, 1002, 1020, 1046, 1049, 1090, 1109, 1111, 1140, 1139, 1176, 1182, 1203, 1236, 1260, 1265, 1300, 1315, 1335, 1362, 1373, 1387, 1417, 1430, 1465, 1484, 1493, 1511, 1553, 1, 24, 48
904, 925, 957, 978, 1002, 1020, 1046, 1052, 1070, 1110, 1113, 1141, 1174, 1179, 1201, 1234, 1257, 1268, 1296, 1312, 1338, 1344, 1370, 1383, 1413, 1425, 1447, 1481, 1496, 1509, 1550, 4, 26, 49
904, 925, 957, 978, 1002, 1020, 1046, 1052, 1070, 1110, 1113, 1141, 1174, 1179, 1201, 1234, 1257, 1268, 1296, 1312, 1338, 1344, 1370, 1383, 1413, 1425, 1447, 1481, 1496, 1509, 1550, 4, 26, 50
904, 879, 861, 847, 810, 795, 777, 744, 729, 699, 681, 664, 644, 624, 596, 573, 551, 539, 503, 499, 461, 456, 417, 405, 383, 369, 343, 317, 295, 273, 244, 236, 213, 196, 154, 149, 131, 101, 75, 51
904, 879, 861, 847, 810, 795, 777, 744, 729, 699, 681, 664, 644, 624, 596, 573, 551, 539, 503, 499, 461, 456, 417, 405, 383, 369, 343, 317, 295, 273, 244, 236, 213, 196, 154, 149, 131, 101, 75, 52
904, 879, 861, 847, 810, 795, 777, 744, 729, 699, 681, 664, 644, 624, 596, 573, 551, 539, 503, 499, 461, 456, 417, 405, 383, 369, 343, 317, 295, 273, 244, 235, 215, 175, 174, 150, 130, 98, 77, 53
904, 925, 957, 978, 1002, 1020, 1046, 1052, 1070, 1110, 1113, 1141, 1174, 1179, 1201, 1234, 1257, 1268, 1296, 1312, 1338, 1344, 1370, 1383, 1413, 1426, 1448, 1480, 1498, 1529, 1546, 7, 30, 54
904, 879, 861, 847, 810, 795, 777, 744, 729, 699, 681, 664, 644, 624, 596, 573, 552, 538, 501, 500, 459, 437, 421, 402, 379, 351, 339, 322, 299, 270, 249, 232, 197, 178, 171, 153, 126, 96, 79, 55
904, 879, 861, 847, 810, 795, 777, 744, 729, 699, 681, 664, 644, 624, 596, 573, 552, 538, 501, 500, 459, 437, 421, 402, 379, 351, 339, 322, 301, 269, 250, 231, 198, 180, 170, 133, 125, 95, 80, 56
904, 879, 861, 847, 810, 795, 777, 744, 729, 699, 681, 664, 644, 624, 596, 573, 552, 538, 501, 500, 459, 437, 421, 402, 379, 351, 339, 322, 301, 269, 250, 231, 198, 180, 170, 133, 125, 94, 81, 57
904, 879, 861, 847, 810, 795, 777, 744, 729, 699, 681, 664, 644, 624, 596, 573, 552, 538, 501, 500, 459, 437, 421, 402, 379, 351, 339, 322, 301, 269, 250, 231, 198, 180, 170, 133, 125, 94, 81, 57, 58
904, 879, 861, 847, 810, 795, 777, 744, 729, 699, 681, 664, 644, 624, 596, 573, 552, 538, 501, 500, 459, 437, 421, 402, 379, 351, 339, 322, 301, 269, 250, 231, 198, 180, 170, 133, 125, 94, 81, 57, 58, 59
904, 879, 861, 847, 810, 795, 777, 744, 729, 699, 681, 664, 644, 624, 596, 573, 552, 538, 501, 500, 459, 437, 421, 402, 379, 351, 339, 322, 301, 269, 268, 267, 252, 228, 200, 183, 167, 135, 123, 91, 85, 60
904, 879, 861, 847, 810, 795, 777, 744, 729, 699, 681, 664, 644, 624, 596, 573, 552, 538, 501, 500, 459, 437, 421, 402, 379, 351, 339, 322, 301, 269, 268, 267, 252, 228, 200, 183, 167, 135, 123, 91, 85, 61
904, 925, 957, 978, 1002, 1020, 1046, 1049, 1090, 1109, 1111, 1140, 1139, 1138, 1177, 1184, 1205, 1238, 1262, 1264, 1282, 1283, 1320, 1330, 1356, 1379, 1393, 1424, 1435, 1459, 1471, 1507, 1518, 1538, 15, 38, 62
904, 925, 957, 978, 1002, 1020, 1046, 1049, 1090, 1109, 1111, 1140, 1139, 1138, 1177, 1184, 1205, 1238, 1262, 1264, 1282, 1283, 1320, 1330, 1357, 1378, 1391, 1422, 1434, 1461, 1468, 1489, 1516, 1536, 17, 40, 42, 63
904, 925, 957, 978, 1002, 1020, 1046, 1049, 1090, 1109, 1111, 1140, 1139, 1138, 1177, 1184, 1205, 1238, 1262, 1264, 1282, 1283, 1320, 1330, 1357, 1378, 1391, 1422, 1434, 1461, 1468, 1489, 1516, 1536, 17, 40, 42, 64
904, 925, 957, 978, 1002, 1020, 1046, 1049, 1090, 1109, 1111, 1140, 1139, 1138, 1177, 1184, 1205, 1238, 1262, 1264, 1282, 1283, 1320, 1330, 1357, 1378, 1391, 1422, 1434, 1461, 1468, 1489, 1516, 1536, 17, 41, 43, 65
904, 925, 957, 978, 1002, 1020, 1046, 1049, 1090, 1109, 1111, 1140, 1139, 1176, 1182, 1203, 1236, 1260, 1265, 1300, 1315, 1335, 1362, 1373, 1387, 1417, 1430, 1465, 1485, 1492, 1512, 1532, 1533, 19, 22, 46, 66
904, 879, 861, 847, 810, 795, 777, 744, 729, 699, 681, 664, 644, 624, 596, 573, 551, 539, 503, 499, 462, 455, 416, 406, 384, 367, 346, 315, 292, 291, 278, 240, 218, 219, 209, 192, 159, 143, 114, 105, 67
904, 925, 957, 978, 1002, 1020, 1046, 1049, 1090, 1109, 1111, 1140, 1139, 1176, 1182, 1203, 1236, 1260, 1265, 1300, 1315, 1335, 1362, 1373, 1387, 1417, 1430, 1465, 1484, 1493, 1511, 1553, 0, 23, 47, 68
904, 925, 957, 978, 1002, 1020, 1046, 1049, 1090, 1109, 1111, 1140, 1139, 1176, 1182, 1203, 1236, 1260, 1265, 1300, 1315, 1335, 1362, 1373, 1387, 1417, 1430, 1465, 1484, 1493, 1511, 1553, 1, 24, 48, 70, 69
904, 925, 957, 978, 1002, 1020, 1046, 1049, 1090, 1109, 1111, 1140, 1139, 1176, 1182, 1203, 1236, 1260, 1265, 1300, 1315, 1335, 1362, 1373, 1387, 1417, 1430, 1465, 1484, 1493, 1511, 1553, 1, 24, 48, 70
904, 925, 957, 978, 1002, 1020, 1046, 1052, 1070, 1110, 1113, 1141, 1174, 1179, 1201, 1234, 1257, 1268, 1296, 1312, 1338, 1344, 1370, 1383, 1413, 1425, 1447, 1481, 1496, 1509, 1550, 4, 26, 49, 71
904, 925, 957, 978, 1002, 1020, 1046, 1052, 1070, 1110, 1113, 1141, 1174, 1179, 1201, 1234, 1257, 1268, 1296, 1312, 1338, 1344, 1370, 1383, 1413, 1425, 1447, 1481, 1496, 1509, 1550, 4, 26, 49, 72
904, 925, 957, 978, 1002, 1020, 1046, 1052, 1070, 1110, 1113, 1141, 1174, 1179, 1201, 1234, 1257, 1268, 1296, 1312, 1338, 1344, 1370, 1383, 1413, 1425, 1447, 1481, 1496, 1509, 1550, 4, 26, 50, 73
904, 925, 957, 978, 1002, 1020, 1046, 1052, 1070, 1110, 1113, 1141, 1174, 1179, 1201, 1234, 1257, 1268, 1296, 1312, 1338, 1344, 1370, 1383, 1413, 1425, 1447, 1481, 1496, 1509, 1550, 4, 26, 50, 74
904, 879, 861, 847, 810, 795, 777, 744, 729, 699, 681, 664, 644, 624, 596, 573, 551, 539, 503, 499, 461, 456, 417, 405, 383, 369, 343, 317, 295, 273, 244, 236, 213, 196, 154, 149, 131, 101, 75
904, 879, 861, 847, 810, 795, 777, 744, 729, 699, 681, 664, 644, 624, 596, 573, 551, 539, 503, 499, 461, 456, 417, 405, 383, 369, 343, 317, 295, 273, 244, 236, 213, 196, 154, 149, 131, 99, 76
904, 879, 861, 847, 810, 795, 777, 744, 729, 699, 681, 664, 644, 624, 596, 573, 551, 539, 503, 499, 461, 456, 417, 405, 383, 369, 343, 317, 295, 273, 244, 235, 215, 175, 174, 150, 130, 98, 77
904, 879, 861, 847, 810, 795, 777, 744, 729, 699, 681, 664, 644, 624, 596, 573, 552, 538, 501, 500, 459, 437, 421, 402, 379, 351, 339, 322, 299, 270, 249, 232, 197, 178, 171, 153, 127, 97, 78
904, 879, 861, 847, 810, 795, 777, 744, 729, 699, 681, 664, 644, 624, 596, 573, 552, 538, 501, 500, 459, 437, 421, 402, 379, 351, 339, 322, 299, 270, 249, 232, 197, 178, 171, 153, 126, 96, 79
904, 879, 861, 847, 810, 795, 777, 744, 729, 699, 681, 664, 644, 624, 596, 573, 552, 538, 501, 500, 459, 437, 421, 402, 379, 351, 339, 322, 301, 269, 250, 231, 198, 180, 170, 133, 125, 95, 80
904, 879, 861, 847, 810, 795, 777, 744, 729, 699, 681, 664, 644, 624, 596, 573, 552, 538, 501, 500, 459, 437, 421, 402, 379, 351, 339, 322, 301, 269, 250, 231, 198, 180, 170, 133, 125, 94, 81
904, 879, 861, 847, 810, 795, 777, 744, 729, 699, 681, 664, 644, 624, 596, 573, 552, 538, 501, 500, 459, 437, 421, 402, 379, 351, 339, 322, 301, 269, 250, 231, 198, 180, 170, 133, 125, 94, 81, 82
904, 879, 861, 847, 810, 795, 777, 744, 729, 699, 681, 664, 644, 624, 596, 573, 552, 538, 501, 500, 459, 437, 421, 402, 379, 351, 339, 322, 301, 269, 250, 231, 198, 180, 170, 133, 125, 94, 81, 82, 83
904, 879, 861, 847, 810, 795, 777, 744, 729, 699, 681, 664, 644, 624, 596, 573, 552, 538, 501, 500, 459, 437, 421, 402, 379, 351, 339, 322, 301, 269, 250, 231, 198, 180, 170, 133, 125, 94, 81, 82, 83, 84
904, 879, 861, 847, 810, 795, 777, 744, 729, 699, 681, 664, 644, 624, 596, 573, 552, 538, 501, 500, 459, 437, 421, 402, 379, 351, 339, 322, 301, 269, 268, 267, 252, 228, 200, 183, 167, 135, 123, 91, 85
904, 879, 861, 847, 810, 795, 777, 744, 729, 699, 681, 664, 644, 624, 596, 573, 552, 538, 501, 500, 459, 437, 421, 402, 379, 351, 339, 322, 301, 269, 268, 267, 252, 228, 200, 183, 167, 135, 123, 91, 85, 86
904, 925, 957, 978, 1002, 1020, 1046, 1049, 1090, 1109, 1111, 1140, 1139, 1138, 1177, 1184, 1205, 1238, 1262, 1264, 1282, 1283, 1320, 1330, 1356, 1379, 1393, 1424, 1435, 1459, 1471, 1507, 1518, 1538, 15, 38, 62, 87
904, 905, 906, 907, 908, 897, 877, 843, 831, 801, 783, 784, 751, 722, 692, 691, 670, 652, 635, 612, 604, 582, 561, 529, 513, 490, 474, 446, 430, 394, 393, 358, 332, 308, 285, 262, 256, 225, 204, 186, 164, 138, 119, 88
904, 879, 861, 847, 810, 795, 777, 744, 729, 699, 681, 664, 644, 624, 596, 573, 552, 538, 501, 500, 459, 437, 421, 402, 379, 351, 339, 322, 301, 269, 268, 267, 252, 228, 200, 183, 167, 166, 136, 122, 89
904, 879, 861, 847, 810, 795, 777, 744, 729, 699, 681, 664, 644, 624, 596, 573, 552, 538, 501, 500, 459, 437, 421, 402, 379, 351, 339, 322, 301, 269, 268, 267, 252, 228, 200, 183, 167, 135, 123, 91, 90
904, 879, 861, 847, 810, 795, 777, 744, 729, 699, 681, 664, 644, 624, 596, 573, 552, 538, 501, 500, 459, 437, 421, 402, 379, 351, 339, 322, 301, 269, 268, 267, 252, 228, 200, 183, 167, 135, 123, 91
904, 879, 861, 847, 810, 795, 777, 744, 729, 699, 681, 664, 644, 624, 596, 573, 552, 538, 501, 500, 459, 437, 421, 402, 379, 351, 339, 322, 301, 269, 250, 231, 198, 180, 170, 133, 125, 124, 92
904, 879, 861, 847, 810, 795, 777, 744, 729, 699, 681, 664, 644, 624, 596, 573, 552, 538, 501, 500, 459, 437, 421, 402, 379, 351, 339, 322, 301, 269, 250, 231, 198, 180, 170, 133, 125, 124, 93
904, 879, 861, 847, 810, 795, 777, 744, 729, 699, 681, 664, 644, 624, 596, 573, 552, 538, 501, 500, 459, 437, 421, 402, 379, 351, 339, 322, 301, 269, 250, 231, 198, 180, 170, 133, 125, 94
904, 879, 861, 847, 810, 795, 777, 744, 729, 699, 681, 664, 644, 624, 596, 573, 552, 538, 501, 500, 459, 437, 421, 402, 379, 351, 339, 322, 301, 269, 250, 231, 198, 180, 170, 133, 125, 95
904, 879, 861, 847, 810, 795, 777, 744, 729, 699, 681, 664, 644, 624, 596, 573, 552, 538, 501, 500, 459, 437, 421, 402, 379, 351, 339, 322, 299, 270, 249, 232, 197, 178, 171, 153, 126, 96
904, 879, 861, 847, 810, 795, 777, 744, 729, 699, 681, 664, 644, 624, 596, 573, 552, 538, 501, 500, 459, 437, 421, 402, 379, 351, 339, 322, 299, 270, 249, 232, 197, 178, 171, 153, 127, 97
904, 879, 861, 847, 810, 795, 777, 744, 729, 699, 681, 664, 644, 624, 596, 573, 551, 539, 503, 499, 461, 456, 417, 405, 383, 369, 343, 317, 295, 273, 244, 235, 215, 175, 174, 150, 130, 98
904, 879, 861, 847, 810, 795, 777, 744, 729, 699, 681, 664, 644, 624, 596, 573, 551, 539, 503, 499, 461, 456, 417, 405, 383, 369, 343, 317, 295, 273, 244, 236, 213, 196, 154, 149, 131, 99
