908, 923, 955, 979, 1000, 1018, 1045, 1053, 1072, 1091, 1136, 1142, 1141, 1174, 1179, 1201, 1234, 1258, 1266, 1297, 1313, 1337, 1343, 1371, 1384, 1415, 1428, 1446, 1483, 1494, 1511, 1553, 0
908, 923, 955, 979, 1000, 1018, 1045, 1053, 1072, 1091, 1136, 1142, 1141, 1174, 1179, 1201, 1234, 1258, 1266, 1297, 1313, 1337, 1343, 1371, 1384, 1415, 1428, 1446, 1483, 1494, 1511, 1553, 1
908, 923, 955, 979, 1000, 1018, 1045, 1053, 1072, 1091, 1136, 1142, 1141, 1174, 1179, 1201, 1234, 1258, 1266, 1297, 1313, 1337, 1343, 1371, 1384, 1415, 1428, 1446, 1483, 1494, 1511, 1552, 2
908, 923, 955, 979, 1000, 1018, 1045, 1053, 1072, 1091, 1136, 1142, 1141, 1174, 1179, 1201, 1234, 1257, 1268, 1296, 1312, 1338, 1344, 1370, 1383, 1413, 1425, 1447, 1481, 1496, 1509, 1510, 1551, 3
908, 923, 955, 979, 1000, 1018, 1045, 1053, 1072, 1091, 1136, 1142, 1141, 1174, 1179, 1201, 1234, 1257, 1268, 1296, 1312, 1338, 1344, 1370, 1383, 1413, 1425, 1447, 1481, 1496, 1509, 1550, 4
908, 923, 955, 979, 1000, 1018, 1045, 1053, 1072, 1091, 1136, 1142, 1141, 1174, 1179, 1201, 1234, 1257, 1268, 1296, 1312, 1338, 1344, 1370, 1383, 1413, 1425, 1447, 1481, 1496, 1508, 1549, 5
908, 923, 955, 979, 1000, 1018, 1045, 1053, 1072, 1091, 1136, 1142, 1141, 1174, 1179, 1201, 1234, 1257, 1268, 1296, 1312, 1338, 1344, 1370, 1383, 1413, 1426, 1448, 1480, 1498, 1530, 1547, 6
908, 923, 955, 979, 1000, 1018, 1045, 1053, 1072, 1091, 1136, 1142, 1141, 1174, 1179, 1201, 1234, 1257, 1268, 1296, 1312, 1338, 1344, 1370, 1383, 1413, 1426, 1448, 1480, 1498, 1529, 1546, 7
908, 923, 955, 980, 999, 1017, 1043, 1054, 1073, 1092, 1134, 1144, 1171, 1198, 1220, 1232, 1255, 1270, 1294, 1310, 1340, 1346, 1367, 1401, 1411, 1410, 1443, 1450, 1477, 1500, 1526, 1544, 8
908, 923, 955, 980, 999, 1017, 1043, 1054, 1073, 1092, 1134, 1144, 1171, 1198, 1220, 1232, 1255, 1270, 1294, 1310, 1340, 1346, 1367, 1401, 1411, 1410, 1443, 1450, 1477, 1500, 1526, 1544, 9
908, 923, 955, 980, 999, 1017, 1043, 1055, 1074, 1093, 1133, 1145, 1168, 1196, 1218, 1230, 1229, 1252, 1273, 1291, 1306, 1321, 1348, 1365, 1399, 1408, 1441, 1452, 1476, 1501, 1524, 1543, 10
908, 923, 955, 980, 999, 1017, 1043, 1055, 1074, 1093, 1133, 1145, 1168, 1196, 1218, 1230, 1229, 1252, 1273, 1291, 1306, 1321, 1348, 1365, 1399, 1408, 1441, 1452, 1476, 1501, 1524, 1543, 10, 11
908, 923, 955, 980, 999, 1017, 1043, 1055, 1074, 1093, 1133, 1145, 1168, 1196, 1218, 1230, 1229, 1252, 1273, 1291, 1306, 1321, 1348, 1365, 1399, 1408, 1441, 1453, 1475, 1502, 1523, 1542, 12
908, 923, 955, 980, 999, 1017, 1043, 1055, 1074, 1093, 1133, 1145, 1168, 1196, 1218, 1230, 1229, 1252, 1273, 1291, 1306, 1322, 1323, 1350, 1364, 1398, 1407, 1440, 1455, 1474, 1503, 1522, 1541, 13
908, 923, 955, 980, 999, 1017, 1043, 1055, 1074, 1093, 1133, 1145, 1168, 1196, 1218, 1230, 1229, 1252, 1273, 1291, 1306, 1322, 1323, 1351, 1363, 1397, 1406, 1439, 1456, 1473, 1504, 1521, 1540, 14
908, 923, 955, 980, 999, 1017, 1043, 1055, 1074, 1093, 1133, 1145, 1168, 1196, 1218, 1230, 1229, 1252, 1273, 1291, 1306, 1322, 1323, 1351, 1363, 1397, 1406, 1439, 1456, 1473, 1504, 1521, 1540, 14, 15
908, 923, 955, 980, 999, 1017, 1043, 1055, 1074, 1093, 1133, 1145, 1168, 1196, 1218, 1230, 1229, 1228, 1227, 1249, 1275, 1289, 1304, 1324, 1352, 1382, 1395, 1405, 1438, 1457, 1472, 1471, 1507, 1518, 1538, 16
908, 923, 955, 979, 1000, 1018, 1045, 1053, 1071, 1110, 1113, 1112, 1140, 1139, 1138, 1177, 1184, 1205, 1238, 1262, 1264, 1282, 1283, 1320, 1330, 1357, 1378, 1391, 1422, 1434, 1461, 1468, 1489, 1516, 1536, 17
908, 923, 955, 979, 1000, 1018, 1045, 1053, 1072, 1091, 1136, 1142, 1141, 1174, 1179, 1201, 1234, 1258, 1266, 1299, 1314, 1336, 1342, 1372, 1386, 1416, 1417, 1430, 1465, 1485, 1492, 1512, 1532, 1533, 19, 18
908, 923, 955, 979, 1000, 1018, 1045, 1053, 1072, 1091, 1136, 1142, 1141, 1174, 1179, 1201, 1234, 1258, 1266, 1299, 1314, 1336, 1342, 1372, 1386, 1416, 1417, 1430, 1465, 1485, 1492, 1512, 1532, 1533, 19
908, 923, 955, 979, 1000, 1018, 1045, 1053, 1072, 1091, 1136, 1142, 1141, 1174, 1179, 1201, 1234, 1258, 1266, 1297, 1313, 1337, 1343, 1371, 1384, 1415, 1428, 1446, 1483, 1494, 1511, 1553, 0, 20
908, 923, 955, 979, 1000, 1018, 1045, 1053, 1072, 1091, 1136, 1142, 1141, 1174, 1179, 1201, 1234, 1258, 1266, 1299, 1314, 1336, 1342, 1372, 1386, 1416, 1417, 1430, 1465, 1485, 1492, 1512, 1532, 1533, 19, 22, 21
908, 923, 955, 979, 1000, 1018, 1045, 1053, 1072, 1091, 1136, 1142, 1141, 1174, 1179, 1201, 1234, 1258, 1266, 1299, 1314, 1336, 1342, 1372, 1386, 1416, 1417, 1430, 1465, 1485, 1492, 1512, 1532, 1533, 19, 22
908, 923, 955, 979, 1000, 1018, 1045, 1053, 1072, 1091, 1136, 1142, 1141, 1174, 1179, 1201, 1234, 1258, 1266, 1297, 1313, 1337, 1343, 1371, 1384, 1415, 1428, 1446, 1483, 1494, 1511, 1553, 0, 23
908, 923, 955, 979, 1000, 1018, 1045, 1053, 1072, 1091, 1136, 1142, 1141, 1174, 1179, 1201, 1234, 1258, 1266, 1297, 1313, 1337, 1343, 1371, 1384, 1415, 1428, 1446, 1483, 1494, 1511, 1553, 1, 24
908, 923, 955, 979, 1000, 1018, 1045, 1053, 1072, 1091, 1136, 1142, 1141, 1174, 1179, 1201, 1234, 1257, 1268, 1296, 1312, 1338, 1344, 1370, 1383, 1413, 1425, 1447, 1481, 1496, 1509, 1550, 4, 25
908, 923, 955, 979, 1000, 1018, 1045, 1053, 1072, 1091, 1136, 1142, 1141, 1174, 1179, 1201, 1234, 1257, 1268, 1296, 1312, 1338, 1344, 1370, 1383, 1413, 1425, 1447, 1481, 1496, 1509, 1550, 4, 26
908, 923, 955, 979, 1000, 1018, 1045, 1053, 1072, 1091, 1136, 1142, 1141, 1174, 1179, 1201, 1234, 1257, 1268, 1296, 1312, 1338, 1344, 1370, 1383, 1413, 1425, 1447, 1481, 1496, 1508, 1549, 5, 27
908, 923, 955, 979, 1000, 1018, 1045, 1053, 1072, 1091, 1136, 1142, 1141, 1174, 1179, 1201, 1234, 1257, 1268, 1296, 1312, 1338, 1344, 1370, 1383, 1413, 1426, 1448, 1480, 1498, 1530, 1547, 6, 28
908, 923, 955, 979, 1000, 1018, 1045, 1053, 1072, 1091, 1136, 1142, 1141, 1174, 1179, 1201, 1234, 1257, 1268, 1296, 1312, 1338, 1344, 1370, 1383, 1413, 1426, 1448, 1480, 1498, 1529, 1546, 7, 29
908, 923, 955, 979, 1000, 1018, 1045, 1053, 1072, 1091, 1136, 1142, 1141, 1174, 1179, 1201, 1234, 1257, 1268, 1296, 1312, 1338, 1344, 1370, 1383, 1413, 1426, 1448, 1480, 1498, 1529, 1546, 7, 30
908, 923, 955, 980, 999, 1017, 1043, 1054, 1073, 1092, 1134, 1144, 1171, 1198, 1220, 1232, 1255, 1270, 1294, 1310, 1340, 1346, 1367, 1401, 1411, 1410, 1443, 1450, 1477, 1500, 1526, 1544, 8, 31
908, 923, 955, 980, 999, 1017, 1043, 1054, 1073, 1092, 1134, 1144, 1171, 1198, 1220, 1232, 1255, 1270, 1294, 1310, 1340, 1346, 1367, 1401, 1411, 1410, 1443, 1450, 1477, 1500, 1526, 1544, 9, 32
908, 923, 955, 980, 999, 1017, 1043, 1055, 1074, 1093, 1133, 1145, 1168, 1196, 1218, 1230, 1229, 1252, 1273, 1291, 1306, 1321, 1348, 1365, 1399, 1408, 1441, 1452, 1476, 1501, 1524, 1543, 10, 33
908, 923, 955, 980, 999, 1017, 1043, 1055, 1074, 1093, 1133, 1145, 1168, 1196, 1218, 1230, 1229, 1252, 1273, 1291, 1306, 1321, 1348, 1365, 1399, 1408, 1441, 1453, 1475, 1502, 1523, 1542, 12, 34
908, 923, 955, 980, 999, 1017, 1043, 1055, 1074, 1093, 1133, 1145, 1168, 1196, 1218, 1230, 1229, 1252, 1273, 1291, 1306, 1321, 1348, 1365, 1399, 1408, 1441, 1453, 1475, 1502, 1523, 1542, 12, 35
908, 923, 955, 980, 999, 1017, 1043, 1055, 1074, 1093, 1133, 1145, 1168, 1196, 1218, 1230, 1229, 1252, 1273, 1291, 1306, 1322, 1323, 1350, 1364, 1398, 1407, 1440, 1455, 1474, 1503, 1522, 1541, 13, 36
908, 923, 955, 980, 999, 1017, 1043, 1055, 1074, 1093, 1133, 1145, 1168, 1196, 1218, 1230, 1229, 1252, 1273, 1291, 1306, 1322, 1323, 1351, 1363, 1397, 1406, 1439, 1456, 1473, 1504, 1521, 1540, 14, 37
908, 923, 955, 980, 999, 1017, 1043, 1055, 1074, 1093, 1133, 1145, 1168, 1196, 1218, 1230, 1229, 1252, 1273, 1291, 1306, 1322, 1323, 1351, 1363, 1397, 1406, 1439, 1456, 1473, 1504, 1521, 1540, 14, 37, 38
908, 923, 955, 980, 999, 1017, 1043, 1055, 1074, 1093, 1133, 1145, 1168, 1196, 1218, 1230, 1229, 1228, 1227, 1249, 1275, 1289, 1304, 1324, 1352, 1382, 1395, 1405, 1438, 1457, 1472, 1471, 1507, 1518, 1538, 16, 39
908, 897, 877, 843, 831, 801, 783, 784, 751, 722, 692, 691, 670, 652, 635, 612, 604, 582, 561, 529, 513, 490, 474, 446, 430, 394, 393, 358, 332, 308, 285, 262, 256, 225, 205, 187, 162, 139, 117, 109, 63, 42, 40
908, 897, 877, 843, 831, 801, 783, 784, 751, 722, 692, 691, 670, 652, 635, 612, 604, 582, 561, 529, 513, 490, 474, 446, 430, 394, 393, 358, 332, 308, 285, 262, 256, 225, 205, 187, 162, 139, 117, 109, 63, 42, 40, 41
908, 897, 877, 843, 831, 801, 783, 784, 751, 722, 692, 691, 670, 652, 635, 612, 604, 582, 561, 529, 513, 490, 474, 446, 430, 394, 393, 358, 332, 308, 285, 262, 256, 225, 205, 187, 162, 139, 117, 109, 63, 42
908, 897, 877, 843, 831, 801, 783, 784, 751, 722, 692, 691, 670, 652, 635, 612, 604, 582, 561, 529, 513, 490, 474, 446, 430, 394, 393, 358, 332, 308, 285, 262, 256, 225, 205, 187, 162, 139, 117, 109, 108, 65, 43
908, 923, 955, 979, 1000, 1018, 1045, 1053, 1072, 1091, 1136, 1142, 1141, 1174, 1179, 1201, 1234, 1258, 1266, 1299, 1314, 1336, 1342, 1372, 1386, 1416, 1417, 1430, 1465, 1485, 1492, 1512, 1532, 1533, 19, 22, 21, 44
908, 923, 955, 979, 1000, 1018, 1045, 1053, 1072, 1091, 1136, 1142, 1141, 1174, 1179, 1201, 1234, 1258, 1266, 1299, 1314, 1336, 1342, 1372, 1386, 1416, 1417, 1430, 1465, 1485, 1492, 1512, 1532, 1533, 19, 22, 21, 45
908, 923, 955, 979, 1000, 1018, 1045, 1053, 1072, 1091, 1136, 1142, 1141, 1174, 1179, 1201, 1234, 1258, 1266, 1299, 1314, 1336, 1342, 1372, 1386, 1416, 1417, 1430, 1465, 1485, 1492, 1512, 1532, 1533, 19, 22, 46
908, 923, 955, 979, 1000, 1018, 1045, 1053, 1072, 1091, 1136, 1142, 1141, 1174, 1179, 1201, 1234, 1258, 1266, 1297, 1313, 1337, 1343, 1371, 1384, 1415, 1428, 1446, 1483, 1494, 1511, 1553, 0, 23, 47
908, 923, 955, 979, 1000, 1018, 1045, 1053, 1072, 1091, 1136, 1142, 1141, 1174, 1179, 1201, 1234, 1258, 1266, 1297, 1313, 1337, 1343, 1371, 1384, 1415, 1428, 1446, 1483, 1494, 1511, 1553, 1, 24, 48
908, 923, 955, 979, 1000, 1018, 1045, 1053, 1072, 1091, 1136, 1142, 1141, 1174, 1179, 1201, 1234, 1257, 1268, 1296, 1312, 1338, 1344, 1370, 1383, 1413, 1425, 1447, 1481, 1496, 1509, 1550, 4, 26, 49
908, 923, 955, 979, 1000, 1018, 1045, 1053, 1072, 1091, 1136, 1142, 1141, 1174, 1179, 1201, 1234, 1257, 1268, 1296, 1312, 1338, 1344, 1370, 1383, 1413, 1425, 1447, 1481, 1496, 1509, 1550, 4, 26, 50
908, 923, 955, 979, 1000, 1018, 1045, 1053, 1072, 1091, 1136, 1142, 1141, 1174, 1179, 1201, 1234, 1257, 1268, 1296, 1312, 1338, 1344, 1370, 1383, 1413, 1425, 1447, 1481, 1496, 1508, 1549, 5, 27, 51
908, 923, 955, 979, 1000, 1018, 1045, 1053, 1072, 1091, 1136, 1142, 1141, 1174, 1179, 1201, 1234, 1257, 1268, 1296, 1312, 1338, 1344, 1370, 1383, 1413, 1425, 1447, 1481, 1496, 1508, 1549, 5, 27, 52
908, 923, 955, 979, 1000, 1018, 1045, 1053, 1072, 1091, 1136, 1142, 1141, 1174, 1179, 1201, 1234, 1257, 1268, 1296, 1312, 1338, 1344, 1370, 1383, 1413, 1426, 1448, 1480, 1498, 1530, 1547, 6, 28, 53
908, 923, 955, 979, 1000, 1018, 1045, 1053, 1072, 1091, 1136, 1142, 1141, 1174, 1179, 1201, 1234, 1257, 1268, 1296, 1312, 1338, 1344, 1370, 1383, 1413, 1426, 1448, 1480, 1498, 1529, 1546, 7, 30, 54
908, 923, 955, 980, 999, 1017, 1043, 1054, 1073, 1092, 1134, 1144, 1171, 1198, 1220, 1232, 1255, 1270, 1294, 1310, 1340, 1346, 1367, 1401, 1411, 1410, 1443, 1450, 1477, 1500, 1526, 1544, 8, 31, 55
908, 923, 955, 980, 999, 1017, 1043, 1054, 1073, 1092, 1134, 1144, 1171, 1198, 1220, 1232, 1255, 1270, 1294, 1310, 1340, 1346, 1367, 1401, 1411, 1410, 1443, 1450, 1477, 1500, 1526, 1544, 9, 32, 56
908, 923, 955, 980, 999, 1017, 1043, 1055, 1074, 1093, 1133, 1145, 1168, 1196, 1218, 1230, 1229, 1252, 1273, 1291, 1306, 1321, 1348, 1365, 1399, 1408, 1441, 1452, 1476, 1501, 1524, 1543, 10, 33, 57
908, 923, 955, 980, 999, 1017, 1043, 1055, 1074, 1093, 1133, 1145, 1168, 1196, 1218, 1230, 1229, 1252, 1273, 1291, 1306, 1321, 1348, 1365, 1399, 1408, 1441, 1453, 1475, 1502, 1523, 1542, 12, 35, 58
908, 923, 955, 980, 999, 1017, 1043, 1055, 1074, 1093, 1133, 1145, 1168, 1196, 1218, 1230, 1229, 1252, 1273, 1291, 1306, 1322, 1323, 1350, 1364, 1398, 1407, 1440, 1455, 1474, 1503, 1522, 1541, 13, 36, 59
908, 923, 955, 980, 999, 1017, 1043, 1055, 1074, 1093, 1133, 1145, 1168, 1196, 1218, 1230, 1229, 1252, 1273, 1291, 1306, 1322, 1323, 1351, 1363, 1397, 1406, 1439, 1456, 1473, 1504, 1521, 1540, 14, 37, 60
908, 923, 955, 980, 999, 1017, 1043, 1055, 1074, 1093, 1133, 1145, 1168, 1196, 1218, 1230, 1229, 1252, 1273, 1291, 1306, 1322, 1323, 1351, 1363, 1397, 1406, 1439, 1456, 1473, 1504, 1521, 1540, 14, 37, 61
908, 897, 877, 843, 831, 801, 783, 784, 751, 722, 692, 691, 670, 652, 635, 612, 604, 582, 561, 529, 513, 490, 474, 446, 430, 394, 393, 358, 332, 308, 285, 262, 256, 225, 204, 186, 164, 138, 119, 88, 87, 62
908, 897, 877, 843, 831, 801, 783, 784, 751, 722, 692, 691, 670, 652, 635, 612, 604, 582, 561, 529, 513, 490, 474, 446, 430, 394, 393, 358, 332, 308, 285, 262, 256, 225, 205, 187, 162, 139, 117, 109, 63
908, 897, 877, 843, 831, 801, 783, 784, 751, 722, 692, 691, 670, 652, 635, 612, 604, 582, 561, 529, 513, 490, 474, 446, 430, 394, 393, 358, 332, 308, 285, 262, 256, 225, 205, 187, 162, 139, 117, 109, 64
908, 897, 877, 843, 831, 801, 783, 784, 751, 722, 692, 691, 670, 652, 635, 612, 604, 582, 561, 529, 513, 490, 474, 446, 430, 394, 393, 358, 332, 308, 285, 262, 256, 225, 205, 187, 162, 139, 117, 109, 108, 65
908, 923, 955, 979, 1000, 1018, 1045, 1053, 1072, 1091, 1136, 1142, 1141, 1174, 1179, 1201, 1234, 1258, 1266, 1299, 1314, 1336, 1342, 1372, 1386, 1416, 1417, 1430, 1465, 1485, 1492, 1512, 1532, 1533, 19, 22, 46, 66
908, 923, 955, 979, 1000, 1018, 1045, 1053, 1072, 1091, 1136, 1142, 1141, 1174, 1179, 1201, 1234, 1258, 1266, 1297, 1313, 1337, 1343, 1371, 1384, 1415, 1428, 1446, 1483, 1494, 1511, 1553, 0, 23, 47, 67
908, 923, 955, 979, 1000, 1018, 1045, 1053, 1072, 1091, 1136, 1142, 1141, 1174, 1179, 1201, 1234, 1258, 1266, 1297, 1313, 1337, 1343, 1371, 1384, 1415, 1428, 1446, 1483, 1494, 1511, 1553, 0, 23, 47, 68
908, 923, 955, 979, 1000, 1018, 1045, 1053, 1072, 1091, 1136, 1142, 1141, 1174, 1179, 1201, 1234, 1258, 1266, 1297, 1313, 1337, 1343, 1371, 1384, 1415, 1428, 1446, 1483, 1494, 1511, 1553, 1, 24, 48, 70, 69
908, 923, 955, 979, 1000, 1018, 1045, 1053, 1072, 1091, 1136, 1142, 1141, 1174, 1179, 1201, 1234, 1258, 1266, 1297, 1313, 1337, 1343, 1371, 1384, 1415, 1428, 1446, 1483, 1494, 1511, 1553, 1, 24, 48, 70
908, 923, 955, 979, 1000, 1018, 1045, 1053, 1072, 1091, 1136, 1142, 1141, 1174, 1179, 1201, 1234, 1257, 1268, 1296, 1312, 1338, 1344, 1370, 1383, 1413, 1425, 1447, 1481, 1496, 1509, 1550, 4, 26, 49, 71
908, 923, 955, 979, 1000, 1018, 1045, 1053, 1072, 1091, 1136, 1142, 1141, 1174, 1179, 1201, 1234, 1257, 1268, 1296, 1312, 1338, 1344, 1370, 1383, 1413, 1425, 1447, 1481, 1496, 1509, 1550, 4, 26, 49, 72
908, 923, 955, 979, 1000, 1018, 1045, 1053, 1072, 1091, 1136, 1142, 1141, 1174, 1179, 1201, 1234, 1257, 1268, 1296, 1312, 1338, 1344, 1370, 1383, 1413, 1425, 1447, 1481, 1496, 1509, 1550, 4, 26, 50, 73
908, 923, 955, 979, 1000, 1018, 1045, 1053, 1072, 1091, 1136, 1142, 1141, 1174, 1179, 1201, 1234, 1257, 1268, 1296, 1312, 1338, 1344, 1370, 1383, 1413, 1425, 1447, 1481, 1496, 1509, 1550, 4, 26, 50, 74
908, 923, 955, 979, 1000, 1018, 1045, 1053, 1072, 1091, 1136, 1142, 1141, 1174, 1179, 1201, 1234, 1257, 1268, 1296, 1312, 1338, 1344, 1370, 1383, 1413, 1425, 1447, 1481, 1496, 1508, 1549, 5, 27, 52, 75
908, 923, 955, 979, 1000, 1018, 1045, 1053, 1072, 1091, 1136, 1142, 1141, 1174, 1179, 1201, 1234, 1257, 1268, 1296, 1312, 1338, 1344, 1370, 1383, 1413, 1425, 1447, 1481, 1496, 1508, 1549, 5, 27, 52, 76
908, 923, 955, 979, 1000, 1018, 1045, 1053, 1072, 1091, 1136, 1142, 1141, 1174, 1179, 1201, 1234, 1257, 1268, 1296, 1312, 1338, 1344, 1370, 1383, 1413, 1426, 1448, 1480, 1498, 1530, 1547, 6, 28, 53, 77
908, 923, 955, 980, 999, 1017, 1043, 1054, 1073, 1092, 1134, 1144, 1171, 1198, 1220, 1232, 1255, 1270, 1294, 1310, 1340, 1346, 1367, 1401, 1411, 1410, 1443, 1450, 1477, 1500, 1526, 1544, 8, 31, 55, 78
908, 923, 955, 980, 999, 1017, 1043, 1054, 1073, 1092, 1134, 1144, 1171, 1198, 1220, 1232, 1255, 1270, 1294, 1310, 1340, 1346, 1367, 1401, 1411, 1410, 1443, 1450, 1477, 1500, 1526, 1544, 8, 31, 55, 79
908, 923, 955, 980, 999, 1017, 1043, 1054, 1073, 1092, 1134, 1144, 1171, 1198, 1220, 1232, 1255, 1270, 1294, 1310, 1340, 1346, 1367, 1401, 1411, 1410, 1443, 1450, 1477, 1500, 1526, 1544, 9, 32, 56, 80
908, 923, 955, 980, 999, 1017, 1043, 1054, 1073, 1092, 1134, 1144, 1171, 1198, 1220, 1232, 1255, 1270, 1294, 1310, 1340, 1346, 1367, 1401, 1411, 1410, 1443, 1450, 1477, 1500, 1526, 1544, 9, 32, 56, 80, 81
908, 923, 955, 980, 999, 1017, 1043, 1055, 1074, 1093, 1133, 1145, 1168, 1196, 1218, 1230, 1229, 1252, 1273, 1291, 1306, 1321, 1348, 1365, 1399, 1408, 1441, 1452, 1476, 1501, 1524, 1543, 10, 33, 57, 82
908, 923, 955, 980, 999, 1017, 1043, 1055, 1074, 1093, 1133, 1145, 1168, 1196, 1218, 1230, 1229, 1252, 1273, 1291, 1306, 1321, 1348, 1365, 1399, 1408, 1441, 1453, 1475, 1502, 1523, 1542, 12, 35, 58, 83
908, 923, 955, 980, 999, 1017, 1043, 1055, 1074, 1093, 1133, 1145, 1168, 1196, 1218, 1230, 1229, 1252, 1273, 1291, 1306, 1322, 1323, 1350, 1364, 1398, 1407, 1440, 1455, 1474, 1503, 1522, 1541, 13, 36, 59, 84
908, 923, 955, 980, 999, 1017, 1043, 1055, 1074, 1093, 1133, 1145, 1168, 1196, 1218, 1230, 1229, 1252, 1273, 1291, 1306, 1322, 1323, 1351, 1363, 1397, 1406, 1439, 1456, 1473, 1504, 1521, 1540, 14, 37, 60, 85
908, 923, 955, 980, 999, 1017, 1043, 1055, 1074, 1093, 1133, 1145, 1168, 1196, 1218, 1230, 1229, 1252, 1273, 1291, 1306, 1322, 1323, 1351, 1363, 1397, 1406, 1439, 1456, 1473, 1504, 1521, 1540, 14, 37, 61, 86
908, 897, 877, 843, 831, 801, 783, 784, 751, 722, 692, 691, 670, 652, 635, 612, 604, 582, 561, 529, 513, 490, 474, 446, 430, 394, 393, 358, 332, 308, 285, 262, 256, 225, 204, 186, 164, 138, 119, 88, 87
908, 897, 877, 843, 831, 801, 783, 784, 751, 722, 692, 691, 670, 652, 635, 612, 604, 582, 561, 529, 513, 490, 474, 446, 430, 394, 393, 358, 332, 308, 285, 262, 256, 225, 204, 186, 164, 138, 119, 88
908, 923, 955, 980, 999, 1017, 1043, 1055, 1074, 1093, 1133, 1145, 1168, 1196, 1218, 1230, 1229, 1252, 1273, 1291, 1306, 1322, 1323, 1351, 1363, 1397, 1406, 1439, 1456, 1473, 1504, 1521, 1540, 14, 37, 61, 86, 89
908, 923, 955, 980, 999, 1017, 1043, 1055, 1074, 1093, 1133, 1145, 1168, 1196, 1218, 1230, 1229, 1252, 1273, 1291, 1306, 1322, 1323, 1351, 1363, 1397, 1406, 1439, 1456, 1473, 1504, 1521, 1540, 14, 37, 60, 85, 90
908, 923, 955, 980, 999, 1017, 1043, 1055, 1074, 1093, 1133, 1145, 1168, 1196, 1218, 1230, 1229, 1252, 1273, 1291, 1306, 1322, 1323, 1351, 1363, 1397, 1406, 1439, 1456, 1473, 1504, 1521, 1540, 14, 37, 60, 85, 91
908, 923, 955, 980, 999, 1017, 1043, 1055, 1074, 1093, 1133, 1145, 1168, 1196, 1218, 1230, 1229, 1252, 1273, 1291, 1306, 1321, 1348, 1365, 1399, 1408, 1441, 1453, 1475, 1502, 1523, 1542, 12, 35, 58, 83, 92
908, 923, 955, 980, 999, 1017, 1043, 1055, 1074, 1093, 1133, 1145, 1168, 1196, 1218, 1230, 1229, 1252, 1273, 1291, 1306, 1321, 1348, 1365, 1399, 1408, 1441, 1452, 1476, 1501, 1524, 1543, 10, 33, 57, 82, 93
908, 923, 955, 980, 999, 1017, 1043, 1054, 1073, 1092, 1134, 1144, 1171, 1198, 1220, 1232, 1255, 1270, 1294, 1310, 1340, 1346, 1367, 1401, 1411, 1410, 1443, 1450, 1477, 1500, 1526, 1544, 9, 32, 56, 80, 95, 94
908, 923, 955, 980, 999, 1017, 1043, 1054, 1073, 1092, 1134, 1144, 1171, 1198, 1220, 1232, 1255, 1270, 1294, 1310, 1340, 1346, 1367, 1401, 1411, 1410, 1443, 1450, 1477, 1500, 1526, 1544, 9, 32, 56, 80, 95
908, 923, 955, 980, 999, 1017, 1043, 1054, 1073, 1092, 1134, 1144, 1171, 1198, 1220, 1232, 1255, 1270, 1294, 1310, 1340, 1346, 1367, 1401, 1411, 1410, 1443, 1450, 1477, 1500, 1526, 1544, 8, 31, 55, 79, 96
908, 923, 955, 980, 999, 1017, 1043, 1054, 1073, 1092, 1134, 1144, 1171, 1198, 1220, 1232, 1255, 1270, 1294, 1310, 1340, 1346, 1367, 1401, 1411, 1410, 1443, 1450, 1477, 1500, 1526, 1544, 8, 31, 55, 79, 97
908, 898, 878, 845, 833, 798, 779, 745, 728, 698, 683, 665, 642, 641, 626, 598, 576, 553, 535, 520, 482, 458, 438, 421, 402, 380, 350, 340, 320, 297, 272, 247, 233, 216, 177, 173, 151, 129, 98
908, 923, 955, 979, 1000, 1018, 1045, 1053, 1072, 1091, 1136, 1142, 1141, 1174, 1179, 1201, 1234, 1257, 1268, 1296, 1312, 1338, 1344, 1370, 1383, 1413, 1425, 1447, 1481, 1496, 1508, 1549, 5, 27, 52, 76, 99
