994, 1012, 1011, 1010, 1009, 1032, 1064, 1083, 1102, 1120, 1154, 1158, 1186, 1208, 1240, 1244, 1280, 1283, 1282, 1317, 1332, 1358, 1376, 1390, 1419, 1432, 1463, 1466, 1491, 1513, 1532, 20, 0
994, 1012, 1011, 1010, 1009, 1032, 1064, 1083, 1102, 1120, 1154, 1158, 1186, 1208, 1240, 1244, 1280, 1283, 1282, 1317, 1332, 1333, 1360, 1374, 1388, 1418, 1417, 1430, 1465, 1484, 1493, 1511, 1553, 1
994, 1012, 1011, 1010, 1009, 1032, 1064, 1083, 1102, 1120, 1154, 1158, 1186, 1208, 1240, 1244, 1280, 1283, 1282, 1317, 1332, 1333, 1360, 1374, 1388, 1418, 1417, 1430, 1465, 1484, 1493, 1511, 1552, 2
994, 995, 1013, 1039, 1059, 1078, 1096, 1130, 1147, 1166, 1167, 1195, 1216, 1230, 1253, 1254, 1270, 1294, 1310, 1339, 1345, 1344, 1370, 1383, 1413, 1425, 1447, 1481, 1496, 1509, 1510, 1551, 3
994, 995, 1013, 1039, 1059, 1078, 1096, 1130, 1147, 1166, 1167, 1195, 1216, 1230, 1253, 1254, 1270, 1294, 1310, 1339, 1345, 1344, 1370, 1383, 1413, 1425, 1447, 1481, 1496, 1509, 1550, 4
994, 995, 1013, 1039, 1059, 1078, 1096, 1130, 1147, 1166, 1167, 1195, 1216, 1230, 1253, 1254, 1270, 1294, 1310, 1339, 1345, 1344, 1370, 1383, 1413, 1425, 1447, 1481, 1496, 1508, 1549, 5
994, 995, 1013, 1039, 1059, 1078, 1096, 1130, 1147, 1166, 1167, 1195, 1216, 1230, 1253, 1254, 1270, 1294, 1310, 1339, 1345, 1344, 1370, 1383, 1413, 1426, 1448, 1480, 1498, 1530, 1547, 6
994, 1012, 1036, 1061, 1080, 1079, 1097, 1128, 1149, 1164, 1193, 1213, 1228, 1250, 1274, 1290, 1306, 1321, 1348, 1365, 1399, 1409, 1442, 1450, 1477, 1500, 1499, 1527, 1545, 7
994, 1012, 1036, 1061, 1080, 1079, 1097, 1128, 1149, 1164, 1193, 1213, 1228, 1250, 1274, 1290, 1306, 1321, 1348, 1365, 1399, 1409, 1442, 1450, 1477, 1500, 1526, 1544, 8
994, 1012, 1036, 1061, 1080, 1079, 1097, 1128, 1149, 1164, 1193, 1213, 1228, 1250, 1274, 1290, 1306, 1321, 1348, 1365, 1399, 1409, 1442, 1450, 1477, 1500, 1526, 1544, 9
994, 1012, 1036, 1061, 1080, 1079, 1097, 1128, 1149, 1164, 1193, 1213, 1228, 1250, 1274, 1290, 1306, 1321, 1348, 1365, 1399, 1408, 1441, 1452, 1476, 1501, 1524, 1543, 10
994, 1012, 1036, 1061, 1080, 1099, 1125, 1150, 1163, 1192, 1212, 1226, 1248, 1276, 1288, 1289, 1305, 1323, 1350, 1364, 1398, 1407, 1440, 1455, 1474, 1503, 1522, 1542, 11
994, 1012, 1036, 1061, 1080, 1099, 1125, 1150, 1163, 1192, 1212, 1226, 1248, 1276, 1288, 1289, 1305, 1323, 1350, 1364, 1398, 1407, 1440, 1455, 1474, 1503, 1522, 1542, 12
994, 1012, 1036, 1061, 1080, 1099, 1125, 1150, 1163, 1192, 1212, 1226, 1248, 1276, 1288, 1289, 1305, 1323, 1350, 1364, 1398, 1407, 1440, 1455, 1474, 1503, 1522, 1541, 13
994, 1012, 1036, 1061, 1080, 1099, 1125, 1150, 1163, 1192, 1212, 1226, 1248, 1276, 1288, 1289, 1305, 1323, 1351, 1363, 1397, 1406, 1439, 1456, 1473, 1504, 1521, 1540, 14
994, 1012, 1036, 1061, 1080, 1099, 1125, 1150, 1151, 1152, 1161, 1189, 1211, 1210, 1223, 1246, 1278, 1285, 1301, 1328, 1355, 1379, 1393, 1424, 1435, 1459, 1471, 1507, 1518, 1538, 15
994, 1012, 1036, 1061, 1080, 1099, 1125, 1150, 1151, 1152, 1161, 1189, 1211, 1210, 1223, 1246, 1278, 1285, 1301, 1328, 1355, 1379, 1393, 1424, 1435, 1459, 1471, 1507, 1518, 1538, 16
994, 1012, 1036, 1061, 1080, 1099, 1125, 1150, 1151, 1152, 1161, 1189, 1211, 1210, 1223, 1246, 1278, 1285, 1301, 1328, 1355, 1379, 1392, 1423, 1434, 1461, 1468, 1489, 1516, 1536, 17
994, 1012, 1036, 1061, 1080, 1099, 1125, 1150, 1151, 1152, 1161, 1189, 1211, 1210, 1223, 1246, 1278, 1285, 1301, 1328, 1355, 1379, 1392, 1423, 1434, 1461, 1468, 1467, 1490, 1515, 1535, 18
994, 1012, 1036, 1061, 1080, 1099, 1125, 1150, 1151, 1152, 1161, 1189, 1211, 1210, 1223, 1246, 1278, 1285, 1301, 1328, 1355, 1379, 1392, 1423, 1434, 1461, 1468, 1467, 1490, 1515, 1534, 19
994, 1012, 1011, 1010, 1009, 1032, 1064, 1083, 1102, 1120, 1154, 1158, 1186, 1208, 1240, 1244, 1280, 1283, 1282, 1317, 1332, 1358, 1376, 1390, 1419, 1432, 1463, 1466, 1491, 1513, 1532, 20
994, 1012, 1036, 1061, 1080, 1099, 1125, 1150, 1151, 1152, 1161, 1189, 1211, 1210, 1223, 1246, 1278, 1285, 1301, 1328, 1355, 1379, 1392, 1423, 1434, 1461, 1468, 1467, 1490, 1515, 1535, 18, 21
994, 1012, 1036, 1061, 1080, 1099, 1125, 1150, 1151, 1152, 1161, 1189, 1211, 1210, 1223, 1246, 1278, 1285, 1301, 1328, 1355, 1379, 1392, 1423, 1434, 1461, 1468, 1467, 1490, 1515, 1534, 19, 22
994, 1012, 1011, 1010, 1009, 1032, 1064, 1083, 1102, 1120, 1154, 1158, 1186, 1208, 1240, 1244, 1280, 1283, 1282, 1317, 1332, 1358, 1376, 1390, 1419, 1432, 1463, 1466, 1491, 1513, 1532, 20, 23
994, 1012, 1011, 1010, 1009, 1032, 1064, 1083, 1102, 1120, 1154, 1158, 1186, 1208, 1240, 1244, 1280, 1283, 1282, 1317, 1332, 1333, 1360, 1374, 1388, 1418, 1417, 1430, 1465, 1484, 1493, 1511, 1553, 1, 24
994, 995, 1013, 1039, 1059, 1078, 1096, 1130, 1147, 1166, 1167, 1195, 1216, 1230, 1253, 1254, 1270, 1294, 1310, 1339, 1345, 1344, 1370, 1383, 1413, 1425, 1447, 1481, 1496, 1509, 1550, 4, 25
994, 995, 1013, 1039, 1059, 1078, 1096, 1130, 1147, 1166, 1167, 1195, 1216, 1230, 1253, 1254, 1270, 1294, 1310, 1339, 1345, 1344, 1370, 1383, 1413, 1425, 1447, 1481, 1496, 1509, 1550, 4, 26
994, 995, 1013, 1039, 1059, 1078, 1096, 1130, 1147, 1166, 1167, 1195, 1216, 1230, 1253, 1254, 1270, 1294, 1310, 1339, 1345, 1344, 1370, 1383, 1413, 1425, 1447, 1481, 1496, 1508, 1549, 5, 27
994, 995, 1013, 1039, 1059, 1078, 1096, 1130, 1147, 1166, 1167, 1195, 1216, 1230, 1253, 1254, 1270, 1294, 1310, 1339, 1345, 1344, 1370, 1383, 1413, 1426, 1448, 1480, 1498, 1530, 1547, 6, 28
994, 1012, 1036, 1061, 1080, 1079, 1097, 1128, 1149, 1164, 1193, 1213, 1228, 1250, 1274, 1290, 1306, 1321, 1348, 1365, 1399, 1409, 1442, 1450, 1477, 1500, 1499, 1527, 1545, 7, 29
994, 1012, 1036, 1061, 1080, 1079, 1097, 1128, 1149, 1164, 1193, 1213, 1228, 1250, 1274, 1290, 1306, 1321, 1348, 1365, 1399, 1409, 1442, 1450, 1477, 1500, 1526, 1544, 8, 31, 30
994, 1012, 1036, 1061, 1080, 1079, 1097, 1128, 1149, 1164, 1193, 1213, 1228, 1250, 1274, 1290, 1306, 1321, 1348, 1365, 1399, 1409, 1442, 1450, 1477, 1500, 1526, 1544, 8, 31
994, 1012, 1036, 1061, 1080, 1079, 1097, 1128, 1149, 1164, 1193, 1213, 1228, 1250, 1274, 1290, 1306, 1321, 1348, 1365, 1399, 1409, 1442, 1450, 1477, 1500, 1526, 1544, 9, 32
994, 1012, 1036, 1061, 1080, 1099, 1125, 1150, 1163, 1192, 1212, 1226, 1248, 1276, 1288, 1289, 1305, 1323, 1350, 1364, 1398, 1407, 1440, 1455, 1474, 1503, 1522, 1542, 12, 34, 33
994, 1012, 1036, 1061, 1080, 1099, 1125, 1150, 1163, 1192, 1212, 1226, 1248, 1276, 1288, 1289, 1305, 1323, 1350, 1364, 1398, 1407, 1440, 1455, 1474, 1503, 1522, 1542, 12, 34
994, 1012, 1036, 1061, 1080, 1099, 1125, 1150, 1163, 1192, 1212, 1226, 1248, 1276, 1288, 1289, 1305, 1323, 1350, 1364, 1398, 1407, 1440, 1455, 1474, 1503, 1522, 1542, 12, 35
994, 1012, 1036, 1061, 1080, 1099, 1125, 1150, 1163, 1192, 1212, 1226, 1248, 1276, 1288, 1289, 1305, 1323, 1350, 1364, 1398, 1407, 1440, 1455, 1474, 1503, 1522, 1541, 13, 36
994, 1012, 1036, 1061, 1080, 1099, 1125, 1150, 1163, 1192, 1212, 1226, 1248, 1276, 1288, 1289, 1305, 1323, 1351, 1363, 1397, 1406, 1439, 1456, 1473, 1504, 1521, 1540, 14, 37
994, 1012, 1036, 1061, 1080, 1099, 1125, 1150, 1163, 1192, 1212, 1226, 1248, 1276, 1288, 1289, 1305, 1323, 1351, 1363, 1397, 1406, 1439, 1456, 1473, 1504, 1521, 1540, 14, 37, 38
994, 1012, 1036, 1061, 1080, 1099, 1125, 1150, 1151, 1152, 1161, 1189, 1211, 1210, 1223, 1246, 1278, 1285, 1301, 1328, 1355, 1379, 1393, 1424, 1435, 1459, 1471, 1507, 1518, 1538, 16, 39
994, 1012, 1036, 1061, 1080, 1099, 1125, 1150, 1151, 1152, 1161, 1189, 1211, 1210, 1223, 1246, 1278, 1285, 1301, 1328, 1355, 1379, 1392, 1423, 1434, 1461, 1468, 1489, 1516, 1536, 17, 40
994, 1012, 1036, 1061, 1080, 1099, 1125, 1150, 1151, 1152, 1161, 1189, 1211, 1210, 1223, 1246, 1278, 1285, 1301, 1328, 1355, 1379, 1392, 1423, 1434, 1461, 1468, 1489, 1516, 1536, 17, 41
994, 1012, 1036, 1061, 1080, 1099, 1125, 1150, 1151, 1152, 1161, 1189, 1211, 1210, 1223, 1246, 1278, 1285, 1301, 1328, 1355, 1379, 1393, 1424, 1435, 1459, 1471, 1507, 1518, 1538, 16, 39, 42
994, 1012, 1036, 1061, 1080, 1099, 1125, 1150, 1151, 1152, 1161, 1189, 1211, 1210, 1223, 1246, 1278, 1285, 1301, 1328, 1355, 1379, 1392, 1423, 1434, 1461, 1468, 1489, 1516, 1536, 17, 41, 43
994, 1012, 1036, 1061, 1080, 1099, 1125, 1150, 1151, 1152, 1161, 1189, 1211, 1210, 1223, 1246, 1278, 1285, 1301, 1328, 1355, 1379, 1392, 1423, 1434, 1461, 1468, 1467, 1490, 1515, 1535, 18, 21, 44
994, 1012, 1036, 1061, 1080, 1099, 1125, 1150, 1151, 1152, 1161, 1189, 1211, 1210, 1223, 1246, 1278, 1285, 1301, 1328, 1355, 1379, 1392, 1423, 1434, 1461, 1468, 1467, 1490, 1515, 1535, 18, 21, 45
994, 1012, 1036, 1061, 1080, 1099, 1125, 1150, 1151, 1152, 1161, 1189, 1211, 1210, 1223, 1246, 1278, 1285, 1301, 1328, 1355, 1379, 1392, 1423, 1434, 1461, 1468, 1467, 1490, 1515, 1534, 19, 22, 46
994, 1012, 1011, 1010, 1009, 1032, 1064, 1083, 1102, 1120, 1154, 1158, 1186, 1208, 1240, 1244, 1280, 1283, 1282, 1317, 1332, 1358, 1376, 1390, 1419, 1432, 1463, 1466, 1491, 1513, 1532, 20, 23, 47
994, 1012, 1011, 1010, 1009, 1032, 1064, 1083, 1102, 1120, 1154, 1158, 1186, 1208, 1240, 1244, 1280, 1283, 1282, 1317, 1332, 1358, 1376, 1390, 1419, 1432, 1463, 1466, 1491, 1513, 1532, 20, 23, 47, 48
994, 995, 1013, 1039, 1059, 1078, 1096, 1130, 1147, 1166, 1167, 1195, 1216, 1230, 1253, 1254, 1270, 1294, 1310, 1339, 1345, 1344, 1370, 1383, 1413, 1425, 1447, 1481, 1496, 1509, 1550, 4, 26, 49
994, 995, 1013, 1039, 1059, 1078, 1096, 1130, 1147, 1166, 1167, 1195, 1216, 1230, 1253, 1254, 1270, 1294, 1310, 1339, 1345, 1344, 1370, 1383, 1413, 1425, 1447, 1481, 1496, 1509, 1550, 4, 26, 50
994, 995, 1013, 1039, 1059, 1078, 1096, 1130, 1147, 1166, 1167, 1195, 1216, 1230, 1253, 1254, 1270, 1294, 1310, 1339, 1345, 1344, 1370, 1383, 1413, 1425, 1447, 1481, 1496, 1508, 1549, 5, 27, 51
994, 995, 1013, 1039, 1059, 1078, 1096, 1130, 1147, 1166, 1167, 1195, 1216, 1230, 1253, 1254, 1270, 1294, 1310, 1339, 1345, 1344, 1370, 1383, 1413, 1425, 1447, 1481, 1496, 1508, 1549, 5, 27, 52
994, 995, 1013, 1039, 1059, 1078, 1096, 1130, 1147, 1166, 1167, 1195, 1216, 1230, 1253, 1254, 1270, 1294, 1310, 1339, 1345, 1344, 1370, 1383, 1413, 1426, 1448, 1480, 1498, 1530, 1547, 6, 28, 53
994, 1012, 1036, 1061, 1080, 1079, 1097, 1128, 1149, 1164, 1193, 1213, 1228, 1250, 1274, 1290, 1306, 1321, 1348, 1365, 1399, 1409, 1442, 1450, 1477, 1500, 1526, 1544, 8, 31, 30, 54
994, 1012, 1036, 1061, 1080, 1079, 1097, 1128, 1149, 1164, 1193, 1213, 1228, 1250, 1274, 1290, 1306, 1321, 1348, 1365, 1399, 1409, 1442, 1450, 1477, 1500, 1526, 1544, 8, 31, 55
994, 1012, 1036, 1061, 1080, 1079, 1097, 1128, 1149, 1164, 1193, 1213, 1228, 1250, 1274, 1290, 1306, 1321, 1348, 1365, 1399, 1409, 1442, 1450, 1477, 1500, 1526, 1544, 9, 32, 56
994, 1012, 1036, 1061, 1080, 1099, 1125, 1150, 1163, 1192, 1212, 1226, 1248, 1276, 1288, 1289, 1305, 1323, 1350, 1364, 1398, 1407, 1440, 1455, 1474, 1503, 1522, 1542, 12, 34, 33, 57
994, 1012, 1036, 1061, 1080, 1099, 1125, 1150, 1163, 1192, 1212, 1226, 1248, 1276, 1288, 1289, 1305, 1323, 1350, 1364, 1398, 1407, 1440, 1455, 1474, 1503, 1522, 1542, 12, 35, 58
994, 1012, 1036, 1061, 1080, 1099, 1125, 1150, 1163, 1192, 1212, 1226, 1248, 1276, 1288, 1289, 1305, 1323, 1350, 1364, 1398, 1407, 1440, 1455, 1474, 1503, 1522, 1541, 13, 36, 59
994, 1012, 1036, 1061, 1080, 1099, 1125, 1150, 1163, 1192, 1212, 1226, 1248, 1276, 1288, 1289, 1305, 1323, 1351, 1363, 1397, 1406, 1439, 1456, 1473, 1504, 1521, 1540, 14, 37, 60
994, 1012, 1036, 1061, 1080, 1099, 1125, 1150, 1163, 1192, 1212, 1226, 1248, 1276, 1288, 1289, 1305, 1323, 1351, 1363, 1397, 1406, 1439, 1456, 1473, 1504, 1521, 1540, 14, 37, 61
994, 1012, 1036, 1061, 1080, 1099, 1125, 1150, 1163, 1192, 1212, 1226, 1248, 1276, 1288, 1289, 1305, 1323, 1351, 1363, 1397, 1406, 1439, 1456, 1473, 1504, 1521, 1540, 14, 37, 61, 62
994, 1012, 1036, 1061, 1080, 1099, 1125, 1150, 1151, 1152, 1161, 1189, 1211, 1210, 1223, 1246, 1278, 1285, 1301, 1328, 1355, 1379, 1393, 1424, 1435, 1459, 1471, 1507, 1518, 1538, 16, 39, 42, 63
994, 1012, 1036, 1061, 1080, 1099, 1125, 1150, 1151, 1152, 1161, 1189, 1211, 1210, 1223, 1246, 1278, 1285, 1301, 1328, 1355, 1379, 1393, 1424, 1435, 1459, 1471, 1507, 1518, 1538, 16, 39, 42, 64
994, 1012, 1036, 1061, 1080, 1099, 1125, 1150, 1151, 1152, 1161, 1189, 1211, 1210, 1223, 1246, 1278, 1285, 1301, 1328, 1355, 1379, 1392, 1423, 1434, 1461, 1468, 1489, 1516, 1536, 17, 41, 43, 65
994, 1012, 1036, 1061, 1080, 1099, 1125, 1150, 1151, 1152, 1161, 1189, 1211, 1210, 1223, 1246, 1278, 1285, 1301, 1328, 1355, 1379, 1392, 1423, 1434, 1461, 1468, 1467, 1490, 1515, 1534, 19, 22, 46, 66
994, 1012, 1011, 1010, 1009, 1032, 1064, 1083, 1102, 1120, 1154, 1158, 1186, 1208, 1240, 1244, 1280, 1283, 1282, 1317, 1332, 1358, 1376, 1390, 1419, 1432, 1463, 1466, 1491, 1513, 1532, 20, 23, 47, 67
994, 1012, 1011, 1010, 1009, 1032, 1064, 1083, 1102, 1120, 1154, 1158, 1186, 1208, 1240, 1244, 1280, 1283, 1282, 1317, 1332, 1358, 1376, 1390, 1419, 1432, 1463, 1466, 1491, 1513, 1532, 20, 23, 47, 68
994, 1012, 1011, 1010, 1009, 1032, 1064, 1083, 1102, 1120, 1154, 1158, 1186, 1208, 1240, 1244, 1280, 1283, 1282, 1317, 1332, 1358, 1376, 1390, 1419, 1432, 1463, 1466, 1491, 1513, 1532, 20, 23, 47, 69
994, 1012, 1011, 1010, 1009, 1032, 1064, 1083, 1102, 1120, 1154, 1158, 1186, 1208, 1240, 1244, 1280, 1283, 1282, 1317, 1332, 1358, 1376, 1390, 1419, 1432, 1463, 1466, 1491, 1513, 1532, 20, 23, 47, 69, 70
994, 995, 1013, 1039, 1059, 1078, 1096, 1130, 1147, 1166, 1167, 1195, 1216, 1230, 1253, 1254, 1270, 1294, 1310, 1339, 1345, 1344, 1370, 1383, 1413, 1425, 1447, 1481, 1496, 1509, 1550, 4, 26, 49, 71
994, 995, 1013, 1039, 1059, 1078, 1096, 1130, 1147, 1166, 1167, 1195, 1216, 1230, 1253, 1254, 1270, 1294, 1310, 1339, 1345, 1344, 1370, 1383, 1413, 1425, 1447, 1481, 1496, 1509, 1550, 4, 26, 49, 72
994, 995, 1013, 1039, 1059, 1078, 1096, 1130, 1147, 1166, 1167, 1195, 1216, 1230, 1253, 1254, 1270, 1294, 1310, 1339, 1345, 1344, 1370, 1383, 1413, 1425, 1447, 1481, 1496, 1509, 1550, 4, 26, 50, 73
994, 995, 1013, 1039, 1059, 1078, 1096, 1130, 1147, 1166, 1167, 1195, 1216, 1230, 1253, 1254, 1270, 1294, 1310, 1339, 1345, 1344, 1370, 1383, 1413, 1425, 1447, 1481, 1496, 1509, 1550, 4, 26, 50, 74
994, 995, 1013, 1039, 1059, 1078, 1096, 1130, 1147, 1166, 1167, 1195, 1216, 1230, 1253, 1254, 1270, 1294, 1310, 1339, 1345, 1344, 1370, 1383, 1413, 1425, 1447, 1481, 1496, 1508, 1549, 5, 27, 52, 75
994, 995, 1013, 1039, 1059, 1078, 1096, 1130, 1147, 1166, 1167, 1195, 1216, 1230, 1253, 1254, 1270, 1294, 1310, 1339, 1345, 1344, 1370, 1383, 1413, 1425, 1447, 1481, 1496, 1508, 1549, 5, 27, 52, 76
994, 995, 1013, 1039, 1059, 1078, 1096, 1130, 1147, 1166, 1167, 1195, 1216, 1230, 1253, 1254, 1270, 1294, 1310, 1339, 1345, 1344, 1370, 1383, 1413, 1426, 1448, 1480, 1498, 1530, 1547, 6, 28, 53, 77
994, 1012, 1036, 1061, 1080, 1079, 1097, 1128, 1149, 1164, 1193, 1213, 1228, 1250, 1274, 1290, 1306, 1321, 1348, 1365, 1399, 1409, 1442, 1450, 1477, 1500, 1526, 1544, 8, 31, 55, 78
994, 1012, 1036, 1061, 1080, 1079, 1097, 1128, 1149, 1164, 1193, 1213, 1228, 1250, 1274, 1290, 1306, 1321, 1348, 1365, 1399, 1409, 1442, 1450, 1477, 1500, 1526, 1544, 8, 31, 55, 79
994, 1012, 1036, 1061, 1080, 1099, 1125, 1150, 1163, 1192, 1212, 1226, 1248, 1276, 1288, 1289, 1305, 1323, 1350, 1364, 1398, 1407, 1440, 1455, 1474, 1503, 1522, 1542, 12, 34, 33, 57, 81, 80
994, 1012, 1036, 1061, 1080, 1099, 1125, 1150, 1163, 1192, 1212, 1226, 1248, 1276, 1288, 1289, 1305, 1323, 1350, 1364, 1398, 1407, 1440, 1455, 1474, 1503, 1522, 1542, 12, 34, 33, 57, 81
994, 1012, 1036, 1061, 1080, 1099, 1125, 1150, 1163, 1192, 1212, 1226, 1248, 1276, 1288, 1289, 1305, 1323, 1350, 1364, 1398, 1407, 1440, 1455, 1474, 1503, 1522, 1542, 12, 34, 33, 57, 82
994, 1012, 1036, 1061, 1080, 1099, 1125, 1150, 1163, 1192, 1212, 1226, 1248, 1276, 1288, 1289, 1305, 1323, 1350, 1364, 1398, 1407, 1440, 1455, 1474, 1503, 1522, 1542, 12, 35, 58, 83
994, 1012, 1036, 1061, 1080, 1099, 1125, 1150, 1163, 1192, 1212, 1226, 1248, 1276, 1288, 1289, 1305, 1323, 1350, 1364, 1398, 1407, 1440, 1455, 1474, 1503, 1522, 1541, 13, 36, 59, 84
994, 1012, 1036, 1061, 1080, 1099, 1125, 1150, 1163, 1192, 1212, 1226, 1248, 1276, 1288, 1289, 1305, 1323, 1351, 1363, 1397, 1406, 1439, 1456, 1473, 1504, 1521, 1540, 14, 37, 60, 85
994, 1012, 1036, 1061, 1080, 1099, 1125, 1150, 1163, 1192, 1212, 1226, 1248, 1276, 1288, 1289, 1305, 1323, 1351, 1363, 1397, 1406, 1439, 1456, 1473, 1504, 1521, 1540, 14, 37, 61, 86
994, 1012, 1036, 1061, 1080, 1099, 1125, 1150, 1163, 1192, 1212, 1226, 1248, 1276, 1288, 1289, 1305, 1323, 1351, 1363, 1397, 1406, 1439, 1456, 1473, 1504, 1521, 1540, 14, 37, 61, 86, 87
994, 1012, 1036, 1061, 1080, 1099, 1125, 1150, 1163, 1192, 1212, 1226, 1248, 1276, 1288, 1289, 1305, 1323, 1351, 1363, 1397, 1406, 1439, 1456, 1473, 1504, 1521, 1540, 14, 37, 61, 86, 89, 88
994, 1012, 1036, 1061, 1080, 1099, 1125, 1150, 1163, 1192, 1212, 1226, 1248, 1276, 1288, 1289, 1305, 1323, 1351, 1363, 1397, 1406, 1439, 1456, 1473, 1504, 1521, 1540, 14, 37, 61, 86, 89
994, 1012, 1036, 1061, 1080, 1099, 1125, 1150, 1163, 1192, 1212, 1226, 1248, 1276, 1288, 1289, 1305, 1323, 1351, 1363, 1397, 1406, 1439, 1456, 1473, 1504, 1521, 1540, 14, 37, 60, 85, 90
994, 1012, 1036, 1061, 1080, 1099, 1125, 1150, 1163, 1192, 1212, 1226, 1248, 1276, 1288, 1289, 1305, 1323, 1351, 1363, 1397, 1406, 1439, 1456, 1473, 1504, 1521, 1540, 14, 37, 60, 85, 91
994, 1012, 1036, 1061, 1080, 1099, 1125, 1150, 1163, 1192, 1212, 1226, 1248, 1276, 1288, 1289, 1305, 1323, 1350, 1364, 1398, 1407, 1440, 1455, 1474, 1503, 1522, 1542, 12, 35, 58, 83, 92
994, 1012, 1036, 1061, 1080, 1099, 1125, 1150, 1163, 1192, 1212, 1226, 1248, 1276, 1288, 1289, 1305, 1323, 1350, 1364, 1398, 1407, 1440, 1455, 1474, 1503, 1522, 1542, 12, 34, 33, 57, 82, 93
994, 1012, 1036, 1061, 1080, 1099, 1125, 1150, 1163, 1192, 1212, 1226, 1248, 1276, 1288, 1289, 1305, 1323, 1350, 1364, 1398, 1407, 1440, 1455, 1474, 1503, 1522, 1542, 12, 34, 33, 57, 81, 94
994, 1012, 1036, 1061, 1080, 1099, 1125, 1150, 1163, 1192, 1212, 1226, 1248, 1276, 1288, 1289, 1305, 1323, 1350, 1364, 1398, 1407, 1440, 1455, 1474, 1503, 1522, 1542, 12, 34, 33, 57, 81, 94, 95
994, 1012, 1036, 1061, 1080, 1099, 1125, 1150, 1163, 1192, 1212, 1226, 1248, 1276, 1288, 1289, 1305, 1323, 1350, 1364, 1398, 1407, 1440, 1455, 1474, 1503, 1522, 1542, 12, 34, 33, 57, 81, 94, 95, 96
994, 1012, 1036, 1061, 1080, 1079, 1097, 1128, 1149, 1164, 1193, 1213, 1228, 1250, 1274, 1290, 1306, 1321, 1348, 1365, 1399, 1409, 1442, 1450, 1477, 1500, 1526, 1544, 8, 31, 55, 79, 97
994, 995, 1013, 1039, 1059, 1078, 1096, 1130, 1147, 1166, 1167, 1195, 1216, 1230, 1253, 1254, 1270, 1294, 1310, 1339, 1345, 1344, 1370, 1383, 1413, 1426, 1448, 1480, 1498, 1530, 1547, 6, 28, 53, 77, 98
994, 995, 1013, 1039, 1059, 1078, 1096, 1130, 1147, 1166, 1167, 1195, 1216, 1230, 1253, 1254, 1270, 1294, 1310, 1339, 1345, 1344, 1370, 1383, 1413, 1425, 1447, 1481, 1496, 1508, 1549, 5, 27, 52, 76, 99
