1421, 1422, 1450, 1464, 1473, 1506, 1528, 1539, 21, 0
1421, 1422, 1450, 1464, 1473, 1506, 1528, 1539, 21, 0, 1
1421, 1422, 1450, 1464, 1473, 1506, 1528, 1539, 21, 0, 1, 2
1421, 1422, 1450, 1464, 1473, 1506, 1528, 1539, 21, 0, 1, 2, 3
1421, 1422, 1450, 1464, 1473, 1506, 1528, 1539, 21, 0, 1, 2, 3, 4
1421, 1422, 1450, 1464, 1473, 1506, 1528, 1539, 21, 0, 1, 2, 3, 4, 5
1421, 1422, 1450, 1464, 1473, 1506, 1528, 1539, 21, 0, 1, 2, 3, 4, 5, 6
1421, 1422, 1450, 1464, 1473, 1506, 1528, 1539, 21, 0, 1, 2, 3, 4, 5, 6, 7
1421, 1422, 1450, 1464, 1473, 1506, 1528, 1539, 21, 0, 1, 2, 3, 4, 5, 6, 7, 8
1421, 1420, 1419, 1432, 1468, 1469, 1470, 1479, 1512, 1520, 1546, 13, 12, 11, 10, 9
