1522, 1523, 1524, 1525, 1526, 1527, 1540, 20, 21, 0
1522, 1523, 1524, 1525, 1526, 1527, 1540, 20, 21, 0, 1
1522, 1523, 1524, 1525, 1526, 1527, 1540, 20, 21, 0, 1, 2
1522, 1523, 1524, 1525, 1526, 1527, 1540, 20, 21, 0, 1, 2, 3
1522, 1523, 1524, 1525, 1526, 1527, 1540, 20, 21, 0, 1, 2, 3, 4
1522, 1521, 1520, 1546, 1547, 1548, 1549, 1550, 1551, 1552, 8, 7, 6, 5
1522, 1521, 1520, 1546, 1547, 1548, 1549, 1550, 1551, 1552, 8, 7, 6
1522, 1521, 1520, 1546, 1547, 1548, 1549, 1550, 1551, 1552, 8, 7
1522, 1521, 1520, 1546, 1547, 1548, 1549, 1550, 1551, 1552, 8
1522, 1521, 1520, 1546, 13, 12, 11, 10, 9
