753, 761, 791, 814, 831, 870, 871, 894, 908, 940, 954, 977, 997, 1018, 1050, 1067, 1091, 1104, 1128, 1148, 1167, 1194, 1219, 1230, 1257, 1272, 1292, 1316, 1337, 1355, 1371, 1396, 1423, 1449, 1463, 1493, 1504, 1529, 1538, 0
753, 761, 791, 814, 831, 870, 871, 894, 908, 940, 954, 977, 997, 1018, 1050, 1067, 1091, 1104, 1128, 1148, 1167, 1194, 1219, 1230, 1257, 1272, 1292, 1316, 1337, 1355, 1371, 1396, 1423, 1449, 1463, 1493, 1504, 1529, 1538, 1
753, 761, 791, 814, 831, 870, 871, 894, 908, 940, 954, 977, 997, 1018, 1050, 1067, 1091, 1104, 1128, 1148, 1167, 1194, 1219, 1230, 1257, 1272, 1292, 1316, 1337, 1355, 1371, 1396, 1423, 1449, 1463, 1493, 1504, 1529, 1538, 1, 2
753, 761, 791, 814, 831, 870, 871, 894, 908, 940, 954, 977, 997, 1018, 1050, 1067, 1091, 1092, 1103, 1126, 1149, 1168, 1196, 1220, 1229, 1256, 1270, 1291, 1315, 1336, 1354, 1370, 1397, 1424, 1448, 1462, 1491, 1503, 1530, 1537, 3
753, 761, 791, 814, 831, 870, 871, 894, 908, 940, 954, 977, 997, 1018, 1050, 1067, 1091, 1092, 1103, 1126, 1149, 1168, 1196, 1220, 1229, 1256, 1270, 1291, 1315, 1336, 1354, 1370, 1397, 1424, 1448, 1462, 1491, 1503, 1530, 1537, 3, 4
753, 736, 704, 678, 679, 680, 671, 650, 615, 606, 586, 557, 558, 559, 538, 516, 517, 501, 481, 480, 456, 432, 415, 389, 388, 358, 347, 307, 288, 277, 247, 227, 210, 181, 172, 150, 115, 91, 88, 49, 23, 5
753, 736, 704, 677, 668, 647, 619, 610, 571, 572, 550, 547, 507, 490, 470, 443, 419, 405, 380, 365, 364, 341, 312, 303, 282, 264, 222, 223, 215, 178, 170, 153, 117, 93, 71, 47, 44, 7, 6
753, 736, 704, 677, 668, 647, 619, 610, 571, 572, 550, 547, 507, 490, 470, 443, 419, 405, 380, 365, 364, 341, 312, 303, 282, 264, 222, 223, 215, 178, 170, 153, 117, 93, 71, 47, 44, 7
753, 736, 704, 677, 668, 647, 619, 610, 571, 572, 550, 547, 507, 490, 470, 443, 419, 405, 380, 365, 364, 341, 312, 303, 282, 264, 222, 216, 198, 169, 155, 154, 118, 94, 72, 67, 43, 9, 8
753, 736, 704, 677, 668, 647, 619, 610, 571, 572, 550, 547, 507, 490, 470, 443, 419, 405, 380, 365, 364, 341, 312, 303, 282, 264, 222, 216, 198, 169, 155, 154, 118, 94, 72, 67, 43, 9
