1483, 1489, 1490, 1491, 1514, 1541, 1540, 20, 0
1483, 1489, 1490, 1491, 1514, 1541, 1540, 20, 0, 1
1483, 1489, 1490, 1491, 1514, 1541, 1540, 20, 0, 1, 2
1483, 1489, 1490, 1491, 1514, 1541, 1540, 1539, 1538, 1537, 1536, 1535, 3
1483, 1482, 1481, 1487, 1510, 1509, 1508, 1507, 1521, 1550, 1551, 1552, 1553, 4
1483, 1482, 1481, 1487, 1510, 1509, 1508, 1507, 1521, 1550, 1551, 1552, 6, 5
1483, 1482, 1481, 1487, 1510, 1509, 1508, 1507, 1521, 1550, 1551, 1552, 6
1483, 1482, 1481, 1487, 1510, 1509, 1508, 1507, 1521, 1550, 8, 7
1483, 1482, 1481, 1487, 1510, 1509, 1508, 1507, 1521, 1550, 8
1483, 1482, 1488, 1518, 1546, 1547, 1548, 1549, 10, 9
1483, 1482, 1488, 1518, 1546, 1547, 1548, 1549, 10
1483, 1482, 1488, 1518, 1545, 13, 12, 11
1483, 1482, 1488, 1518, 1545, 13, 12
1483, 1482, 1488, 1518, 1545, 13
1483, 1482, 1488, 1518, 1545, 14
1483, 1489, 1516, 1544, 15
1483, 1489, 1516, 1543, 16
1483, 1489, 1516, 1543, 16, 17
1483, 1489, 1490, 1491, 1514, 1541, 18
1483, 1489, 1490, 1491, 1514, 1541, 1540, 19
1483, 1489, 1490, 1491, 1514, 1541, 1540, 20
1483, 1489, 1490, 1491, 1514, 1541, 18, 21
1483, 1489, 1490, 1491, 1514, 1541, 1540, 20, 22
1483, 1489, 1490, 1491, 1514, 1541, 1540, 20, 22, 23
1483, 1489, 1490, 1491, 1514, 1541, 1540, 20, 22, 23, 24
1483, 1489, 1490, 1491, 1514, 1541, 1540, 20, 22, 23, 24, 25
1483, 1489, 1490, 1491, 1514, 1541, 1540, 20, 22, 23, 24, 25, 26
1483, 1489, 1490, 1491, 1514, 1541, 1540, 20, 22, 23, 24, 25, 26, 27
1483, 1482, 1481, 1487, 1510, 1509, 1508, 1507, 1521, 1550, 1551, 1552, 6, 5, 28
1483, 1482, 1481, 1487, 1510, 1509, 1508, 1507, 1521, 1550, 1551, 1552, 6, 5, 29
1483, 1482, 1481, 1487, 1510, 1509, 1508, 1507, 1521, 1550, 1551, 1552, 6, 30
1483, 1482, 1481, 1487, 1510, 1509, 1508, 1507, 1521, 1550, 8, 7, 32, 31
1483, 1482, 1481, 1487, 1510, 1509, 1508, 1507, 1521, 1550, 8, 7, 32
1483, 1482, 1488, 1518, 1546, 1547, 1548, 1549, 10, 9, 33
1483, 1482, 1488, 1518, 1546, 1547, 1548, 1549, 10, 34
1483, 1482, 1488, 1518, 1545, 13, 12, 36, 35
1483, 1482, 1488, 1518, 1545, 13, 12, 36
1483, 1482, 1488, 1518, 1545, 14, 37
1483, 1489, 1516, 1543, 16, 38
1483, 1489, 1516, 1543, 16, 39
