115, 103, 70, 44, 40, 41, 21, 19, 20, 0
115, 116, 117, 118, 119, 96, 86, 49, 25, 1
115, 116, 117, 118, 119, 96, 86, 85, 50, 26, 2
115, 116, 117, 118, 119, 96, 86, 85, 50, 51, 52, 27, 3
115, 116, 117, 118, 119, 96, 86, 85, 50, 51, 52, 27, 3, 4
115, 144, 143, 142, 141, 140, 139, 138, 137, 125, 91, 82, 81, 56, 29, 5
115, 103, 104, 105, 74, 75, 76, 77, 60, 59, 31, 6
115, 103, 104, 105, 74, 75, 76, 61, 33, 8, 7
115, 103, 104, 105, 74, 75, 76, 61, 33, 8
115, 103, 104, 105, 74, 75, 76, 61, 33, 9
115, 103, 104, 72, 65, 64, 63, 62, 34, 10
115, 103, 104, 72, 65, 36, 12, 11
115, 103, 104, 72, 65, 36, 12
115, 103, 70, 42, 66, 37, 13
115, 103, 70, 42, 66, 37, 14
115, 103, 70, 42, 38, 15
115, 103, 70, 44, 39, 16
115, 103, 70, 44, 39, 16, 17
115, 103, 70, 44, 39, 16, 17, 18
115, 103, 70, 44, 40, 41, 21, 19
115, 103, 70, 44, 40, 41, 21, 19, 20
115, 103, 70, 44, 40, 41, 21
115, 116, 101, 100, 99, 98, 88, 48, 22
115, 116, 101, 100, 99, 98, 88, 48, 22, 23
115, 116, 101, 100, 99, 98, 88, 48, 22, 23, 24
115, 116, 117, 118, 119, 96, 86, 49, 25
115, 116, 117, 118, 119, 96, 86, 85, 50, 26
115, 116, 117, 118, 119, 96, 86, 85, 50, 51, 52, 27
115, 144, 143, 142, 141, 140, 139, 138, 137, 125, 91, 82, 81, 56, 28
115, 144, 143, 142, 141, 140, 139, 138, 137, 125, 91, 82, 81, 56, 29
115, 103, 104, 105, 74, 75, 76, 77, 78, 79, 80, 58, 30
115, 103, 104, 105, 74, 75, 76, 77, 60, 59, 31
115, 103, 104, 105, 74, 75, 76, 61, 33, 32
115, 103, 104, 105, 74, 75, 76, 61, 33
115, 103, 104, 72, 65, 64, 63, 62, 34
115, 103, 104, 72, 65, 64, 63, 35
115, 103, 104, 72, 65, 36
115, 103, 70, 42, 66, 37
115, 103, 70, 42, 38
115, 103, 70, 44, 39
