199, 188, 157, 138, 122, 94, 85, 86, 49, 24, 0
199, 188, 157, 138, 122, 94, 85, 86, 49, 25, 1
199, 188, 157, 138, 122, 93, 83, 52, 26, 2
199, 188, 157, 138, 122, 93, 83, 52, 27, 3
199, 198, 197, 189, 190, 154, 136, 126, 89, 81, 56, 28, 4
199, 198, 197, 189, 190, 154, 136, 126, 89, 81, 56, 29, 5
199, 198, 197, 189, 190, 154, 136, 126, 89, 81, 56, 29, 5, 6
199, 198, 197, 189, 190, 154, 136, 127, 128, 110, 78, 59, 60, 32, 7
199, 198, 197, 189, 190, 154, 136, 127, 128, 110, 78, 59, 60, 32, 7, 8
199, 198, 197, 189, 190, 154, 136, 127, 128, 110, 78, 59, 60, 32, 7, 8, 9
199, 198, 197, 189, 190, 154, 136, 127, 128, 110, 78, 59, 60, 32, 7, 8, 9, 10
199, 198, 197, 189, 190, 154, 136, 127, 128, 110, 78, 59, 60, 32, 7, 8, 9, 10, 11
199, 198, 197, 189, 190, 154, 136, 127, 128, 110, 78, 59, 60, 32, 7, 8, 9, 10, 11, 12
199, 188, 157, 139, 121, 120, 119, 118, 117, 116, 102, 69, 44, 39, 16, 15, 14, 13
199, 188, 157, 139, 121, 120, 119, 118, 117, 116, 102, 69, 44, 39, 16, 15, 14
199, 188, 157, 139, 121, 120, 119, 118, 117, 116, 102, 69, 44, 39, 16, 15
199, 188, 157, 139, 121, 120, 119, 118, 117, 116, 102, 69, 44, 39, 16
199, 188, 157, 139, 121, 95, 96, 87, 88, 67, 46, 41, 17
199, 188, 157, 139, 121, 95, 96, 87, 48, 22, 21, 18
199, 188, 157, 139, 121, 95, 96, 87, 48, 22, 20, 19
199, 188, 157, 139, 121, 95, 96, 87, 48, 22, 20
199, 188, 157, 139, 121, 95, 96, 87, 48, 22, 21
199, 188, 157, 139, 121, 95, 96, 87, 48, 22
199, 188, 157, 138, 122, 94, 85, 86, 49, 23
199, 188, 157, 138, 122, 94, 85, 86, 49, 24
199, 188, 157, 138, 122, 94, 85, 86, 49, 25
199, 188, 157, 138, 122, 93, 83, 52, 26
199, 188, 157, 138, 122, 93, 83, 52, 27
199, 198, 197, 189, 190, 154, 136, 126, 89, 81, 56, 28
199, 198, 197, 189, 190, 154, 136, 126, 89, 81, 56, 29
199, 198, 197, 189, 190, 154, 136, 126, 89, 81, 56, 29, 30
199, 198, 197, 189, 190, 154, 136, 126, 89, 81, 56, 29, 30, 31
199, 198, 197, 189, 190, 154, 136, 127, 128, 110, 78, 59, 60, 32
199, 198, 197, 189, 190, 154, 136, 127, 128, 110, 78, 59, 60, 32, 33
199, 198, 197, 189, 190, 154, 136, 127, 128, 110, 78, 59, 60, 61, 34
199, 198, 197, 189, 190, 154, 136, 127, 128, 110, 78, 59, 60, 61, 34, 35
199, 198, 197, 189, 190, 154, 136, 127, 128, 110, 109, 77, 76, 75, 74, 73, 64, 36
199, 188, 157, 139, 121, 120, 119, 118, 117, 116, 102, 69, 44, 39, 38, 37
199, 188, 157, 139, 121, 120, 119, 118, 117, 116, 102, 69, 44, 39, 38
199, 188, 157, 139, 121, 120, 119, 118, 117, 116, 102, 69, 44, 39
