1357, 1371, 1401, 1413, 1440, 1462, 1466, 1493, 1511, 1532, 1539, 0
1357, 1371, 1401, 1413, 1440, 1462, 1468, 1494, 1495, 1531, 1538, 1
1357, 1371, 1400, 1412, 1411, 1442, 1464, 1470, 1497, 1530, 1537, 2
1357, 1371, 1400, 1412, 1411, 1442, 1464, 1470, 1497, 1530, 1537, 1536, 1535, 3
1357, 1371, 1400, 1412, 1411, 1442, 1443, 1445, 1446, 1472, 1499, 1527, 1534, 1533, 4
1357, 1371, 1400, 1412, 1411, 1442, 1443, 1445, 1446, 1472, 1499, 1527, 1526, 1553, 5
1357, 1371, 1400, 1412, 1411, 1442, 1443, 1445, 1446, 1472, 1499, 1527, 1526, 1553, 5, 6
1357, 1356, 1355, 1354, 1353, 1352, 1351, 1350, 1363, 1393, 1406, 1426, 1449, 1476, 1503, 1523, 1551, 7
1357, 1356, 1355, 1354, 1353, 1352, 1351, 1350, 1363, 1393, 1406, 1426, 1449, 1476, 1503, 1523, 1551, 7, 8
1357, 1356, 1355, 1354, 1353, 1352, 1351, 1350, 1363, 1393, 1406, 1426, 1449, 1476, 1503, 1523, 1522, 1550, 9
1357, 1358, 1373, 1403, 1414, 1438, 1459, 1458, 1485, 1489, 1516, 1544, 15, 14, 13, 12, 11, 10
1357, 1358, 1373, 1403, 1414, 1438, 1459, 1458, 1485, 1489, 1516, 1544, 15, 14, 13, 12, 11
1357, 1358, 1373, 1403, 1414, 1438, 1459, 1458, 1485, 1489, 1516, 1544, 15, 14, 13, 12
1357, 1358, 1373, 1403, 1414, 1438, 1459, 1458, 1485, 1489, 1516, 1544, 15, 14, 13
1357, 1358, 1373, 1403, 1414, 1438, 1459, 1458, 1485, 1489, 1516, 1544, 15, 14
1357, 1358, 1373, 1403, 1414, 1438, 1459, 1458, 1485, 1489, 1516, 1544, 15
1357, 1358, 1373, 1403, 1414, 1439, 1460, 1486, 1490, 1515, 1543, 16
1357, 1371, 1401, 1413, 1440, 1462, 1466, 1493, 1514, 1542, 17
1357, 1371, 1401, 1413, 1440, 1462, 1466, 1493, 1513, 1541, 18
1357, 1371, 1401, 1413, 1440, 1462, 1466, 1493, 1511, 1540, 19
1357, 1371, 1401, 1413, 1440, 1462, 1466, 1493, 1511, 1540, 20
1357, 1371, 1401, 1413, 1440, 1462, 1466, 1493, 1511, 1540, 19, 21
1357, 1371, 1401, 1413, 1440, 1462, 1466, 1493, 1511, 1540, 20, 22
1357, 1371, 1401, 1413, 1440, 1462, 1466, 1493, 1511, 1532, 1539, 0, 23
1357, 1371, 1401, 1413, 1440, 1462, 1466, 1493, 1511, 1532, 1539, 0, 24
1357, 1371, 1401, 1413, 1440, 1462, 1468, 1494, 1495, 1531, 1538, 1, 25
1357, 1371, 1400, 1412, 1411, 1442, 1464, 1470, 1497, 1530, 1537, 2, 26
1357, 1371, 1400, 1412, 1411, 1442, 1464, 1470, 1497, 1530, 1537, 2, 26, 27
1357, 1371, 1400, 1412, 1411, 1442, 1443, 1445, 1446, 1472, 1499, 1527, 1534, 1533, 4, 28
1357, 1371, 1400, 1412, 1411, 1442, 1443, 1445, 1446, 1472, 1499, 1527, 1534, 1533, 4, 28, 29
1357, 1371, 1400, 1412, 1411, 1442, 1443, 1445, 1446, 1472, 1499, 1527, 1534, 1533, 4, 28, 29, 30
1357, 1371, 1400, 1412, 1411, 1442, 1443, 1445, 1446, 1472, 1499, 1527, 1526, 1553, 5, 6, 31
1357, 1356, 1355, 1354, 1353, 1352, 1351, 1350, 1363, 1393, 1406, 1426, 1449, 1476, 1503, 1523, 1551, 7, 32
1357, 1356, 1355, 1354, 1353, 1352, 1351, 1350, 1363, 1393, 1406, 1426, 1449, 1476, 1503, 1523, 1522, 1550, 9, 33
1357, 1358, 1373, 1403, 1414, 1438, 1459, 1458, 1485, 1489, 1516, 1544, 15, 14, 13, 12, 36, 35, 34
1357, 1358, 1373, 1403, 1414, 1438, 1459, 1458, 1485, 1489, 1516, 1544, 15, 14, 13, 12, 36, 35
1357, 1358, 1373, 1403, 1414, 1438, 1459, 1458, 1485, 1489, 1516, 1544, 15, 14, 13, 12, 36
1357, 1358, 1373, 1403, 1414, 1438, 1459, 1458, 1485, 1489, 1516, 1544, 15, 14, 37
1357, 1358, 1373, 1403, 1414, 1439, 1460, 1486, 1490, 1515, 1543, 16, 38
1357, 1358, 1373, 1403, 1414, 1439, 1460, 1486, 1490, 1515, 1543, 16, 39
