270, 257, 219, 197, 198, 188, 157, 138, 122, 94, 85, 86, 49, 24, 0
270, 257, 219, 197, 198, 188, 157, 138, 122, 94, 85, 86, 49, 25, 1
270, 257, 219, 197, 198, 188, 157, 138, 122, 93, 83, 52, 26, 2
270, 258, 220, 196, 189, 190, 154, 136, 126, 89, 81, 82, 55, 54, 27, 3
270, 258, 220, 196, 189, 190, 154, 136, 126, 89, 81, 56, 28, 4
270, 258, 220, 196, 189, 190, 154, 136, 126, 89, 81, 56, 29, 5
270, 258, 220, 196, 189, 190, 154, 136, 126, 89, 81, 56, 29, 5, 6
270, 258, 220, 196, 189, 190, 154, 136, 127, 128, 110, 78, 59, 60, 32, 7
270, 258, 220, 196, 189, 190, 154, 136, 127, 128, 110, 78, 59, 60, 32, 7, 8
270, 258, 220, 196, 189, 190, 154, 136, 127, 128, 110, 78, 59, 60, 32, 7, 8, 9
270, 258, 220, 196, 189, 190, 154, 136, 127, 128, 110, 78, 59, 60, 32, 7, 8, 9, 10
270, 258, 220, 196, 189, 190, 154, 136, 127, 128, 110, 78, 59, 60, 32, 7, 8, 9, 10, 11
270, 258, 220, 196, 189, 190, 154, 136, 127, 128, 110, 78, 59, 60, 32, 7, 8, 9, 10, 11, 12
270, 258, 220, 196, 189, 190, 154, 136, 127, 128, 110, 78, 59, 60, 32, 7, 8, 9, 10, 11, 12, 13
270, 258, 220, 196, 189, 190, 154, 136, 127, 128, 110, 78, 59, 60, 32, 7, 8, 9, 10, 11, 12, 13, 14
270, 257, 219, 197, 198, 188, 157, 139, 121, 120, 119, 118, 117, 116, 102, 69, 44, 39, 16, 15
270, 257, 219, 197, 198, 188, 157, 139, 121, 120, 119, 118, 117, 116, 102, 69, 44, 39, 16
270, 257, 219, 197, 198, 188, 157, 139, 121, 95, 96, 87, 88, 67, 46, 41, 17
270, 257, 219, 197, 198, 188, 157, 139, 121, 95, 96, 87, 48, 22, 21, 18
270, 257, 219, 197, 198, 188, 157, 139, 121, 95, 96, 87, 48, 22, 20, 19
270, 257, 219, 197, 198, 188, 157, 139, 121, 95, 96, 87, 48, 22, 20
270, 257, 219, 197, 198, 188, 157, 139, 121, 95, 96, 87, 48, 22, 21
270, 257, 219, 197, 198, 188, 157, 139, 121, 95, 96, 87, 48, 22
270, 257, 219, 197, 198, 188, 157, 138, 122, 94, 85, 86, 49, 23
270, 257, 219, 197, 198, 188, 157, 138, 122, 94, 85, 86, 49, 24
270, 257, 219, 197, 198, 188, 157, 138, 122, 94, 85, 86, 49, 25
270, 257, 219, 197, 198, 188, 157, 138, 122, 93, 83, 52, 26
270, 258, 220, 196, 189, 190, 154, 136, 126, 89, 81, 82, 55, 54, 27
270, 258, 220, 196, 189, 190, 154, 136, 126, 89, 81, 56, 28
270, 258, 220, 196, 189, 190, 154, 136, 126, 89, 81, 56, 29
270, 258, 220, 196, 189, 190, 154, 136, 126, 89, 81, 56, 29, 30
270, 258, 220, 196, 189, 190, 154, 136, 126, 89, 81, 56, 29, 30, 31
270, 258, 220, 196, 189, 190, 154, 136, 127, 128, 110, 78, 59, 60, 32
270, 258, 220, 196, 189, 190, 154, 136, 127, 128, 110, 78, 59, 60, 32, 33
270, 258, 220, 196, 189, 190, 154, 136, 127, 128, 110, 78, 59, 60, 61, 34
270, 258, 220, 196, 189, 190, 154, 136, 127, 128, 110, 78, 59, 60, 61, 34, 35
270, 271, 272, 273, 239, 222, 215, 214, 194, 173, 152, 151, 132, 106, 105, 73, 64, 36
270, 271, 272, 273, 239, 222, 215, 214, 194, 173, 152, 151, 132, 106, 105, 73, 64, 36, 37
270, 257, 219, 197, 198, 188, 157, 139, 121, 120, 119, 118, 117, 116, 102, 69, 44, 39, 38
270, 257, 219, 197, 198, 188, 157, 139, 121, 120, 119, 118, 117, 116, 102, 69, 44, 39
