282, 247, 231, 207, 179, 166, 146, 114, 103, 70, 44, 40, 41, 21, 19, 20, 0
282, 247, 231, 207, 179, 166, 146, 114, 103, 70, 44, 40, 41, 21, 19, 20, 0, 1
282, 247, 231, 207, 179, 166, 165, 164, 143, 117, 118, 119, 96, 86, 85, 50, 26, 2
282, 247, 231, 207, 179, 166, 165, 164, 143, 142, 141, 140, 139, 122, 93, 83, 52, 27, 3
282, 246, 230, 209, 178, 168, 148, 111, 105, 74, 75, 76, 77, 78, 79, 80, 58, 57, 29, 28, 4
282, 246, 230, 209, 178, 168, 148, 111, 105, 74, 75, 76, 77, 60, 59, 31, 6, 5
282, 246, 230, 209, 178, 168, 148, 111, 105, 74, 75, 76, 77, 60, 59, 31, 6
282, 246, 230, 209, 178, 168, 148, 111, 105, 74, 75, 76, 61, 33, 8, 7
282, 246, 230, 209, 178, 168, 148, 111, 105, 74, 75, 76, 61, 33, 8
282, 246, 230, 209, 178, 168, 148, 111, 105, 74, 75, 76, 61, 33, 9
282, 246, 230, 209, 178, 168, 148, 111, 105, 74, 75, 62, 34, 10
282, 246, 230, 209, 178, 168, 148, 111, 105, 74, 63, 35, 11
282, 246, 230, 209, 178, 167, 147, 113, 104, 72, 65, 36, 12
282, 246, 230, 209, 178, 167, 147, 113, 104, 71, 66, 37, 13
282, 246, 230, 209, 178, 167, 147, 113, 104, 71, 66, 37, 14
282, 247, 231, 207, 179, 166, 146, 114, 103, 70, 42, 38, 15
282, 247, 231, 207, 179, 166, 146, 114, 103, 70, 44, 39, 16
282, 247, 231, 207, 179, 166, 146, 114, 103, 70, 44, 39, 16, 17
282, 247, 231, 207, 179, 166, 146, 114, 103, 70, 44, 39, 16, 17, 18
282, 247, 231, 207, 179, 166, 146, 114, 103, 70, 44, 40, 41, 21, 19
282, 247, 231, 207, 179, 166, 146, 114, 103, 70, 44, 40, 41, 21, 19, 20
282, 247, 231, 207, 179, 166, 146, 114, 103, 70, 44, 40, 41, 21
282, 247, 231, 207, 179, 166, 146, 114, 103, 70, 44, 40, 41, 21, 22
282, 247, 231, 207, 179, 166, 146, 114, 103, 70, 44, 40, 41, 21, 22, 23
282, 247, 231, 207, 179, 166, 146, 114, 103, 70, 44, 40, 41, 21, 22, 23, 24
282, 247, 231, 207, 179, 166, 165, 164, 143, 117, 118, 119, 96, 86, 49, 25
282, 247, 231, 207, 179, 166, 165, 164, 143, 117, 118, 119, 96, 86, 85, 50, 26
282, 247, 231, 207, 179, 166, 165, 164, 143, 142, 141, 140, 139, 122, 93, 83, 52, 27
282, 246, 230, 209, 178, 168, 148, 111, 105, 74, 75, 76, 77, 78, 79, 80, 58, 57, 29, 28
282, 246, 230, 209, 178, 168, 148, 111, 105, 74, 75, 76, 77, 78, 79, 80, 58, 57, 29
282, 246, 230, 209, 178, 168, 148, 111, 105, 74, 75, 76, 77, 78, 79, 80, 58, 30
282, 246, 230, 209, 178, 168, 148, 111, 105, 74, 75, 76, 77, 60, 59, 31
282, 246, 230, 209, 178, 168, 148, 111, 105, 74, 75, 76, 61, 33, 32
282, 246, 230, 209, 178, 168, 148, 111, 105, 74, 75, 76, 61, 33
282, 246, 230, 209, 178, 168, 148, 111, 105, 74, 75, 62, 34
282, 246, 230, 209, 178, 168, 148, 111, 105, 74, 63, 35
282, 246, 230, 209, 178, 167, 147, 113, 104, 72, 65, 36
282, 246, 230, 209, 178, 167, 147, 113, 104, 71, 66, 37
282, 247, 231, 207, 179, 166, 146, 114, 103, 70, 42, 38
282, 247, 231, 207, 179, 166, 146, 114, 103, 70, 44, 39
