76, 75, 74, 73, 72, 71, 70, 44, 40, 41, 21, 19, 20, 0
76, 77, 78, 79, 80, 58, 57, 29, 28, 4, 3, 2, 1
76, 77, 78, 79, 80, 58, 57, 29, 28, 4, 3, 2
76, 77, 78, 79, 80, 58, 57, 29, 28, 4, 3
76, 77, 78, 79, 80, 58, 57, 29, 28, 4
76, 77, 60, 59, 31, 6, 5
76, 77, 60, 59, 31, 6
76, 61, 33, 8, 7
76, 61, 33, 8
76, 61, 33, 9
76, 62, 34, 10
76, 62, 63, 35, 11
76, 75, 74, 73, 64, 36, 12
76, 75, 74, 73, 64, 36, 12, 13
76, 75, 74, 73, 64, 36, 12, 13, 14
76, 75, 74, 73, 64, 36, 12, 13, 14, 15
76, 75, 74, 73, 64, 65, 66, 42, 38, 16
76, 75, 74, 73, 64, 65, 66, 42, 38, 16, 17
76, 75, 74, 73, 64, 65, 66, 42, 38, 16, 17, 18
76, 75, 74, 73, 72, 71, 70, 44, 40, 41, 21, 19
76, 75, 74, 73, 72, 71, 70, 44, 40, 41, 21, 19, 20
76, 75, 74, 73, 72, 71, 70, 44, 40, 41, 21
76, 75, 74, 73, 72, 71, 70, 44, 40, 41, 21, 22
76, 77, 78, 79, 80, 81, 82, 55, 54, 27, 26, 25, 24, 23
76, 77, 78, 79, 80, 81, 82, 55, 54, 27, 26, 25, 24
76, 77, 78, 79, 80, 81, 82, 55, 54, 27, 26, 25
76, 77, 78, 79, 80, 81, 82, 55, 54, 27, 26
76, 77, 78, 79, 80, 81, 82, 55, 54, 27
76, 77, 78, 79, 80, 58, 57, 29, 28
76, 77, 78, 79, 80, 58, 57, 29
76, 77, 78, 79, 80, 58, 30
76, 77, 60, 59, 31
76, 61, 33, 32
76, 61, 33
76, 62, 34
76, 62, 63, 35
76, 75, 74, 73, 64, 36
76, 75, 74, 73, 64, 36, 37
76, 75, 74, 73, 64, 65, 66, 42, 38
76, 75, 74, 73, 64, 65, 66, 42, 38, 39
