744, 722, 696, 688, 652, 635, 609, 595, 567, 546, 525, 519, 494, 471, 448, 428, 399, 392, 367, 341, 327, 289, 266, 254, 238, 202, 186, 160, 140, 120, 96, 86, 49, 24, 0
744, 722, 696, 688, 652, 635, 609, 595, 567, 546, 525, 519, 494, 471, 448, 428, 399, 392, 367, 341, 327, 289, 266, 254, 238, 202, 186, 160, 140, 120, 96, 86, 49, 25, 1
744, 722, 696, 688, 652, 635, 609, 595, 567, 546, 524, 520, 493, 473, 446, 429, 398, 390, 364, 343, 326, 290, 268, 255, 217, 200, 187, 158, 139, 122, 93, 83, 52, 26, 2
744, 722, 696, 688, 652, 635, 609, 595, 567, 546, 524, 520, 493, 473, 446, 429, 398, 390, 364, 343, 326, 290, 268, 255, 217, 200, 187, 158, 139, 122, 93, 83, 52, 27, 3
744, 722, 696, 688, 652, 635, 609, 595, 567, 546, 524, 520, 493, 473, 446, 429, 398, 389, 363, 362, 344, 324, 294, 272, 259, 221, 216, 190, 154, 136, 126, 89, 81, 56, 28, 4
744, 722, 696, 688, 652, 635, 609, 595, 567, 546, 524, 520, 493, 473, 446, 429, 398, 389, 363, 362, 344, 324, 294, 272, 259, 221, 216, 190, 154, 136, 126, 89, 81, 56, 29, 5
744, 722, 696, 688, 652, 635, 609, 595, 567, 546, 524, 520, 493, 473, 446, 429, 398, 389, 363, 362, 344, 324, 294, 272, 259, 221, 216, 190, 154, 136, 126, 89, 81, 56, 29, 5, 6
744, 722, 696, 688, 652, 635, 609, 595, 567, 546, 524, 520, 493, 473, 446, 429, 398, 389, 363, 362, 344, 324, 294, 272, 273, 239, 222, 215, 192, 174, 133, 128, 110, 78, 59, 60, 32, 7
744, 722, 696, 688, 652, 635, 609, 595, 567, 546, 524, 520, 493, 473, 446, 429, 398, 389, 363, 362, 344, 324, 294, 272, 273, 239, 222, 215, 192, 174, 133, 128, 110, 78, 59, 60, 32, 7, 8
744, 722, 696, 688, 652, 635, 609, 595, 567, 546, 524, 520, 493, 473, 446, 429, 398, 389, 363, 362, 344, 324, 294, 272, 273, 239, 222, 215, 192, 174, 133, 128, 110, 78, 59, 60, 32, 7, 8, 9
744, 722, 696, 688, 652, 634, 610, 594, 586, 564, 527, 516, 496, 469, 453, 425, 403, 375, 376, 371, 335, 311, 304, 282, 246, 230, 209, 178, 168, 148, 111, 105, 74, 75, 62, 34, 10
744, 722, 696, 688, 652, 634, 610, 594, 586, 564, 527, 516, 496, 469, 453, 425, 403, 375, 376, 371, 335, 311, 304, 282, 246, 230, 209, 178, 168, 148, 111, 105, 74, 63, 35, 11
744, 722, 696, 688, 652, 634, 610, 594, 586, 564, 527, 516, 496, 469, 453, 425, 403, 375, 376, 371, 335, 311, 304, 282, 246, 230, 209, 178, 167, 147, 113, 104, 72, 65, 36, 12
744, 787, 801, 813, 848, 868, 898, 915, 925, 960, 970, 989, 1012, 1042, 1061, 1080, 1110, 1131, 1140, 1167, 1188, 1202, 1225, 1257, 1264, 1280, 1308, 1335, 1358, 1373, 1403, 1414, 1438, 1459, 1458, 1485, 1489, 1516, 1544, 15, 14, 13
744, 787, 801, 813, 848, 868, 898, 915, 925, 960, 970, 989, 1012, 1042, 1061, 1080, 1110, 1131, 1140, 1167, 1188, 1202, 1225, 1257, 1264, 1280, 1308, 1335, 1358, 1373, 1403, 1414, 1438, 1459, 1458, 1485, 1489, 1516, 1544, 15, 14
744, 787, 801, 813, 848, 868, 898, 915, 925, 960, 970, 989, 1012, 1042, 1061, 1080, 1110, 1131, 1140, 1167, 1188, 1202, 1225, 1257, 1264, 1280, 1308, 1335, 1358, 1373, 1403, 1414, 1438, 1459, 1458, 1485, 1489, 1516, 1544, 15
744, 722, 696, 688, 652, 634, 610, 594, 586, 564, 527, 516, 496, 469, 453, 425, 403, 375, 370, 336, 310, 285, 262, 250, 233, 206, 180, 165, 144, 115, 103, 70, 44, 39, 16
744, 722, 696, 688, 652, 634, 610, 594, 586, 564, 527, 516, 496, 469, 453, 425, 402, 374, 369, 337, 308, 287, 264, 252, 236, 204, 183, 163, 143, 117, 99, 67, 46, 41, 17
744, 787, 801, 813, 848, 868, 898, 915, 925, 960, 970, 989, 1012, 1042, 1061, 1080, 1110, 1131, 1140, 1167, 1188, 1202, 1225, 1257, 1264, 1280, 1308, 1335, 1358, 1373, 1403, 1414, 1439, 1460, 1486, 1492, 1514, 1541, 18
744, 722, 696, 688, 652, 635, 609, 595, 567, 546, 525, 519, 494, 471, 448, 428, 399, 392, 367, 341, 327, 289, 266, 254, 238, 202, 186, 160, 140, 120, 96, 87, 48, 22, 20, 19
744, 722, 696, 688, 652, 635, 609, 595, 567, 546, 525, 519, 494, 471, 448, 428, 399, 392, 367, 341, 327, 289, 266, 254, 238, 202, 186, 160, 140, 120, 96, 87, 48, 22, 20
744, 722, 696, 688, 652, 635, 609, 595, 567, 546, 525, 519, 494, 471, 448, 428, 399, 392, 367, 341, 327, 289, 266, 254, 238, 202, 186, 160, 140, 120, 96, 87, 48, 22, 21
744, 722, 696, 688, 652, 635, 609, 595, 567, 546, 525, 519, 494, 471, 448, 428, 399, 392, 367, 341, 327, 289, 266, 254, 238, 202, 186, 160, 140, 120, 96, 87, 48, 22
744, 722, 696, 688, 652, 635, 609, 595, 567, 546, 525, 519, 494, 471, 448, 428, 399, 392, 367, 341, 327, 289, 266, 254, 238, 202, 186, 160, 140, 120, 96, 86, 49, 23
744, 722, 696, 688, 652, 635, 609, 595, 567, 546, 525, 519, 494, 471, 448, 428, 399, 392, 367, 341, 327, 289, 266, 254, 238, 202, 186, 160, 140, 120, 96, 86, 49, 24
744, 722, 696, 688, 652, 635, 609, 595, 567, 546, 525, 519, 494, 471, 448, 428, 399, 392, 367, 341, 327, 289, 266, 254, 238, 202, 186, 160, 140, 120, 96, 86, 49, 25
744, 722, 696, 688, 652, 635, 609, 595, 567, 546, 524, 520, 493, 473, 446, 429, 398, 390, 364, 343, 326, 290, 268, 255, 217, 200, 187, 158, 139, 122, 93, 83, 52, 26
744, 722, 696, 688, 652, 635, 609, 595, 567, 546, 524, 520, 493, 473, 446, 429, 398, 390, 364, 343, 326, 290, 268, 255, 217, 200, 187, 158, 139, 122, 93, 83, 52, 27
744, 722, 696, 688, 652, 635, 609, 595, 567, 546, 524, 520, 493, 473, 446, 429, 398, 389, 363, 362, 344, 324, 294, 272, 259, 221, 216, 190, 154, 136, 126, 89, 81, 56, 28
744, 722, 696, 688, 652, 635, 609, 595, 567, 546, 524, 520, 493, 473, 446, 429, 398, 389, 363, 362, 344, 324, 294, 272, 259, 221, 216, 190, 154, 136, 126, 89, 81, 56, 29
744, 722, 696, 688, 652, 635, 609, 595, 567, 546, 524, 520, 493, 473, 446, 429, 398, 389, 363, 362, 344, 324, 294, 272, 259, 221, 216, 190, 154, 136, 126, 89, 81, 56, 29, 30
744, 722, 696, 688, 652, 635, 609, 595, 567, 546, 524, 520, 493, 473, 446, 429, 398, 389, 363, 362, 344, 324, 294, 272, 259, 221, 216, 190, 154, 136, 126, 89, 81, 56, 29, 30, 31
744, 722, 696, 688, 652, 635, 609, 595, 567, 546, 524, 520, 493, 473, 446, 429, 398, 389, 363, 362, 344, 324, 294, 272, 273, 239, 222, 215, 192, 174, 133, 128, 110, 78, 59, 60, 32
744, 722, 696, 688, 652, 635, 609, 595, 567, 546, 524, 520, 493, 473, 446, 429, 398, 389, 363, 362, 344, 324, 294, 272, 273, 239, 222, 215, 192, 174, 133, 128, 110, 78, 59, 60, 32, 33
744, 722, 696, 688, 652, 634, 610, 594, 586, 564, 527, 516, 496, 469, 453, 425, 403, 375, 376, 371, 335, 311, 304, 282, 246, 230, 209, 178, 168, 148, 111, 105, 74, 75, 62, 34
744, 722, 696, 688, 652, 634, 610, 594, 586, 564, 527, 516, 496, 469, 453, 425, 403, 375, 376, 371, 335, 311, 304, 282, 246, 230, 209, 178, 168, 148, 111, 105, 74, 63, 35
744, 722, 696, 688, 652, 634, 610, 594, 586, 564, 527, 516, 496, 469, 453, 425, 403, 375, 376, 371, 335, 311, 304, 282, 246, 230, 209, 178, 167, 147, 113, 104, 72, 65, 36
744, 722, 696, 688, 652, 634, 610, 594, 586, 564, 527, 516, 496, 469, 453, 425, 403, 375, 370, 336, 310, 285, 262, 250, 233, 206, 180, 165, 144, 115, 103, 70, 42, 66, 37
744, 722, 696, 688, 652, 634, 610, 594, 586, 564, 527, 516, 496, 469, 453, 425, 403, 375, 370, 336, 310, 285, 262, 250, 233, 206, 180, 165, 144, 115, 103, 70, 42, 38
744, 722, 696, 688, 652, 634, 610, 594, 586, 564, 527, 516, 496, 469, 453, 425, 403, 375, 370, 336, 310, 285, 262, 250, 233, 206, 180, 165, 144, 115, 103, 70, 44, 39
