467, 438, 431, 405, 380, 350, 330, 305, 298, 270, 246, 231, 200, 192, 152, 135, 111, 92, 71, 47, 25, 0
467, 466, 436, 434, 407, 378, 352, 328, 308, 297, 269, 247, 232, 202, 193, 175, 134, 110, 93, 70, 49, 24, 1
467, 466, 436, 434, 407, 378, 352, 328, 308, 297, 269, 247, 232, 202, 193, 175, 134, 110, 93, 70, 69, 50, 23, 2
467, 466, 465, 458, 435, 409, 377, 353, 326, 310, 295, 266, 249, 234, 204, 196, 172, 131, 129, 95, 68, 51, 20, 3
467, 466, 465, 458, 435, 409, 377, 353, 326, 310, 295, 266, 249, 234, 204, 196, 172, 131, 129, 95, 96, 87, 52, 41, 4
467, 466, 465, 458, 435, 409, 377, 353, 326, 310, 295, 266, 249, 234, 204, 196, 172, 131, 129, 95, 96, 87, 52, 41, 4, 5
467, 466, 465, 458, 435, 409, 377, 353, 326, 310, 295, 266, 249, 234, 204, 196, 172, 131, 129, 95, 96, 87, 52, 53, 54, 40, 6
467, 466, 465, 458, 435, 409, 377, 353, 326, 310, 295, 266, 249, 235, 236, 206, 207, 208, 209, 177, 169, 149, 125, 98, 84, 55, 38, 7
467, 466, 465, 458, 435, 409, 377, 353, 326, 310, 295, 266, 249, 235, 236, 206, 207, 208, 209, 210, 179, 167, 147, 124, 99, 83, 56, 37, 8
467, 438, 431, 405, 381, 349, 331, 332, 324, 301, 302, 303, 274, 275, 276, 277, 258, 220, 213, 182, 163, 164, 145, 121, 122, 100, 82, 57, 36, 9
