573, 572, 571, 567, 527, 509, 489, 473, 444, 425, 400, 385, 384, 383, 368, 348, 331, 330, 305, 298, 270, 246, 231, 200, 192, 152, 135, 111, 92, 71, 47, 25, 0
573, 565, 529, 530, 513, 514, 484, 478, 450, 420, 394, 370, 359, 343, 315, 289, 281, 255, 254, 239, 210, 178, 168, 148, 125, 126, 97, 86, 52, 51, 22, 2, 1
573, 565, 529, 530, 513, 514, 484, 478, 450, 420, 394, 370, 359, 343, 315, 289, 281, 255, 254, 239, 210, 178, 168, 148, 125, 126, 97, 86, 52, 51, 22, 2
573, 565, 529, 530, 513, 514, 484, 478, 450, 420, 394, 370, 359, 343, 315, 289, 281, 255, 254, 239, 210, 178, 168, 148, 125, 126, 97, 86, 53, 41, 20, 3
573, 565, 529, 530, 513, 514, 484, 478, 450, 420, 394, 370, 359, 343, 315, 289, 281, 255, 254, 239, 210, 178, 168, 148, 125, 126, 97, 86, 53, 41, 4
573, 565, 529, 530, 513, 514, 484, 478, 450, 420, 394, 370, 359, 343, 315, 289, 281, 255, 254, 239, 210, 178, 168, 148, 125, 98, 84, 55, 39, 40, 5
573, 565, 529, 530, 513, 514, 484, 478, 450, 420, 394, 370, 359, 343, 315, 289, 281, 255, 254, 239, 210, 178, 168, 148, 125, 98, 84, 55, 39, 40, 6
573, 565, 529, 530, 513, 514, 484, 478, 450, 420, 394, 370, 359, 343, 315, 289, 281, 255, 254, 239, 210, 178, 168, 148, 125, 98, 84, 55, 38, 7
573, 565, 529, 512, 486, 475, 446, 423, 397, 390, 363, 339, 319, 286, 278, 258, 220, 213, 182, 163, 164, 145, 121, 122, 100, 82, 83, 56, 37, 8
573, 565, 529, 512, 486, 475, 446, 423, 397, 390, 363, 339, 319, 286, 278, 258, 220, 213, 182, 163, 164, 145, 121, 122, 100, 82, 57, 36, 9
