1002, 1027, 1032, 1067, 1086, 1101, 1118, 1155, 1161, 1196, 1216, 1239, 1244, 1279, 1294, 1313, 1341, 1352, 1366, 1396, 1409, 1444, 1445, 1471, 1498, 1528, 1539, 1, 0
1002, 1027, 1032, 1067, 1086, 1101, 1118, 1155, 1161, 1196, 1216, 1239, 1244, 1279, 1294, 1313, 1341, 1352, 1366, 1396, 1409, 1444, 1445, 1471, 1498, 1528, 1539, 1
1002, 1027, 1032, 1067, 1086, 1101, 1118, 1155, 1161, 1196, 1216, 1239, 1244, 1279, 1294, 1313, 1341, 1352, 1366, 1396, 1409, 1444, 1446, 1472, 1499, 1529, 1537, 2
1002, 1027, 1032, 1067, 1086, 1101, 1118, 1155, 1161, 1196, 1216, 1239, 1244, 1279, 1294, 1313, 1341, 1352, 1366, 1396, 1409, 1444, 1446, 1472, 1499, 1529, 1536, 3
1002, 1027, 1032, 1067, 1086, 1101, 1118, 1155, 1161, 1196, 1216, 1239, 1244, 1279, 1294, 1313, 1341, 1352, 1366, 1396, 1409, 1444, 1446, 1472, 1499, 1530, 1535, 1534, 4
1002, 1027, 1032, 1067, 1086, 1101, 1118, 1155, 1161, 1196, 1216, 1239, 1244, 1279, 1294, 1313, 1341, 1352, 1366, 1396, 1409, 1444, 1446, 1472, 1499, 1530, 1535, 1534, 5
1002, 1027, 1032, 1067, 1086, 1101, 1118, 1155, 1161, 1196, 1216, 1239, 1244, 1279, 1294, 1313, 1341, 1352, 1366, 1396, 1409, 1444, 1446, 1472, 1499, 1530, 1535, 1534, 5, 6
1002, 1001, 1026, 1031, 1068, 1087, 1100, 1119, 1154, 1153, 1158, 1194, 1214, 1236, 1247, 1275, 1291, 1317, 1323, 1349, 1362, 1392, 1405, 1427, 1450, 1477, 1504, 1513, 1552, 7
1002, 1001, 1026, 1031, 1068, 1087, 1100, 1119, 1154, 1153, 1158, 1194, 1214, 1236, 1247, 1275, 1291, 1317, 1323, 1349, 1362, 1392, 1405, 1427, 1450, 1477, 1505, 1514, 1551, 8
1002, 1001, 1026, 1031, 1068, 1087, 1100, 1119, 1154, 1153, 1158, 1194, 1214, 1236, 1247, 1275, 1291, 1317, 1323, 1349, 1362, 1392, 1405, 1427, 1450, 1477, 1505, 1514, 1551, 9
1002, 1001, 1026, 1031, 1068, 1087, 1100, 1119, 1154, 1153, 1158, 1194, 1214, 1236, 1247, 1275, 1291, 1317, 1323, 1349, 1362, 1392, 1405, 1427, 1450, 1477, 1505, 1514, 1551, 9, 10
1002, 1001, 1026, 1031, 1068, 1087, 1100, 1119, 1154, 1153, 1158, 1194, 1214, 1236, 1247, 1275, 1291, 1317, 1323, 1349, 1362, 1392, 1405, 1427, 1450, 1451, 1478, 1479, 1508, 1516, 1549, 11
1002, 1001, 1026, 1031, 1068, 1087, 1100, 1119, 1154, 1153, 1158, 1194, 1214, 1236, 1247, 1275, 1291, 1317, 1323, 1349, 1362, 1392, 1405, 1427, 1450, 1451, 1452, 1453, 1454, 1480, 1510, 1517, 1548, 12
1002, 1003, 1009, 1008, 1007, 1006, 1034, 1064, 1082, 1105, 1134, 1133, 1139, 1166, 1167, 1184, 1203, 1226, 1227, 1255, 1267, 1268, 1284, 1302, 1330, 1343, 1378, 1386, 1419, 1434, 1457, 1482, 1488, 1518, 1546, 13
1002, 1003, 1009, 1008, 1007, 1006, 1034, 1064, 1082, 1105, 1134, 1133, 1139, 1166, 1167, 1184, 1203, 1226, 1227, 1255, 1267, 1268, 1284, 1302, 1330, 1343, 1378, 1386, 1419, 1434, 1457, 1482, 1488, 1518, 1546, 14
1002, 1027, 1032, 1067, 1086, 1101, 1117, 1156, 1163, 1198, 1218, 1241, 1243, 1261, 1262, 1299, 1308, 1307, 1335, 1358, 1372, 1403, 1414, 1438, 1460, 1459, 1485, 1489, 1520, 1545, 15
1002, 1027, 1032, 1067, 1086, 1101, 1117, 1156, 1163, 1198, 1218, 1241, 1243, 1261, 1262, 1299, 1308, 1307, 1335, 1358, 1372, 1403, 1414, 1438, 1460, 1459, 1485, 1489, 1521, 1544, 16
1002, 1027, 1032, 1067, 1086, 1101, 1117, 1156, 1163, 1198, 1218, 1241, 1243, 1261, 1262, 1298, 1309, 1336, 1357, 1370, 1401, 1413, 1440, 1462, 1466, 1493, 1523, 1543, 17
1002, 1027, 1032, 1067, 1086, 1101, 1117, 1156, 1163, 1198, 1218, 1241, 1243, 1261, 1262, 1298, 1309, 1336, 1357, 1370, 1401, 1413, 1440, 1462, 1466, 1493, 1524, 1542, 18
1002, 1027, 1032, 1067, 1086, 1101, 1117, 1156, 1163, 1198, 1218, 1241, 1243, 1261, 1262, 1298, 1309, 1336, 1357, 1370, 1401, 1413, 1440, 1462, 1468, 1494, 1525, 1541, 19
1002, 1027, 1032, 1067, 1086, 1101, 1117, 1156, 1163, 1198, 1218, 1241, 1243, 1261, 1262, 1298, 1309, 1336, 1357, 1370, 1401, 1413, 1440, 1462, 1468, 1494, 1525, 1541, 20
1002, 1027, 1032, 1067, 1086, 1101, 1117, 1156, 1163, 1198, 1218, 1241, 1243, 1261, 1262, 1298, 1309, 1336, 1357, 1370, 1401, 1413, 1440, 1462, 1468, 1494, 1525, 1541, 19, 21
1002, 1027, 1032, 1067, 1086, 1101, 1117, 1156, 1163, 1198, 1218, 1241, 1243, 1261, 1262, 1298, 1309, 1336, 1357, 1370, 1401, 1413, 1440, 1462, 1468, 1494, 1525, 1541, 20, 22
1002, 1027, 1032, 1067, 1086, 1101, 1118, 1155, 1161, 1196, 1216, 1239, 1244, 1279, 1294, 1313, 1341, 1352, 1366, 1396, 1409, 1444, 1445, 1471, 1498, 1528, 1539, 1, 0, 23
1002, 1027, 1032, 1067, 1086, 1101, 1118, 1155, 1161, 1196, 1216, 1239, 1244, 1279, 1294, 1313, 1341, 1352, 1366, 1396, 1409, 1444, 1445, 1471, 1498, 1528, 1539, 1, 0, 24
1002, 1027, 1032, 1067, 1086, 1101, 1118, 1155, 1161, 1196, 1216, 1239, 1244, 1279, 1294, 1313, 1341, 1352, 1366, 1396, 1409, 1444, 1445, 1471, 1498, 1528, 1539, 1, 25
1002, 1027, 1032, 1067, 1086, 1101, 1118, 1155, 1161, 1196, 1216, 1239, 1244, 1279, 1294, 1313, 1341, 1352, 1366, 1396, 1409, 1444, 1446, 1472, 1499, 1529, 1537, 2, 26
1002, 1027, 1032, 1067, 1086, 1101, 1118, 1155, 1161, 1196, 1216, 1239, 1244, 1279, 1294, 1313, 1341, 1352, 1366, 1396, 1409, 1444, 1446, 1472, 1499, 1529, 1536, 3, 27
1002, 1027, 1032, 1067, 1086, 1101, 1118, 1155, 1161, 1196, 1216, 1239, 1244, 1279, 1294, 1313, 1341, 1352, 1366, 1396, 1409, 1444, 1446, 1472, 1499, 1530, 1535, 1534, 5, 28
1002, 1027, 1032, 1067, 1086, 1101, 1118, 1155, 1161, 1196, 1216, 1239, 1244, 1279, 1294, 1313, 1341, 1352, 1366, 1396, 1409, 1444, 1446, 1472, 1499, 1530, 1535, 1534, 5, 29
1002, 1027, 1032, 1067, 1086, 1101, 1118, 1155, 1161, 1196, 1216, 1239, 1244, 1279, 1294, 1313, 1341, 1352, 1366, 1396, 1409, 1444, 1446, 1472, 1499, 1530, 1535, 1534, 5, 29, 30
1002, 1027, 1032, 1067, 1086, 1101, 1118, 1155, 1161, 1196, 1216, 1239, 1244, 1279, 1294, 1313, 1341, 1352, 1366, 1396, 1409, 1444, 1446, 1472, 1499, 1530, 1535, 1534, 5, 6, 31
1002, 1001, 1026, 1031, 1068, 1087, 1100, 1119, 1154, 1153, 1158, 1194, 1214, 1236, 1247, 1275, 1291, 1317, 1323, 1349, 1362, 1392, 1405, 1427, 1450, 1477, 1504, 1513, 1552, 7, 32
1002, 1001, 1026, 1031, 1068, 1087, 1100, 1119, 1154, 1153, 1158, 1194, 1214, 1236, 1247, 1275, 1291, 1317, 1323, 1349, 1362, 1392, 1405, 1427, 1450, 1477, 1505, 1514, 1551, 9, 33
1002, 1001, 1026, 1031, 1068, 1087, 1100, 1119, 1154, 1153, 1158, 1194, 1214, 1236, 1247, 1275, 1291, 1317, 1323, 1349, 1362, 1392, 1405, 1427, 1450, 1477, 1505, 1514, 1551, 9, 10, 34
1002, 1001, 1026, 1031, 1068, 1087, 1100, 1119, 1154, 1153, 1158, 1194, 1214, 1236, 1247, 1275, 1291, 1317, 1323, 1349, 1362, 1392, 1405, 1427, 1450, 1451, 1478, 1479, 1508, 1516, 1549, 11, 35
1002, 1001, 1026, 1031, 1068, 1087, 1100, 1119, 1154, 1153, 1158, 1194, 1214, 1236, 1247, 1275, 1291, 1317, 1323, 1349, 1362, 1392, 1405, 1427, 1450, 1451, 1452, 1453, 1454, 1480, 1510, 1517, 1548, 12, 36
1002, 1003, 1009, 1008, 1007, 1006, 1034, 1064, 1082, 1105, 1134, 1133, 1139, 1166, 1167, 1184, 1203, 1226, 1227, 1255, 1267, 1268, 1284, 1302, 1330, 1343, 1378, 1386, 1419, 1434, 1457, 1482, 1488, 1518, 1546, 14, 37
1002, 1027, 1032, 1067, 1086, 1101, 1117, 1156, 1163, 1198, 1218, 1241, 1243, 1261, 1262, 1299, 1308, 1307, 1335, 1358, 1372, 1403, 1414, 1438, 1460, 1459, 1485, 1489, 1521, 1544, 16, 38
1002, 1027, 1032, 1067, 1086, 1101, 1117, 1156, 1163, 1198, 1218, 1241, 1243, 1261, 1262, 1299, 1308, 1307, 1335, 1358, 1372, 1403, 1414, 1438, 1460, 1459, 1485, 1489, 1521, 1544, 16, 39
1002, 1027, 1032, 1067, 1086, 1101, 1117, 1156, 1163, 1198, 1218, 1241, 1243, 1261, 1262, 1299, 1308, 1307, 1335, 1358, 1372, 1403, 1414, 1438, 1460, 1459, 1485, 1489, 1521, 1544, 16, 40
1002, 1027, 1032, 1067, 1086, 1101, 1117, 1156, 1163, 1198, 1218, 1241, 1243, 1261, 1262, 1298, 1309, 1336, 1357, 1370, 1401, 1413, 1440, 1462, 1466, 1493, 1523, 1543, 17, 41
1002, 1027, 1032, 1067, 1086, 1101, 1118, 1155, 1161, 1196, 1216, 1239, 1244, 1279, 1294, 1313, 1341, 1352, 1366, 1396, 1409, 1444, 1446, 1472, 1499, 1529, 1537, 2, 26, 42
1002, 1027, 1032, 1067, 1086, 1101, 1118, 1155, 1161, 1196, 1216, 1239, 1244, 1279, 1294, 1313, 1341, 1352, 1366, 1396, 1409, 1444, 1446, 1472, 1499, 1529, 1537, 2, 26, 43
1002, 1027, 1032, 1067, 1086, 1101, 1118, 1155, 1161, 1196, 1216, 1239, 1244, 1279, 1294, 1313, 1341, 1352, 1366, 1396, 1409, 1444, 1446, 1472, 1499, 1529, 1537, 2, 26, 44
1002, 1027, 1032, 1067, 1086, 1101, 1118, 1155, 1161, 1196, 1216, 1239, 1244, 1279, 1294, 1313, 1341, 1352, 1366, 1396, 1409, 1444, 1446, 1472, 1499, 1529, 1536, 3, 27, 45
1002, 1027, 1032, 1067, 1086, 1101, 1118, 1155, 1161, 1196, 1216, 1239, 1244, 1279, 1294, 1313, 1341, 1352, 1366, 1396, 1409, 1444, 1446, 1472, 1499, 1529, 1536, 3, 27, 46
1002, 1027, 1032, 1067, 1086, 1101, 1118, 1155, 1161, 1196, 1216, 1239, 1244, 1279, 1294, 1313, 1341, 1352, 1366, 1396, 1409, 1444, 1446, 1472, 1499, 1529, 1536, 3, 27, 46, 47
1002, 1027, 1032, 1067, 1086, 1101, 1118, 1155, 1161, 1196, 1216, 1239, 1244, 1279, 1294, 1313, 1341, 1352, 1366, 1396, 1409, 1444, 1446, 1472, 1499, 1530, 1535, 1534, 5, 29, 48
1002, 1027, 1032, 1067, 1086, 1101, 1118, 1155, 1161, 1196, 1216, 1239, 1244, 1279, 1294, 1313, 1341, 1352, 1366, 1396, 1409, 1444, 1446, 1472, 1499, 1530, 1535, 1534, 5, 29, 49
1002, 1027, 1032, 1067, 1086, 1101, 1118, 1155, 1161, 1196, 1216, 1239, 1244, 1279, 1294, 1313, 1341, 1352, 1366, 1396, 1409, 1444, 1446, 1472, 1499, 1530, 1535, 1534, 5, 29, 49, 50
1002, 1027, 1032, 1067, 1086, 1101, 1118, 1155, 1161, 1196, 1216, 1239, 1244, 1279, 1294, 1313, 1341, 1352, 1366, 1396, 1409, 1444, 1446, 1472, 1499, 1530, 1535, 1534, 5, 6, 31, 51
1002, 1001, 1026, 1031, 1068, 1087, 1100, 1119, 1154, 1153, 1158, 1194, 1214, 1236, 1247, 1275, 1291, 1317, 1323, 1349, 1362, 1392, 1405, 1427, 1450, 1477, 1504, 1513, 1552, 7, 32, 52
1002, 1001, 1026, 1031, 1068, 1087, 1100, 1119, 1154, 1153, 1158, 1194, 1214, 1236, 1247, 1275, 1291, 1317, 1323, 1349, 1362, 1392, 1405, 1427, 1450, 1477, 1505, 1514, 1551, 9, 33, 53
1002, 1001, 1026, 1031, 1068, 1087, 1100, 1119, 1154, 1153, 1158, 1194, 1214, 1236, 1247, 1275, 1291, 1317, 1323, 1349, 1362, 1392, 1405, 1427, 1450, 1477, 1505, 1514, 1551, 9, 10, 34, 54
1002, 1001, 1026, 1031, 1068, 1087, 1100, 1119, 1154, 1153, 1158, 1194, 1214, 1236, 1247, 1275, 1291, 1317, 1323, 1349, 1362, 1392, 1405, 1427, 1450, 1451, 1478, 1479, 1508, 1516, 1549, 11, 35, 55
1002, 1001, 1026, 1031, 1068, 1087, 1100, 1119, 1154, 1153, 1158, 1194, 1214, 1236, 1247, 1275, 1291, 1317, 1323, 1349, 1362, 1392, 1405, 1427, 1450, 1451, 1478, 1479, 1508, 1516, 1549, 11, 35, 55, 56
1002, 1001, 1026, 1031, 1068, 1087, 1100, 1119, 1154, 1153, 1158, 1194, 1214, 1236, 1247, 1275, 1291, 1317, 1323, 1349, 1362, 1392, 1405, 1427, 1450, 1451, 1452, 1453, 1454, 1480, 1510, 1517, 1548, 12, 36, 57
1002, 1003, 1009, 1008, 1007, 1006, 1034, 1064, 1082, 1105, 1134, 1133, 1139, 1166, 1167, 1184, 1203, 1226, 1227, 1255, 1267, 1268, 1284, 1302, 1330, 1343, 1378, 1386, 1419, 1434, 1457, 1482, 1488, 1518, 1546, 14, 37, 58
1002, 1027, 1032, 1067, 1086, 1101, 1117, 1156, 1163, 1198, 1218, 1241, 1243, 1261, 1262, 1299, 1308, 1307, 1335, 1358, 1372, 1403, 1414, 1438, 1460, 1459, 1485, 1489, 1521, 1544, 16, 38, 59
1002, 1027, 1032, 1067, 1086, 1101, 1117, 1156, 1163, 1198, 1218, 1241, 1243, 1261, 1262, 1299, 1308, 1307, 1335, 1358, 1372, 1403, 1414, 1438, 1460, 1459, 1485, 1489, 1521, 1544, 16, 39, 60
1002, 1027, 1032, 1067, 1086, 1101, 1117, 1156, 1163, 1198, 1218, 1241, 1243, 1261, 1262, 1299, 1308, 1307, 1335, 1358, 1372, 1403, 1414, 1438, 1460, 1459, 1485, 1489, 1521, 1544, 16, 40, 61
1002, 1027, 1032, 1067, 1086, 1101, 1117, 1156, 1163, 1198, 1218, 1241, 1243, 1261, 1262, 1298, 1309, 1336, 1357, 1370, 1401, 1413, 1440, 1462, 1466, 1493, 1523, 1543, 17, 41, 62
1002, 1027, 1032, 1067, 1086, 1101, 1117, 1156, 1163, 1198, 1218, 1241, 1243, 1261, 1262, 1298, 1309, 1336, 1357, 1370, 1401, 1413, 1440, 1462, 1468, 1494, 1525, 1541, 19, 21, 63
1002, 1027, 1032, 1067, 1086, 1101, 1118, 1155, 1161, 1196, 1216, 1239, 1244, 1279, 1294, 1313, 1341, 1352, 1366, 1396, 1409, 1444, 1445, 1471, 1498, 1528, 1539, 1, 25, 66, 65, 64
1002, 1027, 1032, 1067, 1086, 1101, 1118, 1155, 1161, 1196, 1216, 1239, 1244, 1279, 1294, 1313, 1341, 1352, 1366, 1396, 1409, 1444, 1445, 1471, 1498, 1528, 1539, 1, 25, 66, 65
1002, 1027, 1032, 1067, 1086, 1101, 1118, 1155, 1161, 1196, 1216, 1239, 1244, 1279, 1294, 1313, 1341, 1352, 1366, 1396, 1409, 1444, 1445, 1471, 1498, 1528, 1539, 1, 25, 66
1002, 1027, 1032, 1067, 1086, 1101, 1117, 1156, 1163, 1198, 1218, 1241, 1243, 1261, 1262, 1298, 1309, 1336, 1357, 1370, 1401, 1413, 1440, 1462, 1466, 1493, 1523, 1543, 17, 41, 62, 67
1002, 1027, 1032, 1067, 1086, 1101, 1117, 1156, 1163, 1198, 1218, 1241, 1243, 1261, 1262, 1299, 1308, 1307, 1335, 1358, 1372, 1403, 1414, 1438, 1460, 1459, 1485, 1489, 1521, 1544, 16, 40, 61, 68
1002, 1027, 1032, 1067, 1086, 1101, 1117, 1156, 1163, 1198, 1218, 1241, 1243, 1261, 1262, 1299, 1308, 1307, 1335, 1358, 1372, 1403, 1414, 1438, 1460, 1459, 1485, 1489, 1521, 1544, 16, 39, 60, 69
1002, 1027, 1032, 1067, 1086, 1101, 1117, 1156, 1163, 1198, 1218, 1241, 1243, 1261, 1262, 1299, 1308, 1307, 1335, 1358, 1372, 1403, 1414, 1438, 1460, 1459, 1485, 1489, 1521, 1544, 16, 39, 60, 70
1002, 1003, 1009, 1008, 1007, 1006, 1034, 1064, 1082, 1105, 1134, 1133, 1139, 1166, 1167, 1184, 1203, 1226, 1227, 1255, 1267, 1268, 1284, 1302, 1330, 1343, 1378, 1386, 1419, 1434, 1457, 1482, 1488, 1518, 1546, 14, 37, 58, 71
1002, 1001, 1026, 1031, 1068, 1087, 1100, 1119, 1154, 1153, 1158, 1194, 1214, 1236, 1247, 1275, 1291, 1317, 1323, 1349, 1362, 1392, 1405, 1427, 1450, 1451, 1452, 1453, 1454, 1480, 1510, 1517, 1548, 12, 36, 57, 72
1002, 1001, 1026, 1031, 1068, 1087, 1100, 1119, 1154, 1153, 1158, 1194, 1214, 1236, 1247, 1275, 1291, 1317, 1323, 1349, 1362, 1392, 1405, 1427, 1450, 1451, 1478, 1479, 1508, 1516, 1549, 11, 35, 55, 74, 73
1002, 1001, 1026, 1031, 1068, 1087, 1100, 1119, 1154, 1153, 1158, 1194, 1214, 1236, 1247, 1275, 1291, 1317, 1323, 1349, 1362, 1392, 1405, 1427, 1450, 1451, 1478, 1479, 1508, 1516, 1549, 11, 35, 55, 74
1002, 1001, 1026, 1031, 1068, 1087, 1100, 1119, 1154, 1153, 1158, 1194, 1214, 1236, 1247, 1275, 1291, 1317, 1323, 1349, 1362, 1392, 1405, 1427, 1450, 1477, 1505, 1514, 1551, 9, 10, 34, 54, 75
1002, 1001, 1026, 1031, 1068, 1087, 1100, 1119, 1154, 1153, 1158, 1194, 1214, 1236, 1247, 1275, 1291, 1317, 1323, 1349, 1362, 1392, 1405, 1427, 1450, 1477, 1505, 1514, 1551, 9, 33, 53, 76
1002, 1001, 1026, 1031, 1068, 1087, 1100, 1119, 1154, 1153, 1158, 1194, 1214, 1236, 1247, 1275, 1291, 1317, 1323, 1349, 1362, 1392, 1405, 1427, 1450, 1477, 1504, 1513, 1552, 7, 32, 52, 77
1002, 1027, 1032, 1067, 1086, 1101, 1118, 1155, 1161, 1196, 1216, 1239, 1244, 1279, 1294, 1313, 1341, 1352, 1366, 1396, 1409, 1444, 1446, 1472, 1499, 1530, 1535, 1534, 5, 29, 49, 50, 80, 79, 78
1002, 1027, 1032, 1067, 1086, 1101, 1118, 1155, 1161, 1196, 1216, 1239, 1244, 1279, 1294, 1313, 1341, 1352, 1366, 1396, 1409, 1444, 1446, 1472, 1499, 1530, 1535, 1534, 5, 29, 49, 50, 80, 79
1002, 1027, 1032, 1067, 1086, 1101, 1118, 1155, 1161, 1196, 1216, 1239, 1244, 1279, 1294, 1313, 1341, 1352, 1366, 1396, 1409, 1444, 1446, 1472, 1499, 1530, 1535, 1534, 5, 29, 49, 50, 80
1002, 1027, 1032, 1067, 1086, 1101, 1118, 1155, 1161, 1196, 1216, 1239, 1244, 1279, 1294, 1313, 1341, 1352, 1366, 1396, 1409, 1444, 1446, 1472, 1499, 1530, 1535, 1534, 5, 29, 48, 81
1002, 1027, 1032, 1067, 1086, 1101, 1118, 1155, 1161, 1196, 1216, 1239, 1244, 1279, 1294, 1313, 1341, 1352, 1366, 1396, 1409, 1444, 1446, 1472, 1499, 1530, 1535, 1534, 5, 29, 48, 81, 82
1002, 1027, 1032, 1067, 1086, 1101, 1118, 1155, 1161, 1196, 1216, 1239, 1244, 1279, 1294, 1313, 1341, 1352, 1366, 1396, 1409, 1444, 1446, 1472, 1499, 1529, 1536, 3, 27, 45, 83
1002, 1027, 1032, 1067, 1086, 1101, 1118, 1155, 1161, 1196, 1216, 1239, 1244, 1279, 1294, 1313, 1341, 1352, 1366, 1396, 1409, 1444, 1446, 1472, 1499, 1529, 1537, 2, 26, 44, 84
1002, 1027, 1032, 1067, 1086, 1101, 1118, 1155, 1161, 1196, 1216, 1239, 1244, 1279, 1294, 1313, 1341, 1352, 1366, 1396, 1409, 1444, 1446, 1472, 1499, 1529, 1537, 2, 26, 44, 85
1002, 1027, 1032, 1067, 1086, 1101, 1118, 1155, 1161, 1196, 1216, 1239, 1244, 1279, 1294, 1313, 1341, 1352, 1366, 1396, 1409, 1444, 1445, 1471, 1498, 1528, 1539, 1, 25, 66, 86
1002, 1027, 1032, 1067, 1086, 1101, 1118, 1155, 1161, 1196, 1216, 1239, 1244, 1279, 1294, 1313, 1341, 1352, 1366, 1396, 1409, 1444, 1445, 1471, 1498, 1528, 1539, 1, 25, 66, 86, 87
1002, 1027, 1032, 1067, 1086, 1101, 1118, 1155, 1161, 1196, 1216, 1239, 1244, 1279, 1294, 1313, 1341, 1352, 1366, 1396, 1409, 1444, 1445, 1471, 1498, 1528, 1539, 1, 25, 66, 65, 64, 88
1002, 1027, 1032, 1067, 1086, 1101, 1118, 1155, 1161, 1196, 1216, 1239, 1244, 1279, 1294, 1313, 1341, 1352, 1366, 1396, 1409, 1444, 1446, 1472, 1499, 1530, 1535, 1534, 5, 29, 48, 81, 89
1002, 1027, 1032, 1067, 1086, 1101, 1118, 1155, 1161, 1196, 1216, 1239, 1244, 1279, 1294, 1313, 1341, 1352, 1366, 1396, 1409, 1444, 1446, 1472, 1499, 1530, 1535, 1534, 5, 29, 48, 81, 82, 90
1002, 1027, 1032, 1067, 1086, 1101, 1118, 1155, 1161, 1196, 1216, 1239, 1244, 1279, 1294, 1313, 1341, 1352, 1366, 1396, 1409, 1444, 1446, 1472, 1499, 1529, 1536, 3, 27, 45, 83, 91
1002, 1027, 1032, 1067, 1086, 1101, 1118, 1155, 1161, 1196, 1216, 1239, 1244, 1279, 1294, 1313, 1341, 1352, 1366, 1396, 1409, 1444, 1446, 1472, 1499, 1529, 1536, 3, 27, 45, 83, 92
1002, 1027, 1032, 1067, 1086, 1101, 1118, 1155, 1161, 1196, 1216, 1239, 1244, 1279, 1294, 1313, 1341, 1352, 1366, 1396, 1409, 1444, 1446, 1472, 1499, 1529, 1537, 2, 26, 44, 84, 93
1002, 1027, 1032, 1067, 1086, 1101, 1118, 1155, 1161, 1196, 1216, 1239, 1244, 1279, 1294, 1313, 1341, 1352, 1366, 1396, 1409, 1444, 1445, 1471, 1498, 1528, 1539, 1, 25, 66, 86, 94
1002, 1027, 1032, 1067, 1086, 1101, 1118, 1155, 1161, 1196, 1216, 1239, 1244, 1279, 1294, 1313, 1341, 1352, 1366, 1396, 1409, 1444, 1445, 1471, 1498, 1528, 1539, 1, 25, 66, 86, 95
1002, 1027, 1032, 1067, 1086, 1101, 1118, 1155, 1161, 1196, 1216, 1239, 1244, 1279, 1294, 1313, 1341, 1352, 1366, 1396, 1409, 1444, 1445, 1471, 1498, 1528, 1539, 1, 25, 66, 86, 95, 96
1002, 1027, 1032, 1067, 1086, 1101, 1118, 1155, 1161, 1196, 1216, 1239, 1244, 1279, 1294, 1313, 1341, 1352, 1366, 1396, 1409, 1444, 1445, 1471, 1498, 1528, 1539, 1, 25, 66, 65, 64, 88, 97
1002, 1027, 1032, 1067, 1086, 1101, 1117, 1156, 1163, 1198, 1218, 1241, 1243, 1261, 1262, 1298, 1309, 1336, 1357, 1370, 1401, 1413, 1440, 1462, 1466, 1493, 1523, 1543, 17, 41, 62, 67, 98
1002, 1027, 1032, 1067, 1086, 1101, 1117, 1156, 1163, 1198, 1218, 1241, 1243, 1261, 1262, 1298, 1309, 1336, 1357, 1370, 1401, 1413, 1440, 1462, 1466, 1493, 1523, 1543, 17, 41, 62, 67, 99
