227, 212, 177, 162, 163, 164, 165, 166, 167, 138, 122, 93, 85, 86, 66, 24, 0
227, 212, 177, 161, 152, 130, 108, 77, 52, 51, 31, 30, 29, 28, 27, 26, 25, 1
227, 212, 177, 161, 152, 130, 108, 77, 52, 51, 31, 30, 29, 28, 27, 26, 2
227, 212, 177, 161, 152, 130, 108, 77, 52, 51, 31, 30, 29, 28, 4, 3
227, 212, 177, 161, 152, 130, 108, 77, 52, 51, 31, 30, 29, 28, 4
227, 212, 177, 161, 152, 130, 108, 77, 52, 51, 31, 6, 5
227, 212, 177, 161, 152, 130, 108, 77, 52, 51, 31, 6
227, 212, 177, 161, 152, 130, 108, 77, 52, 32, 7
227, 212, 177, 161, 152, 130, 108, 77, 52, 32, 7, 8
227, 212, 177, 161, 152, 130, 108, 77, 52, 32, 7, 8, 9
227, 212, 177, 161, 152, 151, 132, 106, 75, 54, 34, 10
227, 212, 177, 161, 152, 151, 132, 106, 75, 74, 55, 35, 11
227, 212, 177, 161, 160, 159, 149, 112, 105, 73, 56, 36, 12
227, 212, 177, 161, 160, 159, 149, 112, 105, 73, 56, 36, 12, 13
227, 212, 177, 161, 160, 159, 149, 112, 105, 73, 56, 36, 12, 13, 14
227, 212, 177, 161, 160, 159, 149, 112, 105, 73, 56, 36, 12, 13, 14, 15
227, 212, 177, 161, 160, 159, 149, 112, 105, 73, 56, 36, 37, 38, 16
227, 212, 177, 161, 160, 159, 149, 112, 105, 73, 56, 36, 37, 38, 16, 17
227, 212, 177, 161, 160, 159, 149, 112, 105, 73, 56, 36, 37, 38, 16, 17, 18
227, 212, 177, 161, 160, 159, 149, 112, 113, 103, 102, 70, 60, 61, 62, 63, 21, 19
227, 212, 177, 161, 160, 159, 149, 112, 113, 103, 102, 70, 60, 61, 62, 63, 21, 19, 20
227, 212, 177, 161, 160, 159, 149, 112, 113, 103, 102, 70, 60, 61, 62, 63, 21
227, 212, 177, 161, 160, 159, 149, 112, 113, 103, 102, 70, 60, 61, 62, 63, 21, 22
227, 212, 177, 162, 163, 164, 165, 166, 167, 138, 122, 93, 85, 86, 66, 23
227, 212, 177, 162, 163, 164, 165, 166, 167, 138, 122, 93, 85, 86, 66, 24
227, 212, 177, 161, 152, 130, 108, 77, 52, 51, 31, 30, 29, 28, 27, 26, 25
227, 212, 177, 161, 152, 130, 108, 77, 52, 51, 31, 30, 29, 28, 27, 26
227, 212, 177, 161, 152, 130, 108, 77, 52, 51, 31, 30, 29, 28, 27
227, 212, 177, 161, 152, 130, 108, 77, 52, 51, 31, 30, 29, 28
227, 212, 177, 161, 152, 130, 108, 77, 52, 51, 31, 30, 29
227, 212, 177, 161, 152, 130, 108, 77, 52, 51, 31, 30
227, 212, 177, 161, 152, 130, 108, 77, 52, 51, 31
227, 212, 177, 161, 152, 130, 108, 77, 52, 32
227, 212, 177, 161, 152, 130, 108, 77, 52, 32, 33
227, 212, 177, 161, 152, 151, 132, 106, 75, 54, 34
227, 212, 177, 161, 152, 151, 132, 106, 75, 74, 55, 35
227, 212, 177, 161, 160, 159, 149, 112, 105, 73, 56, 36
227, 212, 177, 161, 160, 159, 149, 112, 105, 73, 56, 36, 37
227, 212, 177, 161, 160, 159, 149, 112, 105, 73, 56, 36, 37, 38
227, 212, 177, 161, 160, 159, 149, 112, 105, 73, 56, 36, 37, 38, 39
227, 212, 177, 161, 160, 159, 149, 112, 113, 103, 102, 70, 60, 40
227, 212, 177, 161, 160, 159, 149, 112, 113, 103, 102, 70, 60, 40, 41
227, 212, 177, 161, 152, 130, 108, 77, 52, 51, 31, 30, 29, 28, 27, 26, 42
227, 212, 177, 161, 152, 130, 108, 77, 52, 51, 31, 30, 29, 28, 27, 26, 43
227, 212, 177, 161, 152, 130, 108, 77, 78, 79, 80, 81, 82, 47, 46, 45, 44
227, 212, 177, 161, 152, 130, 108, 77, 78, 79, 80, 81, 82, 47, 46, 45
227, 212, 177, 161, 152, 130, 108, 77, 78, 79, 80, 81, 82, 47, 46
227, 212, 177, 161, 152, 130, 108, 77, 78, 79, 80, 81, 82, 47
227, 212, 177, 161, 152, 130, 108, 77, 52, 51, 50, 49, 48
227, 212, 177, 161, 152, 130, 108, 77, 52, 51, 50, 49
227, 212, 177, 161, 152, 130, 108, 77, 52, 51, 50
227, 212, 177, 161, 152, 130, 108, 77, 52, 51
227, 212, 177, 161, 152, 130, 108, 77, 52
227, 212, 177, 161, 152, 151, 131, 107, 76, 53
227, 212, 177, 161, 152, 151, 132, 106, 75, 54
227, 212, 177, 161, 152, 151, 132, 106, 75, 74, 55
227, 212, 177, 161, 160, 159, 149, 112, 105, 73, 56
227, 212, 177, 161, 160, 159, 149, 112, 105, 73, 56, 57
227, 212, 177, 161, 160, 159, 149, 112, 105, 73, 56, 57, 58
227, 212, 177, 161, 160, 159, 149, 112, 105, 73, 56, 57, 58, 59
227, 212, 177, 161, 160, 159, 149, 112, 113, 103, 102, 70, 60
227, 212, 177, 161, 160, 159, 149, 112, 113, 103, 102, 70, 60, 61
227, 212, 177, 161, 160, 159, 149, 112, 113, 103, 102, 70, 60, 61, 62
227, 212, 177, 161, 160, 159, 149, 112, 113, 103, 102, 70, 60, 61, 62, 63
227, 212, 177, 161, 160, 159, 149, 112, 113, 103, 102, 101, 100, 99, 98, 97, 88, 64
227, 212, 177, 162, 163, 164, 165, 166, 167, 138, 122, 93, 85, 86, 66, 65
227, 212, 177, 162, 163, 164, 165, 166, 167, 138, 122, 93, 85, 86, 66
227, 212, 177, 161, 160, 159, 149, 112, 113, 103, 102, 70, 69, 68, 67
227, 212, 177, 161, 160, 159, 149, 112, 113, 103, 102, 70, 69, 68
227, 212, 177, 161, 160, 159, 149, 112, 113, 103, 102, 70, 69
227, 212, 177, 161, 160, 159, 149, 112, 113, 103, 102, 70
227, 212, 177, 161, 160, 159, 149, 112, 113, 103, 71
227, 212, 177, 161, 160, 159, 149, 112, 105, 104, 72
227, 212, 177, 161, 160, 159, 149, 112, 105, 73
227, 212, 177, 161, 152, 151, 132, 106, 75, 74
227, 212, 177, 161, 152, 151, 132, 106, 75
227, 212, 177, 161, 152, 151, 131, 107, 76
227, 212, 177, 161, 152, 130, 108, 77
227, 212, 177, 161, 152, 130, 108, 77, 78
227, 212, 177, 161, 152, 130, 108, 77, 78, 79
227, 212, 177, 161, 152, 130, 108, 77, 78, 79, 80
227, 212, 177, 161, 152, 130, 108, 77, 78, 79, 80, 81
227, 212, 177, 161, 152, 130, 108, 77, 78, 79, 80, 81, 82
227, 212, 177, 161, 152, 130, 108, 109, 110, 89, 90, 91, 83
227, 212, 177, 162, 163, 164, 165, 166, 167, 138, 122, 93, 84
227, 212, 177, 162, 163, 164, 165, 166, 167, 138, 122, 93, 85
227, 212, 177, 162, 163, 164, 165, 166, 167, 138, 122, 93, 85, 86
227, 212, 177, 162, 163, 164, 165, 166, 167, 138, 122, 93, 85, 86, 87
227, 212, 177, 161, 160, 159, 149, 112, 113, 103, 102, 101, 100, 99, 98, 97, 88
227, 212, 177, 161, 152, 130, 108, 109, 110, 89
227, 212, 177, 161, 152, 130, 108, 109, 110, 89, 90
227, 212, 177, 161, 152, 130, 108, 109, 110, 89, 90, 91
227, 212, 177, 161, 152, 130, 108, 109, 110, 89, 90, 91, 92
227, 212, 177, 162, 163, 164, 165, 166, 167, 138, 122, 93
227, 212, 177, 162, 163, 164, 165, 166, 167, 138, 122, 93, 94
227, 212, 177, 162, 163, 164, 165, 166, 167, 138, 122, 93, 94, 95
227, 212, 177, 161, 160, 159, 149, 112, 113, 103, 102, 101, 100, 99, 98, 97, 96
227, 212, 177, 161, 160, 159, 149, 112, 113, 103, 102, 101, 100, 99, 98, 97
227, 212, 177, 161, 160, 159, 149, 112, 113, 103, 102, 101, 100, 99, 98
227, 212, 177, 161, 160, 159, 149, 112, 113, 103, 102, 101, 100, 99
