526, 516, 499, 466, 453, 424, 407, 375, 358, 336, 316, 283, 263, 251, 235, 204, 188, 172, 141, 118, 96, 88, 64, 22, 23, 0
526, 516, 499, 466, 453, 424, 407, 375, 358, 336, 316, 283, 263, 251, 235, 204, 188, 172, 141, 140, 120, 94, 86, 66, 25, 1
526, 516, 499, 466, 453, 424, 407, 375, 358, 336, 316, 283, 263, 251, 235, 204, 188, 172, 141, 140, 120, 94, 86, 85, 44, 26, 2
526, 527, 515, 500, 467, 452, 425, 426, 409, 373, 357, 356, 339, 320, 288, 289, 267, 255, 217, 200, 185, 168, 139, 122, 92, 83, 45, 27, 3
526, 516, 517, 498, 464, 455, 419, 402, 379, 363, 331, 312, 301, 278, 244, 229, 211, 176, 160, 150, 132, 107, 108, 77, 52, 51, 31, 30, 29, 28, 4
526, 516, 517, 498, 464, 455, 419, 402, 379, 363, 331, 312, 301, 278, 244, 229, 211, 176, 160, 150, 132, 107, 108, 77, 52, 51, 31, 6, 5
526, 516, 517, 498, 464, 455, 419, 402, 379, 363, 331, 312, 301, 278, 244, 229, 211, 176, 160, 150, 132, 107, 108, 77, 52, 51, 31, 6
526, 516, 517, 498, 464, 455, 419, 402, 379, 363, 331, 312, 301, 278, 244, 229, 211, 176, 160, 150, 132, 107, 108, 77, 52, 32, 7
526, 516, 517, 498, 464, 455, 419, 402, 379, 363, 331, 312, 301, 278, 244, 229, 211, 176, 160, 150, 132, 107, 76, 53, 33, 8
526, 516, 517, 498, 464, 455, 419, 402, 379, 363, 331, 312, 301, 278, 244, 229, 211, 176, 160, 150, 132, 107, 76, 53, 33, 9
526, 516, 517, 498, 464, 455, 419, 402, 379, 363, 331, 312, 301, 278, 244, 229, 211, 176, 160, 150, 132, 106, 75, 54, 34, 10
526, 516, 499, 466, 453, 423, 406, 376, 360, 335, 315, 304, 282, 246, 231, 209, 194, 157, 148, 112, 105, 74, 55, 35, 11
526, 516, 499, 466, 453, 423, 406, 376, 360, 335, 315, 304, 282, 246, 231, 209, 194, 157, 148, 112, 105, 73, 56, 36, 12
526, 516, 499, 466, 453, 423, 406, 376, 360, 335, 315, 304, 282, 246, 231, 209, 194, 156, 147, 113, 103, 71, 58, 37, 13
526, 516, 499, 466, 453, 423, 406, 376, 360, 335, 315, 304, 282, 246, 231, 209, 194, 156, 147, 113, 103, 71, 58, 37, 14
526, 516, 499, 466, 453, 424, 407, 375, 358, 336, 316, 283, 263, 251, 235, 204, 189, 173, 143, 117, 99, 100, 68, 61, 60, 39, 38, 15
526, 516, 499, 466, 453, 424, 407, 375, 358, 336, 316, 283, 263, 251, 235, 204, 189, 173, 143, 117, 99, 100, 68, 61, 40, 16
526, 516, 499, 466, 453, 424, 407, 375, 358, 336, 316, 283, 263, 251, 235, 204, 189, 173, 143, 117, 98, 67, 62, 41, 17
526, 516, 499, 466, 453, 424, 407, 375, 358, 336, 316, 283, 263, 251, 235, 204, 188, 172, 141, 118, 96, 88, 63, 21, 18
526, 516, 499, 466, 453, 424, 407, 375, 358, 336, 316, 283, 263, 251, 235, 204, 188, 172, 141, 118, 96, 88, 63, 21, 19
526, 516, 499, 466, 453, 424, 407, 375, 358, 336, 316, 283, 263, 251, 235, 204, 188, 172, 141, 118, 96, 88, 64, 22, 20
526, 516, 499, 466, 453, 424, 407, 375, 358, 336, 316, 283, 263, 251, 235, 204, 188, 172, 141, 118, 96, 88, 63, 21
526, 516, 499, 466, 453, 424, 407, 375, 358, 336, 316, 283, 263, 251, 235, 204, 188, 172, 141, 118, 96, 88, 64, 22
526, 516, 499, 466, 453, 424, 407, 375, 358, 336, 316, 283, 263, 251, 235, 204, 188, 172, 141, 118, 96, 88, 64, 22, 23
526, 516, 499, 466, 453, 424, 407, 375, 358, 336, 316, 283, 263, 251, 235, 204, 188, 172, 141, 140, 120, 94, 86, 66, 24
526, 516, 499, 466, 453, 424, 407, 375, 358, 336, 316, 283, 263, 251, 235, 204, 188, 172, 141, 140, 120, 94, 86, 66, 25
526, 516, 499, 466, 453, 424, 407, 375, 358, 336, 316, 283, 263, 251, 235, 204, 188, 172, 141, 140, 120, 94, 86, 85, 44, 26
526, 527, 515, 500, 467, 452, 425, 426, 409, 373, 357, 356, 339, 320, 288, 289, 267, 255, 217, 200, 185, 168, 139, 122, 92, 83, 45, 27
526, 516, 517, 498, 464, 455, 419, 402, 379, 363, 331, 312, 301, 278, 244, 229, 211, 176, 160, 150, 132, 107, 108, 77, 52, 51, 31, 30, 29, 28
526, 516, 517, 498, 464, 455, 419, 402, 379, 363, 331, 312, 301, 278, 244, 229, 211, 176, 160, 150, 132, 107, 108, 77, 52, 51, 31, 30, 29
526, 516, 517, 498, 464, 455, 419, 402, 379, 363, 331, 312, 301, 278, 244, 229, 211, 176, 160, 150, 132, 107, 108, 77, 52, 51, 31, 30
526, 516, 517, 498, 464, 455, 419, 402, 379, 363, 331, 312, 301, 278, 244, 229, 211, 176, 160, 150, 132, 107, 108, 77, 52, 51, 31
526, 516, 517, 498, 464, 455, 419, 402, 379, 363, 331, 312, 301, 278, 244, 229, 211, 176, 160, 150, 132, 107, 108, 77, 52, 32
526, 516, 517, 498, 464, 455, 419, 402, 379, 363, 331, 312, 301, 278, 244, 229, 211, 176, 160, 150, 132, 107, 76, 53, 33
526, 516, 517, 498, 464, 455, 419, 402, 379, 363, 331, 312, 301, 278, 244, 229, 211, 176, 160, 150, 132, 106, 75, 54, 34
526, 516, 499, 466, 453, 423, 406, 376, 360, 335, 315, 304, 282, 246, 231, 209, 194, 157, 148, 112, 105, 74, 55, 35
526, 516, 499, 466, 453, 423, 406, 376, 360, 335, 315, 304, 282, 246, 231, 209, 194, 157, 148, 112, 105, 73, 56, 36
526, 516, 499, 466, 453, 423, 406, 376, 360, 335, 315, 304, 282, 246, 231, 209, 194, 156, 147, 113, 103, 71, 58, 37
526, 516, 499, 466, 453, 424, 407, 375, 358, 336, 316, 283, 263, 251, 235, 204, 189, 173, 143, 117, 99, 100, 68, 61, 60, 39, 38
526, 516, 499, 466, 453, 424, 407, 375, 358, 336, 316, 283, 263, 251, 235, 204, 189, 173, 143, 117, 99, 100, 68, 61, 60, 39
526, 516, 499, 466, 453, 424, 407, 375, 358, 336, 316, 283, 263, 251, 235, 204, 189, 173, 143, 117, 99, 100, 68, 61, 40
526, 516, 499, 466, 453, 424, 407, 375, 358, 336, 316, 283, 263, 251, 235, 204, 189, 173, 143, 117, 98, 67, 62, 41
526, 516, 499, 466, 453, 424, 407, 375, 358, 336, 316, 283, 263, 251, 235, 204, 188, 172, 141, 140, 120, 94, 86, 85, 84, 42
526, 516, 499, 466, 453, 424, 407, 375, 358, 336, 316, 283, 263, 251, 235, 204, 188, 172, 141, 140, 120, 94, 86, 85, 44, 43
526, 516, 499, 466, 453, 424, 407, 375, 358, 336, 316, 283, 263, 251, 235, 204, 188, 172, 141, 140, 120, 94, 86, 85, 44
526, 527, 515, 500, 467, 452, 425, 426, 409, 373, 357, 356, 339, 320, 288, 289, 267, 255, 217, 200, 185, 168, 139, 122, 92, 83, 45
526, 527, 515, 500, 467, 452, 425, 426, 409, 373, 357, 356, 339, 320, 288, 289, 267, 255, 217, 200, 185, 168, 139, 122, 92, 83, 46
526, 527, 515, 500, 467, 452, 425, 426, 409, 373, 357, 356, 339, 320, 288, 289, 267, 255, 217, 200, 185, 168, 139, 122, 92, 83, 46, 47
526, 516, 517, 498, 464, 455, 419, 402, 379, 363, 331, 312, 301, 278, 244, 229, 211, 176, 160, 150, 132, 107, 108, 77, 52, 51, 50, 49, 48
526, 516, 517, 498, 464, 455, 419, 402, 379, 363, 331, 312, 301, 278, 244, 229, 211, 176, 160, 150, 132, 107, 108, 77, 52, 51, 50, 49
526, 516, 517, 498, 464, 455, 419, 402, 379, 363, 331, 312, 301, 278, 244, 229, 211, 176, 160, 150, 132, 107, 108, 77, 52, 51, 50
526, 516, 517, 498, 464, 455, 419, 402, 379, 363, 331, 312, 301, 278, 244, 229, 211, 176, 160, 150, 132, 107, 108, 77, 52, 51
526, 516, 517, 498, 464, 455, 419, 402, 379, 363, 331, 312, 301, 278, 244, 229, 211, 176, 160, 150, 132, 107, 108, 77, 52
526, 516, 517, 498, 464, 455, 419, 402, 379, 363, 331, 312, 301, 278, 244, 229, 211, 176, 160, 150, 132, 107, 76, 53
526, 516, 517, 498, 464, 455, 419, 402, 379, 363, 331, 312, 301, 278, 244, 229, 211, 176, 160, 150, 132, 106, 75, 54
526, 516, 499, 466, 453, 423, 406, 376, 360, 335, 315, 304, 282, 246, 231, 209, 194, 157, 148, 112, 105, 74, 55
526, 516, 499, 466, 453, 423, 406, 376, 360, 335, 315, 304, 282, 246, 231, 209, 194, 157, 148, 112, 105, 73, 56
526, 516, 499, 466, 453, 423, 406, 376, 360, 335, 315, 304, 282, 246, 231, 209, 194, 157, 148, 112, 105, 73, 56, 57
526, 516, 499, 466, 453, 423, 406, 376, 360, 335, 315, 304, 282, 246, 231, 209, 194, 156, 147, 113, 103, 71, 58
526, 516, 499, 466, 453, 424, 407, 375, 358, 336, 316, 285, 262, 250, 234, 206, 192, 175, 144, 115, 102, 70, 59
526, 516, 499, 466, 453, 424, 407, 375, 358, 336, 316, 283, 263, 251, 235, 204, 189, 173, 143, 117, 99, 100, 68, 61, 60
526, 516, 499, 466, 453, 424, 407, 375, 358, 336, 316, 283, 263, 251, 235, 204, 189, 173, 143, 117, 99, 100, 68, 61
526, 516, 499, 466, 453, 424, 407, 375, 358, 336, 316, 283, 263, 251, 235, 204, 189, 173, 143, 117, 98, 67, 62
526, 516, 499, 466, 453, 424, 407, 375, 358, 336, 316, 283, 263, 251, 235, 204, 188, 172, 141, 118, 96, 88, 63
526, 516, 499, 466, 453, 424, 407, 375, 358, 336, 316, 283, 263, 251, 235, 204, 188, 172, 141, 118, 96, 88, 64
526, 516, 499, 466, 453, 424, 407, 375, 358, 336, 316, 283, 263, 251, 235, 204, 188, 172, 141, 118, 96, 88, 64, 65
526, 516, 499, 466, 453, 424, 407, 375, 358, 336, 316, 283, 263, 251, 235, 204, 188, 172, 141, 140, 120, 94, 86, 66
526, 516, 499, 466, 453, 424, 407, 375, 358, 336, 316, 283, 263, 251, 235, 204, 189, 173, 143, 117, 98, 67
526, 516, 499, 466, 453, 424, 407, 375, 358, 336, 316, 283, 263, 251, 235, 204, 189, 173, 143, 117, 99, 100, 68
526, 516, 499, 466, 453, 424, 407, 375, 358, 336, 316, 283, 263, 251, 235, 204, 189, 173, 143, 117, 116, 101, 69
526, 516, 499, 466, 453, 424, 407, 375, 358, 336, 316, 285, 262, 250, 234, 206, 192, 175, 144, 115, 102, 70
526, 516, 499, 466, 453, 423, 406, 376, 360, 335, 315, 304, 282, 246, 231, 209, 194, 156, 147, 113, 103, 71
526, 516, 499, 466, 453, 423, 406, 376, 360, 335, 315, 304, 282, 246, 231, 209, 194, 156, 147, 113, 104, 72
526, 516, 499, 466, 453, 423, 406, 376, 360, 335, 315, 304, 282, 246, 231, 209, 194, 157, 148, 112, 105, 73
526, 516, 499, 466, 453, 423, 406, 376, 360, 335, 315, 304, 282, 246, 231, 209, 194, 157, 148, 112, 105, 74
526, 516, 517, 498, 464, 455, 419, 402, 379, 363, 331, 312, 301, 278, 244, 229, 211, 176, 160, 150, 132, 106, 75
526, 516, 517, 498, 464, 455, 419, 402, 379, 363, 331, 312, 301, 278, 244, 229, 211, 176, 160, 150, 132, 107, 76
526, 516, 517, 498, 464, 455, 419, 402, 379, 363, 331, 312, 301, 278, 244, 229, 211, 176, 160, 150, 132, 107, 108, 77
526, 516, 517, 498, 464, 455, 419, 402, 379, 363, 331, 312, 301, 278, 244, 229, 211, 176, 160, 150, 132, 107, 108, 77, 78
526, 516, 517, 498, 464, 455, 419, 402, 379, 363, 331, 312, 301, 278, 244, 229, 211, 176, 160, 150, 132, 107, 108, 77, 78, 79
526, 516, 517, 498, 464, 455, 419, 402, 379, 363, 331, 312, 301, 278, 244, 229, 211, 176, 160, 150, 132, 107, 108, 77, 78, 79, 80
526, 516, 517, 498, 464, 455, 419, 402, 379, 363, 331, 312, 301, 278, 244, 229, 211, 176, 160, 150, 132, 107, 108, 77, 78, 79, 80, 81
526, 527, 515, 500, 467, 452, 425, 426, 409, 373, 357, 356, 339, 320, 288, 289, 267, 255, 217, 200, 185, 168, 139, 122, 91, 90, 82
526, 527, 515, 500, 467, 452, 425, 426, 409, 373, 357, 356, 339, 320, 288, 289, 267, 255, 217, 200, 185, 168, 139, 122, 92, 83
526, 516, 499, 466, 453, 424, 407, 375, 358, 336, 316, 283, 263, 251, 235, 204, 188, 172, 141, 140, 120, 94, 86, 85, 84
526, 516, 499, 466, 453, 424, 407, 375, 358, 336, 316, 283, 263, 251, 235, 204, 188, 172, 141, 140, 120, 94, 86, 85
526, 516, 499, 466, 453, 424, 407, 375, 358, 336, 316, 283, 263, 251, 235, 204, 188, 172, 141, 140, 120, 94, 86
526, 516, 499, 466, 453, 424, 407, 375, 358, 336, 316, 283, 263, 251, 235, 204, 188, 172, 141, 118, 96, 88, 87
526, 516, 499, 466, 453, 424, 407, 375, 358, 336, 316, 283, 263, 251, 235, 204, 188, 172, 141, 118, 96, 88
526, 516, 517, 498, 464, 455, 419, 402, 379, 363, 331, 312, 301, 278, 244, 229, 211, 176, 160, 150, 132, 107, 108, 109, 110, 89
526, 527, 515, 500, 467, 452, 425, 426, 409, 373, 357, 356, 339, 320, 288, 289, 267, 255, 217, 200, 185, 168, 139, 122, 91, 90
526, 527, 515, 500, 467, 452, 425, 426, 409, 373, 357, 356, 339, 320, 288, 289, 267, 255, 217, 200, 185, 168, 139, 122, 91
526, 527, 515, 500, 467, 452, 425, 426, 409, 373, 357, 356, 339, 320, 288, 289, 267, 255, 217, 200, 185, 168, 139, 122, 92
526, 527, 515, 500, 467, 452, 425, 426, 409, 373, 357, 356, 339, 320, 288, 289, 267, 255, 217, 200, 185, 168, 139, 122, 93
526, 516, 499, 466, 453, 424, 407, 375, 358, 336, 316, 283, 263, 251, 235, 204, 188, 172, 141, 140, 120, 94
526, 516, 499, 466, 453, 424, 407, 375, 358, 336, 316, 283, 263, 251, 235, 204, 188, 172, 141, 140, 120, 95
526, 516, 499, 466, 453, 424, 407, 375, 358, 336, 316, 283, 263, 251, 235, 204, 188, 172, 141, 118, 96
526, 516, 499, 466, 453, 424, 407, 375, 358, 336, 316, 283, 263, 251, 235, 204, 188, 172, 141, 118, 97
526, 516, 499, 466, 453, 424, 407, 375, 358, 336, 316, 283, 263, 251, 235, 204, 189, 173, 143, 117, 98
526, 516, 499, 466, 453, 424, 407, 375, 358, 336, 316, 283, 263, 251, 235, 204, 189, 173, 143, 117, 99
