704, 672, 667, 648, 616, 590, 581, 559, 526, 516, 499, 466, 453, 424, 407, 375, 358, 336, 316, 283, 263, 251, 235, 204, 188, 172, 141, 118, 96, 88, 64, 22, 23, 0
704, 672, 667, 648, 616, 590, 581, 559, 526, 516, 499, 466, 453, 424, 407, 375, 358, 336, 316, 283, 263, 251, 235, 204, 188, 172, 141, 140, 120, 94, 86, 66, 25, 1
704, 672, 667, 648, 616, 590, 581, 559, 526, 516, 499, 466, 453, 424, 407, 375, 358, 336, 316, 283, 263, 251, 235, 204, 188, 172, 141, 140, 120, 94, 86, 85, 44, 26, 2
704, 703, 671, 670, 649, 631, 615, 591, 583, 561, 527, 515, 500, 467, 452, 425, 426, 409, 373, 357, 356, 339, 320, 288, 289, 267, 255, 217, 200, 185, 168, 139, 122, 92, 83, 45, 27, 3
704, 672, 667, 647, 617, 589, 580, 558, 545, 518, 497, 463, 456, 419, 402, 379, 363, 331, 312, 301, 278, 244, 229, 211, 176, 160, 150, 132, 107, 108, 77, 52, 51, 31, 30, 29, 28, 4
704, 672, 667, 647, 617, 589, 580, 558, 545, 518, 497, 463, 456, 419, 402, 379, 363, 331, 312, 301, 278, 244, 229, 211, 176, 160, 150, 132, 107, 108, 77, 52, 51, 31, 6, 5
704, 672, 667, 647, 617, 589, 580, 558, 545, 518, 497, 463, 456, 419, 402, 379, 363, 331, 312, 301, 278, 244, 229, 211, 176, 160, 150, 132, 107, 108, 77, 52, 51, 31, 6
704, 672, 667, 647, 617, 589, 580, 558, 545, 518, 497, 463, 456, 419, 402, 379, 363, 331, 312, 301, 278, 244, 229, 211, 176, 160, 150, 132, 107, 108, 77, 52, 32, 7
704, 672, 667, 647, 617, 589, 580, 558, 545, 518, 497, 463, 456, 419, 402, 379, 363, 331, 312, 301, 278, 244, 229, 211, 176, 160, 150, 132, 107, 76, 53, 33, 8
704, 672, 667, 647, 617, 589, 580, 558, 545, 518, 497, 463, 456, 419, 402, 379, 363, 331, 312, 301, 278, 244, 229, 211, 176, 160, 150, 132, 107, 76, 53, 33, 9
704, 672, 667, 647, 617, 589, 580, 558, 545, 518, 497, 463, 456, 419, 402, 379, 363, 331, 312, 301, 278, 244, 229, 211, 176, 160, 150, 132, 106, 75, 54, 34, 10
704, 672, 667, 647, 617, 589, 580, 558, 545, 518, 497, 463, 456, 419, 402, 379, 363, 331, 312, 302, 281, 245, 230, 210, 195, 158, 149, 112, 105, 74, 55, 35, 11
704, 672, 667, 647, 617, 589, 580, 558, 545, 518, 497, 463, 456, 419, 402, 379, 363, 331, 312, 302, 281, 245, 230, 210, 195, 158, 149, 112, 105, 73, 56, 36, 12
704, 672, 667, 647, 617, 589, 580, 558, 545, 518, 497, 463, 456, 419, 402, 379, 363, 331, 312, 302, 281, 245, 230, 210, 195, 158, 149, 112, 105, 73, 56, 36, 12, 13
704, 672, 667, 647, 617, 589, 580, 558, 545, 518, 497, 463, 456, 419, 403, 378, 362, 333, 314, 304, 282, 246, 231, 209, 194, 156, 147, 113, 103, 71, 58, 37, 14
704, 672, 667, 647, 617, 589, 580, 558, 545, 518, 497, 463, 456, 419, 403, 378, 362, 333, 314, 304, 282, 246, 231, 209, 194, 156, 147, 113, 103, 71, 58, 37, 14, 15
704, 672, 667, 648, 616, 590, 581, 559, 526, 516, 499, 466, 453, 424, 407, 375, 358, 336, 316, 283, 263, 251, 235, 204, 189, 173, 143, 117, 99, 100, 68, 61, 40, 16
704, 672, 667, 648, 616, 590, 581, 559, 526, 516, 499, 466, 453, 424, 407, 375, 358, 336, 316, 283, 263, 251, 235, 204, 189, 173, 143, 117, 98, 67, 62, 41, 17
704, 672, 667, 648, 616, 590, 581, 559, 526, 516, 499, 466, 453, 424, 407, 375, 358, 336, 316, 283, 263, 251, 235, 204, 188, 172, 141, 118, 96, 88, 63, 21, 18
704, 672, 667, 648, 616, 590, 581, 559, 526, 516, 499, 466, 453, 424, 407, 375, 358, 336, 316, 283, 263, 251, 235, 204, 188, 172, 141, 118, 96, 88, 63, 21, 19
704, 672, 667, 648, 616, 590, 581, 559, 526, 516, 499, 466, 453, 424, 407, 375, 358, 336, 316, 283, 263, 251, 235, 204, 188, 172, 141, 118, 96, 88, 64, 22, 20
704, 672, 667, 648, 616, 590, 581, 559, 526, 516, 499, 466, 453, 424, 407, 375, 358, 336, 316, 283, 263, 251, 235, 204, 188, 172, 141, 118, 96, 88, 63, 21
704, 672, 667, 648, 616, 590, 581, 559, 526, 516, 499, 466, 453, 424, 407, 375, 358, 336, 316, 283, 263, 251, 235, 204, 188, 172, 141, 118, 96, 88, 64, 22
704, 672, 667, 648, 616, 590, 581, 559, 526, 516, 499, 466, 453, 424, 407, 375, 358, 336, 316, 283, 263, 251, 235, 204, 188, 172, 141, 118, 96, 88, 64, 22, 23
704, 672, 667, 648, 616, 590, 581, 559, 526, 516, 499, 466, 453, 424, 407, 375, 358, 336, 316, 283, 263, 251, 235, 204, 188, 172, 141, 140, 120, 94, 86, 66, 24
704, 672, 667, 648, 616, 590, 581, 559, 526, 516, 499, 466, 453, 424, 407, 375, 358, 336, 316, 283, 263, 251, 235, 204, 188, 172, 141, 140, 120, 94, 86, 66, 25
704, 672, 667, 648, 616, 590, 581, 559, 526, 516, 499, 466, 453, 424, 407, 375, 358, 336, 316, 283, 263, 251, 235, 204, 188, 172, 141, 140, 120, 94, 86, 85, 44, 26
704, 703, 671, 670, 649, 631, 615, 591, 583, 561, 527, 515, 500, 467, 452, 425, 426, 409, 373, 357, 356, 339, 320, 288, 289, 267, 255, 217, 200, 185, 168, 139, 122, 92, 83, 45, 27
704, 672, 667, 647, 617, 589, 580, 558, 545, 518, 497, 463, 456, 419, 402, 379, 363, 331, 312, 301, 278, 244, 229, 211, 176, 160, 150, 132, 107, 108, 77, 52, 51, 31, 30, 29, 28
704, 672, 667, 647, 617, 589, 580, 558, 545, 518, 497, 463, 456, 419, 402, 379, 363, 331, 312, 301, 278, 244, 229, 211, 176, 160, 150, 132, 107, 108, 77, 52, 51, 31, 30, 29
704, 672, 667, 647, 617, 589, 580, 558, 545, 518, 497, 463, 456, 419, 402, 379, 363, 331, 312, 301, 278, 244, 229, 211, 176, 160, 150, 132, 107, 108, 77, 52, 51, 31, 30
704, 672, 667, 647, 617, 589, 580, 558, 545, 518, 497, 463, 456, 419, 402, 379, 363, 331, 312, 301, 278, 244, 229, 211, 176, 160, 150, 132, 107, 108, 77, 52, 51, 31
704, 672, 667, 647, 617, 589, 580, 558, 545, 518, 497, 463, 456, 419, 402, 379, 363, 331, 312, 301, 278, 244, 229, 211, 176, 160, 150, 132, 107, 108, 77, 52, 32
704, 672, 667, 647, 617, 589, 580, 558, 545, 518, 497, 463, 456, 419, 402, 379, 363, 331, 312, 301, 278, 244, 229, 211, 176, 160, 150, 132, 107, 76, 53, 33
704, 672, 667, 647, 617, 589, 580, 558, 545, 518, 497, 463, 456, 419, 402, 379, 363, 331, 312, 301, 278, 244, 229, 211, 176, 160, 150, 132, 106, 75, 54, 34
704, 672, 667, 647, 617, 589, 580, 558, 545, 518, 497, 463, 456, 419, 402, 379, 363, 331, 312, 302, 281, 245, 230, 210, 195, 158, 149, 112, 105, 74, 55, 35
704, 672, 667, 647, 617, 589, 580, 558, 545, 518, 497, 463, 456, 419, 402, 379, 363, 331, 312, 302, 281, 245, 230, 210, 195, 158, 149, 112, 105, 73, 56, 36
704, 672, 667, 647, 617, 589, 580, 558, 545, 518, 497, 463, 456, 419, 403, 378, 362, 333, 314, 304, 282, 246, 231, 209, 194, 156, 147, 113, 103, 71, 58, 37
704, 672, 667, 648, 616, 590, 581, 559, 526, 516, 499, 466, 453, 424, 407, 375, 358, 336, 316, 283, 263, 251, 235, 204, 189, 173, 143, 117, 99, 100, 68, 61, 60, 39, 38
704, 672, 667, 648, 616, 590, 581, 559, 526, 516, 499, 466, 453, 424, 407, 375, 358, 336, 316, 283, 263, 251, 235, 204, 189, 173, 143, 117, 99, 100, 68, 61, 60, 39
704, 672, 667, 648, 616, 590, 581, 559, 526, 516, 499, 466, 453, 424, 407, 375, 358, 336, 316, 283, 263, 251, 235, 204, 189, 173, 143, 117, 99, 100, 68, 61, 40
704, 672, 667, 648, 616, 590, 581, 559, 526, 516, 499, 466, 453, 424, 407, 375, 358, 336, 316, 283, 263, 251, 235, 204, 189, 173, 143, 117, 98, 67, 62, 41
704, 672, 667, 648, 616, 590, 581, 559, 526, 516, 499, 466, 453, 424, 407, 375, 358, 336, 316, 283, 263, 251, 235, 204, 188, 172, 141, 140, 120, 94, 86, 85, 84, 42
704, 672, 667, 648, 616, 590, 581, 559, 526, 516, 499, 466, 453, 424, 407, 375, 358, 336, 316, 283, 263, 251, 235, 204, 188, 172, 141, 140, 120, 94, 86, 85, 44, 43
704, 672, 667, 648, 616, 590, 581, 559, 526, 516, 499, 466, 453, 424, 407, 375, 358, 336, 316, 283, 263, 251, 235, 204, 188, 172, 141, 140, 120, 94, 86, 85, 44
704, 703, 671, 670, 649, 631, 615, 591, 583, 561, 527, 515, 500, 467, 452, 425, 426, 409, 373, 357, 356, 339, 320, 288, 289, 267, 255, 217, 200, 185, 168, 139, 122, 92, 83, 45
704, 703, 671, 670, 649, 631, 615, 591, 583, 561, 527, 515, 500, 467, 452, 425, 426, 409, 373, 357, 356, 339, 320, 288, 289, 267, 255, 217, 200, 185, 168, 139, 122, 92, 83, 46
704, 672, 667, 647, 617, 589, 580, 558, 545, 518, 497, 463, 462, 459, 418, 417, 399, 382, 383, 366, 349, 309, 298, 275, 241, 224, 215, 180, 181, 164, 135, 127, 89, 81, 82, 47
704, 672, 667, 647, 617, 589, 580, 558, 545, 518, 497, 463, 456, 419, 402, 379, 363, 331, 312, 301, 278, 244, 229, 211, 176, 160, 150, 132, 107, 108, 77, 52, 51, 50, 49, 48
704, 672, 667, 647, 617, 589, 580, 558, 545, 518, 497, 463, 456, 419, 402, 379, 363, 331, 312, 301, 278, 244, 229, 211, 176, 160, 150, 132, 107, 108, 77, 52, 51, 50, 49
704, 672, 667, 647, 617, 589, 580, 558, 545, 518, 497, 463, 456, 419, 402, 379, 363, 331, 312, 301, 278, 244, 229, 211, 176, 160, 150, 132, 107, 108, 77, 52, 51, 50
704, 672, 667, 647, 617, 589, 580, 558, 545, 518, 497, 463, 456, 419, 402, 379, 363, 331, 312, 301, 278, 244, 229, 211, 176, 160, 150, 132, 107, 108, 77, 52, 51
704, 672, 667, 647, 617, 589, 580, 558, 545, 518, 497, 463, 456, 419, 402, 379, 363, 331, 312, 301, 278, 244, 229, 211, 176, 160, 150, 132, 107, 108, 77, 52
704, 672, 667, 647, 617, 589, 580, 558, 545, 518, 497, 463, 456, 419, 402, 379, 363, 331, 312, 301, 278, 244, 229, 211, 176, 160, 150, 132, 107, 76, 53
704, 672, 667, 647, 617, 589, 580, 558, 545, 518, 497, 463, 456, 419, 402, 379, 363, 331, 312, 301, 278, 244, 229, 211, 176, 160, 150, 132, 106, 75, 54
704, 672, 667, 647, 617, 589, 580, 558, 545, 518, 497, 463, 456, 419, 402, 379, 363, 331, 312, 302, 281, 245, 230, 210, 195, 158, 149, 112, 105, 74, 55
704, 672, 667, 647, 617, 589, 580, 558, 545, 518, 497, 463, 456, 419, 402, 379, 363, 331, 312, 302, 281, 245, 230, 210, 195, 158, 149, 112, 105, 73, 56
704, 672, 667, 647, 617, 589, 580, 558, 545, 518, 497, 463, 456, 419, 402, 379, 363, 331, 312, 302, 281, 245, 230, 210, 195, 158, 149, 112, 105, 73, 56, 57
704, 672, 667, 647, 617, 589, 580, 558, 545, 518, 497, 463, 456, 419, 403, 378, 362, 333, 314, 304, 282, 246, 231, 209, 194, 156, 147, 113, 103, 71, 58
704, 672, 667, 647, 617, 589, 580, 558, 545, 518, 497, 463, 456, 419, 403, 378, 362, 333, 314, 304, 282, 247, 232, 207, 193, 155, 146, 114, 102, 70, 59
704, 672, 667, 648, 616, 590, 581, 559, 526, 516, 499, 466, 453, 424, 407, 375, 358, 336, 316, 283, 263, 251, 235, 204, 189, 173, 143, 117, 99, 100, 68, 61, 60
704, 672, 667, 648, 616, 590, 581, 559, 526, 516, 499, 466, 453, 424, 407, 375, 358, 336, 316, 283, 263, 251, 235, 204, 189, 173, 143, 117, 99, 100, 68, 61
704, 672, 667, 648, 616, 590, 581, 559, 526, 516, 499, 466, 453, 424, 407, 375, 358, 336, 316, 283, 263, 251, 235, 204, 189, 173, 143, 117, 98, 67, 62
704, 672, 667, 648, 616, 590, 581, 559, 526, 516, 499, 466, 453, 424, 407, 375, 358, 336, 316, 283, 263, 251, 235, 204, 188, 172, 141, 118, 96, 88, 63
704, 672, 667, 648, 616, 590, 581, 559, 526, 516, 499, 466, 453, 424, 407, 375, 358, 336, 316, 283, 263, 251, 235, 204, 188, 172, 141, 118, 96, 88, 64
704, 672, 667, 648, 616, 590, 581, 559, 526, 516, 499, 466, 453, 424, 407, 375, 358, 336, 316, 283, 263, 251, 235, 204, 188, 172, 141, 118, 96, 88, 64, 65
704, 672, 667, 648, 616, 590, 581, 559, 526, 516, 499, 466, 453, 424, 407, 375, 358, 336, 316, 283, 263, 251, 235, 204, 188, 172, 141, 140, 120, 94, 86, 66
704, 672, 667, 648, 616, 590, 581, 559, 526, 516, 499, 466, 453, 424, 407, 375, 358, 336, 316, 283, 263, 251, 235, 204, 189, 173, 143, 117, 98, 67
704, 672, 667, 648, 616, 590, 581, 559, 526, 516, 499, 466, 453, 424, 407, 375, 358, 336, 316, 283, 263, 251, 235, 204, 189, 173, 143, 117, 99, 100, 68
704, 672, 667, 648, 616, 590, 581, 559, 526, 516, 499, 466, 453, 424, 407, 375, 358, 336, 316, 283, 263, 251, 235, 204, 189, 173, 143, 117, 116, 101, 69
704, 672, 667, 647, 617, 589, 580, 558, 545, 518, 497, 463, 456, 419, 403, 378, 362, 333, 314, 304, 282, 247, 232, 207, 193, 155, 146, 114, 102, 70
704, 672, 667, 647, 617, 589, 580, 558, 545, 518, 497, 463, 456, 419, 403, 378, 362, 333, 314, 304, 282, 246, 231, 209, 194, 156, 147, 113, 103, 71
704, 672, 667, 647, 617, 589, 580, 558, 545, 518, 497, 463, 456, 419, 403, 378, 362, 333, 314, 304, 282, 246, 231, 209, 194, 156, 147, 113, 104, 72
704, 672, 667, 647, 617, 589, 580, 558, 545, 518, 497, 463, 456, 419, 402, 379, 363, 331, 312, 302, 281, 245, 230, 210, 195, 158, 149, 112, 105, 73
704, 672, 667, 647, 617, 589, 580, 558, 545, 518, 497, 463, 456, 419, 402, 379, 363, 331, 312, 302, 281, 245, 230, 210, 195, 158, 149, 112, 105, 74
704, 672, 667, 647, 617, 589, 580, 558, 545, 518, 497, 463, 456, 419, 402, 379, 363, 331, 312, 301, 278, 244, 229, 211, 176, 160, 150, 132, 106, 75
704, 672, 667, 647, 617, 589, 580, 558, 545, 518, 497, 463, 456, 419, 402, 379, 363, 331, 312, 301, 278, 244, 229, 211, 176, 160, 150, 132, 107, 76
704, 672, 667, 647, 617, 589, 580, 558, 545, 518, 497, 463, 456, 419, 402, 379, 363, 331, 312, 301, 278, 244, 229, 211, 176, 160, 150, 132, 107, 108, 77
704, 672, 667, 647, 617, 589, 580, 558, 545, 518, 497, 463, 456, 419, 402, 379, 363, 331, 312, 301, 278, 244, 229, 211, 176, 160, 150, 132, 107, 108, 77, 78
704, 672, 667, 647, 617, 589, 580, 558, 545, 518, 497, 463, 456, 419, 402, 379, 363, 331, 312, 301, 278, 244, 229, 211, 176, 160, 150, 132, 107, 108, 77, 78, 79
704, 672, 667, 647, 617, 589, 580, 558, 545, 518, 497, 463, 456, 419, 402, 379, 363, 331, 312, 301, 278, 244, 229, 211, 176, 160, 150, 132, 107, 108, 77, 78, 79, 80
704, 672, 667, 647, 617, 589, 580, 558, 545, 518, 497, 463, 462, 459, 418, 417, 399, 382, 383, 366, 349, 309, 298, 275, 241, 224, 215, 180, 181, 164, 135, 127, 89, 81
704, 672, 667, 647, 617, 589, 580, 558, 545, 518, 497, 463, 462, 459, 418, 417, 399, 382, 383, 366, 349, 309, 298, 275, 241, 224, 215, 180, 181, 164, 135, 127, 89, 81, 82
704, 703, 671, 670, 649, 631, 615, 591, 583, 561, 527, 515, 500, 467, 452, 425, 426, 409, 373, 357, 356, 339, 320, 288, 289, 267, 255, 217, 200, 185, 168, 139, 122, 92, 83
704, 672, 667, 648, 616, 590, 581, 559, 526, 516, 499, 466, 453, 424, 407, 375, 358, 336, 316, 283, 263, 251, 235, 204, 188, 172, 141, 140, 120, 94, 86, 85, 84
704, 672, 667, 648, 616, 590, 581, 559, 526, 516, 499, 466, 453, 424, 407, 375, 358, 336, 316, 283, 263, 251, 235, 204, 188, 172, 141, 140, 120, 94, 86, 85
704, 672, 667, 648, 616, 590, 581, 559, 526, 516, 499, 466, 453, 424, 407, 375, 358, 336, 316, 283, 263, 251, 235, 204, 188, 172, 141, 140, 120, 94, 86
704, 672, 667, 648, 616, 590, 581, 559, 526, 516, 499, 466, 453, 424, 407, 375, 358, 336, 316, 283, 263, 251, 235, 204, 188, 172, 141, 118, 96, 88, 87
704, 672, 667, 648, 616, 590, 581, 559, 526, 516, 499, 466, 453, 424, 407, 375, 358, 336, 316, 283, 263, 251, 235, 204, 188, 172, 141, 118, 96, 88
704, 672, 667, 647, 617, 589, 580, 558, 545, 518, 497, 463, 462, 459, 418, 417, 399, 382, 383, 366, 349, 309, 298, 275, 241, 224, 215, 180, 181, 164, 135, 127, 89
704, 672, 667, 647, 617, 589, 580, 558, 545, 518, 497, 463, 462, 459, 418, 417, 399, 382, 383, 366, 349, 309, 298, 275, 241, 224, 215, 180, 181, 164, 135, 127, 89, 90
704, 703, 671, 670, 649, 631, 615, 591, 583, 561, 527, 515, 500, 467, 452, 425, 426, 409, 373, 357, 356, 339, 320, 288, 289, 267, 255, 217, 200, 185, 168, 139, 122, 91
704, 703, 671, 670, 649, 631, 615, 591, 583, 561, 527, 515, 500, 467, 452, 425, 426, 409, 373, 357, 356, 339, 320, 288, 289, 267, 255, 217, 200, 185, 168, 139, 122, 92
704, 703, 671, 670, 649, 631, 615, 591, 583, 561, 527, 515, 500, 467, 452, 425, 426, 409, 373, 357, 356, 339, 320, 288, 289, 267, 255, 217, 200, 185, 168, 139, 122, 93
704, 672, 667, 648, 616, 590, 581, 559, 526, 516, 499, 466, 453, 424, 407, 375, 358, 336, 316, 283, 263, 251, 235, 204, 188, 172, 141, 140, 120, 94
704, 672, 667, 648, 616, 590, 581, 559, 526, 516, 499, 466, 453, 424, 407, 375, 358, 336, 316, 283, 263, 251, 235, 204, 188, 172, 141, 140, 120, 95
704, 672, 667, 648, 616, 590, 581, 559, 526, 516, 499, 466, 453, 424, 407, 375, 358, 336, 316, 283, 263, 251, 235, 204, 188, 172, 141, 118, 96
704, 672, 667, 648, 616, 590, 581, 559, 526, 516, 499, 466, 453, 424, 407, 375, 358, 336, 316, 283, 263, 251, 235, 204, 188, 172, 141, 118, 97
704, 672, 667, 648, 616, 590, 581, 559, 526, 516, 499, 466, 453, 424, 407, 375, 358, 336, 316, 283, 263, 251, 235, 204, 189, 173, 143, 117, 98
704, 672, 667, 648, 616, 590, 581, 559, 526, 516, 499, 466, 453, 424, 407, 375, 358, 336, 316, 283, 263, 251, 235, 204, 189, 173, 143, 117, 99
