816, 804, 784, 741, 725, 699, 690, 650, 632, 614, 592, 585, 562, 529, 514, 480, 469, 451, 426, 409, 373, 357, 337, 318, 287, 264, 252, 236, 204, 188, 172, 141, 118, 96, 88, 64, 22, 23, 0
816, 804, 784, 741, 725, 699, 690, 650, 632, 614, 592, 585, 562, 529, 514, 480, 469, 451, 426, 409, 373, 357, 337, 318, 287, 264, 252, 236, 204, 188, 172, 141, 140, 120, 94, 86, 66, 25, 1
816, 804, 784, 741, 725, 699, 690, 650, 632, 614, 592, 585, 562, 529, 514, 480, 469, 451, 426, 409, 373, 357, 356, 339, 320, 288, 289, 267, 255, 217, 200, 185, 168, 139, 122, 93, 84, 44, 26, 2
816, 804, 784, 741, 725, 699, 690, 650, 632, 614, 592, 585, 562, 529, 514, 480, 469, 451, 426, 409, 373, 357, 356, 339, 320, 288, 289, 267, 255, 217, 200, 185, 168, 139, 122, 92, 83, 45, 27, 3
816, 804, 784, 741, 725, 699, 690, 650, 632, 614, 592, 585, 562, 529, 514, 480, 469, 451, 426, 409, 373, 357, 356, 339, 320, 288, 289, 267, 255, 217, 200, 185, 168, 139, 122, 92, 83, 45, 27, 3, 4
816, 804, 784, 741, 725, 699, 690, 650, 632, 614, 592, 585, 562, 529, 514, 480, 469, 451, 426, 409, 373, 357, 356, 339, 320, 288, 289, 267, 255, 217, 200, 185, 168, 139, 122, 92, 83, 45, 27, 3, 4, 5
816, 804, 784, 742, 727, 701, 670, 649, 631, 615, 591, 582, 560, 526, 516, 517, 498, 464, 455, 419, 402, 379, 363, 331, 312, 301, 278, 244, 229, 211, 176, 160, 150, 132, 107, 108, 77, 52, 51, 31, 6
816, 804, 784, 742, 727, 701, 670, 649, 631, 615, 591, 582, 560, 526, 516, 517, 498, 464, 455, 419, 402, 379, 363, 331, 312, 301, 278, 244, 229, 211, 176, 160, 150, 132, 107, 108, 77, 52, 32, 7
816, 804, 784, 742, 727, 701, 670, 649, 631, 615, 591, 582, 560, 526, 516, 517, 498, 464, 455, 419, 402, 379, 363, 331, 312, 301, 278, 244, 229, 211, 176, 160, 150, 132, 107, 76, 53, 33, 8
816, 804, 784, 742, 727, 701, 670, 649, 631, 615, 591, 582, 560, 526, 516, 517, 498, 464, 455, 419, 402, 379, 363, 331, 312, 301, 278, 244, 229, 211, 176, 160, 150, 132, 107, 76, 53, 33, 9
816, 804, 784, 742, 727, 701, 670, 649, 631, 615, 591, 582, 560, 526, 516, 517, 498, 464, 455, 419, 402, 379, 363, 331, 312, 301, 278, 244, 229, 211, 176, 160, 150, 132, 106, 75, 54, 34, 10
816, 804, 784, 742, 727, 701, 670, 649, 631, 615, 591, 583, 561, 527, 515, 499, 466, 453, 423, 406, 376, 360, 335, 315, 304, 282, 246, 231, 209, 194, 157, 148, 112, 105, 74, 55, 35, 11
816, 804, 784, 742, 727, 701, 670, 649, 631, 615, 591, 583, 561, 527, 515, 499, 466, 453, 423, 406, 376, 360, 335, 315, 304, 282, 246, 231, 209, 194, 157, 148, 112, 105, 73, 56, 36, 12
816, 817, 852, 872, 890, 918, 929, 943, 974, 993, 1016, 1041, 1058, 1077, 1112, 1128, 1143, 1171, 1186, 1206, 1228, 1254, 1268, 1284, 1302, 1330, 1343, 1378, 1386, 1419, 1434, 1457, 1482, 1488, 1518, 1546, 13
816, 817, 852, 872, 890, 918, 929, 943, 974, 993, 1016, 1041, 1058, 1077, 1112, 1128, 1143, 1171, 1186, 1206, 1228, 1254, 1268, 1284, 1302, 1330, 1343, 1378, 1386, 1419, 1434, 1457, 1482, 1488, 1518, 1546, 14
816, 817, 852, 872, 890, 918, 929, 943, 974, 993, 1016, 1041, 1058, 1077, 1112, 1128, 1143, 1171, 1186, 1206, 1228, 1254, 1268, 1284, 1302, 1330, 1343, 1378, 1386, 1419, 1434, 1457, 1482, 1488, 1519, 1545, 15
816, 804, 784, 741, 725, 699, 690, 650, 632, 614, 592, 585, 562, 529, 514, 480, 469, 451, 426, 409, 373, 357, 337, 318, 287, 264, 252, 236, 204, 189, 173, 143, 117, 99, 100, 68, 61, 40, 16
816, 804, 784, 741, 725, 699, 690, 650, 632, 614, 592, 585, 562, 529, 514, 480, 469, 451, 426, 409, 373, 357, 337, 318, 287, 264, 252, 236, 204, 189, 173, 143, 117, 98, 67, 62, 41, 17
816, 804, 784, 741, 725, 699, 690, 650, 632, 614, 592, 585, 562, 529, 514, 480, 469, 451, 426, 409, 373, 357, 337, 318, 287, 264, 252, 236, 204, 188, 172, 141, 118, 96, 88, 63, 21, 18
816, 804, 784, 741, 725, 699, 690, 650, 632, 614, 592, 585, 562, 529, 514, 480, 469, 451, 426, 409, 373, 357, 337, 318, 287, 264, 252, 236, 204, 188, 172, 141, 118, 96, 88, 63, 21, 19
816, 804, 784, 741, 725, 699, 690, 650, 632, 614, 592, 585, 562, 529, 514, 480, 469, 451, 426, 409, 373, 357, 337, 318, 287, 264, 252, 236, 204, 188, 172, 141, 118, 96, 88, 64, 22, 20
816, 804, 784, 741, 725, 699, 690, 650, 632, 614, 592, 585, 562, 529, 514, 480, 469, 451, 426, 409, 373, 357, 337, 318, 287, 264, 252, 236, 204, 188, 172, 141, 118, 96, 88, 63, 21
816, 804, 784, 741, 725, 699, 690, 650, 632, 614, 592, 585, 562, 529, 514, 480, 469, 451, 426, 409, 373, 357, 337, 318, 287, 264, 252, 236, 204, 188, 172, 141, 118, 96, 88, 64, 22
816, 804, 784, 741, 725, 699, 690, 650, 632, 614, 592, 585, 562, 529, 514, 480, 469, 451, 426, 409, 373, 357, 337, 318, 287, 264, 252, 236, 204, 188, 172, 141, 118, 96, 88, 64, 22, 23
816, 804, 784, 741, 725, 699, 690, 650, 632, 614, 592, 585, 562, 529, 514, 480, 469, 451, 426, 409, 373, 357, 337, 318, 287, 264, 252, 236, 204, 188, 172, 141, 140, 120, 94, 86, 66, 24
816, 804, 784, 741, 725, 699, 690, 650, 632, 614, 592, 585, 562, 529, 514, 480, 469, 451, 426, 409, 373, 357, 337, 318, 287, 264, 252, 236, 204, 188, 172, 141, 140, 120, 94, 86, 66, 25
816, 804, 784, 741, 725, 699, 690, 650, 632, 614, 592, 585, 562, 529, 514, 480, 469, 451, 426, 409, 373, 357, 356, 339, 320, 288, 289, 267, 255, 217, 200, 185, 168, 139, 122, 93, 84, 44, 26
816, 804, 784, 741, 725, 699, 690, 650, 632, 614, 592, 585, 562, 529, 514, 480, 469, 451, 426, 409, 373, 357, 356, 339, 320, 288, 289, 267, 255, 217, 200, 185, 168, 139, 122, 92, 83, 45, 27
816, 804, 784, 741, 725, 699, 690, 650, 632, 614, 592, 585, 562, 529, 514, 480, 469, 451, 426, 409, 373, 357, 356, 339, 320, 288, 289, 267, 255, 217, 200, 185, 168, 139, 122, 92, 83, 45, 27, 28
816, 804, 784, 741, 725, 699, 690, 650, 632, 614, 592, 585, 562, 529, 514, 480, 469, 451, 426, 409, 373, 357, 356, 339, 320, 288, 289, 267, 255, 217, 200, 185, 168, 139, 122, 92, 83, 45, 27, 28, 29
816, 804, 784, 742, 727, 701, 670, 649, 631, 615, 591, 582, 560, 526, 516, 517, 498, 464, 455, 419, 402, 379, 363, 331, 312, 301, 278, 244, 229, 211, 176, 160, 150, 132, 107, 108, 77, 52, 51, 31, 30
816, 804, 784, 742, 727, 701, 670, 649, 631, 615, 591, 582, 560, 526, 516, 517, 498, 464, 455, 419, 402, 379, 363, 331, 312, 301, 278, 244, 229, 211, 176, 160, 150, 132, 107, 108, 77, 52, 51, 31
816, 804, 784, 742, 727, 701, 670, 649, 631, 615, 591, 582, 560, 526, 516, 517, 498, 464, 455, 419, 402, 379, 363, 331, 312, 301, 278, 244, 229, 211, 176, 160, 150, 132, 107, 108, 77, 52, 32
816, 804, 784, 742, 727, 701, 670, 649, 631, 615, 591, 582, 560, 526, 516, 517, 498, 464, 455, 419, 402, 379, 363, 331, 312, 301, 278, 244, 229, 211, 176, 160, 150, 132, 107, 76, 53, 33
816, 804, 784, 742, 727, 701, 670, 649, 631, 615, 591, 582, 560, 526, 516, 517, 498, 464, 455, 419, 402, 379, 363, 331, 312, 301, 278, 244, 229, 211, 176, 160, 150, 132, 106, 75, 54, 34
816, 804, 784, 742, 727, 701, 670, 649, 631, 615, 591, 583, 561, 527, 515, 499, 466, 453, 423, 406, 376, 360, 335, 315, 304, 282, 246, 231, 209, 194, 157, 148, 112, 105, 74, 55, 35
816, 804, 784, 742, 727, 701, 670, 649, 631, 615, 591, 583, 561, 527, 515, 499, 466, 453, 423, 406, 376, 360, 335, 315, 304, 282, 246, 231, 209, 194, 157, 148, 112, 105, 73, 56, 36
816, 804, 784, 742, 727, 701, 670, 649, 631, 615, 591, 583, 561, 527, 515, 499, 466, 453, 423, 406, 376, 360, 335, 315, 304, 282, 246, 231, 209, 194, 156, 147, 113, 103, 71, 58, 37
816, 804, 784, 741, 725, 699, 690, 650, 632, 614, 592, 585, 562, 529, 514, 480, 469, 451, 426, 409, 373, 357, 337, 318, 287, 264, 252, 236, 204, 189, 173, 143, 117, 99, 100, 68, 61, 60, 39, 38
816, 804, 784, 741, 725, 699, 690, 650, 632, 614, 592, 585, 562, 529, 514, 480, 469, 451, 426, 409, 373, 357, 337, 318, 287, 264, 252, 236, 204, 189, 173, 143, 117, 99, 100, 68, 61, 60, 39
816, 804, 784, 741, 725, 699, 690, 650, 632, 614, 592, 585, 562, 529, 514, 480, 469, 451, 426, 409, 373, 357, 337, 318, 287, 264, 252, 236, 204, 189, 173, 143, 117, 99, 100, 68, 61, 40
816, 804, 784, 741, 725, 699, 690, 650, 632, 614, 592, 585, 562, 529, 514, 480, 469, 451, 426, 409, 373, 357, 337, 318, 287, 264, 252, 236, 204, 189, 173, 143, 117, 98, 67, 62, 41
816, 804, 784, 741, 725, 699, 690, 650, 632, 614, 592, 585, 562, 529, 514, 480, 469, 451, 426, 409, 373, 357, 356, 339, 320, 288, 289, 267, 255, 217, 200, 185, 168, 139, 122, 93, 84, 42
816, 804, 784, 741, 725, 699, 690, 650, 632, 614, 592, 585, 562, 529, 514, 480, 469, 451, 426, 409, 373, 357, 356, 339, 320, 288, 289, 267, 255, 217, 200, 185, 168, 139, 122, 93, 84, 43
816, 804, 784, 741, 725, 699, 690, 650, 632, 614, 592, 585, 562, 529, 514, 480, 469, 451, 426, 409, 373, 357, 356, 339, 320, 288, 289, 267, 255, 217, 200, 185, 168, 139, 122, 93, 84, 44
816, 804, 784, 741, 725, 699, 690, 650, 632, 614, 592, 585, 562, 529, 514, 480, 469, 451, 426, 409, 373, 357, 356, 339, 320, 288, 289, 267, 255, 217, 200, 185, 168, 139, 122, 92, 83, 45
816, 804, 784, 741, 725, 699, 690, 650, 632, 614, 592, 585, 562, 529, 514, 480, 469, 451, 426, 409, 373, 357, 356, 339, 320, 288, 289, 267, 255, 217, 200, 185, 168, 139, 122, 92, 83, 46
816, 804, 784, 741, 725, 699, 690, 650, 632, 614, 592, 585, 562, 529, 514, 480, 469, 451, 426, 409, 373, 357, 356, 339, 320, 288, 289, 267, 255, 217, 200, 185, 168, 139, 122, 92, 83, 46, 47
816, 804, 784, 741, 725, 699, 690, 650, 632, 614, 592, 585, 562, 529, 514, 480, 469, 451, 426, 409, 373, 357, 356, 339, 320, 288, 289, 267, 255, 217, 200, 185, 168, 139, 122, 92, 83, 46, 47, 48
816, 804, 784, 742, 727, 701, 670, 649, 631, 615, 591, 582, 560, 526, 516, 517, 498, 464, 455, 419, 402, 379, 363, 331, 312, 301, 278, 244, 229, 211, 176, 160, 150, 132, 107, 108, 77, 52, 51, 50, 49
816, 804, 784, 742, 727, 701, 670, 649, 631, 615, 591, 582, 560, 526, 516, 517, 498, 464, 455, 419, 402, 379, 363, 331, 312, 301, 278, 244, 229, 211, 176, 160, 150, 132, 107, 108, 77, 52, 51, 50
816, 804, 784, 742, 727, 701, 670, 649, 631, 615, 591, 582, 560, 526, 516, 517, 498, 464, 455, 419, 402, 379, 363, 331, 312, 301, 278, 244, 229, 211, 176, 160, 150, 132, 107, 108, 77, 52, 51
816, 804, 784, 742, 727, 701, 670, 649, 631, 615, 591, 582, 560, 526, 516, 517, 498, 464, 455, 419, 402, 379, 363, 331, 312, 301, 278, 244, 229, 211, 176, 160, 150, 132, 107, 108, 77, 52
816, 804, 784, 742, 727, 701, 670, 649, 631, 615, 591, 582, 560, 526, 516, 517, 498, 464, 455, 419, 402, 379, 363, 331, 312, 301, 278, 244, 229, 211, 176, 160, 150, 132, 107, 76, 53
816, 804, 784, 742, 727, 701, 670, 649, 631, 615, 591, 582, 560, 526, 516, 517, 498, 464, 455, 419, 402, 379, 363, 331, 312, 301, 278, 244, 229, 211, 176, 160, 150, 132, 106, 75, 54
816, 804, 784, 742, 727, 701, 670, 649, 631, 615, 591, 583, 561, 527, 515, 499, 466, 453, 423, 406, 376, 360, 335, 315, 304, 282, 246, 231, 209, 194, 157, 148, 112, 105, 74, 55
816, 804, 784, 742, 727, 701, 670, 649, 631, 615, 591, 583, 561, 527, 515, 499, 466, 453, 423, 406, 376, 360, 335, 315, 304, 282, 246, 231, 209, 194, 157, 148, 112, 105, 73, 56
816, 804, 784, 742, 727, 701, 670, 649, 631, 615, 591, 583, 561, 527, 515, 499, 466, 453, 423, 406, 376, 360, 335, 315, 304, 282, 246, 231, 209, 194, 157, 148, 112, 105, 73, 56, 57
816, 804, 784, 742, 727, 701, 670, 649, 631, 615, 591, 583, 561, 527, 515, 499, 466, 453, 423, 406, 376, 360, 335, 315, 304, 282, 246, 231, 209, 194, 156, 147, 113, 103, 71, 58
816, 804, 784, 742, 727, 701, 670, 649, 631, 615, 591, 583, 561, 527, 515, 500, 467, 452, 425, 408, 374, 358, 336, 316, 285, 262, 250, 234, 206, 192, 175, 144, 115, 102, 70, 59
816, 804, 784, 741, 725, 699, 690, 650, 632, 614, 592, 585, 562, 529, 514, 480, 469, 451, 426, 409, 373, 357, 337, 318, 287, 264, 252, 236, 204, 189, 173, 143, 117, 99, 100, 68, 61, 60
816, 804, 784, 741, 725, 699, 690, 650, 632, 614, 592, 585, 562, 529, 514, 480, 469, 451, 426, 409, 373, 357, 337, 318, 287, 264, 252, 236, 204, 189, 173, 143, 117, 99, 100, 68, 61
816, 804, 784, 741, 725, 699, 690, 650, 632, 614, 592, 585, 562, 529, 514, 480, 469, 451, 426, 409, 373, 357, 337, 318, 287, 264, 252, 236, 204, 189, 173, 143, 117, 98, 67, 62
816, 804, 784, 741, 725, 699, 690, 650, 632, 614, 592, 585, 562, 529, 514, 480, 469, 451, 426, 409, 373, 357, 337, 318, 287, 264, 252, 236, 204, 188, 172, 141, 118, 96, 88, 63
816, 804, 784, 741, 725, 699, 690, 650, 632, 614, 592, 585, 562, 529, 514, 480, 469, 451, 426, 409, 373, 357, 337, 318, 287, 264, 252, 236, 204, 188, 172, 141, 118, 96, 88, 64
816, 804, 784, 741, 725, 699, 690, 650, 632, 614, 592, 585, 562, 529, 514, 480, 469, 451, 426, 409, 373, 357, 337, 318, 287, 264, 252, 236, 204, 188, 172, 141, 118, 96, 88, 64, 65
816, 804, 784, 741, 725, 699, 690, 650, 632, 614, 592, 585, 562, 529, 514, 480, 469, 451, 426, 409, 373, 357, 337, 318, 287, 264, 252, 236, 204, 188, 172, 141, 140, 120, 94, 86, 66
816, 804, 784, 741, 725, 699, 690, 650, 632, 614, 592, 585, 562, 529, 514, 480, 469, 451, 426, 409, 373, 357, 337, 318, 287, 264, 252, 236, 204, 189, 173, 143, 117, 98, 67
816, 804, 784, 741, 725, 699, 690, 650, 632, 614, 592, 585, 562, 529, 514, 480, 469, 451, 426, 409, 373, 357, 337, 318, 287, 264, 252, 236, 204, 189, 173, 143, 117, 99, 100, 68
816, 804, 784, 741, 725, 699, 690, 650, 632, 614, 592, 585, 562, 529, 514, 480, 469, 451, 426, 409, 373, 357, 337, 318, 287, 264, 252, 236, 204, 189, 173, 143, 117, 116, 101, 69
816, 804, 784, 742, 727, 701, 670, 649, 631, 615, 591, 583, 561, 527, 515, 500, 467, 452, 425, 408, 374, 358, 336, 316, 285, 262, 250, 234, 206, 192, 175, 144, 115, 102, 70
816, 804, 784, 742, 727, 701, 670, 649, 631, 615, 591, 583, 561, 527, 515, 499, 466, 453, 423, 406, 376, 360, 335, 315, 304, 282, 246, 231, 209, 194, 156, 147, 113, 103, 71
816, 804, 784, 742, 727, 701, 670, 649, 631, 615, 591, 583, 561, 527, 515, 499, 466, 453, 423, 406, 376, 360, 335, 315, 304, 282, 246, 231, 209, 194, 156, 147, 113, 104, 72
816, 804, 784, 742, 727, 701, 670, 649, 631, 615, 591, 583, 561, 527, 515, 499, 466, 453, 423, 406, 376, 360, 335, 315, 304, 282, 246, 231, 209, 194, 157, 148, 112, 105, 73
816, 804, 784, 742, 727, 701, 670, 649, 631, 615, 591, 583, 561, 527, 515, 499, 466, 453, 423, 406, 376, 360, 335, 315, 304, 282, 246, 231, 209, 194, 157, 148, 112, 105, 74
816, 804, 784, 742, 727, 701, 670, 649, 631, 615, 591, 582, 560, 526, 516, 517, 498, 464, 455, 419, 402, 379, 363, 331, 312, 301, 278, 244, 229, 211, 176, 160, 150, 132, 106, 75
816, 804, 784, 742, 727, 701, 670, 649, 631, 615, 591, 582, 560, 526, 516, 517, 498, 464, 455, 419, 402, 379, 363, 331, 312, 301, 278, 244, 229, 211, 176, 160, 150, 132, 107, 76
816, 804, 784, 742, 727, 701, 670, 649, 631, 615, 591, 582, 560, 526, 516, 517, 498, 464, 455, 419, 402, 379, 363, 331, 312, 301, 278, 244, 229, 211, 176, 160, 150, 132, 107, 108, 77
816, 804, 784, 742, 727, 701, 670, 649, 631, 615, 591, 582, 560, 526, 516, 517, 498, 464, 455, 419, 402, 379, 363, 331, 312, 301, 278, 244, 229, 211, 176, 160, 150, 132, 107, 108, 77, 78
816, 804, 784, 742, 727, 701, 670, 649, 631, 615, 591, 582, 560, 526, 516, 517, 498, 464, 455, 419, 402, 379, 363, 331, 312, 301, 278, 244, 229, 211, 176, 160, 150, 132, 107, 108, 77, 78, 79
816, 804, 784, 742, 727, 701, 670, 649, 631, 615, 591, 582, 560, 526, 516, 517, 498, 464, 455, 419, 402, 379, 363, 331, 312, 301, 278, 244, 229, 211, 176, 160, 150, 132, 107, 108, 77, 78, 79, 80
816, 804, 784, 741, 725, 699, 690, 650, 632, 614, 592, 585, 562, 529, 514, 480, 469, 451, 426, 409, 373, 357, 356, 339, 320, 288, 289, 267, 255, 217, 200, 185, 168, 139, 122, 91, 90, 82, 81
816, 804, 784, 741, 725, 699, 690, 650, 632, 614, 592, 585, 562, 529, 514, 480, 469, 451, 426, 409, 373, 357, 356, 339, 320, 288, 289, 267, 255, 217, 200, 185, 168, 139, 122, 91, 90, 82
816, 804, 784, 741, 725, 699, 690, 650, 632, 614, 592, 585, 562, 529, 514, 480, 469, 451, 426, 409, 373, 357, 356, 339, 320, 288, 289, 267, 255, 217, 200, 185, 168, 139, 122, 92, 83
816, 804, 784, 741, 725, 699, 690, 650, 632, 614, 592, 585, 562, 529, 514, 480, 469, 451, 426, 409, 373, 357, 356, 339, 320, 288, 289, 267, 255, 217, 200, 185, 168, 139, 122, 93, 84
816, 804, 784, 741, 725, 699, 690, 650, 632, 614, 592, 585, 562, 529, 514, 480, 469, 451, 426, 409, 373, 357, 337, 318, 287, 264, 252, 236, 204, 188, 172, 141, 140, 120, 94, 86, 85
816, 804, 784, 741, 725, 699, 690, 650, 632, 614, 592, 585, 562, 529, 514, 480, 469, 451, 426, 409, 373, 357, 337, 318, 287, 264, 252, 236, 204, 188, 172, 141, 140, 120, 94, 86
816, 804, 784, 741, 725, 699, 690, 650, 632, 614, 592, 585, 562, 529, 514, 480, 469, 451, 426, 409, 373, 357, 337, 318, 287, 264, 252, 236, 204, 188, 172, 141, 118, 96, 88, 87
816, 804, 784, 741, 725, 699, 690, 650, 632, 614, 592, 585, 562, 529, 514, 480, 469, 451, 426, 409, 373, 357, 337, 318, 287, 264, 252, 236, 204, 188, 172, 141, 118, 96, 88
816, 804, 784, 741, 725, 699, 690, 650, 632, 614, 592, 585, 562, 529, 514, 480, 469, 451, 426, 409, 373, 357, 356, 339, 320, 288, 289, 267, 255, 217, 200, 185, 168, 139, 122, 91, 90, 89
816, 804, 784, 741, 725, 699, 690, 650, 632, 614, 592, 585, 562, 529, 514, 480, 469, 451, 426, 409, 373, 357, 356, 339, 320, 288, 289, 267, 255, 217, 200, 185, 168, 139, 122, 91, 90
816, 804, 784, 741, 725, 699, 690, 650, 632, 614, 592, 585, 562, 529, 514, 480, 469, 451, 426, 409, 373, 357, 356, 339, 320, 288, 289, 267, 255, 217, 200, 185, 168, 139, 122, 91
816, 804, 784, 741, 725, 699, 690, 650, 632, 614, 592, 585, 562, 529, 514, 480, 469, 451, 426, 409, 373, 357, 356, 339, 320, 288, 289, 267, 255, 217, 200, 185, 168, 139, 122, 92
816, 804, 784, 741, 725, 699, 690, 650, 632, 614, 592, 585, 562, 529, 514, 480, 469, 451, 426, 409, 373, 357, 356, 339, 320, 288, 289, 267, 255, 217, 200, 185, 168, 139, 122, 93
816, 804, 784, 741, 725, 699, 690, 650, 632, 614, 592, 585, 562, 529, 514, 480, 469, 451, 426, 409, 373, 357, 337, 318, 287, 264, 252, 236, 204, 188, 172, 141, 140, 120, 94
816, 804, 784, 741, 725, 699, 690, 650, 632, 614, 592, 585, 562, 529, 514, 480, 469, 451, 426, 409, 373, 357, 337, 318, 287, 264, 252, 236, 204, 188, 172, 141, 140, 120, 95
816, 804, 784, 741, 725, 699, 690, 650, 632, 614, 592, 585, 562, 529, 514, 480, 469, 451, 426, 409, 373, 357, 337, 318, 287, 264, 252, 236, 204, 188, 172, 141, 118, 96
816, 804, 784, 741, 725, 699, 690, 650, 632, 614, 592, 585, 562, 529, 514, 480, 469, 451, 426, 409, 373, 357, 337, 318, 287, 264, 252, 236, 204, 188, 172, 141, 118, 97
816, 804, 784, 741, 725, 699, 690, 650, 632, 614, 592, 585, 562, 529, 514, 480, 469, 451, 426, 409, 373, 357, 337, 318, 287, 264, 252, 236, 204, 189, 173, 143, 117, 98
816, 804, 784, 741, 725, 699, 690, 650, 632, 614, 592, 585, 562, 529, 514, 480, 469, 451, 426, 409, 373, 357, 337, 318, 287, 264, 252, 236, 204, 189, 173, 143, 117, 99
