1340, 1359, 1374, 1373, 1372, 1394, 1395, 1396, 1423, 1449, 1463, 1493, 1504, 1529, 1538, 0
1340, 1359, 1374, 1373, 1372, 1394, 1395, 1396, 1423, 1449, 1463, 1493, 1504, 1529, 1538, 1
1340, 1359, 1374, 1373, 1372, 1394, 1395, 1396, 1423, 1449, 1463, 1493, 1504, 1529, 1538, 1, 2
1340, 1359, 1374, 1373, 1372, 1394, 1395, 1396, 1423, 1424, 1448, 1462, 1491, 1503, 1530, 1537, 3
1340, 1359, 1374, 1373, 1372, 1394, 1395, 1396, 1423, 1424, 1448, 1462, 1491, 1503, 1530, 1537, 3, 4
1340, 1359, 1374, 1373, 1372, 1371, 1370, 1398, 1399, 1425, 1445, 1461, 1490, 1502, 1531, 1532, 1535, 5
1340, 1359, 1374, 1373, 1372, 1371, 1370, 1398, 1399, 1425, 1445, 1461, 1490, 1502, 1531, 1532, 1535, 5, 6
1340, 1341, 1360, 1375, 1390, 1416, 1415, 1436, 1437, 1472, 1481, 1482, 1494, 1517, 1550, 1551, 1552, 8, 7
1340, 1341, 1360, 1375, 1390, 1416, 1415, 1436, 1437, 1472, 1481, 1482, 1494, 1517, 1550, 1551, 1552, 8
1340, 1341, 1360, 1375, 1390, 1416, 1415, 1436, 1437, 1472, 1481, 1482, 1494, 1517, 1550, 1551, 1552, 9
1340, 1341, 1360, 1375, 1390, 1416, 1415, 1436, 1437, 1472, 1481, 1482, 1494, 1517, 1550, 11, 10
1340, 1341, 1360, 1375, 1390, 1416, 1415, 1436, 1437, 1472, 1481, 1482, 1494, 1517, 1550, 11
1340, 1341, 1360, 1375, 1390, 1416, 1434, 1470, 1479, 1512, 1520, 1519, 1547, 1548, 12
1340, 1341, 1360, 1375, 1390, 1416, 1434, 1470, 1479, 1512, 1520, 1545, 14, 13
1340, 1341, 1360, 1375, 1390, 1416, 1434, 1470, 1479, 1512, 1520, 1545, 14
1340, 1341, 1360, 1375, 1390, 1417, 1433, 1469, 1477, 1478, 1511, 1521, 1544, 15
1340, 1359, 1374, 1392, 1419, 1432, 1468, 1476, 1509, 1525, 1542, 17, 16
1340, 1359, 1374, 1392, 1419, 1432, 1468, 1476, 1509, 1525, 1542, 17
1340, 1359, 1374, 1392, 1420, 1431, 1467, 1475, 1508, 1526, 1541, 18
1340, 1359, 1374, 1392, 1420, 1431, 1467, 1475, 1508, 1526, 1541, 19
1340, 1359, 1374, 1373, 1393, 1421, 1451, 1465, 1474, 1507, 1527, 1540, 20
1340, 1359, 1374, 1373, 1393, 1421, 1422, 1450, 1464, 1473, 1506, 1528, 1539, 21
1340, 1359, 1374, 1373, 1372, 1371, 1370, 1398, 1399, 1425, 1445, 1461, 1490, 1502, 1531, 1532, 1535, 5, 22
1340, 1359, 1374, 1373, 1372, 1394, 1395, 1396, 1423, 1424, 1448, 1462, 1491, 1503, 1530, 1537, 3, 25, 24, 23
1340, 1359, 1374, 1373, 1372, 1394, 1395, 1396, 1423, 1424, 1448, 1462, 1491, 1503, 1530, 1537, 3, 25, 24
1340, 1359, 1374, 1373, 1372, 1394, 1395, 1396, 1423, 1424, 1448, 1462, 1491, 1503, 1530, 1537, 3, 25
1340, 1359, 1374, 1373, 1372, 1394, 1395, 1396, 1423, 1449, 1463, 1493, 1504, 1529, 1538, 0, 26
1340, 1359, 1374, 1373, 1393, 1421, 1422, 1450, 1464, 1473, 1506, 1528, 1539, 21, 27
1340, 1359, 1374, 1373, 1393, 1421, 1451, 1465, 1474, 1507, 1527, 1540, 20, 29, 28
1340, 1359, 1374, 1373, 1393, 1421, 1451, 1465, 1474, 1507, 1527, 1540, 20, 29
1340, 1359, 1374, 1392, 1420, 1431, 1467, 1475, 1508, 1526, 1541, 19, 30
1340, 1359, 1374, 1392, 1419, 1432, 1468, 1476, 1509, 1525, 1542, 17, 31
1340, 1359, 1374, 1392, 1419, 1432, 1468, 1476, 1509, 1525, 1542, 17, 16, 32
1340, 1341, 1360, 1375, 1390, 1417, 1433, 1469, 1477, 1478, 1511, 1521, 1544, 15, 33
1340, 1341, 1360, 1375, 1390, 1417, 1433, 1469, 1477, 1478, 1511, 1521, 1544, 15, 34
1340, 1341, 1360, 1375, 1390, 1416, 1434, 1470, 1479, 1512, 1520, 1545, 14, 35
1340, 1341, 1360, 1375, 1390, 1416, 1434, 1470, 1479, 1512, 1520, 1545, 14, 13, 36
1340, 1341, 1360, 1375, 1390, 1416, 1434, 1470, 1479, 1512, 1520, 1519, 1547, 1548, 12, 37
1340, 1341, 1360, 1375, 1390, 1416, 1434, 1470, 1479, 1512, 1520, 1519, 1547, 1548, 12, 38
1340, 1341, 1360, 1375, 1390, 1416, 1434, 1470, 1479, 1512, 1520, 1519, 1547, 1548, 12, 38, 39
1340, 1341, 1360, 1375, 1390, 1416, 1434, 1470, 1479, 1512, 1520, 1519, 1547, 1548, 12, 38, 39, 40
1340, 1341, 1360, 1375, 1390, 1416, 1415, 1436, 1437, 1472, 1481, 1482, 1494, 1517, 1550, 11, 10, 41
1340, 1341, 1360, 1375, 1390, 1416, 1415, 1436, 1437, 1472, 1481, 1482, 1494, 1517, 1550, 11, 10, 42
1340, 1341, 1360, 1375, 1390, 1416, 1415, 1436, 1437, 1472, 1481, 1482, 1494, 1517, 1550, 11, 10, 42, 43
1340, 1341, 1360, 1375, 1390, 1416, 1415, 1436, 1437, 1472, 1481, 1482, 1494, 1517, 1550, 1551, 1552, 8, 44
1340, 1359, 1374, 1373, 1372, 1371, 1370, 1398, 1399, 1425, 1445, 1461, 1490, 1502, 1531, 1532, 1535, 5, 6, 45
1340, 1359, 1374, 1373, 1372, 1394, 1395, 1396, 1423, 1424, 1448, 1462, 1491, 1503, 1530, 1537, 3, 25, 48, 86, 46
1340, 1359, 1374, 1373, 1372, 1394, 1395, 1396, 1423, 1424, 1448, 1462, 1491, 1503, 1530, 1537, 3, 25, 48, 47
1340, 1359, 1374, 1373, 1372, 1394, 1395, 1396, 1423, 1424, 1448, 1462, 1491, 1503, 1530, 1537, 3, 25, 48
1340, 1359, 1374, 1373, 1372, 1394, 1395, 1396, 1423, 1449, 1463, 1493, 1504, 1529, 1538, 0, 26, 49
1340, 1359, 1374, 1373, 1372, 1394, 1395, 1396, 1423, 1449, 1463, 1493, 1504, 1529, 1538, 0, 26, 50
1340, 1359, 1374, 1373, 1393, 1421, 1422, 1450, 1464, 1473, 1506, 1528, 1539, 21, 27, 51
1340, 1359, 1374, 1373, 1393, 1421, 1451, 1465, 1474, 1507, 1527, 1540, 20, 29, 52
1340, 1359, 1374, 1392, 1420, 1431, 1467, 1475, 1508, 1526, 1541, 19, 30, 53
1340, 1359, 1374, 1392, 1419, 1432, 1468, 1476, 1509, 1525, 1542, 17, 31, 54
1340, 1359, 1374, 1392, 1419, 1432, 1468, 1476, 1509, 1525, 1542, 17, 31, 54, 55
1340, 1341, 1360, 1375, 1390, 1417, 1433, 1469, 1477, 1478, 1511, 1521, 1544, 15, 33, 56
1340, 1341, 1360, 1375, 1390, 1416, 1434, 1470, 1479, 1512, 1520, 1545, 14, 35, 57
1340, 1341, 1360, 1375, 1390, 1416, 1434, 1470, 1479, 1512, 1520, 1545, 14, 13, 36, 58
1340, 1341, 1360, 1375, 1390, 1416, 1434, 1470, 1479, 1512, 1520, 1519, 1547, 1548, 12, 37, 59
1340, 1341, 1360, 1375, 1390, 1416, 1434, 1470, 1479, 1512, 1520, 1519, 1547, 1548, 12, 38, 60
1340, 1341, 1360, 1375, 1390, 1416, 1434, 1470, 1479, 1512, 1520, 1519, 1547, 1548, 12, 38, 60, 61
1340, 1341, 1360, 1375, 1390, 1416, 1434, 1470, 1479, 1512, 1520, 1519, 1547, 1548, 12, 38, 60, 61, 62
1340, 1341, 1360, 1375, 1390, 1416, 1415, 1436, 1437, 1472, 1481, 1482, 1494, 1517, 1550, 11, 10, 42, 63
1340, 1341, 1360, 1375, 1390, 1416, 1415, 1436, 1437, 1472, 1481, 1482, 1494, 1517, 1550, 11, 10, 42, 63, 64
1340, 1341, 1360, 1375, 1390, 1416, 1415, 1436, 1437, 1472, 1481, 1482, 1494, 1517, 1550, 11, 10, 42, 63, 64, 65
1340, 1341, 1360, 1375, 1390, 1416, 1415, 1436, 1437, 1472, 1481, 1482, 1494, 1517, 1550, 1551, 1552, 8, 44, 66
1340, 1359, 1374, 1373, 1372, 1394, 1395, 1396, 1423, 1424, 1448, 1462, 1491, 1503, 1530, 1537, 3, 25, 48, 86, 46, 67
1340, 1359, 1374, 1373, 1372, 1394, 1395, 1396, 1423, 1424, 1448, 1462, 1491, 1503, 1530, 1537, 3, 25, 48, 47, 87, 88, 68
1340, 1341, 1360, 1375, 1390, 1416, 1415, 1436, 1437, 1472, 1481, 1482, 1494, 1517, 1550, 1551, 1552, 8, 44, 66, 69
1340, 1341, 1360, 1375, 1390, 1416, 1434, 1470, 1479, 1512, 1520, 1519, 1547, 1548, 12, 38, 60, 74, 73, 72, 71, 70
1340, 1341, 1360, 1375, 1390, 1416, 1434, 1470, 1479, 1512, 1520, 1519, 1547, 1548, 12, 38, 60, 74, 73, 72, 71
1340, 1341, 1360, 1375, 1390, 1416, 1434, 1470, 1479, 1512, 1520, 1519, 1547, 1548, 12, 38, 60, 74, 73, 72
1340, 1341, 1360, 1375, 1390, 1416, 1434, 1470, 1479, 1512, 1520, 1519, 1547, 1548, 12, 38, 60, 74, 73
1340, 1341, 1360, 1375, 1390, 1416, 1434, 1470, 1479, 1512, 1520, 1519, 1547, 1548, 12, 38, 60, 74
1340, 1341, 1360, 1375, 1390, 1416, 1434, 1470, 1479, 1512, 1520, 1545, 14, 35, 57, 76, 75
1340, 1341, 1360, 1375, 1390, 1416, 1434, 1470, 1479, 1512, 1520, 1545, 14, 35, 57, 76
1340, 1341, 1360, 1375, 1390, 1416, 1434, 1470, 1479, 1512, 1520, 1545, 14, 35, 57, 77
1340, 1341, 1360, 1375, 1390, 1417, 1433, 1469, 1477, 1478, 1511, 1521, 1544, 15, 33, 56, 78
1340, 1359, 1374, 1392, 1419, 1432, 1468, 1476, 1509, 1525, 1542, 17, 31, 54, 55, 79
1340, 1359, 1374, 1392, 1419, 1432, 1468, 1476, 1509, 1525, 1542, 17, 31, 54, 55, 80
1340, 1359, 1374, 1392, 1419, 1432, 1468, 1476, 1509, 1525, 1542, 17, 31, 54, 81
1340, 1359, 1374, 1392, 1420, 1431, 1467, 1475, 1508, 1526, 1541, 19, 30, 53, 82
1340, 1359, 1374, 1373, 1393, 1421, 1451, 1465, 1474, 1507, 1527, 1540, 20, 29, 52, 83
1340, 1359, 1374, 1373, 1393, 1421, 1422, 1450, 1464, 1473, 1506, 1528, 1539, 21, 27, 51, 84
1340, 1359, 1374, 1373, 1372, 1394, 1395, 1396, 1423, 1449, 1463, 1493, 1504, 1529, 1538, 0, 26, 49, 85
1340, 1359, 1374, 1373, 1372, 1394, 1395, 1396, 1423, 1424, 1448, 1462, 1491, 1503, 1530, 1537, 3, 25, 48, 86
1340, 1359, 1374, 1373, 1372, 1394, 1395, 1396, 1423, 1424, 1448, 1462, 1491, 1503, 1530, 1537, 3, 25, 48, 47, 87
1340, 1359, 1374, 1373, 1372, 1394, 1395, 1396, 1423, 1424, 1448, 1462, 1491, 1503, 1530, 1537, 3, 25, 48, 47, 87, 88
1340, 1359, 1374, 1373, 1372, 1394, 1395, 1396, 1423, 1449, 1463, 1493, 1504, 1529, 1538, 0, 26, 49, 85, 109, 89
1340, 1359, 1374, 1373, 1372, 1394, 1395, 1396, 1423, 1449, 1463, 1493, 1504, 1529, 1538, 0, 26, 49, 85, 109, 89, 90
1340, 1359, 1374, 1373, 1372, 1394, 1395, 1396, 1423, 1449, 1463, 1493, 1504, 1529, 1538, 0, 26, 49, 85, 109, 89, 90, 91
1340, 1341, 1360, 1375, 1390, 1416, 1434, 1470, 1479, 1512, 1520, 1519, 1547, 1548, 12, 38, 60, 74, 73, 95, 94, 93, 92
1340, 1341, 1360, 1375, 1390, 1416, 1434, 1470, 1479, 1512, 1520, 1519, 1547, 1548, 12, 38, 60, 74, 73, 95, 94, 93
1340, 1341, 1360, 1375, 1390, 1416, 1434, 1470, 1479, 1512, 1520, 1519, 1547, 1548, 12, 38, 60, 74, 73, 95, 94
1340, 1341, 1360, 1375, 1390, 1416, 1434, 1470, 1479, 1512, 1520, 1519, 1547, 1548, 12, 38, 60, 74, 73, 95
1340, 1341, 1360, 1375, 1390, 1416, 1434, 1470, 1479, 1512, 1520, 1519, 1547, 1548, 12, 38, 60, 74, 96
1340, 1341, 1360, 1375, 1390, 1416, 1434, 1470, 1479, 1512, 1520, 1545, 14, 35, 57, 76, 75, 97
1340, 1341, 1360, 1375, 1390, 1416, 1434, 1470, 1479, 1512, 1520, 1545, 14, 35, 57, 76, 99, 98
1340, 1341, 1360, 1375, 1390, 1416, 1434, 1470, 1479, 1512, 1520, 1545, 14, 35, 57, 76, 99
