474, 442, 417, 410, 411, 385, 360, 345, 309, 285, 278, 264, 226, 227, 228, 213, 183, 184, 176, 152, 111, 109, 85, 49, 26, 0
474, 442, 417, 410, 411, 385, 360, 345, 309, 285, 278, 264, 226, 227, 228, 213, 183, 184, 176, 152, 111, 109, 85, 49, 26, 1
474, 442, 417, 410, 411, 385, 360, 345, 309, 285, 278, 264, 226, 227, 212, 182, 174, 175, 153, 113, 89, 86, 48, 25, 3, 2
474, 442, 417, 410, 411, 385, 360, 345, 309, 285, 278, 264, 226, 227, 212, 182, 174, 175, 153, 113, 89, 86, 48, 25, 3
474, 442, 417, 410, 411, 385, 360, 345, 309, 285, 278, 264, 226, 227, 212, 182, 173, 154, 114, 90, 87, 47, 24, 4
474, 442, 417, 410, 411, 385, 360, 345, 309, 285, 278, 264, 226, 211, 180, 172, 132, 115, 91, 88, 67, 23, 5
474, 442, 417, 410, 411, 385, 361, 344, 310, 305, 279, 263, 225, 208, 179, 171, 134, 116, 92, 69, 66, 45, 6
474, 442, 417, 410, 411, 385, 361, 344, 310, 305, 279, 263, 225, 207, 178, 170, 135, 117, 93, 71, 65, 44, 7
474, 442, 417, 410, 384, 362, 343, 311, 304, 281, 261, 222, 206, 198, 169, 137, 119, 118, 94, 72, 63, 43, 9, 8
474, 442, 417, 410, 384, 362, 343, 311, 304, 281, 261, 222, 206, 198, 169, 137, 119, 118, 94, 72, 63, 43, 9
474, 442, 417, 410, 384, 362, 343, 311, 304, 281, 261, 222, 206, 198, 169, 138, 120, 95, 73, 62, 41, 10
474, 442, 417, 410, 384, 362, 343, 311, 304, 281, 261, 222, 206, 198, 169, 138, 120, 95, 73, 62, 61, 40, 11
474, 442, 417, 410, 384, 362, 343, 311, 304, 281, 261, 222, 206, 198, 169, 138, 120, 95, 73, 74, 60, 38, 12
474, 442, 417, 410, 384, 362, 343, 311, 304, 281, 261, 222, 206, 198, 169, 138, 120, 95, 73, 74, 60, 38, 12, 13
474, 442, 417, 410, 384, 362, 343, 311, 304, 281, 261, 222, 206, 198, 169, 138, 120, 95, 73, 74, 60, 38, 12, 13, 14
474, 442, 417, 410, 384, 362, 343, 311, 304, 281, 261, 222, 206, 198, 168, 139, 140, 121, 96, 97, 75, 76, 57, 35, 34, 15
474, 442, 417, 410, 384, 362, 343, 311, 304, 281, 261, 222, 206, 198, 168, 139, 140, 121, 96, 97, 75, 76, 57, 35, 34, 15, 16
474, 442, 417, 410, 384, 362, 343, 311, 304, 281, 261, 222, 206, 198, 168, 139, 140, 121, 96, 97, 75, 76, 57, 35, 34, 15, 16, 17
474, 442, 417, 410, 384, 362, 343, 311, 304, 281, 261, 222, 206, 198, 168, 139, 140, 121, 96, 97, 75, 76, 57, 35, 34, 15, 16, 17, 18
474, 442, 417, 410, 411, 385, 360, 345, 309, 285, 278, 264, 226, 227, 228, 213, 183, 184, 176, 177, 151, 110, 107, 84, 51, 28, 29, 20, 19
474, 442, 417, 410, 411, 385, 360, 345, 309, 285, 278, 264, 226, 227, 228, 213, 183, 184, 176, 177, 151, 110, 107, 84, 51, 28, 29, 20
474, 442, 417, 410, 411, 385, 360, 345, 309, 285, 278, 264, 226, 227, 228, 213, 183, 184, 176, 177, 151, 110, 107, 84, 51, 27, 21
474, 442, 417, 410, 411, 385, 360, 345, 309, 285, 278, 264, 226, 211, 180, 172, 132, 115, 91, 88, 67, 22
474, 442, 417, 410, 411, 385, 360, 345, 309, 285, 278, 264, 226, 211, 180, 172, 132, 115, 91, 88, 67, 23
474, 442, 417, 410, 411, 385, 360, 345, 309, 285, 278, 264, 226, 227, 212, 182, 173, 154, 114, 90, 87, 47, 24
474, 442, 417, 410, 411, 385, 360, 345, 309, 285, 278, 264, 226, 227, 212, 182, 174, 175, 153, 113, 89, 86, 48, 25
474, 442, 417, 410, 411, 385, 360, 345, 309, 285, 278, 264, 226, 227, 228, 213, 183, 184, 176, 152, 111, 109, 85, 49, 26
474, 442, 417, 410, 411, 385, 360, 345, 309, 285, 278, 264, 226, 227, 228, 213, 183, 184, 176, 177, 151, 110, 107, 84, 51, 27
474, 442, 417, 410, 411, 385, 360, 345, 309, 285, 278, 264, 226, 227, 228, 213, 183, 184, 176, 177, 151, 110, 107, 84, 51, 28
474, 442, 417, 410, 411, 385, 360, 345, 309, 285, 278, 264, 226, 227, 228, 213, 183, 184, 176, 177, 151, 110, 107, 84, 51, 28, 29
474, 442, 417, 410, 411, 385, 360, 345, 309, 285, 278, 264, 226, 227, 228, 213, 183, 184, 176, 177, 151, 110, 107, 84, 51, 28, 29, 30
474, 442, 417, 410, 384, 362, 343, 311, 304, 281, 261, 222, 206, 198, 168, 139, 140, 121, 96, 97, 75, 76, 57, 35, 34, 33, 32, 31
474, 442, 417, 410, 384, 362, 343, 311, 304, 281, 261, 222, 206, 198, 168, 139, 140, 121, 96, 97, 75, 76, 57, 35, 34, 33, 32
474, 442, 417, 410, 384, 362, 343, 311, 304, 281, 261, 222, 206, 198, 168, 139, 140, 121, 96, 97, 75, 76, 57, 35, 34, 33
474, 442, 417, 410, 384, 362, 343, 311, 304, 281, 261, 222, 206, 198, 168, 139, 140, 121, 96, 97, 75, 76, 57, 35, 34
474, 442, 417, 410, 384, 362, 343, 311, 304, 281, 261, 222, 206, 198, 168, 139, 140, 121, 96, 97, 75, 76, 57, 35
474, 442, 417, 410, 384, 362, 343, 311, 304, 281, 261, 222, 206, 198, 168, 139, 140, 121, 96, 97, 75, 59, 58, 36
474, 442, 417, 410, 384, 362, 343, 311, 304, 281, 261, 222, 206, 198, 169, 138, 120, 95, 73, 74, 60, 38, 37
474, 442, 417, 410, 384, 362, 343, 311, 304, 281, 261, 222, 206, 198, 169, 138, 120, 95, 73, 74, 60, 38
474, 442, 417, 410, 384, 362, 343, 311, 304, 281, 261, 222, 206, 198, 169, 138, 120, 95, 73, 62, 61, 39
474, 442, 417, 410, 384, 362, 343, 311, 304, 281, 261, 222, 206, 198, 169, 138, 120, 95, 73, 62, 61, 40
474, 442, 417, 410, 384, 362, 343, 311, 304, 281, 261, 222, 206, 198, 169, 138, 120, 95, 73, 62, 41
474, 442, 417, 410, 384, 362, 343, 311, 304, 281, 261, 222, 206, 198, 169, 138, 120, 95, 73, 62, 41, 42
474, 442, 417, 410, 384, 362, 343, 311, 304, 281, 261, 222, 206, 198, 169, 137, 119, 118, 94, 72, 63, 43
474, 442, 417, 410, 411, 385, 361, 344, 310, 305, 279, 263, 225, 207, 178, 170, 135, 117, 93, 71, 65, 44
474, 442, 417, 410, 411, 385, 361, 344, 310, 305, 279, 263, 225, 208, 179, 171, 134, 116, 92, 69, 66, 45
474, 442, 417, 410, 411, 385, 360, 345, 309, 285, 278, 264, 226, 227, 212, 182, 173, 154, 114, 90, 87, 47, 46
474, 442, 417, 410, 411, 385, 360, 345, 309, 285, 278, 264, 226, 227, 212, 182, 173, 154, 114, 90, 87, 47
474, 442, 417, 410, 411, 385, 360, 345, 309, 285, 278, 264, 226, 227, 212, 182, 174, 175, 153, 113, 89, 86, 48
474, 442, 417, 410, 411, 385, 360, 345, 309, 285, 278, 264, 226, 227, 228, 213, 183, 184, 176, 152, 111, 109, 85, 49
474, 442, 417, 410, 411, 385, 360, 345, 309, 285, 278, 264, 226, 227, 228, 213, 183, 184, 176, 152, 111, 109, 85, 49, 50
474, 442, 417, 410, 411, 385, 360, 345, 309, 285, 278, 264, 226, 227, 228, 213, 183, 184, 176, 177, 151, 110, 107, 84, 51
474, 442, 417, 410, 411, 385, 360, 345, 309, 285, 278, 264, 226, 227, 228, 213, 183, 184, 176, 177, 151, 110, 107, 84, 51, 52
474, 442, 417, 410, 384, 362, 343, 311, 304, 281, 261, 222, 206, 198, 168, 139, 140, 121, 96, 97, 75, 76, 57, 56, 55, 54, 53
474, 442, 417, 410, 384, 362, 343, 311, 304, 281, 261, 222, 206, 198, 168, 139, 140, 121, 96, 97, 75, 76, 57, 56, 55, 54
474, 442, 417, 410, 384, 362, 343, 311, 304, 281, 261, 222, 206, 198, 168, 139, 140, 121, 96, 97, 75, 76, 57, 56, 55
474, 442, 417, 410, 384, 362, 343, 311, 304, 281, 261, 222, 206, 198, 168, 139, 140, 121, 96, 97, 75, 76, 57, 56
474, 442, 417, 410, 384, 362, 343, 311, 304, 281, 261, 222, 206, 198, 168, 139, 140, 121, 96, 97, 75, 76, 57
474, 442, 417, 410, 384, 362, 343, 311, 304, 281, 261, 222, 206, 198, 168, 139, 140, 121, 96, 97, 75, 59, 58
474, 442, 417, 410, 384, 362, 343, 311, 304, 281, 261, 222, 206, 198, 168, 139, 140, 121, 96, 97, 75, 59
474, 442, 417, 410, 384, 362, 343, 311, 304, 281, 261, 222, 206, 198, 169, 138, 120, 95, 73, 74, 60
474, 442, 417, 410, 384, 362, 343, 311, 304, 281, 261, 222, 206, 198, 169, 138, 120, 95, 73, 62, 61
474, 442, 417, 410, 384, 362, 343, 311, 304, 281, 261, 222, 206, 198, 169, 138, 120, 95, 73, 62
474, 442, 417, 410, 384, 362, 343, 311, 304, 281, 261, 222, 206, 198, 169, 137, 119, 118, 94, 72, 63
474, 442, 417, 410, 384, 362, 343, 311, 304, 281, 261, 222, 206, 198, 169, 137, 119, 118, 94, 72, 64
474, 442, 417, 410, 411, 385, 361, 344, 310, 305, 279, 263, 225, 207, 178, 170, 135, 117, 93, 71, 65
474, 442, 417, 410, 411, 385, 361, 344, 310, 305, 279, 263, 225, 208, 179, 171, 134, 116, 92, 69, 66
474, 442, 417, 410, 411, 385, 360, 345, 309, 285, 278, 264, 226, 211, 180, 172, 132, 115, 91, 88, 67
474, 442, 417, 410, 411, 385, 361, 344, 310, 305, 279, 263, 225, 208, 179, 171, 134, 116, 92, 69, 68
474, 442, 417, 410, 411, 385, 361, 344, 310, 305, 279, 263, 225, 208, 179, 171, 134, 116, 92, 69
474, 442, 417, 410, 411, 385, 361, 344, 310, 305, 279, 263, 225, 207, 178, 170, 135, 117, 93, 70
474, 442, 417, 410, 411, 385, 361, 344, 310, 305, 279, 263, 225, 207, 178, 170, 135, 117, 93, 71
474, 442, 417, 410, 384, 362, 343, 311, 304, 281, 261, 222, 206, 198, 169, 137, 119, 118, 94, 72
474, 442, 417, 410, 384, 362, 343, 311, 304, 281, 261, 222, 206, 198, 169, 138, 120, 95, 73
474, 442, 417, 410, 384, 362, 343, 311, 304, 281, 261, 222, 206, 198, 169, 138, 120, 95, 73, 74
474, 442, 417, 410, 384, 362, 343, 311, 304, 281, 261, 222, 206, 198, 168, 139, 140, 121, 96, 97, 75
474, 442, 417, 410, 384, 362, 343, 311, 304, 281, 261, 222, 206, 198, 168, 139, 140, 121, 96, 97, 75, 76
474, 442, 417, 410, 384, 362, 343, 311, 304, 281, 261, 222, 206, 198, 168, 139, 140, 121, 96, 97, 75, 76, 77
474, 442, 417, 410, 384, 362, 343, 311, 304, 281, 261, 222, 206, 198, 168, 139, 140, 121, 96, 97, 75, 76, 77, 78
474, 442, 417, 410, 384, 362, 343, 311, 304, 281, 261, 222, 206, 198, 168, 139, 140, 121, 96, 97, 75, 76, 77, 78, 79
474, 442, 417, 410, 384, 362, 343, 311, 304, 281, 261, 222, 206, 198, 168, 139, 140, 121, 96, 97, 75, 76, 77, 78, 79, 80
474, 442, 417, 410, 384, 362, 343, 311, 304, 281, 261, 222, 206, 198, 168, 139, 140, 121, 96, 97, 75, 76, 77, 78, 79, 80, 81
474, 442, 417, 418, 413, 386, 387, 358, 347, 348, 328, 329, 326, 325, 293, 271, 250, 232, 218, 189, 157, 149, 129, 105, 82
474, 442, 417, 410, 411, 385, 360, 345, 309, 285, 278, 264, 226, 227, 228, 213, 183, 184, 176, 177, 151, 110, 107, 84, 83
474, 442, 417, 410, 411, 385, 360, 345, 309, 285, 278, 264, 226, 227, 228, 213, 183, 184, 176, 177, 151, 110, 107, 84
474, 442, 417, 410, 411, 385, 360, 345, 309, 285, 278, 264, 226, 227, 228, 213, 183, 184, 176, 152, 111, 109, 85
474, 442, 417, 410, 411, 385, 360, 345, 309, 285, 278, 264, 226, 227, 212, 182, 174, 175, 153, 113, 89, 86
474, 442, 417, 410, 411, 385, 360, 345, 309, 285, 278, 264, 226, 227, 212, 182, 173, 154, 114, 90, 87
474, 442, 417, 410, 411, 385, 360, 345, 309, 285, 278, 264, 226, 211, 180, 172, 132, 115, 91, 88
474, 442, 417, 410, 411, 385, 360, 345, 309, 285, 278, 264, 226, 227, 212, 182, 174, 175, 153, 113, 89
474, 442, 417, 410, 411, 385, 360, 345, 309, 285, 278, 264, 226, 227, 212, 182, 173, 154, 114, 90
474, 442, 417, 410, 411, 385, 360, 345, 309, 285, 278, 264, 226, 211, 180, 172, 132, 115, 91
474, 442, 417, 410, 411, 385, 361, 344, 310, 305, 279, 263, 225, 208, 179, 171, 134, 116, 92
474, 442, 417, 410, 411, 385, 361, 344, 310, 305, 279, 263, 225, 207, 178, 170, 135, 117, 93
474, 442, 417, 410, 384, 362, 343, 311, 304, 281, 261, 222, 206, 198, 169, 137, 119, 118, 94
474, 442, 417, 410, 384, 362, 343, 311, 304, 281, 261, 222, 206, 198, 169, 138, 120, 95
474, 442, 417, 410, 384, 362, 343, 311, 304, 281, 261, 222, 206, 198, 168, 139, 140, 121, 96
474, 442, 417, 410, 384, 362, 343, 311, 304, 281, 261, 222, 206, 198, 168, 139, 140, 121, 96, 97
474, 442, 417, 410, 384, 362, 343, 311, 304, 281, 261, 222, 206, 198, 168, 139, 140, 121, 96, 97, 98
474, 442, 417, 410, 384, 362, 343, 311, 304, 281, 261, 222, 206, 198, 168, 139, 140, 121, 96, 97, 98, 99
