630, 607, 584, 559, 539, 515, 498, 462, 455, 426, 397, 393, 353, 330, 325, 293, 271, 250, 232, 217, 187, 186, 177, 151, 110, 108, 85, 49, 26, 0
630, 607, 584, 559, 539, 515, 498, 462, 455, 426, 397, 393, 353, 330, 325, 293, 271, 250, 232, 217, 187, 186, 177, 151, 110, 108, 85, 49, 26, 1
630, 607, 584, 559, 539, 515, 498, 462, 455, 426, 397, 393, 353, 330, 325, 293, 271, 250, 232, 217, 187, 186, 177, 151, 110, 108, 85, 49, 26, 2
630, 607, 584, 559, 539, 515, 498, 462, 455, 426, 397, 393, 353, 330, 325, 293, 271, 250, 232, 217, 187, 186, 177, 151, 110, 108, 85, 49, 26, 2, 3
630, 629, 628, 608, 583, 560, 536, 517, 500, 481, 480, 459, 421, 415, 389, 357, 348, 306, 289, 276, 243, 227, 212, 182, 173, 154, 114, 90, 87, 47, 24, 4
630, 629, 628, 608, 583, 560, 536, 517, 500, 481, 480, 459, 421, 415, 389, 357, 348, 306, 289, 276, 243, 227, 212, 181, 172, 132, 115, 91, 88, 67, 23, 5
630, 629, 628, 608, 583, 560, 536, 517, 500, 481, 480, 459, 421, 415, 389, 357, 348, 306, 289, 276, 243, 227, 212, 181, 172, 133, 116, 92, 69, 66, 45, 6
630, 629, 628, 608, 583, 560, 536, 517, 500, 481, 480, 459, 421, 415, 389, 357, 348, 306, 289, 276, 243, 227, 212, 181, 172, 133, 116, 92, 69, 66, 44, 7
630, 629, 628, 608, 583, 560, 536, 517, 500, 481, 480, 459, 421, 415, 389, 357, 348, 306, 289, 276, 243, 227, 212, 181, 172, 133, 116, 92, 69, 66, 44, 8
630, 629, 628, 627, 609, 582, 562, 563, 534, 519, 504, 476, 439, 418, 411, 385, 361, 344, 310, 305, 279, 263, 225, 207, 178, 170, 135, 117, 118, 94, 72, 63, 43, 9
630, 629, 628, 627, 609, 582, 562, 563, 534, 519, 504, 476, 439, 418, 411, 385, 361, 362, 343, 311, 304, 281, 261, 222, 206, 198, 169, 138, 120, 95, 73, 62, 41, 10
630, 629, 628, 627, 609, 582, 562, 563, 534, 519, 504, 476, 439, 418, 411, 385, 361, 362, 343, 311, 304, 281, 261, 222, 206, 198, 169, 138, 120, 95, 73, 62, 61, 40, 11
630, 629, 628, 627, 609, 582, 562, 563, 534, 519, 504, 476, 439, 418, 411, 385, 361, 362, 343, 311, 304, 281, 261, 222, 206, 198, 169, 138, 120, 95, 73, 74, 60, 38, 12
630, 629, 628, 627, 609, 582, 562, 563, 534, 519, 504, 476, 439, 418, 411, 385, 361, 362, 343, 311, 304, 281, 261, 222, 206, 198, 169, 138, 120, 95, 73, 74, 60, 38, 12, 13
630, 607, 584, 559, 539, 515, 498, 462, 455, 426, 398, 372, 352, 351, 332, 323, 295, 269, 253, 235, 220, 221, 192, 161, 145, 144, 124, 100, 77, 57, 35, 14
630, 607, 584, 559, 539, 515, 498, 462, 455, 426, 398, 372, 352, 351, 332, 323, 295, 269, 253, 235, 220, 221, 192, 161, 145, 125, 101, 78, 56, 33, 15
630, 607, 584, 559, 539, 515, 498, 462, 455, 426, 398, 372, 352, 331, 324, 294, 270, 252, 233, 219, 190, 159, 147, 127, 104, 81, 54, 31, 17, 16
630, 607, 584, 559, 539, 515, 498, 462, 455, 426, 398, 372, 352, 331, 324, 294, 270, 252, 233, 219, 190, 159, 147, 127, 104, 81, 54, 31, 17
630, 607, 584, 559, 539, 515, 498, 462, 455, 426, 398, 372, 352, 331, 324, 294, 270, 252, 233, 219, 190, 158, 148, 128, 105, 82, 53, 30, 18
630, 607, 584, 559, 539, 515, 498, 462, 455, 426, 398, 372, 352, 331, 324, 294, 270, 252, 233, 219, 190, 158, 148, 128, 105, 82, 53, 30, 19
630, 607, 584, 559, 539, 515, 498, 462, 455, 426, 397, 393, 353, 330, 325, 293, 271, 250, 232, 217, 187, 156, 150, 130, 106, 83, 52, 29, 20
630, 607, 584, 559, 539, 515, 498, 462, 455, 426, 397, 393, 353, 330, 325, 293, 271, 250, 232, 217, 187, 156, 150, 130, 106, 83, 52, 29, 28, 21
630, 629, 628, 608, 583, 560, 536, 517, 500, 481, 480, 459, 421, 415, 389, 357, 348, 306, 289, 276, 243, 227, 212, 181, 172, 132, 115, 91, 88, 67, 22
630, 629, 628, 608, 583, 560, 536, 517, 500, 481, 480, 459, 421, 415, 389, 357, 348, 306, 289, 276, 243, 227, 212, 181, 172, 132, 115, 91, 88, 67, 23
630, 629, 628, 608, 583, 560, 536, 517, 500, 481, 480, 459, 421, 415, 389, 357, 348, 306, 289, 276, 243, 227, 212, 182, 173, 154, 114, 90, 87, 47, 24
630, 607, 584, 559, 539, 515, 498, 462, 455, 426, 397, 393, 353, 330, 325, 293, 271, 250, 232, 217, 187, 186, 177, 151, 110, 108, 85, 49, 26, 25
630, 607, 584, 559, 539, 515, 498, 462, 455, 426, 397, 393, 353, 330, 325, 293, 271, 250, 232, 217, 187, 186, 177, 151, 110, 108, 85, 49, 26
630, 607, 584, 559, 539, 515, 498, 462, 455, 426, 397, 393, 353, 330, 325, 293, 271, 250, 232, 217, 187, 156, 150, 130, 106, 83, 52, 29, 28, 27
630, 607, 584, 559, 539, 515, 498, 462, 455, 426, 397, 393, 353, 330, 325, 293, 271, 250, 232, 217, 187, 156, 150, 130, 106, 83, 52, 29, 28
630, 607, 584, 559, 539, 515, 498, 462, 455, 426, 397, 393, 353, 330, 325, 293, 271, 250, 232, 217, 187, 156, 150, 130, 106, 83, 52, 29
630, 607, 584, 559, 539, 515, 498, 462, 455, 426, 398, 372, 352, 331, 324, 294, 270, 252, 233, 219, 190, 158, 148, 128, 105, 82, 53, 30
630, 607, 584, 559, 539, 515, 498, 462, 455, 426, 398, 372, 352, 331, 324, 294, 270, 252, 233, 219, 190, 159, 147, 127, 104, 81, 54, 31
630, 607, 584, 559, 539, 515, 498, 462, 455, 426, 398, 372, 352, 331, 324, 294, 270, 252, 233, 219, 190, 159, 147, 127, 104, 81, 54, 55, 32
630, 607, 584, 559, 539, 515, 498, 462, 455, 426, 398, 372, 352, 351, 332, 323, 295, 269, 253, 235, 220, 221, 192, 161, 145, 125, 101, 78, 56, 33
630, 607, 584, 559, 539, 515, 498, 462, 455, 426, 398, 372, 352, 351, 332, 323, 295, 269, 253, 235, 220, 221, 192, 161, 145, 125, 101, 78, 56, 34
630, 607, 584, 559, 539, 515, 498, 462, 455, 426, 398, 372, 352, 351, 332, 323, 295, 269, 253, 235, 220, 221, 192, 161, 145, 144, 124, 100, 77, 57, 35
630, 629, 628, 627, 609, 582, 562, 563, 534, 519, 504, 476, 439, 418, 411, 385, 361, 362, 343, 311, 304, 281, 261, 222, 206, 198, 168, 139, 140, 121, 96, 97, 75, 59, 58, 36
630, 629, 628, 627, 609, 582, 562, 563, 534, 519, 504, 476, 439, 418, 411, 385, 361, 362, 343, 311, 304, 281, 261, 222, 206, 198, 169, 138, 120, 95, 73, 74, 60, 38, 37
630, 629, 628, 627, 609, 582, 562, 563, 534, 519, 504, 476, 439, 418, 411, 385, 361, 362, 343, 311, 304, 281, 261, 222, 206, 198, 169, 138, 120, 95, 73, 74, 60, 38
630, 629, 628, 627, 609, 582, 562, 563, 534, 519, 504, 476, 439, 418, 411, 385, 361, 362, 343, 311, 304, 281, 261, 222, 206, 198, 169, 138, 120, 95, 73, 62, 61, 39
630, 629, 628, 627, 609, 582, 562, 563, 534, 519, 504, 476, 439, 418, 411, 385, 361, 362, 343, 311, 304, 281, 261, 222, 206, 198, 169, 138, 120, 95, 73, 62, 61, 40
630, 629, 628, 627, 609, 582, 562, 563, 534, 519, 504, 476, 439, 418, 411, 385, 361, 362, 343, 311, 304, 281, 261, 222, 206, 198, 169, 138, 120, 95, 73, 62, 41
630, 629, 628, 627, 609, 582, 562, 563, 534, 519, 504, 476, 439, 418, 411, 385, 361, 362, 343, 311, 304, 281, 261, 222, 206, 198, 169, 138, 120, 95, 73, 62, 41, 42
630, 629, 628, 627, 609, 582, 562, 563, 534, 519, 504, 476, 439, 418, 411, 385, 361, 344, 310, 305, 279, 263, 225, 207, 178, 170, 135, 117, 118, 94, 72, 63, 43
630, 629, 628, 608, 583, 560, 536, 517, 500, 481, 480, 459, 421, 415, 389, 357, 348, 306, 289, 276, 243, 227, 212, 181, 172, 133, 116, 92, 69, 66, 44
630, 629, 628, 608, 583, 560, 536, 517, 500, 481, 480, 459, 421, 415, 389, 357, 348, 306, 289, 276, 243, 227, 212, 181, 172, 133, 116, 92, 69, 66, 45
630, 629, 628, 608, 583, 560, 536, 517, 500, 481, 480, 459, 421, 415, 389, 357, 348, 306, 289, 276, 245, 228, 213, 183, 175, 153, 113, 89, 86, 46
630, 629, 628, 608, 583, 560, 536, 517, 500, 481, 480, 459, 421, 415, 389, 357, 348, 306, 289, 276, 243, 227, 212, 182, 173, 154, 114, 90, 87, 47
630, 607, 584, 559, 539, 515, 498, 462, 455, 426, 397, 393, 353, 330, 325, 293, 271, 250, 232, 217, 187, 186, 177, 151, 110, 108, 85, 49, 48
630, 607, 584, 559, 539, 515, 498, 462, 455, 426, 397, 393, 353, 330, 325, 293, 271, 250, 232, 217, 187, 186, 177, 151, 110, 108, 85, 49
630, 607, 584, 559, 539, 515, 498, 462, 455, 426, 397, 393, 353, 330, 325, 293, 271, 250, 232, 217, 187, 156, 150, 130, 106, 83, 84, 50
630, 607, 584, 559, 539, 515, 498, 462, 455, 426, 397, 393, 353, 330, 325, 293, 271, 250, 232, 217, 187, 156, 150, 130, 106, 83, 84, 51
630, 607, 584, 559, 539, 515, 498, 462, 455, 426, 397, 393, 353, 330, 325, 293, 271, 250, 232, 217, 187, 156, 150, 130, 106, 83, 52
630, 607, 584, 559, 539, 515, 498, 462, 455, 426, 398, 372, 352, 331, 324, 294, 270, 252, 233, 219, 190, 158, 148, 128, 105, 82, 53
630, 607, 584, 559, 539, 515, 498, 462, 455, 426, 398, 372, 352, 331, 324, 294, 270, 252, 233, 219, 190, 159, 147, 127, 104, 81, 54
630, 607, 584, 559, 539, 515, 498, 462, 455, 426, 398, 372, 352, 331, 324, 294, 270, 252, 233, 219, 190, 159, 147, 127, 104, 81, 54, 55
630, 607, 584, 559, 539, 515, 498, 462, 455, 426, 398, 372, 352, 351, 332, 323, 295, 269, 253, 235, 220, 221, 192, 161, 145, 125, 101, 78, 56
630, 607, 584, 559, 539, 515, 498, 462, 455, 426, 398, 372, 352, 351, 332, 323, 295, 269, 253, 235, 220, 221, 192, 161, 145, 144, 124, 100, 77, 57
630, 629, 628, 627, 609, 582, 562, 563, 534, 519, 504, 476, 439, 418, 411, 385, 361, 362, 343, 311, 304, 281, 261, 222, 206, 198, 168, 139, 140, 121, 96, 97, 75, 59, 58
630, 629, 628, 627, 609, 582, 562, 563, 534, 519, 504, 476, 439, 418, 411, 385, 361, 362, 343, 311, 304, 281, 261, 222, 206, 198, 168, 139, 140, 121, 96, 97, 75, 59
630, 629, 628, 627, 609, 582, 562, 563, 534, 519, 504, 476, 439, 418, 411, 385, 361, 362, 343, 311, 304, 281, 261, 222, 206, 198, 169, 138, 120, 95, 73, 74, 60
630, 629, 628, 627, 609, 582, 562, 563, 534, 519, 504, 476, 439, 418, 411, 385, 361, 362, 343, 311, 304, 281, 261, 222, 206, 198, 169, 138, 120, 95, 73, 62, 61
630, 629, 628, 627, 609, 582, 562, 563, 534, 519, 504, 476, 439, 418, 411, 385, 361, 362, 343, 311, 304, 281, 261, 222, 206, 198, 169, 138, 120, 95, 73, 62
630, 629, 628, 627, 609, 582, 562, 563, 534, 519, 504, 476, 439, 418, 411, 385, 361, 344, 310, 305, 279, 263, 225, 207, 178, 170, 135, 117, 118, 94, 72, 63
630, 629, 628, 627, 609, 582, 562, 563, 534, 519, 504, 476, 439, 418, 411, 385, 361, 344, 310, 305, 279, 263, 225, 207, 178, 170, 135, 117, 118, 94, 72, 64
630, 629, 628, 627, 609, 582, 562, 563, 534, 519, 504, 476, 439, 418, 411, 385, 361, 344, 310, 305, 279, 263, 225, 207, 178, 170, 135, 117, 93, 71, 65
630, 629, 628, 608, 583, 560, 536, 517, 500, 481, 480, 459, 421, 415, 389, 357, 348, 306, 289, 276, 243, 227, 212, 181, 172, 133, 116, 92, 69, 66
630, 629, 628, 608, 583, 560, 536, 517, 500, 481, 480, 459, 421, 415, 389, 357, 348, 306, 289, 276, 243, 227, 212, 181, 172, 132, 115, 91, 88, 67
630, 629, 628, 608, 583, 560, 536, 517, 500, 481, 480, 459, 421, 415, 389, 357, 348, 306, 289, 276, 243, 227, 212, 181, 172, 132, 115, 91, 68
630, 629, 628, 608, 583, 560, 536, 517, 500, 481, 480, 459, 421, 415, 389, 357, 348, 306, 289, 276, 243, 227, 212, 181, 172, 133, 116, 92, 69
630, 629, 628, 627, 609, 582, 562, 563, 534, 519, 504, 476, 439, 418, 411, 385, 361, 344, 310, 305, 279, 263, 225, 207, 178, 170, 135, 117, 93, 70
630, 629, 628, 627, 609, 582, 562, 563, 534, 519, 504, 476, 439, 418, 411, 385, 361, 344, 310, 305, 279, 263, 225, 207, 178, 170, 135, 117, 93, 71
630, 629, 628, 627, 609, 582, 562, 563, 534, 519, 504, 476, 439, 418, 411, 385, 361, 344, 310, 305, 279, 263, 225, 207, 178, 170, 135, 117, 118, 94, 72
630, 629, 628, 627, 609, 582, 562, 563, 534, 519, 504, 476, 439, 418, 411, 385, 361, 362, 343, 311, 304, 281, 261, 222, 206, 198, 169, 138, 120, 95, 73
630, 629, 628, 627, 609, 582, 562, 563, 534, 519, 504, 476, 439, 418, 411, 385, 361, 362, 343, 311, 304, 281, 261, 222, 206, 198, 169, 138, 120, 95, 73, 74
630, 629, 628, 627, 609, 582, 562, 563, 534, 519, 504, 476, 439, 418, 411, 385, 361, 362, 343, 311, 304, 281, 261, 222, 206, 198, 168, 139, 140, 121, 96, 97, 75
630, 607, 584, 559, 539, 515, 498, 462, 455, 426, 398, 372, 352, 351, 332, 323, 295, 269, 253, 235, 220, 221, 192, 161, 145, 144, 124, 100, 77, 76
630, 607, 584, 559, 539, 515, 498, 462, 455, 426, 398, 372, 352, 351, 332, 323, 295, 269, 253, 235, 220, 221, 192, 161, 145, 144, 124, 100, 77
630, 607, 584, 559, 539, 515, 498, 462, 455, 426, 398, 372, 352, 351, 332, 323, 295, 269, 253, 235, 220, 221, 192, 161, 145, 125, 101, 78
630, 607, 584, 559, 539, 515, 498, 462, 455, 426, 398, 372, 352, 351, 332, 323, 295, 269, 253, 235, 220, 191, 160, 146, 126, 102, 79
630, 607, 584, 559, 539, 515, 498, 462, 455, 426, 398, 372, 352, 351, 332, 323, 295, 269, 253, 235, 220, 191, 160, 146, 126, 103, 80
630, 607, 584, 559, 539, 515, 498, 462, 455, 426, 398, 372, 352, 331, 324, 294, 270, 252, 233, 219, 190, 159, 147, 127, 104, 81
630, 607, 584, 559, 539, 515, 498, 462, 455, 426, 398, 372, 352, 331, 324, 294, 270, 252, 233, 219, 190, 158, 148, 128, 105, 82
630, 607, 584, 559, 539, 515, 498, 462, 455, 426, 397, 393, 353, 330, 325, 293, 271, 250, 232, 217, 187, 156, 150, 130, 106, 83
630, 607, 584, 559, 539, 515, 498, 462, 455, 426, 397, 393, 353, 330, 325, 293, 271, 250, 232, 217, 187, 156, 150, 130, 106, 83, 84
630, 607, 584, 559, 539, 515, 498, 462, 455, 426, 397, 393, 353, 330, 325, 293, 271, 250, 232, 217, 187, 186, 177, 151, 110, 108, 85
630, 629, 628, 608, 583, 560, 536, 517, 500, 481, 480, 459, 421, 415, 389, 357, 348, 306, 289, 276, 245, 228, 213, 183, 175, 153, 113, 89, 86
630, 629, 628, 608, 583, 560, 536, 517, 500, 481, 480, 459, 421, 415, 389, 357, 348, 306, 289, 276, 243, 227, 212, 182, 173, 154, 114, 90, 87
630, 629, 628, 608, 583, 560, 536, 517, 500, 481, 480, 459, 421, 415, 389, 357, 348, 306, 289, 276, 243, 227, 212, 181, 172, 132, 115, 91, 88
630, 629, 628, 608, 583, 560, 536, 517, 500, 481, 480, 459, 421, 415, 389, 357, 348, 306, 289, 276, 245, 228, 213, 183, 175, 153, 113, 89
630, 629, 628, 608, 583, 560, 536, 517, 500, 481, 480, 459, 421, 415, 389, 357, 348, 306, 289, 276, 243, 227, 212, 182, 173, 154, 114, 90
630, 629, 628, 608, 583, 560, 536, 517, 500, 481, 480, 459, 421, 415, 389, 357, 348, 306, 289, 276, 243, 227, 212, 181, 172, 132, 115, 91
630, 629, 628, 608, 583, 560, 536, 517, 500, 481, 480, 459, 421, 415, 389, 357, 348, 306, 289, 276, 243, 227, 212, 181, 172, 133, 116, 92
630, 629, 628, 627, 609, 582, 562, 563, 534, 519, 504, 476, 439, 418, 411, 385, 361, 344, 310, 305, 279, 263, 225, 207, 178, 170, 135, 117, 93
630, 629, 628, 627, 609, 582, 562, 563, 534, 519, 504, 476, 439, 418, 411, 385, 361, 344, 310, 305, 279, 263, 225, 207, 178, 170, 135, 117, 118, 94
630, 629, 628, 627, 609, 582, 562, 563, 534, 519, 504, 476, 439, 418, 411, 385, 361, 362, 343, 311, 304, 281, 261, 222, 206, 198, 169, 138, 120, 95
630, 629, 628, 627, 609, 582, 562, 563, 534, 519, 504, 476, 439, 418, 411, 385, 361, 362, 343, 311, 304, 281, 261, 222, 206, 198, 168, 139, 140, 121, 96
630, 629, 628, 627, 609, 582, 562, 563, 534, 519, 504, 476, 439, 418, 411, 385, 361, 362, 343, 311, 304, 281, 261, 222, 206, 198, 168, 139, 140, 121, 96, 97
630, 629, 628, 627, 609, 582, 562, 563, 534, 519, 504, 476, 439, 418, 411, 385, 361, 362, 343, 311, 304, 281, 261, 222, 206, 198, 168, 139, 140, 121, 96, 97, 98
630, 607, 584, 559, 558, 540, 514, 513, 495, 464, 465, 451, 450, 430, 401, 375, 371, 336, 320, 298, 267, 255, 237, 199, 193, 163, 164, 142, 123, 99
