707, 675, 676, 666, 646, 618, 596, 572, 551, 545, 544, 509, 493, 466, 450, 430, 401, 375, 349, 335, 322, 296, 268, 253, 235, 234, 219, 190, 158, 148, 128, 105, 106, 83, 84, 50, 26, 0
707, 675, 676, 666, 646, 618, 596, 572, 551, 545, 544, 509, 493, 466, 450, 430, 401, 375, 349, 335, 322, 296, 268, 253, 235, 234, 219, 190, 158, 148, 128, 105, 106, 83, 84, 50, 26, 1
707, 675, 676, 666, 646, 618, 596, 572, 551, 545, 544, 509, 493, 466, 450, 430, 401, 375, 349, 335, 322, 296, 268, 253, 235, 234, 219, 190, 158, 148, 128, 105, 106, 83, 84, 50, 26, 2
707, 675, 676, 666, 646, 618, 596, 572, 551, 545, 544, 509, 493, 466, 450, 430, 401, 375, 349, 335, 322, 296, 268, 253, 235, 234, 219, 190, 158, 148, 128, 105, 106, 83, 84, 50, 26, 2, 3
707, 675, 676, 666, 646, 618, 596, 572, 551, 545, 544, 509, 493, 466, 450, 430, 401, 375, 349, 335, 322, 296, 268, 253, 235, 234, 219, 190, 158, 149, 150, 151, 110, 108, 85, 86, 46, 24, 4
707, 675, 665, 645, 619, 595, 573, 549, 526, 506, 488, 471, 445, 436, 406, 381, 364, 341, 313, 312, 304, 280, 262, 223, 207, 178, 170, 135, 117, 93, 71, 65, 66, 45, 6, 5
707, 675, 665, 645, 619, 595, 573, 549, 526, 506, 488, 471, 445, 436, 406, 381, 364, 341, 313, 312, 304, 280, 262, 223, 207, 178, 170, 135, 117, 93, 71, 65, 66, 45, 6
707, 675, 665, 645, 619, 595, 573, 549, 526, 506, 488, 471, 445, 436, 406, 381, 364, 341, 313, 312, 304, 280, 262, 223, 207, 178, 170, 135, 117, 93, 71, 65, 44, 7
707, 675, 665, 645, 619, 595, 573, 549, 526, 506, 488, 471, 445, 436, 406, 381, 364, 341, 313, 303, 282, 261, 222, 206, 198, 169, 137, 119, 118, 94, 72, 63, 43, 9, 8
707, 675, 665, 645, 619, 595, 573, 549, 526, 506, 488, 471, 445, 436, 406, 381, 364, 341, 313, 303, 282, 261, 222, 206, 198, 169, 137, 119, 118, 94, 72, 63, 43, 9
707, 675, 665, 645, 619, 595, 573, 549, 526, 506, 488, 471, 445, 436, 406, 381, 364, 341, 313, 303, 282, 261, 222, 206, 198, 169, 138, 120, 95, 73, 62, 41, 10
707, 675, 665, 645, 619, 595, 573, 549, 526, 506, 488, 470, 446, 434, 405, 380, 365, 340, 316, 301, 284, 259, 241, 203, 196, 166, 140, 121, 96, 74, 61, 40, 11
707, 675, 665, 645, 619, 595, 573, 549, 526, 506, 488, 470, 446, 434, 405, 380, 365, 340, 316, 301, 284, 259, 241, 203, 196, 166, 140, 121, 96, 74, 60, 38, 12
707, 675, 665, 645, 619, 595, 573, 549, 526, 506, 488, 470, 446, 434, 405, 380, 365, 340, 316, 301, 284, 259, 241, 203, 196, 166, 140, 121, 96, 74, 60, 38, 12, 13
707, 675, 676, 666, 646, 618, 596, 572, 551, 545, 544, 509, 493, 466, 450, 430, 401, 375, 371, 336, 320, 298, 267, 255, 237, 199, 193, 162, 144, 124, 100, 77, 57, 35, 14
707, 675, 676, 666, 646, 618, 596, 572, 551, 545, 544, 509, 493, 466, 450, 430, 401, 375, 349, 335, 322, 296, 268, 254, 236, 221, 192, 161, 145, 125, 101, 78, 56, 33, 15
707, 675, 676, 666, 646, 618, 596, 572, 551, 545, 544, 509, 493, 466, 450, 430, 401, 375, 349, 335, 322, 296, 268, 253, 235, 220, 191, 160, 146, 126, 103, 80, 55, 32, 16
707, 675, 676, 666, 646, 618, 596, 572, 551, 545, 544, 509, 493, 466, 450, 430, 401, 375, 349, 335, 322, 296, 268, 253, 235, 220, 191, 159, 147, 127, 104, 81, 54, 31, 17
707, 675, 676, 666, 646, 618, 596, 572, 551, 545, 544, 509, 493, 466, 450, 430, 401, 375, 349, 335, 322, 296, 268, 253, 235, 234, 219, 190, 158, 148, 128, 105, 82, 53, 30, 18
707, 675, 676, 666, 646, 618, 596, 572, 551, 545, 544, 509, 493, 466, 450, 430, 401, 375, 349, 335, 322, 296, 268, 253, 235, 234, 219, 190, 158, 148, 128, 105, 82, 53, 30, 19
707, 675, 676, 666, 646, 618, 596, 572, 551, 545, 544, 509, 493, 466, 450, 430, 401, 375, 349, 335, 322, 296, 268, 253, 235, 234, 219, 190, 158, 148, 128, 105, 82, 53, 30, 19, 20
707, 675, 676, 666, 646, 618, 596, 572, 551, 545, 544, 509, 493, 466, 450, 430, 401, 375, 349, 335, 322, 296, 268, 253, 235, 234, 219, 190, 158, 148, 128, 105, 82, 53, 52, 29, 28, 21
707, 675, 665, 645, 619, 595, 573, 549, 526, 506, 488, 471, 445, 436, 406, 381, 364, 341, 313, 312, 304, 280, 262, 223, 207, 178, 170, 135, 117, 93, 71, 65, 66, 45, 22
707, 675, 665, 645, 619, 595, 573, 549, 526, 506, 488, 471, 445, 436, 406, 381, 364, 341, 313, 312, 304, 280, 262, 223, 207, 178, 170, 135, 117, 93, 71, 65, 66, 67, 23
707, 675, 676, 666, 646, 618, 596, 572, 551, 545, 544, 509, 493, 466, 450, 430, 401, 375, 349, 335, 322, 296, 268, 253, 235, 234, 219, 190, 158, 149, 150, 151, 110, 108, 85, 86, 46, 24
707, 675, 676, 666, 646, 618, 596, 572, 551, 545, 544, 509, 493, 466, 450, 430, 401, 375, 349, 335, 322, 296, 268, 253, 235, 234, 219, 190, 158, 148, 128, 105, 106, 83, 84, 50, 26, 25
707, 675, 676, 666, 646, 618, 596, 572, 551, 545, 544, 509, 493, 466, 450, 430, 401, 375, 349, 335, 322, 296, 268, 253, 235, 234, 219, 190, 158, 148, 128, 105, 106, 83, 84, 50, 26
707, 675, 676, 666, 646, 618, 596, 572, 551, 545, 544, 509, 493, 466, 450, 430, 401, 375, 349, 335, 322, 296, 268, 253, 235, 234, 219, 190, 158, 148, 128, 105, 82, 53, 52, 29, 28, 27
707, 675, 676, 666, 646, 618, 596, 572, 551, 545, 544, 509, 493, 466, 450, 430, 401, 375, 349, 335, 322, 296, 268, 253, 235, 234, 219, 190, 158, 148, 128, 105, 82, 53, 52, 29, 28
707, 675, 676, 666, 646, 618, 596, 572, 551, 545, 544, 509, 493, 466, 450, 430, 401, 375, 349, 335, 322, 296, 268, 253, 235, 234, 219, 190, 158, 148, 128, 105, 82, 53, 52, 29
707, 675, 676, 666, 646, 618, 596, 572, 551, 545, 544, 509, 493, 466, 450, 430, 401, 375, 349, 335, 322, 296, 268, 253, 235, 234, 219, 190, 158, 148, 128, 105, 82, 53, 30
707, 675, 676, 666, 646, 618, 596, 572, 551, 545, 544, 509, 493, 466, 450, 430, 401, 375, 349, 335, 322, 296, 268, 253, 235, 220, 191, 159, 147, 127, 104, 81, 54, 31
707, 675, 676, 666, 646, 618, 596, 572, 551, 545, 544, 509, 493, 466, 450, 430, 401, 375, 349, 335, 322, 296, 268, 253, 235, 220, 191, 160, 146, 126, 103, 80, 55, 32
707, 675, 676, 666, 646, 618, 596, 572, 551, 545, 544, 509, 493, 466, 450, 430, 401, 375, 349, 335, 322, 296, 268, 254, 236, 221, 192, 161, 145, 125, 101, 78, 56, 33
707, 675, 676, 666, 646, 618, 596, 572, 551, 545, 544, 509, 493, 466, 450, 430, 401, 375, 349, 335, 322, 296, 268, 254, 236, 221, 192, 161, 145, 125, 101, 78, 56, 34
707, 675, 676, 666, 646, 618, 596, 572, 551, 545, 544, 509, 493, 466, 450, 430, 401, 375, 371, 336, 320, 298, 267, 255, 237, 199, 193, 162, 144, 124, 100, 77, 57, 35
707, 675, 665, 645, 619, 595, 573, 549, 526, 506, 488, 470, 446, 434, 405, 380, 365, 340, 316, 301, 284, 259, 241, 203, 196, 166, 140, 121, 96, 97, 75, 59, 58, 36
707, 675, 665, 645, 619, 595, 573, 549, 526, 506, 488, 470, 446, 434, 405, 380, 365, 340, 316, 301, 284, 259, 241, 203, 196, 166, 140, 121, 96, 74, 60, 38, 37
707, 675, 665, 645, 619, 595, 573, 549, 526, 506, 488, 470, 446, 434, 405, 380, 365, 340, 316, 301, 284, 259, 241, 203, 196, 166, 140, 121, 96, 74, 60, 38
707, 675, 665, 645, 619, 595, 573, 549, 526, 506, 488, 470, 446, 434, 405, 380, 365, 340, 316, 301, 284, 259, 241, 203, 196, 166, 140, 121, 96, 74, 60, 38, 39
707, 675, 665, 645, 619, 595, 573, 549, 526, 506, 488, 470, 446, 434, 405, 380, 365, 340, 316, 301, 284, 259, 241, 203, 196, 166, 140, 121, 96, 74, 61, 40
707, 675, 665, 645, 619, 595, 573, 549, 526, 506, 488, 471, 445, 436, 406, 381, 364, 341, 313, 303, 282, 261, 222, 206, 198, 169, 138, 120, 95, 73, 62, 41
707, 675, 665, 645, 619, 595, 573, 549, 526, 506, 488, 471, 445, 436, 406, 381, 364, 341, 313, 303, 282, 261, 222, 206, 198, 169, 138, 120, 95, 73, 62, 41, 42
707, 675, 665, 645, 619, 595, 573, 549, 526, 506, 488, 471, 445, 436, 406, 381, 364, 341, 313, 303, 282, 261, 222, 206, 198, 169, 137, 119, 118, 94, 72, 63, 43
707, 675, 665, 645, 619, 595, 573, 549, 526, 506, 488, 471, 445, 436, 406, 381, 364, 341, 313, 312, 304, 280, 262, 223, 207, 178, 170, 135, 117, 93, 71, 65, 44
707, 675, 665, 645, 619, 595, 573, 549, 526, 506, 488, 471, 445, 436, 406, 381, 364, 341, 313, 312, 304, 280, 262, 223, 207, 178, 170, 135, 117, 93, 71, 65, 66, 45
707, 675, 676, 666, 646, 618, 596, 572, 551, 545, 544, 509, 493, 466, 450, 430, 401, 375, 349, 335, 322, 296, 268, 253, 235, 234, 219, 190, 158, 149, 150, 151, 110, 108, 85, 86, 46
707, 675, 676, 666, 646, 618, 596, 572, 551, 545, 544, 509, 493, 466, 450, 430, 401, 375, 349, 335, 322, 296, 268, 253, 235, 234, 219, 190, 158, 149, 150, 151, 110, 108, 85, 86, 46, 47
707, 675, 676, 666, 646, 618, 596, 572, 551, 545, 544, 509, 493, 466, 450, 430, 401, 375, 349, 335, 322, 296, 268, 253, 235, 234, 219, 190, 158, 149, 150, 151, 110, 108, 85, 49, 48
707, 675, 676, 666, 646, 618, 596, 572, 551, 545, 544, 509, 493, 466, 450, 430, 401, 375, 349, 335, 322, 296, 268, 253, 235, 234, 219, 190, 158, 149, 150, 151, 110, 108, 85, 49
707, 675, 676, 666, 646, 618, 596, 572, 551, 545, 544, 509, 493, 466, 450, 430, 401, 375, 349, 335, 322, 296, 268, 253, 235, 234, 219, 190, 158, 148, 128, 105, 106, 83, 84, 50
707, 675, 676, 666, 646, 618, 596, 572, 551, 545, 544, 509, 493, 466, 450, 430, 401, 375, 349, 335, 322, 296, 268, 253, 235, 234, 219, 190, 158, 148, 128, 105, 106, 83, 84, 51
707, 675, 676, 666, 646, 618, 596, 572, 551, 545, 544, 509, 493, 466, 450, 430, 401, 375, 349, 335, 322, 296, 268, 253, 235, 234, 219, 190, 158, 148, 128, 105, 82, 53, 52
707, 675, 676, 666, 646, 618, 596, 572, 551, 545, 544, 509, 493, 466, 450, 430, 401, 375, 349, 335, 322, 296, 268, 253, 235, 234, 219, 190, 158, 148, 128, 105, 82, 53
707, 675, 676, 666, 646, 618, 596, 572, 551, 545, 544, 509, 493, 466, 450, 430, 401, 375, 349, 335, 322, 296, 268, 253, 235, 220, 191, 159, 147, 127, 104, 81, 54
707, 675, 676, 666, 646, 618, 596, 572, 551, 545, 544, 509, 493, 466, 450, 430, 401, 375, 349, 335, 322, 296, 268, 253, 235, 220, 191, 160, 146, 126, 103, 80, 55
707, 675, 676, 666, 646, 618, 596, 572, 551, 545, 544, 509, 493, 466, 450, 430, 401, 375, 349, 335, 322, 296, 268, 254, 236, 221, 192, 161, 145, 125, 101, 78, 56
707, 675, 676, 666, 646, 618, 596, 572, 551, 545, 544, 509, 493, 466, 450, 430, 401, 375, 371, 336, 320, 298, 267, 255, 237, 199, 193, 162, 144, 124, 100, 77, 57
707, 675, 665, 645, 619, 595, 573, 549, 526, 506, 488, 470, 446, 434, 405, 380, 365, 340, 316, 301, 284, 259, 241, 203, 196, 166, 140, 121, 96, 97, 75, 59, 58
707, 675, 665, 645, 619, 595, 573, 549, 526, 506, 488, 470, 446, 434, 405, 380, 365, 340, 316, 301, 284, 259, 241, 203, 196, 166, 140, 121, 96, 97, 75, 59
707, 675, 665, 645, 619, 595, 573, 549, 526, 506, 488, 470, 446, 434, 405, 380, 365, 340, 316, 301, 284, 259, 241, 203, 196, 166, 140, 121, 96, 74, 60
707, 675, 665, 645, 619, 595, 573, 549, 526, 506, 488, 470, 446, 434, 405, 380, 365, 340, 316, 301, 284, 259, 241, 203, 196, 166, 140, 121, 96, 74, 61
707, 675, 665, 645, 619, 595, 573, 549, 526, 506, 488, 471, 445, 436, 406, 381, 364, 341, 313, 303, 282, 261, 222, 206, 198, 169, 138, 120, 95, 73, 62
707, 675, 665, 645, 619, 595, 573, 549, 526, 506, 488, 471, 445, 436, 406, 381, 364, 341, 313, 303, 282, 261, 222, 206, 198, 169, 137, 119, 118, 94, 72, 63
707, 675, 665, 645, 619, 595, 573, 549, 526, 506, 488, 471, 445, 436, 406, 381, 364, 341, 313, 303, 282, 261, 222, 206, 198, 169, 137, 119, 118, 94, 72, 64
707, 675, 665, 645, 619, 595, 573, 549, 526, 506, 488, 471, 445, 436, 406, 381, 364, 341, 313, 312, 304, 280, 262, 223, 207, 178, 170, 135, 117, 93, 71, 65
707, 675, 665, 645, 619, 595, 573, 549, 526, 506, 488, 471, 445, 436, 406, 381, 364, 341, 313, 312, 304, 280, 262, 223, 207, 178, 170, 135, 117, 93, 71, 65, 66
707, 675, 665, 645, 619, 595, 573, 549, 526, 506, 488, 471, 445, 436, 406, 381, 364, 341, 313, 312, 304, 280, 262, 223, 207, 178, 170, 135, 117, 93, 71, 65, 66, 67
707, 675, 665, 645, 619, 595, 573, 549, 526, 506, 488, 471, 445, 436, 406, 381, 364, 341, 313, 312, 304, 280, 262, 223, 207, 178, 170, 135, 117, 93, 70, 69, 68
707, 675, 665, 645, 619, 595, 573, 549, 526, 506, 488, 471, 445, 436, 406, 381, 364, 341, 313, 312, 304, 280, 262, 223, 207, 178, 170, 135, 117, 93, 70, 69
707, 675, 665, 645, 619, 595, 573, 549, 526, 506, 488, 471, 445, 436, 406, 381, 364, 341, 313, 312, 304, 280, 262, 223, 207, 178, 170, 135, 117, 93, 70
707, 675, 665, 645, 619, 595, 573, 549, 526, 506, 488, 471, 445, 436, 406, 381, 364, 341, 313, 312, 304, 280, 262, 223, 207, 178, 170, 135, 117, 93, 71
707, 675, 665, 645, 619, 595, 573, 549, 526, 506, 488, 471, 445, 436, 406, 381, 364, 341, 313, 303, 282, 261, 222, 206, 198, 169, 137, 119, 118, 94, 72
707, 675, 665, 645, 619, 595, 573, 549, 526, 506, 488, 471, 445, 436, 406, 381, 364, 341, 313, 303, 282, 261, 222, 206, 198, 169, 138, 120, 95, 73
707, 675, 665, 645, 619, 595, 573, 549, 526, 506, 488, 470, 446, 434, 405, 380, 365, 340, 316, 301, 284, 259, 241, 203, 196, 166, 140, 121, 96, 74
707, 675, 665, 645, 619, 595, 573, 549, 526, 506, 488, 470, 446, 434, 405, 380, 365, 340, 316, 301, 284, 259, 241, 203, 196, 166, 140, 121, 96, 97, 75
707, 675, 676, 666, 646, 618, 596, 572, 551, 545, 508, 492, 467, 448, 432, 403, 378, 368, 338, 318, 300, 265, 258, 239, 201, 195, 165, 164, 142, 123, 99, 76
707, 675, 676, 666, 646, 618, 596, 572, 551, 545, 544, 509, 493, 466, 450, 430, 401, 375, 371, 336, 320, 298, 267, 255, 237, 199, 193, 162, 144, 124, 100, 77
707, 675, 676, 666, 646, 618, 596, 572, 551, 545, 544, 509, 493, 466, 450, 430, 401, 375, 349, 335, 322, 296, 268, 254, 236, 221, 192, 161, 145, 125, 101, 78
707, 675, 676, 666, 646, 618, 596, 572, 551, 545, 544, 509, 493, 466, 450, 430, 401, 375, 349, 335, 322, 296, 268, 253, 235, 220, 191, 160, 146, 126, 102, 79
707, 675, 676, 666, 646, 618, 596, 572, 551, 545, 544, 509, 493, 466, 450, 430, 401, 375, 349, 335, 322, 296, 268, 253, 235, 220, 191, 160, 146, 126, 103, 80
707, 675, 676, 666, 646, 618, 596, 572, 551, 545, 544, 509, 493, 466, 450, 430, 401, 375, 349, 335, 322, 296, 268, 253, 235, 220, 191, 159, 147, 127, 104, 81
707, 675, 676, 666, 646, 618, 596, 572, 551, 545, 544, 509, 493, 466, 450, 430, 401, 375, 349, 335, 322, 296, 268, 253, 235, 234, 219, 190, 158, 148, 128, 105, 82
707, 675, 676, 666, 646, 618, 596, 572, 551, 545, 544, 509, 493, 466, 450, 430, 401, 375, 349, 335, 322, 296, 268, 253, 235, 234, 219, 190, 158, 148, 128, 105, 106, 83
707, 675, 676, 666, 646, 618, 596, 572, 551, 545, 544, 509, 493, 466, 450, 430, 401, 375, 349, 335, 322, 296, 268, 253, 235, 234, 219, 190, 158, 148, 128, 105, 106, 83, 84
707, 675, 676, 666, 646, 618, 596, 572, 551, 545, 544, 509, 493, 466, 450, 430, 401, 375, 349, 335, 322, 296, 268, 253, 235, 234, 219, 190, 158, 149, 150, 151, 110, 108, 85
707, 675, 676, 666, 646, 618, 596, 572, 551, 545, 544, 509, 493, 466, 450, 430, 401, 375, 349, 335, 322, 296, 268, 253, 235, 234, 219, 190, 158, 149, 150, 151, 110, 108, 85, 86
707, 675, 665, 645, 619, 595, 573, 549, 526, 506, 488, 471, 445, 436, 406, 381, 364, 341, 313, 312, 304, 280, 262, 223, 207, 178, 170, 135, 117, 93, 70, 69, 68, 88, 87
707, 675, 665, 645, 619, 595, 573, 549, 526, 506, 488, 471, 445, 436, 406, 381, 364, 341, 313, 312, 304, 280, 262, 223, 207, 178, 170, 135, 117, 93, 70, 69, 68, 88
707, 675, 676, 666, 646, 618, 596, 572, 551, 545, 544, 509, 493, 466, 450, 430, 401, 375, 349, 335, 322, 296, 268, 253, 235, 234, 219, 190, 158, 149, 150, 151, 110, 108, 109, 89
707, 675, 665, 645, 619, 595, 573, 549, 526, 527, 528, 524, 523, 484, 474, 442, 417, 410, 411, 385, 360, 345, 309, 285, 278, 264, 226, 227, 212, 182, 173, 154, 114, 90
707, 675, 665, 645, 619, 595, 573, 549, 526, 506, 488, 471, 445, 436, 406, 381, 364, 341, 313, 312, 304, 280, 262, 223, 207, 178, 170, 171, 134, 116, 115, 91
707, 675, 665, 645, 619, 595, 573, 549, 526, 506, 488, 471, 445, 436, 406, 381, 364, 341, 313, 312, 304, 280, 262, 223, 207, 178, 170, 135, 117, 93, 92
707, 675, 665, 645, 619, 595, 573, 549, 526, 506, 488, 471, 445, 436, 406, 381, 364, 341, 313, 312, 304, 280, 262, 223, 207, 178, 170, 135, 117, 93
707, 675, 665, 645, 619, 595, 573, 549, 526, 506, 488, 471, 445, 436, 406, 381, 364, 341, 313, 303, 282, 261, 222, 206, 198, 169, 137, 119, 118, 94
707, 675, 665, 645, 619, 595, 573, 549, 526, 506, 488, 471, 445, 436, 406, 381, 364, 341, 313, 303, 282, 261, 222, 206, 198, 169, 138, 120, 95
707, 675, 665, 645, 619, 595, 573, 549, 526, 506, 488, 470, 446, 434, 405, 380, 365, 340, 316, 301, 284, 259, 241, 203, 196, 166, 140, 121, 96
707, 675, 665, 645, 619, 595, 573, 549, 526, 506, 488, 470, 446, 434, 405, 380, 365, 340, 316, 301, 284, 259, 241, 203, 196, 166, 140, 121, 96, 97
707, 675, 665, 645, 619, 595, 573, 549, 526, 506, 488, 470, 446, 434, 405, 380, 365, 340, 316, 301, 284, 259, 241, 203, 196, 166, 140, 121, 96, 97, 98
707, 675, 676, 666, 646, 618, 596, 572, 551, 545, 508, 492, 467, 448, 432, 403, 378, 368, 338, 318, 300, 265, 258, 239, 201, 195, 165, 164, 142, 123, 99
