901, 866, 838, 837, 821, 795, 764, 751, 735, 706, 676, 666, 646, 618, 596, 572, 551, 545, 544, 509, 493, 466, 450, 430, 401, 375, 349, 335, 322, 296, 268, 253, 235, 234, 219, 190, 158, 148, 128, 105, 106, 83, 84, 50, 26, 0
901, 866, 838, 837, 821, 795, 764, 751, 735, 706, 676, 666, 646, 618, 596, 572, 551, 545, 544, 509, 493, 466, 450, 430, 401, 375, 349, 335, 322, 296, 268, 253, 235, 234, 219, 190, 158, 148, 128, 105, 106, 83, 84, 50, 26, 1
901, 915, 916, 928, 948, 988, 994, 1026, 1040, 1071, 1088, 1089, 1114, 1118, 1157, 1176, 1175, 1181, 1204, 1203, 1245, 1251, 1252, 1282, 1308, 1331, 1333, 1351, 1387, 1401, 1427, 1443, 1459, 1488, 1501, 1531, 1530, 1537, 2
901, 915, 916, 928, 948, 988, 994, 1026, 1040, 1071, 1088, 1089, 1114, 1118, 1157, 1176, 1175, 1181, 1204, 1203, 1245, 1251, 1252, 1282, 1308, 1331, 1333, 1351, 1387, 1401, 1427, 1443, 1459, 1488, 1501, 1531, 1530, 1537, 3
901, 915, 916, 928, 948, 988, 994, 1026, 1040, 1071, 1088, 1089, 1114, 1118, 1157, 1176, 1175, 1181, 1204, 1203, 1245, 1251, 1252, 1282, 1308, 1331, 1333, 1351, 1387, 1401, 1427, 1443, 1459, 1488, 1501, 1531, 1536, 4
901, 915, 916, 928, 948, 988, 994, 1026, 1040, 1071, 1088, 1089, 1114, 1118, 1157, 1176, 1175, 1181, 1204, 1203, 1245, 1251, 1252, 1282, 1308, 1331, 1333, 1351, 1387, 1401, 1427, 1443, 1459, 1488, 1501, 1532, 1535, 5
901, 866, 838, 822, 796, 766, 749, 733, 710, 693, 663, 643, 621, 622, 590, 576, 567, 530, 523, 484, 474, 442, 417, 410, 411, 385, 361, 344, 310, 305, 279, 263, 225, 208, 179, 171, 134, 116, 92, 69, 66, 45, 6
901, 866, 838, 822, 796, 766, 749, 733, 710, 693, 663, 643, 621, 591, 575, 568, 528, 524, 485, 473, 443, 437, 408, 383, 363, 342, 311, 304, 280, 262, 223, 207, 178, 170, 135, 117, 93, 71, 65, 44, 7
901, 866, 838, 822, 796, 766, 749, 733, 710, 693, 663, 643, 621, 591, 575, 568, 528, 524, 485, 473, 443, 437, 408, 383, 363, 342, 311, 304, 281, 261, 222, 206, 198, 169, 137, 119, 118, 94, 72, 63, 43, 9, 8
901, 866, 838, 822, 796, 766, 749, 733, 710, 693, 663, 643, 621, 591, 575, 568, 528, 524, 485, 473, 443, 437, 408, 383, 363, 342, 311, 304, 281, 261, 222, 206, 198, 169, 137, 119, 118, 94, 72, 63, 43, 9
901, 866, 838, 822, 796, 766, 749, 733, 710, 693, 663, 643, 621, 591, 575, 568, 528, 524, 485, 473, 443, 437, 408, 383, 363, 342, 311, 304, 281, 261, 222, 206, 198, 169, 138, 120, 95, 73, 62, 41, 10
901, 915, 946, 950, 984, 991, 1024, 1037, 1067, 1085, 1110, 1134, 1141, 1160, 1186, 1211, 1238, 1265, 1276, 1301, 1324, 1344, 1363, 1379, 1409, 1414, 1413, 1438, 1452, 1482, 1494, 1517, 1550, 11
901, 915, 946, 950, 984, 991, 1024, 1037, 1067, 1085, 1110, 1134, 1141, 1160, 1186, 1211, 1238, 1265, 1276, 1301, 1324, 1344, 1363, 1379, 1409, 1414, 1437, 1472, 1481, 1513, 1519, 1547, 1548, 12
901, 915, 946, 950, 984, 991, 1024, 1037, 1067, 1085, 1110, 1134, 1141, 1160, 1186, 1211, 1238, 1265, 1276, 1301, 1324, 1344, 1363, 1379, 1409, 1414, 1437, 1472, 1481, 1513, 1519, 1546, 13
901, 915, 946, 950, 984, 991, 1024, 1037, 1067, 1085, 1110, 1134, 1141, 1160, 1186, 1211, 1238, 1265, 1276, 1301, 1324, 1344, 1363, 1379, 1410, 1415, 1435, 1471, 1480, 1512, 1520, 1545, 14
901, 915, 946, 950, 984, 991, 1024, 1037, 1067, 1085, 1110, 1133, 1142, 1161, 1187, 1212, 1236, 1263, 1274, 1298, 1322, 1342, 1361, 1377, 1390, 1417, 1433, 1469, 1477, 1478, 1511, 1521, 1544, 15
901, 915, 946, 950, 984, 991, 1024, 1037, 1067, 1085, 1110, 1133, 1142, 1161, 1187, 1212, 1236, 1263, 1274, 1298, 1322, 1342, 1361, 1377, 1390, 1417, 1433, 1469, 1477, 1510, 1523, 1543, 16
901, 915, 946, 950, 984, 991, 1024, 1037, 1067, 1085, 1110, 1133, 1142, 1161, 1187, 1212, 1236, 1263, 1274, 1298, 1322, 1342, 1361, 1377, 1390, 1417, 1433, 1469, 1477, 1510, 1523, 1543, 16, 17
901, 915, 946, 950, 983, 982, 1011, 1022, 1036, 1066, 1084, 1083, 1108, 1132, 1145, 1164, 1190, 1214, 1234, 1261, 1271, 1296, 1319, 1340, 1359, 1374, 1392, 1420, 1431, 1467, 1475, 1508, 1526, 1541, 18
901, 915, 946, 950, 983, 982, 1011, 1022, 1036, 1066, 1084, 1083, 1108, 1132, 1145, 1164, 1190, 1214, 1234, 1261, 1271, 1296, 1319, 1340, 1359, 1374, 1392, 1420, 1431, 1467, 1475, 1508, 1526, 1541, 19
901, 915, 946, 950, 983, 982, 1011, 1022, 1036, 1066, 1084, 1083, 1108, 1132, 1145, 1164, 1190, 1214, 1234, 1261, 1271, 1296, 1319, 1340, 1359, 1374, 1373, 1393, 1421, 1451, 1465, 1474, 1507, 1527, 1540, 20
901, 915, 946, 950, 983, 982, 1011, 1022, 1036, 1066, 1084, 1083, 1108, 1132, 1145, 1164, 1190, 1214, 1234, 1261, 1271, 1296, 1319, 1340, 1359, 1374, 1373, 1393, 1421, 1422, 1450, 1464, 1473, 1506, 1528, 1539, 21
901, 866, 838, 822, 796, 766, 749, 733, 710, 693, 663, 643, 621, 622, 590, 576, 567, 530, 523, 484, 474, 442, 417, 410, 411, 385, 360, 345, 309, 285, 278, 264, 226, 211, 180, 172, 132, 115, 91, 88, 67, 22
901, 866, 838, 822, 796, 766, 749, 733, 710, 693, 663, 643, 621, 622, 590, 576, 567, 530, 523, 484, 474, 442, 417, 410, 411, 385, 360, 345, 309, 285, 278, 264, 226, 211, 180, 172, 132, 115, 91, 88, 67, 23
901, 915, 916, 928, 948, 988, 994, 1026, 1040, 1071, 1088, 1089, 1114, 1118, 1157, 1176, 1175, 1181, 1204, 1203, 1245, 1251, 1252, 1282, 1308, 1331, 1333, 1351, 1387, 1401, 1427, 1443, 1459, 1488, 1501, 1531, 1536, 4, 24
901, 915, 916, 928, 948, 988, 994, 1026, 1040, 1071, 1088, 1089, 1114, 1118, 1157, 1176, 1175, 1181, 1204, 1203, 1245, 1251, 1252, 1282, 1308, 1331, 1333, 1351, 1387, 1401, 1427, 1443, 1459, 1488, 1501, 1531, 1530, 1537, 3, 25
901, 866, 838, 837, 821, 795, 764, 751, 735, 706, 676, 666, 646, 618, 596, 572, 551, 545, 544, 509, 493, 466, 450, 430, 401, 375, 349, 335, 322, 296, 268, 253, 235, 234, 219, 190, 158, 148, 128, 105, 106, 83, 84, 50, 26
901, 866, 838, 837, 821, 795, 764, 751, 735, 706, 676, 666, 646, 618, 596, 572, 551, 545, 544, 509, 493, 466, 450, 430, 401, 375, 349, 335, 322, 296, 268, 253, 235, 234, 219, 190, 158, 148, 128, 105, 82, 53, 52, 29, 28, 27
901, 866, 838, 837, 821, 795, 764, 751, 735, 706, 676, 666, 646, 618, 596, 572, 551, 545, 544, 509, 493, 466, 450, 430, 401, 375, 349, 335, 322, 296, 268, 253, 235, 234, 219, 190, 158, 148, 128, 105, 82, 53, 52, 29, 28
901, 866, 838, 837, 821, 795, 764, 751, 735, 706, 676, 666, 646, 618, 596, 572, 551, 545, 544, 509, 493, 466, 450, 430, 401, 375, 349, 335, 322, 296, 268, 253, 235, 234, 219, 190, 158, 148, 128, 105, 82, 53, 52, 29
901, 866, 838, 837, 821, 795, 764, 751, 735, 706, 676, 666, 646, 618, 596, 572, 551, 545, 544, 509, 493, 466, 450, 430, 401, 375, 349, 335, 322, 296, 268, 253, 235, 234, 219, 190, 158, 148, 128, 105, 82, 53, 30
901, 915, 946, 950, 984, 991, 1024, 1037, 1067, 1085, 1110, 1133, 1142, 1161, 1187, 1212, 1236, 1263, 1274, 1298, 1322, 1342, 1361, 1377, 1390, 1417, 1433, 1469, 1477, 1510, 1523, 1543, 16, 17, 31
901, 915, 946, 950, 984, 991, 1024, 1037, 1067, 1085, 1110, 1133, 1142, 1161, 1187, 1212, 1236, 1263, 1274, 1298, 1322, 1342, 1361, 1377, 1390, 1417, 1433, 1469, 1477, 1510, 1523, 1543, 16, 32
901, 915, 946, 950, 984, 991, 1024, 1037, 1067, 1085, 1110, 1133, 1142, 1161, 1187, 1212, 1236, 1263, 1274, 1298, 1322, 1342, 1361, 1377, 1390, 1417, 1433, 1469, 1477, 1478, 1511, 1521, 1544, 15, 33
901, 915, 946, 950, 984, 991, 1024, 1037, 1067, 1085, 1110, 1133, 1142, 1161, 1187, 1212, 1236, 1263, 1274, 1298, 1322, 1342, 1361, 1377, 1390, 1417, 1433, 1469, 1477, 1478, 1511, 1521, 1544, 15, 34
901, 915, 946, 950, 984, 991, 1024, 1037, 1067, 1085, 1110, 1134, 1141, 1160, 1186, 1211, 1238, 1265, 1276, 1301, 1324, 1344, 1363, 1379, 1410, 1415, 1435, 1471, 1480, 1512, 1520, 1545, 14, 35
901, 915, 946, 950, 984, 991, 1024, 1037, 1067, 1085, 1110, 1134, 1141, 1160, 1186, 1211, 1238, 1265, 1276, 1301, 1324, 1344, 1363, 1379, 1409, 1414, 1437, 1472, 1481, 1513, 1519, 1546, 13, 36
901, 915, 946, 950, 984, 991, 1024, 1037, 1067, 1085, 1110, 1134, 1141, 1160, 1186, 1211, 1238, 1265, 1276, 1301, 1324, 1344, 1363, 1379, 1409, 1414, 1437, 1472, 1481, 1513, 1519, 1547, 1548, 12, 37
901, 915, 946, 950, 984, 991, 1024, 1037, 1067, 1085, 1110, 1134, 1141, 1160, 1186, 1211, 1238, 1265, 1276, 1301, 1324, 1344, 1363, 1379, 1409, 1414, 1437, 1472, 1481, 1513, 1519, 1547, 1548, 12, 38
901, 866, 838, 822, 796, 766, 749, 733, 710, 693, 663, 643, 621, 591, 575, 568, 528, 524, 485, 473, 443, 437, 408, 383, 363, 342, 311, 304, 281, 261, 222, 206, 198, 169, 138, 120, 95, 73, 62, 61, 39
901, 866, 838, 822, 796, 766, 749, 733, 710, 693, 663, 643, 621, 591, 575, 568, 528, 524, 485, 473, 443, 437, 408, 383, 363, 342, 311, 304, 281, 261, 222, 206, 198, 169, 138, 120, 95, 73, 62, 61, 40
901, 866, 838, 822, 796, 766, 749, 733, 710, 693, 663, 643, 621, 591, 575, 568, 528, 524, 485, 473, 443, 437, 408, 383, 363, 342, 311, 304, 281, 261, 222, 206, 198, 169, 138, 120, 95, 73, 62, 41
901, 866, 838, 822, 796, 766, 749, 733, 710, 693, 663, 643, 621, 591, 575, 568, 528, 524, 485, 473, 443, 437, 408, 383, 363, 342, 311, 304, 281, 261, 222, 206, 198, 169, 138, 120, 95, 73, 62, 41, 42
901, 866, 838, 822, 796, 766, 749, 733, 710, 693, 663, 643, 621, 591, 575, 568, 528, 524, 485, 473, 443, 437, 408, 383, 363, 342, 311, 304, 281, 261, 222, 206, 198, 169, 137, 119, 118, 94, 72, 63, 43
901, 866, 838, 822, 796, 766, 749, 733, 710, 693, 663, 643, 621, 591, 575, 568, 528, 524, 485, 473, 443, 437, 408, 383, 363, 342, 311, 304, 280, 262, 223, 207, 178, 170, 135, 117, 93, 71, 65, 44
901, 866, 838, 822, 796, 766, 749, 733, 710, 693, 663, 643, 621, 622, 590, 576, 567, 530, 523, 484, 474, 442, 417, 410, 411, 385, 361, 344, 310, 305, 279, 263, 225, 208, 179, 171, 134, 116, 92, 69, 66, 45
901, 866, 838, 822, 796, 766, 749, 733, 710, 693, 663, 643, 621, 622, 590, 576, 567, 530, 523, 484, 474, 442, 417, 410, 411, 385, 360, 345, 309, 285, 278, 264, 226, 227, 212, 182, 173, 154, 114, 90, 87, 47, 46
901, 866, 838, 822, 796, 766, 749, 733, 710, 693, 663, 643, 621, 622, 590, 576, 567, 530, 523, 484, 474, 442, 417, 410, 411, 385, 360, 345, 309, 285, 278, 264, 226, 227, 212, 182, 173, 154, 114, 90, 87, 47
901, 866, 838, 822, 796, 766, 749, 733, 710, 693, 663, 643, 621, 622, 590, 576, 567, 530, 523, 484, 474, 442, 417, 410, 411, 385, 360, 345, 309, 285, 278, 264, 226, 227, 212, 182, 174, 175, 153, 113, 89, 86, 48
901, 866, 838, 837, 821, 795, 764, 751, 735, 706, 676, 666, 646, 618, 596, 572, 551, 545, 544, 509, 493, 466, 450, 430, 401, 375, 349, 335, 322, 296, 268, 253, 235, 234, 219, 190, 158, 149, 150, 151, 110, 108, 85, 49
901, 866, 838, 837, 821, 795, 764, 751, 735, 706, 676, 666, 646, 618, 596, 572, 551, 545, 544, 509, 493, 466, 450, 430, 401, 375, 349, 335, 322, 296, 268, 253, 235, 234, 219, 190, 158, 148, 128, 105, 106, 83, 84, 50
901, 866, 838, 837, 821, 795, 764, 751, 735, 706, 676, 666, 646, 618, 596, 572, 551, 545, 544, 509, 493, 466, 450, 430, 401, 375, 349, 335, 322, 296, 268, 253, 235, 234, 219, 190, 158, 148, 128, 105, 106, 83, 84, 51
901, 866, 838, 837, 821, 795, 764, 751, 735, 706, 676, 666, 646, 618, 596, 572, 551, 545, 544, 509, 493, 466, 450, 430, 401, 375, 349, 335, 322, 296, 268, 253, 235, 234, 219, 190, 158, 148, 128, 105, 82, 53, 52
901, 866, 838, 837, 821, 795, 764, 751, 735, 706, 676, 666, 646, 618, 596, 572, 551, 545, 544, 509, 493, 466, 450, 430, 401, 375, 349, 335, 322, 296, 268, 253, 235, 234, 219, 190, 158, 148, 128, 105, 82, 53
901, 915, 946, 950, 984, 991, 1024, 1037, 1067, 1085, 1110, 1133, 1142, 1161, 1187, 1212, 1236, 1263, 1274, 1298, 1322, 1342, 1361, 1377, 1390, 1417, 1433, 1469, 1477, 1510, 1523, 1543, 16, 17, 31, 54
901, 915, 946, 950, 984, 991, 1024, 1037, 1067, 1085, 1110, 1133, 1142, 1161, 1187, 1212, 1236, 1263, 1274, 1298, 1322, 1342, 1361, 1377, 1390, 1417, 1433, 1469, 1477, 1510, 1523, 1543, 16, 32, 55
901, 915, 946, 950, 984, 991, 1024, 1037, 1067, 1085, 1110, 1133, 1142, 1161, 1187, 1212, 1236, 1263, 1274, 1298, 1322, 1342, 1361, 1377, 1390, 1417, 1433, 1469, 1477, 1478, 1511, 1521, 1544, 15, 33, 56
901, 915, 946, 950, 984, 991, 1024, 1037, 1067, 1085, 1110, 1134, 1141, 1160, 1186, 1211, 1238, 1265, 1276, 1301, 1324, 1344, 1363, 1379, 1410, 1415, 1435, 1471, 1480, 1512, 1520, 1545, 14, 35, 57
901, 915, 946, 950, 984, 991, 1024, 1037, 1067, 1085, 1110, 1134, 1141, 1160, 1186, 1211, 1238, 1265, 1276, 1301, 1324, 1344, 1363, 1379, 1409, 1414, 1437, 1472, 1481, 1513, 1519, 1546, 13, 36, 58
901, 915, 946, 950, 984, 991, 1024, 1037, 1067, 1085, 1110, 1134, 1141, 1160, 1186, 1211, 1238, 1265, 1276, 1301, 1324, 1344, 1363, 1379, 1409, 1414, 1437, 1472, 1481, 1513, 1519, 1547, 1548, 12, 37, 59
901, 866, 838, 822, 796, 766, 749, 733, 710, 693, 663, 643, 621, 591, 575, 568, 528, 524, 485, 473, 443, 437, 408, 383, 363, 342, 311, 304, 281, 261, 222, 206, 198, 169, 138, 120, 95, 73, 74, 60
901, 866, 838, 822, 796, 766, 749, 733, 710, 693, 663, 643, 621, 591, 575, 568, 528, 524, 485, 473, 443, 437, 408, 383, 363, 342, 311, 304, 281, 261, 222, 206, 198, 169, 138, 120, 95, 73, 62, 61
901, 866, 838, 822, 796, 766, 749, 733, 710, 693, 663, 643, 621, 591, 575, 568, 528, 524, 485, 473, 443, 437, 408, 383, 363, 342, 311, 304, 281, 261, 222, 206, 198, 169, 138, 120, 95, 73, 62
901, 866, 838, 822, 796, 766, 749, 733, 710, 693, 663, 643, 621, 591, 575, 568, 528, 524, 485, 473, 443, 437, 408, 383, 363, 342, 311, 304, 281, 261, 222, 206, 198, 169, 137, 119, 118, 94, 72, 63
901, 866, 838, 822, 796, 766, 749, 733, 710, 693, 663, 643, 621, 591, 575, 568, 528, 524, 485, 473, 443, 437, 408, 383, 363, 342, 311, 304, 281, 261, 222, 206, 198, 169, 137, 119, 118, 94, 72, 64
901, 866, 838, 822, 796, 766, 749, 733, 710, 693, 663, 643, 621, 591, 575, 568, 528, 524, 485, 473, 443, 437, 408, 383, 363, 342, 311, 304, 280, 262, 223, 207, 178, 170, 135, 117, 93, 71, 65
901, 866, 838, 822, 796, 766, 749, 733, 710, 693, 663, 643, 621, 622, 590, 576, 567, 530, 523, 484, 474, 442, 417, 410, 411, 385, 361, 344, 310, 305, 279, 263, 225, 208, 179, 171, 134, 116, 92, 69, 66
901, 866, 838, 822, 796, 766, 749, 733, 710, 693, 663, 643, 621, 622, 590, 576, 567, 530, 523, 484, 474, 442, 417, 410, 411, 385, 360, 345, 309, 285, 278, 264, 226, 211, 180, 172, 132, 115, 91, 88, 67
901, 866, 838, 822, 796, 766, 749, 733, 710, 693, 663, 643, 621, 622, 590, 576, 567, 530, 523, 484, 474, 442, 417, 410, 411, 385, 361, 344, 310, 305, 279, 263, 225, 208, 179, 171, 134, 116, 92, 69, 68
901, 866, 838, 822, 796, 766, 749, 733, 710, 693, 663, 643, 621, 622, 590, 576, 567, 530, 523, 484, 474, 442, 417, 410, 411, 385, 361, 344, 310, 305, 279, 263, 225, 208, 179, 171, 134, 116, 92, 69
901, 866, 838, 822, 796, 766, 749, 733, 710, 693, 663, 643, 621, 591, 575, 568, 528, 524, 485, 473, 443, 437, 408, 383, 363, 342, 311, 304, 280, 262, 223, 207, 178, 170, 135, 117, 93, 70
901, 866, 838, 822, 796, 766, 749, 733, 710, 693, 663, 643, 621, 591, 575, 568, 528, 524, 485, 473, 443, 437, 408, 383, 363, 342, 311, 304, 280, 262, 223, 207, 178, 170, 135, 117, 93, 71
901, 866, 838, 822, 796, 766, 749, 733, 710, 693, 663, 643, 621, 591, 575, 568, 528, 524, 485, 473, 443, 437, 408, 383, 363, 342, 311, 304, 281, 261, 222, 206, 198, 169, 137, 119, 118, 94, 72
901, 866, 838, 822, 796, 766, 749, 733, 710, 693, 663, 643, 621, 591, 575, 568, 528, 524, 485, 473, 443, 437, 408, 383, 363, 342, 311, 304, 281, 261, 222, 206, 198, 169, 138, 120, 95, 73
901, 866, 838, 822, 796, 766, 749, 733, 710, 693, 663, 643, 621, 591, 575, 568, 528, 524, 485, 473, 443, 437, 408, 383, 363, 342, 311, 304, 281, 261, 222, 206, 198, 169, 138, 120, 95, 73, 74
901, 866, 838, 822, 796, 766, 749, 733, 710, 693, 663, 643, 621, 591, 575, 568, 528, 524, 485, 473, 443, 437, 408, 383, 363, 342, 311, 304, 281, 261, 222, 206, 198, 168, 139, 140, 121, 96, 97, 75
901, 915, 946, 950, 984, 991, 1024, 1037, 1067, 1085, 1110, 1134, 1141, 1160, 1186, 1211, 1238, 1265, 1276, 1301, 1324, 1344, 1363, 1379, 1410, 1415, 1435, 1471, 1480, 1512, 1520, 1545, 14, 35, 57, 76
901, 915, 946, 950, 984, 991, 1024, 1037, 1067, 1085, 1110, 1134, 1141, 1160, 1186, 1211, 1238, 1265, 1276, 1301, 1324, 1344, 1363, 1379, 1410, 1415, 1435, 1471, 1480, 1512, 1520, 1545, 14, 35, 57, 77
901, 915, 946, 950, 984, 991, 1024, 1037, 1067, 1085, 1110, 1133, 1142, 1161, 1187, 1212, 1236, 1263, 1274, 1298, 1322, 1342, 1361, 1377, 1390, 1417, 1433, 1469, 1477, 1478, 1511, 1521, 1544, 15, 33, 56, 78
901, 915, 946, 950, 984, 991, 1024, 1037, 1067, 1085, 1110, 1133, 1142, 1161, 1187, 1212, 1236, 1263, 1274, 1298, 1322, 1342, 1361, 1377, 1390, 1417, 1433, 1469, 1477, 1510, 1523, 1543, 16, 32, 55, 79
901, 915, 946, 950, 984, 991, 1024, 1037, 1067, 1085, 1110, 1133, 1142, 1161, 1187, 1212, 1236, 1263, 1274, 1298, 1322, 1342, 1361, 1377, 1390, 1417, 1433, 1469, 1477, 1510, 1523, 1543, 16, 32, 55, 80
901, 915, 946, 950, 984, 991, 1024, 1037, 1067, 1085, 1110, 1133, 1142, 1161, 1187, 1212, 1236, 1263, 1274, 1298, 1322, 1342, 1361, 1377, 1390, 1417, 1433, 1469, 1477, 1510, 1523, 1543, 16, 17, 31, 54, 81
901, 866, 838, 837, 821, 795, 764, 751, 735, 706, 676, 666, 646, 618, 596, 572, 551, 545, 544, 509, 493, 466, 450, 430, 401, 375, 349, 335, 322, 296, 268, 253, 235, 234, 219, 190, 158, 148, 128, 105, 82
901, 866, 838, 837, 821, 795, 764, 751, 735, 706, 676, 666, 646, 618, 596, 572, 551, 545, 544, 509, 493, 466, 450, 430, 401, 375, 349, 335, 322, 296, 268, 253, 235, 234, 219, 190, 158, 148, 128, 105, 106, 83
901, 866, 838, 837, 821, 795, 764, 751, 735, 706, 676, 666, 646, 618, 596, 572, 551, 545, 544, 509, 493, 466, 450, 430, 401, 375, 349, 335, 322, 296, 268, 253, 235, 234, 219, 190, 158, 148, 128, 105, 106, 83, 84
901, 866, 838, 837, 821, 795, 764, 751, 735, 706, 676, 666, 646, 618, 596, 572, 551, 545, 544, 509, 493, 466, 450, 430, 401, 375, 349, 335, 322, 296, 268, 253, 235, 234, 219, 190, 158, 149, 150, 151, 110, 108, 85
901, 866, 838, 822, 796, 766, 749, 733, 710, 693, 663, 643, 621, 622, 590, 576, 567, 530, 523, 484, 474, 442, 417, 410, 411, 385, 360, 345, 309, 285, 278, 264, 226, 227, 212, 182, 174, 175, 153, 113, 89, 86
901, 866, 838, 822, 796, 766, 749, 733, 710, 693, 663, 643, 621, 622, 590, 576, 567, 530, 523, 484, 474, 442, 417, 410, 411, 385, 360, 345, 309, 285, 278, 264, 226, 227, 212, 182, 173, 154, 114, 90, 87
901, 866, 838, 822, 796, 766, 749, 733, 710, 693, 663, 643, 621, 622, 590, 576, 567, 530, 523, 484, 474, 442, 417, 410, 411, 385, 360, 345, 309, 285, 278, 264, 226, 211, 180, 172, 132, 115, 91, 88
901, 866, 838, 822, 796, 766, 749, 733, 710, 693, 663, 643, 621, 622, 590, 576, 567, 530, 523, 484, 474, 442, 417, 410, 411, 385, 360, 345, 309, 285, 278, 264, 226, 227, 212, 182, 174, 175, 153, 113, 89
901, 866, 838, 822, 796, 766, 749, 733, 710, 693, 663, 643, 621, 622, 590, 576, 567, 530, 523, 484, 474, 442, 417, 410, 411, 385, 360, 345, 309, 285, 278, 264, 226, 227, 212, 182, 173, 154, 114, 90
901, 866, 838, 822, 796, 766, 749, 733, 710, 693, 663, 643, 621, 622, 590, 576, 567, 530, 523, 484, 474, 442, 417, 410, 411, 385, 360, 345, 309, 285, 278, 264, 226, 211, 180, 172, 132, 115, 91
901, 866, 838, 822, 796, 766, 749, 733, 710, 693, 663, 643, 621, 622, 590, 576, 567, 530, 523, 484, 474, 442, 417, 410, 411, 385, 361, 344, 310, 305, 279, 263, 225, 208, 179, 171, 134, 116, 92
901, 866, 838, 822, 796, 766, 749, 733, 710, 693, 663, 643, 621, 591, 575, 568, 528, 524, 485, 473, 443, 437, 408, 383, 363, 342, 311, 304, 280, 262, 223, 207, 178, 170, 135, 117, 93
901, 866, 838, 822, 796, 766, 749, 733, 710, 693, 663, 643, 621, 591, 575, 568, 528, 524, 485, 473, 443, 437, 408, 383, 363, 342, 311, 304, 281, 261, 222, 206, 198, 169, 137, 119, 118, 94
901, 866, 838, 822, 796, 766, 749, 733, 710, 693, 663, 643, 621, 591, 575, 568, 528, 524, 485, 473, 443, 437, 408, 383, 363, 342, 311, 304, 281, 261, 222, 206, 198, 169, 138, 120, 95
901, 866, 838, 822, 796, 766, 749, 733, 710, 693, 663, 643, 621, 591, 575, 568, 528, 524, 485, 473, 443, 437, 408, 383, 363, 342, 311, 304, 281, 261, 222, 206, 198, 168, 139, 140, 121, 96
901, 866, 838, 822, 796, 766, 749, 733, 710, 693, 663, 643, 621, 591, 575, 568, 528, 524, 485, 473, 443, 437, 408, 383, 363, 342, 311, 304, 281, 261, 222, 206, 198, 168, 139, 140, 121, 96, 97
901, 866, 838, 822, 796, 766, 749, 733, 710, 693, 663, 643, 621, 591, 575, 568, 528, 524, 485, 473, 443, 437, 408, 383, 363, 342, 311, 304, 281, 261, 222, 206, 198, 168, 139, 140, 121, 96, 97, 98
901, 915, 946, 950, 984, 991, 1024, 1037, 1067, 1085, 1110, 1134, 1141, 1160, 1186, 1211, 1238, 1265, 1276, 1301, 1324, 1344, 1363, 1379, 1410, 1415, 1435, 1471, 1480, 1512, 1520, 1545, 14, 35, 57, 76, 99
