1210, 1211, 1212, 1236, 1263, 1274, 1298, 1297, 1321, 1341, 1360, 1359, 1358, 1357, 1372, 1394, 1395, 1423, 1449, 1463, 1493, 1504, 1529, 1538, 0
1210, 1211, 1212, 1236, 1263, 1274, 1298, 1297, 1321, 1341, 1360, 1359, 1358, 1357, 1372, 1394, 1395, 1423, 1449, 1463, 1493, 1504, 1529, 1538, 1
1210, 1239, 1265, 1266, 1277, 1278, 1304, 1327, 1328, 1329, 1330, 1331, 1333, 1351, 1352, 1389, 1399, 1425, 1447, 1462, 1492, 1503, 1530, 1537, 2
1210, 1239, 1265, 1266, 1277, 1278, 1304, 1327, 1328, 1329, 1330, 1331, 1333, 1351, 1352, 1389, 1399, 1425, 1447, 1462, 1492, 1503, 1530, 1537, 3
1210, 1239, 1265, 1276, 1301, 1324, 1344, 1363, 1379, 1409, 1414, 1413, 1438, 1452, 1482, 1494, 1517, 1550, 1551, 1552, 8, 7, 6, 5, 4
1210, 1239, 1265, 1276, 1301, 1324, 1344, 1363, 1379, 1409, 1414, 1413, 1438, 1452, 1482, 1494, 1517, 1550, 1551, 1552, 8, 7, 6, 5
1210, 1239, 1265, 1276, 1301, 1324, 1344, 1363, 1379, 1409, 1414, 1413, 1438, 1452, 1482, 1494, 1517, 1550, 1551, 1552, 8, 7, 6
1210, 1239, 1265, 1276, 1301, 1324, 1344, 1363, 1379, 1409, 1414, 1413, 1438, 1452, 1482, 1494, 1517, 1550, 1551, 1552, 8, 7
1210, 1239, 1265, 1276, 1301, 1324, 1344, 1363, 1379, 1409, 1414, 1413, 1438, 1452, 1482, 1494, 1517, 1550, 1551, 1552, 8
1210, 1239, 1265, 1276, 1301, 1324, 1344, 1363, 1379, 1409, 1414, 1413, 1438, 1452, 1482, 1494, 1517, 1550, 1551, 1552, 9
1210, 1239, 1265, 1276, 1301, 1324, 1344, 1363, 1379, 1409, 1414, 1413, 1438, 1452, 1482, 1494, 1517, 1550, 11, 10
1210, 1239, 1265, 1276, 1301, 1324, 1344, 1363, 1379, 1409, 1414, 1413, 1438, 1452, 1482, 1494, 1517, 1550, 11
1210, 1239, 1265, 1276, 1301, 1324, 1344, 1363, 1379, 1409, 1414, 1437, 1472, 1481, 1513, 1519, 1547, 1548, 12
1210, 1239, 1265, 1276, 1301, 1324, 1344, 1363, 1379, 1409, 1414, 1437, 1472, 1481, 1513, 1519, 1546, 13
1210, 1239, 1265, 1276, 1301, 1324, 1344, 1363, 1379, 1410, 1415, 1435, 1471, 1480, 1512, 1520, 1545, 14
1210, 1239, 1265, 1276, 1301, 1324, 1344, 1363, 1379, 1410, 1415, 1435, 1471, 1480, 1512, 1520, 1521, 1544, 15
1210, 1239, 1265, 1276, 1301, 1324, 1344, 1363, 1379, 1410, 1415, 1435, 1471, 1480, 1512, 1520, 1521, 1544, 1543, 16
1210, 1239, 1265, 1276, 1301, 1324, 1344, 1363, 1379, 1410, 1415, 1435, 1471, 1480, 1512, 1511, 1522, 1523, 1524, 1542, 17
1210, 1239, 1265, 1276, 1301, 1324, 1344, 1363, 1379, 1410, 1415, 1435, 1471, 1480, 1512, 1511, 1510, 1509, 1508, 1526, 1541, 18
1210, 1239, 1265, 1276, 1301, 1324, 1344, 1363, 1379, 1410, 1415, 1435, 1471, 1480, 1512, 1511, 1510, 1509, 1508, 1526, 1541, 19
1210, 1239, 1265, 1276, 1301, 1324, 1344, 1363, 1379, 1410, 1415, 1435, 1471, 1470, 1469, 1468, 1467, 1466, 1474, 1507, 1527, 1540, 20
1210, 1211, 1212, 1236, 1263, 1274, 1298, 1322, 1342, 1361, 1376, 1390, 1391, 1392, 1393, 1421, 1422, 1450, 1464, 1473, 1506, 1528, 1539, 21
1210, 1239, 1265, 1276, 1301, 1324, 1344, 1363, 1379, 1409, 1414, 1413, 1438, 1452, 1482, 1494, 1517, 1550, 1551, 1552, 8, 44, 45, 22
1210, 1239, 1265, 1276, 1301, 1324, 1344, 1363, 1379, 1409, 1414, 1413, 1438, 1452, 1482, 1494, 1517, 1550, 1551, 1552, 8, 44, 66, 67, 23
1210, 1239, 1265, 1276, 1301, 1324, 1344, 1363, 1379, 1409, 1414, 1413, 1438, 1452, 1482, 1494, 1517, 1550, 1551, 1552, 8, 44, 66, 67, 23, 24
1210, 1239, 1265, 1276, 1301, 1324, 1344, 1363, 1379, 1409, 1414, 1413, 1438, 1452, 1482, 1494, 1517, 1550, 1551, 1552, 8, 44, 66, 67, 46, 47, 48, 25
1210, 1239, 1265, 1266, 1277, 1278, 1304, 1327, 1328, 1329, 1330, 1331, 1333, 1351, 1352, 1389, 1399, 1425, 1447, 1462, 1492, 1503, 1530, 1537, 2, 26
1210, 1211, 1212, 1236, 1263, 1274, 1298, 1322, 1342, 1361, 1376, 1390, 1391, 1392, 1393, 1421, 1422, 1450, 1464, 1473, 1506, 1528, 1539, 21, 27
1210, 1239, 1265, 1276, 1301, 1324, 1344, 1363, 1379, 1410, 1415, 1435, 1471, 1470, 1469, 1468, 1467, 1466, 1474, 1507, 1527, 1540, 20, 29, 28
1210, 1239, 1265, 1276, 1301, 1324, 1344, 1363, 1379, 1410, 1415, 1435, 1471, 1470, 1469, 1468, 1467, 1466, 1474, 1507, 1527, 1540, 20, 29
1210, 1239, 1265, 1276, 1301, 1324, 1344, 1363, 1379, 1410, 1415, 1435, 1471, 1480, 1512, 1511, 1510, 1509, 1508, 1526, 1541, 19, 30
1210, 1239, 1265, 1276, 1301, 1324, 1344, 1363, 1379, 1410, 1415, 1435, 1471, 1480, 1512, 1511, 1522, 1523, 1524, 1542, 17, 31
1210, 1239, 1265, 1276, 1301, 1324, 1344, 1363, 1379, 1410, 1415, 1435, 1471, 1480, 1512, 1520, 1521, 1544, 1543, 16, 32
1210, 1239, 1265, 1276, 1301, 1324, 1344, 1363, 1379, 1410, 1415, 1435, 1471, 1480, 1512, 1520, 1521, 1544, 15, 33
1210, 1239, 1265, 1276, 1301, 1324, 1344, 1363, 1379, 1410, 1415, 1435, 1471, 1480, 1512, 1520, 1545, 14, 35, 34
1210, 1239, 1265, 1276, 1301, 1324, 1344, 1363, 1379, 1410, 1415, 1435, 1471, 1480, 1512, 1520, 1545, 14, 35
1210, 1239, 1265, 1276, 1301, 1324, 1344, 1363, 1379, 1409, 1414, 1437, 1472, 1481, 1513, 1519, 1546, 13, 36
1210, 1239, 1265, 1276, 1301, 1324, 1344, 1363, 1379, 1409, 1414, 1437, 1472, 1481, 1513, 1519, 1547, 1548, 12, 37
1210, 1239, 1265, 1276, 1301, 1324, 1344, 1363, 1379, 1409, 1414, 1437, 1472, 1481, 1513, 1519, 1547, 1548, 12, 38
1210, 1239, 1265, 1276, 1301, 1324, 1344, 1363, 1379, 1409, 1414, 1413, 1438, 1452, 1482, 1494, 1517, 1550, 11, 39
1210, 1239, 1265, 1276, 1301, 1324, 1344, 1363, 1379, 1409, 1414, 1413, 1438, 1452, 1482, 1494, 1517, 1550, 11, 40
1210, 1239, 1265, 1276, 1301, 1324, 1344, 1363, 1379, 1409, 1414, 1413, 1438, 1452, 1482, 1494, 1517, 1550, 11, 10, 41
1210, 1239, 1265, 1276, 1301, 1324, 1344, 1363, 1379, 1409, 1414, 1413, 1438, 1452, 1482, 1494, 1517, 1550, 11, 10, 42
1210, 1239, 1265, 1276, 1301, 1324, 1344, 1363, 1379, 1409, 1414, 1413, 1438, 1452, 1482, 1494, 1517, 1550, 11, 10, 42, 43
1210, 1239, 1265, 1276, 1301, 1324, 1344, 1363, 1379, 1409, 1414, 1413, 1438, 1452, 1482, 1494, 1517, 1550, 1551, 1552, 8, 44
1210, 1239, 1265, 1276, 1301, 1324, 1344, 1363, 1379, 1409, 1414, 1413, 1438, 1452, 1482, 1494, 1517, 1550, 1551, 1552, 8, 44, 45
1210, 1239, 1265, 1276, 1301, 1324, 1344, 1363, 1379, 1409, 1414, 1413, 1438, 1452, 1482, 1494, 1517, 1550, 1551, 1552, 8, 44, 66, 67, 46
1210, 1239, 1265, 1276, 1301, 1324, 1344, 1363, 1379, 1409, 1414, 1413, 1438, 1452, 1482, 1494, 1517, 1550, 1551, 1552, 8, 44, 66, 67, 46, 47
1210, 1239, 1265, 1276, 1301, 1324, 1344, 1363, 1379, 1409, 1414, 1413, 1438, 1452, 1482, 1494, 1517, 1550, 1551, 1552, 8, 44, 66, 67, 46, 47, 48
1210, 1239, 1265, 1276, 1301, 1324, 1344, 1363, 1379, 1409, 1414, 1413, 1438, 1452, 1482, 1494, 1517, 1550, 1551, 1552, 8, 44, 66, 67, 46, 47, 48, 49
1210, 1211, 1212, 1236, 1263, 1274, 1298, 1322, 1342, 1361, 1376, 1390, 1391, 1392, 1393, 1421, 1422, 1450, 1464, 1473, 1506, 1528, 1539, 21, 27, 51, 50
1210, 1211, 1212, 1236, 1263, 1274, 1298, 1322, 1342, 1361, 1376, 1390, 1391, 1392, 1393, 1421, 1422, 1450, 1464, 1473, 1506, 1528, 1539, 21, 27, 51
1210, 1239, 1265, 1276, 1301, 1324, 1344, 1363, 1379, 1410, 1415, 1435, 1471, 1470, 1469, 1468, 1467, 1466, 1474, 1507, 1527, 1540, 20, 29, 52
1210, 1239, 1265, 1276, 1301, 1324, 1344, 1363, 1379, 1410, 1415, 1435, 1471, 1480, 1512, 1511, 1510, 1509, 1508, 1526, 1541, 19, 30, 53
1210, 1239, 1265, 1276, 1301, 1324, 1344, 1363, 1379, 1410, 1415, 1435, 1471, 1480, 1512, 1511, 1522, 1523, 1524, 1542, 17, 31, 54
1210, 1239, 1265, 1276, 1301, 1324, 1344, 1363, 1379, 1410, 1415, 1435, 1471, 1480, 1512, 1520, 1521, 1544, 1543, 16, 32, 55
1210, 1239, 1265, 1276, 1301, 1324, 1344, 1363, 1379, 1410, 1415, 1435, 1471, 1480, 1512, 1520, 1521, 1544, 15, 33, 56
1210, 1239, 1265, 1276, 1301, 1324, 1344, 1363, 1379, 1410, 1415, 1435, 1471, 1480, 1512, 1520, 1545, 14, 35, 57
1210, 1239, 1265, 1276, 1301, 1324, 1344, 1363, 1379, 1409, 1414, 1437, 1472, 1481, 1513, 1519, 1546, 13, 36, 58
1210, 1239, 1265, 1276, 1301, 1324, 1344, 1363, 1379, 1409, 1414, 1437, 1472, 1481, 1513, 1519, 1547, 1548, 12, 37, 59
1210, 1239, 1265, 1276, 1301, 1324, 1344, 1363, 1379, 1409, 1414, 1413, 1438, 1452, 1482, 1494, 1517, 1550, 11, 40, 61, 60
1210, 1239, 1265, 1276, 1301, 1324, 1344, 1363, 1379, 1409, 1414, 1413, 1438, 1452, 1482, 1494, 1517, 1550, 11, 40, 61
1210, 1239, 1265, 1276, 1301, 1324, 1344, 1363, 1379, 1409, 1414, 1413, 1438, 1452, 1482, 1494, 1517, 1550, 11, 10, 41, 62
1210, 1239, 1265, 1276, 1301, 1324, 1344, 1363, 1379, 1409, 1414, 1413, 1438, 1452, 1482, 1494, 1517, 1550, 11, 10, 42, 63
1210, 1239, 1265, 1276, 1301, 1324, 1344, 1363, 1379, 1409, 1414, 1413, 1438, 1452, 1482, 1494, 1517, 1550, 11, 10, 42, 63, 64
1210, 1239, 1265, 1276, 1301, 1324, 1344, 1363, 1379, 1409, 1414, 1413, 1438, 1452, 1482, 1494, 1517, 1550, 11, 10, 42, 63, 64, 65
1210, 1239, 1265, 1276, 1301, 1324, 1344, 1363, 1379, 1409, 1414, 1413, 1438, 1452, 1482, 1494, 1517, 1550, 1551, 1552, 8, 44, 66
1210, 1239, 1265, 1276, 1301, 1324, 1344, 1363, 1379, 1409, 1414, 1413, 1438, 1452, 1482, 1494, 1517, 1550, 1551, 1552, 8, 44, 66, 67
1210, 1239, 1265, 1276, 1301, 1324, 1344, 1363, 1379, 1409, 1414, 1413, 1438, 1452, 1482, 1494, 1517, 1550, 1551, 1552, 8, 44, 66, 68
1210, 1239, 1265, 1276, 1301, 1324, 1344, 1363, 1379, 1409, 1414, 1413, 1438, 1452, 1482, 1494, 1517, 1550, 1551, 1552, 8, 44, 66, 69
1210, 1239, 1265, 1276, 1301, 1324, 1344, 1363, 1379, 1409, 1414, 1413, 1438, 1452, 1482, 1494, 1517, 1550, 11, 10, 42, 63, 72, 71, 70
1210, 1239, 1265, 1276, 1301, 1324, 1344, 1363, 1379, 1409, 1414, 1413, 1438, 1452, 1482, 1494, 1517, 1550, 11, 10, 42, 63, 72, 71
1210, 1239, 1265, 1276, 1301, 1324, 1344, 1363, 1379, 1409, 1414, 1413, 1438, 1452, 1482, 1494, 1517, 1550, 11, 10, 42, 63, 72
1210, 1239, 1265, 1276, 1301, 1324, 1344, 1363, 1379, 1409, 1414, 1413, 1438, 1452, 1482, 1494, 1517, 1550, 11, 10, 41, 62, 73
1210, 1239, 1265, 1276, 1301, 1324, 1344, 1363, 1379, 1409, 1414, 1413, 1438, 1452, 1482, 1494, 1517, 1550, 11, 40, 61, 74
1210, 1239, 1265, 1276, 1301, 1324, 1344, 1363, 1379, 1409, 1414, 1437, 1472, 1481, 1513, 1519, 1547, 1548, 12, 37, 59, 75
1210, 1239, 1265, 1276, 1301, 1324, 1344, 1363, 1379, 1409, 1414, 1437, 1472, 1481, 1513, 1519, 1546, 13, 36, 58, 76
1210, 1239, 1265, 1276, 1301, 1324, 1344, 1363, 1379, 1410, 1415, 1435, 1471, 1480, 1512, 1520, 1545, 14, 35, 57, 77
1210, 1239, 1265, 1276, 1301, 1324, 1344, 1363, 1379, 1410, 1415, 1435, 1471, 1480, 1512, 1520, 1521, 1544, 15, 33, 56, 78
1210, 1239, 1265, 1276, 1301, 1324, 1344, 1363, 1379, 1410, 1415, 1435, 1471, 1480, 1512, 1520, 1521, 1544, 15, 33, 56, 78, 79
1210, 1239, 1265, 1276, 1301, 1324, 1344, 1363, 1379, 1410, 1415, 1435, 1471, 1480, 1512, 1520, 1521, 1544, 15, 33, 56, 78, 79, 80
1210, 1239, 1265, 1276, 1301, 1324, 1344, 1363, 1379, 1410, 1415, 1435, 1471, 1480, 1512, 1511, 1522, 1523, 1524, 1542, 17, 31, 54, 81
1210, 1239, 1265, 1276, 1301, 1324, 1344, 1363, 1379, 1410, 1415, 1435, 1471, 1480, 1512, 1511, 1510, 1509, 1508, 1526, 1541, 19, 30, 53, 82
1210, 1239, 1265, 1276, 1301, 1324, 1344, 1363, 1379, 1410, 1415, 1435, 1471, 1470, 1469, 1468, 1467, 1466, 1474, 1507, 1527, 1540, 20, 29, 52, 83
1210, 1211, 1212, 1236, 1263, 1274, 1298, 1322, 1342, 1361, 1376, 1390, 1391, 1392, 1393, 1421, 1422, 1450, 1464, 1473, 1506, 1528, 1539, 21, 27, 51, 84
1210, 1239, 1265, 1276, 1301, 1324, 1344, 1363, 1379, 1409, 1414, 1413, 1438, 1452, 1482, 1494, 1517, 1550, 1551, 1552, 8, 44, 66, 68, 88, 87, 86, 85
1210, 1239, 1265, 1276, 1301, 1324, 1344, 1363, 1379, 1409, 1414, 1413, 1438, 1452, 1482, 1494, 1517, 1550, 1551, 1552, 8, 44, 66, 68, 88, 87, 86
1210, 1239, 1265, 1276, 1301, 1324, 1344, 1363, 1379, 1409, 1414, 1413, 1438, 1452, 1482, 1494, 1517, 1550, 1551, 1552, 8, 44, 66, 68, 88, 87
1210, 1239, 1265, 1276, 1301, 1324, 1344, 1363, 1379, 1409, 1414, 1413, 1438, 1452, 1482, 1494, 1517, 1550, 1551, 1552, 8, 44, 66, 68, 88
1210, 1239, 1265, 1276, 1301, 1324, 1344, 1363, 1379, 1409, 1414, 1413, 1438, 1452, 1482, 1494, 1517, 1550, 1551, 1552, 8, 44, 66, 68, 91, 90, 89
1210, 1239, 1265, 1276, 1301, 1324, 1344, 1363, 1379, 1409, 1414, 1413, 1438, 1452, 1482, 1494, 1517, 1550, 1551, 1552, 8, 44, 66, 68, 91, 90
1210, 1239, 1265, 1276, 1301, 1324, 1344, 1363, 1379, 1409, 1414, 1413, 1438, 1452, 1482, 1494, 1517, 1550, 1551, 1552, 8, 44, 66, 68, 91
1210, 1239, 1265, 1276, 1301, 1324, 1344, 1363, 1379, 1409, 1414, 1413, 1438, 1452, 1482, 1494, 1517, 1550, 11, 10, 42, 63, 72, 94, 93, 92
1210, 1239, 1265, 1276, 1301, 1324, 1344, 1363, 1379, 1409, 1414, 1413, 1438, 1452, 1482, 1494, 1517, 1550, 11, 10, 42, 63, 72, 94, 93
1210, 1239, 1265, 1276, 1301, 1324, 1344, 1363, 1379, 1409, 1414, 1413, 1438, 1452, 1482, 1494, 1517, 1550, 11, 10, 42, 63, 72, 94
1210, 1239, 1265, 1276, 1301, 1324, 1344, 1363, 1379, 1409, 1414, 1413, 1438, 1452, 1482, 1494, 1517, 1550, 11, 10, 41, 62, 73, 95
1210, 1239, 1265, 1276, 1301, 1324, 1344, 1363, 1379, 1409, 1414, 1413, 1438, 1452, 1482, 1494, 1517, 1550, 11, 40, 61, 74, 96
1210, 1239, 1265, 1276, 1301, 1324, 1344, 1363, 1379, 1409, 1414, 1437, 1472, 1481, 1513, 1519, 1547, 1548, 12, 37, 59, 75, 97
1210, 1239, 1265, 1276, 1301, 1324, 1344, 1363, 1379, 1409, 1414, 1437, 1472, 1481, 1513, 1519, 1547, 1548, 12, 37, 59, 75, 98
1210, 1239, 1265, 1276, 1301, 1324, 1344, 1363, 1379, 1409, 1414, 1437, 1472, 1481, 1513, 1519, 1546, 13, 36, 58, 76, 99
