113, 112, 111, 109, 85, 49, 26, 0
113, 112, 111, 109, 85, 49, 26, 1
113, 89, 86, 48, 25, 3, 2
113, 89, 86, 48, 25, 3
113, 89, 86, 48, 47, 24, 4
113, 89, 90, 87, 46, 67, 23, 5
113, 114, 115, 91, 68, 66, 45, 6
113, 114, 115, 91, 68, 66, 44, 7
113, 114, 115, 91, 68, 66, 44, 8
113, 114, 115, 91, 68, 66, 44, 8, 9
113, 114, 115, 116, 117, 118, 94, 72, 63, 42, 10
113, 114, 115, 116, 117, 118, 94, 72, 63, 42, 10, 11
113, 114, 115, 116, 117, 118, 94, 72, 63, 42, 10, 11, 12
113, 114, 115, 116, 117, 118, 94, 72, 63, 42, 10, 11, 12, 13
113, 114, 115, 116, 117, 118, 94, 72, 63, 42, 10, 11, 12, 13, 14
113, 112, 111, 110, 130, 129, 105, 82, 53, 54, 31, 17, 16, 15
113, 112, 111, 110, 130, 129, 105, 82, 53, 54, 31, 17, 16
113, 112, 111, 110, 130, 129, 105, 82, 53, 54, 31, 17
113, 112, 111, 110, 130, 129, 105, 82, 53, 30, 18
113, 112, 111, 110, 130, 129, 105, 82, 53, 30, 19
113, 112, 111, 110, 107, 84, 51, 28, 29, 20
113, 112, 111, 110, 107, 84, 51, 27, 21
113, 89, 90, 87, 46, 67, 22
113, 89, 90, 87, 46, 67, 23
113, 89, 86, 48, 47, 24
113, 89, 86, 48, 25
113, 112, 111, 109, 85, 49, 26
113, 112, 111, 110, 107, 84, 51, 27
113, 112, 111, 110, 107, 84, 51, 28
113, 112, 111, 110, 107, 84, 51, 28, 29
113, 112, 111, 110, 130, 129, 105, 82, 53, 30
113, 112, 111, 110, 130, 129, 105, 82, 53, 54, 31
113, 112, 111, 110, 130, 129, 105, 82, 53, 54, 55, 32
113, 112, 111, 110, 130, 129, 105, 82, 53, 54, 55, 32, 33
113, 112, 111, 110, 130, 129, 105, 82, 53, 54, 55, 32, 33, 34
113, 112, 111, 110, 130, 129, 105, 82, 53, 54, 55, 32, 33, 34, 35
113, 114, 115, 116, 117, 118, 94, 72, 63, 42, 41, 40, 39, 38, 37, 36
113, 114, 115, 116, 117, 118, 94, 72, 63, 42, 41, 40, 39, 38, 37
113, 114, 115, 116, 117, 118, 94, 72, 63, 42, 41, 40, 39, 38
113, 114, 115, 116, 117, 118, 94, 72, 63, 42, 41, 40, 39
113, 114, 115, 116, 117, 118, 94, 72, 63, 42, 41, 40
113, 114, 115, 116, 117, 118, 94, 72, 63, 42, 41
113, 114, 115, 116, 117, 118, 94, 72, 63, 42
113, 114, 115, 91, 68, 66, 44, 43
113, 114, 115, 91, 68, 66, 44
113, 114, 115, 91, 68, 66, 45
113, 89, 90, 87, 46
113, 89, 86, 48, 47
113, 89, 86, 48
113, 112, 111, 109, 85, 49
113, 112, 111, 109, 85, 49, 50
113, 112, 111, 110, 107, 84, 51
113, 112, 111, 110, 107, 84, 83, 52
113, 112, 111, 110, 130, 129, 105, 82, 53
113, 112, 111, 110, 130, 129, 105, 82, 53, 54
113, 112, 111, 110, 130, 129, 105, 82, 53, 54, 55
113, 112, 111, 110, 130, 129, 105, 82, 53, 54, 55, 56
113, 112, 111, 110, 130, 129, 105, 82, 53, 54, 55, 56, 57
113, 114, 115, 116, 117, 118, 94, 72, 63, 62, 61, 60, 59, 58
113, 114, 115, 116, 117, 118, 94, 72, 63, 62, 61, 60, 59
113, 114, 115, 116, 117, 118, 94, 72, 63, 62, 61, 60
113, 114, 115, 116, 117, 118, 94, 72, 63, 62, 61
113, 114, 115, 116, 117, 118, 94, 72, 63, 62
113, 114, 115, 116, 117, 118, 94, 72, 63
113, 114, 115, 91, 68, 66, 65, 64
113, 114, 115, 91, 68, 66, 65
113, 114, 115, 91, 68, 66
113, 89, 90, 87, 46, 67
113, 114, 115, 91, 68
113, 114, 115, 91, 68, 69
113, 114, 115, 91, 68, 69, 70
113, 114, 115, 91, 68, 69, 70, 71
113, 114, 115, 116, 117, 118, 94, 72
113, 114, 115, 116, 117, 118, 94, 95, 73
113, 114, 115, 116, 117, 118, 94, 95, 73, 74
113, 114, 115, 116, 117, 118, 94, 95, 96, 97, 75
113, 114, 115, 116, 117, 118, 94, 95, 96, 97, 75, 76
113, 112, 111, 110, 130, 129, 105, 82, 81, 80, 79, 78, 77
113, 112, 111, 110, 130, 129, 105, 82, 81, 80, 79, 78
113, 112, 111, 110, 130, 129, 105, 82, 81, 80, 79
113, 112, 111, 110, 130, 129, 105, 82, 81, 80
113, 112, 111, 110, 130, 129, 105, 82, 81
113, 112, 111, 110, 130, 129, 105, 82
113, 112, 111, 110, 107, 84, 83
113, 112, 111, 110, 107, 84
113, 112, 111, 109, 85
113, 89, 86
113, 89, 90, 87
113, 89, 90, 87, 88
113, 89, 90
113, 114, 115, 91
113, 114, 115, 116, 92
113, 114, 115, 116, 92, 93
113, 114, 115, 116, 117, 118, 94
113, 114, 115, 116, 117, 118, 94, 95
113, 114, 115, 116, 117, 118, 94, 95, 96
113, 114, 115, 116, 117, 118, 94, 95, 96, 97
113, 114, 115, 116, 117, 118, 94, 95, 96, 97, 98
113, 114, 115, 116, 117, 118, 94, 95, 96, 97, 98, 99
