1310, 1313, 1334, 1352, 1389, 1399, 1425, 1447, 1462, 1492, 1493, 1504, 1529, 1538, 0
1310, 1313, 1334, 1352, 1389, 1399, 1425, 1447, 1462, 1492, 1503, 1530, 1537, 2, 1
1310, 1313, 1334, 1352, 1389, 1399, 1425, 1447, 1462, 1492, 1503, 1530, 1537, 2
1310, 1313, 1334, 1352, 1389, 1399, 1425, 1447, 1462, 1492, 1503, 1530, 1537, 3
1310, 1313, 1334, 1352, 1389, 1399, 1425, 1446, 1461, 1490, 1502, 1531, 1536, 4
1310, 1313, 1334, 1352, 1388, 1400, 1426, 1444, 1460, 1488, 1501, 1532, 1535, 5
1310, 1313, 1334, 1352, 1388, 1400, 1426, 1444, 1460, 1488, 1501, 1532, 1535, 5, 6
1310, 1313, 1334, 1352, 1388, 1400, 1426, 1444, 1460, 1488, 1501, 1532, 1533, 1554, 1553, 7
1310, 1313, 1334, 1352, 1388, 1400, 1426, 1444, 1460, 1488, 1501, 1532, 1533, 1554, 1553, 7, 8
1310, 1313, 1334, 1352, 1388, 1400, 1426, 1444, 1443, 1458, 1457, 1456, 1485, 1498, 1514, 1552, 9
1310, 1313, 1334, 1352, 1388, 1400, 1426, 1427, 1428, 1429, 1441, 1440, 1454, 1484, 1497, 1515, 1551, 10
1310, 1313, 1334, 1352, 1388, 1400, 1426, 1427, 1428, 1429, 1430, 1411, 1412, 1439, 1453, 1483, 1496, 1516, 1550, 11
1310, 1313, 1334, 1352, 1388, 1387, 1386, 1385, 1384, 1383, 1382, 1381, 1407, 1413, 1438, 1452, 1482, 1495, 1518, 1549, 12
1310, 1313, 1334, 1352, 1388, 1387, 1386, 1385, 1384, 1383, 1382, 1381, 1407, 1413, 1438, 1452, 1482, 1495, 1518, 1548, 1547, 13
1310, 1313, 1334, 1352, 1389, 1399, 1425, 1447, 1462, 1492, 1493, 1505, 1528, 1539, 1540, 20, 19, 18, 17, 16, 15, 14
1310, 1313, 1334, 1352, 1389, 1399, 1425, 1447, 1462, 1492, 1493, 1505, 1528, 1539, 1540, 20, 19, 18, 17, 16, 15
1310, 1313, 1334, 1352, 1389, 1399, 1425, 1447, 1462, 1492, 1493, 1505, 1528, 1539, 1540, 20, 19, 18, 17, 16
1310, 1313, 1334, 1352, 1389, 1399, 1425, 1447, 1462, 1492, 1493, 1505, 1528, 1539, 1540, 20, 19, 18, 17
1310, 1313, 1334, 1352, 1389, 1399, 1425, 1447, 1462, 1492, 1493, 1505, 1528, 1539, 1540, 20, 19, 18
1310, 1313, 1334, 1352, 1389, 1399, 1425, 1447, 1462, 1492, 1493, 1505, 1528, 1539, 1540, 20, 19
1310, 1313, 1334, 1352, 1389, 1399, 1425, 1447, 1462, 1492, 1493, 1505, 1528, 1539, 1540, 20
1310, 1313, 1334, 1352, 1389, 1399, 1425, 1447, 1462, 1492, 1493, 1505, 1528, 1539, 21
1310, 1313, 1334, 1352, 1388, 1400, 1426, 1444, 1460, 1488, 1501, 1532, 1535, 5, 22
1310, 1313, 1334, 1352, 1388, 1400, 1426, 1444, 1460, 1488, 1501, 1532, 1535, 5, 23
1310, 1313, 1334, 1352, 1389, 1399, 1425, 1446, 1461, 1490, 1502, 1531, 1536, 4, 24
1310, 1313, 1334, 1352, 1389, 1399, 1425, 1447, 1462, 1492, 1503, 1530, 1537, 3, 25
1310, 1313, 1334, 1352, 1389, 1399, 1425, 1447, 1462, 1492, 1503, 1530, 1537, 2, 26
1310, 1313, 1334, 1352, 1389, 1399, 1425, 1447, 1462, 1492, 1493, 1505, 1528, 1539, 21, 27
1310, 1313, 1334, 1352, 1389, 1399, 1425, 1447, 1462, 1492, 1493, 1505, 1528, 1539, 21, 28
1310, 1313, 1334, 1352, 1389, 1399, 1425, 1447, 1462, 1492, 1493, 1505, 1528, 1539, 21, 28, 29
1310, 1313, 1334, 1352, 1389, 1399, 1425, 1447, 1462, 1492, 1493, 1505, 1528, 1539, 1540, 20, 19, 30
1310, 1313, 1334, 1352, 1389, 1399, 1425, 1447, 1462, 1492, 1493, 1505, 1528, 1539, 1540, 20, 19, 30, 31
1310, 1313, 1334, 1352, 1389, 1399, 1425, 1447, 1462, 1492, 1493, 1505, 1528, 1539, 1540, 20, 19, 18, 17, 16, 32
1310, 1313, 1334, 1352, 1389, 1399, 1425, 1447, 1462, 1492, 1493, 1505, 1528, 1539, 1540, 20, 19, 18, 17, 16, 32, 33
1310, 1313, 1334, 1352, 1389, 1399, 1425, 1447, 1462, 1492, 1493, 1505, 1528, 1539, 1540, 20, 19, 18, 17, 16, 15, 34
1310, 1313, 1334, 1352, 1389, 1399, 1425, 1447, 1462, 1492, 1493, 1505, 1528, 1539, 1540, 20, 19, 18, 17, 16, 15, 34, 35
1310, 1313, 1334, 1352, 1388, 1387, 1386, 1385, 1384, 1383, 1382, 1381, 1407, 1413, 1438, 1452, 1482, 1495, 1518, 1549, 12, 37, 36
1310, 1313, 1334, 1352, 1388, 1387, 1386, 1385, 1384, 1383, 1382, 1381, 1407, 1413, 1438, 1452, 1482, 1495, 1518, 1549, 12, 37
1310, 1313, 1334, 1352, 1388, 1400, 1426, 1427, 1428, 1429, 1430, 1411, 1412, 1439, 1453, 1483, 1496, 1516, 1550, 11, 39, 38
1310, 1313, 1334, 1352, 1388, 1400, 1426, 1427, 1428, 1429, 1430, 1411, 1412, 1439, 1453, 1483, 1496, 1516, 1550, 11, 39
1310, 1313, 1334, 1352, 1388, 1400, 1426, 1427, 1428, 1429, 1430, 1411, 1412, 1439, 1453, 1483, 1496, 1516, 1550, 11, 40
1310, 1313, 1334, 1352, 1388, 1400, 1426, 1427, 1428, 1429, 1441, 1440, 1454, 1484, 1497, 1515, 1551, 10, 41
1310, 1313, 1334, 1352, 1388, 1400, 1426, 1444, 1443, 1458, 1457, 1456, 1485, 1498, 1514, 1552, 9, 43, 42
1310, 1313, 1334, 1352, 1388, 1400, 1426, 1444, 1443, 1458, 1457, 1456, 1485, 1498, 1514, 1552, 9, 43
1310, 1313, 1334, 1352, 1388, 1400, 1426, 1444, 1460, 1488, 1501, 1532, 1533, 1554, 1553, 7, 44
1310, 1313, 1334, 1352, 1388, 1400, 1426, 1444, 1460, 1488, 1501, 1532, 1535, 5, 6, 45
1310, 1313, 1334, 1352, 1389, 1399, 1425, 1446, 1461, 1490, 1502, 1531, 1536, 4, 24, 46
1310, 1313, 1334, 1352, 1389, 1399, 1425, 1446, 1461, 1490, 1502, 1531, 1536, 4, 24, 47
1310, 1313, 1334, 1352, 1389, 1399, 1425, 1447, 1462, 1492, 1503, 1530, 1537, 3, 25, 48
1310, 1313, 1334, 1352, 1389, 1399, 1425, 1447, 1462, 1492, 1503, 1530, 1537, 2, 26, 49
1310, 1313, 1334, 1352, 1389, 1399, 1425, 1447, 1462, 1492, 1503, 1530, 1537, 2, 26, 50
1310, 1313, 1334, 1352, 1389, 1399, 1425, 1447, 1462, 1492, 1493, 1505, 1528, 1539, 21, 27, 51
1310, 1313, 1334, 1352, 1389, 1399, 1425, 1447, 1462, 1492, 1493, 1505, 1528, 1539, 21, 28, 29, 52
1310, 1313, 1334, 1352, 1389, 1399, 1425, 1447, 1462, 1492, 1493, 1505, 1528, 1539, 1540, 20, 19, 30, 53
1310, 1313, 1334, 1352, 1389, 1399, 1425, 1447, 1462, 1492, 1493, 1505, 1528, 1539, 1540, 20, 19, 30, 53, 54
1310, 1313, 1334, 1352, 1389, 1399, 1425, 1447, 1462, 1492, 1493, 1505, 1528, 1539, 1540, 20, 19, 30, 53, 54, 55
1310, 1313, 1334, 1352, 1389, 1399, 1425, 1447, 1462, 1492, 1493, 1505, 1528, 1539, 1540, 20, 19, 30, 53, 54, 55, 56
1310, 1313, 1334, 1352, 1389, 1399, 1425, 1447, 1462, 1492, 1493, 1505, 1528, 1539, 1540, 20, 19, 30, 53, 54, 55, 56, 57
1310, 1313, 1334, 1352, 1389, 1399, 1425, 1447, 1462, 1492, 1493, 1505, 1528, 1539, 1540, 20, 19, 30, 53, 54, 55, 56, 57, 58
1310, 1313, 1334, 1352, 1388, 1387, 1386, 1385, 1384, 1383, 1382, 1381, 1407, 1413, 1438, 1452, 1482, 1495, 1518, 1549, 12, 37, 59
1310, 1313, 1334, 1352, 1388, 1400, 1426, 1427, 1428, 1429, 1430, 1411, 1412, 1439, 1453, 1483, 1496, 1516, 1550, 11, 40, 61, 60
1310, 1313, 1334, 1352, 1388, 1400, 1426, 1427, 1428, 1429, 1430, 1411, 1412, 1439, 1453, 1483, 1496, 1516, 1550, 11, 40, 61
1310, 1313, 1334, 1352, 1388, 1400, 1426, 1427, 1428, 1429, 1441, 1440, 1454, 1484, 1497, 1515, 1551, 10, 41, 62
1310, 1313, 1334, 1352, 1388, 1400, 1426, 1444, 1443, 1458, 1457, 1456, 1485, 1498, 1514, 1552, 9, 43, 64, 63
1310, 1313, 1334, 1352, 1388, 1400, 1426, 1444, 1443, 1458, 1457, 1456, 1485, 1498, 1514, 1552, 9, 43, 64
1310, 1313, 1334, 1352, 1388, 1400, 1426, 1444, 1460, 1488, 1501, 1532, 1533, 1554, 1553, 7, 44, 65
1310, 1313, 1334, 1352, 1388, 1400, 1426, 1444, 1460, 1488, 1501, 1532, 1535, 5, 6, 45, 66
1310, 1313, 1334, 1352, 1388, 1400, 1426, 1444, 1460, 1488, 1501, 1532, 1535, 5, 23, 67
1310, 1313, 1334, 1352, 1388, 1400, 1426, 1444, 1460, 1488, 1501, 1532, 1535, 5, 23, 67, 88, 68
1310, 1313, 1334, 1352, 1388, 1400, 1426, 1444, 1460, 1488, 1501, 1532, 1535, 5, 23, 67, 88, 68, 69
1310, 1313, 1334, 1352, 1388, 1400, 1426, 1444, 1460, 1488, 1501, 1532, 1533, 1554, 1553, 7, 44, 65, 70
1310, 1313, 1334, 1352, 1388, 1400, 1426, 1444, 1460, 1488, 1501, 1532, 1533, 1554, 1553, 7, 44, 65, 71
1310, 1313, 1334, 1352, 1388, 1400, 1426, 1444, 1443, 1458, 1457, 1456, 1485, 1498, 1514, 1552, 9, 43, 64, 72
1310, 1313, 1334, 1352, 1388, 1400, 1426, 1427, 1428, 1429, 1441, 1440, 1454, 1484, 1497, 1515, 1551, 10, 41, 62, 73
1310, 1313, 1334, 1352, 1388, 1400, 1426, 1427, 1428, 1429, 1430, 1411, 1412, 1439, 1453, 1483, 1496, 1516, 1550, 11, 40, 61, 74
1310, 1313, 1334, 1352, 1388, 1387, 1386, 1385, 1384, 1383, 1382, 1381, 1407, 1413, 1438, 1452, 1482, 1495, 1518, 1549, 12, 37, 59, 75
1310, 1313, 1334, 1352, 1389, 1399, 1425, 1447, 1462, 1492, 1493, 1505, 1528, 1539, 1540, 20, 19, 30, 53, 54, 55, 79, 78, 77, 76
1310, 1313, 1334, 1352, 1389, 1399, 1425, 1447, 1462, 1492, 1493, 1505, 1528, 1539, 1540, 20, 19, 30, 53, 54, 55, 79, 78, 77
1310, 1313, 1334, 1352, 1389, 1399, 1425, 1447, 1462, 1492, 1493, 1505, 1528, 1539, 1540, 20, 19, 30, 53, 54, 55, 79, 78
1310, 1313, 1334, 1352, 1389, 1399, 1425, 1447, 1462, 1492, 1493, 1505, 1528, 1539, 1540, 20, 19, 30, 53, 54, 55, 79
1310, 1313, 1334, 1352, 1389, 1399, 1425, 1447, 1462, 1492, 1493, 1505, 1528, 1539, 1540, 20, 19, 30, 53, 54, 55, 80
1310, 1313, 1334, 1352, 1389, 1399, 1425, 1447, 1462, 1492, 1493, 1505, 1528, 1539, 1540, 20, 19, 30, 53, 82, 81
1310, 1313, 1334, 1352, 1389, 1399, 1425, 1447, 1462, 1492, 1493, 1505, 1528, 1539, 1540, 20, 19, 30, 53, 82
1310, 1313, 1334, 1352, 1389, 1399, 1425, 1447, 1462, 1492, 1493, 1505, 1528, 1539, 21, 28, 29, 52, 83
1310, 1313, 1334, 1352, 1389, 1399, 1425, 1447, 1462, 1492, 1503, 1530, 1537, 2, 26, 50, 84
1310, 1313, 1334, 1352, 1389, 1399, 1425, 1447, 1462, 1492, 1503, 1530, 1537, 2, 26, 49, 85
1310, 1313, 1334, 1352, 1389, 1399, 1425, 1447, 1462, 1492, 1503, 1530, 1537, 3, 25, 48, 86
1310, 1313, 1334, 1352, 1389, 1399, 1425, 1446, 1461, 1490, 1502, 1531, 1536, 4, 24, 47, 87
1310, 1313, 1334, 1352, 1388, 1400, 1426, 1444, 1460, 1488, 1501, 1532, 1535, 5, 23, 67, 88
1310, 1313, 1334, 1352, 1389, 1399, 1425, 1447, 1462, 1492, 1503, 1530, 1537, 3, 25, 48, 86, 89
1310, 1313, 1334, 1352, 1389, 1399, 1425, 1446, 1461, 1490, 1502, 1531, 1536, 4, 24, 47, 87, 90
1310, 1313, 1334, 1352, 1388, 1400, 1426, 1444, 1460, 1488, 1501, 1532, 1535, 5, 23, 67, 88, 91
1310, 1313, 1334, 1352, 1388, 1400, 1426, 1444, 1460, 1488, 1501, 1532, 1535, 5, 23, 67, 88, 68, 69, 92
1310, 1313, 1334, 1352, 1388, 1400, 1426, 1444, 1460, 1488, 1501, 1532, 1533, 1554, 1553, 7, 44, 65, 71, 93
1310, 1313, 1334, 1352, 1388, 1400, 1426, 1444, 1443, 1458, 1457, 1456, 1485, 1498, 1514, 1552, 9, 43, 64, 72, 94
1310, 1313, 1334, 1352, 1388, 1400, 1426, 1427, 1428, 1429, 1441, 1440, 1454, 1484, 1497, 1515, 1551, 10, 41, 62, 73, 95
1310, 1313, 1334, 1352, 1388, 1400, 1426, 1427, 1428, 1429, 1430, 1411, 1412, 1439, 1453, 1483, 1496, 1516, 1550, 11, 40, 61, 74, 96
1310, 1313, 1334, 1352, 1388, 1400, 1426, 1427, 1428, 1429, 1430, 1411, 1412, 1439, 1453, 1483, 1496, 1516, 1550, 11, 40, 61, 74, 96, 97
1310, 1313, 1334, 1352, 1388, 1400, 1426, 1427, 1428, 1429, 1430, 1411, 1412, 1439, 1453, 1483, 1496, 1516, 1550, 11, 40, 61, 74, 96, 97, 98
1310, 1313, 1334, 1352, 1389, 1399, 1425, 1447, 1462, 1492, 1493, 1505, 1528, 1539, 1540, 20, 19, 30, 53, 54, 55, 79, 78, 77, 76, 99
