1244, 1250, 1251, 1252, 1282, 1308, 1331, 1333, 1351, 1352, 1389, 1399, 1425, 1447, 1462, 1492, 1493, 1504, 1529, 1538, 0
1244, 1250, 1251, 1252, 1282, 1308, 1331, 1333, 1351, 1352, 1389, 1399, 1425, 1447, 1462, 1492, 1503, 1530, 1537, 2, 1
1244, 1250, 1251, 1252, 1282, 1308, 1331, 1333, 1351, 1352, 1389, 1399, 1425, 1447, 1462, 1492, 1503, 1530, 1537, 2
1244, 1250, 1251, 1252, 1282, 1308, 1331, 1333, 1351, 1352, 1389, 1399, 1425, 1447, 1462, 1492, 1503, 1530, 1537, 3
1244, 1250, 1251, 1252, 1282, 1308, 1331, 1333, 1351, 1386, 1401, 1427, 1426, 1444, 1460, 1488, 1501, 1531, 1536, 4
1244, 1250, 1251, 1252, 1282, 1308, 1331, 1333, 1351, 1386, 1401, 1427, 1426, 1444, 1460, 1488, 1501, 1532, 1535, 5
1244, 1250, 1251, 1252, 1282, 1308, 1331, 1332, 1350, 1385, 1403, 1428, 1442, 1457, 1487, 1500, 1533, 1554, 6
1244, 1250, 1280, 1306, 1328, 1348, 1368, 1383, 1405, 1411, 1440, 1455, 1485, 1498, 1514, 1552, 8, 7
1244, 1250, 1280, 1306, 1328, 1348, 1368, 1383, 1405, 1411, 1440, 1455, 1485, 1498, 1514, 1552, 8
1244, 1250, 1280, 1306, 1328, 1348, 1368, 1383, 1405, 1411, 1440, 1455, 1485, 1498, 1514, 1552, 9
1244, 1250, 1280, 1306, 1328, 1348, 1368, 1383, 1405, 1411, 1440, 1454, 1484, 1497, 1515, 1551, 10
1244, 1250, 1280, 1306, 1328, 1348, 1368, 1367, 1382, 1406, 1412, 1439, 1453, 1483, 1496, 1516, 1550, 11
1244, 1250, 1249, 1248, 1278, 1303, 1326, 1346, 1365, 1381, 1407, 1413, 1438, 1452, 1482, 1495, 1518, 1549, 12
1244, 1250, 1249, 1248, 1278, 1277, 1302, 1325, 1345, 1364, 1380, 1408, 1414, 1437, 1472, 1481, 1513, 1519, 1546, 13
1244, 1250, 1249, 1248, 1278, 1277, 1302, 1325, 1345, 1364, 1380, 1408, 1414, 1437, 1472, 1481, 1513, 1519, 1546, 13, 14
1244, 1250, 1249, 1248, 1278, 1277, 1302, 1325, 1345, 1364, 1380, 1408, 1414, 1437, 1472, 1481, 1513, 1519, 1546, 13, 14, 15
1244, 1250, 1249, 1248, 1278, 1277, 1302, 1325, 1345, 1364, 1380, 1408, 1414, 1437, 1472, 1481, 1513, 1519, 1520, 1521, 1544, 1543, 16
1244, 1250, 1251, 1252, 1282, 1308, 1331, 1333, 1351, 1352, 1389, 1399, 1425, 1447, 1462, 1492, 1493, 1505, 1528, 1539, 1540, 20, 19, 18, 17
1244, 1250, 1251, 1252, 1282, 1308, 1331, 1333, 1351, 1352, 1389, 1399, 1425, 1447, 1462, 1492, 1493, 1505, 1528, 1539, 1540, 20, 19, 18
1244, 1250, 1251, 1252, 1282, 1308, 1331, 1333, 1351, 1352, 1389, 1399, 1425, 1447, 1462, 1492, 1493, 1505, 1528, 1539, 1540, 20, 19
1244, 1250, 1251, 1252, 1282, 1308, 1331, 1333, 1351, 1352, 1389, 1399, 1425, 1447, 1462, 1492, 1493, 1505, 1528, 1539, 1540, 20
1244, 1250, 1251, 1252, 1282, 1308, 1331, 1333, 1351, 1352, 1389, 1399, 1425, 1447, 1462, 1492, 1493, 1505, 1528, 1539, 21
1244, 1250, 1251, 1252, 1282, 1308, 1331, 1333, 1351, 1386, 1401, 1427, 1426, 1444, 1460, 1488, 1501, 1532, 1535, 5, 22
1244, 1250, 1251, 1252, 1282, 1308, 1331, 1333, 1351, 1386, 1401, 1427, 1426, 1444, 1460, 1488, 1501, 1532, 1535, 5, 23
1244, 1250, 1251, 1252, 1282, 1308, 1331, 1333, 1351, 1386, 1401, 1427, 1426, 1444, 1460, 1488, 1501, 1531, 1536, 4, 24
1244, 1250, 1251, 1252, 1282, 1308, 1331, 1333, 1351, 1352, 1389, 1399, 1425, 1447, 1462, 1492, 1503, 1530, 1537, 3, 25
1244, 1250, 1251, 1252, 1282, 1308, 1331, 1333, 1351, 1352, 1389, 1399, 1425, 1447, 1462, 1492, 1503, 1530, 1537, 2, 26
1244, 1250, 1251, 1252, 1282, 1308, 1331, 1333, 1351, 1352, 1389, 1399, 1425, 1447, 1462, 1492, 1493, 1505, 1528, 1539, 21, 27
1244, 1250, 1251, 1252, 1282, 1308, 1331, 1333, 1351, 1352, 1389, 1399, 1425, 1447, 1462, 1492, 1493, 1505, 1528, 1539, 21, 28
1244, 1250, 1251, 1252, 1282, 1308, 1331, 1333, 1351, 1352, 1389, 1399, 1425, 1447, 1462, 1492, 1493, 1505, 1528, 1539, 21, 28, 29
1244, 1250, 1251, 1252, 1282, 1308, 1331, 1333, 1351, 1352, 1389, 1399, 1425, 1447, 1462, 1492, 1493, 1505, 1528, 1539, 1540, 20, 19, 30
1244, 1250, 1251, 1252, 1282, 1308, 1331, 1333, 1351, 1352, 1389, 1399, 1425, 1447, 1462, 1492, 1493, 1505, 1528, 1539, 1540, 20, 19, 30, 31
1244, 1250, 1249, 1248, 1278, 1277, 1302, 1325, 1345, 1364, 1380, 1408, 1414, 1437, 1472, 1481, 1513, 1519, 1546, 13, 36, 35, 34, 33, 32
1244, 1250, 1249, 1248, 1278, 1277, 1302, 1325, 1345, 1364, 1380, 1408, 1414, 1437, 1472, 1481, 1513, 1519, 1546, 13, 36, 35, 34, 33
1244, 1250, 1249, 1248, 1278, 1277, 1302, 1325, 1345, 1364, 1380, 1408, 1414, 1437, 1472, 1481, 1513, 1519, 1546, 13, 36, 35, 34
1244, 1250, 1249, 1248, 1278, 1277, 1302, 1325, 1345, 1364, 1380, 1408, 1414, 1437, 1472, 1481, 1513, 1519, 1546, 13, 36, 35
1244, 1250, 1249, 1248, 1278, 1277, 1302, 1325, 1345, 1364, 1380, 1408, 1414, 1437, 1472, 1481, 1513, 1519, 1546, 13, 36
1244, 1250, 1249, 1248, 1278, 1303, 1326, 1346, 1365, 1381, 1407, 1413, 1438, 1452, 1482, 1495, 1518, 1549, 12, 37
1244, 1250, 1280, 1306, 1328, 1348, 1368, 1367, 1382, 1406, 1412, 1439, 1453, 1483, 1496, 1516, 1550, 11, 39, 38
1244, 1250, 1280, 1306, 1328, 1348, 1368, 1367, 1382, 1406, 1412, 1439, 1453, 1483, 1496, 1516, 1550, 11, 39
1244, 1250, 1280, 1306, 1328, 1348, 1368, 1367, 1382, 1406, 1412, 1439, 1453, 1483, 1496, 1516, 1550, 11, 40
1244, 1250, 1280, 1306, 1328, 1348, 1368, 1383, 1405, 1411, 1440, 1454, 1484, 1497, 1515, 1551, 10, 41
1244, 1250, 1280, 1306, 1328, 1348, 1368, 1383, 1405, 1411, 1440, 1454, 1484, 1497, 1515, 1551, 10, 42
1244, 1250, 1280, 1306, 1328, 1348, 1368, 1383, 1405, 1411, 1440, 1455, 1485, 1498, 1514, 1552, 9, 43
1244, 1250, 1280, 1306, 1328, 1348, 1368, 1383, 1405, 1411, 1440, 1455, 1485, 1498, 1514, 1552, 8, 44
1244, 1250, 1280, 1306, 1328, 1348, 1368, 1383, 1405, 1411, 1440, 1455, 1485, 1498, 1514, 1552, 8, 44, 45
1244, 1250, 1251, 1252, 1282, 1308, 1331, 1333, 1351, 1386, 1401, 1427, 1426, 1444, 1460, 1488, 1501, 1531, 1536, 4, 24, 46
1244, 1250, 1251, 1252, 1282, 1308, 1331, 1333, 1351, 1386, 1401, 1427, 1426, 1444, 1460, 1488, 1501, 1531, 1536, 4, 24, 47
1244, 1250, 1251, 1252, 1282, 1308, 1331, 1333, 1351, 1352, 1389, 1399, 1425, 1447, 1462, 1492, 1503, 1530, 1537, 3, 25, 48
1244, 1250, 1251, 1252, 1282, 1308, 1331, 1333, 1351, 1352, 1389, 1399, 1425, 1447, 1462, 1492, 1503, 1530, 1537, 2, 26, 49
1244, 1250, 1251, 1252, 1282, 1308, 1331, 1333, 1351, 1352, 1389, 1399, 1425, 1447, 1462, 1492, 1503, 1530, 1537, 2, 26, 50
1244, 1250, 1251, 1252, 1282, 1308, 1331, 1333, 1351, 1352, 1389, 1399, 1425, 1447, 1462, 1492, 1493, 1505, 1528, 1539, 21, 27, 51
1244, 1250, 1251, 1252, 1282, 1308, 1331, 1333, 1351, 1352, 1389, 1399, 1425, 1447, 1462, 1492, 1493, 1505, 1528, 1539, 21, 28, 29, 52
1244, 1250, 1251, 1252, 1282, 1308, 1331, 1333, 1351, 1352, 1389, 1399, 1425, 1447, 1462, 1492, 1493, 1505, 1528, 1539, 1540, 20, 19, 30, 53
1244, 1250, 1251, 1252, 1282, 1308, 1331, 1333, 1351, 1352, 1389, 1399, 1425, 1447, 1462, 1492, 1493, 1505, 1528, 1539, 1540, 20, 19, 30, 53, 54
1244, 1250, 1251, 1252, 1282, 1308, 1331, 1333, 1351, 1352, 1389, 1399, 1425, 1447, 1462, 1492, 1493, 1505, 1528, 1539, 1540, 20, 19, 30, 53, 54, 55
1244, 1250, 1249, 1248, 1278, 1277, 1302, 1325, 1345, 1364, 1380, 1408, 1414, 1437, 1472, 1481, 1513, 1519, 1546, 13, 36, 35, 34, 56
1244, 1250, 1249, 1248, 1278, 1303, 1326, 1346, 1365, 1381, 1407, 1413, 1438, 1452, 1482, 1495, 1518, 1549, 12, 37, 59, 58, 57
1244, 1250, 1249, 1248, 1278, 1303, 1326, 1346, 1365, 1381, 1407, 1413, 1438, 1452, 1482, 1495, 1518, 1549, 12, 37, 59, 58
1244, 1250, 1249, 1248, 1278, 1303, 1326, 1346, 1365, 1381, 1407, 1413, 1438, 1452, 1482, 1495, 1518, 1549, 12, 37, 59
1244, 1250, 1280, 1306, 1328, 1348, 1368, 1367, 1382, 1406, 1412, 1439, 1453, 1483, 1496, 1516, 1550, 11, 40, 61, 60
1244, 1250, 1280, 1306, 1328, 1348, 1368, 1367, 1382, 1406, 1412, 1439, 1453, 1483, 1496, 1516, 1550, 11, 40, 61
1244, 1250, 1280, 1306, 1328, 1348, 1368, 1383, 1405, 1411, 1440, 1454, 1484, 1497, 1515, 1551, 10, 41, 62
1244, 1250, 1280, 1306, 1328, 1348, 1368, 1383, 1405, 1411, 1440, 1454, 1484, 1497, 1515, 1551, 10, 42, 63
1244, 1250, 1280, 1306, 1328, 1348, 1368, 1383, 1405, 1411, 1440, 1455, 1485, 1498, 1514, 1552, 9, 43, 64
1244, 1250, 1280, 1306, 1328, 1348, 1368, 1383, 1405, 1411, 1440, 1455, 1485, 1498, 1514, 1552, 8, 44, 65
1244, 1250, 1280, 1306, 1328, 1348, 1368, 1383, 1405, 1411, 1440, 1455, 1485, 1498, 1514, 1552, 8, 44, 66
1244, 1250, 1251, 1252, 1282, 1308, 1331, 1333, 1351, 1386, 1401, 1427, 1426, 1444, 1460, 1488, 1501, 1532, 1535, 5, 23, 67
1244, 1250, 1280, 1306, 1328, 1348, 1368, 1383, 1405, 1411, 1440, 1455, 1485, 1498, 1514, 1552, 8, 44, 66, 68
1244, 1250, 1280, 1306, 1328, 1348, 1368, 1383, 1405, 1411, 1440, 1455, 1485, 1498, 1514, 1552, 8, 44, 66, 69
1244, 1250, 1280, 1306, 1328, 1348, 1368, 1383, 1405, 1411, 1440, 1455, 1485, 1498, 1514, 1552, 8, 44, 65, 70
1244, 1250, 1280, 1306, 1328, 1348, 1368, 1383, 1405, 1411, 1440, 1455, 1485, 1498, 1514, 1552, 8, 44, 65, 71
1244, 1250, 1280, 1306, 1328, 1348, 1368, 1383, 1405, 1411, 1440, 1454, 1484, 1497, 1515, 1551, 10, 42, 63, 72
1244, 1250, 1280, 1306, 1328, 1348, 1368, 1383, 1405, 1411, 1440, 1454, 1484, 1497, 1515, 1551, 10, 41, 62, 73
1244, 1250, 1280, 1306, 1328, 1348, 1368, 1367, 1382, 1406, 1412, 1439, 1453, 1483, 1496, 1516, 1550, 11, 40, 61, 74
1244, 1250, 1249, 1248, 1278, 1303, 1326, 1346, 1365, 1381, 1407, 1413, 1438, 1452, 1482, 1495, 1518, 1549, 12, 37, 59, 75
1244, 1250, 1249, 1248, 1278, 1303, 1326, 1346, 1365, 1381, 1407, 1413, 1438, 1452, 1482, 1495, 1518, 1549, 12, 37, 59, 58, 76
1244, 1250, 1249, 1248, 1278, 1303, 1326, 1346, 1365, 1381, 1407, 1413, 1438, 1452, 1482, 1495, 1518, 1549, 12, 37, 59, 58, 76, 77
1244, 1250, 1249, 1248, 1278, 1303, 1326, 1346, 1365, 1381, 1407, 1413, 1438, 1452, 1482, 1495, 1518, 1549, 12, 37, 59, 58, 76, 77, 78
1244, 1250, 1249, 1248, 1278, 1303, 1326, 1346, 1365, 1381, 1407, 1413, 1438, 1452, 1482, 1495, 1518, 1549, 12, 37, 59, 58, 76, 77, 78, 79
1244, 1250, 1251, 1252, 1282, 1308, 1331, 1333, 1351, 1352, 1389, 1399, 1425, 1447, 1462, 1492, 1493, 1505, 1528, 1539, 1540, 20, 19, 30, 53, 54, 55, 80
1244, 1250, 1251, 1252, 1282, 1308, 1331, 1333, 1351, 1352, 1389, 1399, 1425, 1447, 1462, 1492, 1493, 1505, 1528, 1539, 1540, 20, 19, 30, 53, 82, 81
1244, 1250, 1251, 1252, 1282, 1308, 1331, 1333, 1351, 1352, 1389, 1399, 1425, 1447, 1462, 1492, 1493, 1505, 1528, 1539, 1540, 20, 19, 30, 53, 82
1244, 1250, 1251, 1252, 1282, 1308, 1331, 1333, 1351, 1352, 1389, 1399, 1425, 1447, 1462, 1492, 1493, 1505, 1528, 1539, 21, 28, 29, 52, 83
1244, 1250, 1251, 1252, 1282, 1308, 1331, 1333, 1351, 1352, 1389, 1399, 1425, 1447, 1462, 1492, 1503, 1530, 1537, 2, 26, 50, 84
1244, 1250, 1251, 1252, 1282, 1308, 1331, 1333, 1351, 1352, 1389, 1399, 1425, 1447, 1462, 1492, 1503, 1530, 1537, 2, 26, 49, 85
1244, 1250, 1251, 1252, 1282, 1308, 1331, 1333, 1351, 1352, 1389, 1399, 1425, 1447, 1462, 1492, 1503, 1530, 1537, 3, 25, 48, 86
1244, 1250, 1251, 1252, 1282, 1308, 1331, 1333, 1351, 1386, 1401, 1427, 1426, 1444, 1460, 1488, 1501, 1531, 1536, 4, 24, 47, 87
1244, 1250, 1280, 1306, 1328, 1348, 1368, 1383, 1405, 1411, 1440, 1455, 1485, 1498, 1514, 1552, 8, 44, 66, 68, 88
1244, 1250, 1251, 1252, 1282, 1308, 1331, 1333, 1351, 1352, 1389, 1399, 1425, 1447, 1462, 1492, 1503, 1530, 1537, 3, 25, 48, 86, 89
1244, 1250, 1280, 1306, 1328, 1348, 1368, 1383, 1405, 1411, 1440, 1455, 1485, 1498, 1514, 1552, 8, 44, 66, 68, 91, 90
1244, 1250, 1280, 1306, 1328, 1348, 1368, 1383, 1405, 1411, 1440, 1455, 1485, 1498, 1514, 1552, 8, 44, 66, 68, 91
1244, 1250, 1280, 1306, 1328, 1348, 1368, 1383, 1405, 1411, 1440, 1455, 1485, 1498, 1514, 1552, 8, 44, 66, 69, 92
1244, 1250, 1280, 1306, 1328, 1348, 1368, 1383, 1405, 1411, 1440, 1454, 1484, 1497, 1515, 1551, 10, 42, 63, 72, 94, 93
1244, 1250, 1280, 1306, 1328, 1348, 1368, 1383, 1405, 1411, 1440, 1454, 1484, 1497, 1515, 1551, 10, 42, 63, 72, 94
1244, 1250, 1280, 1306, 1328, 1348, 1368, 1383, 1405, 1411, 1440, 1454, 1484, 1497, 1515, 1551, 10, 41, 62, 73, 95
1244, 1250, 1280, 1306, 1328, 1348, 1368, 1367, 1382, 1406, 1412, 1439, 1453, 1483, 1496, 1516, 1550, 11, 40, 61, 74, 96
1244, 1250, 1249, 1248, 1278, 1303, 1326, 1346, 1365, 1381, 1407, 1413, 1438, 1452, 1482, 1495, 1518, 1549, 12, 37, 59, 75, 97
1244, 1250, 1249, 1248, 1278, 1303, 1326, 1346, 1365, 1381, 1407, 1413, 1438, 1452, 1482, 1495, 1518, 1549, 12, 37, 59, 75, 98
1244, 1250, 1249, 1248, 1278, 1303, 1326, 1346, 1365, 1381, 1407, 1413, 1438, 1452, 1482, 1495, 1518, 1549, 12, 37, 59, 75, 98, 99
