287, 277, 244, 227, 212, 182, 174, 175, 136, 112, 111, 109, 85, 49, 26, 0
287, 277, 244, 227, 212, 182, 174, 175, 136, 112, 111, 109, 85, 49, 26, 1
287, 277, 244, 227, 212, 182, 174, 175, 136, 113, 89, 86, 48, 25, 3, 2
287, 277, 244, 227, 212, 182, 174, 175, 136, 113, 89, 86, 48, 25, 3
287, 277, 244, 227, 212, 182, 173, 135, 114, 90, 87, 47, 24, 4
287, 277, 244, 227, 212, 181, 172, 133, 115, 91, 88, 67, 23, 5
287, 277, 244, 227, 212, 181, 172, 132, 116, 92, 69, 66, 45, 6
287, 277, 244, 227, 212, 181, 172, 132, 116, 92, 69, 66, 44, 7
287, 277, 244, 227, 212, 181, 172, 132, 116, 92, 69, 66, 44, 8
287, 277, 244, 227, 212, 181, 172, 132, 116, 92, 69, 66, 44, 8, 9
287, 277, 243, 264, 226, 210, 179, 171, 170, 154, 117, 118, 94, 72, 63, 42, 10
287, 277, 243, 264, 226, 210, 179, 171, 170, 154, 117, 118, 94, 72, 63, 42, 10, 11
287, 277, 243, 264, 226, 210, 179, 171, 170, 154, 117, 118, 94, 72, 63, 42, 10, 11, 12
287, 277, 243, 264, 226, 210, 179, 171, 170, 154, 117, 118, 94, 72, 63, 42, 10, 11, 12, 13
287, 277, 243, 264, 226, 210, 179, 171, 170, 154, 117, 118, 94, 72, 63, 42, 10, 11, 12, 13, 14
287, 277, 243, 264, 226, 210, 179, 171, 170, 154, 117, 118, 94, 72, 63, 42, 10, 11, 12, 13, 14, 15
287, 277, 244, 227, 228, 229, 230, 231, 232, 218, 189, 157, 158, 141, 128, 105, 82, 53, 54, 31, 17, 16
287, 277, 244, 227, 228, 229, 230, 231, 232, 218, 189, 157, 158, 141, 128, 105, 82, 53, 54, 31, 17
287, 277, 244, 227, 228, 229, 230, 231, 232, 218, 189, 157, 158, 141, 128, 105, 82, 53, 30, 18
287, 277, 244, 227, 228, 229, 230, 231, 232, 218, 189, 157, 158, 141, 128, 105, 82, 53, 30, 19
287, 277, 244, 227, 212, 182, 174, 175, 136, 112, 111, 110, 107, 84, 51, 28, 29, 20
287, 277, 244, 227, 212, 182, 174, 175, 136, 112, 111, 110, 107, 84, 51, 27, 21
287, 277, 244, 227, 212, 181, 172, 133, 115, 91, 88, 67, 22
287, 277, 244, 227, 212, 181, 172, 133, 115, 91, 88, 67, 23
287, 277, 244, 227, 212, 182, 173, 135, 114, 90, 87, 47, 24
287, 277, 244, 227, 212, 182, 174, 175, 136, 113, 89, 86, 48, 25
287, 277, 244, 227, 212, 182, 174, 175, 136, 112, 111, 109, 85, 49, 26
287, 277, 244, 227, 212, 182, 174, 175, 136, 112, 111, 110, 107, 84, 51, 27
287, 277, 244, 227, 212, 182, 174, 175, 136, 112, 111, 110, 107, 84, 51, 28
287, 277, 244, 227, 212, 182, 174, 175, 136, 112, 111, 110, 107, 84, 51, 28, 29
287, 277, 244, 227, 228, 229, 230, 231, 232, 218, 189, 157, 158, 141, 128, 105, 82, 53, 30
287, 277, 244, 227, 228, 229, 230, 231, 232, 218, 189, 157, 158, 141, 128, 105, 82, 53, 54, 31
287, 277, 244, 227, 228, 229, 230, 231, 232, 218, 189, 157, 158, 141, 128, 105, 82, 53, 54, 55, 32
287, 277, 243, 264, 226, 210, 179, 171, 170, 154, 117, 118, 94, 72, 63, 42, 41, 40, 39, 38, 37, 36, 35, 34, 33
287, 277, 243, 264, 226, 210, 179, 171, 170, 154, 117, 118, 94, 72, 63, 42, 41, 40, 39, 38, 37, 36, 35, 34
287, 277, 243, 264, 226, 210, 179, 171, 170, 154, 117, 118, 94, 72, 63, 42, 41, 40, 39, 38, 37, 36, 35
287, 277, 243, 264, 226, 210, 179, 171, 170, 154, 117, 118, 94, 72, 63, 42, 41, 40, 39, 38, 37, 36
287, 277, 243, 264, 226, 210, 179, 171, 170, 154, 117, 118, 94, 72, 63, 42, 41, 40, 39, 38, 37
287, 277, 243, 264, 226, 210, 179, 171, 170, 154, 117, 118, 94, 72, 63, 42, 41, 40, 39, 38
287, 277, 243, 264, 226, 210, 179, 171, 170, 154, 117, 118, 94, 72, 63, 42, 41, 40, 39
287, 277, 243, 264, 226, 210, 179, 171, 170, 154, 117, 118, 94, 72, 63, 42, 41, 40
287, 277, 243, 264, 226, 210, 179, 171, 170, 154, 117, 118, 94, 72, 63, 42, 41
287, 277, 243, 264, 226, 210, 179, 171, 170, 154, 117, 118, 94, 72, 63, 42
287, 277, 243, 264, 226, 210, 179, 171, 170, 154, 117, 118, 94, 72, 64, 43
287, 277, 244, 227, 212, 181, 172, 132, 116, 92, 69, 66, 44
287, 277, 244, 227, 212, 181, 172, 132, 116, 92, 69, 66, 45
287, 277, 244, 227, 212, 182, 173, 135, 114, 90, 87, 46
287, 277, 244, 227, 212, 182, 173, 135, 114, 90, 87, 47
287, 277, 244, 227, 212, 182, 174, 175, 136, 113, 89, 86, 48
287, 277, 244, 227, 212, 182, 174, 175, 136, 112, 111, 109, 85, 49
287, 277, 244, 227, 212, 182, 174, 175, 136, 112, 111, 109, 85, 49, 50
287, 277, 244, 227, 212, 182, 174, 175, 136, 112, 111, 110, 107, 84, 51
287, 277, 244, 227, 212, 182, 174, 175, 136, 112, 111, 110, 107, 84, 83, 52
287, 277, 244, 227, 228, 229, 230, 231, 232, 218, 189, 157, 158, 141, 128, 105, 82, 53
287, 277, 244, 227, 228, 229, 230, 231, 232, 218, 189, 157, 158, 141, 128, 105, 82, 53, 54
287, 277, 244, 227, 228, 229, 230, 231, 232, 218, 189, 157, 158, 141, 128, 105, 82, 53, 54, 55
287, 277, 243, 264, 226, 210, 179, 171, 170, 154, 117, 118, 94, 95, 96, 97, 75, 76, 57, 56
287, 277, 243, 264, 226, 210, 179, 171, 170, 154, 117, 118, 94, 95, 96, 97, 75, 76, 57
287, 277, 243, 264, 226, 210, 179, 171, 170, 154, 117, 118, 94, 72, 63, 62, 61, 60, 59, 58
287, 277, 243, 264, 226, 210, 179, 171, 170, 154, 117, 118, 94, 72, 63, 62, 61, 60, 59
287, 277, 243, 264, 226, 210, 179, 171, 170, 154, 117, 118, 94, 72, 63, 62, 61, 60
287, 277, 243, 264, 226, 210, 179, 171, 170, 154, 117, 118, 94, 72, 63, 62, 61
287, 277, 243, 264, 226, 210, 179, 171, 170, 154, 117, 118, 94, 72, 63, 62
287, 277, 243, 264, 226, 210, 179, 171, 170, 154, 117, 118, 94, 72, 63
287, 277, 243, 264, 226, 210, 179, 171, 170, 154, 117, 118, 94, 72, 64
287, 277, 244, 227, 212, 181, 172, 132, 116, 92, 69, 66, 65
287, 277, 244, 227, 212, 181, 172, 132, 116, 92, 69, 66
287, 277, 244, 227, 212, 181, 172, 133, 115, 91, 88, 67
287, 277, 244, 227, 212, 181, 172, 133, 115, 91, 68
287, 277, 244, 227, 212, 181, 172, 132, 116, 92, 69
287, 277, 244, 227, 212, 181, 172, 132, 116, 92, 69, 70
287, 277, 244, 227, 212, 181, 172, 132, 116, 92, 69, 70, 71
287, 277, 243, 264, 226, 210, 179, 171, 170, 154, 117, 118, 94, 72
287, 277, 243, 264, 226, 210, 179, 171, 170, 154, 117, 118, 94, 95, 73
287, 277, 243, 264, 226, 210, 179, 171, 170, 154, 117, 118, 94, 95, 73, 74
287, 277, 243, 264, 226, 210, 179, 171, 170, 154, 117, 118, 94, 95, 96, 97, 75
287, 277, 243, 264, 226, 210, 179, 171, 170, 154, 117, 118, 94, 95, 96, 97, 75, 76
287, 277, 243, 264, 226, 210, 179, 171, 170, 154, 117, 118, 94, 95, 96, 97, 75, 76, 77
287, 277, 243, 264, 226, 210, 179, 171, 170, 154, 117, 118, 94, 95, 96, 97, 75, 76, 77, 78
287, 277, 244, 227, 228, 229, 230, 231, 232, 218, 189, 157, 158, 141, 128, 105, 82, 81, 80, 79
287, 277, 244, 227, 228, 229, 230, 231, 232, 218, 189, 157, 158, 141, 128, 105, 82, 81, 80
287, 277, 244, 227, 228, 229, 230, 231, 232, 218, 189, 157, 158, 141, 128, 105, 82, 81
287, 277, 244, 227, 228, 229, 230, 231, 232, 218, 189, 157, 158, 141, 128, 105, 82
287, 277, 244, 227, 212, 182, 174, 175, 136, 112, 111, 110, 107, 84, 83
287, 277, 244, 227, 212, 182, 174, 175, 136, 112, 111, 110, 107, 84
287, 277, 244, 227, 212, 182, 174, 175, 136, 112, 111, 109, 85
287, 277, 244, 227, 212, 182, 174, 175, 136, 113, 89, 86
287, 277, 244, 227, 212, 182, 173, 135, 114, 90, 87
287, 277, 244, 227, 212, 181, 172, 133, 115, 91, 88
287, 277, 244, 227, 212, 182, 174, 175, 136, 113, 89
287, 277, 244, 227, 212, 182, 173, 135, 114, 90
287, 277, 244, 227, 212, 181, 172, 133, 115, 91
287, 277, 244, 227, 212, 181, 172, 132, 116, 92
287, 277, 243, 264, 226, 210, 179, 171, 170, 154, 117, 93
287, 277, 243, 264, 226, 210, 179, 171, 170, 154, 117, 118, 94
287, 277, 243, 264, 226, 210, 179, 171, 170, 154, 117, 118, 94, 95
287, 277, 243, 264, 226, 210, 179, 171, 170, 154, 117, 118, 94, 95, 96
287, 277, 243, 264, 226, 210, 179, 171, 170, 154, 117, 118, 94, 95, 96, 97
287, 277, 243, 264, 226, 210, 179, 171, 170, 154, 117, 118, 94, 95, 96, 97, 98
287, 277, 243, 264, 226, 210, 179, 171, 170, 154, 117, 118, 94, 95, 96, 97, 98, 99
