218, 189, 188, 156, 139, 130, 106, 83, 84, 50, 26, 0
218, 189, 188, 156, 139, 130, 106, 83, 84, 50, 26, 1
218, 189, 188, 156, 139, 130, 106, 83, 84, 50, 26, 2
218, 189, 188, 156, 139, 130, 106, 83, 84, 50, 26, 2, 3
218, 189, 188, 156, 139, 130, 106, 83, 84, 50, 26, 2, 3, 4
218, 189, 188, 156, 139, 130, 106, 83, 84, 50, 26, 2, 3, 4, 5
218, 189, 188, 156, 139, 130, 106, 83, 84, 50, 26, 2, 3, 4, 5, 6
218, 217, 216, 215, 214, 213, 212, 181, 172, 132, 116, 92, 69, 66, 44, 7
218, 217, 216, 215, 214, 213, 212, 181, 172, 132, 116, 92, 69, 66, 44, 8
218, 217, 216, 215, 214, 213, 212, 181, 172, 132, 116, 92, 69, 66, 44, 8, 9
218, 217, 216, 215, 214, 213, 212, 181, 172, 132, 116, 117, 118, 94, 72, 63, 42, 10
218, 189, 157, 158, 141, 128, 105, 82, 53, 54, 55, 32, 33, 34, 35, 36, 37, 38, 39, 11
218, 189, 157, 158, 141, 128, 105, 82, 53, 54, 55, 32, 33, 34, 35, 36, 37, 12
218, 189, 157, 158, 141, 128, 105, 82, 53, 54, 31, 17, 16, 15, 14, 13
218, 189, 157, 158, 141, 128, 105, 82, 53, 54, 31, 17, 16, 15, 14
218, 189, 157, 158, 141, 128, 105, 82, 53, 54, 31, 17, 16, 15
218, 189, 157, 158, 141, 128, 105, 82, 53, 54, 31, 17, 16
218, 189, 157, 158, 141, 128, 105, 82, 53, 54, 31, 17
218, 189, 157, 158, 141, 128, 105, 82, 53, 30, 18
218, 189, 157, 158, 141, 128, 105, 82, 53, 30, 19
218, 189, 157, 158, 141, 128, 105, 82, 53, 30, 19, 20
218, 189, 157, 158, 141, 128, 105, 82, 53, 52, 29, 28, 21
218, 189, 188, 156, 139, 130, 106, 83, 84, 50, 26, 2, 3, 4, 5, 22
218, 189, 188, 156, 139, 138, 110, 108, 85, 49, 48, 47, 24, 23
218, 189, 188, 156, 139, 138, 110, 108, 85, 49, 48, 47, 24
218, 189, 188, 156, 139, 130, 106, 83, 84, 50, 26, 25
218, 189, 188, 156, 139, 130, 106, 83, 84, 50, 26
218, 189, 157, 158, 141, 128, 105, 82, 53, 52, 29, 28, 27
218, 189, 157, 158, 141, 128, 105, 82, 53, 52, 29, 28
218, 189, 157, 158, 141, 128, 105, 82, 53, 52, 29
218, 189, 157, 158, 141, 128, 105, 82, 53, 30
218, 189, 157, 158, 141, 128, 105, 82, 53, 54, 31
218, 189, 157, 158, 141, 128, 105, 82, 53, 54, 55, 32
218, 189, 157, 158, 141, 128, 105, 82, 53, 54, 55, 32, 33
218, 189, 157, 158, 141, 128, 105, 82, 53, 54, 55, 32, 33, 34
218, 189, 157, 158, 141, 128, 105, 82, 53, 54, 55, 32, 33, 34, 35
218, 189, 157, 158, 141, 128, 105, 82, 53, 54, 55, 32, 33, 34, 35, 36
218, 189, 157, 158, 141, 128, 105, 82, 53, 54, 55, 32, 33, 34, 35, 36, 37
218, 189, 157, 158, 141, 128, 105, 82, 53, 54, 55, 32, 33, 34, 35, 36, 37, 38
218, 189, 157, 158, 141, 128, 105, 82, 53, 54, 55, 32, 33, 34, 35, 36, 37, 38, 39
218, 189, 157, 158, 141, 128, 105, 82, 53, 54, 55, 32, 33, 34, 35, 36, 37, 38, 39, 40
218, 217, 216, 215, 214, 213, 212, 181, 172, 132, 116, 117, 118, 94, 72, 63, 42, 41
218, 217, 216, 215, 214, 213, 212, 181, 172, 132, 116, 117, 118, 94, 72, 63, 42
218, 217, 216, 215, 214, 213, 212, 181, 172, 132, 116, 117, 118, 94, 72, 64, 43
218, 217, 216, 215, 214, 213, 212, 181, 172, 132, 116, 92, 69, 66, 44
218, 217, 216, 215, 214, 213, 212, 181, 172, 132, 116, 92, 69, 66, 45
218, 189, 188, 156, 139, 138, 110, 108, 85, 49, 48, 47, 46
218, 189, 188, 156, 139, 138, 110, 108, 85, 49, 48, 47
218, 189, 188, 156, 139, 138, 110, 108, 85, 49, 48
218, 189, 188, 156, 139, 138, 110, 108, 85, 49
218, 189, 188, 156, 139, 130, 106, 83, 84, 50
218, 189, 188, 156, 139, 130, 106, 83, 84, 51
218, 189, 157, 158, 141, 128, 105, 82, 53, 52
218, 189, 157, 158, 141, 128, 105, 82, 53
218, 189, 157, 158, 141, 128, 105, 82, 53, 54
218, 189, 157, 158, 141, 128, 105, 82, 53, 54, 55
218, 189, 157, 158, 141, 128, 105, 82, 53, 54, 55, 56
218, 189, 157, 158, 141, 128, 105, 82, 53, 54, 55, 56, 57
218, 189, 157, 158, 141, 128, 105, 82, 53, 54, 55, 56, 57, 58
218, 189, 157, 158, 141, 128, 105, 82, 53, 54, 55, 56, 57, 58, 59
218, 189, 157, 158, 141, 128, 105, 82, 53, 54, 55, 56, 57, 58, 59, 60
218, 189, 157, 158, 141, 128, 105, 82, 53, 54, 55, 56, 57, 58, 59, 60, 61
218, 217, 216, 215, 214, 213, 212, 181, 172, 132, 116, 117, 118, 94, 72, 63, 62
218, 217, 216, 215, 214, 213, 212, 181, 172, 132, 116, 117, 118, 94, 72, 63
218, 217, 216, 215, 214, 213, 212, 181, 172, 132, 116, 117, 118, 94, 72, 64
218, 217, 216, 215, 214, 213, 212, 181, 172, 132, 116, 92, 69, 66, 65
218, 217, 216, 215, 214, 213, 212, 181, 172, 132, 116, 92, 69, 66
218, 189, 188, 156, 139, 138, 110, 108, 85, 49, 48, 47, 46, 67
218, 189, 188, 156, 139, 138, 110, 108, 109, 89, 90, 91, 68
218, 217, 216, 215, 214, 213, 212, 181, 172, 132, 116, 92, 69
218, 217, 216, 215, 214, 213, 212, 181, 172, 132, 116, 92, 69, 70
218, 217, 216, 215, 214, 213, 212, 181, 172, 132, 116, 92, 69, 70, 71
218, 217, 216, 215, 214, 213, 212, 181, 172, 132, 116, 117, 118, 94, 72
218, 189, 157, 158, 141, 128, 105, 82, 81, 80, 79, 78, 77, 76, 75, 74, 73
218, 189, 157, 158, 141, 128, 105, 82, 81, 80, 79, 78, 77, 76, 75, 74
218, 189, 157, 158, 141, 128, 105, 82, 81, 80, 79, 78, 77, 76, 75
218, 189, 157, 158, 141, 128, 105, 82, 81, 80, 79, 78, 77, 76
218, 189, 157, 158, 141, 128, 105, 82, 81, 80, 79, 78, 77
218, 189, 157, 158, 141, 128, 105, 82, 81, 80, 79, 78
218, 189, 157, 158, 141, 128, 105, 82, 81, 80, 79
218, 189, 157, 158, 141, 128, 105, 82, 81, 80
218, 189, 157, 158, 141, 128, 105, 82, 81
218, 189, 157, 158, 141, 128, 105, 82
218, 189, 188, 156, 139, 130, 106, 83
218, 189, 188, 156, 139, 130, 106, 83, 84
218, 189, 188, 156, 139, 138, 110, 108, 85
218, 189, 188, 156, 139, 138, 110, 108, 85, 86
218, 189, 188, 156, 139, 138, 110, 108, 85, 86, 87
218, 189, 188, 156, 139, 138, 110, 108, 85, 86, 87, 88
218, 189, 188, 156, 139, 138, 110, 108, 109, 89
218, 189, 188, 156, 139, 138, 110, 108, 109, 89, 90
218, 189, 188, 156, 139, 138, 110, 108, 109, 89, 90, 91
218, 217, 216, 215, 214, 213, 212, 181, 172, 132, 116, 92
218, 217, 216, 215, 214, 213, 212, 181, 172, 132, 116, 92, 93
218, 217, 216, 215, 214, 213, 212, 181, 172, 132, 116, 117, 118, 94
218, 217, 216, 215, 214, 213, 212, 181, 172, 132, 116, 117, 118, 94, 95
218, 189, 157, 158, 141, 128, 105, 104, 103, 102, 101, 100, 99, 98, 97, 96
218, 189, 157, 158, 141, 128, 105, 104, 103, 102, 101, 100, 99, 98, 97
218, 189, 157, 158, 141, 128, 105, 104, 103, 102, 101, 100, 99, 98
218, 189, 157, 158, 141, 128, 105, 104, 103, 102, 101, 100, 99
