361, 360, 345, 309, 285, 278, 264, 226, 227, 212, 182, 174, 175, 136, 112, 111, 109, 85, 49, 26, 0
361, 360, 345, 309, 285, 278, 264, 226, 227, 212, 182, 174, 175, 136, 112, 111, 109, 85, 49, 26, 1
361, 360, 345, 309, 285, 278, 264, 226, 227, 212, 182, 174, 175, 136, 113, 89, 86, 48, 25, 3, 2
361, 360, 345, 309, 285, 278, 264, 226, 227, 212, 182, 174, 175, 136, 113, 89, 86, 48, 25, 3
361, 360, 345, 309, 285, 278, 264, 226, 227, 212, 182, 173, 135, 114, 90, 87, 47, 24, 4
361, 360, 345, 309, 285, 278, 264, 226, 211, 180, 172, 133, 115, 91, 88, 67, 23, 5
361, 344, 310, 305, 279, 263, 225, 208, 179, 171, 155, 116, 92, 69, 66, 45, 6
361, 344, 310, 305, 279, 263, 225, 224, 207, 178, 170, 154, 117, 93, 71, 65, 44, 7
361, 344, 310, 305, 279, 263, 225, 224, 207, 178, 170, 154, 117, 118, 94, 72, 64, 43, 9, 8
361, 344, 310, 305, 279, 263, 225, 224, 207, 178, 170, 154, 117, 118, 94, 72, 64, 43, 9
361, 362, 343, 311, 304, 281, 261, 222, 206, 198, 169, 151, 120, 95, 73, 62, 41, 10
361, 362, 343, 311, 304, 281, 261, 222, 206, 198, 169, 151, 120, 95, 73, 62, 41, 10, 11
361, 362, 343, 311, 304, 281, 261, 222, 206, 198, 169, 151, 120, 95, 73, 74, 60, 38, 12
361, 362, 343, 311, 304, 281, 261, 222, 206, 198, 169, 151, 120, 95, 73, 74, 60, 38, 12, 13
361, 362, 343, 311, 304, 281, 261, 222, 206, 198, 169, 151, 120, 95, 73, 74, 60, 38, 12, 13, 14
361, 362, 343, 311, 304, 281, 261, 222, 206, 198, 169, 151, 120, 95, 73, 74, 60, 38, 12, 13, 14, 15
361, 362, 343, 311, 304, 281, 261, 222, 206, 198, 169, 151, 120, 95, 73, 74, 60, 38, 12, 13, 14, 15, 16
361, 362, 343, 311, 304, 281, 261, 222, 206, 198, 169, 151, 120, 95, 73, 74, 60, 38, 12, 13, 14, 15, 16, 17
361, 362, 343, 311, 304, 281, 261, 222, 206, 198, 169, 151, 120, 95, 73, 74, 60, 38, 12, 13, 14, 15, 16, 17, 18
361, 360, 345, 309, 285, 278, 264, 226, 227, 228, 229, 230, 231, 232, 218, 189, 157, 158, 141, 128, 105, 82, 53, 30, 19
361, 360, 345, 309, 285, 278, 264, 226, 227, 212, 182, 174, 175, 136, 112, 111, 110, 107, 84, 51, 28, 29, 20
361, 360, 345, 309, 285, 278, 264, 226, 227, 212, 182, 174, 175, 136, 112, 111, 110, 107, 84, 51, 27, 21
361, 360, 345, 309, 285, 278, 264, 226, 211, 180, 172, 133, 115, 91, 88, 67, 22
361, 360, 345, 309, 285, 278, 264, 226, 211, 180, 172, 133, 115, 91, 88, 67, 23
361, 360, 345, 309, 285, 278, 264, 226, 227, 212, 182, 173, 135, 114, 90, 87, 47, 24
361, 360, 345, 309, 285, 278, 264, 226, 227, 212, 182, 174, 175, 136, 113, 89, 86, 48, 25
361, 360, 345, 309, 285, 278, 264, 226, 227, 212, 182, 174, 175, 136, 112, 111, 109, 85, 49, 26
361, 360, 345, 309, 285, 278, 264, 226, 227, 212, 182, 174, 175, 136, 112, 111, 110, 107, 84, 51, 27
361, 360, 345, 309, 285, 278, 264, 226, 227, 212, 182, 174, 175, 136, 112, 111, 110, 107, 84, 51, 28
361, 360, 345, 309, 285, 278, 264, 226, 227, 212, 182, 174, 175, 136, 112, 111, 110, 107, 84, 51, 28, 29
361, 360, 345, 309, 285, 278, 264, 226, 227, 228, 229, 230, 231, 232, 218, 189, 157, 158, 141, 128, 105, 82, 53, 30
361, 362, 343, 311, 304, 281, 282, 283, 260, 241, 203, 195, 165, 164, 163, 146, 124, 125, 101, 102, 80, 55, 54, 31
361, 362, 343, 311, 304, 281, 261, 222, 206, 198, 168, 150, 149, 121, 96, 97, 75, 76, 57, 35, 34, 33, 32
361, 362, 343, 311, 304, 281, 261, 222, 206, 198, 168, 150, 149, 121, 96, 97, 75, 76, 57, 35, 34, 33
361, 362, 343, 311, 304, 281, 261, 222, 206, 198, 168, 150, 149, 121, 96, 97, 75, 76, 57, 35, 34
361, 362, 343, 311, 304, 281, 261, 222, 206, 198, 168, 150, 149, 121, 96, 97, 75, 76, 57, 35
361, 362, 343, 311, 304, 281, 261, 222, 206, 198, 169, 151, 120, 95, 73, 74, 60, 38, 37, 36
361, 362, 343, 311, 304, 281, 261, 222, 206, 198, 169, 151, 120, 95, 73, 74, 60, 38, 37
361, 362, 343, 311, 304, 281, 261, 222, 206, 198, 169, 151, 120, 95, 73, 74, 60, 38
361, 362, 343, 311, 304, 281, 261, 222, 206, 198, 169, 151, 120, 95, 73, 62, 61, 39
361, 362, 343, 311, 304, 281, 261, 222, 206, 198, 169, 151, 120, 95, 73, 62, 61, 40
361, 362, 343, 311, 304, 281, 261, 222, 206, 198, 169, 151, 120, 95, 73, 62, 41
361, 344, 310, 305, 279, 263, 225, 224, 207, 178, 170, 154, 117, 118, 94, 72, 63, 42
361, 344, 310, 305, 279, 263, 225, 224, 207, 178, 170, 154, 117, 118, 94, 72, 64, 43
361, 344, 310, 305, 279, 263, 225, 224, 207, 178, 170, 154, 117, 93, 71, 65, 44
361, 344, 310, 305, 279, 263, 225, 208, 179, 171, 155, 116, 92, 69, 66, 45
361, 360, 345, 309, 285, 278, 264, 226, 227, 212, 182, 173, 135, 114, 90, 87, 46
361, 360, 345, 309, 285, 278, 264, 226, 227, 212, 182, 173, 135, 114, 90, 87, 47
361, 360, 345, 309, 285, 278, 264, 226, 227, 212, 182, 174, 175, 136, 113, 89, 86, 48
361, 360, 345, 309, 285, 278, 264, 226, 227, 212, 182, 174, 175, 136, 112, 111, 109, 85, 49
361, 360, 345, 309, 285, 278, 264, 226, 227, 212, 182, 174, 175, 136, 112, 111, 109, 85, 49, 50
361, 360, 345, 309, 285, 278, 264, 226, 227, 212, 182, 174, 175, 136, 112, 111, 110, 107, 84, 51
361, 360, 345, 309, 285, 278, 264, 226, 227, 212, 182, 174, 175, 136, 112, 111, 110, 107, 84, 83, 52
361, 360, 345, 309, 285, 278, 264, 226, 227, 228, 229, 230, 231, 232, 218, 189, 157, 158, 141, 128, 105, 82, 53
361, 362, 343, 311, 304, 281, 282, 283, 260, 241, 203, 195, 165, 164, 163, 146, 124, 125, 101, 102, 80, 55, 54
361, 362, 343, 311, 304, 281, 282, 283, 260, 241, 203, 195, 165, 164, 163, 146, 124, 125, 101, 102, 80, 55
361, 362, 343, 311, 304, 281, 261, 222, 206, 198, 168, 150, 149, 121, 96, 97, 75, 76, 57, 56
361, 362, 343, 311, 304, 281, 261, 222, 206, 198, 168, 150, 149, 121, 96, 97, 75, 76, 57
361, 362, 343, 311, 304, 281, 261, 222, 206, 198, 169, 151, 120, 95, 73, 74, 60, 59, 58
361, 362, 343, 311, 304, 281, 261, 222, 206, 198, 169, 151, 120, 95, 73, 74, 60, 59
361, 362, 343, 311, 304, 281, 261, 222, 206, 198, 169, 151, 120, 95, 73, 74, 60
361, 362, 343, 311, 304, 281, 261, 222, 206, 198, 169, 151, 120, 95, 73, 62, 61
361, 362, 343, 311, 304, 281, 261, 222, 206, 198, 169, 151, 120, 95, 73, 62
361, 344, 310, 305, 279, 263, 225, 224, 207, 178, 170, 154, 117, 118, 94, 72, 63
361, 344, 310, 305, 279, 263, 225, 224, 207, 178, 170, 154, 117, 118, 94, 72, 64
361, 344, 310, 305, 279, 263, 225, 224, 207, 178, 170, 154, 117, 93, 71, 65
361, 344, 310, 305, 279, 263, 225, 208, 179, 171, 155, 116, 92, 69, 66
361, 360, 345, 309, 285, 278, 264, 226, 211, 180, 172, 133, 115, 91, 88, 67
361, 344, 310, 305, 279, 263, 225, 208, 179, 171, 155, 116, 92, 69, 68
361, 344, 310, 305, 279, 263, 225, 208, 179, 171, 155, 116, 92, 69
361, 344, 310, 305, 279, 263, 225, 224, 207, 178, 170, 154, 117, 93, 70
361, 344, 310, 305, 279, 263, 225, 224, 207, 178, 170, 154, 117, 93, 71
361, 344, 310, 305, 279, 263, 225, 224, 207, 178, 170, 154, 117, 118, 94, 72
361, 362, 343, 311, 304, 281, 261, 222, 206, 198, 169, 151, 120, 95, 73
361, 362, 343, 311, 304, 281, 261, 222, 206, 198, 169, 151, 120, 95, 73, 74
361, 362, 343, 311, 304, 281, 261, 222, 206, 198, 168, 150, 149, 121, 96, 97, 75
361, 362, 343, 311, 304, 281, 261, 222, 206, 198, 168, 150, 149, 121, 96, 97, 75, 76
361, 362, 343, 311, 304, 281, 261, 222, 206, 198, 168, 150, 149, 121, 96, 97, 75, 76, 77
361, 362, 343, 311, 304, 281, 261, 222, 206, 198, 168, 150, 149, 121, 96, 97, 75, 76, 77, 78
361, 362, 343, 311, 304, 281, 261, 222, 206, 198, 168, 150, 149, 121, 96, 97, 75, 76, 77, 78, 79
361, 362, 343, 311, 304, 281, 282, 283, 260, 241, 203, 195, 165, 164, 163, 146, 124, 125, 101, 102, 80
361, 362, 343, 311, 304, 281, 282, 283, 260, 241, 203, 195, 165, 164, 163, 146, 124, 125, 101, 102, 80, 81
361, 360, 345, 309, 285, 278, 264, 226, 227, 228, 229, 230, 231, 232, 218, 189, 157, 158, 141, 128, 105, 82
361, 360, 345, 309, 285, 278, 264, 226, 227, 212, 182, 174, 175, 136, 112, 111, 110, 107, 84, 83
361, 360, 345, 309, 285, 278, 264, 226, 227, 212, 182, 174, 175, 136, 112, 111, 110, 107, 84
361, 360, 345, 309, 285, 278, 264, 226, 227, 212, 182, 174, 175, 136, 112, 111, 109, 85
361, 360, 345, 309, 285, 278, 264, 226, 227, 212, 182, 174, 175, 136, 113, 89, 86
361, 360, 345, 309, 285, 278, 264, 226, 227, 212, 182, 173, 135, 114, 90, 87
361, 360, 345, 309, 285, 278, 264, 226, 211, 180, 172, 133, 115, 91, 88
361, 360, 345, 309, 285, 278, 264, 226, 227, 212, 182, 174, 175, 136, 113, 89
361, 360, 345, 309, 285, 278, 264, 226, 227, 212, 182, 173, 135, 114, 90
361, 360, 345, 309, 285, 278, 264, 226, 211, 180, 172, 133, 115, 91
361, 344, 310, 305, 279, 263, 225, 208, 179, 171, 155, 116, 92
361, 344, 310, 305, 279, 263, 225, 224, 207, 178, 170, 154, 117, 93
361, 344, 310, 305, 279, 263, 225, 224, 207, 178, 170, 154, 117, 118, 94
361, 362, 343, 311, 304, 281, 261, 222, 206, 198, 169, 151, 120, 95
361, 362, 343, 311, 304, 281, 261, 222, 206, 198, 168, 150, 149, 121, 96
361, 362, 343, 311, 304, 281, 261, 222, 206, 198, 168, 150, 149, 121, 96, 97
361, 362, 343, 311, 304, 281, 261, 222, 206, 198, 168, 150, 149, 121, 96, 97, 98
361, 362, 343, 311, 304, 281, 261, 222, 206, 198, 168, 150, 149, 121, 96, 97, 98, 99
