444, 421, 415, 389, 357, 348, 306, 290, 275, 247, 229, 214, 184, 176, 137, 111, 109, 85, 49, 26, 0
444, 421, 415, 389, 357, 348, 306, 290, 275, 247, 229, 214, 184, 176, 137, 111, 109, 85, 49, 26, 1
444, 421, 415, 389, 357, 348, 306, 290, 275, 247, 229, 214, 184, 176, 137, 111, 109, 85, 49, 26, 2
444, 421, 415, 389, 357, 348, 306, 289, 276, 245, 228, 213, 183, 175, 136, 113, 89, 86, 48, 25, 3
444, 421, 415, 389, 388, 358, 347, 307, 288, 277, 244, 227, 212, 182, 173, 135, 114, 90, 87, 47, 24, 4
444, 421, 415, 389, 388, 358, 347, 307, 288, 277, 244, 227, 212, 181, 172, 133, 115, 91, 88, 67, 23, 5
444, 421, 415, 389, 388, 358, 347, 307, 288, 277, 244, 227, 212, 181, 172, 132, 116, 92, 69, 66, 45, 6
444, 421, 415, 389, 388, 358, 347, 307, 288, 277, 244, 227, 212, 181, 172, 132, 116, 92, 69, 66, 44, 7
444, 421, 415, 389, 388, 358, 347, 307, 288, 277, 244, 227, 212, 181, 172, 132, 116, 92, 69, 66, 44, 8
444, 421, 415, 389, 388, 358, 347, 307, 288, 277, 244, 227, 212, 181, 172, 132, 116, 92, 69, 66, 44, 8, 9
444, 421, 415, 389, 388, 358, 347, 307, 288, 277, 243, 264, 226, 210, 179, 171, 170, 154, 117, 118, 94, 72, 63, 42, 10
444, 421, 415, 389, 388, 358, 347, 307, 288, 277, 243, 264, 226, 210, 179, 171, 170, 154, 117, 118, 94, 72, 63, 42, 10, 11
444, 443, 420, 413, 412, 385, 361, 362, 343, 311, 304, 281, 261, 222, 206, 198, 169, 151, 120, 95, 73, 74, 60, 38, 12
444, 443, 420, 413, 412, 385, 361, 362, 343, 311, 304, 281, 261, 222, 206, 198, 169, 151, 120, 95, 73, 74, 60, 38, 12, 13
444, 443, 420, 413, 412, 385, 361, 362, 343, 311, 304, 281, 261, 222, 206, 198, 169, 151, 120, 95, 73, 74, 60, 38, 12, 13, 14
444, 443, 420, 413, 412, 385, 361, 362, 343, 311, 304, 281, 261, 222, 206, 198, 169, 151, 120, 95, 73, 74, 60, 38, 12, 13, 14, 15
444, 421, 415, 389, 357, 348, 306, 290, 291, 274, 248, 249, 231, 232, 218, 189, 157, 158, 141, 128, 105, 82, 53, 54, 31, 17, 16
444, 421, 415, 389, 357, 348, 306, 290, 291, 274, 248, 249, 231, 232, 218, 189, 157, 158, 141, 128, 105, 82, 53, 54, 31, 17
444, 421, 415, 389, 357, 348, 306, 290, 291, 274, 248, 249, 231, 232, 218, 189, 157, 158, 141, 128, 105, 82, 53, 30, 18
444, 421, 415, 389, 357, 348, 306, 290, 291, 274, 248, 249, 231, 232, 218, 189, 157, 158, 141, 128, 105, 82, 53, 30, 19
444, 421, 415, 389, 357, 348, 306, 290, 291, 274, 248, 249, 231, 217, 187, 156, 139, 130, 106, 83, 52, 29, 20
444, 421, 415, 389, 357, 348, 306, 290, 275, 247, 229, 215, 216, 185, 177, 138, 110, 107, 84, 51, 27, 21
444, 421, 415, 389, 388, 358, 347, 307, 288, 277, 244, 227, 212, 181, 172, 133, 115, 91, 88, 67, 22
444, 421, 415, 389, 388, 358, 347, 307, 288, 277, 244, 227, 212, 181, 172, 133, 115, 91, 88, 67, 23
444, 421, 415, 389, 388, 358, 347, 307, 288, 277, 244, 227, 212, 182, 173, 135, 114, 90, 87, 47, 24
444, 421, 415, 389, 357, 348, 306, 289, 276, 245, 228, 213, 183, 175, 136, 113, 89, 86, 48, 25
444, 421, 415, 389, 357, 348, 306, 290, 275, 247, 229, 214, 184, 176, 137, 111, 109, 85, 49, 26
444, 421, 415, 389, 357, 348, 306, 290, 275, 247, 229, 215, 216, 185, 177, 138, 110, 107, 84, 51, 27
444, 421, 415, 389, 357, 348, 306, 290, 275, 247, 229, 215, 216, 185, 177, 138, 110, 107, 84, 51, 28
444, 421, 415, 389, 357, 348, 306, 290, 291, 274, 248, 249, 231, 217, 187, 156, 139, 130, 106, 83, 52, 29
444, 421, 415, 389, 357, 348, 306, 290, 291, 274, 248, 249, 231, 232, 218, 189, 157, 158, 141, 128, 105, 82, 53, 30
444, 421, 415, 389, 357, 348, 306, 290, 291, 274, 248, 249, 231, 232, 218, 189, 157, 158, 141, 128, 105, 82, 53, 54, 31
444, 421, 415, 389, 357, 348, 306, 290, 291, 274, 248, 249, 231, 232, 218, 189, 157, 158, 141, 128, 105, 82, 53, 54, 55, 32
444, 443, 420, 413, 412, 385, 361, 362, 343, 311, 304, 281, 261, 222, 206, 198, 168, 150, 149, 121, 96, 97, 75, 76, 57, 35, 34, 33
444, 443, 420, 413, 412, 385, 361, 362, 343, 311, 304, 281, 261, 222, 206, 198, 168, 150, 149, 121, 96, 97, 75, 76, 57, 35, 34
444, 443, 420, 413, 412, 385, 361, 362, 343, 311, 304, 281, 261, 222, 206, 198, 168, 150, 149, 121, 96, 97, 75, 76, 57, 35
444, 443, 420, 413, 412, 385, 361, 362, 343, 311, 304, 281, 261, 222, 206, 198, 169, 151, 120, 95, 73, 74, 60, 38, 37, 36
444, 443, 420, 413, 412, 385, 361, 362, 343, 311, 304, 281, 261, 222, 206, 198, 169, 151, 120, 95, 73, 74, 60, 38, 37
444, 443, 420, 413, 412, 385, 361, 362, 343, 311, 304, 281, 261, 222, 206, 198, 169, 151, 120, 95, 73, 74, 60, 38
444, 443, 420, 413, 412, 385, 361, 362, 343, 311, 304, 281, 261, 222, 206, 198, 169, 151, 120, 95, 73, 62, 61, 39
444, 443, 420, 413, 412, 385, 361, 362, 343, 311, 304, 281, 261, 222, 206, 198, 169, 151, 120, 95, 73, 62, 61, 40
444, 421, 415, 389, 388, 358, 347, 307, 288, 277, 243, 264, 226, 210, 179, 171, 170, 154, 117, 118, 94, 72, 63, 42, 41
444, 421, 415, 389, 388, 358, 347, 307, 288, 277, 243, 264, 226, 210, 179, 171, 170, 154, 117, 118, 94, 72, 63, 42
444, 421, 415, 389, 388, 358, 347, 307, 288, 277, 243, 264, 226, 210, 179, 171, 170, 154, 117, 118, 94, 72, 64, 43
444, 421, 415, 389, 388, 358, 347, 307, 288, 277, 244, 227, 212, 181, 172, 132, 116, 92, 69, 66, 44
444, 421, 415, 389, 388, 358, 347, 307, 288, 277, 244, 227, 212, 181, 172, 132, 116, 92, 69, 66, 45
444, 421, 415, 389, 388, 358, 347, 307, 288, 277, 244, 227, 212, 182, 173, 135, 114, 90, 87, 46
444, 421, 415, 389, 388, 358, 347, 307, 288, 277, 244, 227, 212, 182, 173, 135, 114, 90, 87, 47
444, 421, 415, 389, 357, 348, 306, 289, 276, 245, 228, 213, 183, 175, 136, 113, 89, 86, 48
444, 421, 415, 389, 357, 348, 306, 290, 275, 247, 229, 214, 184, 176, 137, 111, 109, 85, 49
444, 421, 415, 389, 357, 348, 306, 290, 275, 247, 229, 214, 184, 176, 137, 111, 109, 85, 49, 50
444, 421, 415, 389, 357, 348, 306, 290, 275, 247, 229, 215, 216, 185, 177, 138, 110, 107, 84, 51
444, 421, 415, 389, 357, 348, 306, 290, 291, 274, 248, 249, 231, 217, 187, 156, 139, 130, 106, 83, 52
444, 421, 415, 389, 357, 348, 306, 290, 291, 274, 248, 249, 231, 232, 218, 189, 157, 158, 141, 128, 105, 82, 53
444, 421, 415, 389, 357, 348, 306, 290, 291, 274, 248, 249, 231, 232, 218, 189, 157, 158, 141, 128, 105, 82, 53, 54
444, 421, 415, 389, 357, 348, 306, 290, 291, 274, 248, 249, 231, 232, 218, 189, 157, 158, 141, 128, 105, 82, 53, 54, 55
444, 443, 420, 413, 412, 385, 361, 362, 343, 311, 304, 281, 261, 222, 206, 198, 168, 150, 149, 121, 96, 97, 75, 76, 57, 56
444, 443, 420, 413, 412, 385, 361, 362, 343, 311, 304, 281, 261, 222, 206, 198, 168, 150, 149, 121, 96, 97, 75, 76, 57
444, 443, 420, 413, 412, 385, 361, 362, 343, 311, 304, 281, 261, 222, 206, 198, 169, 151, 120, 95, 73, 74, 60, 59, 58
444, 443, 420, 413, 412, 385, 361, 362, 343, 311, 304, 281, 261, 222, 206, 198, 169, 151, 120, 95, 73, 74, 60, 59
444, 443, 420, 413, 412, 385, 361, 362, 343, 311, 304, 281, 261, 222, 206, 198, 169, 151, 120, 95, 73, 74, 60
444, 443, 420, 413, 412, 385, 361, 362, 343, 311, 304, 281, 261, 222, 206, 198, 169, 151, 120, 95, 73, 62, 61
444, 443, 420, 413, 412, 385, 361, 362, 343, 311, 304, 281, 261, 222, 206, 198, 169, 151, 120, 95, 73, 62
444, 421, 415, 389, 388, 358, 347, 307, 288, 277, 243, 264, 226, 210, 179, 171, 170, 154, 117, 118, 94, 72, 63
444, 421, 415, 389, 388, 358, 347, 307, 288, 277, 243, 264, 226, 210, 179, 171, 170, 154, 117, 118, 94, 72, 64
444, 421, 415, 389, 388, 358, 347, 307, 288, 277, 244, 227, 212, 181, 172, 132, 116, 92, 69, 66, 65
444, 421, 415, 389, 388, 358, 347, 307, 288, 277, 244, 227, 212, 181, 172, 132, 116, 92, 69, 66
444, 421, 415, 389, 388, 358, 347, 307, 288, 277, 244, 227, 212, 181, 172, 133, 115, 91, 88, 67
444, 421, 415, 389, 388, 358, 347, 307, 288, 277, 244, 227, 212, 181, 172, 133, 115, 91, 68
444, 421, 415, 389, 388, 358, 347, 307, 288, 277, 244, 227, 212, 181, 172, 132, 116, 92, 69
444, 421, 415, 389, 388, 358, 347, 307, 288, 277, 244, 227, 212, 181, 172, 132, 116, 92, 69, 70
444, 421, 415, 389, 388, 358, 347, 307, 288, 277, 244, 227, 212, 181, 172, 132, 116, 92, 69, 70, 71
444, 421, 415, 389, 388, 358, 347, 307, 288, 277, 243, 264, 226, 210, 179, 171, 170, 154, 117, 118, 94, 72
444, 443, 420, 413, 412, 385, 361, 362, 343, 311, 304, 281, 261, 222, 206, 198, 169, 151, 120, 95, 73
444, 443, 420, 413, 412, 385, 361, 362, 343, 311, 304, 281, 261, 222, 206, 198, 169, 151, 120, 95, 73, 74
444, 443, 420, 413, 412, 385, 361, 362, 343, 311, 304, 281, 261, 222, 206, 198, 168, 150, 149, 121, 96, 97, 75
444, 443, 420, 413, 412, 385, 361, 362, 343, 311, 304, 281, 261, 222, 206, 198, 168, 150, 149, 121, 96, 97, 75, 76
444, 443, 420, 413, 412, 385, 361, 362, 343, 311, 304, 281, 261, 222, 206, 198, 168, 150, 149, 121, 96, 97, 75, 76, 77
444, 421, 415, 389, 357, 348, 328, 327, 326, 325, 324, 294, 270, 269, 253, 235, 220, 221, 192, 161, 144, 125, 101, 78
444, 421, 415, 389, 357, 348, 306, 290, 291, 274, 248, 249, 231, 232, 218, 189, 157, 158, 141, 128, 105, 82, 81, 80, 79
444, 421, 415, 389, 357, 348, 306, 290, 291, 274, 248, 249, 231, 232, 218, 189, 157, 158, 141, 128, 105, 82, 81, 80
444, 421, 415, 389, 357, 348, 306, 290, 291, 274, 248, 249, 231, 232, 218, 189, 157, 158, 141, 128, 105, 82, 81
444, 421, 415, 389, 357, 348, 306, 290, 291, 274, 248, 249, 231, 232, 218, 189, 157, 158, 141, 128, 105, 82
444, 421, 415, 389, 357, 348, 306, 290, 291, 274, 248, 249, 231, 217, 187, 156, 139, 130, 106, 83
444, 421, 415, 389, 357, 348, 306, 290, 275, 247, 229, 215, 216, 185, 177, 138, 110, 107, 84
444, 421, 415, 389, 357, 348, 306, 290, 275, 247, 229, 214, 184, 176, 137, 111, 109, 85
444, 421, 415, 389, 357, 348, 306, 289, 276, 245, 228, 213, 183, 175, 136, 113, 89, 86
444, 421, 415, 389, 388, 358, 347, 307, 288, 277, 244, 227, 212, 182, 173, 135, 114, 90, 87
444, 421, 415, 389, 388, 358, 347, 307, 288, 277, 244, 227, 212, 181, 172, 133, 115, 91, 88
444, 421, 415, 389, 357, 348, 306, 289, 276, 245, 228, 213, 183, 175, 136, 113, 89
444, 421, 415, 389, 388, 358, 347, 307, 288, 277, 244, 227, 212, 182, 173, 135, 114, 90
444, 421, 415, 389, 388, 358, 347, 307, 288, 277, 244, 227, 212, 181, 172, 133, 115, 91
444, 421, 415, 389, 388, 358, 347, 307, 288, 277, 244, 227, 212, 181, 172, 132, 116, 92
444, 421, 415, 389, 388, 358, 347, 307, 288, 277, 243, 264, 226, 210, 179, 171, 170, 154, 117, 93
444, 421, 415, 389, 388, 358, 347, 307, 288, 277, 243, 264, 226, 210, 179, 171, 170, 154, 117, 118, 94
444, 443, 420, 413, 412, 385, 361, 362, 343, 311, 304, 281, 261, 222, 206, 198, 169, 151, 120, 95
444, 443, 420, 413, 412, 385, 361, 362, 343, 311, 304, 281, 261, 222, 206, 198, 168, 150, 149, 121, 96
444, 443, 420, 413, 412, 385, 361, 362, 343, 311, 304, 281, 261, 222, 206, 198, 168, 150, 149, 121, 96, 97
444, 443, 420, 413, 412, 385, 361, 362, 343, 311, 304, 281, 261, 222, 206, 198, 168, 150, 149, 121, 96, 97, 98
444, 443, 420, 413, 412, 385, 361, 362, 343, 311, 304, 281, 261, 222, 206, 198, 168, 150, 149, 121, 96, 97, 98, 99
