577, 565, 564, 533, 520, 519, 503, 478, 444, 421, 415, 389, 357, 348, 306, 290, 275, 247, 229, 214, 184, 176, 137, 111, 109, 85, 49, 26, 0
577, 565, 564, 533, 520, 519, 503, 478, 444, 421, 415, 389, 357, 348, 306, 290, 275, 247, 229, 214, 184, 176, 137, 111, 109, 85, 49, 26, 1
577, 565, 564, 533, 521, 504, 477, 443, 420, 414, 387, 358, 347, 307, 288, 277, 244, 227, 212, 182, 174, 175, 136, 113, 89, 86, 48, 25, 3, 2
577, 565, 564, 533, 521, 504, 477, 443, 420, 414, 387, 358, 347, 307, 288, 277, 244, 227, 212, 182, 174, 175, 136, 113, 89, 86, 48, 25, 3
577, 565, 564, 533, 521, 504, 477, 443, 420, 414, 387, 358, 347, 307, 288, 277, 244, 227, 212, 182, 173, 135, 114, 90, 87, 47, 24, 4
577, 565, 532, 522, 483, 476, 442, 419, 411, 385, 360, 345, 309, 285, 278, 264, 226, 211, 180, 172, 133, 115, 91, 88, 67, 23, 5
577, 565, 532, 522, 483, 476, 442, 419, 411, 385, 361, 344, 310, 305, 279, 263, 225, 208, 179, 171, 155, 116, 92, 69, 66, 45, 6
577, 565, 532, 522, 483, 476, 442, 419, 411, 385, 361, 344, 310, 305, 279, 263, 225, 224, 207, 178, 170, 154, 117, 93, 71, 65, 44, 7
577, 565, 532, 522, 483, 476, 442, 419, 411, 385, 361, 344, 310, 305, 279, 263, 225, 224, 207, 178, 170, 154, 117, 118, 94, 72, 64, 43, 9, 8
577, 565, 532, 522, 483, 476, 442, 419, 411, 385, 361, 344, 310, 305, 279, 263, 225, 224, 207, 178, 170, 154, 117, 118, 94, 72, 64, 43, 9
577, 565, 532, 522, 483, 475, 439, 418, 410, 384, 362, 343, 311, 304, 281, 261, 222, 206, 198, 169, 151, 120, 95, 73, 62, 41, 10
577, 565, 532, 522, 483, 475, 439, 418, 410, 384, 362, 343, 311, 304, 281, 261, 222, 206, 198, 169, 151, 120, 95, 73, 62, 41, 10, 11
577, 565, 532, 522, 483, 475, 439, 418, 410, 384, 362, 343, 311, 304, 281, 261, 222, 206, 198, 169, 151, 120, 95, 73, 74, 60, 38, 12
577, 565, 532, 522, 483, 475, 439, 418, 410, 384, 362, 343, 311, 304, 281, 261, 222, 206, 198, 169, 151, 120, 95, 73, 74, 60, 38, 12, 13
577, 565, 532, 522, 483, 475, 439, 418, 410, 384, 362, 343, 311, 304, 281, 261, 222, 206, 198, 169, 151, 120, 95, 73, 74, 60, 38, 12, 13, 14
577, 565, 532, 522, 483, 475, 439, 418, 410, 384, 362, 343, 311, 304, 281, 261, 222, 206, 198, 169, 151, 120, 95, 73, 74, 60, 38, 12, 13, 14, 15
577, 565, 532, 522, 483, 475, 439, 418, 410, 384, 362, 343, 311, 304, 281, 261, 222, 206, 198, 169, 151, 120, 95, 73, 74, 60, 38, 12, 13, 14, 15, 16
577, 565, 532, 522, 483, 475, 439, 418, 410, 384, 362, 343, 311, 304, 281, 261, 222, 206, 198, 169, 151, 120, 95, 73, 74, 60, 38, 12, 13, 14, 15, 16, 17
577, 565, 564, 533, 520, 519, 503, 478, 444, 421, 415, 389, 357, 348, 306, 290, 291, 274, 248, 249, 231, 232, 218, 189, 157, 158, 141, 128, 105, 82, 53, 30, 18
577, 565, 564, 533, 520, 519, 503, 478, 444, 421, 415, 389, 357, 348, 306, 290, 291, 274, 248, 249, 231, 232, 218, 189, 157, 158, 141, 128, 105, 82, 53, 30, 19
577, 565, 564, 533, 520, 519, 503, 478, 444, 421, 415, 389, 357, 348, 306, 290, 291, 274, 248, 249, 231, 217, 187, 156, 139, 130, 106, 83, 52, 29, 20
577, 565, 564, 533, 520, 519, 503, 478, 444, 421, 415, 389, 357, 348, 306, 290, 275, 247, 229, 215, 216, 185, 177, 138, 110, 107, 84, 51, 27, 21
577, 565, 532, 522, 483, 476, 442, 419, 411, 385, 360, 345, 309, 285, 278, 264, 226, 211, 180, 172, 133, 115, 91, 88, 67, 22
577, 565, 532, 522, 483, 476, 442, 419, 411, 385, 360, 345, 309, 285, 278, 264, 226, 211, 180, 172, 133, 115, 91, 88, 67, 23
577, 565, 564, 533, 521, 504, 477, 443, 420, 414, 387, 358, 347, 307, 288, 277, 244, 227, 212, 182, 173, 135, 114, 90, 87, 47, 24
577, 565, 564, 533, 521, 504, 477, 443, 420, 414, 387, 358, 347, 307, 288, 277, 244, 227, 212, 182, 174, 175, 136, 113, 89, 86, 48, 25
577, 565, 564, 533, 520, 519, 503, 478, 444, 421, 415, 389, 357, 348, 306, 290, 275, 247, 229, 214, 184, 176, 137, 111, 109, 85, 49, 26
577, 565, 564, 533, 520, 519, 503, 478, 444, 421, 415, 389, 357, 348, 306, 290, 275, 247, 229, 215, 216, 185, 177, 138, 110, 107, 84, 51, 27
577, 565, 564, 533, 520, 519, 503, 478, 444, 421, 415, 389, 357, 348, 306, 290, 275, 247, 229, 215, 216, 185, 177, 138, 110, 107, 84, 51, 28
577, 565, 564, 533, 520, 519, 503, 478, 444, 421, 415, 389, 357, 348, 306, 290, 291, 274, 248, 249, 231, 217, 187, 156, 139, 130, 106, 83, 52, 29
577, 565, 564, 533, 520, 519, 503, 478, 444, 421, 415, 389, 357, 348, 306, 290, 291, 274, 248, 249, 231, 232, 218, 189, 157, 158, 141, 128, 105, 82, 53, 30
577, 565, 532, 522, 483, 475, 439, 418, 410, 384, 362, 343, 311, 304, 281, 282, 283, 260, 241, 203, 195, 165, 164, 163, 146, 124, 125, 101, 102, 80, 55, 54, 31
577, 565, 532, 522, 483, 475, 439, 418, 410, 384, 362, 343, 311, 304, 281, 261, 222, 206, 198, 168, 150, 149, 121, 96, 97, 75, 76, 57, 35, 34, 33, 32
577, 565, 532, 522, 483, 475, 439, 418, 410, 384, 362, 343, 311, 304, 281, 261, 222, 206, 198, 168, 150, 149, 121, 96, 97, 75, 76, 57, 35, 34, 33
577, 565, 532, 522, 483, 475, 439, 418, 410, 384, 362, 343, 311, 304, 281, 261, 222, 206, 198, 168, 150, 149, 121, 96, 97, 75, 76, 57, 35, 34
577, 565, 532, 522, 483, 475, 439, 418, 410, 384, 362, 343, 311, 304, 281, 261, 222, 206, 198, 168, 150, 149, 121, 96, 97, 75, 76, 57, 35
577, 565, 532, 522, 483, 475, 439, 418, 410, 384, 362, 343, 311, 304, 281, 261, 222, 206, 198, 169, 151, 120, 95, 73, 74, 60, 38, 37, 36
577, 565, 532, 522, 483, 475, 439, 418, 410, 384, 362, 343, 311, 304, 281, 261, 222, 206, 198, 169, 151, 120, 95, 73, 74, 60, 38, 37
577, 565, 532, 522, 483, 475, 439, 418, 410, 384, 362, 343, 311, 304, 281, 261, 222, 206, 198, 169, 151, 120, 95, 73, 74, 60, 38
577, 565, 532, 522, 483, 475, 439, 418, 410, 384, 362, 343, 311, 304, 281, 261, 222, 206, 198, 169, 151, 120, 95, 73, 62, 61, 39
577, 565, 532, 522, 483, 475, 439, 418, 410, 384, 362, 343, 311, 304, 281, 261, 222, 206, 198, 169, 151, 120, 95, 73, 62, 61, 40
577, 565, 532, 522, 483, 475, 439, 418, 410, 384, 362, 343, 311, 304, 281, 261, 222, 206, 198, 169, 151, 120, 95, 73, 62, 41
577, 565, 532, 522, 483, 476, 442, 419, 411, 385, 361, 344, 310, 305, 279, 263, 225, 224, 207, 178, 170, 154, 117, 118, 94, 72, 63, 42
577, 565, 532, 522, 483, 476, 442, 419, 411, 385, 361, 344, 310, 305, 279, 263, 225, 224, 207, 178, 170, 154, 117, 118, 94, 72, 64, 43
577, 565, 532, 522, 483, 476, 442, 419, 411, 385, 361, 344, 310, 305, 279, 263, 225, 224, 207, 178, 170, 154, 117, 93, 71, 65, 44
577, 565, 532, 522, 483, 476, 442, 419, 411, 385, 361, 344, 310, 305, 279, 263, 225, 208, 179, 171, 155, 116, 92, 69, 66, 45
577, 565, 564, 533, 521, 504, 477, 443, 420, 414, 387, 358, 347, 307, 288, 277, 244, 227, 212, 182, 173, 135, 114, 90, 87, 46
577, 565, 564, 533, 521, 504, 477, 443, 420, 414, 387, 358, 347, 307, 288, 277, 244, 227, 212, 182, 173, 135, 114, 90, 87, 47
577, 565, 564, 533, 521, 504, 477, 443, 420, 414, 387, 358, 347, 307, 288, 277, 244, 227, 212, 182, 174, 175, 136, 113, 89, 86, 48
577, 565, 564, 533, 520, 519, 503, 478, 444, 421, 415, 389, 357, 348, 306, 290, 275, 247, 229, 214, 184, 176, 137, 111, 109, 85, 49
577, 565, 564, 533, 520, 519, 503, 478, 444, 421, 415, 389, 357, 348, 306, 290, 275, 247, 229, 214, 184, 176, 137, 111, 109, 85, 49, 50
577, 565, 564, 533, 520, 519, 503, 478, 444, 421, 415, 389, 357, 348, 306, 290, 275, 247, 229, 215, 216, 185, 177, 138, 110, 107, 84, 51
577, 565, 564, 533, 520, 519, 503, 478, 444, 421, 415, 389, 357, 348, 306, 290, 291, 274, 248, 249, 231, 217, 187, 156, 139, 130, 106, 83, 52
577, 565, 564, 533, 520, 519, 503, 478, 444, 421, 415, 389, 357, 348, 306, 290, 291, 274, 248, 249, 231, 232, 218, 189, 157, 158, 141, 128, 105, 82, 53
577, 565, 532, 522, 483, 475, 439, 418, 410, 384, 362, 343, 311, 304, 281, 282, 283, 260, 241, 203, 195, 165, 164, 163, 146, 124, 125, 101, 102, 80, 55, 54
577, 565, 532, 522, 483, 475, 439, 418, 410, 384, 362, 343, 311, 304, 281, 282, 283, 260, 241, 203, 195, 165, 164, 163, 146, 124, 125, 101, 102, 80, 55
577, 565, 532, 522, 483, 475, 439, 418, 410, 384, 362, 343, 311, 304, 281, 261, 222, 206, 198, 168, 150, 149, 121, 96, 97, 75, 76, 57, 56
577, 565, 532, 522, 483, 475, 439, 418, 410, 384, 362, 343, 311, 304, 281, 261, 222, 206, 198, 168, 150, 149, 121, 96, 97, 75, 76, 57
577, 565, 532, 522, 483, 475, 439, 418, 410, 384, 362, 343, 311, 304, 281, 261, 222, 206, 198, 169, 151, 120, 95, 73, 74, 60, 59, 58
577, 565, 532, 522, 483, 475, 439, 418, 410, 384, 362, 343, 311, 304, 281, 261, 222, 206, 198, 169, 151, 120, 95, 73, 74, 60, 59
577, 565, 532, 522, 483, 475, 439, 418, 410, 384, 362, 343, 311, 304, 281, 261, 222, 206, 198, 169, 151, 120, 95, 73, 74, 60
577, 565, 532, 522, 483, 475, 439, 418, 410, 384, 362, 343, 311, 304, 281, 261, 222, 206, 198, 169, 151, 120, 95, 73, 62, 61
577, 565, 532, 522, 483, 475, 439, 418, 410, 384, 362, 343, 311, 304, 281, 261, 222, 206, 198, 169, 151, 120, 95, 73, 62
577, 565, 532, 522, 483, 476, 442, 419, 411, 385, 361, 344, 310, 305, 279, 263, 225, 224, 207, 178, 170, 154, 117, 118, 94, 72, 63
577, 565, 532, 522, 483, 476, 442, 419, 411, 385, 361, 344, 310, 305, 279, 263, 225, 224, 207, 178, 170, 154, 117, 118, 94, 72, 64
577, 565, 532, 522, 483, 476, 442, 419, 411, 385, 361, 344, 310, 305, 279, 263, 225, 224, 207, 178, 170, 154, 117, 93, 71, 65
577, 565, 532, 522, 483, 476, 442, 419, 411, 385, 361, 344, 310, 305, 279, 263, 225, 208, 179, 171, 155, 116, 92, 69, 66
577, 565, 532, 522, 483, 476, 442, 419, 411, 385, 360, 345, 309, 285, 278, 264, 226, 211, 180, 172, 133, 115, 91, 88, 67
577, 565, 532, 522, 483, 476, 442, 419, 411, 385, 360, 345, 309, 285, 278, 264, 226, 211, 180, 172, 133, 115, 91, 68
577, 565, 532, 522, 483, 476, 442, 419, 411, 385, 361, 344, 310, 305, 279, 263, 225, 208, 179, 171, 155, 116, 92, 69
577, 565, 532, 522, 483, 476, 442, 419, 411, 385, 361, 344, 310, 305, 279, 263, 225, 224, 207, 178, 170, 154, 117, 93, 70
577, 565, 532, 522, 483, 476, 442, 419, 411, 385, 361, 344, 310, 305, 279, 263, 225, 224, 207, 178, 170, 154, 117, 93, 71
577, 565, 532, 522, 483, 476, 442, 419, 411, 385, 361, 344, 310, 305, 279, 263, 225, 224, 207, 178, 170, 154, 117, 118, 94, 72
577, 565, 532, 522, 483, 475, 439, 418, 410, 384, 362, 343, 311, 304, 281, 261, 222, 206, 198, 169, 151, 120, 95, 73
577, 565, 532, 522, 483, 475, 439, 418, 410, 384, 362, 343, 311, 304, 281, 261, 222, 206, 198, 169, 151, 120, 95, 73, 74
577, 565, 532, 522, 483, 475, 439, 418, 410, 384, 362, 343, 311, 304, 281, 261, 222, 206, 198, 168, 150, 149, 121, 96, 97, 75
577, 565, 532, 522, 483, 475, 439, 418, 410, 384, 362, 343, 311, 304, 281, 261, 222, 206, 198, 168, 150, 149, 121, 96, 97, 75, 76
577, 565, 532, 522, 483, 475, 439, 418, 410, 384, 362, 343, 311, 304, 281, 261, 222, 206, 198, 168, 150, 149, 121, 96, 97, 75, 76, 77
577, 565, 532, 522, 483, 475, 439, 418, 410, 384, 362, 343, 311, 304, 281, 261, 222, 206, 198, 168, 150, 149, 121, 96, 97, 75, 76, 77, 78
577, 565, 532, 522, 483, 475, 439, 418, 410, 384, 362, 343, 311, 304, 281, 261, 222, 206, 198, 168, 150, 149, 121, 96, 97, 75, 76, 77, 78, 79
577, 565, 532, 522, 483, 475, 439, 418, 410, 384, 362, 343, 311, 304, 281, 282, 283, 260, 241, 203, 195, 165, 164, 163, 146, 124, 125, 101, 102, 80
577, 565, 564, 533, 520, 519, 503, 478, 444, 421, 415, 389, 357, 348, 306, 290, 291, 274, 248, 249, 231, 232, 218, 189, 157, 158, 141, 128, 105, 82, 81
577, 565, 564, 533, 520, 519, 503, 478, 444, 421, 415, 389, 357, 348, 306, 290, 291, 274, 248, 249, 231, 232, 218, 189, 157, 158, 141, 128, 105, 82
577, 565, 564, 533, 520, 519, 503, 478, 444, 421, 415, 389, 357, 348, 306, 290, 291, 274, 248, 249, 231, 217, 187, 156, 139, 130, 106, 83
577, 565, 564, 533, 520, 519, 503, 478, 444, 421, 415, 389, 357, 348, 306, 290, 275, 247, 229, 215, 216, 185, 177, 138, 110, 107, 84
577, 565, 564, 533, 520, 519, 503, 478, 444, 421, 415, 389, 357, 348, 306, 290, 275, 247, 229, 214, 184, 176, 137, 111, 109, 85
577, 565, 564, 533, 521, 504, 477, 443, 420, 414, 387, 358, 347, 307, 288, 277, 244, 227, 212, 182, 174, 175, 136, 113, 89, 86
577, 565, 564, 533, 521, 504, 477, 443, 420, 414, 387, 358, 347, 307, 288, 277, 244, 227, 212, 182, 173, 135, 114, 90, 87
577, 565, 532, 522, 483, 476, 442, 419, 411, 385, 360, 345, 309, 285, 278, 264, 226, 211, 180, 172, 133, 115, 91, 88
577, 565, 564, 533, 521, 504, 477, 443, 420, 414, 387, 358, 347, 307, 288, 277, 244, 227, 212, 182, 174, 175, 136, 113, 89
577, 565, 564, 533, 521, 504, 477, 443, 420, 414, 387, 358, 347, 307, 288, 277, 244, 227, 212, 182, 173, 135, 114, 90
577, 565, 532, 522, 483, 476, 442, 419, 411, 385, 360, 345, 309, 285, 278, 264, 226, 211, 180, 172, 133, 115, 91
577, 565, 532, 522, 483, 476, 442, 419, 411, 385, 361, 344, 310, 305, 279, 263, 225, 208, 179, 171, 155, 116, 92
577, 565, 532, 522, 483, 476, 442, 419, 411, 385, 361, 344, 310, 305, 279, 263, 225, 224, 207, 178, 170, 154, 117, 93
577, 565, 532, 522, 483, 476, 442, 419, 411, 385, 361, 344, 310, 305, 279, 263, 225, 224, 207, 178, 170, 154, 117, 118, 94
577, 565, 532, 522, 483, 475, 439, 418, 410, 384, 362, 343, 311, 304, 281, 261, 222, 206, 198, 169, 151, 120, 95
577, 565, 532, 522, 483, 475, 439, 418, 410, 384, 362, 343, 311, 304, 281, 261, 222, 206, 198, 168, 150, 149, 121, 96
577, 565, 532, 522, 483, 475, 439, 418, 410, 384, 362, 343, 311, 304, 281, 261, 222, 206, 198, 168, 150, 149, 121, 96, 97
577, 565, 532, 522, 483, 475, 439, 418, 410, 384, 362, 343, 311, 304, 281, 261, 222, 206, 198, 168, 150, 149, 121, 96, 97, 98
577, 565, 532, 522, 483, 475, 439, 418, 410, 384, 362, 343, 311, 304, 281, 261, 222, 206, 198, 168, 150, 149, 121, 96, 97, 98, 99
