549, 526, 506, 507, 490, 469, 456, 433, 403, 377, 370, 371, 336, 320, 321, 296, 268, 253, 235, 234, 219, 190, 158, 141, 128, 105, 106, 83, 84, 50, 26, 0
549, 526, 506, 507, 490, 469, 456, 433, 403, 377, 370, 371, 336, 320, 321, 296, 268, 253, 235, 234, 219, 190, 158, 141, 128, 105, 106, 83, 84, 50, 26, 1
549, 526, 506, 507, 490, 469, 456, 433, 403, 377, 370, 371, 336, 320, 321, 296, 268, 253, 235, 234, 219, 190, 158, 141, 128, 105, 106, 83, 84, 50, 26, 2
549, 526, 506, 507, 490, 469, 456, 433, 403, 377, 370, 371, 336, 320, 321, 296, 268, 253, 235, 234, 219, 190, 158, 141, 128, 105, 106, 83, 84, 50, 26, 2, 3
549, 526, 506, 488, 471, 459, 437, 406, 381, 364, 341, 313, 303, 304, 280, 262, 224, 207, 178, 170, 154, 117, 93, 71, 65, 44, 7, 6, 5, 4
549, 526, 506, 488, 471, 459, 437, 406, 381, 364, 341, 313, 303, 304, 280, 262, 224, 207, 178, 170, 154, 117, 93, 71, 65, 44, 7, 6, 5
549, 526, 506, 488, 471, 459, 437, 406, 381, 364, 341, 313, 303, 304, 280, 262, 224, 207, 178, 170, 154, 117, 93, 71, 65, 44, 7, 6
549, 526, 506, 488, 471, 459, 437, 406, 381, 364, 341, 313, 303, 304, 280, 262, 224, 207, 178, 170, 154, 117, 93, 71, 65, 44, 7
549, 526, 506, 488, 471, 459, 437, 406, 381, 364, 341, 313, 303, 282, 261, 222, 206, 198, 169, 152, 153, 118, 94, 72, 64, 43, 9, 8
549, 526, 506, 488, 471, 459, 437, 406, 381, 364, 341, 313, 303, 282, 261, 222, 206, 198, 169, 152, 153, 118, 94, 72, 64, 43, 9
549, 526, 506, 488, 471, 459, 437, 406, 381, 364, 341, 313, 303, 282, 261, 222, 206, 198, 169, 151, 120, 95, 73, 62, 41, 10
549, 526, 506, 488, 470, 458, 435, 405, 380, 365, 340, 316, 301, 284, 259, 241, 204, 196, 166, 149, 121, 96, 74, 61, 40, 11
549, 526, 506, 488, 470, 458, 435, 405, 380, 365, 340, 316, 301, 284, 259, 241, 204, 196, 166, 149, 121, 96, 74, 60, 38, 12
549, 526, 506, 488, 470, 458, 435, 405, 380, 365, 340, 316, 301, 284, 259, 241, 204, 196, 166, 149, 121, 96, 74, 60, 38, 12, 13
549, 526, 506, 488, 470, 458, 435, 405, 380, 365, 340, 316, 301, 284, 259, 241, 203, 195, 165, 164, 147, 123, 99, 76, 57, 35, 14
549, 526, 506, 507, 490, 469, 456, 433, 403, 377, 370, 337, 319, 299, 266, 256, 238, 200, 193, 162, 145, 144, 125, 101, 78, 56, 33, 15
549, 526, 506, 507, 490, 469, 456, 433, 403, 377, 370, 337, 319, 299, 266, 256, 238, 200, 193, 162, 145, 144, 125, 101, 102, 80, 55, 32, 16
549, 526, 506, 507, 490, 469, 456, 433, 403, 377, 370, 371, 336, 320, 321, 296, 268, 253, 235, 220, 191, 159, 142, 127, 104, 81, 54, 31, 17
549, 526, 506, 507, 490, 469, 456, 433, 403, 377, 370, 371, 336, 320, 321, 296, 268, 253, 235, 234, 219, 190, 158, 141, 128, 105, 82, 53, 30, 18
549, 526, 506, 507, 490, 469, 456, 433, 403, 377, 370, 371, 336, 320, 321, 296, 268, 253, 235, 234, 219, 190, 158, 141, 128, 105, 82, 53, 30, 19
549, 526, 506, 507, 490, 469, 456, 433, 403, 377, 370, 371, 336, 320, 321, 296, 268, 253, 235, 234, 219, 190, 158, 141, 128, 105, 82, 53, 30, 19, 20
549, 526, 506, 507, 490, 469, 456, 433, 403, 377, 370, 371, 336, 320, 321, 296, 268, 253, 235, 234, 219, 190, 158, 141, 128, 105, 82, 53, 52, 29, 28, 21
549, 526, 506, 488, 471, 459, 437, 406, 381, 364, 341, 313, 303, 304, 280, 262, 224, 207, 178, 170, 154, 117, 93, 71, 65, 66, 45, 22
549, 526, 506, 488, 471, 459, 437, 406, 381, 364, 341, 313, 303, 304, 280, 262, 224, 207, 178, 170, 154, 117, 93, 71, 65, 66, 67, 23
549, 526, 506, 488, 471, 459, 437, 407, 408, 409, 384, 385, 360, 345, 309, 285, 278, 264, 226, 227, 212, 182, 173, 135, 114, 90, 87, 47, 24
549, 526, 506, 507, 490, 469, 456, 433, 403, 377, 370, 371, 336, 320, 321, 296, 268, 253, 235, 234, 219, 190, 158, 141, 128, 105, 106, 83, 84, 50, 26, 25
549, 526, 506, 507, 490, 469, 456, 433, 403, 377, 370, 371, 336, 320, 321, 296, 268, 253, 235, 234, 219, 190, 158, 141, 128, 105, 106, 83, 84, 50, 26
549, 526, 506, 507, 490, 469, 456, 433, 403, 377, 370, 371, 336, 320, 321, 296, 268, 253, 235, 234, 219, 190, 158, 141, 128, 105, 82, 53, 52, 29, 28, 27
549, 526, 506, 507, 490, 469, 456, 433, 403, 377, 370, 371, 336, 320, 321, 296, 268, 253, 235, 234, 219, 190, 158, 141, 128, 105, 82, 53, 52, 29, 28
549, 526, 506, 507, 490, 469, 456, 433, 403, 377, 370, 371, 336, 320, 321, 296, 268, 253, 235, 234, 219, 190, 158, 141, 128, 105, 82, 53, 52, 29
549, 526, 506, 507, 490, 469, 456, 433, 403, 377, 370, 371, 336, 320, 321, 296, 268, 253, 235, 234, 219, 190, 158, 141, 128, 105, 82, 53, 30
549, 526, 506, 507, 490, 469, 456, 433, 403, 377, 370, 371, 336, 320, 321, 296, 268, 253, 235, 220, 191, 159, 142, 127, 104, 81, 54, 31
549, 526, 506, 507, 490, 469, 456, 433, 403, 377, 370, 337, 319, 299, 266, 256, 238, 200, 193, 162, 145, 144, 125, 101, 102, 80, 55, 32
549, 526, 506, 507, 490, 469, 456, 433, 403, 377, 370, 337, 319, 299, 266, 256, 238, 200, 193, 162, 145, 144, 125, 101, 78, 56, 33
549, 526, 506, 507, 490, 469, 456, 433, 403, 377, 370, 337, 319, 299, 266, 256, 238, 200, 193, 162, 145, 144, 125, 101, 78, 56, 34
549, 526, 506, 488, 470, 458, 435, 405, 380, 365, 340, 316, 301, 284, 259, 241, 203, 195, 165, 164, 147, 123, 99, 76, 57, 35
549, 526, 506, 488, 470, 458, 435, 405, 380, 365, 340, 316, 301, 284, 259, 241, 203, 195, 165, 164, 147, 123, 99, 76, 58, 36
549, 526, 506, 488, 470, 458, 435, 405, 380, 365, 340, 316, 301, 284, 259, 241, 204, 196, 166, 149, 121, 96, 74, 60, 38, 37
549, 526, 506, 488, 470, 458, 435, 405, 380, 365, 340, 316, 301, 284, 259, 241, 204, 196, 166, 149, 121, 96, 74, 60, 38
549, 526, 506, 488, 470, 458, 435, 405, 380, 365, 340, 316, 301, 284, 259, 241, 204, 196, 166, 149, 121, 96, 74, 61, 39
549, 526, 506, 488, 470, 458, 435, 405, 380, 365, 340, 316, 301, 284, 259, 241, 204, 196, 166, 149, 121, 96, 74, 61, 40
549, 526, 506, 488, 471, 459, 437, 406, 381, 364, 341, 313, 303, 282, 261, 222, 206, 198, 169, 151, 120, 95, 73, 62, 41
549, 526, 506, 488, 471, 459, 437, 406, 381, 364, 341, 313, 303, 282, 261, 222, 206, 198, 169, 151, 120, 95, 73, 62, 41, 42
549, 526, 506, 488, 471, 459, 437, 406, 381, 364, 341, 313, 303, 282, 261, 222, 206, 198, 169, 152, 153, 118, 94, 72, 64, 43
549, 526, 506, 488, 471, 459, 437, 406, 381, 364, 341, 313, 303, 304, 280, 262, 224, 207, 178, 170, 154, 117, 93, 71, 65, 44
549, 526, 506, 488, 471, 459, 437, 406, 381, 364, 341, 313, 303, 304, 280, 262, 224, 207, 178, 170, 154, 117, 93, 71, 65, 66, 45
549, 526, 506, 488, 471, 459, 437, 407, 408, 409, 384, 385, 360, 345, 309, 285, 278, 264, 226, 227, 212, 182, 173, 135, 114, 90, 87, 46
549, 526, 506, 488, 471, 459, 437, 407, 408, 409, 384, 385, 360, 345, 309, 285, 278, 264, 226, 227, 212, 182, 173, 135, 114, 90, 87, 47
549, 526, 506, 488, 471, 459, 437, 407, 408, 409, 384, 385, 360, 345, 309, 285, 278, 264, 226, 227, 212, 182, 174, 175, 136, 113, 89, 86, 48
549, 526, 506, 507, 490, 469, 456, 433, 403, 377, 370, 371, 336, 320, 321, 296, 268, 253, 235, 234, 219, 190, 158, 140, 139, 138, 110, 108, 85, 49
549, 526, 506, 507, 490, 469, 456, 433, 403, 377, 370, 371, 336, 320, 321, 296, 268, 253, 235, 234, 219, 190, 158, 141, 128, 105, 106, 83, 84, 50
549, 526, 506, 507, 490, 469, 456, 433, 403, 377, 370, 371, 336, 320, 321, 296, 268, 253, 235, 234, 219, 190, 158, 141, 128, 105, 106, 83, 84, 51
549, 526, 506, 507, 490, 469, 456, 433, 403, 377, 370, 371, 336, 320, 321, 296, 268, 253, 235, 234, 219, 190, 158, 141, 128, 105, 82, 53, 52
549, 526, 506, 507, 490, 469, 456, 433, 403, 377, 370, 371, 336, 320, 321, 296, 268, 253, 235, 234, 219, 190, 158, 141, 128, 105, 82, 53
549, 526, 506, 507, 490, 469, 456, 433, 403, 377, 370, 371, 336, 320, 321, 296, 268, 253, 235, 220, 191, 159, 142, 127, 104, 81, 54
549, 526, 506, 507, 490, 469, 456, 433, 403, 377, 370, 337, 319, 299, 266, 256, 238, 200, 193, 162, 145, 144, 125, 101, 102, 80, 55
549, 526, 506, 507, 490, 469, 456, 433, 403, 377, 370, 337, 319, 299, 266, 256, 238, 200, 193, 162, 145, 144, 125, 101, 78, 56
549, 526, 506, 488, 470, 458, 435, 405, 380, 365, 340, 316, 301, 284, 259, 241, 203, 195, 165, 164, 147, 123, 99, 76, 57
549, 526, 506, 488, 470, 458, 435, 405, 380, 365, 340, 316, 301, 284, 259, 241, 203, 195, 165, 164, 147, 123, 99, 76, 58
549, 526, 506, 488, 470, 458, 435, 405, 380, 365, 340, 316, 301, 284, 259, 241, 204, 196, 166, 149, 121, 96, 97, 75, 59
549, 526, 506, 488, 470, 458, 435, 405, 380, 365, 340, 316, 301, 284, 259, 241, 204, 196, 166, 149, 121, 96, 74, 60
549, 526, 506, 488, 470, 458, 435, 405, 380, 365, 340, 316, 301, 284, 259, 241, 204, 196, 166, 149, 121, 96, 74, 61
549, 526, 506, 488, 471, 459, 437, 406, 381, 364, 341, 313, 303, 282, 261, 222, 206, 198, 169, 151, 120, 95, 73, 62
549, 526, 506, 488, 471, 459, 437, 406, 381, 364, 341, 313, 303, 282, 261, 222, 206, 198, 169, 152, 153, 118, 94, 72, 63
549, 526, 506, 488, 471, 459, 437, 406, 381, 364, 341, 313, 303, 282, 261, 222, 206, 198, 169, 152, 153, 118, 94, 72, 64
549, 526, 506, 488, 471, 459, 437, 406, 381, 364, 341, 313, 303, 304, 280, 262, 224, 207, 178, 170, 154, 117, 93, 71, 65
549, 526, 506, 488, 471, 459, 437, 406, 381, 364, 341, 313, 303, 304, 280, 262, 224, 207, 178, 170, 154, 117, 93, 71, 65, 66
549, 526, 506, 488, 471, 459, 437, 406, 381, 364, 341, 313, 303, 304, 280, 262, 224, 207, 178, 170, 154, 117, 93, 71, 65, 66, 67
549, 526, 506, 488, 471, 459, 437, 406, 381, 364, 341, 313, 303, 304, 280, 262, 224, 207, 178, 170, 154, 117, 93, 70, 69, 68
549, 526, 506, 488, 471, 459, 437, 406, 381, 364, 341, 313, 303, 304, 280, 262, 224, 207, 178, 170, 154, 117, 93, 70, 69
549, 526, 506, 488, 471, 459, 437, 406, 381, 364, 341, 313, 303, 304, 280, 262, 224, 207, 178, 170, 154, 117, 93, 70
549, 526, 506, 488, 471, 459, 437, 406, 381, 364, 341, 313, 303, 304, 280, 262, 224, 207, 178, 170, 154, 117, 93, 71
549, 526, 506, 488, 471, 459, 437, 406, 381, 364, 341, 313, 303, 282, 261, 222, 206, 198, 169, 152, 153, 118, 94, 72
549, 526, 506, 488, 471, 459, 437, 406, 381, 364, 341, 313, 303, 282, 261, 222, 206, 198, 169, 151, 120, 95, 73
549, 526, 506, 488, 470, 458, 435, 405, 380, 365, 340, 316, 301, 284, 259, 241, 204, 196, 166, 149, 121, 96, 74
549, 526, 506, 488, 470, 458, 435, 405, 380, 365, 340, 316, 301, 284, 259, 241, 204, 196, 166, 149, 121, 96, 97, 75
549, 526, 506, 488, 470, 458, 435, 405, 380, 365, 340, 316, 301, 284, 259, 241, 203, 195, 165, 164, 147, 123, 99, 76
549, 526, 506, 507, 490, 469, 456, 433, 403, 377, 370, 337, 319, 299, 266, 256, 238, 200, 193, 162, 145, 124, 100, 77
549, 526, 506, 507, 490, 469, 456, 433, 403, 377, 370, 337, 319, 299, 266, 256, 238, 200, 193, 162, 145, 144, 125, 101, 78
549, 526, 506, 507, 490, 469, 456, 433, 403, 377, 370, 337, 319, 299, 266, 256, 238, 200, 193, 162, 145, 144, 125, 101, 102, 79
549, 526, 506, 507, 490, 469, 456, 433, 403, 377, 370, 337, 319, 299, 266, 256, 238, 200, 193, 162, 145, 144, 125, 101, 102, 80
549, 526, 506, 507, 490, 469, 456, 433, 403, 377, 370, 371, 336, 320, 321, 296, 268, 253, 235, 220, 191, 159, 142, 127, 104, 81
549, 526, 506, 507, 490, 469, 456, 433, 403, 377, 370, 371, 336, 320, 321, 296, 268, 253, 235, 234, 219, 190, 158, 141, 128, 105, 82
549, 526, 506, 507, 490, 469, 456, 433, 403, 377, 370, 371, 336, 320, 321, 296, 268, 253, 235, 234, 219, 190, 158, 141, 128, 105, 106, 83
549, 526, 506, 507, 490, 469, 456, 433, 403, 377, 370, 371, 336, 320, 321, 296, 268, 253, 235, 234, 219, 190, 158, 141, 128, 105, 106, 83, 84
549, 526, 506, 507, 490, 469, 456, 433, 403, 377, 370, 371, 336, 320, 321, 296, 268, 253, 235, 234, 219, 190, 158, 140, 139, 138, 110, 108, 85
549, 526, 506, 488, 471, 459, 437, 407, 408, 409, 384, 385, 360, 345, 309, 285, 278, 264, 226, 227, 212, 182, 174, 175, 136, 113, 89, 86
549, 526, 506, 488, 471, 459, 437, 407, 408, 409, 384, 385, 360, 345, 309, 285, 278, 264, 226, 227, 212, 182, 173, 135, 114, 90, 87
549, 526, 506, 488, 471, 459, 437, 407, 408, 409, 384, 385, 360, 345, 309, 285, 278, 264, 226, 211, 180, 172, 133, 115, 91, 88
549, 526, 506, 488, 471, 459, 437, 407, 408, 409, 384, 385, 360, 345, 309, 285, 278, 264, 226, 227, 212, 182, 174, 175, 136, 113, 89
549, 526, 506, 488, 471, 459, 437, 407, 408, 409, 384, 385, 360, 345, 309, 285, 278, 264, 226, 227, 212, 182, 173, 135, 114, 90
549, 526, 506, 488, 471, 459, 437, 407, 408, 409, 384, 385, 360, 345, 309, 285, 278, 264, 226, 211, 180, 172, 133, 115, 91
549, 526, 506, 488, 471, 459, 437, 406, 381, 364, 363, 342, 311, 310, 305, 279, 263, 225, 208, 179, 171, 155, 116, 92
549, 526, 506, 488, 471, 459, 437, 406, 381, 364, 341, 313, 303, 304, 280, 262, 224, 207, 178, 170, 154, 117, 93
549, 526, 506, 488, 471, 459, 437, 406, 381, 364, 341, 313, 303, 282, 261, 222, 206, 198, 169, 152, 153, 118, 94
549, 526, 506, 488, 471, 459, 437, 406, 381, 364, 341, 313, 303, 282, 261, 222, 206, 198, 169, 151, 120, 95
549, 526, 506, 488, 470, 458, 435, 405, 380, 365, 340, 316, 301, 284, 259, 241, 204, 196, 166, 149, 121, 96
549, 526, 506, 488, 470, 458, 435, 405, 380, 365, 340, 316, 301, 284, 259, 241, 204, 196, 166, 149, 121, 96, 97
549, 526, 506, 488, 470, 458, 435, 405, 380, 365, 340, 316, 301, 284, 259, 241, 203, 195, 165, 148, 122, 98
549, 526, 506, 488, 470, 458, 435, 405, 380, 365, 340, 316, 301, 284, 259, 241, 203, 195, 165, 164, 147, 123, 99
