697, 685, 655, 635, 628, 608, 583, 560, 536, 517, 500, 481, 446, 423, 394, 390, 355, 328, 327, 291, 274, 248, 230, 216, 185, 177, 138, 110, 108, 85, 49, 26, 0
697, 685, 655, 635, 628, 608, 583, 560, 536, 517, 500, 481, 446, 423, 394, 390, 355, 328, 327, 291, 274, 248, 230, 216, 185, 177, 138, 110, 108, 85, 49, 26, 1
697, 685, 655, 635, 628, 608, 583, 560, 536, 517, 500, 481, 446, 423, 394, 390, 355, 328, 327, 291, 274, 248, 230, 216, 185, 177, 138, 110, 108, 85, 49, 26, 2
697, 685, 655, 635, 628, 608, 583, 560, 536, 517, 500, 481, 480, 445, 422, 415, 389, 357, 348, 306, 289, 276, 245, 228, 213, 183, 175, 136, 113, 89, 86, 48, 25, 3
697, 685, 655, 635, 628, 608, 583, 560, 536, 517, 500, 481, 480, 445, 422, 415, 389, 388, 358, 347, 307, 288, 277, 244, 227, 212, 182, 173, 135, 114, 90, 87, 47, 24, 4
697, 685, 655, 635, 628, 608, 583, 560, 536, 517, 500, 481, 480, 445, 422, 415, 389, 388, 358, 347, 307, 288, 277, 244, 227, 212, 181, 172, 133, 115, 91, 88, 67, 23, 5
697, 685, 655, 635, 628, 608, 583, 560, 536, 517, 500, 481, 480, 445, 422, 415, 389, 388, 358, 347, 307, 288, 277, 244, 227, 212, 181, 172, 132, 116, 92, 69, 66, 45, 6
697, 685, 655, 635, 628, 608, 583, 560, 536, 517, 500, 481, 480, 445, 422, 415, 389, 388, 358, 347, 307, 288, 277, 244, 227, 212, 181, 172, 132, 116, 92, 69, 66, 44, 7
697, 685, 655, 635, 628, 608, 583, 560, 536, 517, 500, 481, 480, 445, 422, 415, 389, 388, 358, 347, 307, 288, 277, 244, 227, 212, 181, 172, 132, 116, 92, 69, 66, 44, 8
697, 685, 655, 635, 628, 608, 583, 560, 536, 517, 500, 481, 480, 445, 422, 415, 389, 388, 358, 347, 307, 288, 277, 244, 227, 212, 181, 172, 132, 116, 92, 69, 66, 44, 8, 9
697, 685, 655, 635, 628, 608, 583, 560, 536, 517, 500, 481, 480, 445, 422, 415, 389, 388, 358, 347, 307, 288, 277, 243, 264, 226, 210, 179, 171, 170, 154, 117, 118, 94, 72, 63, 42, 10
697, 685, 655, 635, 628, 608, 583, 560, 536, 517, 500, 481, 480, 445, 422, 415, 389, 388, 358, 347, 307, 288, 277, 243, 264, 226, 210, 179, 171, 170, 154, 117, 118, 94, 72, 63, 42, 10, 11
697, 685, 655, 635, 628, 608, 609, 582, 562, 535, 518, 501, 479, 444, 443, 420, 413, 412, 385, 361, 362, 343, 311, 304, 281, 261, 222, 206, 198, 169, 151, 120, 95, 73, 74, 60, 38, 12
697, 685, 655, 635, 628, 608, 609, 582, 562, 535, 518, 501, 479, 444, 443, 420, 413, 412, 385, 361, 362, 343, 311, 304, 281, 261, 222, 206, 198, 169, 151, 120, 95, 73, 74, 60, 38, 12, 13
697, 684, 654, 653, 630, 607, 584, 559, 539, 515, 498, 497, 463, 464, 451, 429, 430, 401, 375, 371, 336, 320, 298, 267, 255, 237, 199, 193, 162, 145, 124, 100, 77, 57, 35, 14
697, 684, 654, 653, 630, 607, 584, 559, 539, 515, 498, 462, 449, 427, 398, 399, 373, 374, 350, 349, 335, 322, 296, 268, 254, 236, 221, 192, 161, 144, 125, 101, 78, 56, 33, 15
697, 684, 654, 653, 630, 607, 584, 559, 539, 515, 498, 462, 449, 427, 398, 372, 352, 331, 324, 294, 270, 252, 233, 219, 190, 159, 142, 127, 104, 81, 54, 31, 17, 16
697, 684, 654, 653, 630, 607, 584, 559, 539, 515, 498, 462, 449, 427, 398, 372, 352, 331, 324, 294, 270, 252, 233, 219, 190, 159, 142, 127, 104, 81, 54, 31, 17
697, 684, 654, 653, 630, 607, 584, 559, 539, 515, 498, 462, 449, 427, 398, 372, 352, 331, 324, 294, 270, 252, 233, 219, 190, 158, 141, 128, 105, 82, 53, 30, 18
697, 684, 654, 653, 630, 607, 584, 559, 539, 515, 498, 462, 449, 427, 398, 372, 352, 331, 324, 294, 270, 252, 233, 219, 190, 158, 141, 128, 105, 82, 53, 30, 19
697, 684, 654, 653, 630, 607, 584, 559, 539, 515, 498, 462, 449, 427, 398, 372, 352, 331, 324, 294, 270, 252, 233, 219, 190, 158, 141, 128, 105, 82, 53, 30, 19, 20
697, 685, 655, 635, 628, 608, 583, 560, 536, 517, 500, 481, 446, 423, 394, 390, 355, 328, 327, 291, 274, 248, 230, 216, 185, 177, 138, 110, 107, 84, 51, 27, 21
697, 685, 655, 635, 628, 608, 583, 560, 536, 517, 500, 481, 480, 445, 422, 415, 389, 388, 358, 347, 307, 288, 277, 244, 227, 212, 181, 172, 133, 115, 91, 88, 67, 22
697, 685, 655, 635, 628, 608, 583, 560, 536, 517, 500, 481, 480, 445, 422, 415, 389, 388, 358, 347, 307, 288, 277, 244, 227, 212, 181, 172, 133, 115, 91, 88, 67, 23
697, 685, 655, 635, 628, 608, 583, 560, 536, 517, 500, 481, 480, 445, 422, 415, 389, 388, 358, 347, 307, 288, 277, 244, 227, 212, 182, 173, 135, 114, 90, 87, 47, 24
697, 685, 655, 635, 628, 608, 583, 560, 536, 517, 500, 481, 480, 445, 422, 415, 389, 357, 348, 306, 289, 276, 245, 228, 213, 183, 175, 136, 113, 89, 86, 48, 25
697, 685, 655, 635, 628, 608, 583, 560, 536, 517, 500, 481, 446, 423, 394, 390, 355, 328, 327, 291, 274, 248, 230, 216, 185, 177, 138, 110, 108, 85, 49, 26
697, 685, 655, 635, 628, 608, 583, 560, 536, 517, 500, 481, 446, 423, 394, 390, 355, 328, 327, 291, 274, 248, 230, 216, 185, 177, 138, 110, 107, 84, 51, 27
697, 685, 655, 635, 628, 608, 583, 560, 536, 517, 500, 481, 446, 423, 394, 390, 355, 328, 327, 291, 274, 248, 230, 216, 185, 177, 138, 110, 107, 84, 51, 28
697, 684, 654, 653, 630, 607, 584, 559, 539, 515, 498, 462, 449, 427, 397, 392, 353, 330, 325, 293, 271, 250, 232, 217, 187, 156, 139, 130, 106, 83, 52, 29
697, 684, 654, 653, 630, 607, 584, 559, 539, 515, 498, 462, 449, 427, 398, 372, 352, 331, 324, 294, 270, 252, 233, 219, 190, 158, 141, 128, 105, 82, 53, 30
697, 684, 654, 653, 630, 607, 584, 559, 539, 515, 498, 462, 449, 427, 398, 372, 352, 331, 324, 294, 270, 252, 233, 219, 190, 159, 142, 127, 104, 81, 54, 31
697, 684, 654, 653, 630, 607, 584, 559, 539, 515, 498, 462, 449, 427, 398, 372, 352, 331, 324, 294, 270, 252, 233, 219, 190, 159, 142, 127, 104, 81, 54, 55, 32
697, 684, 654, 653, 630, 607, 584, 559, 539, 515, 498, 462, 449, 427, 398, 399, 373, 374, 350, 349, 335, 322, 296, 268, 254, 236, 221, 192, 161, 144, 125, 101, 78, 56, 33
697, 684, 654, 653, 630, 607, 584, 559, 539, 515, 498, 462, 449, 427, 398, 399, 373, 374, 350, 349, 335, 322, 296, 268, 254, 236, 221, 192, 161, 144, 125, 101, 78, 56, 34
697, 684, 654, 653, 630, 607, 584, 559, 539, 515, 498, 497, 463, 464, 451, 429, 430, 401, 375, 371, 336, 320, 298, 267, 255, 237, 199, 193, 162, 145, 124, 100, 77, 57, 35
697, 684, 654, 653, 630, 607, 584, 559, 539, 515, 498, 497, 463, 464, 451, 429, 430, 401, 375, 371, 336, 320, 298, 267, 255, 237, 199, 193, 162, 145, 124, 100, 77, 76, 58, 36
697, 685, 655, 635, 628, 608, 609, 582, 562, 535, 518, 501, 479, 444, 443, 420, 413, 412, 385, 361, 362, 343, 311, 304, 281, 261, 222, 206, 198, 169, 151, 120, 95, 73, 74, 60, 38, 37
697, 685, 655, 635, 628, 608, 609, 582, 562, 535, 518, 501, 479, 444, 443, 420, 413, 412, 385, 361, 362, 343, 311, 304, 281, 261, 222, 206, 198, 169, 151, 120, 95, 73, 74, 60, 38
697, 685, 655, 635, 628, 608, 609, 582, 562, 535, 518, 501, 479, 444, 443, 420, 413, 412, 385, 361, 362, 343, 311, 304, 281, 261, 222, 206, 198, 169, 151, 120, 95, 73, 62, 61, 39
697, 685, 655, 635, 628, 608, 583, 560, 536, 517, 500, 481, 480, 445, 422, 415, 389, 388, 358, 347, 307, 288, 277, 243, 264, 226, 210, 179, 171, 170, 154, 117, 118, 94, 72, 63, 42, 41, 40
697, 685, 655, 635, 628, 608, 583, 560, 536, 517, 500, 481, 480, 445, 422, 415, 389, 388, 358, 347, 307, 288, 277, 243, 264, 226, 210, 179, 171, 170, 154, 117, 118, 94, 72, 63, 42, 41
697, 685, 655, 635, 628, 608, 583, 560, 536, 517, 500, 481, 480, 445, 422, 415, 389, 388, 358, 347, 307, 288, 277, 243, 264, 226, 210, 179, 171, 170, 154, 117, 118, 94, 72, 63, 42
697, 685, 655, 635, 628, 608, 583, 560, 536, 517, 500, 481, 480, 445, 422, 415, 389, 388, 358, 347, 307, 288, 277, 243, 264, 226, 210, 179, 171, 170, 154, 117, 118, 94, 72, 64, 43
697, 685, 655, 635, 628, 608, 583, 560, 536, 517, 500, 481, 480, 445, 422, 415, 389, 388, 358, 347, 307, 288, 277, 244, 227, 212, 181, 172, 132, 116, 92, 69, 66, 44
697, 685, 655, 635, 628, 608, 583, 560, 536, 517, 500, 481, 480, 445, 422, 415, 389, 388, 358, 347, 307, 288, 277, 244, 227, 212, 181, 172, 132, 116, 92, 69, 66, 45
697, 685, 655, 635, 628, 608, 583, 560, 536, 517, 500, 481, 480, 445, 422, 415, 389, 388, 358, 347, 307, 288, 277, 244, 227, 212, 182, 173, 135, 114, 90, 87, 46
697, 685, 655, 635, 628, 608, 583, 560, 536, 517, 500, 481, 480, 445, 422, 415, 389, 388, 358, 347, 307, 288, 277, 244, 227, 212, 182, 173, 135, 114, 90, 87, 47
697, 685, 655, 635, 628, 608, 583, 560, 536, 517, 500, 481, 480, 445, 422, 415, 389, 357, 348, 306, 289, 276, 245, 228, 213, 183, 175, 136, 113, 89, 86, 48
697, 685, 655, 635, 628, 608, 583, 560, 536, 517, 500, 481, 446, 423, 394, 390, 355, 328, 327, 291, 274, 248, 230, 216, 185, 177, 138, 110, 108, 85, 49
697, 685, 655, 635, 628, 608, 583, 560, 536, 517, 500, 481, 446, 423, 394, 390, 355, 328, 327, 291, 274, 248, 230, 216, 185, 177, 138, 110, 107, 84, 50
697, 685, 655, 635, 628, 608, 583, 560, 536, 517, 500, 481, 446, 423, 394, 390, 355, 328, 327, 291, 274, 248, 230, 216, 185, 177, 138, 110, 107, 84, 51
697, 684, 654, 653, 630, 607, 584, 559, 539, 515, 498, 462, 449, 427, 397, 392, 353, 330, 325, 293, 271, 250, 232, 217, 187, 156, 139, 130, 106, 83, 52
697, 684, 654, 653, 630, 607, 584, 559, 539, 515, 498, 462, 449, 427, 398, 372, 352, 331, 324, 294, 270, 252, 233, 219, 190, 158, 141, 128, 105, 82, 53
697, 684, 654, 653, 630, 607, 584, 559, 539, 515, 498, 462, 449, 427, 398, 372, 352, 331, 324, 294, 270, 252, 233, 219, 190, 159, 142, 127, 104, 81, 54
697, 684, 654, 653, 630, 607, 584, 559, 539, 515, 498, 462, 449, 427, 398, 372, 352, 331, 324, 294, 270, 252, 233, 219, 190, 159, 142, 127, 104, 81, 54, 55
697, 684, 654, 653, 630, 607, 584, 559, 539, 515, 498, 462, 449, 427, 398, 399, 373, 374, 350, 349, 335, 322, 296, 268, 254, 236, 221, 192, 161, 144, 125, 101, 78, 56
697, 684, 654, 653, 630, 607, 584, 559, 539, 515, 498, 497, 463, 464, 451, 429, 430, 401, 375, 371, 336, 320, 298, 267, 255, 237, 199, 193, 162, 145, 124, 100, 77, 57
697, 684, 654, 653, 630, 607, 584, 559, 539, 515, 498, 497, 463, 464, 451, 429, 430, 401, 375, 371, 336, 320, 298, 267, 255, 237, 199, 193, 162, 145, 124, 100, 77, 76, 58
697, 685, 655, 635, 628, 608, 609, 582, 562, 535, 518, 501, 479, 444, 443, 420, 413, 412, 385, 361, 362, 343, 311, 304, 281, 261, 222, 206, 198, 169, 151, 120, 95, 73, 74, 60, 59
697, 685, 655, 635, 628, 608, 609, 582, 562, 535, 518, 501, 479, 444, 443, 420, 413, 412, 385, 361, 362, 343, 311, 304, 281, 261, 222, 206, 198, 169, 151, 120, 95, 73, 74, 60
697, 685, 655, 635, 628, 608, 609, 582, 562, 535, 518, 501, 479, 444, 443, 420, 413, 412, 385, 361, 362, 343, 311, 304, 281, 261, 222, 206, 198, 169, 151, 120, 95, 73, 62, 61
697, 685, 655, 635, 628, 608, 609, 582, 562, 535, 518, 501, 479, 444, 443, 420, 413, 412, 385, 361, 362, 343, 311, 304, 281, 261, 222, 206, 198, 169, 151, 120, 95, 73, 62
697, 685, 655, 635, 628, 608, 583, 560, 536, 517, 500, 481, 480, 445, 422, 415, 389, 388, 358, 347, 307, 288, 277, 243, 264, 226, 210, 179, 171, 170, 154, 117, 118, 94, 72, 63
697, 685, 655, 635, 628, 608, 583, 560, 536, 517, 500, 481, 480, 445, 422, 415, 389, 388, 358, 347, 307, 288, 277, 243, 264, 226, 210, 179, 171, 170, 154, 117, 118, 94, 72, 64
697, 685, 655, 635, 628, 608, 583, 560, 536, 517, 500, 481, 480, 445, 422, 415, 389, 388, 358, 347, 307, 288, 277, 244, 227, 212, 181, 172, 132, 116, 92, 69, 66, 65
697, 685, 655, 635, 628, 608, 583, 560, 536, 517, 500, 481, 480, 445, 422, 415, 389, 388, 358, 347, 307, 288, 277, 244, 227, 212, 181, 172, 132, 116, 92, 69, 66
697, 685, 655, 635, 628, 608, 583, 560, 536, 517, 500, 481, 480, 445, 422, 415, 389, 388, 358, 347, 307, 288, 277, 244, 227, 212, 181, 172, 133, 115, 91, 88, 67
697, 685, 655, 635, 628, 608, 583, 560, 536, 517, 500, 481, 480, 445, 422, 415, 389, 388, 358, 347, 307, 288, 277, 244, 227, 212, 181, 172, 133, 115, 91, 68
697, 685, 655, 635, 628, 608, 583, 560, 536, 517, 500, 481, 480, 445, 422, 415, 389, 388, 358, 347, 307, 288, 277, 244, 227, 212, 181, 172, 132, 116, 92, 69
697, 685, 655, 635, 628, 608, 583, 560, 536, 517, 500, 481, 480, 445, 422, 415, 389, 388, 358, 347, 307, 288, 277, 244, 227, 212, 181, 172, 132, 116, 92, 69, 70
697, 685, 655, 635, 628, 608, 583, 560, 536, 517, 500, 481, 480, 445, 422, 415, 389, 388, 358, 347, 307, 288, 277, 244, 227, 212, 181, 172, 132, 116, 92, 69, 70, 71
697, 685, 655, 635, 628, 608, 583, 560, 536, 517, 500, 481, 480, 445, 422, 415, 389, 388, 358, 347, 307, 288, 277, 243, 264, 226, 210, 179, 171, 170, 154, 117, 118, 94, 72
697, 685, 655, 635, 628, 608, 609, 582, 562, 535, 518, 501, 479, 444, 443, 420, 413, 412, 385, 361, 362, 343, 311, 304, 281, 261, 222, 206, 198, 169, 151, 120, 95, 73
697, 685, 655, 635, 628, 608, 609, 582, 562, 535, 518, 501, 479, 444, 443, 420, 413, 412, 385, 361, 362, 343, 311, 304, 281, 261, 222, 206, 198, 169, 151, 120, 95, 73, 74
697, 685, 655, 635, 628, 608, 609, 582, 562, 535, 518, 501, 479, 444, 443, 420, 413, 412, 385, 361, 362, 343, 311, 304, 281, 261, 222, 206, 198, 168, 150, 149, 121, 96, 97, 75
697, 684, 654, 653, 630, 607, 584, 559, 539, 515, 498, 497, 463, 464, 451, 429, 430, 401, 375, 371, 336, 320, 298, 267, 255, 237, 199, 193, 162, 145, 124, 100, 77, 76
697, 684, 654, 653, 630, 607, 584, 559, 539, 515, 498, 497, 463, 464, 451, 429, 430, 401, 375, 371, 336, 320, 298, 267, 255, 237, 199, 193, 162, 145, 124, 100, 77
697, 684, 654, 653, 630, 607, 584, 559, 539, 515, 498, 462, 449, 427, 398, 399, 373, 374, 350, 349, 335, 322, 296, 268, 254, 236, 221, 192, 161, 144, 125, 101, 78
697, 684, 654, 653, 630, 607, 584, 559, 539, 515, 498, 462, 449, 427, 398, 372, 352, 331, 332, 323, 295, 269, 253, 235, 220, 191, 160, 143, 126, 102, 79
697, 684, 654, 653, 630, 607, 584, 559, 539, 515, 498, 462, 449, 427, 398, 372, 352, 331, 332, 323, 295, 269, 253, 235, 220, 191, 160, 143, 126, 103, 80
697, 684, 654, 653, 630, 607, 584, 559, 539, 515, 498, 462, 449, 427, 398, 372, 352, 331, 324, 294, 270, 252, 233, 219, 190, 159, 142, 127, 104, 81
697, 684, 654, 653, 630, 607, 584, 559, 539, 515, 498, 462, 449, 427, 398, 372, 352, 331, 324, 294, 270, 252, 233, 219, 190, 158, 141, 128, 105, 82
697, 684, 654, 653, 630, 607, 584, 559, 539, 515, 498, 462, 449, 427, 397, 392, 353, 330, 325, 293, 271, 250, 232, 217, 187, 156, 139, 130, 106, 83
697, 685, 655, 635, 628, 608, 583, 560, 536, 517, 500, 481, 446, 423, 394, 390, 355, 328, 327, 291, 274, 248, 230, 216, 185, 177, 138, 110, 107, 84
697, 685, 655, 635, 628, 608, 583, 560, 536, 517, 500, 481, 446, 423, 394, 390, 355, 328, 327, 291, 274, 248, 230, 216, 185, 177, 138, 110, 108, 85
697, 685, 655, 635, 628, 608, 583, 560, 536, 517, 500, 481, 480, 445, 422, 415, 389, 357, 348, 306, 289, 276, 245, 228, 213, 183, 175, 136, 113, 89, 86
697, 685, 655, 635, 628, 608, 583, 560, 536, 517, 500, 481, 480, 445, 422, 415, 389, 388, 358, 347, 307, 288, 277, 244, 227, 212, 182, 173, 135, 114, 90, 87
697, 685, 655, 635, 628, 608, 583, 560, 536, 517, 500, 481, 480, 445, 422, 415, 389, 388, 358, 347, 307, 288, 277, 244, 227, 212, 181, 172, 133, 115, 91, 88
697, 685, 655, 635, 628, 608, 583, 560, 536, 517, 500, 481, 480, 445, 422, 415, 389, 357, 348, 306, 289, 276, 245, 228, 213, 183, 175, 136, 113, 89
697, 685, 655, 635, 628, 608, 583, 560, 536, 517, 500, 481, 480, 445, 422, 415, 389, 388, 358, 347, 307, 288, 277, 244, 227, 212, 182, 173, 135, 114, 90
697, 685, 655, 635, 628, 608, 583, 560, 536, 517, 500, 481, 480, 445, 422, 415, 389, 388, 358, 347, 307, 288, 277, 244, 227, 212, 181, 172, 133, 115, 91
697, 685, 655, 635, 628, 608, 583, 560, 536, 517, 500, 481, 480, 445, 422, 415, 389, 388, 358, 347, 307, 288, 277, 244, 227, 212, 181, 172, 132, 116, 92
697, 685, 655, 635, 628, 608, 583, 560, 536, 517, 500, 481, 480, 445, 422, 415, 389, 388, 358, 347, 307, 288, 277, 243, 264, 226, 210, 179, 171, 170, 154, 117, 93
697, 685, 655, 635, 628, 608, 583, 560, 536, 517, 500, 481, 480, 445, 422, 415, 389, 388, 358, 347, 307, 288, 277, 243, 264, 226, 210, 179, 171, 170, 154, 117, 118, 94
697, 685, 655, 635, 628, 608, 609, 582, 562, 535, 518, 501, 479, 444, 443, 420, 413, 412, 385, 361, 362, 343, 311, 304, 281, 261, 222, 206, 198, 169, 151, 120, 95
697, 685, 655, 635, 628, 608, 609, 582, 562, 535, 518, 501, 479, 444, 443, 420, 413, 412, 385, 361, 362, 343, 311, 304, 281, 261, 222, 206, 198, 168, 150, 149, 121, 96
697, 685, 655, 635, 628, 608, 609, 582, 562, 535, 518, 501, 479, 444, 443, 420, 413, 412, 385, 361, 362, 343, 311, 304, 281, 261, 222, 206, 198, 168, 150, 149, 121, 96, 97
697, 685, 655, 635, 628, 608, 609, 582, 562, 535, 518, 501, 479, 444, 443, 420, 413, 412, 385, 361, 362, 343, 311, 304, 281, 261, 222, 206, 198, 168, 150, 149, 121, 96, 97, 98
697, 684, 654, 653, 630, 607, 584, 559, 539, 515, 498, 497, 463, 464, 451, 429, 430, 401, 375, 371, 336, 320, 298, 267, 255, 237, 199, 193, 163, 164, 147, 123, 99
