701, 700, 682, 674, 652, 631, 605, 585, 558, 540, 514, 496, 463, 450, 428, 399, 373, 352, 331, 324, 293, 271, 250, 232, 217, 187, 156, 139, 130, 106, 83, 84, 50, 26, 0
701, 700, 682, 674, 652, 631, 605, 585, 558, 540, 514, 496, 463, 450, 428, 399, 373, 352, 331, 324, 293, 271, 250, 232, 217, 187, 156, 139, 130, 106, 83, 84, 50, 26, 1
701, 700, 682, 674, 652, 631, 605, 585, 558, 540, 514, 496, 463, 450, 428, 399, 373, 352, 331, 324, 293, 271, 250, 232, 217, 187, 156, 139, 130, 106, 83, 84, 50, 26, 2
701, 700, 682, 674, 652, 653, 629, 628, 608, 583, 560, 536, 517, 500, 481, 480, 445, 422, 415, 389, 357, 348, 306, 289, 276, 245, 228, 213, 183, 175, 136, 113, 89, 86, 48, 25, 3
701, 700, 682, 674, 652, 653, 629, 628, 608, 583, 560, 536, 517, 500, 481, 480, 445, 422, 415, 389, 388, 358, 347, 307, 288, 277, 244, 227, 212, 182, 173, 135, 114, 90, 87, 47, 24, 4
701, 700, 682, 674, 652, 653, 629, 628, 608, 583, 560, 536, 517, 500, 481, 480, 445, 422, 415, 389, 388, 358, 347, 307, 288, 277, 244, 227, 212, 181, 172, 133, 115, 91, 88, 67, 23, 5
701, 700, 682, 674, 652, 653, 629, 628, 608, 583, 560, 536, 517, 500, 481, 480, 445, 422, 415, 389, 388, 358, 347, 307, 288, 277, 244, 227, 212, 181, 172, 132, 116, 92, 69, 66, 45, 6
701, 700, 682, 674, 652, 653, 629, 628, 608, 583, 560, 536, 517, 500, 481, 480, 445, 422, 415, 389, 388, 358, 347, 307, 288, 277, 244, 227, 212, 181, 172, 132, 116, 92, 69, 66, 44, 7
701, 700, 682, 674, 652, 653, 629, 628, 608, 583, 560, 536, 517, 500, 481, 480, 445, 422, 415, 389, 388, 358, 347, 307, 288, 277, 244, 227, 212, 181, 172, 132, 116, 92, 69, 66, 44, 8
701, 700, 682, 674, 652, 653, 629, 628, 608, 583, 560, 536, 517, 500, 481, 480, 445, 422, 415, 389, 388, 358, 347, 307, 288, 277, 244, 227, 212, 181, 172, 132, 116, 92, 69, 66, 44, 8, 9
701, 700, 682, 674, 652, 653, 629, 628, 608, 583, 560, 536, 517, 500, 481, 480, 445, 422, 415, 389, 388, 358, 347, 307, 288, 277, 243, 264, 226, 210, 179, 171, 170, 154, 117, 118, 94, 72, 63, 42, 10
701, 700, 682, 674, 652, 653, 629, 628, 608, 583, 560, 536, 517, 500, 481, 480, 445, 422, 415, 389, 388, 358, 347, 307, 288, 277, 243, 264, 226, 210, 179, 171, 170, 154, 117, 118, 94, 72, 63, 42, 10, 11
701, 681, 671, 650, 634, 601, 587, 588, 553, 543, 510, 493, 466, 455, 432, 402, 376, 370, 337, 319, 299, 266, 256, 238, 200, 194, 164, 165, 148, 122, 98, 75, 59, 37, 12
701, 681, 671, 650, 634, 601, 587, 555, 554, 542, 512, 494, 465, 453, 454, 431, 401, 375, 371, 336, 320, 298, 267, 255, 237, 199, 193, 162, 145, 124, 100, 77, 76, 58, 36, 13
701, 681, 671, 650, 634, 601, 587, 555, 554, 542, 512, 494, 465, 453, 454, 431, 401, 375, 371, 336, 320, 298, 267, 255, 237, 199, 193, 162, 145, 124, 100, 77, 57, 35, 14
701, 700, 682, 674, 652, 631, 605, 585, 558, 540, 514, 496, 463, 450, 428, 399, 373, 374, 350, 349, 335, 322, 296, 268, 254, 236, 221, 192, 161, 144, 125, 101, 78, 56, 33, 15
701, 700, 682, 674, 652, 631, 605, 585, 558, 540, 514, 496, 463, 450, 428, 399, 373, 374, 350, 334, 323, 295, 269, 253, 235, 220, 191, 160, 143, 126, 103, 80, 55, 32, 16
701, 700, 682, 674, 652, 631, 605, 585, 558, 540, 514, 496, 463, 450, 428, 399, 373, 352, 331, 324, 294, 270, 252, 233, 219, 190, 159, 142, 127, 104, 81, 54, 31, 17
701, 700, 682, 674, 652, 631, 605, 585, 558, 540, 514, 496, 463, 450, 428, 399, 373, 352, 331, 324, 294, 270, 252, 233, 219, 190, 158, 141, 128, 105, 82, 53, 30, 18
701, 700, 682, 674, 652, 631, 605, 585, 558, 540, 514, 496, 463, 450, 428, 399, 373, 352, 331, 324, 294, 270, 252, 233, 219, 190, 158, 141, 128, 105, 82, 53, 30, 19
701, 700, 682, 674, 652, 631, 605, 585, 558, 540, 514, 496, 463, 450, 428, 399, 373, 352, 331, 324, 294, 270, 252, 233, 219, 190, 158, 141, 128, 105, 82, 53, 30, 19, 20
701, 700, 682, 674, 652, 631, 605, 585, 558, 540, 514, 496, 463, 450, 428, 399, 373, 352, 331, 324, 293, 271, 250, 232, 217, 187, 156, 139, 130, 106, 83, 52, 29, 28, 21
701, 700, 682, 674, 652, 653, 629, 628, 608, 583, 560, 536, 517, 500, 481, 480, 445, 422, 415, 389, 388, 358, 347, 307, 288, 277, 244, 227, 212, 181, 172, 133, 115, 91, 88, 67, 22
701, 700, 682, 674, 652, 653, 629, 628, 608, 583, 560, 536, 517, 500, 481, 480, 445, 422, 415, 389, 388, 358, 347, 307, 288, 277, 244, 227, 212, 181, 172, 133, 115, 91, 88, 67, 23
701, 700, 682, 674, 652, 653, 629, 628, 608, 583, 560, 536, 517, 500, 481, 480, 445, 422, 415, 389, 388, 358, 347, 307, 288, 277, 244, 227, 212, 182, 173, 135, 114, 90, 87, 47, 24
701, 700, 682, 674, 652, 653, 629, 628, 608, 583, 560, 536, 517, 500, 481, 480, 445, 422, 415, 389, 357, 348, 306, 289, 276, 245, 228, 213, 183, 175, 136, 113, 89, 86, 48, 25
701, 700, 682, 674, 652, 631, 605, 585, 558, 540, 514, 496, 463, 450, 428, 399, 373, 352, 331, 324, 293, 271, 250, 232, 217, 187, 156, 139, 130, 106, 83, 84, 50, 26
701, 700, 682, 674, 652, 631, 605, 585, 558, 540, 514, 496, 463, 450, 428, 399, 373, 352, 331, 324, 293, 271, 250, 232, 217, 187, 156, 139, 130, 106, 83, 52, 29, 28, 27
701, 700, 682, 674, 652, 631, 605, 585, 558, 540, 514, 496, 463, 450, 428, 399, 373, 352, 331, 324, 293, 271, 250, 232, 217, 187, 156, 139, 130, 106, 83, 52, 29, 28
701, 700, 682, 674, 652, 631, 605, 585, 558, 540, 514, 496, 463, 450, 428, 399, 373, 352, 331, 324, 293, 271, 250, 232, 217, 187, 156, 139, 130, 106, 83, 52, 29
701, 700, 682, 674, 652, 631, 605, 585, 558, 540, 514, 496, 463, 450, 428, 399, 373, 352, 331, 324, 294, 270, 252, 233, 219, 190, 158, 141, 128, 105, 82, 53, 30
701, 700, 682, 674, 652, 631, 605, 585, 558, 540, 514, 496, 463, 450, 428, 399, 373, 352, 331, 324, 294, 270, 252, 233, 219, 190, 159, 142, 127, 104, 81, 54, 31
701, 700, 682, 674, 652, 631, 605, 585, 558, 540, 514, 496, 463, 450, 428, 399, 373, 374, 350, 334, 323, 295, 269, 253, 235, 220, 191, 160, 143, 126, 103, 80, 55, 32
701, 700, 682, 674, 652, 631, 605, 585, 558, 540, 514, 496, 463, 450, 428, 399, 373, 374, 350, 349, 335, 322, 296, 268, 254, 236, 221, 192, 161, 144, 125, 101, 78, 56, 33
701, 700, 682, 674, 652, 631, 605, 585, 558, 540, 514, 496, 463, 450, 428, 399, 373, 374, 350, 349, 335, 322, 296, 268, 254, 236, 221, 192, 161, 144, 125, 101, 78, 56, 34
701, 681, 671, 650, 634, 601, 587, 555, 554, 542, 512, 494, 465, 453, 454, 431, 401, 375, 371, 336, 320, 298, 267, 255, 237, 199, 193, 162, 145, 124, 100, 77, 57, 35
701, 681, 671, 650, 634, 601, 587, 555, 554, 542, 512, 494, 465, 453, 454, 431, 401, 375, 371, 336, 320, 298, 267, 255, 237, 199, 193, 162, 145, 124, 100, 77, 76, 58, 36
701, 681, 671, 650, 634, 601, 587, 588, 553, 543, 510, 493, 466, 455, 432, 402, 376, 370, 337, 319, 299, 266, 256, 238, 200, 194, 164, 165, 148, 122, 98, 75, 59, 37
701, 681, 671, 650, 634, 601, 587, 588, 553, 543, 510, 493, 466, 455, 432, 402, 376, 370, 337, 319, 299, 266, 257, 258, 240, 241, 204, 196, 166, 149, 121, 96, 74, 60, 38
701, 681, 671, 650, 634, 601, 587, 588, 553, 543, 510, 493, 466, 455, 432, 402, 376, 370, 337, 319, 299, 266, 257, 258, 240, 241, 204, 196, 166, 149, 121, 96, 74, 61, 39
701, 681, 671, 650, 634, 601, 587, 588, 553, 543, 510, 493, 466, 455, 432, 402, 376, 370, 337, 319, 299, 266, 257, 258, 240, 241, 204, 196, 166, 149, 121, 96, 74, 61, 40
701, 700, 682, 674, 652, 653, 629, 628, 608, 583, 560, 536, 517, 500, 481, 480, 445, 422, 415, 389, 388, 358, 347, 307, 288, 277, 243, 264, 226, 210, 179, 171, 170, 154, 117, 118, 94, 72, 63, 42, 41
701, 700, 682, 674, 652, 653, 629, 628, 608, 583, 560, 536, 517, 500, 481, 480, 445, 422, 415, 389, 388, 358, 347, 307, 288, 277, 243, 264, 226, 210, 179, 171, 170, 154, 117, 118, 94, 72, 63, 42
701, 700, 682, 674, 652, 653, 629, 628, 608, 583, 560, 536, 517, 500, 481, 480, 445, 422, 415, 389, 388, 358, 347, 307, 288, 277, 243, 264, 226, 210, 179, 171, 170, 154, 117, 118, 94, 72, 64, 43
701, 700, 682, 674, 652, 653, 629, 628, 608, 583, 560, 536, 517, 500, 481, 480, 445, 422, 415, 389, 388, 358, 347, 307, 288, 277, 244, 227, 212, 181, 172, 132, 116, 92, 69, 66, 44
701, 700, 682, 674, 652, 653, 629, 628, 608, 583, 560, 536, 517, 500, 481, 480, 445, 422, 415, 389, 388, 358, 347, 307, 288, 277, 244, 227, 212, 181, 172, 132, 116, 92, 69, 66, 45
701, 700, 682, 674, 652, 653, 629, 628, 608, 583, 560, 536, 517, 500, 481, 480, 445, 422, 415, 389, 388, 358, 347, 307, 288, 277, 244, 227, 212, 182, 173, 135, 114, 90, 87, 46
701, 700, 682, 674, 652, 653, 629, 628, 608, 583, 560, 536, 517, 500, 481, 480, 445, 422, 415, 389, 388, 358, 347, 307, 288, 277, 244, 227, 212, 182, 173, 135, 114, 90, 87, 47
701, 700, 682, 674, 652, 653, 629, 628, 608, 583, 560, 536, 517, 500, 481, 480, 445, 422, 415, 389, 357, 348, 306, 289, 276, 245, 228, 213, 183, 175, 136, 113, 89, 86, 48
701, 700, 682, 674, 652, 653, 629, 628, 608, 583, 560, 536, 517, 500, 481, 446, 423, 394, 390, 355, 328, 327, 291, 274, 248, 230, 216, 185, 177, 138, 110, 108, 85, 49
701, 700, 682, 674, 652, 631, 605, 585, 558, 540, 514, 496, 463, 450, 428, 399, 373, 352, 331, 324, 293, 271, 250, 232, 217, 187, 156, 139, 130, 106, 83, 84, 50
701, 700, 682, 674, 652, 631, 605, 585, 558, 540, 514, 496, 463, 450, 428, 399, 373, 352, 331, 324, 293, 271, 250, 232, 217, 187, 156, 139, 130, 106, 83, 84, 51
701, 700, 682, 674, 652, 631, 605, 585, 558, 540, 514, 496, 463, 450, 428, 399, 373, 352, 331, 324, 293, 271, 250, 232, 217, 187, 156, 139, 130, 106, 83, 52
701, 700, 682, 674, 652, 631, 605, 585, 558, 540, 514, 496, 463, 450, 428, 399, 373, 352, 331, 324, 294, 270, 252, 233, 219, 190, 158, 141, 128, 105, 82, 53
701, 700, 682, 674, 652, 631, 605, 585, 558, 540, 514, 496, 463, 450, 428, 399, 373, 352, 331, 324, 294, 270, 252, 233, 219, 190, 159, 142, 127, 104, 81, 54
701, 700, 682, 674, 652, 631, 605, 585, 558, 540, 514, 496, 463, 450, 428, 399, 373, 374, 350, 334, 323, 295, 269, 253, 235, 220, 191, 160, 143, 126, 103, 80, 55
701, 700, 682, 674, 652, 631, 605, 585, 558, 540, 514, 496, 463, 450, 428, 399, 373, 374, 350, 349, 335, 322, 296, 268, 254, 236, 221, 192, 161, 144, 125, 101, 78, 56
701, 681, 671, 650, 634, 601, 587, 555, 554, 542, 512, 494, 465, 453, 454, 431, 401, 375, 371, 336, 320, 298, 267, 255, 237, 199, 193, 162, 145, 124, 100, 77, 57
701, 681, 671, 650, 634, 601, 587, 555, 554, 542, 512, 494, 465, 453, 454, 431, 401, 375, 371, 336, 320, 298, 267, 255, 237, 199, 193, 162, 145, 124, 100, 77, 76, 58
701, 681, 671, 650, 634, 601, 587, 588, 553, 543, 510, 493, 466, 455, 432, 402, 376, 370, 337, 319, 299, 266, 256, 238, 200, 194, 164, 165, 148, 122, 98, 75, 59
701, 681, 671, 650, 634, 601, 587, 588, 553, 543, 510, 493, 466, 455, 432, 402, 376, 370, 337, 319, 299, 266, 257, 258, 240, 241, 204, 196, 166, 149, 121, 96, 74, 60
701, 681, 671, 650, 634, 601, 587, 588, 553, 543, 510, 493, 466, 455, 432, 402, 376, 370, 337, 319, 299, 266, 257, 258, 240, 241, 204, 196, 166, 149, 121, 96, 74, 61
701, 700, 682, 674, 652, 653, 629, 628, 608, 609, 582, 562, 535, 518, 501, 479, 444, 443, 420, 413, 412, 385, 361, 362, 343, 311, 304, 281, 261, 222, 206, 198, 169, 151, 120, 95, 73, 62
701, 700, 682, 674, 652, 653, 629, 628, 608, 583, 560, 536, 517, 500, 481, 480, 445, 422, 415, 389, 388, 358, 347, 307, 288, 277, 243, 264, 226, 210, 179, 171, 170, 154, 117, 118, 94, 72, 63
701, 700, 682, 674, 652, 653, 629, 628, 608, 583, 560, 536, 517, 500, 481, 480, 445, 422, 415, 389, 388, 358, 347, 307, 288, 277, 243, 264, 226, 210, 179, 171, 170, 154, 117, 118, 94, 72, 64
701, 700, 682, 674, 652, 653, 629, 628, 608, 583, 560, 536, 517, 500, 481, 480, 445, 422, 415, 389, 388, 358, 347, 307, 288, 277, 244, 227, 212, 181, 172, 132, 116, 92, 69, 66, 65
701, 700, 682, 674, 652, 653, 629, 628, 608, 583, 560, 536, 517, 500, 481, 480, 445, 422, 415, 389, 388, 358, 347, 307, 288, 277, 244, 227, 212, 181, 172, 132, 116, 92, 69, 66
701, 700, 682, 674, 652, 653, 629, 628, 608, 583, 560, 536, 517, 500, 481, 480, 445, 422, 415, 389, 388, 358, 347, 307, 288, 277, 244, 227, 212, 181, 172, 133, 115, 91, 88, 67
701, 700, 682, 674, 652, 653, 629, 628, 608, 583, 560, 536, 517, 500, 481, 480, 445, 422, 415, 389, 388, 358, 347, 307, 288, 277, 244, 227, 212, 181, 172, 133, 115, 91, 68
701, 700, 682, 674, 652, 653, 629, 628, 608, 583, 560, 536, 517, 500, 481, 480, 445, 422, 415, 389, 388, 358, 347, 307, 288, 277, 244, 227, 212, 181, 172, 132, 116, 92, 69
701, 700, 682, 674, 652, 653, 629, 628, 608, 583, 560, 536, 517, 500, 481, 480, 445, 422, 415, 389, 388, 358, 347, 307, 288, 277, 244, 227, 212, 181, 172, 132, 116, 92, 69, 70
701, 700, 682, 674, 652, 653, 629, 628, 608, 583, 560, 536, 517, 500, 481, 480, 445, 422, 415, 389, 388, 358, 347, 307, 288, 277, 244, 227, 212, 181, 172, 132, 116, 92, 69, 70, 71
701, 700, 682, 674, 652, 653, 629, 628, 608, 583, 560, 536, 517, 500, 481, 480, 445, 422, 415, 389, 388, 358, 347, 307, 288, 277, 243, 264, 226, 210, 179, 171, 170, 154, 117, 118, 94, 72
701, 700, 682, 674, 652, 653, 629, 628, 608, 609, 582, 562, 535, 518, 501, 479, 444, 443, 420, 413, 412, 385, 361, 362, 343, 311, 304, 281, 261, 222, 206, 198, 169, 151, 120, 95, 73
701, 681, 671, 650, 634, 601, 587, 588, 553, 543, 510, 493, 466, 455, 432, 402, 376, 370, 337, 319, 299, 266, 257, 258, 240, 241, 204, 196, 166, 149, 121, 96, 74
701, 681, 671, 650, 634, 601, 587, 588, 553, 543, 510, 493, 466, 455, 432, 402, 376, 370, 337, 319, 299, 266, 256, 238, 200, 194, 164, 165, 148, 122, 98, 75
701, 681, 671, 650, 634, 601, 587, 555, 554, 542, 512, 494, 465, 453, 454, 431, 401, 375, 371, 336, 320, 298, 267, 255, 237, 199, 193, 162, 145, 124, 100, 77, 76
701, 681, 671, 650, 634, 601, 587, 555, 554, 542, 512, 494, 465, 453, 454, 431, 401, 375, 371, 336, 320, 298, 267, 255, 237, 199, 193, 162, 145, 124, 100, 77
701, 700, 682, 674, 652, 631, 605, 585, 558, 540, 514, 496, 463, 450, 428, 399, 373, 374, 350, 349, 335, 322, 296, 268, 254, 236, 221, 192, 161, 144, 125, 101, 78
701, 700, 682, 674, 652, 631, 605, 585, 558, 540, 514, 496, 463, 450, 428, 399, 373, 374, 350, 334, 323, 295, 269, 253, 235, 220, 191, 160, 143, 126, 102, 79
701, 700, 682, 674, 652, 631, 605, 585, 558, 540, 514, 496, 463, 450, 428, 399, 373, 374, 350, 334, 323, 295, 269, 253, 235, 220, 191, 160, 143, 126, 103, 80
701, 700, 682, 674, 652, 631, 605, 585, 558, 540, 514, 496, 463, 450, 428, 399, 373, 352, 331, 324, 294, 270, 252, 233, 219, 190, 159, 142, 127, 104, 81
701, 700, 682, 674, 652, 631, 605, 585, 558, 540, 514, 496, 463, 450, 428, 399, 373, 352, 331, 324, 294, 270, 252, 233, 219, 190, 158, 141, 128, 105, 82
701, 700, 682, 674, 652, 631, 605, 585, 558, 540, 514, 496, 463, 450, 428, 399, 373, 352, 331, 324, 293, 271, 250, 232, 217, 187, 156, 139, 130, 106, 83
701, 700, 682, 674, 652, 631, 605, 585, 558, 540, 514, 496, 463, 450, 428, 399, 373, 352, 331, 324, 293, 271, 250, 232, 217, 187, 156, 139, 130, 106, 83, 84
701, 700, 682, 674, 652, 653, 629, 628, 608, 583, 560, 536, 517, 500, 481, 446, 423, 394, 390, 355, 328, 327, 291, 274, 248, 230, 216, 185, 177, 138, 110, 108, 85
701, 700, 682, 674, 652, 653, 629, 628, 608, 583, 560, 536, 517, 500, 481, 480, 445, 422, 415, 389, 357, 348, 306, 289, 276, 245, 228, 213, 183, 175, 136, 113, 89, 86
701, 700, 682, 674, 652, 653, 629, 628, 608, 583, 560, 536, 517, 500, 481, 480, 445, 422, 415, 389, 388, 358, 347, 307, 288, 277, 244, 227, 212, 182, 173, 135, 114, 90, 87
701, 700, 682, 674, 652, 653, 629, 628, 608, 583, 560, 536, 517, 500, 481, 480, 445, 422, 415, 389, 388, 358, 347, 307, 288, 277, 244, 227, 212, 181, 172, 133, 115, 91, 88
701, 700, 682, 674, 652, 653, 629, 628, 608, 583, 560, 536, 517, 500, 481, 480, 445, 422, 415, 389, 357, 348, 306, 289, 276, 245, 228, 213, 183, 175, 136, 113, 89
701, 700, 682, 674, 652, 653, 629, 628, 608, 583, 560, 536, 517, 500, 481, 480, 445, 422, 415, 389, 388, 358, 347, 307, 288, 277, 244, 227, 212, 182, 173, 135, 114, 90
701, 700, 682, 674, 652, 653, 629, 628, 608, 583, 560, 536, 517, 500, 481, 480, 445, 422, 415, 389, 388, 358, 347, 307, 288, 277, 244, 227, 212, 181, 172, 133, 115, 91
701, 700, 682, 674, 652, 653, 629, 628, 608, 583, 560, 536, 517, 500, 481, 480, 445, 422, 415, 389, 388, 358, 347, 307, 288, 277, 244, 227, 212, 181, 172, 132, 116, 92
701, 700, 682, 674, 652, 653, 629, 628, 608, 583, 560, 536, 517, 500, 481, 480, 445, 422, 415, 389, 388, 358, 347, 307, 288, 277, 243, 264, 226, 210, 179, 171, 170, 154, 117, 93
701, 700, 682, 674, 652, 653, 629, 628, 608, 583, 560, 536, 517, 500, 481, 480, 445, 422, 415, 389, 388, 358, 347, 307, 288, 277, 243, 264, 226, 210, 179, 171, 170, 154, 117, 118, 94
701, 700, 682, 674, 652, 653, 629, 628, 608, 609, 582, 562, 535, 518, 501, 479, 444, 443, 420, 413, 412, 385, 361, 362, 343, 311, 304, 281, 261, 222, 206, 198, 169, 151, 120, 95
701, 681, 671, 650, 634, 601, 587, 588, 553, 543, 510, 493, 466, 455, 432, 402, 376, 370, 337, 319, 299, 266, 257, 258, 240, 241, 204, 196, 166, 149, 121, 96
701, 681, 671, 650, 634, 601, 587, 588, 553, 543, 510, 493, 466, 455, 432, 402, 376, 370, 337, 319, 299, 266, 256, 238, 200, 194, 164, 165, 148, 122, 97
701, 681, 671, 650, 634, 601, 587, 588, 553, 543, 510, 493, 466, 455, 432, 402, 376, 370, 337, 319, 299, 266, 256, 238, 200, 194, 164, 165, 148, 122, 98
701, 681, 671, 650, 634, 601, 587, 588, 553, 543, 510, 493, 466, 455, 432, 402, 376, 370, 337, 319, 299, 266, 256, 238, 200, 194, 164, 147, 123, 99
