742, 727, 718, 688, 657, 638, 626, 610, 580, 562, 535, 518, 501, 479, 444, 421, 415, 389, 357, 348, 306, 290, 275, 247, 229, 214, 184, 176, 137, 111, 109, 85, 49, 26, 0
742, 727, 718, 688, 657, 638, 626, 610, 580, 562, 535, 518, 501, 479, 444, 421, 415, 389, 357, 348, 306, 290, 275, 247, 229, 214, 184, 176, 137, 111, 109, 85, 49, 26, 1
742, 727, 718, 688, 657, 638, 626, 610, 580, 562, 535, 518, 501, 479, 444, 421, 415, 389, 357, 348, 306, 290, 275, 247, 229, 214, 184, 176, 137, 111, 109, 85, 49, 26, 2
742, 727, 718, 688, 657, 638, 626, 610, 580, 562, 535, 518, 501, 479, 444, 421, 415, 389, 357, 348, 306, 289, 276, 245, 228, 213, 183, 175, 136, 113, 89, 86, 48, 25, 3
742, 727, 718, 688, 657, 638, 626, 610, 580, 562, 535, 518, 501, 479, 444, 421, 415, 389, 388, 358, 347, 307, 288, 277, 244, 227, 212, 182, 173, 135, 114, 90, 87, 47, 24, 4
742, 727, 718, 688, 657, 638, 626, 610, 580, 562, 535, 518, 501, 479, 444, 421, 415, 389, 388, 358, 347, 307, 288, 277, 244, 227, 212, 181, 172, 133, 115, 91, 88, 67, 23, 5
742, 727, 718, 688, 657, 638, 626, 610, 580, 562, 535, 518, 501, 479, 444, 421, 415, 389, 388, 358, 347, 307, 288, 277, 244, 227, 212, 181, 172, 132, 116, 92, 69, 66, 45, 6
742, 727, 718, 688, 657, 638, 626, 610, 580, 562, 535, 518, 501, 479, 444, 421, 415, 389, 388, 358, 347, 307, 288, 277, 244, 227, 212, 181, 172, 132, 116, 92, 69, 66, 44, 7
742, 727, 718, 688, 657, 638, 626, 610, 580, 562, 535, 518, 501, 479, 444, 421, 415, 389, 388, 358, 347, 307, 288, 277, 244, 227, 212, 181, 172, 132, 116, 92, 69, 66, 44, 8
742, 727, 718, 688, 657, 638, 626, 610, 580, 562, 535, 518, 501, 479, 444, 421, 415, 389, 388, 358, 347, 307, 288, 277, 244, 227, 212, 181, 172, 132, 116, 92, 69, 66, 44, 8, 9
742, 727, 718, 688, 657, 638, 626, 610, 580, 562, 535, 518, 501, 479, 444, 421, 415, 389, 388, 358, 347, 307, 288, 277, 243, 264, 226, 210, 179, 171, 170, 154, 117, 118, 94, 72, 63, 42, 10
742, 743, 771, 803, 828, 844, 860, 883, 919, 931, 965, 990, 996, 1028, 1041, 1057, 1090, 1114, 1116, 1158, 1177, 1183, 1208, 1242, 1247, 1278, 1303, 1326, 1346, 1365, 1381, 1407, 1413, 1438, 1452, 1482, 1494, 1517, 1550, 11
742, 727, 718, 688, 657, 638, 626, 610, 580, 562, 535, 518, 501, 479, 444, 443, 420, 413, 412, 385, 361, 362, 343, 311, 304, 281, 261, 222, 206, 198, 169, 151, 120, 95, 73, 74, 60, 38, 12
742, 743, 771, 803, 828, 844, 860, 883, 919, 931, 965, 990, 996, 1028, 1041, 1057, 1090, 1114, 1116, 1158, 1177, 1183, 1208, 1209, 1240, 1266, 1277, 1302, 1325, 1345, 1364, 1380, 1408, 1414, 1437, 1472, 1481, 1513, 1519, 1546, 13
742, 743, 771, 803, 828, 844, 860, 883, 919, 931, 965, 990, 996, 1028, 1041, 1057, 1090, 1114, 1116, 1158, 1177, 1183, 1208, 1209, 1240, 1266, 1265, 1276, 1301, 1324, 1344, 1363, 1379, 1410, 1415, 1435, 1471, 1480, 1512, 1520, 1545, 14
742, 743, 771, 803, 828, 844, 860, 883, 919, 931, 965, 990, 996, 1028, 1041, 1057, 1090, 1114, 1116, 1158, 1177, 1183, 1208, 1209, 1240, 1266, 1265, 1276, 1301, 1324, 1344, 1363, 1379, 1410, 1415, 1435, 1471, 1480, 1512, 1520, 1521, 1544, 15
742, 727, 718, 719, 687, 656, 636, 627, 609, 582, 561, 536, 517, 500, 481, 447, 424, 395, 391, 354, 329, 326, 325, 324, 294, 270, 252, 233, 219, 190, 159, 142, 127, 104, 81, 54, 31, 17, 16
742, 727, 718, 719, 687, 656, 636, 627, 609, 582, 561, 536, 517, 500, 481, 447, 424, 395, 391, 354, 329, 326, 325, 324, 294, 270, 252, 233, 219, 190, 159, 142, 127, 104, 81, 54, 31, 17
742, 727, 718, 719, 687, 656, 636, 627, 609, 582, 561, 536, 517, 500, 481, 447, 424, 395, 391, 354, 329, 326, 325, 293, 271, 250, 232, 218, 189, 157, 158, 141, 128, 105, 82, 53, 30, 18
742, 727, 718, 719, 687, 656, 636, 627, 609, 582, 561, 536, 517, 500, 481, 447, 424, 395, 391, 354, 329, 326, 325, 293, 271, 250, 232, 218, 189, 157, 158, 141, 128, 105, 82, 53, 30, 19
742, 727, 718, 719, 687, 656, 636, 627, 609, 582, 561, 536, 517, 500, 481, 447, 424, 395, 391, 354, 329, 326, 292, 273, 249, 231, 217, 187, 156, 139, 130, 106, 83, 52, 29, 20
742, 727, 718, 688, 657, 638, 626, 610, 580, 562, 535, 518, 501, 479, 444, 421, 415, 389, 357, 348, 306, 290, 275, 247, 229, 215, 216, 185, 177, 138, 110, 107, 84, 51, 27, 21
742, 727, 718, 688, 657, 638, 626, 610, 580, 562, 535, 518, 501, 479, 444, 421, 415, 389, 388, 358, 347, 307, 288, 277, 244, 227, 212, 181, 172, 133, 115, 91, 88, 67, 22
742, 727, 718, 688, 657, 638, 626, 610, 580, 562, 535, 518, 501, 479, 444, 421, 415, 389, 388, 358, 347, 307, 288, 277, 244, 227, 212, 181, 172, 133, 115, 91, 88, 67, 23
742, 727, 718, 688, 657, 638, 626, 610, 580, 562, 535, 518, 501, 479, 444, 421, 415, 389, 388, 358, 347, 307, 288, 277, 244, 227, 212, 182, 173, 135, 114, 90, 87, 47, 24
742, 727, 718, 688, 657, 638, 626, 610, 580, 562, 535, 518, 501, 479, 444, 421, 415, 389, 357, 348, 306, 289, 276, 245, 228, 213, 183, 175, 136, 113, 89, 86, 48, 25
742, 727, 718, 688, 657, 638, 626, 610, 580, 562, 535, 518, 501, 479, 444, 421, 415, 389, 357, 348, 306, 290, 275, 247, 229, 214, 184, 176, 137, 111, 109, 85, 49, 26
742, 727, 718, 688, 657, 638, 626, 610, 580, 562, 535, 518, 501, 479, 444, 421, 415, 389, 357, 348, 306, 290, 275, 247, 229, 215, 216, 185, 177, 138, 110, 107, 84, 51, 27
742, 727, 718, 688, 657, 638, 626, 610, 580, 562, 535, 518, 501, 479, 444, 421, 415, 389, 357, 348, 306, 290, 275, 247, 229, 215, 216, 185, 177, 138, 110, 107, 84, 51, 28
742, 727, 718, 719, 687, 656, 636, 627, 609, 582, 561, 536, 517, 500, 481, 447, 424, 395, 391, 354, 329, 326, 292, 273, 249, 231, 217, 187, 156, 139, 130, 106, 83, 52, 29
742, 727, 718, 719, 687, 656, 636, 627, 609, 582, 561, 536, 517, 500, 481, 447, 424, 395, 391, 354, 329, 326, 325, 293, 271, 250, 232, 218, 189, 157, 158, 141, 128, 105, 82, 53, 30
742, 727, 718, 719, 687, 656, 636, 627, 609, 582, 561, 536, 517, 500, 481, 447, 424, 395, 391, 354, 329, 326, 325, 324, 294, 270, 252, 233, 219, 190, 159, 142, 127, 104, 81, 54, 31
742, 727, 718, 719, 687, 656, 636, 627, 609, 582, 561, 536, 517, 500, 481, 447, 424, 395, 391, 354, 329, 326, 325, 324, 294, 270, 252, 233, 219, 190, 159, 142, 127, 104, 81, 54, 55, 32
742, 743, 729, 716, 690, 659, 660, 641, 642, 621, 593, 574, 548, 525, 506, 507, 490, 469, 456, 433, 403, 377, 370, 337, 319, 299, 266, 256, 238, 200, 193, 162, 145, 144, 125, 101, 78, 56, 33
742, 743, 729, 716, 690, 659, 660, 641, 642, 621, 593, 574, 548, 525, 506, 507, 490, 469, 456, 433, 403, 377, 370, 337, 319, 299, 266, 256, 238, 200, 193, 162, 145, 144, 125, 101, 78, 56, 34
742, 743, 771, 803, 828, 844, 860, 883, 919, 931, 965, 990, 996, 1028, 1041, 1057, 1090, 1114, 1116, 1158, 1177, 1183, 1208, 1209, 1240, 1266, 1265, 1276, 1301, 1324, 1344, 1363, 1379, 1410, 1415, 1435, 1471, 1480, 1512, 1520, 1545, 14, 35
742, 743, 771, 803, 828, 844, 860, 883, 919, 931, 965, 990, 996, 1028, 1041, 1057, 1090, 1114, 1116, 1158, 1177, 1183, 1208, 1209, 1240, 1266, 1277, 1302, 1325, 1345, 1364, 1380, 1408, 1414, 1437, 1472, 1481, 1513, 1519, 1546, 13, 36
742, 727, 718, 688, 657, 638, 626, 610, 580, 562, 535, 518, 501, 479, 444, 443, 420, 413, 412, 385, 361, 362, 343, 311, 304, 281, 261, 222, 206, 198, 169, 151, 120, 95, 73, 74, 60, 38, 37
742, 727, 718, 688, 657, 638, 626, 610, 580, 562, 535, 518, 501, 479, 444, 443, 420, 413, 412, 385, 361, 362, 343, 311, 304, 281, 261, 222, 206, 198, 169, 151, 120, 95, 73, 74, 60, 38
742, 727, 718, 688, 657, 638, 626, 610, 580, 562, 535, 518, 501, 479, 444, 443, 420, 413, 412, 385, 361, 362, 343, 311, 304, 281, 261, 222, 206, 198, 169, 151, 120, 95, 73, 62, 61, 39
742, 727, 718, 688, 657, 638, 626, 610, 580, 562, 535, 518, 501, 479, 444, 443, 420, 413, 412, 385, 361, 362, 343, 311, 304, 281, 261, 222, 206, 198, 169, 151, 120, 95, 73, 62, 61, 40
742, 727, 718, 688, 657, 638, 626, 610, 580, 562, 535, 518, 501, 479, 444, 421, 415, 389, 388, 358, 347, 307, 288, 277, 243, 264, 226, 210, 179, 171, 170, 154, 117, 118, 94, 72, 63, 42, 41
742, 727, 718, 688, 657, 638, 626, 610, 580, 562, 535, 518, 501, 479, 444, 421, 415, 389, 388, 358, 347, 307, 288, 277, 243, 264, 226, 210, 179, 171, 170, 154, 117, 118, 94, 72, 63, 42
742, 727, 718, 688, 657, 638, 626, 610, 580, 562, 535, 518, 501, 479, 444, 421, 415, 389, 388, 358, 347, 307, 288, 277, 243, 264, 226, 210, 179, 171, 170, 154, 117, 118, 94, 72, 64, 43
742, 727, 718, 688, 657, 638, 626, 610, 580, 562, 535, 518, 501, 479, 444, 421, 415, 389, 388, 358, 347, 307, 288, 277, 244, 227, 212, 181, 172, 132, 116, 92, 69, 66, 44
742, 727, 718, 688, 657, 638, 626, 610, 580, 562, 535, 518, 501, 479, 444, 421, 415, 389, 388, 358, 347, 307, 288, 277, 244, 227, 212, 181, 172, 132, 116, 92, 69, 66, 45
742, 727, 718, 688, 657, 638, 626, 610, 580, 562, 535, 518, 501, 479, 444, 421, 415, 389, 388, 358, 347, 307, 288, 277, 244, 227, 212, 182, 173, 135, 114, 90, 87, 46
742, 727, 718, 688, 657, 638, 626, 610, 580, 562, 535, 518, 501, 479, 444, 421, 415, 389, 388, 358, 347, 307, 288, 277, 244, 227, 212, 182, 173, 135, 114, 90, 87, 47
742, 727, 718, 688, 657, 638, 626, 610, 580, 562, 535, 518, 501, 479, 444, 421, 415, 389, 357, 348, 306, 289, 276, 245, 228, 213, 183, 175, 136, 113, 89, 86, 48
742, 727, 718, 688, 657, 638, 626, 610, 580, 562, 535, 518, 501, 479, 444, 421, 415, 389, 357, 348, 306, 290, 275, 247, 229, 214, 184, 176, 137, 111, 109, 85, 49
742, 727, 718, 688, 657, 638, 626, 610, 580, 562, 535, 518, 501, 479, 444, 421, 415, 389, 357, 348, 306, 290, 275, 247, 229, 214, 184, 176, 137, 111, 109, 85, 49, 50
742, 727, 718, 688, 657, 638, 626, 610, 580, 562, 535, 518, 501, 479, 444, 421, 415, 389, 357, 348, 306, 290, 275, 247, 229, 215, 216, 185, 177, 138, 110, 107, 84, 51
742, 727, 718, 719, 687, 656, 636, 627, 609, 582, 561, 536, 517, 500, 481, 447, 424, 395, 391, 354, 329, 326, 292, 273, 249, 231, 217, 187, 156, 139, 130, 106, 83, 52
742, 727, 718, 719, 687, 656, 636, 627, 609, 582, 561, 536, 517, 500, 481, 447, 424, 395, 391, 354, 329, 326, 325, 293, 271, 250, 232, 218, 189, 157, 158, 141, 128, 105, 82, 53
742, 727, 718, 719, 687, 656, 636, 627, 609, 582, 561, 536, 517, 500, 481, 447, 424, 395, 391, 354, 329, 326, 325, 324, 294, 270, 252, 233, 219, 190, 159, 142, 127, 104, 81, 54
742, 727, 718, 719, 687, 656, 636, 627, 609, 582, 561, 536, 517, 500, 481, 447, 424, 395, 391, 354, 329, 326, 325, 324, 294, 270, 252, 233, 219, 190, 159, 142, 127, 104, 81, 54, 55
742, 743, 729, 716, 690, 659, 660, 641, 642, 621, 593, 574, 548, 525, 506, 507, 490, 469, 456, 433, 403, 377, 370, 337, 319, 299, 266, 256, 238, 200, 193, 162, 145, 144, 125, 101, 78, 56
742, 727, 718, 688, 657, 638, 626, 610, 580, 562, 535, 518, 501, 479, 444, 443, 420, 413, 412, 385, 361, 362, 343, 311, 304, 281, 261, 222, 206, 198, 168, 150, 149, 121, 96, 97, 75, 76, 57
742, 727, 718, 688, 657, 638, 626, 610, 580, 562, 535, 518, 501, 479, 444, 443, 420, 413, 412, 385, 361, 362, 343, 311, 304, 281, 261, 222, 206, 198, 169, 151, 120, 95, 73, 74, 60, 59, 58
742, 727, 718, 688, 657, 638, 626, 610, 580, 562, 535, 518, 501, 479, 444, 443, 420, 413, 412, 385, 361, 362, 343, 311, 304, 281, 261, 222, 206, 198, 169, 151, 120, 95, 73, 74, 60, 59
742, 727, 718, 688, 657, 638, 626, 610, 580, 562, 535, 518, 501, 479, 444, 443, 420, 413, 412, 385, 361, 362, 343, 311, 304, 281, 261, 222, 206, 198, 169, 151, 120, 95, 73, 74, 60
742, 727, 718, 688, 657, 638, 626, 610, 580, 562, 535, 518, 501, 479, 444, 443, 420, 413, 412, 385, 361, 362, 343, 311, 304, 281, 261, 222, 206, 198, 169, 151, 120, 95, 73, 62, 61
742, 727, 718, 688, 657, 638, 626, 610, 580, 562, 535, 518, 501, 479, 444, 443, 420, 413, 412, 385, 361, 362, 343, 311, 304, 281, 261, 222, 206, 198, 169, 151, 120, 95, 73, 62
742, 727, 718, 688, 657, 638, 626, 610, 580, 562, 535, 518, 501, 479, 444, 421, 415, 389, 388, 358, 347, 307, 288, 277, 243, 264, 226, 210, 179, 171, 170, 154, 117, 118, 94, 72, 63
742, 727, 718, 688, 657, 638, 626, 610, 580, 562, 535, 518, 501, 479, 444, 421, 415, 389, 388, 358, 347, 307, 288, 277, 243, 264, 226, 210, 179, 171, 170, 154, 117, 118, 94, 72, 64
742, 727, 718, 688, 657, 638, 626, 610, 580, 562, 535, 518, 501, 479, 444, 421, 415, 389, 388, 358, 347, 307, 288, 277, 244, 227, 212, 181, 172, 132, 116, 92, 69, 66, 65
742, 727, 718, 688, 657, 638, 626, 610, 580, 562, 535, 518, 501, 479, 444, 421, 415, 389, 388, 358, 347, 307, 288, 277, 244, 227, 212, 181, 172, 132, 116, 92, 69, 66
742, 727, 718, 688, 657, 638, 626, 610, 580, 562, 535, 518, 501, 479, 444, 421, 415, 389, 388, 358, 347, 307, 288, 277, 244, 227, 212, 181, 172, 133, 115, 91, 88, 67
742, 727, 718, 688, 657, 638, 626, 610, 580, 562, 535, 518, 501, 479, 444, 421, 415, 389, 388, 358, 347, 307, 288, 277, 244, 227, 212, 181, 172, 133, 115, 91, 68
742, 727, 718, 688, 657, 638, 626, 610, 580, 562, 535, 518, 501, 479, 444, 421, 415, 389, 388, 358, 347, 307, 288, 277, 244, 227, 212, 181, 172, 132, 116, 92, 69
742, 727, 718, 688, 657, 638, 626, 610, 580, 562, 535, 518, 501, 479, 444, 421, 415, 389, 388, 358, 347, 307, 288, 277, 244, 227, 212, 181, 172, 132, 116, 92, 69, 70
742, 727, 718, 688, 657, 638, 626, 610, 580, 562, 535, 518, 501, 479, 444, 421, 415, 389, 388, 358, 347, 307, 288, 277, 244, 227, 212, 181, 172, 132, 116, 92, 69, 70, 71
742, 727, 718, 688, 657, 638, 626, 610, 580, 562, 535, 518, 501, 479, 444, 421, 415, 389, 388, 358, 347, 307, 288, 277, 243, 264, 226, 210, 179, 171, 170, 154, 117, 118, 94, 72
742, 727, 718, 688, 657, 638, 626, 610, 580, 562, 535, 518, 501, 479, 444, 443, 420, 413, 412, 385, 361, 362, 343, 311, 304, 281, 261, 222, 206, 198, 169, 151, 120, 95, 73
742, 727, 718, 688, 657, 638, 626, 610, 580, 562, 535, 518, 501, 479, 444, 443, 420, 413, 412, 385, 361, 362, 343, 311, 304, 281, 261, 222, 206, 198, 169, 151, 120, 95, 73, 74
742, 727, 718, 688, 657, 638, 626, 610, 580, 562, 535, 518, 501, 479, 444, 443, 420, 413, 412, 385, 361, 362, 343, 311, 304, 281, 261, 222, 206, 198, 168, 150, 149, 121, 96, 97, 75
742, 727, 718, 688, 657, 638, 626, 610, 580, 562, 535, 518, 501, 479, 444, 443, 420, 413, 412, 385, 361, 362, 343, 311, 304, 281, 261, 222, 206, 198, 168, 150, 149, 121, 96, 97, 75, 76
742, 743, 729, 716, 690, 659, 660, 641, 642, 621, 593, 574, 548, 525, 506, 507, 490, 469, 456, 433, 403, 377, 370, 337, 319, 299, 266, 256, 238, 200, 193, 162, 145, 124, 100, 77
742, 743, 729, 716, 690, 659, 660, 641, 642, 621, 593, 574, 548, 525, 506, 507, 490, 469, 456, 433, 403, 377, 370, 337, 319, 299, 266, 256, 238, 200, 193, 162, 145, 144, 125, 101, 78
742, 727, 718, 719, 687, 656, 636, 627, 609, 582, 561, 536, 517, 500, 481, 447, 424, 395, 391, 354, 329, 326, 325, 324, 294, 270, 252, 233, 219, 190, 159, 142, 127, 104, 81, 80, 79
742, 727, 718, 719, 687, 656, 636, 627, 609, 582, 561, 536, 517, 500, 481, 447, 424, 395, 391, 354, 329, 326, 325, 324, 294, 270, 252, 233, 219, 190, 159, 142, 127, 104, 81, 80
742, 727, 718, 719, 687, 656, 636, 627, 609, 582, 561, 536, 517, 500, 481, 447, 424, 395, 391, 354, 329, 326, 325, 324, 294, 270, 252, 233, 219, 190, 159, 142, 127, 104, 81
742, 727, 718, 719, 687, 656, 636, 627, 609, 582, 561, 536, 517, 500, 481, 447, 424, 395, 391, 354, 329, 326, 325, 293, 271, 250, 232, 218, 189, 157, 158, 141, 128, 105, 82
742, 727, 718, 719, 687, 656, 636, 627, 609, 582, 561, 536, 517, 500, 481, 447, 424, 395, 391, 354, 329, 326, 292, 273, 249, 231, 217, 187, 156, 139, 130, 106, 83
742, 727, 718, 688, 657, 638, 626, 610, 580, 562, 535, 518, 501, 479, 444, 421, 415, 389, 357, 348, 306, 290, 275, 247, 229, 215, 216, 185, 177, 138, 110, 107, 84
742, 727, 718, 688, 657, 638, 626, 610, 580, 562, 535, 518, 501, 479, 444, 421, 415, 389, 357, 348, 306, 290, 275, 247, 229, 214, 184, 176, 137, 111, 109, 85
742, 727, 718, 688, 657, 638, 626, 610, 580, 562, 535, 518, 501, 479, 444, 421, 415, 389, 357, 348, 306, 289, 276, 245, 228, 213, 183, 175, 136, 113, 89, 86
742, 727, 718, 688, 657, 638, 626, 610, 580, 562, 535, 518, 501, 479, 444, 421, 415, 389, 388, 358, 347, 307, 288, 277, 244, 227, 212, 182, 173, 135, 114, 90, 87
742, 727, 718, 688, 657, 638, 626, 610, 580, 562, 535, 518, 501, 479, 444, 421, 415, 389, 388, 358, 347, 307, 288, 277, 244, 227, 212, 181, 172, 133, 115, 91, 88
742, 727, 718, 688, 657, 638, 626, 610, 580, 562, 535, 518, 501, 479, 444, 421, 415, 389, 357, 348, 306, 289, 276, 245, 228, 213, 183, 175, 136, 113, 89
742, 727, 718, 688, 657, 638, 626, 610, 580, 562, 535, 518, 501, 479, 444, 421, 415, 389, 388, 358, 347, 307, 288, 277, 244, 227, 212, 182, 173, 135, 114, 90
742, 727, 718, 688, 657, 638, 626, 610, 580, 562, 535, 518, 501, 479, 444, 421, 415, 389, 388, 358, 347, 307, 288, 277, 244, 227, 212, 181, 172, 133, 115, 91
742, 727, 718, 688, 657, 638, 626, 610, 580, 562, 535, 518, 501, 479, 444, 421, 415, 389, 388, 358, 347, 307, 288, 277, 244, 227, 212, 181, 172, 132, 116, 92
742, 727, 718, 688, 657, 638, 626, 610, 580, 562, 535, 518, 501, 479, 444, 421, 415, 389, 388, 358, 347, 307, 288, 277, 243, 264, 226, 210, 179, 171, 170, 154, 117, 93
742, 727, 718, 688, 657, 638, 626, 610, 580, 562, 535, 518, 501, 479, 444, 421, 415, 389, 388, 358, 347, 307, 288, 277, 243, 264, 226, 210, 179, 171, 170, 154, 117, 118, 94
742, 727, 718, 688, 657, 638, 626, 610, 580, 562, 535, 518, 501, 479, 444, 443, 420, 413, 412, 385, 361, 362, 343, 311, 304, 281, 261, 222, 206, 198, 169, 151, 120, 95
742, 727, 718, 688, 657, 638, 626, 610, 580, 562, 535, 518, 501, 479, 444, 443, 420, 413, 412, 385, 361, 362, 343, 311, 304, 281, 261, 222, 206, 198, 168, 150, 149, 121, 96
742, 727, 718, 688, 657, 638, 626, 610, 580, 562, 535, 518, 501, 479, 444, 443, 420, 413, 412, 385, 361, 362, 343, 311, 304, 281, 261, 222, 206, 198, 168, 150, 149, 121, 96, 97
742, 727, 718, 688, 657, 638, 626, 610, 580, 562, 535, 518, 501, 479, 444, 443, 420, 413, 412, 385, 361, 362, 343, 311, 304, 281, 261, 222, 206, 198, 168, 150, 149, 121, 96, 97, 98
742, 727, 718, 688, 657, 638, 626, 610, 580, 562, 535, 518, 501, 479, 444, 443, 420, 413, 412, 385, 361, 362, 343, 311, 304, 281, 261, 222, 206, 198, 168, 150, 149, 121, 96, 97, 98, 99
