924, 935, 961, 971, 1001, 1012, 1045, 1053, 1094, 1098, 1121, 1153, 1171, 1200, 1222, 1226, 1254, 1286, 1311, 1314, 1335, 1353, 1389, 1399, 1425, 1447, 1462, 1492, 1493, 1504, 1529, 1538, 0
924, 935, 961, 971, 1001, 1012, 1045, 1053, 1094, 1098, 1121, 1153, 1171, 1200, 1222, 1226, 1254, 1286, 1311, 1314, 1335, 1353, 1389, 1399, 1425, 1447, 1462, 1492, 1503, 1530, 1537, 2, 1
924, 935, 961, 971, 1001, 1012, 1045, 1053, 1094, 1098, 1121, 1153, 1171, 1200, 1222, 1226, 1254, 1286, 1311, 1314, 1335, 1353, 1389, 1399, 1425, 1447, 1462, 1492, 1503, 1530, 1537, 2
924, 935, 961, 971, 1001, 1012, 1045, 1053, 1094, 1098, 1121, 1153, 1171, 1200, 1222, 1226, 1254, 1286, 1311, 1314, 1335, 1353, 1389, 1399, 1425, 1447, 1462, 1492, 1503, 1530, 1537, 3
924, 935, 961, 971, 1001, 1012, 1045, 1053, 1094, 1098, 1121, 1153, 1171, 1200, 1222, 1226, 1254, 1286, 1311, 1314, 1335, 1353, 1389, 1399, 1425, 1446, 1461, 1490, 1502, 1531, 1536, 4
924, 935, 961, 971, 1001, 1012, 1045, 1053, 1094, 1098, 1121, 1153, 1171, 1200, 1222, 1226, 1254, 1285, 1310, 1313, 1334, 1352, 1388, 1400, 1426, 1444, 1460, 1488, 1501, 1532, 1535, 5
924, 935, 961, 971, 1001, 1012, 1045, 1053, 1094, 1098, 1121, 1154, 1172, 1202, 1224, 1246, 1252, 1282, 1308, 1331, 1332, 1350, 1385, 1403, 1428, 1442, 1457, 1487, 1500, 1533, 1554, 6
924, 935, 961, 971, 1001, 1012, 1045, 1053, 1094, 1098, 1121, 1154, 1172, 1202, 1224, 1246, 1252, 1282, 1308, 1331, 1332, 1350, 1385, 1403, 1428, 1442, 1457, 1486, 1499, 1534, 1553, 7
924, 935, 961, 971, 1001, 1012, 1045, 1053, 1094, 1098, 1121, 1154, 1172, 1202, 1224, 1246, 1252, 1282, 1308, 1331, 1332, 1350, 1385, 1403, 1428, 1442, 1457, 1486, 1499, 1534, 1553, 7, 8
924, 935, 961, 971, 970, 1000, 1031, 1044, 1054, 1093, 1095, 1120, 1155, 1173, 1179, 1203, 1245, 1251, 1281, 1307, 1329, 1349, 1369, 1384, 1404, 1430, 1441, 1456, 1485, 1498, 1514, 1552, 9
924, 935, 961, 971, 970, 1000, 1031, 1044, 1054, 1093, 1095, 1120, 1155, 1173, 1179, 1203, 1245, 1251, 1281, 1307, 1329, 1349, 1369, 1368, 1383, 1405, 1411, 1440, 1454, 1484, 1497, 1515, 1551, 10
924, 935, 961, 971, 970, 1000, 1031, 1044, 1054, 1093, 1095, 1120, 1155, 1173, 1179, 1203, 1245, 1251, 1281, 1307, 1329, 1349, 1369, 1368, 1367, 1382, 1406, 1412, 1439, 1453, 1483, 1496, 1516, 1550, 11
924, 935, 961, 971, 970, 1000, 1031, 1044, 1054, 1093, 1095, 1120, 1155, 1173, 1179, 1203, 1245, 1251, 1281, 1307, 1329, 1328, 1348, 1347, 1346, 1365, 1381, 1407, 1413, 1438, 1452, 1482, 1495, 1518, 1549, 12
924, 925, 936, 937, 938, 957, 975, 1005, 1006, 1018, 1050, 1068, 1082, 1106, 1107, 1131, 1145, 1162, 1189, 1213, 1235, 1262, 1273, 1298, 1322, 1323, 1343, 1344, 1363, 1379, 1409, 1414, 1437, 1472, 1481, 1513, 1519, 1546, 13
924, 925, 936, 937, 938, 957, 975, 1005, 1006, 1018, 1050, 1068, 1082, 1106, 1107, 1131, 1145, 1162, 1189, 1213, 1235, 1262, 1273, 1298, 1322, 1342, 1361, 1376, 1390, 1416, 1434, 1470, 1479, 1512, 1520, 1545, 14
924, 925, 936, 937, 938, 957, 975, 1005, 1006, 1018, 1050, 1068, 1082, 1106, 1107, 1131, 1145, 1162, 1189, 1213, 1235, 1262, 1273, 1298, 1322, 1342, 1361, 1376, 1390, 1417, 1433, 1469, 1477, 1478, 1511, 1522, 1544, 15
924, 925, 936, 937, 938, 957, 975, 1005, 1006, 1018, 1050, 1068, 1082, 1106, 1107, 1131, 1145, 1162, 1189, 1213, 1235, 1262, 1273, 1298, 1322, 1342, 1361, 1376, 1390, 1417, 1433, 1469, 1477, 1510, 1523, 1543, 16
924, 935, 960, 972, 973, 1004, 1015, 1016, 1049, 1070, 1081, 1104, 1127, 1148, 1167, 1194, 1217, 1231, 1259, 1269, 1295, 1318, 1339, 1358, 1374, 1392, 1419, 1432, 1468, 1476, 1509, 1525, 1542, 17
924, 935, 961, 971, 1001, 1012, 1045, 1053, 1094, 1098, 1121, 1153, 1171, 1200, 1222, 1226, 1254, 1286, 1311, 1314, 1335, 1353, 1389, 1399, 1425, 1447, 1462, 1492, 1493, 1505, 1528, 1539, 1540, 20, 19, 18
924, 935, 961, 971, 1001, 1012, 1045, 1053, 1094, 1098, 1121, 1153, 1171, 1200, 1222, 1226, 1254, 1286, 1311, 1314, 1335, 1353, 1389, 1399, 1425, 1447, 1462, 1492, 1493, 1505, 1528, 1539, 1540, 20, 19
924, 935, 961, 971, 1001, 1012, 1045, 1053, 1094, 1098, 1121, 1153, 1171, 1200, 1222, 1226, 1254, 1286, 1311, 1314, 1335, 1353, 1389, 1399, 1425, 1447, 1462, 1492, 1493, 1505, 1528, 1539, 1540, 20
924, 935, 961, 971, 1001, 1012, 1045, 1053, 1094, 1098, 1121, 1153, 1171, 1200, 1222, 1226, 1254, 1286, 1311, 1314, 1335, 1353, 1389, 1399, 1425, 1447, 1462, 1492, 1493, 1505, 1528, 1539, 21
924, 935, 961, 971, 1001, 1012, 1045, 1053, 1094, 1098, 1121, 1153, 1171, 1200, 1222, 1226, 1254, 1285, 1310, 1313, 1334, 1352, 1388, 1400, 1426, 1444, 1460, 1488, 1501, 1532, 1535, 5, 22
924, 935, 961, 971, 1001, 1012, 1045, 1053, 1094, 1098, 1121, 1153, 1171, 1200, 1222, 1226, 1254, 1285, 1310, 1313, 1334, 1352, 1388, 1400, 1426, 1444, 1460, 1488, 1501, 1532, 1535, 5, 23
924, 935, 961, 971, 1001, 1012, 1045, 1053, 1094, 1098, 1121, 1153, 1171, 1200, 1222, 1226, 1254, 1286, 1311, 1314, 1335, 1353, 1389, 1399, 1425, 1446, 1461, 1490, 1502, 1531, 1536, 4, 24
924, 935, 961, 971, 1001, 1012, 1045, 1053, 1094, 1098, 1121, 1153, 1171, 1200, 1222, 1226, 1254, 1286, 1311, 1314, 1335, 1353, 1389, 1399, 1425, 1447, 1462, 1492, 1503, 1530, 1537, 3, 25
924, 935, 961, 971, 1001, 1012, 1045, 1053, 1094, 1098, 1121, 1153, 1171, 1200, 1222, 1226, 1254, 1286, 1311, 1314, 1335, 1353, 1389, 1399, 1425, 1447, 1462, 1492, 1503, 1530, 1537, 2, 26
924, 935, 961, 971, 1001, 1012, 1045, 1053, 1094, 1098, 1121, 1153, 1171, 1200, 1222, 1226, 1254, 1286, 1311, 1314, 1335, 1353, 1389, 1399, 1425, 1447, 1462, 1492, 1493, 1505, 1528, 1539, 21, 27
924, 935, 961, 971, 1001, 1012, 1045, 1053, 1094, 1098, 1121, 1153, 1171, 1200, 1222, 1226, 1254, 1286, 1311, 1314, 1335, 1353, 1389, 1399, 1425, 1447, 1462, 1492, 1493, 1505, 1528, 1539, 21, 28
924, 935, 961, 971, 1001, 1012, 1045, 1053, 1094, 1098, 1121, 1153, 1171, 1200, 1222, 1226, 1254, 1286, 1311, 1314, 1335, 1353, 1389, 1399, 1425, 1447, 1462, 1492, 1493, 1505, 1528, 1539, 21, 28, 29
924, 888, 853, 849, 808, 783, 776, 739, 724, 697, 684, 654, 653, 630, 607, 584, 559, 539, 515, 498, 462, 449, 427, 398, 372, 352, 331, 324, 294, 270, 252, 233, 219, 190, 158, 141, 128, 105, 82, 53, 30
924, 888, 853, 849, 808, 783, 776, 739, 724, 697, 684, 654, 653, 630, 607, 584, 559, 539, 515, 498, 462, 449, 427, 398, 372, 352, 331, 324, 294, 270, 252, 233, 219, 190, 159, 142, 127, 104, 81, 54, 31
924, 888, 853, 849, 808, 783, 776, 739, 724, 697, 684, 654, 653, 630, 607, 584, 559, 539, 515, 498, 462, 449, 427, 398, 372, 352, 331, 324, 294, 270, 252, 233, 219, 190, 159, 142, 127, 104, 81, 54, 55, 32
924, 925, 936, 937, 938, 957, 975, 1005, 1006, 1018, 1050, 1068, 1082, 1106, 1107, 1131, 1145, 1162, 1189, 1213, 1235, 1262, 1273, 1298, 1322, 1342, 1361, 1376, 1390, 1417, 1433, 1469, 1477, 1478, 1511, 1522, 1544, 15, 33
924, 925, 936, 937, 938, 957, 975, 1005, 1006, 1018, 1050, 1068, 1082, 1106, 1107, 1131, 1145, 1162, 1189, 1213, 1235, 1262, 1273, 1298, 1322, 1342, 1361, 1376, 1390, 1417, 1433, 1469, 1477, 1478, 1511, 1522, 1544, 15, 34
924, 925, 936, 937, 938, 957, 975, 1005, 1006, 1018, 1050, 1068, 1082, 1106, 1107, 1131, 1145, 1162, 1189, 1213, 1235, 1262, 1273, 1298, 1322, 1342, 1361, 1376, 1390, 1416, 1434, 1470, 1479, 1512, 1520, 1545, 14, 35
924, 925, 936, 937, 938, 957, 975, 1005, 1006, 1018, 1050, 1068, 1082, 1106, 1107, 1131, 1145, 1162, 1189, 1213, 1235, 1262, 1273, 1298, 1322, 1323, 1343, 1344, 1363, 1379, 1409, 1414, 1437, 1472, 1481, 1513, 1519, 1546, 13, 36
924, 935, 961, 971, 970, 1000, 1031, 1044, 1054, 1093, 1095, 1120, 1155, 1173, 1179, 1203, 1245, 1251, 1281, 1307, 1329, 1328, 1348, 1347, 1346, 1365, 1381, 1407, 1413, 1438, 1452, 1482, 1495, 1518, 1549, 12, 37
924, 935, 961, 971, 970, 1000, 1031, 1044, 1054, 1093, 1095, 1120, 1155, 1173, 1179, 1203, 1245, 1251, 1281, 1307, 1329, 1349, 1369, 1368, 1367, 1382, 1406, 1412, 1439, 1453, 1483, 1496, 1516, 1550, 11, 39, 38
924, 935, 961, 971, 970, 1000, 1031, 1044, 1054, 1093, 1095, 1120, 1155, 1173, 1179, 1203, 1245, 1251, 1281, 1307, 1329, 1349, 1369, 1368, 1367, 1382, 1406, 1412, 1439, 1453, 1483, 1496, 1516, 1550, 11, 39
924, 935, 961, 971, 970, 1000, 1031, 1044, 1054, 1093, 1095, 1120, 1155, 1173, 1179, 1203, 1245, 1251, 1281, 1307, 1329, 1349, 1369, 1368, 1367, 1382, 1406, 1412, 1439, 1453, 1483, 1496, 1516, 1550, 11, 40
924, 935, 961, 971, 970, 1000, 1031, 1044, 1054, 1093, 1095, 1120, 1155, 1173, 1179, 1203, 1245, 1251, 1281, 1307, 1329, 1349, 1369, 1368, 1383, 1405, 1411, 1440, 1454, 1484, 1497, 1515, 1551, 10, 41
924, 935, 961, 971, 970, 1000, 1031, 1044, 1054, 1093, 1095, 1120, 1155, 1173, 1179, 1203, 1245, 1251, 1281, 1307, 1329, 1349, 1369, 1384, 1404, 1430, 1441, 1456, 1485, 1498, 1514, 1552, 9, 43, 42
924, 935, 961, 971, 970, 1000, 1031, 1044, 1054, 1093, 1095, 1120, 1155, 1173, 1179, 1203, 1245, 1251, 1281, 1307, 1329, 1349, 1369, 1384, 1404, 1430, 1441, 1456, 1485, 1498, 1514, 1552, 9, 43
924, 935, 961, 971, 1001, 1012, 1045, 1053, 1094, 1098, 1121, 1154, 1172, 1202, 1224, 1246, 1252, 1282, 1308, 1331, 1332, 1350, 1385, 1403, 1428, 1442, 1457, 1486, 1499, 1534, 1553, 7, 44
924, 935, 961, 971, 1001, 1012, 1045, 1053, 1094, 1098, 1121, 1154, 1172, 1202, 1224, 1246, 1252, 1282, 1308, 1331, 1332, 1350, 1385, 1403, 1428, 1442, 1457, 1487, 1500, 1533, 1554, 6, 45
924, 935, 961, 971, 1001, 1012, 1045, 1053, 1094, 1098, 1121, 1153, 1171, 1200, 1222, 1226, 1254, 1286, 1311, 1314, 1335, 1353, 1389, 1399, 1425, 1446, 1461, 1490, 1502, 1531, 1536, 4, 24, 46
924, 935, 961, 971, 1001, 1012, 1045, 1053, 1094, 1098, 1121, 1153, 1171, 1200, 1222, 1226, 1254, 1286, 1311, 1314, 1335, 1353, 1389, 1399, 1425, 1446, 1461, 1490, 1502, 1531, 1536, 4, 24, 47
924, 935, 961, 971, 1001, 1012, 1045, 1053, 1094, 1098, 1121, 1153, 1171, 1200, 1222, 1226, 1254, 1286, 1311, 1314, 1335, 1353, 1389, 1399, 1425, 1447, 1462, 1492, 1503, 1530, 1537, 3, 25, 48
924, 935, 961, 971, 1001, 1012, 1045, 1053, 1094, 1098, 1121, 1153, 1171, 1200, 1222, 1226, 1254, 1286, 1311, 1314, 1335, 1353, 1389, 1399, 1425, 1447, 1462, 1492, 1503, 1530, 1537, 2, 26, 49
924, 935, 961, 971, 1001, 1012, 1045, 1053, 1094, 1098, 1121, 1153, 1171, 1200, 1222, 1226, 1254, 1286, 1311, 1314, 1335, 1353, 1389, 1399, 1425, 1447, 1462, 1492, 1503, 1530, 1537, 2, 26, 50
924, 935, 961, 971, 1001, 1012, 1045, 1053, 1094, 1098, 1121, 1153, 1171, 1200, 1222, 1226, 1254, 1286, 1311, 1314, 1335, 1353, 1389, 1399, 1425, 1447, 1462, 1492, 1493, 1505, 1528, 1539, 21, 27, 51
924, 935, 961, 971, 1001, 1012, 1045, 1053, 1094, 1098, 1121, 1153, 1171, 1200, 1222, 1226, 1254, 1286, 1311, 1314, 1335, 1353, 1389, 1399, 1425, 1447, 1462, 1492, 1493, 1505, 1528, 1539, 21, 28, 29, 52
924, 888, 853, 849, 808, 783, 776, 739, 724, 697, 684, 654, 653, 630, 607, 584, 559, 539, 515, 498, 462, 449, 427, 398, 372, 352, 331, 324, 294, 270, 252, 233, 219, 190, 158, 141, 128, 105, 82, 53
924, 888, 853, 849, 808, 783, 776, 739, 724, 697, 684, 654, 653, 630, 607, 584, 559, 539, 515, 498, 462, 449, 427, 398, 372, 352, 331, 324, 294, 270, 252, 233, 219, 190, 159, 142, 127, 104, 81, 54
924, 888, 853, 849, 808, 783, 776, 739, 724, 697, 684, 654, 653, 630, 607, 584, 559, 539, 515, 498, 462, 449, 427, 398, 372, 352, 331, 324, 294, 270, 252, 233, 219, 190, 159, 142, 127, 104, 81, 54, 55
924, 888, 853, 849, 808, 783, 776, 739, 724, 697, 684, 654, 653, 630, 607, 584, 559, 539, 515, 498, 462, 449, 427, 398, 399, 373, 374, 350, 349, 335, 322, 296, 268, 254, 236, 221, 192, 161, 144, 125, 101, 78, 56
924, 925, 936, 937, 938, 957, 975, 1005, 1006, 1018, 1050, 1068, 1082, 1106, 1107, 1131, 1145, 1162, 1189, 1213, 1235, 1262, 1273, 1298, 1322, 1342, 1361, 1376, 1390, 1416, 1434, 1470, 1479, 1512, 1520, 1545, 14, 35, 57
924, 925, 936, 937, 938, 957, 975, 1005, 1006, 1018, 1050, 1068, 1082, 1106, 1107, 1131, 1145, 1162, 1189, 1213, 1235, 1262, 1273, 1298, 1322, 1323, 1343, 1344, 1363, 1379, 1409, 1414, 1437, 1472, 1481, 1513, 1519, 1546, 13, 36, 58
924, 935, 961, 971, 970, 1000, 1031, 1044, 1054, 1093, 1095, 1120, 1155, 1173, 1179, 1203, 1245, 1251, 1281, 1307, 1329, 1328, 1348, 1347, 1346, 1365, 1381, 1407, 1413, 1438, 1452, 1482, 1495, 1518, 1549, 12, 37, 59
924, 935, 961, 971, 970, 1000, 1031, 1044, 1054, 1093, 1095, 1120, 1155, 1173, 1179, 1203, 1245, 1251, 1281, 1307, 1329, 1349, 1369, 1368, 1367, 1382, 1406, 1412, 1439, 1453, 1483, 1496, 1516, 1550, 11, 40, 61, 60
924, 935, 961, 971, 970, 1000, 1031, 1044, 1054, 1093, 1095, 1120, 1155, 1173, 1179, 1203, 1245, 1251, 1281, 1307, 1329, 1349, 1369, 1368, 1367, 1382, 1406, 1412, 1439, 1453, 1483, 1496, 1516, 1550, 11, 40, 61
924, 935, 961, 971, 970, 1000, 1031, 1044, 1054, 1093, 1095, 1120, 1155, 1173, 1179, 1203, 1245, 1251, 1281, 1307, 1329, 1349, 1369, 1368, 1383, 1405, 1411, 1440, 1454, 1484, 1497, 1515, 1551, 10, 41, 62
924, 935, 961, 971, 970, 1000, 1031, 1044, 1054, 1093, 1095, 1120, 1155, 1173, 1179, 1203, 1245, 1251, 1281, 1307, 1329, 1349, 1369, 1384, 1404, 1430, 1441, 1456, 1485, 1498, 1514, 1552, 9, 43, 64, 63
924, 935, 961, 971, 970, 1000, 1031, 1044, 1054, 1093, 1095, 1120, 1155, 1173, 1179, 1203, 1245, 1251, 1281, 1307, 1329, 1349, 1369, 1384, 1404, 1430, 1441, 1456, 1485, 1498, 1514, 1552, 9, 43, 64
924, 935, 961, 971, 1001, 1012, 1045, 1053, 1094, 1098, 1121, 1154, 1172, 1202, 1224, 1246, 1252, 1282, 1308, 1331, 1332, 1350, 1385, 1403, 1428, 1442, 1457, 1486, 1499, 1534, 1553, 7, 44, 65
924, 935, 961, 971, 1001, 1012, 1045, 1053, 1094, 1098, 1121, 1154, 1172, 1202, 1224, 1246, 1252, 1282, 1308, 1331, 1332, 1350, 1385, 1403, 1428, 1442, 1457, 1486, 1499, 1534, 1553, 7, 44, 66
924, 935, 961, 971, 1001, 1012, 1045, 1053, 1094, 1098, 1121, 1153, 1171, 1200, 1222, 1226, 1254, 1285, 1310, 1313, 1334, 1352, 1388, 1400, 1426, 1444, 1460, 1488, 1501, 1532, 1535, 5, 23, 67
924, 935, 961, 971, 1001, 1012, 1045, 1053, 1094, 1098, 1121, 1154, 1172, 1202, 1224, 1246, 1252, 1282, 1308, 1331, 1332, 1350, 1385, 1403, 1428, 1442, 1457, 1486, 1499, 1534, 1553, 7, 44, 66, 68
924, 935, 961, 971, 1001, 1012, 1045, 1053, 1094, 1098, 1121, 1154, 1172, 1202, 1224, 1246, 1252, 1282, 1308, 1331, 1332, 1350, 1385, 1403, 1428, 1442, 1457, 1486, 1499, 1534, 1553, 7, 44, 66, 69
924, 935, 961, 971, 1001, 1012, 1045, 1053, 1094, 1098, 1121, 1154, 1172, 1202, 1224, 1246, 1252, 1282, 1308, 1331, 1332, 1350, 1385, 1403, 1428, 1442, 1457, 1486, 1499, 1534, 1553, 7, 44, 65, 70
924, 935, 961, 971, 1001, 1012, 1045, 1053, 1094, 1098, 1121, 1154, 1172, 1202, 1224, 1246, 1252, 1282, 1308, 1331, 1332, 1350, 1385, 1403, 1428, 1442, 1457, 1486, 1499, 1534, 1553, 7, 44, 65, 71
924, 935, 961, 971, 970, 1000, 1031, 1044, 1054, 1093, 1095, 1120, 1155, 1173, 1179, 1203, 1245, 1251, 1281, 1307, 1329, 1349, 1369, 1384, 1404, 1430, 1441, 1456, 1485, 1498, 1514, 1552, 9, 43, 64, 72
924, 935, 961, 971, 970, 1000, 1031, 1044, 1054, 1093, 1095, 1120, 1155, 1173, 1179, 1203, 1245, 1251, 1281, 1307, 1329, 1349, 1369, 1368, 1383, 1405, 1411, 1440, 1454, 1484, 1497, 1515, 1551, 10, 41, 62, 73
924, 935, 961, 971, 970, 1000, 1031, 1044, 1054, 1093, 1095, 1120, 1155, 1173, 1179, 1203, 1245, 1251, 1281, 1307, 1329, 1349, 1369, 1368, 1367, 1382, 1406, 1412, 1439, 1453, 1483, 1496, 1516, 1550, 11, 40, 61, 74
924, 935, 961, 971, 970, 1000, 1031, 1044, 1054, 1093, 1095, 1120, 1155, 1173, 1179, 1203, 1245, 1251, 1281, 1307, 1329, 1328, 1348, 1347, 1346, 1365, 1381, 1407, 1413, 1438, 1452, 1482, 1495, 1518, 1549, 12, 37, 59, 75
924, 925, 936, 937, 938, 957, 975, 1005, 1006, 1018, 1050, 1068, 1082, 1106, 1107, 1131, 1145, 1162, 1189, 1213, 1235, 1262, 1273, 1298, 1322, 1342, 1361, 1376, 1390, 1416, 1434, 1470, 1479, 1512, 1520, 1545, 14, 35, 57, 76
924, 888, 853, 849, 808, 783, 776, 739, 724, 697, 684, 654, 653, 630, 607, 584, 559, 539, 515, 498, 497, 463, 464, 451, 429, 430, 401, 375, 371, 336, 320, 298, 267, 255, 237, 199, 193, 162, 145, 124, 100, 77
924, 888, 853, 849, 808, 783, 776, 739, 724, 697, 684, 654, 653, 630, 607, 584, 559, 539, 515, 498, 462, 449, 427, 398, 399, 373, 374, 350, 349, 335, 322, 296, 268, 254, 236, 221, 192, 161, 144, 125, 101, 78
924, 888, 853, 849, 808, 783, 776, 739, 724, 697, 684, 654, 653, 630, 607, 584, 559, 539, 515, 498, 462, 449, 427, 398, 372, 352, 331, 332, 323, 295, 269, 253, 235, 220, 191, 160, 143, 126, 102, 79
924, 888, 853, 849, 808, 783, 776, 739, 724, 697, 684, 654, 653, 630, 607, 584, 559, 539, 515, 498, 462, 449, 427, 398, 372, 352, 331, 332, 323, 295, 269, 253, 235, 220, 191, 160, 143, 126, 103, 80
924, 888, 853, 849, 808, 783, 776, 739, 724, 697, 684, 654, 653, 630, 607, 584, 559, 539, 515, 498, 462, 449, 427, 398, 372, 352, 331, 324, 294, 270, 252, 233, 219, 190, 159, 142, 127, 104, 81
924, 888, 853, 849, 808, 783, 776, 739, 724, 697, 684, 654, 653, 630, 607, 584, 559, 539, 515, 498, 462, 449, 427, 398, 372, 352, 331, 324, 294, 270, 252, 233, 219, 190, 158, 141, 128, 105, 82
924, 935, 961, 971, 1001, 1012, 1045, 1053, 1094, 1098, 1121, 1153, 1171, 1200, 1222, 1226, 1254, 1286, 1311, 1314, 1335, 1353, 1389, 1399, 1425, 1447, 1462, 1492, 1493, 1505, 1528, 1539, 21, 28, 29, 52, 83
924, 935, 961, 971, 1001, 1012, 1045, 1053, 1094, 1098, 1121, 1153, 1171, 1200, 1222, 1226, 1254, 1286, 1311, 1314, 1335, 1353, 1389, 1399, 1425, 1447, 1462, 1492, 1503, 1530, 1537, 2, 26, 50, 84
924, 935, 961, 971, 1001, 1012, 1045, 1053, 1094, 1098, 1121, 1153, 1171, 1200, 1222, 1226, 1254, 1286, 1311, 1314, 1335, 1353, 1389, 1399, 1425, 1447, 1462, 1492, 1503, 1530, 1537, 2, 26, 49, 85
924, 935, 961, 971, 1001, 1012, 1045, 1053, 1094, 1098, 1121, 1153, 1171, 1200, 1222, 1226, 1254, 1286, 1311, 1314, 1335, 1353, 1389, 1399, 1425, 1447, 1462, 1492, 1503, 1530, 1537, 3, 25, 48, 86
924, 935, 961, 971, 1001, 1012, 1045, 1053, 1094, 1098, 1121, 1153, 1171, 1200, 1222, 1226, 1254, 1286, 1311, 1314, 1335, 1353, 1389, 1399, 1425, 1446, 1461, 1490, 1502, 1531, 1536, 4, 24, 47, 87
924, 935, 961, 971, 1001, 1012, 1045, 1053, 1094, 1098, 1121, 1153, 1171, 1200, 1222, 1226, 1254, 1285, 1310, 1313, 1334, 1352, 1388, 1400, 1426, 1444, 1460, 1488, 1501, 1532, 1535, 5, 23, 67, 88
924, 935, 961, 971, 1001, 1012, 1045, 1053, 1094, 1098, 1121, 1153, 1171, 1200, 1222, 1226, 1254, 1286, 1311, 1314, 1335, 1353, 1389, 1399, 1425, 1447, 1462, 1492, 1503, 1530, 1537, 3, 25, 48, 86, 89
924, 935, 961, 971, 1001, 1012, 1045, 1053, 1094, 1098, 1121, 1153, 1171, 1200, 1222, 1226, 1254, 1286, 1311, 1314, 1335, 1353, 1389, 1399, 1425, 1446, 1461, 1490, 1502, 1531, 1536, 4, 24, 47, 87, 90
924, 888, 853, 849, 808, 783, 775, 740, 725, 695, 686, 655, 635, 628, 608, 583, 560, 536, 517, 500, 481, 480, 445, 422, 415, 389, 388, 358, 347, 307, 288, 277, 244, 227, 212, 181, 172, 133, 115, 91
924, 888, 853, 849, 808, 783, 775, 740, 725, 695, 686, 655, 635, 628, 608, 583, 560, 536, 517, 500, 481, 480, 445, 422, 415, 389, 388, 358, 347, 307, 288, 277, 244, 227, 212, 181, 172, 132, 116, 92
924, 935, 961, 971, 1001, 1012, 1045, 1053, 1094, 1098, 1121, 1154, 1172, 1202, 1224, 1246, 1252, 1282, 1308, 1331, 1332, 1350, 1385, 1403, 1428, 1442, 1457, 1486, 1499, 1534, 1553, 7, 44, 65, 71, 93
924, 935, 961, 971, 970, 1000, 1031, 1044, 1054, 1093, 1095, 1120, 1155, 1173, 1179, 1203, 1245, 1251, 1281, 1307, 1329, 1349, 1369, 1384, 1404, 1430, 1441, 1456, 1485, 1498, 1514, 1552, 9, 43, 64, 72, 94
924, 935, 961, 971, 970, 1000, 1031, 1044, 1054, 1093, 1095, 1120, 1155, 1173, 1179, 1203, 1245, 1251, 1281, 1307, 1329, 1349, 1369, 1368, 1383, 1405, 1411, 1440, 1454, 1484, 1497, 1515, 1551, 10, 41, 62, 73, 95
924, 935, 961, 971, 970, 1000, 1031, 1044, 1054, 1093, 1095, 1120, 1155, 1173, 1179, 1203, 1245, 1251, 1281, 1307, 1329, 1349, 1369, 1368, 1367, 1382, 1406, 1412, 1439, 1453, 1483, 1496, 1516, 1550, 11, 40, 61, 74, 96
924, 935, 961, 971, 970, 1000, 1031, 1044, 1054, 1093, 1095, 1120, 1155, 1173, 1179, 1203, 1245, 1251, 1281, 1307, 1329, 1349, 1369, 1368, 1367, 1382, 1406, 1412, 1439, 1453, 1483, 1496, 1516, 1550, 11, 40, 61, 74, 96, 97
924, 935, 961, 971, 970, 1000, 1031, 1044, 1054, 1093, 1095, 1120, 1155, 1173, 1179, 1203, 1245, 1251, 1281, 1307, 1329, 1328, 1348, 1347, 1346, 1365, 1381, 1407, 1413, 1438, 1452, 1482, 1495, 1518, 1549, 12, 37, 59, 75, 98
924, 925, 936, 937, 938, 957, 975, 1005, 1006, 1018, 1050, 1068, 1082, 1106, 1107, 1131, 1145, 1162, 1189, 1213, 1235, 1262, 1273, 1298, 1322, 1342, 1361, 1376, 1390, 1416, 1434, 1470, 1479, 1512, 1520, 1545, 14, 35, 57, 76, 99
