277, 278, 246, 231, 200, 192, 154, 135, 111, 92, 72, 47, 25, 0
277, 278, 279, 247, 232, 202, 193, 153, 134, 110, 93, 71, 49, 24, 1
277, 278, 279, 247, 232, 202, 193, 153, 134, 110, 93, 71, 49, 24, 1, 2
277, 278, 279, 247, 232, 202, 193, 153, 134, 110, 93, 71, 49, 24, 23, 22, 21, 3
277, 278, 279, 247, 232, 202, 193, 153, 134, 110, 93, 71, 70, 50, 51, 20, 41, 4
277, 278, 279, 247, 232, 202, 193, 153, 134, 110, 93, 71, 70, 50, 51, 52, 53, 54, 40, 5
277, 278, 279, 247, 232, 202, 193, 153, 134, 110, 93, 71, 70, 50, 51, 52, 53, 54, 40, 6
277, 278, 279, 247, 232, 202, 193, 153, 134, 110, 93, 71, 70, 50, 51, 52, 53, 54, 55, 38, 7
277, 276, 275, 274, 273, 272, 271, 258, 220, 213, 182, 166, 145, 121, 122, 100, 83, 84, 56, 37, 8
277, 276, 275, 274, 273, 272, 271, 258, 220, 213, 182, 166, 145, 121, 122, 100, 83, 57, 36, 9
