692, 693, 670, 648, 610, 611, 605, 578, 579, 558, 536, 537, 521, 500, 477, 438, 435, 409, 408, 378, 352, 347, 308, 297, 279, 247, 232, 201, 192, 154, 135, 111, 92, 72, 47, 25, 0
692, 669, 647, 632, 607, 576, 562, 533, 534, 518, 482, 481, 443, 417, 412, 373, 356, 330, 313, 292, 263, 251, 237, 207, 206, 197, 173, 130, 128, 95, 69, 51, 22, 2, 1
692, 669, 647, 632, 607, 576, 562, 533, 534, 518, 482, 481, 443, 417, 412, 373, 356, 330, 313, 292, 263, 251, 237, 207, 206, 197, 173, 130, 128, 95, 69, 51, 22, 2
692, 669, 647, 632, 607, 576, 562, 533, 534, 518, 482, 481, 443, 417, 412, 373, 356, 330, 313, 292, 263, 251, 237, 207, 176, 172, 150, 126, 97, 66, 53, 41, 20, 3
692, 669, 647, 632, 607, 576, 562, 533, 534, 518, 482, 481, 443, 417, 412, 373, 356, 330, 313, 292, 263, 251, 237, 207, 176, 172, 150, 126, 97, 66, 53, 41, 4
692, 669, 647, 632, 607, 576, 562, 533, 534, 518, 482, 481, 443, 417, 412, 373, 356, 330, 313, 292, 263, 251, 237, 207, 176, 172, 150, 126, 97, 87, 54, 40, 5
692, 669, 647, 632, 607, 576, 562, 533, 534, 518, 482, 481, 443, 417, 412, 373, 356, 330, 313, 292, 263, 251, 237, 207, 176, 172, 150, 126, 97, 87, 54, 40, 6
692, 669, 647, 632, 607, 575, 563, 532, 514, 485, 462, 445, 420, 394, 370, 359, 332, 315, 289, 290, 266, 253, 239, 210, 178, 170, 148, 125, 98, 85, 55, 38, 7
692, 669, 647, 632, 607, 575, 563, 532, 514, 485, 462, 445, 420, 394, 370, 359, 332, 315, 289, 267, 255, 240, 211, 180, 168, 146, 123, 100, 83, 84, 56, 37, 8
692, 669, 647, 632, 607, 575, 563, 532, 514, 485, 462, 445, 420, 394, 370, 359, 332, 315, 289, 267, 255, 240, 211, 180, 168, 146, 123, 100, 83, 57, 36, 9
