793, 800, 825, 867, 875, 905, 939, 951, 973, 990, 1023, 1051, 1064, 1071, 1114, 1118, 1142, 1172, 1191, 1222, 1242, 1246, 1274, 1304, 1330, 1333, 1354, 1372, 1408, 1419, 1446, 1465, 1479, 1508, 1521, 1552, 0
793, 761, 746, 739, 707, 676, 656, 654, 615, 602, 581, 556, 537, 521, 500, 477, 438, 435, 409, 377, 353, 326, 309, 296, 280, 248, 233, 203, 195, 175, 151, 134, 110, 93, 71, 49, 24, 1
793, 761, 746, 739, 707, 676, 656, 654, 615, 602, 581, 556, 537, 521, 500, 477, 438, 435, 409, 377, 353, 326, 309, 296, 280, 248, 233, 203, 195, 175, 133, 109, 94, 70, 50, 23, 2
793, 761, 746, 739, 707, 676, 656, 654, 615, 602, 581, 556, 537, 521, 501, 478, 439, 414, 410, 375, 354, 328, 311, 294, 283, 250, 236, 205, 197, 173, 130, 128, 95, 69, 51, 20, 3
793, 761, 746, 739, 707, 676, 656, 654, 615, 602, 581, 556, 537, 521, 501, 478, 439, 414, 410, 375, 354, 328, 311, 294, 283, 250, 236, 205, 197, 173, 130, 127, 96, 67, 52, 41, 4
793, 761, 746, 739, 707, 676, 656, 654, 615, 602, 581, 556, 537, 521, 501, 479, 440, 415, 411, 374, 355, 329, 312, 293, 284, 251, 237, 207, 176, 172, 150, 126, 97, 87, 54, 40, 5
793, 761, 746, 739, 707, 676, 656, 654, 615, 602, 581, 556, 537, 521, 501, 479, 440, 415, 411, 374, 355, 329, 312, 293, 284, 251, 237, 207, 176, 172, 150, 126, 97, 87, 54, 40, 6
793, 761, 746, 739, 707, 676, 656, 654, 615, 602, 581, 556, 537, 521, 501, 479, 440, 415, 411, 374, 355, 329, 312, 293, 284, 251, 237, 208, 209, 177, 171, 149, 125, 98, 85, 55, 38, 7
793, 761, 746, 739, 707, 676, 656, 654, 615, 602, 581, 556, 537, 521, 501, 479, 440, 415, 411, 374, 355, 329, 312, 293, 284, 251, 237, 208, 209, 210, 179, 169, 147, 124, 99, 84, 56, 37, 8
793, 761, 746, 745, 715, 706, 705, 674, 673, 651, 613, 604, 579, 559, 535, 519, 482, 481, 443, 418, 392, 393, 371, 359, 332, 315, 289, 267, 255, 240, 211, 180, 168, 146, 123, 100, 83, 57, 36, 9
