164, 163, 162, 152, 151, 150, 149, 127, 128, 105, 106, 83, 84, 53, 26, 0
164, 163, 162, 152, 151, 150, 149, 127, 128, 105, 106, 83, 84, 53, 26, 1
164, 163, 162, 152, 151, 150, 149, 127, 128, 105, 106, 83, 84, 53, 26, 2
164, 163, 162, 152, 151, 150, 149, 127, 128, 105, 106, 83, 84, 53, 26, 2, 3
164, 163, 162, 152, 151, 150, 149, 127, 128, 105, 106, 83, 84, 53, 26, 2, 3, 4
164, 165, 166, 167, 168, 169, 170, 137, 117, 93, 70, 47, 44, 7, 6, 5
164, 165, 166, 167, 168, 169, 170, 137, 117, 93, 70, 47, 44, 7, 6
164, 165, 166, 167, 168, 169, 170, 137, 117, 93, 70, 47, 44, 7
164, 165, 166, 133, 134, 120, 95, 73, 66, 41, 10, 9, 8
164, 165, 166, 133, 134, 120, 95, 73, 66, 41, 10, 9
