1341, 1360, 1359, 1358, 1357, 1372, 1394, 1395, 1423, 1449, 1463, 1493, 1504, 1529, 1538, 0
1341, 1360, 1359, 1358, 1357, 1372, 1394, 1395, 1423, 1449, 1463, 1493, 1504, 1529, 1538, 1
1341, 1360, 1359, 1358, 1357, 1372, 1394, 1395, 1423, 1449, 1463, 1493, 1504, 1529, 1538, 1, 2
1341, 1360, 1359, 1358, 1357, 1372, 1394, 1395, 1423, 1449, 1463, 1493, 1504, 1529, 1538, 1, 2, 3
1341, 1360, 1359, 1358, 1357, 1372, 1394, 1395, 1423, 1449, 1463, 1493, 1504, 1529, 1538, 1, 2, 3, 4
1341, 1360, 1359, 1358, 1357, 1372, 1394, 1395, 1423, 1449, 1463, 1493, 1504, 1529, 1538, 1, 2, 3, 4, 5
1341, 1342, 1343, 1344, 1363, 1379, 1409, 1414, 1413, 1438, 1439, 1440, 1456, 1485, 1486, 1499, 1534, 1553, 1554, 6
1341, 1342, 1343, 1344, 1363, 1379, 1409, 1414, 1413, 1438, 1439, 1440, 1456, 1485, 1498, 1514, 1552, 8, 7
1341, 1342, 1343, 1344, 1363, 1379, 1409, 1414, 1413, 1438, 1439, 1440, 1456, 1485, 1498, 1514, 1552, 8
1341, 1342, 1343, 1344, 1363, 1379, 1409, 1414, 1413, 1438, 1439, 1440, 1456, 1485, 1498, 1514, 1552, 9
