299, 298, 297, 268, 256, 235, 234, 204, 190, 158, 148, 128, 105, 106, 83, 84, 53, 26, 0
299, 298, 297, 268, 256, 235, 234, 204, 190, 158, 148, 128, 105, 106, 83, 84, 53, 26, 1
299, 298, 297, 268, 256, 235, 234, 204, 190, 158, 148, 128, 105, 106, 83, 84, 53, 26, 2
299, 298, 297, 268, 256, 235, 234, 204, 190, 158, 148, 128, 105, 106, 83, 84, 53, 26, 2, 3
299, 298, 297, 268, 256, 235, 234, 204, 190, 158, 148, 128, 105, 106, 83, 84, 53, 26, 2, 3, 4
299, 298, 297, 268, 256, 235, 234, 204, 190, 158, 148, 128, 105, 106, 83, 84, 53, 26, 2, 3, 4, 5
299, 266, 260, 261, 262, 263, 242, 222, 223, 216, 178, 170, 137, 117, 93, 70, 47, 44, 7, 6
299, 266, 260, 261, 262, 263, 242, 222, 223, 216, 178, 170, 137, 117, 93, 70, 47, 44, 7
299, 266, 260, 261, 240, 241, 219, 196, 197, 167, 134, 120, 95, 73, 66, 41, 10, 9, 8
299, 266, 260, 261, 240, 241, 219, 196, 197, 167, 134, 120, 95, 73, 66, 41, 10, 9
